# An Atlas of Galaxy Spectral Energy Distributions from the Ultraviolet to the Mid-Infrared
# Brown et al. (2014)
# http://dx.doi.org/10.5072/03/529D3551F0117
# 
# Column 1 : Restframe Wavelength (Angstrom)
# Column 2 : Flux per unit wavelength (ergs/s/cm^2/Angstrom)
# Column 3 : Observed wavelength (Angstrom)
# Column 4 : Source (0 = model, 1 = Optical Spectrum, 2 = Akari, 3 = Spitzer IRS)
# 
   100.09 3.8072e-26    102.80 0 
   101.95 5.8830e-26    104.71 0 
   104.09 8.2338e-26    106.91 0 
   106.02 1.1738e-25    108.89 0 
   107.99 1.6967e-25    110.92 0 
   110.00 2.8158e-25    112.98 0 
   114.13 5.1357e-25    117.22 0 
   117.87 8.7217e-25    121.06 0 
   120.89 3.6949e-24    124.17 0 
   125.14 5.7890e-24    128.53 0 
   126.88 7.0081e-24    130.32 0 
   128.05 7.8271e-24    131.52 0 
   131.04 1.0224e-23    134.59 0 
   131.95 1.2607e-23    135.52 0 
   134.09 1.4812e-23    137.72 0 
   136.90 2.1558e-23    140.60 0 
   140.09 2.7265e-23    143.88 0 
   143.02 7.7732e-23    146.89 0 
   147.03 2.1311e-22    151.01 0 
   151.15 2.7454e-22    155.24 0 
   155.02 3.5449e-22    159.22 0 
   159.00 4.5772e-22    163.31 0 
   161.96 5.4651e-22    166.34 0 
   166.11 6.9599e-22    170.61 0 
   169.98 8.6219e-22    174.58 0 
   173.14 1.0130e-21    177.83 0 
   177.17 1.2377e-21    181.97 0 
   180.05 1.4276e-21    184.93 0 
   182.14 1.5725e-21    187.07 0 
   185.95 1.8863e-21    190.99 0 
   191.16 2.3475e-21    196.34 0 
   193.82 2.6829e-21    199.07 0 
   197.88 3.1521e-21    203.24 0 
   202.02 3.7034e-21    207.49 0 
   204.83 4.1649e-21    210.38 0 
   210.09 4.7929e-21    215.77 0 
   215.97 6.1745e-21    221.82 0 
   219.99 7.1056e-21    225.94 0 
   223.05 7.7732e-21    229.09 0 
   227.19 8.9043e-21    233.35 0 
   229.82 1.4441e-20    236.05 0 
   234.10 2.4638e-20    240.44 0 
   240.10 3.4802e-20    246.60 0 
   246.26 3.6949e-20    252.93 0 
   252.00 4.4015e-20    258.82 0 
   257.27 4.0328e-20    264.24 0 
   260.25 4.9386e-20    267.30 0 
   263.87 5.5539e-20    271.02 0 
   268.78 6.0340e-20    276.06 0 
   273.78 6.4953e-20    281.19 0 
   278.87 6.9759e-20    286.42 0 
   284.05 7.5440e-20    291.74 0 
   290.00 7.8271e-20    297.85 0 
   296.07 8.6021e-20    304.09 0 
   300.88 8.9454e-20    309.03 0 
   307.89 9.9221e-20    316.23 0 
   317.98 1.1392e-19    326.59 0 
   327.64 1.2665e-19    336.51 0 
   338.37 1.3887e-19    347.54 0 
   347.85 1.5052e-19    357.27 0 
   356.78 1.6353e-19    366.44 0 
   365.93 1.7890e-19    375.84 0 
   375.31 1.9037e-19    385.48 0 
   384.94 1.9661e-19    395.37 0 
   394.82 2.1858e-19    405.51 0 
   404.94 2.3638e-19    415.91 0 
   414.38 2.4866e-19    425.60 0 
   422.08 2.5680e-19    433.51 0 
   429.93 2.6706e-19    441.57 0 
   440.96 2.8682e-19    452.90 0 
   451.23 3.0102e-19    463.45 0 
   459.62 3.1089e-19    472.06 0 
   470.32 3.2855e-19    483.06 0 
   480.17 3.5124e-19    493.17 0 
   490.23 3.6526e-19    503.50 0 
   500.49 3.9683e-19    514.04 0 
   506.29 5.8157e-19    520.00 0 
   512.15 2.0446e-18    526.02 0 
   520.47 2.2213e-18    534.56 0 
   530.15 2.4525e-18    544.50 0 
   540.00 2.4356e-18    554.63 0 
   550.04 3.8159e-18    564.94 0 
   560.27 4.8151e-18    575.44 0 
   569.37 5.7227e-18    584.79 0 
   579.96 5.6053e-18    595.66 0 
   589.38 7.3893e-18    605.34 0 
   600.34 7.9543e-18    616.59 0 
   610.09 9.9908e-18    626.61 0 
   620.01 1.1792e-17    636.80 0 
   630.08 1.3292e-17    647.14 0 
   640.32 1.3759e-17    657.66 0 
   650.72 1.6391e-17    668.34 0 
   658.26 1.8014e-17    676.08 0 
   664.35 1.9436e-17    682.34 0 
   675.14 2.0073e-17    693.43 0 
   684.53 2.0352e-17    703.07 0 
   695.66 2.7454e-17    714.50 0 
   705.34 2.6583e-17    724.44 0 
   716.80 3.3159e-17    736.21 0 
   726.77 3.5286e-17    746.45 0 
   735.18 3.7377e-17    755.09 0 
   745.41 4.3511e-17    765.60 0 
   755.78 4.7490e-17    776.25 0 
   764.53 5.1476e-17    785.24 0 
   775.17 5.7227e-17    796.16 0 
   784.14 6.3038e-17    805.38 0 
   795.05 6.6773e-17    816.58 0 
   804.26 7.0893e-17    826.04 0 
   815.45 7.4405e-17    837.53 0 
   824.89 8.3292e-17    847.23 0 
   834.44 6.8802e-17    857.04 0 
   844.10 9.0075e-17    866.96 0 
   855.85 9.4103e-17    879.02 0 
   865.76 1.0294e-16    889.20 0 
   875.78 1.1210e-16    899.50 0 
   885.92 1.2405e-16    909.91 0 
   894.12 1.3262e-16    918.33 0 
   904.47 1.3415e-16    928.97 0 
   914.95 2.1164e-16    939.72 0 
   925.54 1.5798e-15    950.60 0 
   934.11 3.4722e-15    959.40 0 
   944.92 6.3621e-15    970.51 0 
   955.86 8.4450e-15    981.75 0 
   964.71 9.3886e-15    990.83 0 
   975.88 1.5367e-15   1002.31 0 
   984.91 7.3893e-15   1011.58 0 
   994.02 7.9360e-15   1020.94 0 
  1005.53 1.1577e-14   1032.76 0 
  1014.84 1.1577e-14   1042.32 0 
  1024.23 5.8966e-15   1051.96 0 
  1036.09 8.8227e-15   1064.14 0 
  1045.67 1.5403e-14   1073.99 0 
  1055.35 1.4744e-14   1083.93 0 
  1065.11 1.1792e-14   1093.96 0 
  1074.97 1.3983e-14   1104.08 0 
  1084.91 1.1497e-14   1114.29 0 
  1094.95 1.4983e-14   1124.61 0 
  1105.09 1.4015e-14   1135.01 0 
  1115.31 1.3602e-14   1145.51 0 
  1125.63 1.1738e-14   1156.11 0 
  1136.05 1.5227e-14   1166.81 0 
  1143.92 1.4048e-14   1174.90 0 
  1154.50 1.4744e-14   1185.77 0 
  1165.19 1.4983e-14   1196.74 0 
  1175.97 9.4973e-15   1207.81 0 
  1184.12 1.4812e-14   1216.19 0 
  1195.08 1.2012e-14   1227.44 0 
  1206.13 8.6021e-15   1238.80 0 
  1214.49 6.6161e-15   1247.38 0 
  1225.73 1.1956e-14   1258.93 0 
  1234.23 1.5762e-14   1267.65 0 
  1245.65 1.6504e-14   1279.38 0 
  1254.28 1.5871e-14   1288.25 0 
  1265.89 1.4983e-14   1300.17 0 
  1274.66 1.7402e-14   1309.18 0 
  1286.46 1.7807e-14   1321.30 0 
  1295.38 1.4210e-14   1330.45 0 
  1304.36 1.4744e-14   1339.68 0 
  1316.42 1.7807e-14   1352.07 0 
  1325.55 1.6850e-14   1361.44 0 
  1334.74 1.5510e-14   1370.88 0 
  1343.99 1.7482e-14   1380.38 0 
  1356.42 1.7163e-14   1393.16 0 
  1365.83 1.5617e-14   1402.81 0 
  1375.29 1.5908e-14   1412.54 0 
  1384.83 1.5944e-14   1422.33 0 
  1394.43 1.2636e-14   1432.19 0 
  1404.09 1.3446e-14   1442.12 0 
  1413.83 1.4880e-14   1452.11 0 
  1423.63 1.4983e-14   1462.18 0 
  1433.49 1.5367e-14   1472.31 0 
  1443.43 1.5981e-14   1482.52 0 
  1446.76 1.5981e-14   1485.94 0 
  1453.44 1.5581e-14   1492.79 0 
  1463.51 1.4408e-14   1503.14 0 
  1473.65 1.4710e-14   1513.56 0 
  1483.87 1.4812e-14   1524.05 0 
  1494.16 1.4880e-14   1534.62 0 
  1504.51 1.3855e-14   1545.25 0 
  1511.46 1.2291e-14   1552.39 0 
  1518.43 1.3020e-14   1559.55 0 
  1525.44 1.3140e-14   1566.75 0 
  1536.02 1.1288e-14   1577.61 0 
  1546.66 1.1631e-14   1588.55 0 
  1553.80 1.1314e-14   1595.88 0 
  1564.57 1.2039e-14   1606.94 0 
  1575.42 1.2930e-14   1618.08 0 
  1586.34 1.3354e-14   1629.30 0 
  1593.66 1.3508e-14   1636.82 0 
  1604.71 1.3571e-14   1648.16 0 
  1615.83 1.3571e-14   1659.59 0 
  1623.29 1.3110e-14   1667.25 0 
  1634.54 1.4048e-14   1678.80 0 
  1645.87 1.4210e-14   1690.44 0 
  1653.47 1.3633e-14   1698.24 0 
  1664.93 1.4508e-14   1710.02 0 
  1672.61 1.3508e-14   1717.91 0 
  1676.47 1.4846e-14   1721.87 0 
  1684.21 1.5018e-14   1729.82 0 
  1695.88 1.4210e-14   1741.81 0 
  1703.71 1.3823e-14   1749.85 0 
  1715.52 1.3080e-14   1761.98 0 
  1723.44 1.3050e-14   1770.11 0 
  1735.38 1.3855e-14   1782.38 0 
  1743.39 1.3539e-14   1790.61 0 
  1755.48 1.4145e-14   1803.02 0 
  1763.58 1.3477e-14   1811.34 0 
  1775.81 1.3262e-14   1823.90 0 
  1784.00 1.3633e-14   1832.31 0 
  1796.37 1.4309e-14   1845.02 0 
  1804.66 1.4441e-14   1853.53 0 
  1812.99 1.3050e-14   1862.09 0 
  1825.56 1.3602e-14   1874.99 0 
  1833.99 1.3140e-14   1883.65 0 
  1846.70 1.2039e-14   1896.71 0 
  1855.22 1.2095e-14   1905.46 0 
  1863.78 1.2434e-14   1914.26 0 
  1876.70 1.3415e-14   1927.53 0 
  1885.37 1.2123e-14   1936.42 0 
  1894.07 1.1445e-14   1945.36 0 
  1902.81 1.2491e-14   1954.34 0 
  1916.00 1.1792e-14   1967.89 0 
  1924.84 1.1445e-14   1976.97 0 
  1933.73 1.2123e-14   1986.10 0 
  1947.13 1.2549e-14   1999.86 0 
  1956.12 1.1497e-14   2009.09 0 
  1965.15 1.2665e-14   2018.37 0 
  1974.22 1.3170e-14   2027.68 0 
  1983.33 1.2348e-14   2037.04 0 
  1997.08 1.2095e-14   2051.16 0 
  2006.30 1.2607e-14   2060.63 0 
  2015.56 1.2320e-14   2070.14 0 
  2024.86 1.2900e-14   2079.70 0 
  2034.21 1.1956e-14   2089.30 0 
  2043.60 1.2377e-14   2098.94 0 
  2053.03 1.1902e-14   2108.63 0 
  2067.26 1.2039e-14   2123.24 0 
  2072.03 1.2900e-14   2128.14 0 
  2076.81 1.1820e-14   2133.04 0 
  2086.39 1.2434e-14   2142.89 0 
  2096.02 1.1765e-14   2152.78 0 
  2105.70 1.2095e-14   2162.72 0 
  2115.42 1.2207e-14   2172.70 0 
  2125.18 1.2405e-14   2182.73 0 
  2134.99 1.1929e-14   2192.81 0 
  2144.84 1.1738e-14   2202.93 0 
  2154.74 1.2263e-14   2213.09 0 
  2164.69 1.2123e-14   2223.31 0 
  2174.68 1.2012e-14   2233.57 0 
  2184.72 1.1711e-14   2243.88 0 
  2194.80 1.2151e-14   2254.24 0 
  2204.93 1.1956e-14   2264.64 0 
  2215.11 1.1631e-14   2275.10 0 
  2225.34 1.1314e-14   2285.60 0 
  2235.61 1.1657e-14   2296.15 0 
  2245.93 1.1495e-14   2306.75 0 
  2256.29 1.1125e-14   2317.39 0 
  2266.71 1.1354e-14   2328.09 0 
  2277.17 1.1454e-14   2338.84 0 
  2282.42 1.1584e-14   2344.23 0 
  2292.96 1.0932e-14   2355.05 0 
  2303.54 1.1131e-14   2365.92 0 
  2314.17 1.0748e-14   2376.84 0 
  2324.85 8.9158e-15   2387.81 0 
  2335.59 1.0209e-14   2398.83 0 
  2346.37 1.0158e-14   2409.91 0 
  2357.20 1.0486e-14   2421.03 0 
  2362.63 1.0105e-14   2426.61 0 
  2373.54 1.0147e-14   2437.81 0 
  2384.49 9.8209e-15   2449.06 0 
  2395.50 1.0115e-14   2460.37 0 
  2406.55 9.8124e-15   2471.72 0 
  2417.66 9.8989e-15   2483.13 0 
  2423.24 1.0151e-14   2488.86 0 
  2434.42 9.8017e-15   2500.35 0 
  2445.66 1.0095e-14   2511.89 0 
  2456.95 1.0044e-14   2523.48 0 
  2462.61 9.9272e-15   2529.30 0 
  2473.98 9.7192e-15   2540.97 0 
  2485.40 9.8274e-15   2552.70 0 
  2496.87 8.9586e-15   2564.48 0 
  2502.63 9.8661e-15   2570.40 0 
  2514.18 9.2459e-15   2582.26 0 
  2519.97 9.5907e-15   2588.21 0 
  2525.78 9.3057e-15   2594.18 0 
  2537.44 9.3015e-15   2606.15 0 
  2543.29 9.1086e-15   2612.16 0 
  2555.03 9.4244e-15   2624.22 0 
  2566.82 9.3122e-15   2636.33 0 
  2572.74 9.5708e-15   2642.41 0 
  2584.61 9.5005e-15   2654.61 0 
  2596.54 9.4307e-15   2666.86 0 
  2602.53 9.2351e-15   2673.01 0 
  2614.54 9.1461e-15   2685.34 0 
  2626.61 9.2689e-15   2697.74 0 
  2632.67 9.3309e-15   2703.96 0 
  2644.82 9.6320e-15   2716.44 0 
  2657.03 9.6496e-15   2728.98 0 
  2663.15 9.1496e-15   2735.27 0 
  2675.44 9.3798e-15   2747.89 0 
  2687.79 9.3321e-15   2760.58 0 
  2693.99 9.0339e-15   2766.94 0 
  2706.42 9.0711e-15   2779.71 0 
  2712.66 8.8829e-15   2786.12 0 
  2725.18 8.8990e-15   2798.98 0 
  2737.76 9.0808e-15   2811.90 0 
  2744.07 8.4726e-15   2818.38 0 
  2756.74 8.5270e-15   2831.39 0 
  2763.09 8.6236e-15   2837.92 0 
  2775.85 8.8403e-15   2851.02 0 
  2782.25 8.6369e-15   2857.59 0 
  2795.09 7.7828e-15   2870.78 0 
  2807.99 8.0894e-15   2884.03 0 
  2814.46 8.7057e-15   2890.68 0 
  2827.46 8.7615e-15   2904.02 0 
  2833.97 8.4230e-15   2910.72 0 
  2847.05 8.3993e-15   2924.15 0 
  2853.62 8.3010e-15   2930.89 0 
  2866.79 8.5684e-15   2944.42 0 
  2873.40 8.4877e-15   2951.21 0 
  2886.66 8.4637e-15   2964.83 0 
  2893.32 8.3839e-15   2971.67 0 
  2906.67 8.5746e-15   2985.38 0 
  2926.82 8.4113e-15   3006.08 0 
  2947.11 8.2511e-15   3026.91 0 
  2967.53 8.2634e-15   3047.89 0 
  2988.10 8.1998e-15   3069.02 0 
  3008.82 8.1366e-15   3090.30 0 
  3029.67 8.1298e-15   3111.72 0 
  3050.67 8.0485e-15   3133.29 0 
  3071.82 7.9863e-15   3155.01 0 
  3093.11 7.9064e-15   3176.87 0 
  3107.39 7.8474e-15   3191.54 0 
  3128.93 7.7331e-15   3213.66 0 
  3150.62 7.7086e-15   3235.94 0 
  3172.46 7.6312e-15   3258.37 0 
  3187.10 7.4018e-15   3273.41 0 
  3209.19 7.4808e-15   3296.10 0 
  3231.44 7.3040e-15   3318.94 0 
  3246.35 7.3841e-15   3334.26 0 
  3268.86 7.3944e-15   3357.38 0 
  3291.51 7.3199e-15   3380.65 0 
  3306.71 7.2651e-15   3396.25 0 
  3321.97 7.5157e-15   3411.93 0 
  3329.63 7.5481e-15   3419.79 0 
  3337.30 7.3910e-15   3427.68 0 
  3345.00 7.2371e-15   3435.58 0 
  3352.71 7.3864e-15   3443.50 0 
  3360.44 7.1828e-15   3451.44 0 
  3368.18 7.1971e-15   3459.39 0 
  3375.95 6.9186e-15   3467.37 0 
  3383.73 7.0288e-15   3475.36 0 
  3391.53 7.2568e-15   3483.37 0 
  3399.35 7.4406e-15   3491.40 0 
  3407.18 7.0222e-15   3499.45 0 
  3415.04 7.1012e-15   3507.52 0 
  3422.91 7.3484e-15   3515.60 0 
  3430.80 7.2787e-15   3523.71 0 
  3438.71 7.3099e-15   3531.83 0 
  3446.64 6.9787e-15   3539.97 0 
  3454.58 7.0735e-15   3548.13 0 
  3462.55 6.8311e-15   3556.31 0 
  3470.53 6.9719e-15   3564.51 0 
  3478.53 6.7953e-15   3572.73 0 
  3486.55 6.7931e-15   3580.96 0 
  3494.59 6.9171e-15   3589.22 0 
  3502.64 6.9468e-15   3597.49 0 
  3510.72 6.7552e-15   3605.79 0 
  3518.81 6.7842e-15   3614.10 0 
  3526.92 6.7975e-15   3622.43 0 
  3535.05 6.9376e-15   3630.78 0 
  3543.20 7.0156e-15   3639.15 0 
  3551.37 7.0618e-15   3647.54 0 
  3559.55 6.9466e-15   3655.95 0 
  3567.76 6.9283e-15   3664.37 0 
  3575.99 6.5536e-15   3672.82 0 
  3584.23 6.4467e-15   3681.29 0 
  3592.49 6.4149e-15   3689.78 0 
  3600.77 6.7149e-15   3698.28 0 
  3609.07 6.6205e-15   3706.81 0 
  3617.39 6.6949e-15   3715.35 0 
  3625.73 6.9278e-15   3723.92 0 
  3634.09 6.9095e-15   3732.50 0 
  3642.47 6.9390e-15   3741.11 0 
  3650.86 6.7166e-15   3749.73 0 
  3650.96 4.9161e-15   3749.83 1 
  3653.64 7.5574e-15   3752.58 1 
  3656.32 7.7170e-15   3755.33 1 
  3658.99 6.6106e-15   3758.08 1 
  3661.67 6.2558e-15   3760.83 1 
  3664.35 6.9717e-15   3763.58 1 
  3667.03 5.7807e-15   3766.33 1 
  3669.70 5.9833e-15   3769.08 1 
  3672.38 6.9993e-15   3771.83 1 
  3675.06 4.9452e-15   3774.58 1 
  3677.74 7.9828e-15   3777.33 1 
  3680.41 8.4256e-15   3780.08 1 
  3683.09 5.6872e-15   3782.83 1 
  3685.77 8.3074e-15   3785.58 1 
  3688.45 7.2130e-15   3788.33 1 
  3691.12 6.3149e-15   3791.08 1 
  3693.80 6.5252e-15   3793.83 1 
  3696.48 6.8276e-15   3796.58 1 
  3699.16 6.5121e-15   3799.33 1 
  3701.83 6.1369e-15   3802.08 1 
  3704.51 6.7178e-15   3804.83 1 
  3707.19 6.6983e-15   3807.58 1 
  3709.87 5.4563e-15   3810.33 1 
  3712.54 6.5293e-15   3813.08 1 
  3715.22 6.7574e-15   3815.83 1 
  3717.90 8.5596e-15   3818.58 1 
  3720.58 1.2206e-14   3821.33 1 
  3723.25 2.0924e-14   3824.08 1 
  3725.93 3.2950e-14   3826.83 1 
  3728.61 3.6992e-14   3829.58 1 
  3731.29 3.1970e-14   3832.33 1 
  3733.96 1.7224e-14   3835.08 1 
  3736.64 1.0428e-14   3837.83 1 
  3739.32 9.3176e-15   3840.58 1 
  3742.00 7.2906e-15   3843.33 1 
  3744.67 7.5222e-15   3846.08 1 
  3747.35 6.8274e-15   3848.83 1 
  3750.03 7.5726e-15   3851.58 1 
  3752.71 8.0622e-15   3854.33 1 
  3755.38 6.4690e-15   3857.08 1 
  3758.06 8.2811e-15   3859.83 1 
  3760.74 7.3361e-15   3862.58 1 
  3763.42 7.8607e-15   3865.33 1 
  3766.09 7.7070e-15   3868.08 1 
  3768.77 8.3029e-15   3870.83 1 
  3771.45 7.1183e-15   3873.58 1 
  3774.13 6.5466e-15   3876.33 1 
  3776.80 8.2347e-15   3879.08 1 
  3779.48 8.2038e-15   3881.83 1 
  3782.16 9.2274e-15   3884.58 1 
  3784.84 8.1878e-15   3887.33 1 
  3787.51 8.1134e-15   3890.08 1 
  3790.19 8.6993e-15   3892.83 1 
  3792.87 8.4656e-15   3895.58 1 
  3795.55 8.3900e-15   3898.33 1 
  3798.22 8.1136e-15   3901.08 1 
  3800.90 7.9059e-15   3903.83 1 
  3803.58 8.7278e-15   3906.58 1 
  3806.26 8.3154e-15   3909.33 1 
  3808.93 9.3701e-15   3912.08 1 
  3811.61 8.6621e-15   3914.83 1 
  3814.29 8.4637e-15   3917.58 1 
  3816.97 9.0320e-15   3920.33 1 
  3819.64 8.3355e-15   3923.08 1 
  3822.32 8.1499e-15   3925.83 1 
  3825.00 8.2449e-15   3928.58 1 
  3827.68 7.3536e-15   3931.33 1 
  3830.35 7.4427e-15   3934.08 1 
  3833.03 7.7294e-15   3936.83 1 
  3835.71 8.0921e-15   3939.58 1 
  3838.39 5.7245e-15   3942.33 1 
  3841.06 7.8044e-15   3945.08 1 
  3843.74 7.2671e-15   3947.83 1 
  3846.42 8.5287e-15   3950.58 1 
  3849.10 8.9117e-15   3953.33 1 
  3851.77 8.6702e-15   3956.08 1 
  3854.45 9.2002e-15   3958.83 1 
  3857.13 9.7904e-15   3961.58 1 
  3859.81 9.5631e-15   3964.33 1 
  3862.48 9.7551e-15   3967.08 1 
  3865.16 1.0009e-14   3969.83 1 
  3867.84 9.9674e-15   3972.58 1 
  3870.52 9.7230e-15   3975.33 1 
  3873.19 9.6652e-15   3978.08 1 
  3875.87 8.7370e-15   3980.83 1 
  3878.55 8.1124e-15   3983.58 1 
  3881.23 8.0598e-15   3986.33 1 
  3883.90 7.7464e-15   3989.08 1 
  3886.58 8.8961e-15   3991.83 1 
  3889.26 9.1512e-15   3994.58 1 
  3891.94 8.6200e-15   3997.33 1 
  3894.61 8.3448e-15   4000.08 1 
  3897.29 9.0304e-15   4002.83 1 
  3899.97 8.9654e-15   4005.58 1 
  3902.65 8.7447e-15   4008.33 1 
  3905.32 1.0110e-14   4011.08 1 
  3908.00 9.8714e-15   4013.83 1 
  3910.68 8.3862e-15   4016.58 1 
  3913.36 1.0435e-14   4019.33 1 
  3916.03 9.6631e-15   4022.08 1 
  3918.71 9.8864e-15   4024.83 1 
  3921.39 1.0084e-14   4027.58 1 
  3924.07 8.9557e-15   4030.33 1 
  3926.74 8.7044e-15   4033.08 1 
  3929.42 9.6386e-15   4035.83 1 
  3932.10 8.9344e-15   4038.58 1 
  3934.78 8.4498e-15   4041.33 1 
  3937.45 7.9666e-15   4044.08 1 
  3940.13 8.6361e-15   4046.83 1 
  3942.81 9.5297e-15   4049.58 1 
  3945.49 9.3755e-15   4052.33 1 
  3948.16 8.6645e-15   4055.08 1 
  3950.84 8.8552e-15   4057.83 1 
  3953.52 9.6666e-15   4060.58 1 
  3956.20 1.0089e-14   4063.33 1 
  3958.87 8.7990e-15   4066.08 1 
  3961.55 8.5243e-15   4068.83 1 
  3964.23 7.9635e-15   4071.58 1 
  3966.91 8.3029e-15   4074.33 1 
  3969.58 8.1191e-15   4077.08 1 
  3972.26 8.1322e-15   4079.83 1 
  3974.94 8.9907e-15   4082.58 1 
  3977.62 8.0004e-15   4085.33 1 
  3980.29 8.4773e-15   4088.08 1 
  3982.97 8.5438e-15   4090.83 1 
  3985.65 9.0343e-15   4093.58 1 
  3988.33 9.2834e-15   4096.33 1 
  3991.00 9.4929e-15   4099.08 1 
  3993.68 9.6175e-15   4101.83 1 
  3996.36 9.8896e-15   4104.58 1 
  3999.04 9.3797e-15   4107.33 1 
  4001.71 8.6549e-15   4110.08 1 
  4004.39 9.3076e-15   4112.83 1 
  4007.07 8.6872e-15   4115.58 1 
  4009.75 9.5027e-15   4118.33 1 
  4012.42 9.9191e-15   4121.08 1 
  4015.10 9.7518e-15   4123.83 1 
  4017.78 9.5176e-15   4126.58 1 
  4020.46 9.7043e-15   4129.33 1 
  4023.13 9.2382e-15   4132.08 1 
  4025.81 9.0889e-15   4134.83 1 
  4028.49 8.8229e-15   4137.58 1 
  4031.17 9.8307e-15   4140.33 1 
  4033.84 9.1283e-15   4143.08 1 
  4036.52 9.6690e-15   4145.83 1 
  4039.20 9.3269e-15   4148.58 1 
  4041.88 8.7918e-15   4151.33 1 
  4044.55 9.3723e-15   4154.08 1 
  4047.23 9.1489e-15   4156.83 1 
  4049.91 8.6511e-15   4159.58 1 
  4052.59 9.5692e-15   4162.33 1 
  4055.26 9.8071e-15   4165.08 1 
  4057.94 9.9096e-15   4167.83 1 
  4060.62 9.4389e-15   4170.58 1 
  4063.30 9.5083e-15   4173.33 1 
  4065.97 1.0785e-14   4176.08 1 
  4068.65 1.0327e-14   4178.83 1 
  4071.33 1.0804e-14   4181.58 1 
  4074.01 9.8701e-15   4184.33 1 
  4076.68 1.0415e-14   4187.08 1 
  4079.36 9.1413e-15   4189.83 1 
  4082.04 9.0646e-15   4192.58 1 
  4084.72 9.6426e-15   4195.33 1 
  4087.39 9.3099e-15   4198.08 1 
  4090.07 8.3214e-15   4200.83 1 
  4092.75 8.8274e-15   4203.58 1 
  4095.43 9.4382e-15   4206.33 1 
  4098.10 8.9294e-15   4209.08 1 
  4100.78 9.5599e-15   4211.83 1 
  4103.46 9.8325e-15   4214.58 1 
  4106.14 9.0819e-15   4217.33 1 
  4108.81 8.5799e-15   4220.08 1 
  4111.49 8.9232e-15   4222.83 1 
  4114.17 8.8678e-15   4225.58 1 
  4116.85 8.7535e-15   4228.33 1 
  4119.52 9.1279e-15   4231.08 1 
  4122.20 9.0188e-15   4233.83 1 
  4124.88 9.5360e-15   4236.58 1 
  4127.56 9.7777e-15   4239.33 1 
  4130.23 9.2541e-15   4242.08 1 
  4132.91 9.1894e-15   4244.83 1 
  4135.59 9.4747e-15   4247.58 1 
  4138.27 9.8023e-15   4250.33 1 
  4140.94 8.7046e-15   4253.08 1 
  4143.62 9.9396e-15   4255.83 1 
  4146.30 9.0931e-15   4258.58 1 
  4148.98 9.6780e-15   4261.33 1 
  4151.65 9.9003e-15   4264.08 1 
  4154.33 9.5226e-15   4266.83 1 
  4157.01 9.5233e-15   4269.58 1 
  4159.69 8.9866e-15   4272.33 1 
  4162.36 9.1448e-15   4275.08 1 
  4165.04 8.9402e-15   4277.83 1 
  4167.72 9.3365e-15   4280.58 1 
  4170.40 9.0487e-15   4283.33 1 
  4173.07 9.1170e-15   4286.08 1 
  4175.75 9.4042e-15   4288.83 1 
  4178.43 9.3239e-15   4291.58 1 
  4181.11 9.1089e-15   4294.33 1 
  4183.78 9.1178e-15   4297.08 1 
  4186.46 9.8442e-15   4299.83 1 
  4189.14 9.3508e-15   4302.58 1 
  4191.82 9.0050e-15   4305.33 1 
  4194.49 9.3144e-15   4308.08 1 
  4197.17 9.1226e-15   4310.83 1 
  4199.85 8.6386e-15   4313.58 1 
  4202.53 8.9584e-15   4316.33 1 
  4205.20 9.0600e-15   4319.08 1 
  4207.88 9.2897e-15   4321.83 1 
  4210.56 9.1776e-15   4324.58 1 
  4213.24 8.8691e-15   4327.33 1 
  4215.91 9.2150e-15   4330.08 1 
  4218.59 8.7259e-15   4332.83 1 
  4221.27 9.4284e-15   4335.58 1 
  4223.95 8.1300e-15   4338.33 1 
  4226.62 9.2645e-15   4341.08 1 
  4229.30 9.0471e-15   4343.83 1 
  4231.98 8.4846e-15   4346.58 1 
  4234.66 8.9610e-15   4349.33 1 
  4237.33 8.8979e-15   4352.08 1 
  4240.01 9.2747e-15   4354.83 1 
  4242.69 8.9961e-15   4357.58 1 
  4245.37 9.5882e-15   4360.33 1 
  4248.04 8.6635e-15   4363.08 1 
  4250.72 9.1282e-15   4365.83 1 
  4253.40 8.9102e-15   4368.58 1 
  4256.08 8.9829e-15   4371.33 1 
  4258.75 8.5634e-15   4374.08 1 
  4261.43 8.5001e-15   4376.83 1 
  4264.11 8.9583e-15   4379.58 1 
  4266.79 8.6233e-15   4382.33 1 
  4269.46 8.8545e-15   4385.08 1 
  4272.14 8.8807e-15   4387.83 1 
  4274.82 9.1475e-15   4390.58 1 
  4277.50 9.1781e-15   4393.33 1 
  4280.17 9.3110e-15   4396.08 1 
  4282.85 9.2132e-15   4398.83 1 
  4285.53 8.9398e-15   4401.58 1 
  4288.21 8.6632e-15   4404.33 1 
  4290.88 8.8636e-15   4407.08 1 
  4293.56 8.8681e-15   4409.83 1 
  4296.24 8.0402e-15   4412.58 1 
  4298.92 8.1886e-15   4415.33 1 
  4301.59 7.8355e-15   4418.08 1 
  4304.27 8.0100e-15   4420.83 1 
  4306.95 8.4435e-15   4423.58 1 
  4309.63 9.0248e-15   4426.33 1 
  4312.30 8.7596e-15   4429.08 1 
  4314.98 8.8742e-15   4431.83 1 
  4317.66 9.1086e-15   4434.58 1 
  4320.34 8.7271e-15   4437.33 1 
  4323.01 8.7127e-15   4440.08 1 
  4325.69 8.2492e-15   4442.83 1 
  4328.37 8.3908e-15   4445.58 1 
  4331.05 8.2399e-15   4448.33 1 
  4333.72 8.9679e-15   4451.08 1 
  4336.40 1.0148e-14   4453.83 1 
  4339.08 1.2030e-14   4456.58 1 
  4341.76 1.2390e-14   4459.33 1 
  4344.43 1.1015e-14   4462.08 1 
  4347.11 9.4252e-15   4464.83 1 
  4349.79 8.8846e-15   4467.58 1 
  4352.47 8.3165e-15   4470.33 1 
  4355.14 8.5953e-15   4473.08 1 
  4357.82 8.4884e-15   4475.83 1 
  4360.50 8.3623e-15   4478.58 1 
  4363.18 9.2397e-15   4481.33 1 
  4365.85 9.1477e-15   4484.08 1 
  4368.53 9.0624e-15   4486.83 1 
  4371.21 8.4061e-15   4489.58 1 
  4373.89 8.5587e-15   4492.33 1 
  4376.56 8.3105e-15   4495.08 1 
  4379.24 8.7555e-15   4497.83 1 
  4381.92 8.0547e-15   4500.58 1 
  4384.60 8.5500e-15   4503.33 1 
  4387.27 8.4932e-15   4506.08 1 
  4389.95 8.2515e-15   4508.83 1 
  4392.63 9.0480e-15   4511.58 1 
  4395.31 8.3852e-15   4514.33 1 
  4397.98 8.4103e-15   4517.08 1 
  4400.66 8.4628e-15   4519.83 1 
  4403.34 8.7174e-15   4522.58 1 
  4406.02 8.2325e-15   4525.33 1 
  4408.69 8.4508e-15   4528.08 1 
  4411.37 7.6830e-15   4530.83 1 
  4414.05 8.5855e-15   4533.58 1 
  4416.73 9.4574e-15   4536.33 1 
  4419.40 8.8818e-15   4539.08 1 
  4422.08 8.5023e-15   4541.83 1 
  4424.76 9.2962e-15   4544.58 1 
  4427.44 8.9457e-15   4547.33 1 
  4430.11 8.5697e-15   4550.08 1 
  4432.79 8.7258e-15   4552.83 1 
  4435.47 8.8943e-15   4555.58 1 
  4438.15 9.0659e-15   4558.33 1 
  4440.82 8.6752e-15   4561.08 1 
  4443.50 9.2420e-15   4563.83 1 
  4446.18 9.1728e-15   4566.58 1 
  4448.86 9.2145e-15   4569.33 1 
  4451.53 8.9406e-15   4572.08 1 
  4454.21 8.9877e-15   4574.83 1 
  4456.89 8.8757e-15   4577.58 1 
  4459.57 8.5114e-15   4580.33 1 
  4462.24 8.9096e-15   4583.08 1 
  4464.92 8.6191e-15   4585.83 1 
  4467.60 8.7321e-15   4588.58 1 
  4470.28 8.4799e-15   4591.33 1 
  4472.95 9.0841e-15   4594.08 1 
  4475.63 9.0314e-15   4596.83 1 
  4478.31 8.8376e-15   4599.58 1 
  4480.99 9.2551e-15   4602.33 1 
  4483.66 8.6517e-15   4605.08 1 
  4486.34 8.4709e-15   4607.83 1 
  4489.02 8.5587e-15   4610.58 1 
  4491.69 9.2606e-15   4613.33 1 
  4494.37 9.3423e-15   4616.08 1 
  4497.05 9.8199e-15   4618.83 1 
  4499.73 9.0653e-15   4621.58 1 
  4502.40 9.4321e-15   4624.33 1 
  4505.08 9.4658e-15   4627.08 1 
  4507.76 9.7792e-15   4629.83 1 
  4510.44 9.4432e-15   4632.58 1 
  4513.11 9.1166e-15   4635.33 1 
  4515.79 8.6832e-15   4638.08 1 
  4518.47 8.7882e-15   4640.83 1 
  4521.15 8.7980e-15   4643.58 1 
  4523.82 8.4039e-15   4646.33 1 
  4526.50 8.2934e-15   4649.08 1 
  4529.18 8.4791e-15   4651.83 1 
  4531.86 8.8060e-15   4654.58 1 
  4534.53 9.1318e-15   4657.33 1 
  4537.21 9.4177e-15   4660.08 1 
  4539.89 8.6209e-15   4662.83 1 
  4542.57 8.5782e-15   4665.58 1 
  4545.24 9.1609e-15   4668.33 1 
  4547.92 8.6476e-15   4671.08 1 
  4550.60 8.6441e-15   4673.83 1 
  4553.28 8.7321e-15   4676.58 1 
  4555.95 8.7931e-15   4679.33 1 
  4558.63 9.1310e-15   4682.08 1 
  4561.31 9.2068e-15   4684.83 1 
  4563.99 9.1897e-15   4687.58 1 
  4566.66 9.0050e-15   4690.33 1 
  4569.34 8.5404e-15   4693.08 1 
  4572.02 8.6189e-15   4695.83 1 
  4574.70 9.1146e-15   4698.58 1 
  4577.37 9.3071e-15   4701.33 1 
  4580.05 8.9154e-15   4704.08 1 
  4582.73 8.8381e-15   4706.83 1 
  4585.41 8.2977e-15   4709.58 1 
  4588.08 8.4786e-15   4712.33 1 
  4590.76 8.6877e-15   4715.08 1 
  4593.44 8.8644e-15   4717.83 1 
  4596.12 8.5209e-15   4720.58 1 
  4598.79 9.2833e-15   4723.33 1 
  4601.47 9.2379e-15   4726.08 1 
  4604.15 8.6238e-15   4728.83 1 
  4606.83 9.3598e-15   4731.58 1 
  4609.50 9.2184e-15   4734.33 1 
  4612.18 8.7837e-15   4737.08 1 
  4614.86 9.5840e-15   4739.83 1 
  4617.54 9.1438e-15   4742.58 1 
  4620.21 9.6175e-15   4745.33 1 
  4622.89 9.5818e-15   4748.08 1 
  4625.57 9.4105e-15   4750.83 1 
  4628.25 9.6537e-15   4753.58 1 
  4630.92 9.2856e-15   4756.33 1 
  4633.60 8.9804e-15   4759.08 1 
  4636.28 8.6982e-15   4761.83 1 
  4638.96 8.6601e-15   4764.58 1 
  4641.63 9.1808e-15   4767.33 1 
  4644.31 9.1150e-15   4770.08 1 
  4646.99 9.4076e-15   4772.83 1 
  4649.67 9.2485e-15   4775.58 1 
  4652.34 8.7956e-15   4778.33 1 
  4655.02 9.3537e-15   4781.08 1 
  4657.70 8.8559e-15   4783.83 1 
  4660.38 8.6583e-15   4786.58 1 
  4663.05 8.7320e-15   4789.33 1 
  4665.73 8.7429e-15   4792.08 1 
  4668.41 9.3944e-15   4794.83 1 
  4671.09 8.9837e-15   4797.58 1 
  4673.76 8.7747e-15   4800.33 1 
  4676.44 8.6164e-15   4803.08 1 
  4679.12 8.9661e-15   4805.83 1 
  4681.80 9.2569e-15   4808.58 1 
  4684.47 9.4016e-15   4811.33 1 
  4687.15 8.7464e-15   4814.08 1 
  4689.83 8.8745e-15   4816.83 1 
  4692.51 9.0648e-15   4819.58 1 
  4695.18 8.8489e-15   4822.33 1 
  4697.86 9.1130e-15   4825.08 1 
  4700.54 8.2509e-15   4827.83 1 
  4703.22 9.1135e-15   4830.58 1 
  4705.89 8.2331e-15   4833.33 1 
  4708.57 8.2873e-15   4836.08 1 
  4711.25 8.2894e-15   4838.83 1 
  4713.93 8.4191e-15   4841.58 1 
  4716.60 8.4481e-15   4844.33 1 
  4719.28 8.6464e-15   4847.08 1 
  4721.96 8.4775e-15   4849.83 1 
  4724.64 8.1520e-15   4852.58 1 
  4727.31 8.0085e-15   4855.33 1 
  4729.99 8.3041e-15   4858.08 1 
  4732.67 8.1397e-15   4860.83 1 
  4735.35 8.5182e-15   4863.58 1 
  4738.02 8.8799e-15   4866.33 1 
  4740.70 8.3437e-15   4869.08 1 
  4743.38 8.8305e-15   4871.83 1 
  4746.06 8.2572e-15   4874.58 1 
  4748.73 9.1565e-15   4877.33 1 
  4751.41 8.5008e-15   4880.08 1 
  4754.09 8.1820e-15   4882.83 1 
  4756.77 8.6628e-15   4885.58 1 
  4759.44 8.6342e-15   4888.33 1 
  4762.12 8.0536e-15   4891.08 1 
  4764.80 8.3454e-15   4893.83 1 
  4767.48 8.2288e-15   4896.58 1 
  4770.15 8.1664e-15   4899.33 1 
  4772.83 7.9487e-15   4902.08 1 
  4775.51 8.6529e-15   4904.83 1 
  4778.19 8.6813e-15   4907.58 1 
  4780.86 8.7303e-15   4910.33 1 
  4783.54 7.9191e-15   4913.08 1 
  4786.22 8.5243e-15   4915.83 1 
  4788.90 8.4466e-15   4918.58 1 
  4791.57 8.2711e-15   4921.33 1 
  4794.25 8.8518e-15   4924.08 1 
  4796.93 8.7966e-15   4926.83 1 
  4799.61 8.4794e-15   4929.58 1 
  4802.28 8.3522e-15   4932.33 1 
  4804.96 8.1389e-15   4935.08 1 
  4807.64 8.3256e-15   4937.83 1 
  4810.32 8.8147e-15   4940.58 1 
  4812.99 7.9932e-15   4943.33 1 
  4815.67 8.2053e-15   4946.08 1 
  4818.35 9.0290e-15   4948.83 1 
  4821.03 8.4658e-15   4951.58 1 
  4823.70 8.4130e-15   4954.33 1 
  4826.38 8.8385e-15   4957.08 1 
  4829.06 7.7481e-15   4959.83 1 
  4831.74 8.5109e-15   4962.58 1 
  4834.41 7.9958e-15   4965.33 1 
  4837.09 7.6004e-15   4968.08 1 
  4839.77 8.2188e-15   4970.83 1 
  4842.45 8.1892e-15   4973.58 1 
  4845.12 7.7442e-15   4976.33 1 
  4847.80 8.6244e-15   4979.08 1 
  4850.48 7.7585e-15   4981.83 1 
  4853.16 9.1650e-15   4984.58 1 
  4855.83 1.1257e-14   4987.33 1 
  4858.51 1.6162e-14   4990.08 1 
  4861.19 2.0275e-14   4992.83 1 
  4863.87 2.0224e-14   4995.58 1 
  4866.54 1.4910e-14   4998.33 1 
  4869.22 1.0688e-14   5001.08 1 
  4871.90 8.2771e-15   5003.83 1 
  4874.58 8.0061e-15   5006.58 1 
  4877.25 7.9796e-15   5009.33 1 
  4879.93 7.5401e-15   5012.08 1 
  4882.61 7.9340e-15   5014.83 1 
  4885.29 7.9585e-15   5017.58 1 
  4887.96 7.5903e-15   5020.33 1 
  4890.64 8.2740e-15   5023.08 1 
  4893.32 7.9855e-15   5025.83 1 
  4896.00 7.8913e-15   5028.58 1 
  4898.67 8.6007e-15   5031.33 1 
  4901.35 8.5049e-15   5034.08 1 
  4904.03 8.3383e-15   5036.83 1 
  4906.71 7.6600e-15   5039.58 1 
  4909.38 7.5272e-15   5042.33 1 
  4912.06 8.2581e-15   5045.08 1 
  4914.74 8.2533e-15   5047.83 1 
  4917.42 8.1168e-15   5050.58 1 
  4920.09 7.9388e-15   5053.33 1 
  4922.77 7.4550e-15   5056.08 1 
  4925.45 8.0805e-15   5058.83 1 
  4928.13 7.9020e-15   5061.58 1 
  4930.80 8.0391e-15   5064.33 1 
  4933.48 8.3050e-15   5067.08 1 
  4936.16 8.2694e-15   5069.83 1 
  4938.84 8.2398e-15   5072.58 1 
  4941.51 7.8696e-15   5075.33 1 
  4944.19 8.1231e-15   5078.08 1 
  4946.87 8.4943e-15   5080.83 1 
  4949.55 9.0166e-15   5083.58 1 
  4952.22 8.7732e-15   5086.33 1 
  4954.90 1.0465e-14   5089.08 1 
  4957.58 1.1983e-14   5091.83 1 
  4960.26 1.2559e-14   5094.58 1 
  4962.93 1.1094e-14   5097.33 1 
  4965.61 9.6351e-15   5100.08 1 
  4968.29 8.0947e-15   5102.83 1 
  4970.97 8.2255e-15   5105.58 1 
  4973.64 7.7538e-15   5108.33 1 
  4976.32 8.0358e-15   5111.08 1 
  4979.00 8.2109e-15   5113.83 1 
  4981.68 8.1770e-15   5116.58 1 
  4984.35 8.4007e-15   5119.33 1 
  4987.03 8.1784e-15   5122.08 1 
  4989.71 7.8464e-15   5124.83 1 
  4992.39 8.6161e-15   5127.58 1 
  4995.06 8.0717e-15   5130.33 1 
  4997.74 8.8825e-15   5133.08 1 
  5000.42 1.0724e-14   5135.83 1 
  5003.10 1.5293e-14   5138.58 1 
  5005.77 2.0125e-14   5141.33 1 
  5008.45 2.1160e-14   5144.08 1 
  5011.13 1.6376e-14   5146.83 1 
  5013.81 1.2114e-14   5149.58 1 
  5016.48 9.7120e-15   5152.33 1 
  5019.16 8.3114e-15   5155.08 1 
  5021.84 8.1112e-15   5157.83 1 
  5024.52 8.2985e-15   5160.58 1 
  5027.19 7.7945e-15   5163.33 1 
  5029.87 8.3765e-15   5166.08 1 
  5032.55 7.7446e-15   5168.83 1 
  5035.23 8.3880e-15   5171.58 1 
  5037.90 8.7344e-15   5174.33 1 
  5040.58 7.9278e-15   5177.08 1 
  5043.26 8.0185e-15   5179.83 1 
  5045.94 7.9437e-15   5182.58 1 
  5048.61 8.0922e-15   5185.33 1 
  5051.29 7.9431e-15   5188.08 1 
  5053.97 8.8468e-15   5190.83 1 
  5056.65 8.4146e-15   5193.58 1 
  5059.32 8.0510e-15   5196.33 1 
  5062.00 7.7780e-15   5199.08 1 
  5064.68 8.8029e-15   5201.83 1 
  5067.36 7.9407e-15   5204.58 1 
  5070.03 7.8895e-15   5207.33 1 
  5072.71 7.8426e-15   5210.08 1 
  5075.39 7.8691e-15   5212.83 1 
  5078.07 7.9691e-15   5215.58 1 
  5080.74 7.4734e-15   5218.33 1 
  5083.42 7.7560e-15   5221.08 1 
  5086.10 8.4240e-15   5223.83 1 
  5088.78 7.5274e-15   5226.58 1 
  5091.45 8.1271e-15   5229.33 1 
  5094.13 7.7612e-15   5232.08 1 
  5096.81 7.9603e-15   5234.83 1 
  5099.49 8.1808e-15   5237.58 1 
  5102.16 8.3356e-15   5240.33 1 
  5104.84 7.9171e-15   5243.08 1 
  5107.52 7.4796e-15   5245.83 1 
  5110.20 7.9795e-15   5248.58 1 
  5112.87 7.5780e-15   5251.33 1 
  5115.55 7.9170e-15   5254.08 1 
  5118.23 7.5254e-15   5256.83 1 
  5120.91 7.8195e-15   5259.58 1 
  5123.58 7.9372e-15   5262.33 1 
  5126.26 7.4833e-15   5265.08 1 
  5128.94 7.3459e-15   5267.83 1 
  5131.62 7.8884e-15   5270.58 1 
  5134.29 8.2178e-15   5273.33 1 
  5136.97 7.9709e-15   5276.08 1 
  5139.65 7.8640e-15   5278.83 1 
  5142.33 7.6631e-15   5281.58 1 
  5145.00 7.5902e-15   5284.33 1 
  5147.68 7.7137e-15   5287.08 1 
  5150.36 7.8270e-15   5289.83 1 
  5153.04 7.8157e-15   5292.58 1 
  5155.71 7.8651e-15   5295.33 1 
  5158.39 7.7726e-15   5298.08 1 
  5161.07 8.5136e-15   5300.83 1 
  5163.75 7.9289e-15   5303.58 1 
  5166.42 7.8260e-15   5306.33 1 
  5169.10 7.6197e-15   5309.08 1 
  5171.78 6.8395e-15   5311.83 1 
  5174.46 7.2972e-15   5314.58 1 
  5177.13 7.6860e-15   5317.33 1 
  5179.81 6.9780e-15   5320.08 1 
  5182.49 7.1372e-15   5322.83 1 
  5185.17 7.4587e-15   5325.58 1 
  5187.84 7.8067e-15   5328.33 1 
  5190.52 7.6494e-15   5331.08 1 
  5193.20 7.6617e-15   5333.83 1 
  5195.88 8.3721e-15   5336.58 1 
  5198.55 7.9999e-15   5339.33 1 
  5201.23 8.2923e-15   5342.08 1 
  5203.91 8.5348e-15   5344.83 1 
  5206.59 7.3704e-15   5347.58 1 
  5209.26 7.4627e-15   5350.33 1 
  5211.94 8.3817e-15   5353.08 1 
  5214.62 7.4401e-15   5355.83 1 
  5217.30 7.7702e-15   5358.58 1 
  5219.97 7.9136e-15   5361.33 1 
  5222.65 8.0287e-15   5364.08 1 
  5225.33 7.9770e-15   5366.83 1 
  5228.01 7.8834e-15   5369.58 1 
  5230.68 7.1671e-15   5372.33 1 
  5233.36 7.8645e-15   5375.08 1 
  5236.04 7.8268e-15   5377.83 1 
  5238.72 7.4927e-15   5380.58 1 
  5241.39 7.5737e-15   5383.33 1 
  5244.07 8.1238e-15   5386.08 1 
  5246.75 7.5272e-15   5388.83 1 
  5249.43 7.2796e-15   5391.58 1 
  5252.10 7.6186e-15   5394.33 1 
  5254.78 6.9880e-15   5397.08 1 
  5257.46 7.4626e-15   5399.83 1 
  5260.14 7.2508e-15   5402.58 1 
  5262.81 7.5740e-15   5405.33 1 
  5265.49 6.9769e-15   5408.08 1 
  5268.17 7.6259e-15   5410.83 1 
  5270.85 7.5324e-15   5413.58 1 
  5273.52 7.6437e-15   5416.33 1 
  5276.20 7.0963e-15   5419.08 1 
  5278.88 7.6903e-15   5421.83 1 
  5281.56 7.1746e-15   5424.58 1 
  5284.23 7.7536e-15   5427.33 1 
  5286.91 7.4969e-15   5430.08 1 
  5289.59 7.8120e-15   5432.83 1 
  5292.27 7.6279e-15   5435.58 1 
  5294.94 8.1480e-15   5438.33 1 
  5297.62 8.0311e-15   5441.08 1 
  5300.30 7.7022e-15   5443.83 1 
  5302.98 7.8708e-15   5446.58 1 
  5305.65 7.8899e-15   5449.33 1 
  5308.33 7.7287e-15   5452.08 1 
  5311.01 6.9776e-15   5454.83 1 
  5313.69 8.1445e-15   5457.58 1 
  5316.36 8.0123e-15   5460.33 1 
  5319.04 7.4704e-15   5463.08 1 
  5321.72 7.6701e-15   5465.83 1 
  5324.40 7.8275e-15   5468.58 1 
  5327.07 7.5556e-15   5471.33 1 
  5329.75 7.3859e-15   5474.08 1 
  5332.43 7.6019e-15   5476.83 1 
  5335.11 7.1695e-15   5479.58 1 
  5337.78 8.0384e-15   5482.33 1 
  5340.46 7.4135e-15   5485.08 1 
  5343.14 7.1574e-15   5487.83 1 
  5345.82 7.2044e-15   5490.58 1 
  5348.49 7.7626e-15   5493.33 1 
  5351.17 7.1972e-15   5496.08 1 
  5353.85 7.7410e-15   5498.83 1 
  5356.53 8.0942e-15   5501.58 1 
  5359.20 8.2695e-15   5504.33 1 
  5361.88 8.2244e-15   5507.08 1 
  5364.56 7.8684e-15   5509.83 1 
  5367.24 7.4163e-15   5512.58 1 
  5369.91 7.5319e-15   5515.33 1 
  5372.59 7.2900e-15   5518.08 1 
  5375.27 8.0432e-15   5520.83 1 
  5377.95 7.7674e-15   5523.58 1 
  5380.62 7.8396e-15   5526.33 1 
  5383.30 7.9293e-15   5529.08 1 
  5385.98 8.0639e-15   5531.83 1 
  5388.66 7.6804e-15   5534.58 1 
  5391.33 7.1757e-15   5537.33 1 
  5394.01 7.2615e-15   5540.08 1 
  5396.69 7.3627e-15   5542.83 1 
  5399.37 7.6504e-15   5545.58 1 
  5402.04 7.1501e-15   5548.33 1 
  5404.72 7.6968e-15   5551.08 1 
  5407.40 7.9839e-15   5553.83 1 
  5410.08 7.8585e-15   5556.58 1 
  5412.75 8.0899e-15   5559.33 1 
  5415.43 7.5884e-15   5562.08 1 
  5418.11 8.1538e-15   5564.83 1 
  5420.79 7.1662e-15   5567.58 1 
  5423.46 7.8793e-15   5570.33 1 
  5426.14 7.5463e-15   5573.08 1 
  5428.82 7.9161e-15   5575.83 1 
  5431.50 7.9770e-15   5578.58 1 
  5434.17 7.3546e-15   5581.33 1 
  5436.85 7.3062e-15   5584.08 1 
  5439.53 7.5262e-15   5586.83 1 
  5442.21 7.4535e-15   5589.58 1 
  5444.88 8.0471e-15   5592.33 1 
  5447.56 7.5964e-15   5595.08 1 
  5450.24 7.3949e-15   5597.83 1 
  5452.92 7.6715e-15   5600.58 1 
  5455.59 7.7547e-15   5603.33 1 
  5458.27 7.3546e-15   5606.08 1 
  5460.95 7.3432e-15   5608.83 1 
  5463.63 7.9960e-15   5611.58 1 
  5466.30 7.0555e-15   5614.33 1 
  5468.98 7.5171e-15   5617.08 1 
  5471.66 7.2895e-15   5619.83 1 
  5474.34 7.5386e-15   5622.58 1 
  5477.01 7.7556e-15   5625.33 1 
  5479.69 7.6695e-15   5628.08 1 
  5482.37 7.1578e-15   5630.83 1 
  5485.05 7.8254e-15   5633.58 1 
  5487.72 7.7022e-15   5636.33 1 
  5490.40 7.1458e-15   5639.08 1 
  5493.08 7.3182e-15   5641.83 1 
  5495.76 7.1778e-15   5644.58 1 
  5498.43 7.1901e-15   5647.33 1 
  5501.11 7.6719e-15   5650.08 1 
  5503.79 7.6343e-15   5652.83 1 
  5506.47 7.5413e-15   5655.58 1 
  5509.14 7.5942e-15   5658.33 1 
  5511.82 7.2003e-15   5661.08 1 
  5514.50 7.3476e-15   5663.83 1 
  5517.17 7.3600e-15   5666.58 1 
  5519.85 7.4034e-15   5669.33 1 
  5522.53 7.5045e-15   5672.08 1 
  5525.21 8.2262e-15   5674.83 1 
  5527.88 7.6403e-15   5677.58 1 
  5530.56 7.4832e-15   5680.33 1 
  5533.24 8.4928e-15   5683.08 1 
  5535.92 8.0696e-15   5685.83 1 
  5538.59 7.2022e-15   5688.58 1 
  5541.27 7.4245e-15   5691.33 1 
  5543.95 7.8345e-15   5694.08 1 
  5546.63 7.7874e-15   5696.83 1 
  5549.30 8.0234e-15   5699.58 1 
  5551.98 7.6967e-15   5702.33 1 
  5554.66 7.7956e-15   5705.08 1 
  5557.34 8.0847e-15   5707.83 1 
  5560.01 7.6940e-15   5710.58 1 
  5562.69 7.8410e-15   5713.33 1 
  5565.37 7.5271e-15   5716.08 1 
  5568.05 7.3350e-15   5718.83 1 
  5570.72 7.6309e-15   5721.58 1 
  5573.40 7.2225e-15   5724.33 1 
  5576.08 7.4332e-15   5727.08 1 
  5578.76 7.3787e-15   5729.83 1 
  5581.43 7.3798e-15   5732.58 1 
  5584.11 7.2657e-15   5735.33 1 
  5586.79 7.0388e-15   5738.08 1 
  5589.47 6.7534e-15   5740.83 1 
  5592.14 6.7832e-15   5743.58 1 
  5594.82 7.0684e-15   5746.33 1 
  5597.50 7.1245e-15   5749.08 1 
  5600.18 7.4568e-15   5751.83 1 
  5602.85 7.5331e-15   5754.58 1 
  5605.53 7.4046e-15   5757.33 1 
  5608.21 7.4844e-15   5760.08 1 
  5610.89 7.4861e-15   5762.83 1 
  5613.56 7.3732e-15   5765.58 1 
  5616.24 7.0555e-15   5768.33 1 
  5618.92 7.0805e-15   5771.08 1 
  5621.60 7.1868e-15   5773.83 1 
  5624.27 7.2763e-15   5776.58 1 
  5626.95 7.5503e-15   5779.33 1 
  5629.63 6.9507e-15   5782.08 1 
  5632.31 7.3385e-15   5784.83 1 
  5634.98 7.6982e-15   5787.58 1 
  5637.66 7.5896e-15   5790.33 1 
  5640.34 7.8510e-15   5793.08 1 
  5643.02 7.5966e-15   5795.83 1 
  5645.69 7.4656e-15   5798.58 1 
  5648.37 6.9780e-15   5801.33 1 
  5651.05 7.0395e-15   5804.08 1 
  5653.73 7.9728e-15   5806.83 1 
  5656.40 7.9375e-15   5809.58 1 
  5659.08 7.2881e-15   5812.33 1 
  5661.76 7.3114e-15   5815.08 1 
  5664.44 7.6239e-15   5817.83 1 
  5667.11 7.4108e-15   5820.58 1 
  5669.79 7.2374e-15   5823.33 1 
  5672.47 7.3344e-15   5826.08 1 
  5675.15 7.7047e-15   5828.83 1 
  5677.82 7.9779e-15   5831.58 1 
  5680.50 7.7534e-15   5834.33 1 
  5683.18 7.8409e-15   5837.08 1 
  5685.86 7.6914e-15   5839.83 1 
  5688.53 7.4009e-15   5842.58 1 
  5691.21 7.5393e-15   5845.33 1 
  5693.89 7.4595e-15   5848.08 1 
  5696.57 7.3522e-15   5850.83 1 
  5699.24 7.1885e-15   5853.58 1 
  5701.92 7.1832e-15   5856.33 1 
  5704.60 7.8900e-15   5859.08 1 
  5707.28 7.4718e-15   5861.83 1 
  5709.95 7.1985e-15   5864.58 1 
  5712.63 7.3966e-15   5867.33 1 
  5715.31 7.5416e-15   5870.08 1 
  5717.99 7.8193e-15   5872.83 1 
  5720.66 7.5218e-15   5875.58 1 
  5723.34 7.3632e-15   5878.33 1 
  5726.02 7.5782e-15   5881.08 1 
  5728.70 9.5062e-15   5883.83 1 
  5731.37 9.9667e-15   5886.58 1 
  5734.05 1.1280e-14   5889.33 1 
  5736.73 8.4839e-15   5892.08 1 
  5739.41 7.2594e-15   5894.83 1 
  5742.08 6.4803e-15   5897.58 1 
  5744.76 6.0774e-15   5900.33 1 
  5747.44 6.9756e-15   5903.08 1 
  5750.12 6.7002e-15   5905.83 1 
  5752.79 7.8198e-15   5908.58 1 
  5755.47 6.7535e-15   5911.33 1 
  5758.15 7.8956e-15   5914.08 1 
  5760.83 7.7494e-15   5916.83 1 
  5763.50 7.9437e-15   5919.58 1 
  5766.18 7.1323e-15   5922.33 1 
  5768.86 7.7264e-15   5925.08 1 
  5771.54 7.4509e-15   5927.83 1 
  5774.21 7.6320e-15   5930.58 1 
  5776.89 7.5190e-15   5933.33 1 
  5779.57 8.1505e-15   5936.08 1 
  5782.25 7.3148e-15   5938.83 1 
  5784.92 7.7898e-15   5941.58 1 
  5787.60 7.1093e-15   5944.33 1 
  5790.28 6.8345e-15   5947.08 1 
  5792.96 6.6812e-15   5949.83 1 
  5795.63 7.9742e-15   5952.58 1 
  5798.31 7.6466e-15   5955.33 1 
  5800.99 6.9727e-15   5958.08 1 
  5803.67 6.7133e-15   5960.83 1 
  5806.34 7.1985e-15   5963.58 1 
  5809.02 7.5867e-15   5966.33 1 
  5811.70 7.2886e-15   5969.08 1 
  5814.38 8.0338e-15   5971.83 1 
  5817.05 8.0631e-15   5974.58 1 
  5819.73 7.2197e-15   5977.33 1 
  5822.41 6.9760e-15   5980.08 1 
  5825.09 7.7293e-15   5982.83 1 
  5827.76 7.6109e-15   5985.58 1 
  5830.44 7.5417e-15   5988.33 1 
  5833.12 7.1409e-15   5991.08 1 
  5835.80 7.9816e-15   5993.83 1 
  5838.47 7.4435e-15   5996.58 1 
  5841.15 7.4310e-15   5999.33 1 
  5843.83 7.3882e-15   6002.08 1 
  5846.51 7.0665e-15   6004.83 1 
  5849.18 6.6119e-15   6007.58 1 
  5851.86 7.5430e-15   6010.33 1 
  5854.54 6.2316e-15   6013.08 1 
  5857.22 7.1314e-15   6015.83 1 
  5859.89 7.5542e-15   6018.58 1 
  5862.57 7.1806e-15   6021.33 1 
  5865.25 7.1383e-15   6024.08 1 
  5867.93 7.6515e-15   6026.83 1 
  5870.60 7.2609e-15   6029.58 1 
  5873.28 9.1212e-15   6032.33 1 
  5875.96 8.6211e-15   6035.08 1 
  5878.64 8.7591e-15   6037.83 1 
  5881.31 8.3136e-15   6040.58 1 
  5883.99 7.0445e-15   6043.33 1 
  5886.67 6.5633e-15   6046.08 1 
  5889.35 6.4280e-15   6048.83 1 
  5892.02 7.1754e-15   6051.58 1 
  5894.70 6.8706e-15   6054.33 1 
  5897.38 6.2776e-15   6057.08 1 
  5900.06 6.6317e-15   6059.83 1 
  5902.73 5.9903e-15   6062.58 1 
  5905.41 6.7056e-15   6065.33 1 
  5908.09 7.4983e-15   6068.08 1 
  5910.77 7.7108e-15   6070.83 1 
  5913.44 7.1304e-15   6073.58 1 
  5916.12 7.2320e-15   6076.33 1 
  5918.80 6.7242e-15   6079.08 1 
  5921.48 6.9791e-15   6081.83 1 
  5924.15 7.4505e-15   6084.58 1 
  5926.83 6.8459e-15   6087.33 1 
  5929.51 7.2148e-15   6090.08 1 
  5932.19 7.1091e-15   6092.83 1 
  5934.86 7.2235e-15   6095.58 1 
  5937.54 7.2543e-15   6098.33 1 
  5940.22 7.5838e-15   6101.08 1 
  5942.90 6.7521e-15   6103.83 1 
  5945.57 6.9517e-15   6106.58 1 
  5948.25 6.9347e-15   6109.33 1 
  5950.93 7.1777e-15   6112.08 1 
  5953.61 7.2545e-15   6114.83 1 
  5956.28 6.9926e-15   6117.58 1 
  5958.96 6.7926e-15   6120.33 1 
  5961.64 7.2279e-15   6123.08 1 
  5964.32 7.0305e-15   6125.83 1 
  5966.99 6.8085e-15   6128.58 1 
  5969.67 7.0801e-15   6131.33 1 
  5972.35 6.7998e-15   6134.08 1 
  5975.03 7.1997e-15   6136.83 1 
  5977.70 7.3101e-15   6139.58 1 
  5980.38 7.2948e-15   6142.33 1 
  5983.06 6.7174e-15   6145.08 1 
  5985.74 6.8987e-15   6147.83 1 
  5988.41 7.0430e-15   6150.58 1 
  5991.09 6.8639e-15   6153.33 1 
  5993.77 7.0277e-15   6156.08 1 
  5996.45 6.7055e-15   6158.83 1 
  5999.12 6.6955e-15   6161.58 1 
  6001.80 7.0727e-15   6164.33 1 
  6004.48 6.9415e-15   6167.08 1 
  6007.16 7.3007e-15   6169.83 1 
  6009.83 7.3295e-15   6172.58 1 
  6012.51 6.5655e-15   6175.33 1 
  6015.19 6.9576e-15   6178.08 1 
  6017.87 6.7255e-15   6180.83 1 
  6020.54 7.3264e-15   6183.58 1 
  6023.22 7.2200e-15   6186.33 1 
  6025.90 6.8220e-15   6189.08 1 
  6028.58 7.1876e-15   6191.83 1 
  6031.25 6.9106e-15   6194.58 1 
  6033.93 6.8190e-15   6197.33 1 
  6036.61 6.8402e-15   6200.08 1 
  6039.29 7.1188e-15   6202.83 1 
  6041.96 6.8176e-15   6205.58 1 
  6044.64 7.1677e-15   6208.33 1 
  6047.32 7.2942e-15   6211.08 1 
  6050.00 7.2131e-15   6213.83 1 
  6052.67 6.9208e-15   6216.58 1 
  6055.35 6.6022e-15   6219.33 1 
  6058.03 6.6963e-15   6222.08 1 
  6060.71 6.7626e-15   6224.83 1 
  6063.38 6.7911e-15   6227.58 1 
  6066.06 7.4492e-15   6230.33 1 
  6068.74 6.9641e-15   6233.08 1 
  6071.42 7.1115e-15   6235.83 1 
  6074.09 7.1691e-15   6238.58 1 
  6076.77 7.3338e-15   6241.33 1 
  6079.45 6.5610e-15   6244.08 1 
  6082.13 7.4018e-15   6246.83 1 
  6084.80 6.6169e-15   6249.58 1 
  6087.48 7.2220e-15   6252.33 1 
  6090.16 6.9454e-15   6255.08 1 
  6092.84 6.9803e-15   6257.83 1 
  6095.51 6.4830e-15   6260.58 1 
  6098.19 7.0801e-15   6263.33 1 
  6100.87 7.5885e-15   6266.08 1 
  6103.55 6.9630e-15   6268.83 1 
  6106.22 6.9790e-15   6271.58 1 
  6108.90 6.9843e-15   6274.33 1 
  6111.58 6.6377e-15   6277.08 1 
  6114.26 7.5375e-15   6279.83 1 
  6116.93 7.1402e-15   6282.58 1 
  6119.61 6.5131e-15   6285.33 1 
  6122.29 7.3620e-15   6288.08 1 
  6124.97 6.4212e-15   6290.83 1 
  6127.64 7.9063e-15   6293.58 1 
  6130.32 9.6742e-15   6296.33 1 
  6133.00 1.0583e-14   6299.08 1 
  6135.68 8.5039e-15   6301.83 1 
  6138.35 4.3132e-15   6304.58 1 
  6141.03 4.0430e-15   6307.33 1 
  6143.71 6.2966e-15   6310.08 1 
  6146.39 6.8289e-15   6312.83 1 
  6149.06 7.3785e-15   6315.58 1 
  6151.74 7.3185e-15   6318.33 1 
  6154.42 7.1690e-15   6321.08 1 
  6157.10 7.4045e-15   6323.83 1 
  6159.77 7.7113e-15   6326.58 1 
  6162.45 6.3499e-15   6329.33 1 
  6165.13 7.2738e-15   6332.08 1 
  6167.81 5.4483e-15   6334.83 1 
  6170.48 6.7094e-15   6337.58 1 
  6173.16 6.7578e-15   6340.33 1 
  6175.84 7.4524e-15   6343.08 1 
  6178.52 6.1127e-15   6345.83 1 
  6181.19 6.6732e-15   6348.58 1 
  6183.87 7.1824e-15   6351.33 1 
  6186.55 7.2052e-15   6354.08 1 
  6189.23 6.9242e-15   6356.83 1 
  6191.90 6.9291e-15   6359.58 1 
  6194.58 7.3463e-15   6362.33 1 
  6197.26 6.9031e-15   6365.08 1 
  6199.94 6.9677e-15   6367.83 1 
  6202.61 6.9866e-15   6370.58 1 
  6205.29 7.4647e-15   6373.33 1 
  6207.97 7.5923e-15   6376.08 1 
  6210.65 6.9484e-15   6378.83 1 
  6213.32 7.2131e-15   6381.58 1 
  6216.00 6.7763e-15   6384.33 1 
  6218.68 7.9223e-15   6387.08 1 
  6221.36 6.7844e-15   6389.83 1 
  6224.03 7.0201e-15   6392.58 1 
  6226.71 6.5900e-15   6395.33 1 
  6229.39 5.9503e-15   6398.08 1 
  6232.07 6.5564e-15   6400.83 1 
  6234.74 6.2149e-15   6403.58 1 
  6237.42 6.0233e-15   6406.33 1 
  6240.10 6.7260e-15   6409.08 1 
  6242.78 6.0957e-15   6411.83 1 
  6245.45 6.0056e-15   6414.58 1 
  6248.13 6.7077e-15   6417.33 1 
  6250.81 6.5639e-15   6420.08 1 
  6253.49 6.6406e-15   6422.83 1 
  6256.16 6.5265e-15   6425.58 1 
  6258.84 6.3587e-15   6428.33 1 
  6261.52 6.4206e-15   6431.08 1 
  6264.20 6.2685e-15   6433.83 1 
  6266.87 6.5009e-15   6436.58 1 
  6269.55 5.9322e-15   6439.33 1 
  6272.23 5.8497e-15   6442.08 1 
  6274.91 6.6983e-15   6444.83 1 
  6277.58 7.0626e-15   6447.58 1 
  6280.26 6.0102e-15   6450.33 1 
  6282.94 5.8566e-15   6453.08 1 
  6285.62 6.2020e-15   6455.83 1 
  6288.29 6.8920e-15   6458.58 1 
  6290.97 7.4419e-15   6461.33 1 
  6293.65 7.0473e-15   6464.08 1 
  6296.33 8.0072e-15   6466.83 1 
  6299.00 9.2526e-15   6469.58 1 
  6301.68 9.1509e-15   6472.33 1 
  6304.36 8.6798e-15   6475.08 1 
  6307.04 7.9656e-15   6477.83 1 
  6309.71 6.8042e-15   6480.58 1 
  6312.39 6.5379e-15   6483.33 1 
  6315.07 6.5777e-15   6486.08 1 
  6317.75 6.6732e-15   6488.83 1 
  6320.42 6.8809e-15   6491.58 1 
  6323.10 7.2429e-15   6494.33 1 
  6325.78 7.4642e-15   6497.08 1 
  6328.46 6.7701e-15   6499.83 1 
  6331.13 6.9462e-15   6502.58 1 
  6333.81 6.3529e-15   6505.33 1 
  6336.49 6.3025e-15   6508.08 1 
  6339.17 6.8703e-15   6510.83 1 
  6341.84 6.8727e-15   6513.58 1 
  6344.52 6.6766e-15   6516.33 1 
  6347.20 6.3312e-15   6519.08 1 
  6349.88 6.7085e-15   6521.83 1 
  6352.55 6.0703e-15   6524.58 1 
  6355.23 7.2708e-15   6527.33 1 
  6357.91 7.7799e-15   6530.08 1 
  6360.59 7.8898e-15   6532.83 1 
  6363.26 6.8219e-15   6535.58 1 
  6365.94 7.6786e-15   6538.33 1 
  6368.62 6.5855e-15   6541.08 1 
  6371.30 7.4307e-15   6543.83 1 
  6373.97 6.2066e-15   6546.58 1 
  6376.65 7.0393e-15   6549.33 1 
  6379.33 7.3700e-15   6552.08 1 
  6382.01 6.0382e-15   6554.83 1 
  6384.68 6.6773e-15   6557.58 1 
  6387.36 6.1618e-15   6560.33 1 
  6390.04 6.4701e-15   6563.08 1 
  6392.72 6.3495e-15   6565.83 1 
  6395.39 7.1647e-15   6568.58 1 
  6398.07 7.2065e-15   6571.33 1 
  6400.75 6.7206e-15   6574.08 1 
  6403.43 6.9807e-15   6576.83 1 
  6406.10 6.4359e-15   6579.58 1 
  6408.78 6.7489e-15   6582.33 1 
  6411.46 5.7443e-15   6585.08 1 
  6414.14 6.5075e-15   6587.83 1 
  6416.81 6.2927e-15   6590.58 1 
  6419.49 6.6803e-15   6593.33 1 
  6422.17 5.9350e-15   6596.08 1 
  6424.85 6.1634e-15   6598.83 1 
  6427.52 6.3902e-15   6601.58 1 
  6430.20 6.3101e-15   6604.33 1 
  6432.88 6.5241e-15   6607.08 1 
  6435.56 5.9028e-15   6609.83 1 
  6438.23 6.0663e-15   6612.58 1 
  6440.91 6.5540e-15   6615.33 1 
  6443.59 6.1265e-15   6618.08 1 
  6446.27 6.6566e-15   6620.83 1 
  6448.94 6.4489e-15   6623.58 1 
  6451.62 6.6830e-15   6626.33 1 
  6454.30 6.7067e-15   6629.08 1 
  6456.98 6.5994e-15   6631.83 1 
  6459.65 6.5067e-15   6634.58 1 
  6462.33 6.2084e-15   6637.33 1 
  6465.01 6.4266e-15   6640.08 1 
  6467.69 6.6452e-15   6642.83 1 
  6470.36 6.7031e-15   6645.58 1 
  6473.04 6.6280e-15   6648.33 1 
  6475.72 6.2178e-15   6651.08 1 
  6478.40 6.2591e-15   6653.83 1 
  6481.07 6.5767e-15   6656.58 1 
  6483.75 6.9260e-15   6659.33 1 
  6486.43 6.5651e-15   6662.08 1 
  6489.11 6.7455e-15   6664.83 1 
  6491.78 6.5210e-15   6667.58 1 
  6494.46 6.4586e-15   6670.33 1 
  6497.14 6.2930e-15   6673.08 1 
  6499.82 6.8115e-15   6675.83 1 
  6502.49 6.3940e-15   6678.58 1 
  6505.17 6.6507e-15   6681.33 1 
  6507.85 6.0367e-15   6684.08 1 
  6510.53 6.1520e-15   6686.83 1 
  6513.20 6.6277e-15   6689.58 1 
  6515.88 6.5655e-15   6692.33 1 
  6518.56 6.8026e-15   6695.08 1 
  6521.24 6.7822e-15   6697.83 1 
  6523.91 6.5256e-15   6700.58 1 
  6526.59 6.7512e-15   6703.33 1 
  6529.27 6.6960e-15   6706.08 1 
  6531.95 7.1859e-15   6708.83 1 
  6534.62 6.2855e-15   6711.58 1 
  6537.30 6.3318e-15   6714.33 1 
  6539.98 6.8287e-15   6717.08 1 
  6542.65 9.3072e-15   6719.83 1 
  6545.33 1.1115e-14   6722.58 1 
  6548.01 1.3373e-14   6725.33 1 
  6550.69 1.3364e-14   6728.08 1 
  6553.36 1.3969e-14   6730.83 1 
  6556.04 2.1387e-14   6733.58 1 
  6558.72 3.9656e-14   6736.33 1 
  6561.40 6.0222e-14   6739.08 1 
  6564.07 6.5838e-14   6741.83 1 
  6566.75 5.3172e-14   6744.58 1 
  6569.43 3.2509e-14   6747.33 1 
  6572.11 1.5878e-14   6750.08 1 
  6574.78 1.1744e-14   6752.83 1 
  6577.46 1.1886e-14   6755.58 1 
  6580.14 1.8670e-14   6758.33 1 
  6582.82 2.4647e-14   6761.08 1 
  6585.49 2.6991e-14   6763.83 1 
  6588.17 2.0043e-14   6766.58 1 
  6590.85 1.4197e-14   6769.33 1 
  6593.53 8.6122e-15   6772.08 1 
  6596.20 7.8437e-15   6774.83 1 
  6598.88 7.3591e-15   6777.58 1 
  6601.56 6.3001e-15   6780.33 1 
  6604.24 6.8761e-15   6783.08 1 
  6606.91 6.6281e-15   6785.83 1 
  6609.59 7.1341e-15   6788.58 1 
  6612.27 5.9366e-15   6791.33 1 
  6614.95 6.1071e-15   6794.08 1 
  6617.62 6.2897e-15   6796.83 1 
  6620.30 6.6479e-15   6799.58 1 
  6622.98 7.6579e-15   6802.33 1 
  6625.66 6.9445e-15   6805.08 1 
  6628.33 6.3413e-15   6807.83 1 
  6631.01 7.1163e-15   6810.58 1 
  6633.69 6.8988e-15   6813.33 1 
  6636.37 6.7715e-15   6816.08 1 
  6639.04 6.8247e-15   6818.83 1 
  6641.72 7.5133e-15   6821.58 1 
  6644.40 7.9675e-15   6824.33 1 
  6647.08 7.6786e-15   6827.08 1 
  6649.75 7.4226e-15   6829.83 1 
  6658.80 6.3465e-15   6839.12 0 
  6674.15 6.2596e-15   6854.88 0 
  6689.53 6.2454e-15   6870.68 0 
  6704.95 6.2456e-15   6886.52 0 
  6720.41 6.2028e-15   6902.40 0 
  6735.90 6.2748e-15   6918.31 0 
  6751.43 6.1604e-15   6934.26 0 
  6766.99 6.2607e-15   6950.24 0 
  6782.59 6.2898e-15   6966.26 0 
  6798.23 6.1752e-15   6982.33 0 
  6813.90 6.2182e-15   6998.42 0 
  6829.61 6.2615e-15   7014.55 0 
  6845.35 6.1615e-15   7030.72 0 
  6861.13 6.0912e-15   7046.93 0 
  6876.95 6.0216e-15   7063.18 0 
  6892.80 5.9666e-15   7079.46 0 
  6908.69 6.0498e-15   7095.78 0 
  6924.62 6.0500e-15   7112.14 0 
  6940.58 6.1768e-15   7128.53 0 
  6956.58 6.2342e-15   7144.96 0 
  6972.62 6.2200e-15   7161.43 0 
  6988.69 6.1490e-15   7177.94 0 
  7004.80 6.1351e-15   7194.49 0 
  7020.95 6.1211e-15   7211.08 0 
  7037.13 6.1780e-15   7227.70 0 
  7053.35 6.2930e-15   7244.36 0 
  7069.62 5.9275e-15   7261.06 0 
  7085.91 6.1078e-15   7277.80 0 
  7102.24 5.8600e-15   7294.57 0 
  7118.62 5.7665e-15   7311.39 0 
  7135.03 5.7138e-15   7328.25 0 
  7151.48 5.8068e-15   7345.14 0 
  7167.96 5.8070e-15   7362.07 0 
  7184.49 5.6881e-15   7379.04 0 
  7201.05 5.5205e-15   7396.05 0 
  7217.65 5.8478e-15   7413.10 0 
  7234.29 5.8750e-15   7430.19 0 
  7250.96 5.7150e-15   7447.32 0 
  7267.68 5.7681e-15   7464.49 0 
  7284.43 5.7550e-15   7481.70 0 
  7301.22 5.7552e-15   7498.94 0 
  7318.05 5.8086e-15   7516.23 0 
  7334.93 5.9578e-15   7533.56 0 
  7351.84 5.9170e-15   7550.92 0 
  7368.78 5.8765e-15   7568.33 0 
  7385.77 6.1536e-15   7585.78 0 
  7402.80 6.0694e-15   7603.26 0 
  7419.86 5.9863e-15   7620.79 0 
  7436.96 6.0558e-15   7638.36 0 
  7454.11 5.9592e-15   7655.97 0 
  7471.29 5.9457e-15   7673.61 0 
  7488.51 6.0286e-15   7691.30 0 
  7505.78 6.0706e-15   7709.04 0 
  7523.08 6.1128e-15   7726.81 0 
  7540.42 6.0849e-15   7744.62 0 
  7557.81 6.0433e-15   7762.47 0 
  7575.23 6.0435e-15   7780.37 0 
  7592.69 6.0159e-15   7798.30 0 
  7610.19 5.9335e-15   7816.28 0 
  7627.74 5.8120e-15   7834.30 0 
  7645.32 5.8660e-15   7852.36 0 
  7662.94 5.8797e-15   7870.46 0 
  7680.61 5.7461e-15   7888.60 0 
  7698.32 5.7330e-15   7906.79 0 
  7716.06 5.7069e-15   7925.01 0 
  7733.85 5.6548e-15   7943.28 0 
  7751.68 5.6160e-15   7961.59 0 
  7769.55 5.6813e-15   7979.95 0 
  7787.46 5.5266e-15   7998.34 0 
  7805.41 5.5779e-15   8016.78 0 
  7823.40 5.7609e-15   8035.26 0 
  7841.44 5.5655e-15   8053.78 0 
  7859.52 5.6822e-15   8072.35 0 
  7877.63 5.7086e-15   8090.96 0 
  7895.79 5.7484e-15   8109.61 0 
  7914.00 5.6437e-15   8128.31 0 
  7932.24 5.5281e-15   8147.04 0 
  7950.52 5.3776e-15   8165.82 0 
  7968.85 5.4904e-15   8184.65 0 
  7987.22 5.4906e-15   8203.52 0 
  8005.63 5.4656e-15   8222.43 0 
  8024.09 5.6579e-15   8241.38 0 
  8042.59 5.6711e-15   8260.38 0 
  8061.13 5.6452e-15   8279.42 0 
  8079.71 5.4412e-15   8298.51 0 
  8098.34 5.3298e-15   8317.64 0 
  8117.00 5.5300e-15   8336.81 0 
  8135.71 5.5430e-15   8356.03 0 
  8154.47 5.4295e-15   8375.29 0 
  8173.27 5.2212e-15   8394.60 0 
  8192.11 5.2941e-15   8413.95 0 
  8211.00 5.4551e-15   8433.35 0 
  8229.92 5.3066e-15   8452.79 0 
  8248.89 5.5826e-15   8472.27 0 
  8267.91 5.5571e-15   8491.80 0 
  8286.97 5.4308e-15   8511.38 0 
  8306.07 5.4185e-15   8531.00 0 
  8325.22 5.4689e-15   8550.67 0 
  8344.41 5.3323e-15   8570.38 0 
  8363.65 5.4316e-15   8590.14 0 
  8382.93 5.3696e-15   8609.94 0 
  8402.26 5.4697e-15   8629.79 0 
  8421.62 5.2357e-15   8649.68 0 
  8441.03 5.4324e-15   8669.62 0 
  8460.49 5.3704e-15   8689.60 0 
  8480.00 5.2605e-15   8709.64 0 
  8499.55 5.4455e-15   8729.71 0 
  8519.14 5.3834e-15   8749.84 0 
  8538.78 5.3465e-15   8770.01 0 
  8558.46 4.9555e-15   8790.23 0 
  8578.19 5.3964e-15   8810.49 0 
  8597.97 5.2738e-15   8830.80 0 
  8617.79 5.2618e-15   8851.16 0 
  8637.65 5.3846e-15   8871.56 0 
  8657.56 5.1306e-15   8892.01 0 
  8677.52 4.7883e-15   8912.51 0 
  8697.53 4.8328e-15   8933.05 0 
  8717.57 5.3115e-15   8953.65 0 
  8737.67 5.2509e-15   8974.29 0 
  8757.81 4.9346e-15   8994.98 0 
  8778.00 5.2634e-15   9015.71 0 
  8798.24 5.2879e-15   9036.50 0 
  8818.52 5.1677e-15   9057.33 0 
  8838.85 5.3005e-15   9078.20 0 
  8859.23 5.1681e-15   9099.13 0 
  8879.65 4.9017e-15   9120.11 0 
  8900.12 5.0976e-15   9141.13 0 
  8920.63 5.1096e-15   9162.20 0 
  8941.20 5.0980e-15   9183.33 0 
  8961.81 5.0283e-15   9204.50 0 
  8982.47 4.8914e-15   9225.71 0 
  9003.18 4.8579e-15   9246.98 0 
  9023.93 4.3198e-15   9268.30 0 
  9044.73 5.3025e-15   9289.66 0 
  9065.59 5.4513e-15   9311.08 0 
  9086.48 5.0994e-15   9332.54 0 
  9107.43 5.0996e-15   9354.06 0 
  9128.42 4.6297e-15   9375.62 0 
  9149.47 5.0300e-15   9397.23 0 
  9170.56 5.0534e-15   9418.90 0 
  9191.70 4.9958e-15   9440.61 0 
  9212.89 5.0422e-15   9462.37 0 
  9234.12 4.5776e-15   9484.18 0 
  9255.41 4.7935e-15   9506.05 0 
  9276.75 5.2080e-15   9527.96 0 
  9298.13 4.8383e-15   9549.93 0 
  9319.57 5.0201e-15   9571.94 0 
  9341.05 4.9972e-15   9594.01 0 
  9362.59 4.9402e-15   9616.12 0 
  9384.17 4.9746e-15   9638.29 0 
  9405.80 4.8840e-15   9660.51 0 
  9427.48 4.9865e-15   9682.78 0 
  9449.21 4.9296e-15   9705.10 0 
  9471.00 4.9869e-15   9727.47 0 
  9492.83 4.9756e-15   9749.90 0 
  9514.71 4.8850e-15   9772.37 0 
  9536.65 4.8404e-15   9794.90 0 
  9558.63 4.5804e-15   9817.48 0 
  9580.67 4.8186e-15   9840.11 0 
  9602.75 4.8971e-15   9862.79 0 
  9624.89 4.8973e-15   9885.53 0 
  9647.08 4.8638e-15   9908.32 0 
  9669.32 4.8528e-15   9931.16 0 
  9691.60 4.8867e-15   9954.05 0 
  9713.95 4.8532e-15   9977.00 0 
  9736.34 4.8200e-15  10000.00 0 
  9758.78 4.7981e-15  10023.05 0 
  9781.28 4.7543e-15  10046.15 0 
  9803.82 4.8206e-15  10069.31 0 
  9826.43 4.7876e-15  10092.53 0 
  9849.08 4.7989e-15  10115.80 0 
  9871.79 4.7770e-15  10139.12 0 
  9894.54 4.7662e-15  10162.49 0 
  9917.35 4.7446e-15  10185.91 0 
  9940.21 4.7667e-15  10209.39 0 
  9963.13 4.7559e-15  10232.94 0 
  9986.10 4.7342e-15  10256.52 0 
 10032.19 4.6482e-15  10303.86 0 
 10078.49 4.5638e-15  10351.42 0 
 10125.02 4.6813e-15  10399.21 0 
 10171.75 4.6495e-15  10447.20 0 
 10218.70 4.6499e-15  10495.42 0 
 10265.86 4.6503e-15  10543.86 0 
 10289.54 4.6291e-15  10568.18 0 
 10504.99 4.4833e-15  10789.47 0 
 10700.29 4.3212e-15  10990.06 0 
 10899.22 4.0889e-15  11194.37 0 
 11101.86 3.9500e-15  11402.50 0 
 11308.26 3.8690e-15  11614.49 0 
 11492.00 3.8513e-15  11803.21 0 
 11705.65 3.7549e-15  12022.64 0 
 11895.85 3.6442e-15  12217.99 0 
 12089.15 3.5777e-15  12416.52 0 
 12313.91 3.5124e-15  12647.37 0 
 12513.99 3.4245e-15  12852.87 0 
 12688.07 3.3466e-15  13031.66 0 
 12894.25 3.2629e-15  13243.42 0 
 13103.76 3.2107e-15  13458.61 0 
 13286.05 3.1232e-15  13645.84 0 
 13501.93 3.0733e-15  13867.56 0 
 13689.75 3.0102e-15  14060.47 0 
 13912.20 2.9282e-15  14288.95 0 
 14105.73 2.8158e-15  14487.71 0 
 14301.96 2.7580e-15  14689.26 0 
 14500.92 2.7517e-15  14893.61 0 
 14702.65 2.6829e-15  15100.80 0 
 14907.19 2.6953e-15  15310.87 0 
 15114.57 2.6891e-15  15523.87 0 
 15289.59 2.7077e-15  15703.63 0 
 15502.29 2.7015e-15  15922.09 0 
 15717.95 2.6400e-15  16143.59 0 
 15899.94 2.5386e-15  16330.51 0 
 16084.06 2.5445e-15  16519.62 0 
 16307.81 2.5328e-15  16749.43 0 
 16496.65 2.4866e-15  16943.38 0 
 16687.68 2.4695e-15  17139.58 0 
 16880.90 2.4244e-15  17338.03 0 
 17115.74 2.3856e-15  17579.23 0 
 17313.93 2.2993e-15  17782.79 0 
 17514.42 2.2522e-15  17988.71 0 
 17717.23 2.1757e-15  18197.02 0 
 17881.16 2.1164e-15  18365.38 0 
 18088.22 2.0258e-15  18578.05 0 
 18297.67 1.9797e-15  18793.18 0 
 18509.54 1.9258e-15  19010.77 0 
 18680.81 1.8476e-15  19186.69 0 
 18897.13 1.8055e-15  19408.86 0 
 19115.95 1.7807e-15  19633.61 0 
 19292.82 1.7282e-15  19815.27 0 
 19516.22 1.6696e-15  20044.72 0 
 19696.81 1.6278e-15  20230.20 0 
 19879.05 1.5871e-15  20417.38 0 
 20109.25 1.5617e-15  20653.80 0 
 20295.30 1.5122e-15  20844.90 0 
 20483.10 1.4914e-15  21037.78 0 
 20720.29 1.4575e-15  21281.39 0 
 20912.00 1.4243e-15  21478.29 0 
 21105.50 1.4015e-15  21677.04 0 
 21300.80 1.3728e-15  21877.62 0 
 21497.88 1.3446e-15  22080.04 0 
 21696.80 1.3050e-15  22284.35 0 
 21897.57 1.2871e-15  22490.56 0 
 22100.17 1.2578e-15  22698.65 0 
 22304.67 1.2263e-15  22908.68 0 
 22511.04 1.1934e-15  23120.64 0 
 22719.34 1.1554e-15  23334.58 0 
 22876.81 1.0444e-15  23496.32 0 
 23088.50 1.0295e-15  23713.74 0 
 23302.15 9.1053e-16  23933.17 0 
 23517.74 8.5080e-16  24154.60 0 
 23680.77 8.5635e-16  24322.05 0 
 23899.87 7.8880e-16  24547.08 0 
 24121.03 7.5885e-16  24774.22 0 
 24288.21 7.5113e-16  24945.94 0 
 24512.96 7.0253e-16  25176.77 0 
 24682.86 6.9189e-16  25351.28 0 
 24819.00 7.0746e-16  25491.10 2 
 24913.15 6.1173e-16  25587.80 2 
 25007.40 6.0540e-16  25684.60 2 
 25101.55 5.8904e-16  25781.30 2 
 25195.80 6.1562e-16  25878.10 2 
 25290.05 5.9899e-16  25974.90 2 
 25384.20 6.4680e-16  26071.60 2 
 25478.44 6.2684e-16  26168.40 2 
 25572.69 6.3387e-16  26265.20 2 
 25666.84 6.1969e-16  26361.90 2 
 25761.09 6.5092e-16  26458.70 2 
 25855.24 6.2601e-16  26555.40 2 
 25949.49 6.6573e-16  26652.20 2 
 26043.74 6.5789e-16  26749.00 2 
 26137.89 6.3412e-16  26845.70 2 
 26232.14 6.0659e-16  26942.50 2 
 26326.38 6.0020e-16  27039.30 2 
 26420.53 6.1156e-16  27136.00 2 
 26514.78 5.9611e-16  27232.80 2 
 26608.93 5.7197e-16  27329.50 2 
 26703.18 5.6612e-16  27426.30 2 
 26797.43 5.2795e-16  27523.10 2 
 26891.58 5.3701e-16  27619.80 2 
 26985.83 4.9894e-16  27716.60 2 
 27080.07 4.9602e-16  27813.40 2 
 27174.22 4.7112e-16  27910.10 2 
 27268.47 4.8537e-16  28006.90 2 
 27362.62 4.8319e-16  28103.60 2 
 27456.87 4.7436e-16  28200.40 2 
 27551.12 4.5637e-16  28297.20 2 
 27645.27 4.7694e-16  28393.90 2 
 27739.52 4.8634e-16  28490.70 2 
 27833.76 5.0177e-16  28587.50 2 
 27927.91 5.1402e-16  28684.20 2 
 28022.16 5.3185e-16  28781.00 2 
 28116.31 5.0095e-16  28877.70 2 
 28210.56 5.1844e-16  28974.50 2 
 28304.81 5.0398e-16  29071.30 2 
 28398.96 5.0152e-16  29168.00 2 
 28493.20 4.9282e-16  29264.80 2 
 28587.45 4.7697e-16  29361.60 2 
 28681.60 4.4321e-16  29458.30 2 
 28775.85 4.5612e-16  29555.10 2 
 28870.00 4.7481e-16  29651.80 2 
 28964.25 4.7941e-16  29748.60 2 
 29058.50 4.2855e-16  29845.40 2 
 29152.65 4.3088e-16  29942.10 2 
 29246.89 4.3198e-16  30038.90 2 
 29341.14 4.2236e-16  30135.70 2 
 29435.29 4.1672e-16  30232.40 2 
 29529.54 4.1137e-16  30329.20 2 
 29623.69 4.2752e-16  30425.90 2 
 29717.94 4.2057e-16  30522.70 2 
 29812.19 4.2472e-16  30619.50 2 
 29906.34 4.1624e-16  30716.20 2 
 30000.58 3.8686e-16  30813.00 2 
 30094.83 3.9083e-16  30909.80 2 
 30188.98 3.7481e-16  31006.50 2 
 30283.23 4.0623e-16  31103.30 2 
 30377.38 4.0507e-16  31200.00 2 
 30471.63 3.9931e-16  31296.80 2 
 30565.88 3.5080e-16  31393.60 2 
 30660.03 3.6907e-16  31490.30 2 
 30754.27 3.3878e-16  31587.10 2 
 30848.52 3.7880e-16  31683.90 2 
 30942.67 3.3726e-16  31780.60 2 
 31036.92 3.7447e-16  31877.40 2 
 31131.07 3.3121e-16  31974.10 2 
 31225.32 3.6552e-16  32070.90 2 
 31319.57 3.3591e-16  32167.70 2 
 31413.72 3.8221e-16  32264.40 2 
 31507.96 3.7191e-16  32361.20 2 
 31602.21 4.5404e-16  32458.00 2 
 31696.36 4.2554e-16  32554.70 2 
 31790.61 4.9118e-16  32651.50 2 
 31884.76 5.0676e-16  32748.20 2 
 31979.01 5.2351e-16  32845.00 2 
 32073.26 5.4312e-16  32941.80 2 
 32167.41 6.2680e-16  33038.50 2 
 32261.66 6.5648e-16  33135.30 2 
 32355.90 7.9546e-16  33232.10 2 
 32450.05 9.1885e-16  33328.80 2 
 32544.30 1.0471e-15  33425.60 2 
 32638.45 1.0420e-15  33522.30 2 
 32732.70 1.1032e-15  33619.10 2 
 32826.94 9.8603e-16  33715.90 2 
 32921.09 9.9856e-16  33812.60 2 
 33015.34 8.6946e-16  33909.40 2 
 33109.59 7.5860e-16  34006.20 2 
 33203.74 6.3551e-16  34102.90 2 
 33297.99 5.9711e-16  34199.70 2 
 33392.14 5.6252e-16  34296.40 2 
 33486.39 5.8967e-16  34393.20 2 
 33580.64 5.9606e-16  34490.00 2 
 33674.79 5.8204e-16  34586.70 2 
 33769.03 5.2903e-16  34683.50 2 
 33863.28 5.2230e-16  34780.30 2 
 33957.43 4.6245e-16  34877.00 2 
 34051.68 4.7288e-16  34973.80 2 
 34145.83 5.0218e-16  35070.50 2 
 34240.08 5.2724e-16  35167.30 2 
 34334.33 5.2096e-16  35264.10 2 
 34428.48 5.2304e-16  35360.80 2 
 34522.72 5.0682e-16  35457.60 2 
 34616.97 5.0133e-16  35554.40 2 
 34711.12 4.5405e-16  35651.10 2 
 34805.37 4.7110e-16  35747.90 2 
 34899.52 4.1802e-16  35844.60 2 
 34993.77 4.1828e-16  35941.40 2 
 35088.02 3.8677e-16  36038.20 2 
 35182.17 4.0538e-16  36134.90 2 
 35276.41 3.8445e-16  36231.70 2 
 35370.66 3.9485e-16  36328.50 2 
 35464.81 3.6754e-16  36425.20 2 
 35559.06 3.7071e-16  36522.00 2 
 35653.21 3.2420e-16  36618.70 2 
 35747.46 3.2862e-16  36715.50 2 
 35841.71 3.3631e-16  36812.30 2 
 35935.86 3.4326e-16  36909.00 2 
 36030.10 3.3083e-16  37005.80 2 
 36124.35 3.0822e-16  37102.60 2 
 36218.50 2.6689e-16  37199.30 2 
 36312.75 3.0028e-16  37296.10 2 
 36406.90 2.7953e-16  37392.80 2 
 36501.15 3.0047e-16  37489.60 2 
 36595.40 2.9974e-16  37586.40 2 
 36689.55 3.3293e-16  37683.10 2 
 36783.80 2.8224e-16  37779.90 2 
 36878.04 3.0925e-16  37876.70 2 
 36972.19 2.5467e-16  37973.40 2 
 37066.44 2.9005e-16  38070.20 2 
 37160.59 2.7688e-16  38166.90 2 
 37254.84 3.0799e-16  38263.70 2 
 37349.09 3.2096e-16  38360.50 2 
 37443.24 3.3346e-16  38457.20 2 
 37537.48 3.1466e-16  38554.00 2 
 37631.73 3.1638e-16  38650.80 2 
 37725.88 2.8154e-16  38747.50 2 
 37820.13 3.0722e-16  38844.30 2 
 37914.28 2.6409e-16  38941.00 2 
 38008.53 3.0731e-16  39037.80 2 
 38102.78 2.8167e-16  39134.60 2 
 38196.93 3.0223e-16  39231.30 2 
 38291.18 2.6212e-16  39328.10 2 
 38385.43 2.7389e-16  39424.90 2 
 38479.57 2.4195e-16  39521.60 2 
 38573.82 2.5678e-16  39618.40 2 
 38667.97 2.3619e-16  39715.10 2 
 38762.22 2.6358e-16  39811.90 2 
 38856.47 2.4712e-16  39908.70 2 
 38950.62 2.6746e-16  40005.40 2 
 39044.86 2.2432e-16  40102.20 2 
 39139.11 2.5936e-16  40199.00 2 
 39233.26 2.7118e-16  40295.70 2 
 39327.51 2.8656e-16  40392.50 2 
 39421.66 2.6120e-16  40489.20 2 
 39515.91 2.5508e-16  40586.00 2 
 39610.16 2.4681e-16  40682.80 2 
 39704.31 2.6100e-16  40779.50 2 
 39798.55 2.3831e-16  40876.30 2 
 39892.80 2.6875e-16  40973.10 2 
 39986.95 2.6286e-16  41069.80 2 
 40081.20 2.9927e-16  41166.60 2 
 40175.35 3.1809e-16  41263.30 2 
 40269.60 3.6460e-16  41360.10 2 
 40363.85 3.3809e-16  41456.90 2 
 40458.00 3.3910e-16  41553.60 2 
 40552.24 2.9758e-16  41650.40 2 
 40646.49 2.7648e-16  41747.20 2 
 40740.65 1.9857e-16  41843.90 2 
 40834.89 1.7965e-16  41940.70 2 
 40929.04 1.6497e-16  42037.40 2 
 41023.29 1.9998e-16  42134.20 2 
 41117.54 2.1872e-16  42231.00 2 
 41211.69 2.5693e-16  42327.70 2 
 41305.94 2.3496e-16  42424.50 2 
 41400.18 2.4148e-16  42521.30 2 
 41494.33 2.3695e-16  42618.00 2 
 41588.58 2.5061e-16  42714.80 2 
 41682.73 2.3934e-16  42811.50 2 
 41776.98 2.3335e-16  42908.30 2 
 41871.22 2.1198e-16  43005.10 2 
 41965.38 2.2690e-16  43101.80 2 
 42059.63 2.0890e-16  43198.60 2 
 42153.87 2.3970e-16  43295.40 2 
 42248.03 2.1938e-16  43392.10 2 
 42342.27 2.3765e-16  43488.90 2 
 42436.42 2.0631e-16  43585.60 2 
 42530.67 2.3918e-16  43682.40 2 
 42624.92 2.1855e-16  43779.20 2 
 42719.07 2.2589e-16  43875.90 2 
 42813.32 2.0075e-16  43972.70 2 
 42907.56 2.0059e-16  44069.50 2 
 43001.71 1.9810e-16  44166.20 2 
 43095.96 2.1391e-16  44263.00 2 
 43190.11 1.8719e-16  44359.70 2 
 43284.36 1.9177e-16  44456.50 2 
 43378.61 2.0232e-16  44553.30 2 
 43472.76 2.2638e-16  44650.00 2 
 43567.01 2.0527e-16  44746.80 2 
 43661.25 1.9141e-16  44843.60 2 
 43755.40 1.5582e-16  44940.30 2 
 43849.65 2.0412e-16  45037.10 2 
 43943.80 1.8752e-16  45133.80 2 
 44038.05 2.3077e-16  45230.60 2 
 44132.30 2.2173e-16  45327.40 2 
 44226.45 2.1693e-16  45424.10 2 
 44320.70 1.6575e-16  45520.90 2 
 44414.94 1.8722e-16  45617.70 2 
 44509.10 1.5511e-16  45714.40 2 
 44603.34 2.0352e-16  45811.20 2 
 44697.49 1.8306e-16  45907.90 2 
 44791.74 2.0387e-16  46004.70 2 
 44885.99 1.5750e-16  46101.50 2 
 44980.14 1.8134e-16  46198.20 2 
 45074.39 1.6975e-16  46295.00 2 
 45168.63 2.0481e-16  46391.80 2 
 45262.78 1.8970e-16  46488.50 2 
 45357.03 2.0566e-16  46585.30 2 
 45451.18 1.8051e-16  46682.00 2 
 45545.43 2.0626e-16  46778.80 2 
 45639.68 1.6709e-16  46875.60 2 
 45733.82 1.5809e-16  46972.30 2 
 45828.08 1.0725e-16  47069.10 2 
 45922.32 1.5515e-16  47165.90 2 
 46016.48 1.5621e-16  47262.60 2 
 46110.72 2.0696e-16  47359.40 2 
 46204.87 1.8877e-16  47456.10 2 
 46299.12 1.9763e-16  47552.90 2 
 46393.37 1.6106e-16  47649.70 2 
 46487.52 1.8498e-16  47746.40 2 
 46581.77 1.7637e-16  47843.20 2 
 46676.01 1.8216e-16  47940.00 2 
 46770.16 1.6677e-16  48036.70 2 
 46864.42 1.8086e-16  48133.50 2 
 46958.56 1.3029e-16  48230.20 2 
 47052.81 1.2275e-16  48327.00 2 
 47147.06 1.2734e-16  48423.80 2 
 47241.21 1.6278e-16  48520.50 2 
 47335.46 1.5434e-16  48617.30 2 
 47429.70 1.7077e-16  48714.10 2 
 47523.85 1.9845e-16  48810.80 2 
 47618.10 1.8853e-16  48907.60 2 
 47712.25 1.3250e-16  49004.30 2 
 47806.50 1.5675e-16  49101.10 2 
 47900.75 1.4274e-16  49197.90 2 
 47994.90 1.8684e-16  49294.60 2 
 48089.14 1.4976e-16  49391.40 2 
 48183.39 1.7002e-16  49488.20 2 
 48278.52 1.4559e-16  49585.90 2 
 48761.30 1.6420e-16  50081.76 0 
 49248.91 1.8301e-16  50582.57 0 
 49741.40 2.0200e-16  51088.40 0 
 50238.81 2.2118e-16  51599.28 0 
 50741.20 2.4056e-16  52115.27 0 
 51248.61 2.6012e-16  52636.43 0 
 51761.10 2.7989e-16  53162.79 0 
 51950.90 2.8721e-16  53357.73 3 
 52252.58 3.7144e-16  53667.58 3 
 52554.27 3.8177e-16  53977.44 3 
 52855.95 3.4322e-16  54287.29 3 
 53157.63 3.2389e-16  54597.14 3 
 53459.32 3.5875e-16  54907.00 3 
 53761.00 2.4665e-16  55216.85 3 
 54062.68 2.5223e-16  55526.70 3 
 54364.37 2.4103e-16  55836.56 3 
 54666.05 2.5751e-16  56146.41 3 
 54967.74 2.7624e-16  56456.27 3 
 55269.42 2.7981e-16  56766.12 3 
 55571.11 2.9512e-16  57075.98 3 
 55872.80 3.7358e-16  57385.83 3 
 56174.47 4.1615e-16  57695.68 3 
 56476.15 3.7063e-16  58005.53 3 
 56777.85 5.0612e-16  58315.39 3 
 57079.54 5.2121e-16  58625.25 3 
 57381.21 4.8219e-16  58935.10 3 
 57682.90 4.7347e-16  59244.95 3 
 57984.59 4.6902e-16  59554.81 3 
 58286.27 4.3702e-16  59864.66 3 
 58587.95 4.5223e-16  60174.51 3 
 58889.64 4.6350e-16  60484.37 3 
 59191.32 4.7900e-16  60794.22 3 
 59493.00 4.8119e-16  61104.07 3 
 59794.69 5.8850e-16  61413.93 3 
 60096.37 7.0818e-16  61723.78 3 
 60398.05 7.5210e-16  62033.63 3 
 60699.74 7.3571e-16  62343.49 3 
 61001.42 8.8616e-16  62653.34 3 
 61303.10 1.1668e-15  62963.19 3 
 61604.79 1.4470e-15  63273.05 3 
 61906.48 2.4084e-15  63582.90 3 
 62208.16 2.5093e-15  63892.76 3 
 62509.84 2.2630e-15  64202.61 3 
 62811.52 1.9565e-15  64512.46 3 
 63113.21 1.4945e-15  64822.32 3 
 63414.89 1.2462e-15  65132.17 3 
 63716.57 1.0456e-15  65442.02 3 
 64018.27 9.4474e-16  65751.88 3 
 64319.94 8.1427e-16  66061.73 3 
 64621.62 7.5543e-16  66371.58 3 
 64923.32 6.8416e-16  66681.45 3 
 65225.00 6.4542e-16  66991.29 3 
 65526.68 6.5848e-16  67301.14 3 
 65828.37 5.9958e-16  67611.00 3 
 66130.05 7.0965e-16  67920.85 3 
 66431.74 6.7774e-16  68230.71 3 
 66733.42 6.9034e-16  68540.56 3 
 67035.10 6.7078e-16  68850.41 3 
 67336.79 6.5433e-16  69160.27 3 
 67638.47 6.7695e-16  69470.12 3 
 67940.16 6.6466e-16  69779.98 3 
 68241.84 6.5412e-16  70089.83 3 
 68543.52 7.1009e-16  70399.68 3 
 68845.21 7.2936e-16  70709.54 3 
 69146.89 7.6931e-16  71019.39 3 
 69448.57 8.8397e-16  71329.24 3 
 69750.26 1.2217e-15  71639.10 3 
 70051.94 1.2188e-15  71948.95 3 
 70353.64 9.3375e-16  72258.81 3 
 70655.31 8.9437e-16  72568.66 3 
 70956.99 9.3619e-16  72878.51 3 
 71258.69 9.2866e-16  73188.38 3 
 71560.36 9.0006e-16  73498.22 3 
 71862.05 9.3805e-16  73808.07 3 
 72163.74 9.6370e-16  74117.93 3 
 72465.42 1.0929e-15  74427.78 3 
 72767.10 1.0927e-15  74737.63 3 
 73068.78 1.1505e-15  75047.48 3 
 73350.72 1.0573e-15  75337.06 3 
 73370.47 1.2718e-15  75357.34 3 
 73672.16 1.3344e-15  75667.20 3 
 73955.28 1.3447e-15  75957.99 3 
 73973.84 1.4679e-15  75977.05 3 
 74559.86 1.6877e-15  76578.94 3 
 75164.42 1.9658e-15  77199.88 3 
 75769.00 2.3070e-15  77820.82 3 
 76373.56 2.3116e-15  78441.76 3 
 76978.14 2.1783e-15  79062.71 3 
 77582.71 2.0951e-15  79683.65 3 
 78187.27 2.0079e-15  80304.59 3 
 78791.86 1.8154e-15  80925.54 3 
 79396.42 1.5418e-15  81546.48 3 
 80000.99 1.3193e-15  82167.41 3 
 80605.56 1.1394e-15  82788.36 3 
 81210.13 9.9430e-16  83409.30 3 
 81814.71 9.3380e-16  84030.25 3 
 82419.27 9.1269e-16  84651.19 3 
 83023.85 9.2140e-16  85272.13 3 
 83628.41 9.3867e-16  85893.07 3 
 84232.99 9.4395e-16  86514.02 3 
 84837.55 1.0200e-15  87134.95 3 
 85442.13 1.0853e-15  87755.90 3 
 86046.70 1.0822e-15  88376.84 3 
 86651.26 9.8984e-16  88997.78 3 
 87255.83 8.1840e-16  89618.72 3 
 87860.40 6.5320e-16  90239.66 3 
 88464.97 5.2967e-16  90860.60 3 
 89069.55 4.5439e-16  91481.55 3 
 89674.12 4.6346e-16  92102.49 3 
 90278.69 4.0703e-16  92723.44 3 
 90883.26 3.4192e-16  93344.38 3 
 91487.83 2.8729e-16  93965.32 3 
 92092.40 3.1956e-16  94586.26 3 
 92696.96 3.0895e-16  95207.20 3 
 93301.54 2.9340e-16  95828.15 3 
 93906.11 2.8517e-16  96449.09 3 
 94510.67 2.7660e-16  97070.02 3 
 95115.26 2.3852e-16  97690.98 3 
 95719.83 2.7930e-16  98311.92 3 
 96324.39 2.9054e-16  98932.86 3 
 96928.97 2.8801e-16  99553.80 3 
 97533.50 2.6953e-16 100174.70 3 
 98138.12 2.5575e-16 100795.70 3 
 98742.64 2.4672e-16 101416.59 3 
 99347.28 2.3910e-16 102037.60 3 
 99951.81 2.4691e-16 102658.50 3 
100556.42 2.4692e-16 103279.49 3 
101160.97 2.1992e-16 103900.41 3 
101765.50 2.4997e-16 104521.30 3 
102370.11 2.4195e-16 105142.30 3 
102974.64 2.4029e-16 105763.20 3 
103579.28 2.3486e-16 106384.20 3 
104183.80 2.6764e-16 107005.10 3 
104788.33 3.0508e-16 107626.00 3 
105392.96 3.2731e-16 108247.00 3 
105997.49 3.2908e-16 108867.91 3 
106602.11 3.1748e-16 109488.90 3 
107206.64 3.2456e-16 110109.80 3 
107811.27 3.2466e-16 110730.80 3 
108415.80 3.3449e-16 111351.70 3 
109020.33 3.6336e-16 111972.60 3 
109624.96 4.1892e-16 112593.60 3 
110229.49 4.8363e-16 113214.50 3 
110834.11 5.2175e-16 113835.50 3 
111438.64 7.7711e-16 114456.40 3 
112043.27 1.1659e-15 115077.40 3 
112647.79 1.2257e-15 115698.30 3 
113252.32 1.0206e-15 116319.20 3 
113856.96 8.1513e-16 116940.20 3 
114461.48 6.8236e-16 117561.10 3 
115066.10 5.8941e-16 118182.09 3 
115670.63 5.3614e-16 118802.99 3 
116275.27 4.9268e-16 119424.00 3 
116879.79 4.7519e-16 120044.90 3 
117484.32 4.6921e-16 120665.80 3 
118088.96 4.7039e-16 121286.80 3 
118693.48 4.9079e-16 121907.70 3 
119298.10 5.1471e-16 122528.70 3 
119902.63 5.1538e-16 123149.59 3 
120507.17 5.1306e-16 123770.51 3 
121111.79 4.9803e-16 124391.50 3 
121716.32 4.8299e-16 125012.40 3 
122320.95 5.1621e-16 125633.40 3 
122925.48 5.3831e-16 126254.30 3 
123530.10 5.4048e-16 126875.30 3 
124134.64 5.5066e-16 127496.20 3 
124739.16 5.7782e-16 128117.10 3 
125343.79 6.1396e-16 128738.10 3 
125948.32 6.5122e-16 129359.00 3 
126552.95 6.9041e-16 129980.00 3 
127157.47 7.9297e-16 130600.90 3 
127762.00 1.2066e-15 131221.80 3 
128366.63 1.2381e-15 131842.80 3 
128971.16 6.0229e-16 132463.70 3 
129575.79 4.6232e-16 133084.70 3 
130180.31 4.3453e-16 133705.59 3 
130784.94 4.2010e-16 134326.59 3 
131389.47 4.1679e-16 134947.50 3 
131994.01 4.1194e-16 135568.41 3 
132598.64 4.1684e-16 136189.41 3 
133203.16 4.0797e-16 136810.30 3 
133807.78 4.1243e-16 137431.30 3 
134412.32 4.1279e-16 138052.20 3 
135016.94 4.2394e-16 138673.20 3 
135621.46 4.1599e-16 139294.09 3 
136226.00 4.1173e-16 139915.00 3 
136830.63 3.9730e-16 140536.00 3 
137435.16 4.2210e-16 141156.91 3 
138039.77 3.8314e-16 141777.89 3 
138644.31 3.7062e-16 142398.80 3 
139248.94 3.7184e-16 143019.80 3 
139853.47 3.6539e-16 143640.70 3 
140457.99 3.5081e-16 144261.59 3 
141062.63 3.4841e-16 144882.61 3 
141582.84 3.8297e-16 145416.91 3 
142475.56 4.0387e-16 146333.80 3 
143368.38 3.9383e-16 147250.80 3 
144261.11 3.6627e-16 148167.70 3 
145153.83 3.5348e-16 149084.59 3 
146046.56 3.4646e-16 150001.50 3 
146939.38 3.5516e-16 150918.50 3 
147832.11 3.5779e-16 151835.41 3 
148724.83 3.5781e-16 152752.30 3 
149617.65 3.7196e-16 153669.30 3 
150510.38 3.5071e-16 154586.20 3 
151403.10 3.5159e-16 155503.09 3 
152295.83 3.4209e-16 156420.00 3 
153188.65 3.5469e-16 157337.00 3 
154081.38 3.5548e-16 158253.91 3 
154974.10 4.4817e-16 159170.80 3 
155866.92 3.7165e-16 160087.80 3 
156759.65 4.0498e-16 161004.70 3 
157652.37 3.7919e-16 161921.59 3 
158545.19 3.9725e-16 162838.59 3 
159437.92 3.9705e-16 163755.50 3 
160330.64 3.8617e-16 164672.39 3 
161223.37 3.9220e-16 165589.30 3 
162116.21 4.1303e-16 166506.31 3 
163008.91 4.2795e-16 167423.19 3 
163901.64 4.8640e-16 168340.09 3 
164794.37 5.1831e-16 169257.00 3 
165687.19 4.6979e-16 170174.00 3 
166579.92 4.6845e-16 171090.91 3 
167472.65 4.8828e-16 172007.81 3 
168365.48 4.7909e-16 172924.81 3 
169258.19 4.9469e-16 173841.70 3 
170150.92 5.3798e-16 174758.61 3 
171043.74 5.2035e-16 175675.61 3 
171936.46 4.8029e-16 176592.50 3 
172829.19 4.9374e-16 177509.41 3 
173721.91 5.1341e-16 178426.30 3 
174614.73 4.9366e-16 179343.30 3 
175507.46 4.5899e-16 180260.20 3 
176400.18 4.6020e-16 181177.09 3 
177293.00 4.3776e-16 182094.09 3 
178185.73 4.5353e-16 183011.00 3 
179078.45 4.5788e-16 183927.89 3 
179971.27 4.5479e-16 184844.89 3 
180864.00 4.3750e-16 185761.80 3 
181756.73 4.3268e-16 186678.70 3 
182649.45 4.4948e-16 187595.59 3 
183542.27 4.4893e-16 188512.59 3 
184435.00 4.5293e-16 189429.50 3 
185327.72 4.4863e-16 190346.39 3 
186220.55 5.2397e-16 191263.41 3 
187113.28 7.0115e-16 192180.31 3 
188005.99 5.7493e-16 193097.19 3 
188898.72 4.5785e-16 194014.09 3 
189791.55 4.3784e-16 194931.11 3 
190684.27 4.4268e-16 195848.00 3 
191577.00 4.5436e-16 196764.91 3 
192469.82 4.5285e-16 197681.91 3 
193362.54 4.4168e-16 198598.80 3 
194255.27 4.5750e-16 199515.70 3 
195148.00 4.6992e-16 200432.61 3 
196040.82 4.6815e-16 201349.61 3 
196933.54 4.6731e-16 202266.50 3 
197826.27 4.5984e-16 203183.41 3 
198719.09 4.6557e-16 204100.41 3 
200132.81 4.2559e-16 205552.41 3 
201841.52 5.0652e-16 207307.39 3 
203551.22 4.8029e-16 209063.39 3 
205261.91 4.5745e-16 210820.41 3 
206973.46 5.1156e-16 212578.30 3 
208685.88 5.2411e-16 214337.09 3 
210399.28 4.7570e-16 216096.89 3 
212113.57 5.0820e-16 217857.61 3 
213828.81 5.4432e-16 219619.30 3 
215545.04 5.0304e-16 221382.00 3 
217262.14 4.7847e-16 223145.59 3 
218980.22 5.2121e-16 224910.20 3 
220699.17 5.3857e-16 226675.70 3 
222419.08 5.1858e-16 228442.19 3 
224139.98 4.9838e-16 230209.69 3 
225861.76 5.1743e-16 231978.09 3 
227584.51 5.4442e-16 233747.50 3 
229308.24 5.4408e-16 235517.91 3 
231032.83 5.1828e-16 237289.20 3 
232758.51 5.2267e-16 239061.61 3 
234484.96 5.4038e-16 240834.81 3 
236212.46 5.5077e-16 242609.09 3 
237940.96 5.3738e-16 244384.41 3 
239670.34 5.2559e-16 246160.61 3 
241400.67 5.3606e-16 247937.80 3 
243131.99 5.4381e-16 249716.00 3 
244864.17 5.4381e-16 251495.09 3 
246597.44 5.3513e-16 253275.30 3 
248331.59 5.2770e-16 255056.41 3 
250066.80 5.3639e-16 256838.61 3 
251802.87 5.4656e-16 258621.69 3 
253539.95 5.3770e-16 260405.81 3 
255277.98 5.4840e-16 262190.91 3 
257016.98 5.4149e-16 263977.00 3 
258756.96 5.6009e-16 265764.09 3 
260497.93 5.6924e-16 267552.22 3 
262239.86 5.4524e-16 269341.31 3 
263982.75 5.6134e-16 271131.41 3 
265726.62 5.5562e-16 272922.50 3 
267471.47 5.5130e-16 274714.59 3 
269217.41 5.5165e-16 276507.81 3 
270964.20 5.5423e-16 278301.91 3 
272711.96 5.6779e-16 280097.00 3 
274460.79 5.7842e-16 281893.19 3 
276210.62 5.6330e-16 283690.41 3 
277961.31 5.6296e-16 285488.50 3 
279713.06 5.5832e-16 287287.69 3 
281465.81 5.6722e-16 289087.91 3 
283219.63 5.6891e-16 290889.22 3 
284974.39 5.7330e-16 292691.50 3 
286730.07 5.5509e-16 294494.72 3 
288486.87 5.9113e-16 296299.09 3 
290244.58 5.7550e-16 298104.41 3 
292003.33 5.6513e-16 299910.78 3 
293763.08 5.4695e-16 301718.19 3 
295523.81 5.8131e-16 303526.59 3 
297285.60 5.6939e-16 305336.09 3 
299048.36 5.7205e-16 307146.59 3 
300812.10 5.6484e-16 308958.09 3 
302576.90 5.7956e-16 310770.69 3 
304342.80 5.6974e-16 312584.41 3 
306109.64 5.5963e-16 314399.09 3 
307877.49 5.8596e-16 316214.81 3 
309646.28 6.0262e-16 318031.50 3 
311416.25 5.8394e-16 319849.41 3 
313187.11 5.8105e-16 321668.22 3 
314959.10 5.9507e-16 323488.19 3 
316731.99 5.7443e-16 325309.09 3 
318506.04 5.9519e-16 327131.19 3 
320281.10 5.8552e-16 328954.31 3 
322057.07 5.8922e-16 330778.38 3 
323834.16 5.9188e-16 332603.59 3 
325612.32 5.8964e-16 334429.91 3 
327391.52 6.2508e-16 336257.28 3 
329171.75 5.8874e-16 338085.72 3 
330952.98 6.3336e-16 339915.19 3 
332735.22 6.3264e-16 341745.69 3 
334518.55 7.4799e-16 343577.31 3 
336303.04 6.4533e-16 345410.12 3 
338088.38 6.3899e-16 347243.81 3 
339874.91 6.3958e-16 349078.72 3 
