# An Atlas of Galaxy Spectral Energy Distributions from the Ultraviolet to the Mid-Infrared
# Brown et al. (2014)
# http://dx.doi.org/10.5072/03/529D3551F0117
# 
# Column 1 : Restframe Wavelength (Angstrom)
# Column 2 : Flux per unit wavelength (ergs/s/cm^2/Angstrom)
# Column 3 : Observed wavelength (Angstrom)
# Column 4 : Source (0 = model, 1 = Optical Spectrum, 2 = Akari, 3 = Spitzer IRS)
# 
   100.09 4.8105e-21    101.39 0 
   101.95 6.6250e-21    103.28 0 
   104.09 8.2830e-21    105.44 0 
   106.02 1.0548e-20    107.40 0 
   107.99 1.3715e-20    109.40 0 
   110.00 2.0100e-20    111.43 0 
   114.13 2.9867e-20    115.61 0 
   117.87 4.1705e-20    119.40 0 
   120.89 1.6413e-19    122.46 0 
   125.14 2.1242e-19    126.77 0 
   126.88 2.3291e-19    128.53 0 
   128.05 2.4899e-19    129.72 0 
   131.04 2.8196e-19    132.74 0 
   131.94 3.3743e-19    133.66 0 
   134.09 3.6240e-19    135.83 0 
   136.90 4.7118e-19    138.68 0 
   140.08 5.2503e-19    141.91 0 
   143.02 1.5003e-18    144.88 0 
   147.02 3.8476e-18    148.94 0 
   151.14 4.2383e-18    153.11 0 
   155.02 4.7227e-18    157.04 0 
   159.00 5.2867e-18    161.06 0 
   161.95 5.6910e-18    164.06 0 
   166.11 6.3707e-18    168.27 0 
   169.98 6.9373e-18    172.19 0 
   173.14 7.4505e-18    175.39 0 
   177.17 8.0758e-18    179.47 0 
   180.05 8.5741e-18    182.39 0 
   182.13 8.9164e-18    184.50 0 
   185.95 9.5982e-18    188.36 0 
   191.16 1.0524e-17    193.64 0 
   193.82 1.1173e-17    196.34 0 
   197.88 1.1890e-17    200.45 0 
   202.02 1.2711e-17    204.64 0 
   204.83 1.3341e-17    207.49 0 
   210.08 1.3746e-17    212.81 0 
   215.97 1.5638e-17    218.78 0 
   219.98 1.6603e-17    222.84 0 
   223.04 1.7108e-17    225.94 0 
   227.19 1.8163e-17    230.14 0 
   229.82 2.8326e-17    232.81 0 
   234.09 4.7664e-17    237.14 0 
   240.10 6.1971e-17    243.22 0 
   246.26 5.9046e-17    249.46 0 
   251.99 6.4445e-17    255.27 0 
   257.27 5.3726e-17    260.62 0 
   260.25 6.3854e-17    263.63 0 
   263.87 6.7950e-17    267.30 0 
   268.78 6.8578e-17    272.27 0 
   273.77 6.8895e-17    277.33 0 
   278.86 6.9373e-17    282.49 0 
   284.05 6.9853e-17    287.74 0 
   290.00 6.7172e-17    293.76 0 
   296.07 6.8578e-17    299.92 0 
   300.88 6.7637e-17    304.79 0 
   307.89 6.9373e-17    311.89 0 
   317.97 7.1645e-17    322.11 0 
   327.64 7.1976e-17    331.89 0 
   338.37 7.1645e-17    342.77 0 
   347.85 7.0988e-17    352.37 0 
   356.77 7.0825e-17    361.41 0 
   365.92 7.1645e-17    370.68 0 
   375.31 7.0825e-17    380.19 0 
   384.94 6.7637e-17    389.94 0 
   394.81 6.9853e-17    399.94 0 
   404.94 7.0500e-17    410.20 0 
   414.37 6.9532e-17    419.76 0 
   422.08 6.7637e-17    427.56 0 
   429.92 6.6556e-17    435.51 0 
   440.95 6.6403e-17    446.68 0 
   451.22 6.5041e-17    457.09 0 
   459.61 6.3123e-17    465.59 0 
   470.32 6.2114e-17    476.43 0 
   480.17 6.1971e-17    486.41 0 
   490.22 5.9182e-17    496.59 0 
   500.48 6.0005e-17    506.99 0 
   506.28 5.7569e-17    512.86 0 
   512.14 6.1544e-17    518.80 0 
   520.46 6.0421e-17    527.23 0 
   530.14 5.8235e-17    537.03 0 
   540.00 5.4851e-17    547.02 0 
   550.04 5.3357e-17    557.19 0 
   560.26 5.4978e-17    567.54 0 
   569.37 5.5871e-17    576.77 0 
   579.95 5.4099e-17    587.49 0 
   589.37 5.3603e-17    597.04 0 
   600.33 4.9795e-17    608.13 0 
   610.09 4.3370e-17    618.02 0 
   620.00 5.0721e-17    628.06 0 
   630.07 4.8774e-17    638.26 0 
   640.31 4.9225e-17    648.63 0 
   650.72 4.7664e-17    659.17 0 
   658.25 4.5518e-17    666.81 0 
   664.34 4.6794e-17    672.98 0 
   675.14 4.6686e-17    683.91 0 
   684.53 4.3171e-17    693.43 0 
   695.65 4.4791e-17    704.69 0 
   705.33 4.0662e-17    714.50 0 
   716.79 4.3470e-17    726.11 0 
   726.76 4.2775e-17    736.21 0 
   735.18 4.2188e-17    744.73 0 
   745.40 4.0850e-17    755.09 0 
   755.77 3.9920e-17    765.60 0 
   764.52 3.5334e-17    774.46 0 
   775.16 3.8564e-17    785.24 0 
   784.14 3.6240e-17    794.33 0 
   795.04 3.6829e-17    805.38 0 
   804.25 3.6660e-17    814.70 0 
   815.44 3.6073e-17    826.04 0 
   824.88 3.5661e-17    835.60 0 
   834.43 3.1346e-17    845.28 0 
   844.09 3.4056e-17    855.07 0 
   855.84 3.3204e-17    866.96 0 
   865.75 3.3127e-17    877.00 0 
   875.77 3.2748e-17    887.16 0 
   885.91 3.2299e-17    897.43 0 
   894.11 3.1782e-17    905.73 0 
   904.46 3.0916e-17    916.22 0 
   914.94 3.3051e-17    926.83 0 
   925.53 6.0421e-17    937.56 0 
   934.10 9.2510e-17    946.24 0 
   944.91 1.3097e-16    957.19 0 
   955.85 1.6375e-16    968.28 0 
   964.70 1.6834e-16    977.24 0 
   975.87 6.2257e-17    988.55 0 
   984.90 1.2858e-16    997.70 0 
   994.01 1.3746e-16   1006.93 0 
  1005.52 1.9328e-16   1018.59 0 
  1014.82 1.9552e-16   1028.02 0 
  1024.21 1.0919e-16   1037.53 0 
  1036.07 1.4628e-16   1049.54 0 
  1045.66 2.4728e-16   1059.25 0 
  1055.34 2.4054e-16   1069.05 0 
  1065.10 1.8586e-16   1078.95 0 
  1074.96 2.1887e-16   1088.93 0 
  1084.90 1.6834e-16   1099.01 0 
  1094.94 2.2919e-16   1109.18 0 
  1105.07 2.1887e-16   1119.44 0 
  1115.30 2.0663e-16   1129.80 0 
  1125.62 1.8121e-16   1140.25 0 
  1136.03 2.3561e-16   1150.80 0 
  1143.91 2.1488e-16   1158.78 0 
  1154.49 2.2761e-16   1169.50 0 
  1165.17 2.2866e-16   1180.32 0 
  1175.96 1.5142e-16   1191.24 0 
  1184.11 2.1938e-16   1199.50 0 
  1195.06 1.5247e-16   1210.60 0 
  1206.12 1.1251e-16   1221.80 0 
  1214.48 9.1241e-17   1230.27 0 
  1225.72 1.6188e-16   1241.65 0 
  1234.22 2.3345e-16   1250.26 0 
  1245.64 2.5130e-16   1261.83 0 
  1254.27 2.3561e-16   1270.57 0 
  1265.88 2.0473e-16   1282.33 0 
  1274.65 2.6436e-16   1291.22 0 
  1286.44 2.7681e-16   1303.17 0 
  1295.36 2.0806e-16   1312.20 0 
  1304.34 2.0568e-16   1321.30 0 
  1316.41 2.6496e-16   1333.52 0 
  1325.53 2.5130e-16   1342.77 0 
  1334.72 2.1587e-16   1352.07 0 
  1343.97 2.6558e-16   1361.44 0 
  1356.41 2.5597e-16   1374.04 0 
  1365.81 2.2397e-16   1383.57 0 
  1375.28 2.3506e-16   1393.16 0 
  1384.81 2.3506e-16   1402.81 0 
  1394.41 1.9642e-16   1412.54 0 
  1404.08 2.0100e-16   1422.33 0 
  1413.81 2.1291e-16   1432.19 0 
  1423.61 2.1988e-16   1442.12 0 
  1433.48 2.1837e-16   1452.11 0 
  1443.41 2.3077e-16   1462.18 0 
  1446.74 2.3452e-16   1465.55 0 
  1453.42 2.2500e-16   1472.31 0 
  1463.49 2.0473e-16   1482.52 0 
  1473.64 2.0568e-16   1492.79 0 
  1483.85 2.1095e-16   1503.14 0 
  1494.14 2.1389e-16   1513.56 0 
  1504.50 1.9915e-16   1524.05 0 
  1511.44 1.7426e-16   1531.09 0 
  1518.42 1.8845e-16   1538.15 0 
  1525.43 1.8080e-16   1545.25 0 
  1536.00 1.5282e-16   1555.97 0 
  1546.65 1.6641e-16   1566.75 0 
  1553.79 1.5783e-16   1573.98 0 
  1564.56 1.6225e-16   1584.89 0 
  1575.40 1.7306e-16   1595.88 0 
  1586.32 1.8331e-16   1606.94 0 
  1593.64 1.8586e-16   1614.36 0 
  1604.69 1.8247e-16   1625.55 0 
  1615.81 1.8331e-16   1636.82 0 
  1623.27 1.7187e-16   1644.37 0 
  1634.52 1.8458e-16   1655.77 0 
  1645.85 1.8672e-16   1667.25 0 
  1653.45 1.7187e-16   1674.94 0 
  1664.91 1.8801e-16   1686.55 0 
  1672.60 1.6338e-16   1694.34 0 
  1676.45 1.9107e-16   1698.24 0 
  1684.19 2.0053e-16   1706.08 0 
  1695.86 1.8672e-16   1717.91 0 
  1703.69 1.7873e-16   1725.84 0 
  1715.50 1.6834e-16   1737.80 0 
  1723.42 1.6757e-16   1745.82 0 
  1735.37 1.8121e-16   1757.92 0 
  1743.38 1.7668e-16   1766.04 0 
  1755.46 1.9107e-16   1778.28 0 
  1763.56 1.7226e-16   1786.49 0 
  1775.79 1.7627e-16   1798.87 0 
  1783.98 1.8038e-16   1807.17 0 
  1796.35 1.9733e-16   1819.70 0 
  1804.64 1.9417e-16   1828.10 0 
  1812.97 1.7627e-16   1836.54 0 
  1825.54 1.8121e-16   1849.27 0 
  1833.96 1.7306e-16   1857.80 0 
  1846.68 1.5566e-16   1870.68 0 
  1855.20 1.5783e-16   1879.32 0 
  1863.76 1.6603e-16   1887.99 0 
  1876.68 1.8080e-16   1901.08 0 
  1885.35 1.6565e-16   1909.85 0 
  1894.05 1.6188e-16   1918.67 0 
  1907.18 1.7108e-16   1931.97 0 
  1915.98 1.6375e-16   1940.89 0 
  1924.82 1.5856e-16   1949.84 0 
  1933.71 1.5710e-16   1958.84 0 
  1947.11 1.7506e-16   1972.42 0 
  1956.10 1.6413e-16   1981.53 0 
  1965.13 1.8458e-16   1990.67 0 
  1974.20 1.8672e-16   1999.86 0 
  1983.31 1.8121e-16   2009.09 0 
  1997.06 1.7668e-16   2023.02 0 
  2006.28 1.8080e-16   2032.36 0 
  2015.54 1.7426e-16   2041.74 0 
  2024.84 1.7790e-16   2051.16 0 
  2034.19 1.7546e-16   2060.63 0 
  2043.58 1.8629e-16   2070.14 0 
  2053.01 1.7506e-16   2079.70 0 
  2067.24 1.7386e-16   2094.11 0 
  2072.01 1.9151e-16   2098.94 0 
  2076.78 2.2397e-16   2103.78 0 
  2086.37 2.5421e-16   2113.49 0 
  2096.00 2.3615e-16   2123.24 0 
  2105.67 2.3131e-16   2133.04 0 
  2115.39 2.4165e-16   2142.89 0 
  2125.16 2.3291e-16   2152.78 0 
  2134.97 2.1389e-16   2162.72 0 
  2144.82 2.4333e-16   2172.70 0 
  2154.72 2.5130e-16   2182.73 0 
  2164.67 2.3077e-16   2192.81 0 
  2174.66 2.3184e-16   2202.93 0 
  2184.70 2.5421e-16   2213.09 0 
  2194.78 2.5893e-16   2223.31 0 
  2204.91 2.5072e-16   2233.57 0 
  2215.09 2.1291e-16   2243.88 0 
  2225.31 2.2192e-16   2254.24 0 
  2235.58 2.6865e-16   2264.64 0 
  2245.90 2.5479e-16   2275.10 0 
  2256.27 2.1537e-16   2285.60 0 
  2266.68 2.1291e-16   2296.15 0 
  2277.15 2.3194e-16   2306.75 0 
  2282.40 2.7197e-16   2312.07 0 
  2292.93 2.3978e-16   2322.74 0 
  2303.51 2.6675e-16   2333.46 0 
  2314.15 2.3410e-16   2344.23 0 
  2324.83 1.7608e-16   2355.05 0 
  2335.56 1.8323e-16   2365.92 0 
  2346.34 1.5251e-16   2376.84 0 
  2357.17 2.1658e-16   2387.81 0 
  2362.60 1.5840e-16   2393.32 0 
  2373.51 1.8284e-16   2404.36 0 
  2384.46 1.3943e-16   2415.46 0 
  2395.47 1.6057e-16   2426.61 0 
  2406.53 1.5667e-16   2437.81 0 
  2417.64 1.7350e-16   2449.06 0 
  2423.21 2.3958e-16   2454.71 0 
  2434.39 2.3975e-16   2466.04 0 
  2445.63 2.7294e-16   2477.42 0 
  2456.92 2.8469e-16   2488.86 0 
  2462.58 2.5617e-16   2494.60 0 
  2473.95 2.3651e-16   2506.11 0 
  2485.37 1.9018e-16   2517.68 0 
  2496.84 2.0067e-16   2529.30 0 
  2502.60 2.7967e-16   2535.13 0 
  2514.15 1.6480e-16   2546.83 0 
  2519.94 1.5140e-16   2552.70 0 
  2525.75 1.5534e-16   2558.59 0 
  2537.41 1.9888e-16   2570.40 0 
  2543.26 2.0738e-16   2576.32 0 
  2555.00 3.1921e-16   2588.21 0 
  2566.79 2.5200e-16   2600.16 0 
  2572.71 3.0449e-16   2606.15 0 
  2584.59 2.7790e-16   2618.18 0 
  2596.52 2.5540e-16   2630.27 0 
  2602.50 2.2982e-16   2636.33 0 
  2614.51 2.1464e-16   2648.50 0 
  2626.58 2.7230e-16   2660.72 0 
  2632.64 4.1516e-16   2666.86 0 
  2644.79 5.5277e-16   2679.17 0 
  2657.00 7.3431e-16   2691.54 0 
  2663.12 4.6886e-16   2697.74 0 
  2675.41 5.3750e-16   2710.19 0 
  2687.76 6.0078e-16   2722.70 0 
  2693.96 4.7521e-16   2728.98 0 
  2706.39 5.7574e-16   2741.57 0 
  2712.63 4.3591e-16   2747.89 0 
  2725.15 3.7388e-16   2760.58 0 
  2737.73 4.4779e-16   2773.32 0 
  2744.04 2.6623e-16   2779.71 0 
  2756.71 3.3388e-16   2792.54 0 
  2763.06 4.1665e-16   2798.98 0 
  2775.82 4.5093e-16   2811.90 0 
  2782.22 3.0640e-16   2818.38 0 
  2795.06 1.6430e-16   2831.39 0 
  2807.96 1.9186e-16   2844.46 0 
  2814.43 4.1702e-16   2851.02 0 
  2827.42 5.8818e-16   2864.18 0 
  2833.94 5.8302e-16   2870.78 0 
  2847.02 4.8199e-16   2884.03 0 
  2853.59 3.2376e-16   2890.68 0 
  2866.76 6.4205e-16   2904.02 0 
  2873.37 7.9387e-16   2910.72 0 
  2886.63 7.1632e-16   2924.15 0 
  2893.28 8.2089e-16   2930.89 0 
  2913.34 1.0935e-15   2951.21 0 
  2926.79 9.6647e-16   2964.83 0 
  2947.07 9.1355e-16   2985.38 0 
  2967.50 9.9376e-16   3006.08 0 
  2988.07 1.0065e-15   3026.91 0 
  3008.78 1.0408e-15   3047.89 0 
  3029.64 1.0888e-15   3069.02 0 
  3050.64 1.1233e-15   3090.30 0 
  3071.79 1.2108e-15   3111.72 0 
  3093.08 1.2321e-15   3133.29 0 
  3107.36 1.3646e-15   3147.75 0 
  3128.89 1.2959e-15   3169.57 0 
  3150.58 1.3006e-15   3191.54 0 
  3172.42 1.3987e-15   3213.66 0 
  3187.07 1.2137e-15   3228.49 0 
  3209.16 1.3605e-15   3250.87 0 
  3231.40 1.1410e-15   3273.41 0 
  3246.32 1.5477e-15   3288.52 0 
  3268.82 1.7876e-15   3311.31 0 
  3291.48 1.7453e-15   3334.26 0 
  3306.67 1.6954e-15   3349.66 0 
  3321.93 1.7009e-15   3365.12 0 
  3329.59 1.9049e-15   3372.87 0 
  3337.27 1.7664e-15   3380.65 0 
  3344.96 1.7876e-15   3388.44 0 
  3352.67 1.6311e-15   3396.25 0 
  3360.40 1.8565e-15   3404.08 0 
  3368.15 1.8488e-15   3411.93 0 
  3375.91 1.4828e-15   3419.79 0 
  3383.69 1.4869e-15   3427.68 0 
  3391.49 1.8599e-15   3435.58 0 
  3399.31 1.9351e-15   3443.50 0 
  3407.15 1.8531e-15   3451.44 0 
  3415.00 1.7952e-15   3459.39 0 
  3422.87 2.0764e-15   3467.37 0 
  3430.76 1.9210e-15   3475.36 0 
  3438.67 1.9531e-15   3483.37 0 
  3446.60 1.3612e-15   3491.40 0 
  3454.55 1.9149e-15   3499.45 0 
  3462.51 1.5825e-15   3507.52 0 
  3470.49 1.8389e-15   3515.60 0 
  3478.49 1.4749e-15   3523.71 0 
  3486.51 1.7297e-15   3531.83 0 
  3494.55 1.6113e-15   3539.97 0 
  3502.60 2.0063e-15   3548.13 0 
  3510.68 1.9843e-15   3556.31 0 
  3518.77 1.7857e-15   3564.51 0 
  3526.88 1.6558e-15   3572.73 0 
  3535.01 1.9735e-15   3580.96 0 
  3543.16 2.2153e-15   3589.22 0 
  3551.33 2.1760e-15   3597.49 0 
  3559.52 2.0838e-15   3605.79 0 
  3567.72 1.9547e-15   3614.10 0 
  3575.95 1.6722e-15   3622.43 0 
  3584.19 1.3568e-15   3630.78 0 
  3592.45 1.6207e-15   3639.15 0 
  3600.73 2.2539e-15   3647.54 0 
  3609.03 1.8371e-15   3655.95 0 
  3617.35 2.0340e-15   3664.37 0 
  3625.69 2.1114e-15   3672.82 0 
  3630.58 2.1363e-15   3677.77 1 
  3633.29 2.9611e-15   3680.52 1 
  3636.01 3.0306e-15   3683.27 1 
  3638.72 1.5147e-15   3686.02 1 
  3641.44 2.3007e-15   3688.77 1 
  3644.15 2.2350e-15   3691.52 1 
  3646.86 1.6279e-15   3694.27 1 
  3649.58 1.6396e-15   3697.02 1 
  3652.29 1.4537e-15   3699.77 1 
  3655.01 1.2281e-15   3702.52 1 
  3657.72 2.3349e-15   3705.27 1 
  3660.44 2.2269e-15   3708.02 1 
  3663.15 3.1996e-15   3710.77 1 
  3665.87 2.5112e-15   3713.52 1 
  3668.58 2.5155e-15   3716.27 1 
  3671.30 2.4482e-15   3719.02 1 
  3674.01 2.4306e-15   3721.77 1 
  3676.73 2.6224e-15   3724.52 1 
  3679.44 1.0776e-15   3727.27 1 
  3682.16 1.7155e-15   3730.02 1 
  3684.87 1.6936e-15   3732.77 1 
  3687.59 1.6504e-15   3735.52 1 
  3690.30 1.9346e-15   3738.27 1 
  3693.01 2.4408e-15   3741.02 1 
  3695.73 2.3560e-15   3743.77 1 
  3698.44 3.4429e-15   3746.52 1 
  3701.16 2.7797e-15   3749.27 1 
  3703.87 2.1141e-15   3752.02 1 
  3706.59 1.3292e-15   3754.77 1 
  3709.30 2.3586e-15   3757.52 1 
  3712.02 2.2649e-15   3760.27 1 
  3714.73 2.6376e-15   3763.02 1 
  3717.45 2.5690e-15   3765.77 1 
  3720.16 2.9230e-15   3768.52 1 
  3722.88 1.4521e-15   3771.27 1 
  3725.59 2.1446e-15   3774.02 1 
  3728.31 2.7839e-15   3776.77 1 
  3731.02 3.6714e-15   3779.52 1 
  3733.74 2.4510e-15   3782.27 1 
  3736.45 1.5052e-15   3785.02 1 
  3739.16 2.1340e-15   3787.77 1 
  3741.88 2.5112e-15   3790.52 1 
  3744.59 1.4555e-15   3793.27 1 
  3747.31 7.2814e-16   3796.02 1 
  3750.02 6.2723e-16   3798.77 1 
  3752.74 2.0036e-15   3801.52 1 
  3755.45 1.3113e-15   3804.27 1 
  3758.17 1.0700e-15   3807.02 1 
  3760.88 2.4979e-15   3809.77 1 
  3763.60 2.6498e-15   3812.52 1 
  3766.31 1.8554e-15   3815.27 1 
  3769.03 1.2500e-15   3818.02 1 
  3771.74 1.7601e-15   3820.77 1 
  3774.46 1.8441e-15   3823.52 1 
  3777.17 2.8568e-15   3826.27 1 
  3779.89 3.3268e-15   3829.02 1 
  3782.60 3.9304e-15   3831.77 1 
  3785.31 2.6469e-15   3834.52 1 
  3788.03 1.8135e-15   3837.27 1 
  3790.74 1.8294e-15   3840.02 1 
  3793.46 1.9788e-15   3842.77 1 
  3796.17 2.3922e-15   3845.52 1 
  3798.89 2.2762e-15   3848.27 1 
  3801.60 1.5804e-15   3851.02 1 
  3804.32 2.3603e-15   3853.77 1 
  3807.03 2.2491e-15   3856.52 1 
  3809.75 2.5012e-15   3859.27 1 
  3812.46 2.3902e-15   3862.02 1 
  3815.18 2.7462e-15   3864.77 1 
  3817.89 2.8135e-15   3867.52 1 
  3820.61 2.4592e-15   3870.27 1 
  3823.32 2.4080e-15   3873.02 1 
  3826.04 2.0439e-15   3875.77 1 
  3828.75 1.9981e-15   3878.52 1 
  3831.46 1.7146e-15   3881.27 1 
  3834.18 1.8150e-15   3884.02 1 
  3836.89 1.8587e-15   3886.77 1 
  3839.61 1.8022e-15   3889.52 1 
  3842.32 1.6772e-15   3892.27 1 
  3845.04 2.5749e-15   3895.02 1 
  3847.75 3.0146e-15   3897.77 1 
  3850.47 2.5471e-15   3900.52 1 
  3853.18 2.7754e-15   3903.27 1 
  3855.90 3.1549e-15   3906.02 1 
  3858.61 2.4011e-15   3908.77 1 
  3861.33 2.6896e-15   3911.52 1 
  3864.04 3.2319e-15   3914.27 1 
  3866.76 2.9264e-15   3917.02 1 
  3869.47 3.4467e-15   3919.77 1 
  3872.19 3.0419e-15   3922.52 1 
  3874.90 2.6996e-15   3925.27 1 
  3877.61 2.7007e-15   3928.02 1 
  3880.33 2.4861e-15   3930.77 1 
  3883.04 2.2229e-15   3933.52 1 
  3885.76 2.4493e-15   3936.27 1 
  3888.47 2.1627e-15   3939.02 1 
  3891.19 2.0338e-15   3941.77 1 
  3893.90 2.5853e-15   3944.52 1 
  3896.62 2.3643e-15   3947.27 1 
  3899.33 2.3981e-15   3950.02 1 
  3902.05 3.3638e-15   3952.77 1 
  3904.76 2.8078e-15   3955.52 1 
  3907.48 3.4492e-15   3958.27 1 
  3910.19 3.3864e-15   3961.02 1 
  3912.91 3.9122e-15   3963.77 1 
  3915.62 3.0031e-15   3966.52 1 
  3918.34 2.7992e-15   3969.27 1 
  3921.05 3.3430e-15   3972.02 1 
  3923.76 2.6337e-15   3974.77 1 
  3926.48 2.3532e-15   3977.52 1 
  3929.19 2.9858e-15   3980.27 1 
  3931.91 2.1027e-15   3983.02 1 
  3934.62 9.6356e-16   3985.77 1 
  3937.34 1.9694e-15   3988.52 1 
  3940.05 1.5996e-15   3991.27 1 
  3942.77 2.3188e-15   3994.02 1 
  3945.48 3.1132e-15   3996.77 1 
  3948.20 3.1205e-15   3999.52 1 
  3950.91 2.6520e-15   4002.27 1 
  3953.63 2.9424e-15   4005.02 1 
  3956.34 3.1263e-15   4007.77 1 
  3959.06 3.0416e-15   4010.52 1 
  3961.77 2.7993e-15   4013.27 1 
  3964.49 2.5720e-15   4016.02 1 
  3967.20 1.6984e-15   4018.77 1 
  3969.92 1.3510e-15   4021.52 1 
  3972.63 1.0407e-15   4024.27 1 
  3975.34 1.4295e-15   4027.02 1 
  3978.06 2.6895e-15   4029.77 1 
  3980.77 2.7994e-15   4032.52 1 
  3983.49 3.3566e-15   4035.27 1 
  3986.20 3.4739e-15   4038.02 1 
  3988.92 2.5875e-15   4040.77 1 
  3991.63 3.2941e-15   4043.52 1 
  3994.35 3.2367e-15   4046.27 1 
  3997.06 3.7359e-15   4049.02 1 
  3999.78 3.7947e-15   4051.77 1 
  4002.49 3.5713e-15   4054.52 1 
  4005.21 3.7925e-15   4057.27 1 
  4007.92 3.4710e-15   4060.02 1 
  4010.64 4.0744e-15   4062.77 1 
  4013.35 4.2804e-15   4065.52 1 
  4016.07 4.9270e-15   4068.27 1 
  4018.78 4.1677e-15   4071.02 1 
  4021.49 3.9327e-15   4073.77 1 
  4024.21 4.3217e-15   4076.52 1 
  4026.92 4.0949e-15   4079.27 1 
  4029.64 3.9226e-15   4082.02 1 
  4032.35 3.6664e-15   4084.77 1 
  4035.07 3.8104e-15   4087.52 1 
  4037.78 3.7221e-15   4090.27 1 
  4040.50 3.0443e-15   4093.02 1 
  4043.21 4.0626e-15   4095.77 1 
  4045.93 3.8942e-15   4098.52 1 
  4048.64 4.3067e-15   4101.27 1 
  4051.36 3.6536e-15   4104.02 1 
  4054.07 4.5539e-15   4106.77 1 
  4056.79 3.3976e-15   4109.52 1 
  4059.50 3.3453e-15   4112.27 1 
  4062.22 3.4254e-15   4115.02 1 
  4064.93 4.0443e-15   4117.77 1 
  4067.64 3.7746e-15   4120.52 1 
  4070.36 3.3846e-15   4123.27 1 
  4073.07 3.3144e-15   4126.02 1 
  4075.79 2.8312e-15   4128.77 1 
  4078.50 3.9929e-15   4131.52 1 
  4081.22 3.4286e-15   4134.27 1 
  4083.93 3.8638e-15   4137.02 1 
  4086.65 3.0737e-15   4139.77 1 
  4089.36 3.6462e-15   4142.52 1 
  4092.08 3.9281e-15   4145.27 1 
  4094.79 3.6190e-15   4148.02 1 
  4097.51 3.1589e-15   4150.77 1 
  4100.22 3.6625e-15   4153.52 1 
  4102.94 3.0094e-15   4156.27 1 
  4105.65 2.8153e-15   4159.02 1 
  4108.37 2.8316e-15   4161.77 1 
  4111.08 3.3283e-15   4164.52 1 
  4113.79 3.8781e-15   4167.27 1 
  4116.51 3.9470e-15   4170.02 1 
  4119.22 3.6008e-15   4172.77 1 
  4121.94 3.7268e-15   4175.52 1 
  4124.65 4.0636e-15   4178.27 1 
  4127.37 4.0183e-15   4181.02 1 
  4130.08 4.1623e-15   4183.77 1 
  4132.80 4.0305e-15   4186.52 1 
  4135.51 3.6308e-15   4189.27 1 
  4138.23 4.3912e-15   4192.02 1 
  4140.94 3.9983e-15   4194.77 1 
  4143.66 3.5720e-15   4197.52 1 
  4146.37 3.9148e-15   4200.27 1 
  4149.09 3.7410e-15   4203.02 1 
  4151.80 3.0718e-15   4205.77 1 
  4154.52 3.6993e-15   4208.52 1 
  4157.23 4.1502e-15   4211.27 1 
  4159.94 4.1938e-15   4214.02 1 
  4162.66 3.1385e-15   4216.77 1 
  4165.37 4.0382e-15   4219.52 1 
  4168.09 3.6449e-15   4222.27 1 
  4170.80 3.5933e-15   4225.02 1 
  4173.52 2.9194e-15   4227.77 1 
  4176.23 3.5183e-15   4230.52 1 
  4178.95 4.1535e-15   4233.27 1 
  4181.66 3.8001e-15   4236.02 1 
  4184.38 3.9648e-15   4238.77 1 
  4187.09 3.7866e-15   4241.52 1 
  4189.81 3.9687e-15   4244.27 1 
  4192.52 3.6485e-15   4247.02 1 
  4195.24 3.9395e-15   4249.77 1 
  4197.95 3.5764e-15   4252.52 1 
  4200.67 3.4952e-15   4255.27 1 
  4203.38 3.9164e-15   4258.02 1 
  4206.09 4.0802e-15   4260.77 1 
  4208.81 3.9726e-15   4263.52 1 
  4211.52 3.8797e-15   4266.27 1 
  4214.24 3.7588e-15   4269.02 1 
  4216.95 4.0586e-15   4271.77 1 
  4219.67 3.9816e-15   4274.52 1 
  4222.38 4.1222e-15   4277.27 1 
  4225.10 4.1314e-15   4280.02 1 
  4227.81 4.1288e-15   4282.77 1 
  4230.53 3.7022e-15   4285.52 1 
  4233.24 4.1328e-15   4288.27 1 
  4235.96 4.0482e-15   4291.02 1 
  4238.67 4.2882e-15   4293.77 1 
  4241.39 4.1407e-15   4296.52 1 
  4244.10 4.1991e-15   4299.27 1 
  4246.82 4.4363e-15   4302.02 1 
  4249.53 4.4196e-15   4304.77 1 
  4252.25 4.0708e-15   4307.52 1 
  4254.96 4.1406e-15   4310.27 1 
  4257.67 4.0778e-15   4313.02 1 
  4260.39 3.9787e-15   4315.77 1 
  4263.10 3.6919e-15   4318.52 1 
  4265.82 3.9533e-15   4321.27 1 
  4268.53 3.9541e-15   4324.02 1 
  4271.25 3.3250e-15   4326.77 1 
  4273.96 4.1790e-15   4329.52 1 
  4276.68 4.0529e-15   4332.27 1 
  4279.39 3.9858e-15   4335.02 1 
  4282.11 4.0581e-15   4337.77 1 
  4284.82 4.2655e-15   4340.52 1 
  4287.54 4.2034e-15   4343.27 1 
  4290.25 3.8846e-15   4346.02 1 
  4292.97 3.9960e-15   4348.77 1 
  4295.68 3.5623e-15   4351.52 1 
  4298.40 3.9133e-15   4354.27 1 
  4301.11 3.4955e-15   4357.02 1 
  4303.82 3.4494e-15   4359.77 1 
  4306.54 3.9118e-15   4362.52 1 
  4309.25 3.7783e-15   4365.27 1 
  4311.97 3.2930e-15   4368.02 1 
  4314.68 3.4659e-15   4370.77 1 
  4317.40 3.8246e-15   4373.52 1 
  4320.11 4.0293e-15   4376.27 1 
  4322.83 4.0921e-15   4379.02 1 
  4325.54 4.4593e-15   4381.77 1 
  4328.26 3.8960e-15   4384.52 1 
  4330.97 4.1459e-15   4387.27 1 
  4333.69 4.0946e-15   4390.02 1 
  4336.40 4.2695e-15   4392.77 1 
  4339.12 4.0141e-15   4395.52 1 
  4341.83 3.9929e-15   4398.27 1 
  4344.55 3.9055e-15   4401.02 1 
  4347.26 3.9722e-15   4403.77 1 
  4349.97 3.9000e-15   4406.52 1 
  4352.69 3.8250e-15   4409.27 1 
  4355.40 3.9890e-15   4412.02 1 
  4358.12 4.3470e-15   4414.77 1 
  4360.83 4.5252e-15   4417.52 1 
  4363.55 4.3375e-15   4420.27 1 
  4366.26 4.4394e-15   4423.02 1 
  4368.98 4.1497e-15   4425.77 1 
  4371.69 4.2807e-15   4428.52 1 
  4374.41 4.3684e-15   4431.27 1 
  4377.12 4.6095e-15   4434.02 1 
  4379.84 4.5252e-15   4436.77 1 
  4382.55 4.0633e-15   4439.52 1 
  4385.27 3.9468e-15   4442.27 1 
  4387.98 4.1199e-15   4445.02 1 
  4390.70 4.0835e-15   4447.77 1 
  4393.41 4.1370e-15   4450.52 1 
  4396.12 4.7204e-15   4453.27 1 
  4398.84 4.6385e-15   4456.02 1 
  4401.55 4.3605e-15   4458.77 1 
  4404.27 4.4116e-15   4461.52 1 
  4406.98 4.3222e-15   4464.27 1 
  4409.70 4.4292e-15   4467.02 1 
  4412.41 4.9867e-15   4469.77 1 
  4415.13 4.4166e-15   4472.52 1 
  4417.84 4.6531e-15   4475.27 1 
  4420.56 4.5247e-15   4478.02 1 
  4423.27 4.7005e-15   4480.77 1 
  4425.99 4.5336e-15   4483.52 1 
  4428.70 4.6953e-15   4486.27 1 
  4431.42 4.5603e-15   4489.02 1 
  4434.13 4.0109e-15   4491.77 1 
  4436.85 4.6296e-15   4494.52 1 
  4439.56 4.9366e-15   4497.27 1 
  4442.27 4.7860e-15   4500.02 1 
  4444.99 4.4976e-15   4502.77 1 
  4447.70 4.2855e-15   4505.52 1 
  4450.42 4.2635e-15   4508.27 1 
  4453.13 4.4349e-15   4511.02 1 
  4455.85 4.6084e-15   4513.77 1 
  4458.56 4.8656e-15   4516.52 1 
  4461.28 4.2342e-15   4519.27 1 
  4463.99 4.5194e-15   4522.02 1 
  4466.71 4.5696e-15   4524.77 1 
  4469.42 4.6636e-15   4527.52 1 
  4472.14 4.7140e-15   4530.27 1 
  4474.85 5.1000e-15   4533.02 1 
  4477.57 5.6084e-15   4535.77 1 
  4480.28 5.3098e-15   4538.52 1 
  4483.00 4.7194e-15   4541.27 1 
  4485.71 4.6603e-15   4544.02 1 
  4488.42 4.8059e-15   4546.77 1 
  4491.14 4.5764e-15   4549.52 1 
  4493.85 4.4153e-15   4552.27 1 
  4496.57 5.0851e-15   4555.02 1 
  4499.28 5.1948e-15   4557.77 1 
  4502.00 4.7735e-15   4560.52 1 
  4504.71 4.8108e-15   4563.27 1 
  4507.43 4.7750e-15   4566.02 1 
  4510.14 4.8668e-15   4568.77 1 
  4512.86 4.6268e-15   4571.52 1 
  4515.57 4.8333e-15   4574.27 1 
  4518.29 4.9489e-15   4577.02 1 
  4521.00 4.9817e-15   4579.77 1 
  4523.72 5.2438e-15   4582.52 1 
  4526.43 4.8280e-15   4585.27 1 
  4529.15 4.8273e-15   4588.02 1 
  4531.86 4.6750e-15   4590.77 1 
  4534.58 4.6606e-15   4593.52 1 
  4537.29 4.6588e-15   4596.27 1 
  4540.00 5.0050e-15   4599.02 1 
  4542.72 4.8483e-15   4601.77 1 
  4545.43 4.8618e-15   4604.52 1 
  4548.15 4.6887e-15   4607.27 1 
  4550.86 5.0635e-15   4610.02 1 
  4553.58 4.4244e-15   4612.77 1 
  4556.29 4.7748e-15   4615.52 1 
  4559.01 5.0756e-15   4618.27 1 
  4561.72 5.1930e-15   4621.02 1 
  4564.44 4.8289e-15   4623.77 1 
  4567.15 4.6470e-15   4626.52 1 
  4569.87 5.1919e-15   4629.27 1 
  4572.58 4.9094e-15   4632.02 1 
  4575.30 5.1488e-15   4634.77 1 
  4578.01 4.9889e-15   4637.52 1 
  4580.73 5.4617e-15   4640.27 1 
  4583.44 4.8686e-15   4643.02 1 
  4586.15 5.1355e-15   4645.77 1 
  4588.87 5.1317e-15   4648.52 1 
  4591.58 4.8856e-15   4651.27 1 
  4594.30 5.3206e-15   4654.02 1 
  4597.01 5.4874e-15   4656.77 1 
  4599.73 5.2751e-15   4659.52 1 
  4602.44 4.2659e-15   4662.27 1 
  4605.16 5.0862e-15   4665.02 1 
  4607.87 4.5580e-15   4667.77 1 
  4610.59 5.1165e-15   4670.52 1 
  4613.30 5.3174e-15   4673.27 1 
  4616.02 5.4534e-15   4676.02 1 
  4618.73 4.8636e-15   4678.77 1 
  4621.45 5.5415e-15   4681.52 1 
  4624.16 5.4488e-15   4684.27 1 
  4626.88 4.7921e-15   4687.02 1 
  4629.59 5.5714e-15   4689.77 1 
  4632.30 5.5598e-15   4692.52 1 
  4635.02 5.3076e-15   4695.27 1 
  4637.73 5.2365e-15   4698.02 1 
  4640.45 5.0822e-15   4700.77 1 
  4643.16 5.8971e-15   4703.52 1 
  4645.88 4.7893e-15   4706.27 1 
  4648.59 4.8322e-15   4709.02 1 
  4651.31 5.1912e-15   4711.77 1 
  4654.02 5.1640e-15   4714.52 1 
  4656.74 5.4834e-15   4717.27 1 
  4659.45 5.1869e-15   4720.02 1 
  4662.17 4.9458e-15   4722.77 1 
  4664.88 5.0375e-15   4725.52 1 
  4667.60 5.1259e-15   4728.27 1 
  4670.31 5.1212e-15   4731.02 1 
  4673.03 5.0320e-15   4733.77 1 
  4675.74 4.6890e-15   4736.52 1 
  4678.45 5.1536e-15   4739.27 1 
  4681.17 5.1528e-15   4742.02 1 
  4683.88 5.4023e-15   4744.77 1 
  4686.60 4.9870e-15   4747.52 1 
  4689.31 5.2890e-15   4750.27 1 
  4692.03 5.1646e-15   4753.02 1 
  4694.74 4.9731e-15   4755.77 1 
  4697.46 4.9715e-15   4758.52 1 
  4700.17 5.0797e-15   4761.27 1 
  4702.89 5.0055e-15   4764.02 1 
  4705.60 5.1689e-15   4766.77 1 
  4708.32 5.1433e-15   4769.52 1 
  4711.03 5.1466e-15   4772.27 1 
  4713.75 4.8169e-15   4775.02 1 
  4716.46 5.0956e-15   4777.77 1 
  4719.18 5.5070e-15   4780.52 1 
  4721.89 5.7781e-15   4783.27 1 
  4724.60 5.2932e-15   4786.02 1 
  4727.32 5.3434e-15   4788.77 1 
  4730.03 5.6353e-15   4791.52 1 
  4732.75 5.1663e-15   4794.27 1 
  4735.46 4.6775e-15   4797.02 1 
  4738.18 5.4699e-15   4799.77 1 
  4740.89 5.5795e-15   4802.52 1 
  4743.61 5.3531e-15   4805.27 1 
  4746.32 5.7276e-15   4808.02 1 
  4749.04 4.9604e-15   4810.77 1 
  4751.75 5.1415e-15   4813.52 1 
  4754.47 5.5436e-15   4816.27 1 
  4757.18 5.1289e-15   4819.02 1 
  4759.90 5.7935e-15   4821.77 1 
  4762.61 5.1546e-15   4824.52 1 
  4765.33 4.9629e-15   4827.27 1 
  4768.04 5.2578e-15   4830.02 1 
  4770.75 5.4941e-15   4832.77 1 
  4773.47 5.1558e-15   4835.52 1 
  4776.18 5.3354e-15   4838.27 1 
  4778.90 5.4720e-15   4841.02 1 
  4781.61 5.5256e-15   4843.77 1 
  4784.33 5.2931e-15   4846.52 1 
  4787.04 5.4309e-15   4849.27 1 
  4789.76 5.5440e-15   4852.02 1 
  4792.47 5.1886e-15   4854.77 1 
  4795.19 5.3886e-15   4857.52 1 
  4797.90 5.5115e-15   4860.27 1 
  4800.62 5.5838e-15   4863.02 1 
  4803.33 5.0802e-15   4865.77 1 
  4806.05 5.4229e-15   4868.52 1 
  4808.76 5.5219e-15   4871.27 1 
  4811.48 5.5232e-15   4874.02 1 
  4814.19 5.5637e-15   4876.77 1 
  4816.91 5.4070e-15   4879.52 1 
  4819.62 5.4052e-15   4882.27 1 
  4822.33 5.7408e-15   4885.02 1 
  4825.05 5.5436e-15   4887.77 1 
  4827.76 5.5895e-15   4890.52 1 
  4830.48 5.5514e-15   4893.27 1 
  4833.19 5.2523e-15   4896.02 1 
  4835.91 5.6175e-15   4898.77 1 
  4838.62 5.2037e-15   4901.52 1 
  4841.34 5.3276e-15   4904.27 1 
  4844.05 5.4066e-15   4907.02 1 
  4846.77 5.2061e-15   4909.77 1 
  4849.48 5.3109e-15   4912.52 1 
  4852.20 5.0658e-15   4915.27 1 
  4854.91 4.5671e-15   4918.02 1 
  4857.63 4.9384e-15   4920.77 1 
  4860.34 4.6768e-15   4923.52 1 
  4863.06 4.5296e-15   4926.27 1 
  4865.77 4.0365e-15   4929.02 1 
  4868.48 4.5548e-15   4931.77 1 
  4871.20 4.6053e-15   4934.52 1 
  4873.91 4.6848e-15   4937.27 1 
  4876.63 4.5274e-15   4940.02 1 
  4879.34 4.7091e-15   4942.77 1 
  4882.06 4.8942e-15   4945.52 1 
  4884.77 5.1885e-15   4948.27 1 
  4887.49 4.9808e-15   4951.02 1 
  4890.20 4.8834e-15   4953.77 1 
  4892.92 5.0688e-15   4956.52 1 
  4895.63 5.3232e-15   4959.27 1 
  4898.35 5.3562e-15   4962.02 1 
  4901.06 5.3870e-15   4964.77 1 
  4903.78 5.5698e-15   4967.52 1 
  4906.49 5.2421e-15   4970.27 1 
  4909.21 5.2753e-15   4973.02 1 
  4911.92 4.9818e-15   4975.77 1 
  4914.63 4.9323e-15   4978.52 1 
  4917.35 5.3551e-15   4981.27 1 
  4920.06 5.0491e-15   4984.02 1 
  4922.78 4.8308e-15   4986.77 1 
  4925.49 5.0696e-15   4989.52 1 
  4928.21 5.1592e-15   4992.27 1 
  4930.92 5.4196e-15   4995.02 1 
  4933.64 4.7683e-15   4997.77 1 
  4936.35 5.1770e-15   5000.52 1 
  4939.07 5.4664e-15   5003.27 1 
  4941.78 5.2602e-15   5006.02 1 
  4944.50 5.5998e-15   5008.77 1 
  4947.21 5.5028e-15   5011.52 1 
  4949.93 5.6772e-15   5014.27 1 
  4952.64 5.1293e-15   5017.02 1 
  4955.36 5.5738e-15   5019.77 1 
  4958.07 5.9342e-15   5022.52 1 
  4960.78 7.3317e-15   5025.27 1 
  4963.50 7.8639e-15   5028.02 1 
  4966.21 6.8475e-15   5030.77 1 
  4968.93 5.6305e-15   5033.52 1 
  4971.64 5.5719e-15   5036.27 1 
  4974.36 5.6059e-15   5039.02 1 
  4977.07 5.4989e-15   5041.77 1 
  4979.79 5.3788e-15   5044.52 1 
  4982.50 5.3112e-15   5047.27 1 
  4985.22 5.1655e-15   5050.02 1 
  4987.93 5.3919e-15   5052.77 1 
  4990.65 5.3780e-15   5055.52 1 
  4993.36 5.1577e-15   5058.27 1 
  4996.08 5.2170e-15   5061.02 1 
  4998.79 5.1153e-15   5063.77 1 
  5001.51 5.4518e-15   5066.52 1 
  5004.22 5.1667e-15   5069.27 1 
  5006.93 5.2248e-15   5072.02 1 
  5009.65 5.3092e-15   5074.77 1 
  5012.36 5.3396e-15   5077.52 1 
  5015.08 5.2738e-15   5080.27 1 
  5017.79 4.9267e-15   5083.02 1 
  5020.51 4.9335e-15   5085.77 1 
  5023.22 5.2093e-15   5088.52 1 
  5025.94 5.1142e-15   5091.27 1 
  5028.65 5.2297e-15   5094.02 1 
  5031.37 5.2780e-15   5096.77 1 
  5034.08 5.1468e-15   5099.52 1 
  5036.80 5.1208e-15   5102.27 1 
  5039.51 5.1832e-15   5105.02 1 
  5042.23 5.0675e-15   5107.77 1 
  5044.94 5.3315e-15   5110.52 1 
  5047.66 5.1107e-15   5113.27 1 
  5050.37 5.0967e-15   5116.02 1 
  5053.08 4.9680e-15   5118.77 1 
  5055.80 5.1265e-15   5121.52 1 
  5058.51 5.8270e-15   5124.27 1 
  5061.23 5.8527e-15   5127.02 1 
  5063.94 5.8652e-15   5129.77 1 
  5066.66 5.7260e-15   5132.52 1 
  5069.37 5.3102e-15   5135.27 1 
  5072.09 5.1671e-15   5138.02 1 
  5074.80 5.2294e-15   5140.77 1 
  5077.52 5.2437e-15   5143.52 1 
  5080.23 5.4341e-15   5146.27 1 
  5082.95 5.3984e-15   5149.02 1 
  5085.66 5.1343e-15   5151.77 1 
  5088.38 5.1245e-15   5154.52 1 
  5091.09 5.3402e-15   5157.27 1 
  5093.81 5.6335e-15   5160.02 1 
  5096.52 5.2952e-15   5162.77 1 
  5099.24 5.6157e-15   5165.52 1 
  5101.95 5.9186e-15   5168.27 1 
  5104.66 5.8995e-15   5171.02 1 
  5107.38 5.6332e-15   5173.77 1 
  5110.09 5.7061e-15   5176.52 1 
  5112.81 5.5677e-15   5179.27 1 
  5115.52 5.5088e-15   5182.02 1 
  5118.24 5.4476e-15   5184.77 1 
  5120.95 5.4400e-15   5187.52 1 
  5123.67 5.4010e-15   5190.27 1 
  5126.38 5.1074e-15   5193.02 1 
  5129.10 5.1509e-15   5195.77 1 
  5131.81 4.8954e-15   5198.52 1 
  5134.53 5.1290e-15   5201.27 1 
  5137.24 5.2127e-15   5204.02 1 
  5139.96 5.1959e-15   5206.77 1 
  5142.67 5.1923e-15   5209.52 1 
  5145.39 5.1831e-15   5212.27 1 
  5148.10 4.8701e-15   5215.02 1 
  5150.81 5.1518e-15   5217.77 1 
  5153.53 5.0579e-15   5220.52 1 
  5156.24 5.2671e-15   5223.27 1 
  5158.96 5.3290e-15   5226.02 1 
  5161.67 5.2123e-15   5228.77 1 
  5164.39 5.1567e-15   5231.52 1 
  5167.10 4.7119e-15   5234.27 1 
  5169.82 4.5753e-15   5237.02 1 
  5172.53 4.3002e-15   5239.77 1 
  5175.25 4.2373e-15   5242.52 1 
  5177.96 4.8477e-15   5245.27 1 
  5180.68 5.0551e-15   5248.02 1 
  5183.39 4.6834e-15   5250.77 1 
  5186.11 4.5736e-15   5253.52 1 
  5188.82 4.5968e-15   5256.27 1 
  5191.54 4.9277e-15   5259.02 1 
  5194.25 5.4390e-15   5261.77 1 
  5196.96 5.1987e-15   5264.52 1 
  5199.68 5.1637e-15   5267.27 1 
  5202.39 5.2141e-15   5270.02 1 
  5205.11 5.0855e-15   5272.77 1 
  5207.82 5.0919e-15   5275.52 1 
  5210.54 5.1733e-15   5278.27 1 
  5213.25 4.8529e-15   5281.02 1 
  5215.97 4.9633e-15   5283.77 1 
  5218.68 5.0808e-15   5286.52 1 
  5221.40 5.1804e-15   5289.27 1 
  5224.11 5.3831e-15   5292.02 1 
  5226.83 5.2864e-15   5294.77 1 
  5229.54 5.1798e-15   5297.52 1 
  5232.26 5.1279e-15   5300.27 1 
  5234.97 5.0588e-15   5303.02 1 
  5237.69 5.4228e-15   5305.77 1 
  5240.40 5.5643e-15   5308.52 1 
  5243.11 5.5055e-15   5311.27 1 
  5245.83 6.0996e-15   5314.02 1 
  5248.54 6.0802e-15   5316.77 1 
  5251.26 5.6034e-15   5319.52 1 
  5253.97 5.3654e-15   5322.27 1 
  5256.69 5.8326e-15   5325.02 1 
  5259.40 5.6706e-15   5327.77 1 
  5262.12 5.6827e-15   5330.52 1 
  5264.83 5.4711e-15   5333.27 1 
  5267.55 5.3813e-15   5336.02 1 
  5270.26 5.4345e-15   5338.77 1 
  5272.98 5.7514e-15   5341.52 1 
  5275.69 5.8793e-15   5344.27 1 
  5278.41 6.1508e-15   5347.02 1 
  5281.12 5.9214e-15   5349.77 1 
  5283.84 5.8234e-15   5352.52 1 
  5286.55 5.6347e-15   5355.27 1 
  5289.26 5.9034e-15   5358.02 1 
  5291.98 5.9813e-15   5360.77 1 
  5294.69 5.9004e-15   5363.52 1 
  5297.41 5.7748e-15   5366.27 1 
  5300.12 5.5378e-15   5369.02 1 
  5302.84 5.4970e-15   5371.77 1 
  5305.55 5.6674e-15   5374.52 1 
  5308.27 5.9385e-15   5377.27 1 
  5310.98 6.2388e-15   5380.02 1 
  5313.70 5.8820e-15   5382.77 1 
  5316.41 5.8726e-15   5385.52 1 
  5319.13 5.3279e-15   5388.27 1 
  5321.84 5.5082e-15   5391.02 1 
  5324.56 5.5972e-15   5393.77 1 
  5327.27 5.1011e-15   5396.52 1 
  5329.99 5.5275e-15   5399.27 1 
  5332.70 5.5162e-15   5402.02 1 
  5335.41 5.2082e-15   5404.77 1 
  5338.13 5.5153e-15   5407.52 1 
  5340.84 5.5588e-15   5410.27 1 
  5343.56 5.1910e-15   5413.02 1 
  5346.27 5.3941e-15   5415.77 1 
  5348.99 5.7640e-15   5418.52 1 
  5351.70 5.5641e-15   5421.27 1 
  5354.42 5.3368e-15   5424.02 1 
  5357.13 5.7203e-15   5426.77 1 
  5359.85 5.9749e-15   5429.52 1 
  5362.56 5.5666e-15   5432.27 1 
  5365.28 5.7201e-15   5435.02 1 
  5367.99 5.6707e-15   5437.77 1 
  5370.71 5.5429e-15   5440.52 1 
  5373.42 5.6841e-15   5443.27 1 
  5376.14 6.0818e-15   5446.02 1 
  5378.85 6.1725e-15   5448.77 1 
  5381.57 5.5498e-15   5451.52 1 
  5384.28 5.3755e-15   5454.27 1 
  5386.99 5.4298e-15   5457.02 1 
  5389.71 5.5371e-15   5459.77 1 
  5392.42 5.8243e-15   5462.52 1 
  5395.14 5.6573e-15   5465.27 1 
  5397.85 5.4905e-15   5468.02 1 
  5400.57 5.5320e-15   5470.77 1 
  5403.28 5.6049e-15   5473.52 1 
  5406.00 5.6273e-15   5476.27 1 
  5408.71 5.3682e-15   5479.02 1 
  5411.43 5.5792e-15   5481.77 1 
  5414.14 5.5886e-15   5484.52 1 
  5416.86 5.5411e-15   5487.27 1 
  5419.57 6.0638e-15   5490.02 1 
  5422.29 6.0890e-15   5492.77 1 
  5425.00 5.9009e-15   5495.52 1 
  5427.72 5.4867e-15   5498.27 1 
  5430.43 5.9990e-15   5501.02 1 
  5433.14 5.9056e-15   5503.77 1 
  5435.86 5.3057e-15   5506.52 1 
  5438.57 6.0076e-15   5509.27 1 
  5441.29 5.9483e-15   5512.02 1 
  5444.00 5.7634e-15   5514.77 1 
  5446.72 5.8721e-15   5517.52 1 
  5449.43 5.8768e-15   5520.27 1 
  5452.15 5.8647e-15   5523.02 1 
  5454.86 5.9160e-15   5525.77 1 
  5457.58 5.9773e-15   5528.52 1 
  5460.29 5.6874e-15   5531.27 1 
  5463.01 6.2373e-15   5534.02 1 
  5465.72 6.0646e-15   5536.77 1 
  5468.44 6.2169e-15   5539.52 1 
  5471.15 6.1874e-15   5542.27 1 
  5473.87 5.8107e-15   5545.02 1 
  5476.58 5.6344e-15   5547.77 1 
  5479.29 5.8494e-15   5550.52 1 
  5482.01 5.2772e-15   5553.27 1 
  5484.72 5.4592e-15   5556.02 1 
  5487.44 5.4683e-15   5558.77 1 
  5490.15 5.7348e-15   5561.52 1 
  5492.87 5.7129e-15   5564.27 1 
  5495.58 5.4039e-15   5567.02 1 
  5498.30 5.2791e-15   5569.77 1 
  5501.01 5.6119e-15   5572.52 1 
  5503.73 6.0671e-15   5575.27 1 
  5506.44 5.2498e-15   5578.02 1 
  5509.16 5.2298e-15   5580.77 1 
  5511.87 6.0774e-15   5583.52 1 
  5514.59 5.5961e-15   5586.27 1 
  5517.30 5.4834e-15   5589.02 1 
  5520.02 5.8034e-15   5591.77 1 
  5522.73 5.4699e-15   5594.52 1 
  5525.44 5.8302e-15   5597.27 1 
  5528.16 5.6802e-15   5600.02 1 
  5530.87 5.4942e-15   5602.77 1 
  5533.59 5.7359e-15   5605.52 1 
  5536.30 6.1430e-15   5608.27 1 
  5539.02 6.0026e-15   5611.02 1 
  5541.73 5.8897e-15   5613.77 1 
  5544.45 6.0147e-15   5616.52 1 
  5547.16 5.9167e-15   5619.27 1 
  5549.88 5.8517e-15   5622.02 1 
  5552.59 6.0004e-15   5624.77 1 
  5555.31 6.3074e-15   5627.52 1 
  5558.02 6.0701e-15   5630.27 1 
  5560.74 5.7886e-15   5633.02 1 
  5563.45 6.1860e-15   5635.77 1 
  5566.17 5.6240e-15   5638.52 1 
  5568.88 5.5591e-15   5641.27 1 
  5571.59 6.0938e-15   5644.02 1 
  5574.31 5.6204e-15   5646.77 1 
  5577.02 6.0244e-15   5649.52 1 
  5579.74 5.9116e-15   5652.27 1 
  5582.45 5.6150e-15   5655.02 1 
  5585.17 5.6007e-15   5657.77 1 
  5587.88 5.6206e-15   5660.52 1 
  5590.60 5.3731e-15   5663.27 1 
  5593.31 5.5051e-15   5666.02 1 
  5596.03 5.9711e-15   5668.77 1 
  5598.74 5.1173e-15   5671.52 1 
  5601.46 5.5860e-15   5674.27 1 
  5604.17 5.5409e-15   5677.02 1 
  5606.89 5.8652e-15   5679.77 1 
  5609.60 5.5482e-15   5682.52 1 
  5612.32 6.3196e-15   5685.27 1 
  5615.03 5.7040e-15   5688.02 1 
  5617.74 6.2853e-15   5690.77 1 
  5620.46 5.5493e-15   5693.52 1 
  5623.17 5.8237e-15   5696.27 1 
  5625.89 5.6113e-15   5699.02 1 
  5628.60 5.6663e-15   5701.77 1 
  5631.32 5.8696e-15   5704.52 1 
  5634.03 5.5240e-15   5707.27 1 
  5636.75 5.8042e-15   5710.02 1 
  5639.46 5.4393e-15   5712.77 1 
  5642.18 5.9287e-15   5715.52 1 
  5644.89 5.7705e-15   5718.27 1 
  5647.61 5.8962e-15   5721.02 1 
  5650.32 6.0872e-15   5723.77 1 
  5653.04 5.5956e-15   5726.52 1 
  5655.75 6.2469e-15   5729.27 1 
  5658.47 6.0937e-15   5732.02 1 
  5661.18 5.9121e-15   5734.77 1 
  5663.90 5.4878e-15   5737.52 1 
  5666.61 6.0061e-15   5740.27 1 
  5669.32 6.1376e-15   5743.02 1 
  5672.04 5.7691e-15   5745.77 1 
  5674.75 5.5106e-15   5748.52 1 
  5677.47 6.1849e-15   5751.27 1 
  5680.18 6.6558e-15   5754.02 1 
  5682.90 6.2480e-15   5756.77 1 
  5685.61 5.7917e-15   5759.52 1 
  5688.33 5.8056e-15   5762.27 1 
  5691.04 5.6319e-15   5765.02 1 
  5693.76 5.5275e-15   5767.77 1 
  5696.47 5.9771e-15   5770.52 1 
  5699.19 6.0635e-15   5773.27 1 
  5701.90 5.6083e-15   5776.02 1 
  5704.62 5.3714e-15   5778.77 1 
  5707.33 5.3974e-15   5781.52 1 
  5710.05 5.2947e-15   5784.27 1 
  5712.76 5.1726e-15   5787.02 1 
  5715.47 5.6962e-15   5789.77 1 
  5718.19 6.1151e-15   5792.52 1 
  5720.90 6.1238e-15   5795.27 1 
  5723.62 5.8219e-15   5798.02 1 
  5726.33 6.0122e-15   5800.77 1 
  5729.05 5.9629e-15   5803.52 1 
  5731.76 6.2000e-15   5806.27 1 
  5734.48 5.9738e-15   5809.02 1 
  5737.19 5.9111e-15   5811.77 1 
  5739.91 5.9477e-15   5814.52 1 
  5742.62 5.7003e-15   5817.27 1 
  5745.34 6.1848e-15   5820.02 1 
  5748.05 6.1389e-15   5822.77 1 
  5750.77 6.2550e-15   5825.52 1 
  5753.48 6.2441e-15   5828.27 1 
  5756.20 6.1341e-15   5831.02 1 
  5758.91 6.2340e-15   5833.77 1 
  5761.62 6.3358e-15   5836.52 1 
  5764.34 6.5489e-15   5839.27 1 
  5767.05 6.3841e-15   5842.02 1 
  5769.77 6.2942e-15   5844.77 1 
  5772.48 6.0013e-15   5847.52 1 
  5775.20 6.1160e-15   5850.27 1 
  5777.91 5.9964e-15   5853.02 1 
  5780.63 5.8801e-15   5855.77 1 
  5783.34 6.0395e-15   5858.52 1 
  5786.06 5.5907e-15   5861.27 1 
  5788.77 5.5082e-15   5864.02 1 
  5791.49 6.0138e-15   5866.77 1 
  5794.20 5.7171e-15   5869.52 1 
  5796.92 5.9409e-15   5872.27 1 
  5799.63 6.6779e-15   5875.02 1 
  5802.35 5.9191e-15   5877.77 1 
  5805.06 6.3222e-15   5880.52 1 
  5807.77 6.3077e-15   5883.27 1 
  5810.49 6.1968e-15   5886.02 1 
  5813.20 6.2935e-15   5888.77 1 
  5815.92 5.5260e-15   5891.52 1 
  5818.63 6.0448e-15   5894.27 1 
  5821.35 5.6470e-15   5897.02 1 
  5824.06 6.3278e-15   5899.77 1 
  5826.78 6.4108e-15   5902.52 1 
  5829.49 6.1820e-15   5905.27 1 
  5832.21 6.0889e-15   5908.02 1 
  5834.92 6.2040e-15   5910.77 1 
  5837.64 6.2656e-15   5913.52 1 
  5840.35 6.0192e-15   5916.27 1 
  5843.07 6.7558e-15   5919.02 1 
  5845.78 7.0968e-15   5921.77 1 
  5848.50 6.9842e-15   5924.52 1 
  5851.21 6.2672e-15   5927.27 1 
  5853.92 6.0837e-15   5930.02 1 
  5856.64 5.7451e-15   5932.77 1 
  5859.35 5.7146e-15   5935.52 1 
  5862.07 6.1549e-15   5938.27 1 
  5864.78 6.1069e-15   5941.02 1 
  5867.50 5.9587e-15   5943.77 1 
  5870.21 5.7910e-15   5946.52 1 
  5872.93 5.8291e-15   5949.27 1 
  5875.64 6.0076e-15   5952.02 1 
  5878.36 5.9032e-15   5954.77 1 
  5881.07 5.9682e-15   5957.52 1 
  5883.79 5.6941e-15   5960.27 1 
  5886.50 5.3698e-15   5963.02 1 
  5889.22 5.1810e-15   5965.77 1 
  5891.93 4.8176e-15   5968.52 1 
  5894.65 4.3997e-15   5971.27 1 
  5897.36 4.9024e-15   5974.02 1 
  5900.07 5.1527e-15   5976.77 1 
  5902.79 5.2057e-15   5979.52 1 
  5905.50 5.3554e-15   5982.27 1 
  5908.22 5.8920e-15   5985.02 1 
  5910.93 6.0605e-15   5987.77 1 
  5913.65 5.9859e-15   5990.52 1 
  5916.36 6.0943e-15   5993.27 1 
  5919.08 5.6897e-15   5996.02 1 
  5921.79 5.7052e-15   5998.77 1 
  5924.51 5.8786e-15   6001.52 1 
  5927.22 5.5506e-15   6004.27 1 
  5929.94 5.5269e-15   6007.02 1 
  5932.65 5.8254e-15   6009.77 1 
  5935.37 5.7911e-15   6012.52 1 
  5938.08 5.8920e-15   6015.27 1 
  5940.80 5.3542e-15   6018.02 1 
  5943.51 5.5779e-15   6020.77 1 
  5946.23 5.9113e-15   6023.52 1 
  5948.94 5.5598e-15   6026.27 1 
  5951.65 5.8619e-15   6029.02 1 
  5954.37 6.0413e-15   6031.77 1 
  5957.08 5.6406e-15   6034.52 1 
  5959.80 5.8913e-15   6037.27 1 
  5962.51 6.3151e-15   6040.02 1 
  5965.23 5.9585e-15   6042.77 1 
  5967.94 6.0038e-15   6045.52 1 
  5970.66 6.1196e-15   6048.27 1 
  5973.37 5.8858e-15   6051.02 1 
  5976.09 5.7874e-15   6053.77 1 
  5978.80 5.8847e-15   6056.52 1 
  5981.52 5.9707e-15   6059.27 1 
  5984.23 5.9483e-15   6062.02 1 
  5986.95 5.8286e-15   6064.77 1 
  5989.66 5.9343e-15   6067.52 1 
  5992.38 5.6419e-15   6070.27 1 
  5995.09 5.4572e-15   6073.02 1 
  5997.80 5.8446e-15   6075.77 1 
  6000.52 6.3102e-15   6078.52 1 
  6003.23 6.0814e-15   6081.27 1 
  6005.95 5.8527e-15   6084.02 1 
  6008.66 6.2247e-15   6086.77 1 
  6011.38 6.1163e-15   6089.52 1 
  6014.09 5.9945e-15   6092.27 1 
  6016.81 6.0098e-15   6095.02 1 
  6019.52 5.7098e-15   6097.77 1 
  6022.24 5.6088e-15   6100.52 1 
  6024.95 6.2456e-15   6103.27 1 
  6027.67 5.7870e-15   6106.02 1 
  6030.38 6.0397e-15   6108.77 1 
  6033.10 6.0308e-15   6111.52 1 
  6035.81 5.8429e-15   6114.27 1 
  6038.53 5.9303e-15   6117.02 1 
  6041.24 6.2932e-15   6119.77 1 
  6043.95 5.8942e-15   6122.52 1 
  6046.67 6.0500e-15   6125.27 1 
  6049.38 6.2556e-15   6128.02 1 
  6052.10 5.9206e-15   6130.77 1 
  6054.81 5.9292e-15   6133.52 1 
  6057.53 5.8362e-15   6136.27 1 
  6060.24 5.7758e-15   6139.02 1 
  6062.96 5.9162e-15   6141.77 1 
  6065.67 6.1037e-15   6144.52 1 
  6068.39 6.0371e-15   6147.27 1 
  6071.10 6.0331e-15   6150.02 1 
  6073.82 6.2818e-15   6152.77 1 
  6076.53 6.1955e-15   6155.52 1 
  6079.25 5.9290e-15   6158.27 1 
  6081.96 6.1041e-15   6161.02 1 
  6084.68 6.0995e-15   6163.77 1 
  6087.39 5.8919e-15   6166.52 1 
  6090.10 6.0122e-15   6169.27 1 
  6092.82 5.9422e-15   6172.02 1 
  6095.53 6.1572e-15   6174.77 1 
  6098.25 5.7813e-15   6177.52 1 
  6100.96 6.0019e-15   6180.27 1 
  6103.68 6.0952e-15   6183.02 1 
  6106.39 5.5556e-15   6185.77 1 
  6109.11 5.8753e-15   6188.52 1 
  6111.82 5.8286e-15   6191.27 1 
  6114.54 6.0709e-15   6194.02 1 
  6117.25 6.1876e-15   6196.77 1 
  6119.97 6.3816e-15   6199.52 1 
  6122.68 5.9212e-15   6202.27 1 
  6125.40 5.9111e-15   6205.02 1 
  6128.11 6.2154e-15   6207.77 1 
  6130.83 6.2152e-15   6210.52 1 
  6133.54 6.2816e-15   6213.27 1 
  6136.25 6.0742e-15   6216.02 1 
  6138.97 5.8062e-15   6218.77 1 
  6141.68 5.9066e-15   6221.52 1 
  6144.40 5.8996e-15   6224.27 1 
  6147.11 6.5247e-15   6227.02 1 
  6149.83 6.2193e-15   6229.77 1 
  6152.54 6.1069e-15   6232.52 1 
  6155.26 5.9200e-15   6235.27 1 
  6157.97 6.0562e-15   6238.02 1 
  6160.69 5.3799e-15   6240.77 1 
  6163.40 5.3867e-15   6243.52 1 
  6166.12 5.6515e-15   6246.27 1 
  6168.83 5.4332e-15   6249.02 1 
  6171.55 5.5039e-15   6251.77 1 
  6174.26 5.3404e-15   6254.52 1 
  6176.98 5.9207e-15   6257.27 1 
  6179.69 5.8949e-15   6260.02 1 
  6182.40 5.7442e-15   6262.77 1 
  6185.12 6.0418e-15   6265.52 1 
  6187.83 5.8129e-15   6268.27 1 
  6190.55 5.8527e-15   6271.02 1 
  6193.26 6.1632e-15   6273.77 1 
  6195.98 5.6828e-15   6276.52 1 
  6198.69 6.1096e-15   6279.27 1 
  6201.41 5.5533e-15   6282.02 1 
  6204.12 5.6655e-15   6284.77 1 
  6206.84 6.0094e-15   6287.52 1 
  6209.55 5.5075e-15   6290.27 1 
  6212.27 5.7989e-15   6293.02 1 
  6214.98 6.1705e-15   6295.77 1 
  6217.70 5.9654e-15   6298.52 1 
  6220.41 5.4757e-15   6301.27 1 
  6223.13 5.9795e-15   6304.02 1 
  6225.84 5.9377e-15   6306.77 1 
  6228.56 5.2839e-15   6309.52 1 
  6231.27 5.6999e-15   6312.27 1 
  6233.98 5.8043e-15   6315.02 1 
  6236.70 5.5504e-15   6317.77 1 
  6239.41 5.4955e-15   6320.52 1 
  6242.13 5.7087e-15   6323.27 1 
  6244.84 5.7440e-15   6326.02 1 
  6247.56 5.6087e-15   6328.77 1 
  6250.27 5.4268e-15   6331.52 1 
  6252.99 5.5299e-15   6334.27 1 
  6255.70 5.6510e-15   6337.02 1 
  6258.42 5.5481e-15   6339.77 1 
  6261.13 5.6094e-15   6342.52 1 
  6263.85 5.7290e-15   6345.27 1 
  6266.56 5.2054e-15   6348.02 1 
  6269.28 5.5634e-15   6350.77 1 
  6271.99 5.4890e-15   6353.52 1 
  6274.71 6.3788e-15   6356.27 1 
  6277.42 6.0366e-15   6359.02 1 
  6280.13 6.0427e-15   6361.77 1 
  6282.85 5.6067e-15   6364.52 1 
  6285.56 5.5629e-15   6367.27 1 
  6288.28 5.6387e-15   6370.02 1 
  6290.99 5.5391e-15   6372.77 1 
  6293.71 5.4866e-15   6375.52 1 
  6296.42 6.3914e-15   6378.27 1 
  6299.14 6.1161e-15   6381.02 1 
  6301.85 6.3946e-15   6383.77 1 
  6304.57 5.8350e-15   6386.52 1 
  6307.28 5.9726e-15   6389.27 1 
  6310.00 6.2004e-15   6392.02 1 
  6312.71 6.2039e-15   6394.77 1 
  6315.43 5.9380e-15   6397.52 1 
  6318.14 5.8214e-15   6400.27 1 
  6320.86 5.8321e-15   6403.02 1 
  6323.57 5.4255e-15   6405.77 1 
  6326.28 5.9567e-15   6408.52 1 
  6329.00 6.1048e-15   6411.27 1 
  6331.71 6.1048e-15   6414.02 1 
  6334.43 5.9504e-15   6416.77 1 
  6337.14 5.9032e-15   6419.52 1 
  6339.86 5.8421e-15   6422.27 1 
  6342.57 5.9259e-15   6425.02 1 
  6345.29 5.9152e-15   6427.77 1 
  6348.00 5.9092e-15   6430.52 1 
  6350.72 5.9619e-15   6433.27 1 
  6353.43 6.0524e-15   6436.02 1 
  6356.15 5.8788e-15   6438.77 1 
  6358.86 5.7082e-15   6441.52 1 
  6361.58 5.8802e-15   6444.27 1 
  6364.29 6.0119e-15   6447.02 1 
  6367.01 6.0201e-15   6449.77 1 
  6369.72 5.8177e-15   6452.52 1 
  6372.43 5.7068e-15   6455.27 1 
  6375.15 5.8779e-15   6458.02 1 
  6377.86 6.2061e-15   6460.77 1 
  6380.58 6.4023e-15   6463.52 1 
  6383.29 6.3949e-15   6466.27 1 
  6386.01 5.9008e-15   6469.02 1 
  6388.72 5.8353e-15   6471.77 1 
  6391.44 5.7159e-15   6474.52 1 
  6394.15 5.6648e-15   6477.27 1 
  6396.87 5.9551e-15   6480.02 1 
  6399.58 5.7273e-15   6482.77 1 
  6402.30 5.7064e-15   6485.52 1 
  6405.01 5.8563e-15   6488.27 1 
  6407.73 6.0873e-15   6491.02 1 
  6410.44 6.1543e-15   6493.77 1 
  6413.16 6.5141e-15   6496.52 1 
  6415.87 6.8109e-15   6499.27 1 
  6418.58 6.0033e-15   6502.02 1 
  6421.30 5.9315e-15   6504.77 1 
  6424.01 5.7961e-15   6507.52 1 
  6426.73 5.8121e-15   6510.27 1 
  6429.44 5.7747e-15   6513.02 1 
  6432.16 5.8096e-15   6515.77 1 
  6434.87 6.0851e-15   6518.52 1 
  6437.59 5.9984e-15   6521.27 1 
  6440.30 6.1182e-15   6524.02 1 
  6443.02 5.8035e-15   6526.77 1 
  6445.73 5.9896e-15   6529.52 1 
  6448.45 5.6334e-15   6532.27 1 
  6451.16 5.2727e-15   6535.02 1 
  6453.88 5.5687e-15   6537.77 1 
  6456.59 5.0589e-15   6540.52 1 
  6459.31 6.1078e-15   6543.27 1 
  6462.02 5.6875e-15   6546.02 1 
  6464.73 5.8559e-15   6548.77 1 
  6467.45 5.6073e-15   6551.52 1 
  6470.16 6.2218e-15   6554.27 1 
  6472.88 4.8131e-15   6557.02 1 
  6475.59 5.4478e-15   6559.77 1 
  6478.31 5.5234e-15   6562.52 1 
  6481.02 5.9190e-15   6565.27 1 
  6483.74 5.8415e-15   6568.02 1 
  6486.45 5.4111e-15   6570.77 1 
  6489.17 5.7966e-15   6573.52 1 
  6491.88 5.8831e-15   6576.27 1 
  6494.60 5.0904e-15   6579.02 1 
  6497.31 5.0491e-15   6581.77 1 
  6500.03 5.3697e-15   6584.52 1 
  6502.74 5.3470e-15   6587.27 1 
  6505.46 5.5702e-15   6590.02 1 
  6508.17 6.0473e-15   6592.77 1 
  6510.89 6.0093e-15   6595.52 1 
  6513.60 6.0311e-15   6598.27 1 
  6516.31 5.8564e-15   6601.02 1 
  6519.03 5.9930e-15   6603.77 1 
  6521.74 5.7163e-15   6606.52 1 
  6524.46 5.6128e-15   6609.27 1 
  6527.17 5.9809e-15   6612.02 1 
  6529.89 5.9633e-15   6614.77 1 
  6532.60 5.9785e-15   6617.52 1 
  6535.32 6.0242e-15   6620.27 1 
  6538.03 5.9104e-15   6623.02 1 
  6540.75 6.4905e-15   6625.77 1 
  6543.46 6.3657e-15   6628.52 1 
  6546.18 6.6948e-15   6631.27 1 
  6548.89 6.9368e-15   6634.02 1 
  6551.61 7.0159e-15   6636.77 1 
  6554.32 6.0880e-15   6639.52 1 
  6557.04 6.5632e-15   6642.27 1 
  6559.75 7.6554e-15   6645.02 1 
  6562.46 9.1307e-15   6647.77 1 
  6565.18 9.5445e-15   6650.52 1 
  6567.89 8.5325e-15   6653.27 1 
  6570.61 7.0939e-15   6656.02 1 
  6573.32 6.1050e-15   6658.77 1 
  6576.04 5.7560e-15   6661.52 1 
  6578.75 6.5184e-15   6664.27 1 
  6581.47 7.3185e-15   6667.02 1 
  6584.18 8.3836e-15   6669.77 1 
  6586.90 8.7014e-15   6672.52 1 
  6589.61 7.5671e-15   6675.27 1 
  6592.33 6.5116e-15   6678.02 1 
  6595.04 6.0763e-15   6680.77 1 
  6597.76 6.1049e-15   6683.52 1 
  6600.47 5.9160e-15   6686.27 1 
  6603.19 5.7801e-15   6689.02 1 
  6605.90 5.7525e-15   6691.77 1 
  6608.61 5.5603e-15   6694.52 1 
  6611.33 5.9991e-15   6697.27 1 
  6614.04 6.1330e-15   6700.02 1 
  6616.76 6.0072e-15   6702.77 1 
  6619.47 6.0411e-15   6705.52 1 
  6622.19 6.2538e-15   6708.27 1 
  6624.90 6.0501e-15   6711.02 1 
  6627.62 5.9942e-15   6713.77 1 
  6630.33 5.9296e-15   6716.52 1 
  6633.05 5.8325e-15   6719.27 1 
  6635.76 5.9352e-15   6722.02 1 
  6638.48 5.9710e-15   6724.77 1 
  6641.19 5.9512e-15   6727.52 1 
  6643.91 5.7945e-15   6730.27 1 
  6646.62 5.8477e-15   6733.02 1 
  6649.34 6.0012e-15   6735.77 1 
  6652.05 5.7636e-15   6738.52 1 
  6654.76 6.1762e-15   6741.27 1 
  6657.48 5.4244e-15   6744.02 1 
  6660.19 5.8402e-15   6746.77 1 
  6662.91 5.9757e-15   6749.52 1 
  6665.62 5.5406e-15   6752.27 1 
  6668.34 6.1023e-15   6755.02 1 
  6671.05 5.4996e-15   6757.77 1 
  6673.77 5.6185e-15   6760.52 1 
  6676.48 6.0240e-15   6763.27 1 
  6679.20 5.6582e-15   6766.02 1 
  6681.91 5.5178e-15   6768.77 1 
  6684.63 5.8896e-15   6771.52 1 
  6687.34 6.2027e-15   6774.27 1 
  6690.06 5.9668e-15   6777.02 1 
  6692.77 6.2045e-15   6779.77 1 
  6695.49 6.0083e-15   6782.52 1 
  6698.20 5.8462e-15   6785.27 1 
  6700.91 5.7692e-15   6788.02 1 
  6703.63 6.2761e-15   6790.77 1 
  6706.34 6.0618e-15   6793.52 1 
  6709.06 5.9086e-15   6796.27 1 
  6711.77 6.2160e-15   6799.02 1 
  6714.49 6.3276e-15   6801.77 1 
  6717.20 6.5309e-15   6804.52 1 
  6719.92 6.7331e-15   6807.27 1 
  6722.63 6.2194e-15   6810.02 1 
  6725.35 5.8471e-15   6812.77 1 
  6728.06 6.2210e-15   6815.52 1 
  6730.78 6.2949e-15   6818.27 1 
  6733.49 6.5698e-15   6821.02 1 
  6736.21 5.9721e-15   6823.77 1 
  6738.92 5.6622e-15   6826.52 1 
  6741.64 6.1127e-15   6829.27 1 
  6751.36 5.6125e-15   6839.12 0 
  6766.92 5.7700e-15   6854.88 0 
  6782.52 5.8103e-15   6870.68 0 
  6798.15 5.6522e-15   6886.52 0 
  6813.83 5.6917e-15   6902.40 0 
  6829.53 5.7711e-15   6918.31 0 
  6845.28 5.6530e-15   6934.26 0 
  6861.06 5.6144e-15   6950.24 0 
  6876.87 5.6147e-15   6966.26 0 
  6892.73 5.4619e-15   6982.33 0 
  6908.62 5.6152e-15   6998.42 0 
  6924.54 5.6155e-15   7014.55 0 
  6940.50 5.8265e-15   7030.72 0 
  6956.50 5.9351e-15   7046.93 0 
  6972.54 5.9081e-15   7063.18 0 
  6988.61 5.8140e-15   7079.46 0 
  7004.72 5.8816e-15   7095.78 0 
  7020.87 5.8548e-15   7112.14 0 
  7037.05 5.9093e-15   7128.53 0 
  7053.28 6.1455e-15   7144.96 0 
  7069.54 5.5793e-15   7161.43 0 
  7085.83 5.8157e-15   7177.94 0 
  7102.17 5.3904e-15   7194.49 0 
  7118.54 5.3536e-15   7211.08 0 
  7134.95 5.2079e-15   7227.70 0 
  7151.40 5.3295e-15   7244.36 0 
  7167.89 5.3791e-15   7261.06 0 
  7184.41 5.3301e-15   7277.80 0 
  7200.97 5.2090e-15   7294.57 0 
  7217.57 5.4548e-15   7311.39 0 
  7234.21 5.6338e-15   7328.25 0 
  7250.88 5.5058e-15   7345.14 0 
  7267.60 5.5315e-15   7362.07 0 
  7284.35 5.6346e-15   7379.04 0 
  7301.14 5.5448e-15   7396.05 0 
  7317.97 5.7136e-15   7413.10 0 
  7334.85 5.7934e-15   7430.19 0 
  7351.75 5.8338e-15   7447.32 0 
  7368.70 5.8207e-15   7464.49 0 
  7385.69 6.1801e-15   7481.70 0 
  7402.71 6.0537e-15   7498.94 0 
  7419.78 5.9847e-15   7516.23 0 
  7436.89 6.1104e-15   7533.56 0 
  7454.03 5.9441e-15   7550.92 0 
  7471.21 5.9171e-15   7568.33 0 
  7488.44 6.0973e-15   7585.78 0 
  7505.70 6.1257e-15   7603.26 0 
  7523.00 6.1970e-15   7620.79 0 
  7540.34 6.1405e-15   7638.36 0 
  7557.72 6.1692e-15   7655.97 0 
  7575.15 6.1411e-15   7673.61 0 
  7592.61 6.1133e-15   7691.30 0 
  7610.11 6.0020e-15   7709.04 0 
  7627.65 5.7985e-15   7726.81 0 
  7645.24 5.8660e-15   7744.62 0 
  7662.86 5.9070e-15   7762.47 0 
  7680.53 5.6936e-15   7780.37 0 
  7698.23 5.7071e-15   7798.30 0 
  7715.98 5.6681e-15   7816.28 0 
  7733.77 5.6164e-15   7834.30 0 
  7751.59 5.5909e-15   7852.36 0 
  7769.46 5.6170e-15   7870.46 0 
  7787.37 5.5403e-15   7888.60 0 
  7805.32 5.5278e-15   7906.79 0 
  7823.32 5.7887e-15   7925.01 0 
  7841.35 5.4777e-15   7943.28 0 
  7859.43 5.6445e-15   7961.59 0 
  7877.55 5.7102e-15   7979.95 0 
  7895.71 5.7766e-15   7998.34 0 
  7913.91 5.6715e-15   8016.78 0 
  7932.15 5.5555e-15   8035.26 0 
  7950.44 5.4418e-15   8053.78 0 
  7968.77 5.6334e-15   8072.35 0 
  7987.13 5.6337e-15   8090.96 0 
  8005.54 5.5567e-15   8109.61 0 
  8024.00 5.8458e-15   8128.31 0 
  8042.50 5.9138e-15   8147.04 0 
  8061.04 5.8734e-15   8165.82 0 
  8079.62 5.6353e-15   8184.65 0 
  8098.25 5.7536e-15   8203.52 0 
  8116.91 5.8072e-15   8222.43 0 
  8135.62 5.8613e-15   8241.38 0 
  8154.38 5.7546e-15   8260.38 0 
  8173.18 5.4455e-15   8279.42 0 
  8192.02 5.3835e-15   8298.51 0 
  8210.91 5.6505e-15   8317.64 0 
  8229.83 5.6120e-15   8336.81 0 
  8248.80 5.9312e-15   8356.03 0 
  8267.82 5.8099e-15   8375.29 0 
  8286.88 5.7173e-15   8394.60 0 
  8305.98 5.6522e-15   8413.95 0 
  8325.13 5.7444e-15   8433.35 0 
  8344.32 5.5369e-15   8452.79 0 
  8363.56 5.7055e-15   8472.27 0 
  8382.83 5.6665e-15   8491.80 0 
  8402.16 5.7722e-15   8511.38 0 
  8421.53 5.5128e-15   8531.00 0 
  8440.94 5.7464e-15   8550.67 0 
  8460.40 5.5389e-15   8570.38 0 
  8479.91 5.4131e-15   8590.14 0 
  8499.45 5.6295e-15   8609.94 0 
  8519.05 5.5526e-15   8629.79 0 
  8538.69 5.4642e-15   8649.68 0 
  8558.37 5.1588e-15   8669.62 0 
  8578.10 5.5281e-15   8689.60 0 
  8597.87 5.5412e-15   8709.64 0 
  8617.69 5.5160e-15   8729.71 0 
  8637.56 5.5546e-15   8749.84 0 
  8657.47 5.3049e-15   8770.01 0 
  8677.43 5.1726e-15   8790.23 0 
  8697.43 4.9174e-15   8810.49 0 
  8717.48 5.4420e-15   8830.80 0 
  8737.58 5.4298e-15   8851.16 0 
  8757.72 5.4302e-15   8871.56 0 
  8777.90 5.4934e-15   8892.01 0 
  8798.14 5.4937e-15   8912.51 0 
  8818.42 5.2468e-15   8933.05 0 
  8838.75 5.5197e-15   8953.65 0 
  8859.13 5.5074e-15   8974.29 0 
  8879.55 5.2478e-15   8994.98 0 
  8900.02 5.3088e-15   9015.71 0 
  8920.54 5.2970e-15   9036.50 0 
  8941.10 5.2487e-15   9057.33 0 
  8961.71 5.2612e-15   9078.20 0 
  8982.37 5.0131e-15   9099.13 0 
  9003.08 4.8656e-15   9120.11 0 
  9023.83 4.8996e-15   9141.13 0 
  9044.63 5.5359e-15   9162.20 0 
  9065.48 5.6392e-15   9183.33 0 
  9086.38 5.4481e-15   9204.50 0 
  9107.33 5.3737e-15   9225.71 0 
  9128.32 4.7457e-15   9246.98 0 
  9149.37 5.1325e-15   9268.30 0 
  9170.46 5.2888e-15   9289.66 0 
  9191.60 5.2046e-15   9311.08 0 
  9212.79 5.2652e-15   9332.54 0 
  9234.02 5.0054e-15   9354.06 0 
  9255.31 5.0173e-15   9375.62 0 
  9276.65 5.5144e-15   9397.23 0 
  9298.03 4.9605e-15   9418.90 0 
  9319.46 5.3896e-15   9440.61 0 
  9340.95 5.4148e-15   9462.37 0 
  9362.48 5.3041e-15   9484.18 0 
  9384.06 5.4155e-15   9506.05 0 
  9405.70 5.3170e-15   9527.96 0 
  9427.38 5.4916e-15   9549.93 0 
  9449.11 5.4041e-15   9571.94 0 
  9470.90 5.5687e-15   9594.01 0 
  9492.73 5.5819e-15   9616.12 0 
  9514.61 5.4176e-15   9638.29 0 
  9536.54 5.4807e-15   9660.51 0 
  9558.53 5.3440e-15   9682.78 0 
  9580.56 5.4563e-15   9705.10 0 
  9602.65 5.4692e-15   9727.47 0 
  9624.79 5.5075e-15   9749.90 0 
  9646.97 5.3949e-15   9772.37 0 
  9669.21 5.3953e-15   9794.90 0 
  9691.50 5.4960e-15   9817.48 0 
  9713.84 5.3712e-15   9840.11 0 
  9736.23 5.2979e-15   9862.79 0 
  9758.68 5.2982e-15   9885.53 0 
  9781.17 5.3353e-15   9908.32 0 
  9803.72 5.4349e-15   9931.16 0 
  9826.32 5.3730e-15   9954.05 0 
  9848.98 5.4231e-15   9977.00 0 
  9871.68 5.3862e-15  10000.00 0 
  9894.43 5.3865e-15  10023.05 0 
  9917.24 5.3130e-15  10046.15 0 
  9940.10 5.3873e-15  10069.31 0 
  9963.02 5.4375e-15  10092.53 0 
  9985.99 5.4254e-15  10115.80 0 
 10032.08 5.4890e-15  10162.49 0 
 10078.38 5.4144e-15  10209.39 0 
 10124.91 5.5797e-15  10256.52 0 
 10171.64 5.5421e-15  10303.86 0 
 10218.59 5.6459e-15  10351.42 0 
 10265.76 5.7121e-15  10399.21 0 
 10289.43 5.7125e-15  10423.18 0 
 10504.88 5.4968e-15  10641.43 0 
 10700.17 5.1783e-15  10839.27 0 
 10899.11 5.1427e-15  11040.79 0 
 11101.74 4.7664e-15  11246.05 0 
 11308.14 4.7994e-15  11455.13 0 
 11491.88 4.8774e-15  11641.26 0 
 11705.52 4.7664e-15  11857.68 0 
 11895.72 4.4278e-15  12050.36 0 
 12089.01 4.4791e-15  12246.16 0 
 12313.77 4.4585e-15  12473.84 0 
 12513.86 4.2775e-15  12676.52 0 
 12687.94 4.1994e-15  12852.87 0 
 12894.10 4.1323e-15  13061.71 0 
 13103.62 4.0662e-15  13273.95 0 
 13285.91 3.9011e-15  13458.61 0 
 13501.78 3.7774e-15  13677.29 0 
 13689.61 3.7084e-15  13867.56 0 
 13912.05 3.5252e-15  14092.89 0 
 14105.59 3.3051e-15  14288.95 0 
 14301.80 3.2673e-15  14487.71 0 
 14500.76 3.3204e-15  14689.26 0 
 14702.49 3.1856e-15  14893.61 0 
 14907.02 3.2673e-15  15100.80 0 
 15114.40 3.3204e-15  15310.87 0 
 15289.42 3.4213e-15  15488.17 0 
 15502.12 3.3899e-15  15703.63 0 
 15717.78 3.3204e-15  15922.09 0 
 15899.77 3.1929e-15  16106.45 0 
 16083.88 3.1929e-15  16292.96 0 
 16307.63 3.1856e-15  16519.62 0 
 16496.47 3.1709e-15  16710.91 0 
 16687.50 3.1856e-15  16904.42 0 
 16880.71 3.1929e-15  17100.14 0 
 17115.55 3.1491e-15  17338.03 0 
 17313.74 3.0352e-15  17538.80 0 
 17514.23 2.9120e-15  17741.90 0 
 17717.04 2.7428e-15  17947.34 0 
 17880.96 2.5893e-15  18113.40 0 
 18088.02 2.4277e-15  18323.14 0 
 18297.47 2.3561e-15  18535.32 0 
 18509.33 2.2604e-15  18749.94 0 
 18680.60 2.1389e-15  18923.43 0 
 18896.92 2.0902e-15  19142.56 0 
 19115.74 2.0758e-15  19364.23 0 
 19292.60 2.0239e-15  19543.39 0 
 19516.01 1.9507e-15  19769.70 0 
 19696.60 1.8715e-15  19952.63 0 
 19878.83 1.8121e-15  20137.24 0 
 20109.02 1.7914e-15  20370.42 0 
 20295.10 1.7426e-15  20558.92 0 
 20482.87 1.7386e-15  20749.13 0 
 20720.06 1.7147e-15  20989.40 0 
 20911.79 1.6912e-15  21183.62 0 
 21105.27 1.6795e-15  21379.62 0 
 21300.56 1.6565e-15  21577.45 0 
 21497.64 1.6375e-15  21777.09 0 
 21696.57 1.5929e-15  21978.60 0 
 21897.33 1.5674e-15  22181.97 0 
 22099.93 1.5247e-15  22387.21 0 
 22304.43 1.4866e-15  22594.36 0 
 22510.79 1.4561e-15  22803.41 0 
 22719.09 1.4165e-15  23014.42 0 
 22876.56 1.2688e-15  23173.93 0 
 23088.25 1.2493e-15  23388.37 0 
 23301.89 1.0913e-15  23604.79 0 
 23517.48 1.0215e-15  23823.19 0 
 23680.51 1.0338e-15  23988.34 0 
 23899.61 9.4783e-16  24210.28 0 
 24120.76 9.0368e-16  24434.31 0 
 24287.95 8.7746e-16  24603.66 0 
 24512.69 8.0079e-16  24831.33 0 
 24682.59 7.7221e-16  25003.44 0 
 24910.99 6.4868e-16  25234.80 0 
 25083.68 6.3570e-16  25409.74 0 
 25246.13 6.1414e-16  25574.30 2 
 25341.68 6.0411e-16  25671.10 2 
 25437.14 5.9576e-16  25767.80 2 
 25532.70 6.3210e-16  25864.60 2 
 25628.26 6.4144e-16  25961.40 2 
 25723.72 6.3235e-16  26058.10 2 
 25819.28 6.3470e-16  26154.90 2 
 25914.73 6.6049e-16  26251.60 2 
 26010.29 6.3860e-16  26348.40 2 
 26105.85 6.4018e-16  26445.20 2 
 26201.31 6.4689e-16  26541.90 2 
 26296.87 6.1859e-16  26638.70 2 
 26392.42 6.1005e-16  26735.50 2 
 26487.88 6.0738e-16  26832.20 2 
 26583.44 5.9753e-16  26929.00 2 
 26678.90 5.9682e-16  27025.70 2 
 26774.46 5.8957e-16  27122.50 2 
 26870.02 5.8928e-16  27219.30 2 
 26965.48 5.9163e-16  27316.00 2 
 27061.03 5.9810e-16  27412.80 2 
 27156.59 5.6817e-16  27509.60 2 
 27252.05 5.6362e-16  27606.30 2 
 27347.61 5.6287e-16  27703.10 2 
 27443.07 5.4983e-16  27799.80 2 
 27538.63 5.3706e-16  27896.60 2 
 27634.18 5.3109e-16  27993.40 2 
 27729.64 5.3478e-16  28090.10 2 
 27825.20 5.3910e-16  28186.90 2 
 27920.76 5.1998e-16  28283.70 2 
 28016.22 5.3084e-16  28380.40 2 
 28111.77 5.3370e-16  28477.20 2 
 28207.23 5.1557e-16  28573.90 2 
 28302.79 5.1016e-16  28670.70 2 
 28398.35 5.0771e-16  28767.50 2 
 28493.81 4.9025e-16  28864.20 2 
 28589.37 4.8433e-16  28961.00 2 
 28684.93 4.6423e-16  29057.80 2 
 28780.38 4.6296e-16  29154.50 2 
 28875.94 4.5998e-16  29251.30 2 
 28971.40 4.5542e-16  29348.00 2 
 29066.96 4.5802e-16  29444.80 2 
 29162.52 4.3716e-16  29541.60 2 
 29257.98 4.3442e-16  29638.30 2 
 29353.53 4.3137e-16  29735.10 2 
 29449.09 4.1617e-16  29831.90 2 
 29544.55 4.2291e-16  29928.60 2 
 29640.11 4.0704e-16  30025.40 2 
 29735.57 4.0736e-16  30122.10 2 
 29831.12 4.1277e-16  30218.90 2 
 29926.68 4.0471e-16  30315.70 2 
 30022.14 4.1130e-16  30412.40 2 
 30117.70 3.9127e-16  30509.20 2 
 30213.26 3.8409e-16  30606.00 2 
 30308.72 3.9529e-16  30702.70 2 
 30404.27 3.8761e-16  30799.50 2 
 30499.74 3.9788e-16  30896.20 2 
 30595.29 3.7935e-16  30993.00 2 
 30690.85 3.9226e-16  31089.80 2 
 30786.31 3.7695e-16  31186.50 2 
 30881.87 3.7716e-16  31283.30 2 
 30977.42 3.6065e-16  31380.10 2 
 31072.88 3.7210e-16  31476.80 2 
 31168.44 3.8878e-16  31573.60 2 
 31263.90 3.8915e-16  31670.30 2 
 31359.46 3.7430e-16  31767.10 2 
 31455.01 3.9695e-16  31863.90 2 
 31550.47 3.7901e-16  31960.60 2 
 31646.03 3.6594e-16  32057.40 2 
 31741.59 3.5404e-16  32154.20 2 
 31837.05 3.5127e-16  32250.90 2 
 31932.61 3.6843e-16  32347.70 2 
 32028.07 3.7859e-16  32444.40 2 
 32123.63 3.7595e-16  32541.20 2 
 32219.18 3.9619e-16  32638.00 2 
 32314.64 4.1130e-16  32734.70 2 
 32410.20 4.4999e-16  32831.50 2 
 32505.76 4.4385e-16  32928.30 2 
 32601.22 4.8043e-16  33025.00 2 
 32696.78 5.1108e-16  33121.80 2 
 32792.23 5.0210e-16  33218.50 2 
 32887.79 4.9760e-16  33315.30 2 
 32983.35 5.2115e-16  33412.10 2 
 33078.81 5.1291e-16  33508.80 2 
 33174.36 4.7673e-16  33605.60 2 
 33269.92 4.3772e-16  33702.40 2 
 33365.38 4.2956e-16  33799.10 2 
 33460.94 4.1485e-16  33895.90 2 
 33556.40 3.8685e-16  33992.60 2 
 33651.96 3.7186e-16  34089.40 2 
 33747.52 3.6354e-16  34186.20 2 
 33842.97 3.6102e-16  34282.90 2 
 33938.53 3.5579e-16  34379.70 2 
 34034.09 3.6312e-16  34476.50 2 
 34129.55 3.5631e-16  34573.20 2 
 34225.11 3.4458e-16  34670.00 2 
 34320.57 3.4758e-16  34766.70 2 
 34416.12 3.6899e-16  34863.50 2 
 34511.68 3.5984e-16  34960.30 2 
 34607.14 3.2769e-16  35057.00 2 
 34702.70 3.3043e-16  35153.80 2 
 34798.26 3.1757e-16  35250.60 2 
 34893.72 3.1932e-16  35347.30 2 
 34989.28 3.1715e-16  35444.10 2 
 35084.73 3.1328e-16  35540.80 2 
 35180.29 3.0004e-16  35637.60 2 
 35275.85 3.0753e-16  35734.40 2 
 35371.31 3.0077e-16  35831.10 2 
 35466.86 3.1028e-16  35927.90 2 
 35562.42 2.8069e-16  36024.70 2 
 35657.88 2.9913e-16  36121.40 2 
 35753.44 3.0034e-16  36218.20 2 
 35848.90 2.9096e-16  36314.90 2 
 35944.46 2.9162e-16  36411.70 2 
 36040.02 2.9783e-16  36508.50 2 
 36135.47 2.7906e-16  36605.20 2 
 36231.03 2.7745e-16  36702.00 2 
 36326.59 2.8895e-16  36798.80 2 
 36422.05 2.7662e-16  36895.50 2 
 36517.61 2.8021e-16  36992.30 2 
 36613.07 2.7079e-16  37089.00 2 
 36708.63 2.6122e-16  37185.80 2 
 36804.18 2.6554e-16  37282.60 2 
 36899.64 2.6059e-16  37379.30 2 
 36995.20 2.5713e-16  37476.10 2 
 37090.76 2.6483e-16  37572.90 2 
 37186.21 2.6175e-16  37669.60 2 
 37281.77 2.5755e-16  37766.40 2 
 37377.23 2.6579e-16  37863.10 2 
 37472.79 2.3604e-16  37959.90 2 
 37568.35 2.5981e-16  38056.70 2 
 37663.81 2.3480e-16  38153.40 2 
 37759.37 2.4526e-16  38250.20 2 
 37854.92 2.5546e-16  38347.00 2 
 37950.38 2.5828e-16  38443.70 2 
 38045.94 2.6287e-16  38540.50 2 
 38141.40 2.4896e-16  38637.20 2 
 38236.96 2.5215e-16  38734.00 2 
 38332.52 2.4645e-16  38830.80 2 
 38427.97 2.4752e-16  38927.50 2 
 38523.53 2.3219e-16  39024.30 2 
 38619.09 2.3720e-16  39121.10 2 
 38714.55 2.3020e-16  39217.80 2 
 38810.11 2.3618e-16  39314.60 2 
 38905.57 2.3031e-16  39411.30 2 
 39001.12 2.3516e-16  39508.10 2 
 39096.68 2.2963e-16  39604.90 2 
 39192.14 2.3399e-16  39701.60 2 
 39287.70 2.2542e-16  39798.40 2 
 39383.26 2.2524e-16  39895.20 2 
 39478.72 2.0950e-16  39991.90 2 
 39574.28 2.2566e-16  40088.70 2 
 39669.73 2.1370e-16  40185.40 2 
 39765.29 2.2326e-16  40282.20 2 
 39860.85 2.1180e-16  40379.00 2 
 39956.31 2.1722e-16  40475.70 2 
 40051.87 2.0849e-16  40572.50 2 
 40147.42 2.1502e-16  40669.30 2 
 40242.88 2.1530e-16  40766.00 2 
 40338.44 2.3101e-16  40862.80 2 
 40433.90 2.3376e-16  40959.50 2 
 40529.46 2.3066e-16  41056.30 2 
 40625.02 2.3443e-16  41153.10 2 
 40720.48 2.2175e-16  41249.80 2 
 40816.03 2.1031e-16  41346.60 2 
 40911.59 1.9968e-16  41443.40 2 
 41007.05 1.9270e-16  41540.10 2 
 41102.61 1.8599e-16  41636.90 2 
 41198.06 1.7930e-16  41733.60 2 
 41293.63 1.8838e-16  41830.40 2 
 41389.18 1.8627e-16  41927.20 2 
 41484.64 1.9674e-16  42023.90 2 
 41580.20 1.8256e-16  42120.70 2 
 41675.75 1.8648e-16  42217.50 2 
 41771.22 1.7847e-16  42314.20 2 
 41866.77 1.8921e-16  42411.00 2 
 41962.23 1.8759e-16  42507.70 2 
 42057.79 1.8261e-16  42604.50 2 
 42153.35 1.8666e-16  42701.30 2 
 42248.81 1.8064e-16  42798.00 2 
 42344.37 1.7613e-16  42894.80 2 
 42439.92 1.6991e-16  42991.60 2 
 42535.38 1.6923e-16  43088.30 2 
 42630.94 1.6359e-16  43185.10 2 
 42726.40 1.6212e-16  43281.80 2 
 42821.96 1.6517e-16  43378.60 2 
 42917.51 1.6001e-16  43475.40 2 
 43012.98 1.5809e-16  43572.10 2 
 43108.53 1.5606e-16  43668.90 2 
 43204.09 1.5915e-16  43765.70 2 
 43299.55 1.5774e-16  43862.40 2 
 43395.11 1.5845e-16  43959.20 2 
 43490.57 1.4363e-16  44055.90 2 
 43586.12 1.5486e-16  44152.70 2 
 43681.68 1.4119e-16  44249.50 2 
 43777.14 1.5796e-16  44346.20 2 
 43872.70 1.3826e-16  44443.00 2 
 43968.26 1.3606e-16  44539.80 2 
 44063.72 1.4010e-16  44636.50 2 
 44159.27 1.3011e-16  44733.30 2 
 44254.73 1.3421e-16  44830.00 2 
 44350.29 1.3396e-16  44926.80 2 
 44445.85 1.2059e-16  45023.60 2 
 44541.31 1.2767e-16  45120.30 2 
 44636.86 1.1758e-16  45217.10 2 
 44732.43 1.3516e-16  45313.90 2 
 44827.88 1.3033e-16  45410.60 2 
 44923.44 1.2658e-16  45507.40 2 
 45018.90 1.2552e-16  45604.10 2 
 45114.46 1.3063e-16  45700.90 2 
 45210.01 1.2131e-16  45797.70 2 
 45305.47 1.1213e-16  45894.40 2 
 45401.04 1.2175e-16  45991.20 2 
 45496.59 1.2853e-16  46088.00 2 
 45592.05 1.1054e-16  46184.70 2 
 45687.61 1.1201e-16  46281.50 2 
 45783.07 1.0496e-16  46378.20 2 
 45878.62 1.0203e-16  46475.00 2 
 45974.18 1.0268e-16  46571.80 2 
 46069.64 1.1127e-16  46668.50 2 
 46165.20 1.0847e-16  46765.30 2 
 46260.76 1.1958e-16  46862.10 2 
 46356.22 1.2357e-16  46958.80 2 
 46451.77 1.1143e-16  47055.60 2 
 46547.23 1.2722e-16  47152.30 2 
 46642.79 1.2132e-16  47249.10 2 
 46738.35 1.4087e-16  47345.90 2 
 46833.81 1.4952e-16  47442.60 2 
 46929.37 1.2957e-16  47539.40 2 
 47024.92 1.3808e-16  47636.20 2 
 47120.38 1.2518e-16  47732.90 2 
 47215.94 1.2948e-16  47829.70 2 
 47311.40 1.1009e-16  47926.40 2 
 47406.96 1.0298e-16  48023.20 2 
 47502.51 1.2483e-16  48120.00 2 
 47597.97 1.2075e-16  48216.70 2 
 47693.53 1.0677e-16  48313.50 2 
 47789.09 1.2458e-16  48410.30 2 
 47884.55 1.1399e-16  48507.00 2 
 47980.11 1.1878e-16  48603.80 2 
 48075.57 1.2453e-16  48700.50 2 
 48171.12 1.2266e-16  48797.30 2 
 48266.68 1.1052e-16  48894.10 2 
 48362.14 1.1614e-16  48990.80 2 
 48457.70 1.0807e-16  49087.60 2 
 48553.25 1.1211e-16  49184.40 2 
 48648.72 1.2260e-16  49281.10 2 
 48744.27 1.0247e-16  49377.90 2 
 48839.73 1.1193e-16  49474.60 2 
 48909.27 1.1730e-16  49545.04 0 
 49135.01 1.1596e-16  49773.71 0 
 49248.27 1.1543e-16  49888.45 0 
 49475.57 1.1456e-16  50118.70 0 
 49703.98 1.1440e-16  50350.08 0 
 49933.38 1.1346e-16  50582.46 0 
 50048.48 1.1287e-16  50699.06 0 
 50279.48 1.1246e-16  50933.06 0 
 50511.60 1.1154e-16  51168.20 0 
 50744.73 1.1139e-16  51404.36 0 
 50861.70 1.1106e-16  51522.85 0 
 50978.94 1.1098e-16  51641.62 0 
 51096.51 1.1066e-16  51760.71 0 
 51214.29 1.1033e-16  51880.02 0 
 51332.34 1.1026e-16  51999.61 0 
 51450.67 1.0993e-16  52119.47 0 
 51569.26 1.0961e-16  52239.61 0 
 51688.13 1.0979e-16  52360.03 0 
 51807.28 1.0946e-16  52480.72 0 
 51926.75 1.0939e-16  52601.75 0 
 52046.45 1.0907e-16  52723.00 0 
 52166.42 1.0900e-16  52844.53 0 
 52286.67 1.0868e-16  52966.34 0 
 52407.19 1.0861e-16  53088.43 0 
 52527.99 1.0879e-16  53210.80 0 
 52649.13 1.0897e-16  53333.52 0 
 52770.49 1.0890e-16  53456.46 0 
 52892.13 1.0857e-16  53579.68 0 
 53014.05 1.0851e-16  53703.18 0 
 53136.25 1.0844e-16  53826.97 0 
 53258.74 1.0837e-16  53951.05 0 
 53381.50 1.0855e-16  54075.41 0 
 53504.61 1.0848e-16  54200.11 0 
 53627.94 1.0866e-16  54325.05 0 
 53751.56 1.0859e-16  54450.27 0 
 53875.46 1.0877e-16  54575.79 0 
 53999.64 1.0895e-16  54701.59 0 
 54124.12 1.0913e-16  54827.68 0 
 54248.88 1.0906e-16  54954.06 0 
 54373.99 1.0900e-16  55080.79 0 
 54499.32 1.0943e-16  55207.76 0 
 54624.95 1.0936e-16  55335.02 0 
 54750.86 1.0954e-16  55462.57 0 
 54877.06 1.0973e-16  55590.41 0 
 55003.56 1.0991e-16  55718.55 0 
 55130.41 1.1035e-16  55847.05 0 
 55257.49 1.1079e-16  55975.78 0 
 55384.86 1.1123e-16  56104.81 0 
 55512.53 1.1142e-16  56234.13 0 
 55640.49 1.1186e-16  56363.76 0 
 55768.74 1.1231e-16  56493.68 0 
 55897.29 1.1276e-16  56623.90 0 
 56026.20 1.1347e-16  56754.48 0 
 56155.35 1.1393e-16  56885.31 0 
 56284.79 1.1438e-16  57016.43 0 
 56414.53 1.1510e-16  57147.86 0 
 56544.57 1.1610e-16  57279.59 0 
 56674.90 1.1683e-16  57411.62 0 
 56805.61 1.1784e-16  57544.02 0 
 56936.55 1.1858e-16  57676.67 0 
 57067.79 1.1961e-16  57809.62 0 
 57199.34 1.2092e-16  57942.87 0 
 57331.19 1.2196e-16  58076.43 0 
 57463.34 1.2330e-16  58210.30 0 
 57595.80 1.2465e-16  58344.48 0 
 57728.62 1.2631e-16  58479.04 0 
 57861.69 1.2829e-16  58613.83 0 
 57995.06 1.2999e-16  58748.94 0 
 58128.75 1.3203e-16  58884.36 0 
 58262.74 1.3440e-16  59020.09 0 
 58397.04 1.3650e-16  59156.14 0 
 58531.65 1.3928e-16  59292.50 0 
 58666.63 1.4178e-16  59429.24 0 
 58801.86 1.4500e-16  59566.23 0 
 58937.40 1.4863e-16  59703.53 0 
 59096.47 1.4090e-16  59864.66 3 
 59402.34 1.1760e-16  60174.51 3 
 59708.22 1.7986e-16  60484.37 3 
 60014.10 1.9290e-16  60794.22 3 
 60319.97 2.1252e-16  61104.07 3 
 60625.86 2.7687e-16  61413.93 3 
 60931.73 2.9706e-16  61723.78 3 
 61237.60 2.7539e-16  62033.63 3 
 61543.48 4.7481e-16  62343.49 3 
 61849.36 6.5213e-16  62653.34 3 
 62155.24 6.9118e-16  62963.19 3 
 62461.11 6.0239e-16  63273.05 3 
 62766.99 4.8815e-16  63582.90 3 
 63072.88 4.3425e-16  63892.76 3 
 63378.75 3.7626e-16  64202.61 3 
 63684.62 3.0350e-16  64512.46 3 
 63990.51 2.5643e-16  64822.32 3 
 64296.38 2.1046e-16  65132.17 3 
 64602.25 1.7547e-16  65442.02 3 
 64908.14 1.8873e-16  65751.88 3 
 65214.01 1.8585e-16  66061.73 3 
 65519.89 2.1835e-16  66371.58 3 
 65825.78 2.1789e-16  66681.45 3 
 66131.64 2.4864e-16  66991.29 3 
 66437.52 2.0519e-16  67301.14 3 
 66743.40 2.2435e-16  67611.00 3 
 67049.28 2.5753e-16  67920.85 3 
 67355.16 2.4276e-16  68230.71 3 
 67661.04 2.2695e-16  68540.56 3 
 67966.91 2.3318e-16  68850.41 3 
 68272.80 2.1637e-16  69160.27 3 
 68578.66 2.3252e-16  69470.12 3 
 68884.55 3.4216e-16  69779.98 3 
 69190.42 3.3037e-16  70089.83 3 
 69496.30 2.9698e-16  70399.68 3 
 69802.18 4.1567e-16  70709.54 3 
 70108.06 3.7942e-16  71019.39 3 
 70413.93 3.0164e-16  71329.24 3 
 70719.81 3.3300e-16  71639.10 3 
 71025.68 3.9082e-16  71948.95 3 
 71331.57 3.5576e-16  72258.81 3 
 71637.44 3.7508e-16  72568.66 3 
 71943.32 3.3360e-16  72878.51 3 
 72249.21 4.1909e-16  73188.38 3 
 72555.08 3.5301e-16  73498.22 3 
 72860.95 3.7382e-16  73808.07 3 
 73166.83 4.0988e-16  74117.93 3 
 73472.71 4.3977e-16  74427.78 3 
 73778.58 4.0641e-16  74737.63 3 
 74084.46 3.9570e-16  75047.48 3 
 74370.32 4.9495e-16  75337.06 3 
 74390.34 4.7223e-16  75357.34 3 
 74696.23 5.7883e-16  75667.20 3 
 74983.28 6.4178e-16  75957.99 3 
 75002.09 5.7971e-16  75977.05 3 
 75596.26 7.6149e-16  76578.94 3 
 76209.23 7.7554e-16  77199.88 3 
 76822.21 6.9951e-16  77820.82 3 
 77435.18 7.2830e-16  78441.76 3 
 78048.16 7.5533e-16  79062.71 3 
 78661.13 6.8611e-16  79683.65 3 
 79274.10 5.9854e-16  80304.59 3 
 79887.09 5.1894e-16  80925.54 3 
 80500.06 4.5449e-16  81546.48 3 
 81113.03 3.9227e-16  82167.41 3 
 81726.00 3.2931e-16  82788.36 3 
 82338.97 3.4167e-16  83409.30 3 
 82951.96 3.2504e-16  84030.25 3 
 83564.93 2.9764e-16  84651.19 3 
 84177.90 3.0853e-16  85272.13 3 
 84790.87 3.1645e-16  85893.07 3 
 85403.86 3.3143e-16  86514.02 3 
 86016.82 3.1569e-16  87134.95 3 
 86629.80 2.6871e-16  87755.90 3 
 87242.77 2.1579e-16  88376.84 3 
 87855.74 1.6465e-16  88997.78 3 
 88468.71 1.2459e-16  89618.72 3 
 89081.69 1.0257e-16  90239.66 3 
 89694.66 7.8818e-17  90860.60 3 
 90307.65 8.2233e-17  91481.55 3 
 90920.62 7.1560e-17  92102.49 3 
 91533.59 7.1443e-17  92723.44 3 
 92146.57 8.7595e-17  93344.38 3 
 92759.54 6.2584e-17  93965.32 3 
 93372.51 6.2743e-17  94586.26 3 
 93985.48 6.1145e-17  95207.20 3 
 94598.46 5.9621e-17  95828.15 3 
 95211.43 6.4679e-17  96449.09 3 
 95824.40 5.4959e-17  97070.02 3 
 96437.39 7.5653e-17  97690.98 3 
 97050.36 7.7092e-17  98311.92 3 
 97663.33 4.1090e-17  98932.86 3 
 98276.31 4.1640e-17  99553.80 3 
 98889.24 5.0577e-17 100174.70 3 
 99502.27 3.6668e-17 100795.70 3 
100115.20 4.5966e-17 101416.59 3 
100728.24 4.5092e-17 102037.60 3 
101341.17 3.8455e-17 102658.50 3 
101954.19 4.1688e-17 103279.49 3 
102567.14 4.6184e-17 103900.41 3 
103180.07 4.4277e-17 104521.30 3 
103793.09 4.6730e-17 105142.30 3 
104406.02 4.2172e-17 105763.20 3 
105019.06 5.1338e-17 106384.20 3 
105631.99 7.1124e-17 107005.10 3 
106244.92 6.4719e-17 107626.00 3 
106857.95 6.8339e-17 108247.00 3 
107470.89 6.6504e-17 108867.91 3 
108083.92 7.8568e-17 109488.90 3 
108696.85 7.8546e-17 110109.80 3 
109309.88 8.0482e-17 110730.80 3 
109922.82 9.4130e-17 111351.70 3 
110535.75 1.1279e-16 111972.60 3 
111148.78 1.5278e-16 112593.60 3 
111761.71 2.5399e-16 113214.50 3 
112374.74 3.3506e-16 113835.50 3 
112987.67 2.9957e-16 114456.40 3 
113600.70 2.4295e-16 115077.40 3 
114213.63 1.8508e-16 115698.30 3 
114826.56 1.6020e-16 116319.20 3 
115439.60 1.6060e-16 116940.20 3 
116052.53 1.3337e-16 117561.10 3 
116665.56 1.2739e-16 118182.09 3 
117278.49 1.2474e-16 118802.99 3 
117891.53 1.2389e-16 119424.00 3 
118504.46 1.4042e-16 120044.90 3 
119117.39 1.3587e-16 120665.80 3 
119730.43 1.3954e-16 121286.80 3 
120343.36 1.4916e-16 121907.70 3 
120956.38 1.4260e-16 122528.70 3 
121569.31 1.4438e-16 123149.59 3 
122182.26 1.5685e-16 123770.51 3 
122795.28 1.8101e-16 124391.50 3 
123408.22 1.7282e-16 125012.40 3 
124021.25 1.7689e-16 125633.40 3 
124634.18 1.8191e-16 126254.30 3 
125247.21 2.0211e-16 126875.30 3 
125860.15 2.0560e-16 127496.20 3 
126473.08 2.1405e-16 128117.10 3 
127086.11 2.3347e-16 128738.10 3 
127699.04 2.8720e-16 129359.00 3 
128312.07 3.2841e-16 129980.00 3 
128925.00 2.0519e-16 130600.90 3 
129537.93 1.6081e-16 131221.80 3 
130150.96 1.5806e-16 131842.80 3 
130763.90 1.3840e-16 132463.70 3 
131376.93 1.4215e-16 133084.70 3 
131989.86 1.4377e-16 133705.59 3 
132602.89 1.4246e-16 134326.59 3 
133215.83 1.4180e-16 134947.50 3 
133828.77 1.3650e-16 135568.41 3 
134441.80 1.4370e-16 136189.41 3 
135054.72 1.4299e-16 136810.30 3 
135667.75 1.3574e-16 137431.30 3 
136280.69 1.3112e-16 138052.20 3 
136893.72 1.2601e-16 138673.20 3 
137506.64 1.2503e-16 139294.09 3 
138119.58 1.3247e-16 139915.00 3 
138732.61 1.2682e-16 140536.00 3 
139345.55 1.3234e-16 141156.91 3 
139958.57 1.2580e-16 141777.89 3 
140571.51 1.2073e-16 142398.80 3 
141184.54 1.2568e-16 143019.80 3 
141797.48 1.3420e-16 143640.70 3 
142410.40 1.2356e-16 144261.59 3 
143023.45 1.2100e-16 144882.61 3 
143550.89 1.2178e-16 145416.91 3 
144456.01 1.1235e-16 146333.80 3 
145361.25 1.1503e-16 147250.80 3 
146266.39 1.1150e-16 148167.70 3 
147171.51 1.1226e-16 149084.59 3 
148076.65 9.6716e-17 150001.50 3 
148981.88 1.0354e-16 150918.50 3 
149887.02 9.4259e-17 151835.41 3 
150792.15 1.0351e-16 152752.30 3 
151697.38 9.1210e-17 153669.30 3 
152602.52 9.0202e-17 154586.20 3 
153507.65 8.5785e-17 155503.09 3 
154412.79 8.5751e-17 156420.00 3 
155318.02 9.5725e-17 157337.00 3 
156223.16 9.0995e-17 158253.91 3 
157128.29 9.5562e-17 159170.80 3 
158033.52 8.4135e-17 160087.80 3 
158938.66 7.9662e-17 161004.70 3 
159843.78 8.2512e-17 161921.59 3 
160749.02 8.0962e-17 162838.59 3 
161654.16 8.1892e-17 163755.50 3 
162559.28 8.2620e-17 164672.39 3 
163464.42 1.0048e-16 165589.30 3 
164369.67 1.0704e-16 166506.31 3 
165274.78 9.4816e-17 167423.19 3 
166179.92 8.7164e-17 168340.09 3 
167085.06 9.4154e-17 169257.00 3 
167990.29 8.5604e-17 170174.00 3 
168895.43 8.4177e-17 171090.91 3 
169800.57 1.2459e-16 172007.81 3 
170705.81 1.3941e-16 172924.81 3 
171610.93 9.0188e-17 173841.70 3 
172516.07 8.5633e-17 174758.61 3 
173421.31 8.9601e-17 175675.61 3 
174326.43 8.7745e-17 176592.50 3 
175231.57 9.2933e-17 177509.41 3 
176136.70 7.7193e-17 178426.30 3 
177041.93 7.7623e-17 179343.30 3 
177947.07 7.0869e-17 180260.20 3 
178852.19 7.6092e-17 181177.09 3 
179757.43 7.4871e-17 182094.09 3 
180662.57 7.4831e-17 183011.00 3 
181567.69 8.4424e-17 183927.89 3 
182472.93 7.3619e-17 184844.89 3 
183378.07 7.2486e-17 185761.80 3 
184283.21 7.1286e-17 186678.70 3 
185188.33 7.6621e-17 187595.59 3 
186093.56 7.9246e-17 188512.59 3 
186998.70 1.0293e-16 189429.50 3 
187903.83 9.0951e-17 190346.39 3 
188809.08 1.0097e-16 191263.41 3 
189714.22 7.8922e-17 192180.31 3 
190619.33 8.3658e-17 193097.19 3 
191524.47 8.9280e-17 194014.09 3 
192429.72 8.9765e-17 194931.11 3 
193334.84 8.2422e-17 195848.00 3 
194239.98 9.5894e-17 196764.91 3 
195145.21 9.4075e-17 197681.91 3 
196050.34 9.7650e-17 198598.80 3 
196955.48 8.6354e-17 199515.70 3 
197860.62 9.2338e-17 200432.61 3 
198765.85 1.0113e-16 201349.61 3 
199670.98 1.1793e-16 202266.50 3 
200576.12 1.1363e-16 203183.41 3 
201481.35 1.1499e-16 204100.41 3 
202914.72 1.2785e-16 205552.41 3 
204647.18 1.4276e-16 207307.39 3 
206380.65 1.4054e-16 209063.39 3 
208115.12 1.4185e-16 210820.41 3 
209850.45 1.5437e-16 212578.30 3 
211586.68 1.5985e-16 214337.09 3 
213323.89 1.6127e-16 216096.89 3 
215062.02 1.7364e-16 217857.61 3 
216801.10 2.0254e-16 219619.30 3 
218541.18 1.8816e-16 221382.00 3 
220282.15 1.8028e-16 223145.59 3 
222024.11 1.9915e-16 224910.20 3 
223766.96 2.1420e-16 226675.70 3 
225510.77 2.1245e-16 228442.19 3 
227255.59 2.0958e-16 230209.69 3 
229001.31 2.1908e-16 231978.09 3 
230748.01 2.3401e-16 233747.50 3 
232495.69 2.4815e-16 235517.91 3 
234244.26 2.4622e-16 237289.20 3 
235993.92 2.5902e-16 239061.61 3 
237744.37 2.7739e-16 240834.81 3 
239495.89 3.1680e-16 242609.09 3 
241248.42 3.0018e-16 244384.41 3 
243001.83 3.0415e-16 246160.61 3 
244756.21 3.2573e-16 247937.80 3 
246511.60 3.4369e-16 249716.00 3 
248267.86 3.5812e-16 251495.09 3 
250025.22 3.7125e-16 253275.30 3 
251783.47 3.7875e-16 255056.41 3 
253542.81 3.9561e-16 256838.61 3 
255303.00 4.6297e-16 258621.69 3 
257064.23 4.2524e-16 260405.81 3 
258826.42 4.5029e-16 262190.91 3 
260589.60 4.4843e-16 263977.00 3 
262353.76 4.5680e-16 265764.09 3 
264118.94 4.7813e-16 267552.22 3 
265885.07 4.8665e-16 269341.31 3 
267652.20 5.0463e-16 271131.41 3 
269420.31 5.1812e-16 272922.50 3 
271189.40 5.2613e-16 274714.59 3 
272959.61 5.3361e-16 276507.81 3 
274730.68 5.4801e-16 278301.91 3 
276502.74 5.7953e-16 280097.00 3 
278275.88 5.4405e-16 281893.19 3 
280050.04 6.1036e-16 283690.41 3 
281825.06 6.2734e-16 285488.50 3 
283601.16 6.3298e-16 287287.69 3 
285378.27 6.5728e-16 289087.91 3 
287156.47 6.7321e-16 290889.22 3 
288935.63 7.0415e-16 292691.50 3 
290715.71 7.9743e-16 294494.72 3 
292496.93 7.5486e-16 296299.09 3 
294279.07 7.4716e-16 298104.41 3 
296062.27 7.5917e-16 299910.78 3 
297846.48 7.6379e-16 301718.19 3 
299631.68 8.1146e-16 303526.59 3 
301417.96 8.3467e-16 305336.09 3 
303205.23 8.2658e-16 307146.59 3 
304993.48 8.3233e-16 308958.09 3 
306782.82 8.6153e-16 310770.69 3 
308573.26 8.5019e-16 312584.41 3 
310364.66 8.4999e-16 314399.09 3 
312157.08 8.8087e-16 316214.81 3 
313950.46 9.1837e-16 318031.50 3 
315745.04 9.1636e-16 319849.41 3 
317540.51 9.2176e-16 321668.22 3 
319337.12 9.6208e-16 323488.19 3 
321134.66 9.1472e-16 325309.09 3 
322933.38 9.7150e-16 327131.19 3 
324733.11 9.5251e-16 328954.31 3 
326533.76 9.5101e-16 330778.38 3 
328335.56 9.7537e-16 332603.59 3 
330138.44 9.6204e-16 334429.91 3 
331942.36 1.0719e-15 336257.28 3 
333747.34 1.0329e-15 338085.72 3 
335553.33 1.1088e-15 339915.19 3 
337360.34 1.0673e-15 341745.69 3 
339168.46 1.0034e-15 343577.31 3 
340977.76 1.0564e-15 345410.12 3 
342787.91 1.1236e-15 347243.81 3 
344599.27 1.1264e-15 349078.72 3 
