# An Atlas of Galaxy Spectral Energy Distributions from the Ultraviolet to the Mid-Infrared
# Brown et al. (2014)
# http://dx.doi.org/10.5072/03/529D3551F0117
# 
# Column 1 : Restframe Wavelength (Angstrom)
# Column 2 : Flux per unit wavelength (ergs/s/cm^2/Angstrom)
# Column 3 : Observed wavelength (Angstrom)
# Column 4 : Source (0 = model, 1 = Optical Spectrum, 2 = Akari, 3 = Spitzer IRS)
# 
   100.05 1.2970e-23    102.57 0 
   101.91 1.8153e-23    104.47 0 
   104.05 2.3171e-23    106.66 0 
   105.98 3.0405e-23    108.64 0 
   107.95 4.0359e-23    110.66 0 
   109.96 6.3671e-23    112.72 0 
   114.09 1.0114e-22    116.95 0 
   118.10 1.5099e-22    121.06 0 
   121.13 5.1754e-22    124.17 0 
   125.09 7.4121e-22    128.23 0 
   127.13 8.6884e-22    130.32 0 
   128.01 9.5048e-22    131.22 0 
   130.99 1.1802e-21    134.28 0 
   131.90 1.3994e-21    135.21 0 
   134.04 1.6030e-21    137.40 0 
   136.85 2.1674e-21    140.28 0 
   140.03 2.6360e-21    143.55 0 
   142.97 6.0387e-21    146.55 0 
   146.97 1.3457e-20    150.66 0 
   151.09 1.6632e-20    154.88 0 
   154.97 2.0651e-20    158.85 0 
   158.94 2.5465e-20    162.93 0 
   161.90 2.9576e-20    165.96 0 
   166.05 3.6219e-20    170.22 0 
   169.92 4.3445e-20    174.18 0 
   173.08 4.9767e-20    177.42 0 
   177.11 5.8877e-20    181.55 0 
   179.98 6.6672e-20    184.50 0 
   182.07 7.2434e-20    186.64 0 
   185.88 8.4517e-20    190.55 0 
   191.09 1.0185e-19    195.88 0 
   194.19 1.1427e-19    199.07 0 
   197.80 1.3120e-19    202.77 0 
   201.95 1.5064e-19    207.01 0 
   205.23 1.6632e-19    210.38 0 
   210.01 1.8747e-19    215.28 0 
   215.89 2.3331e-19    221.31 0 
   219.90 2.6299e-19    225.42 0 
   222.96 2.8375e-19    228.56 0 
   227.11 3.1838e-19    232.81 0 
   229.74 5.0576e-19    235.50 0 
   234.01 8.8500e-19    239.88 0 
   240.01 1.1883e-18    246.04 0 
   246.17 1.2443e-18    252.35 0 
   251.90 1.4254e-18    258.23 0 
   257.18 1.2910e-18    263.63 0 
   260.16 1.5450e-18    266.69 0 
   263.78 1.6980e-18    270.40 0 
   269.30 1.8069e-18    276.06 0 
   274.31 1.9096e-18    281.19 0 
   278.76 2.0135e-18    285.76 0 
   283.95 2.1328e-18    291.07 0 
   289.89 2.1674e-18    297.17 0 
   295.96 2.3439e-18    303.39 0 
   300.77 2.4096e-18    308.32 0 
   307.78 2.5998e-18    315.50 0 
   317.86 2.8836e-18    325.84 0 
   328.27 3.1113e-18    336.51 0 
   338.25 3.3185e-18    346.74 0 
   347.72 3.5151e-18    356.45 0 
   356.64 3.7149e-18    365.59 0 
   365.79 3.9350e-18    374.97 0 
   375.18 4.1015e-18    384.59 0 
   384.80 4.1586e-18    394.46 0 
   394.67 4.4662e-18    404.58 0 
   404.79 4.6767e-18    414.95 0 
   414.22 4.8188e-18    424.62 0 
   421.92 4.9084e-18    432.51 0 
   429.77 4.9997e-18    440.55 0 
   440.79 5.1993e-18    451.86 0 
   451.06 5.3081e-18    462.38 0 
   460.51 5.3820e-18    472.06 0 
   470.15 5.4947e-18    481.95 0 
   479.99 5.6356e-18    492.04 0 
   490.04 5.6616e-18    502.34 0 
   500.31 5.8203e-18    512.86 0 
   506.10 5.8606e-18    518.80 0 
   511.96 6.3379e-18    524.81 0 
   520.28 6.4112e-18    533.33 0 
   529.95 6.4557e-18    543.25 0 
   539.80 6.3818e-18    553.35 0 
   549.84 6.5757e-18    563.64 0 
   560.06 6.9015e-18    574.12 0 
   570.47 7.1276e-18    584.79 0 
   579.74 7.0785e-18    594.29 0 
   590.52 7.3611e-18    605.34 0 
   600.12 7.3104e-18    615.18 0 
   609.87 7.0298e-18    625.17 0 
   619.78 7.9240e-18    635.33 0 
   629.85 8.0157e-18    645.65 0 
   640.08 8.1647e-18    656.15 0 
   650.48 8.4128e-18    666.81 0 
   658.01 8.4907e-18    674.53 0 
   665.63 8.7487e-18    682.34 0 
   674.89 8.8500e-18    691.83 0 
   684.28 8.7085e-18    701.46 0 
   695.40 9.5487e-18    712.85 0 
   705.07 9.2671e-18    722.77 0 
   716.53 1.0138e-17    734.51 0 
   726.50 1.0326e-17    744.73 0 
   734.91 1.0518e-17    753.36 0 
   745.13 1.1039e-17    763.84 0 
   755.50 1.1375e-17    774.46 0 
   764.25 1.1349e-17    783.43 0 
   774.88 1.2245e-17    794.33 0 
   785.66 1.2675e-17    805.38 0 
   794.76 1.3090e-17    814.70 0 
   805.81 1.3457e-17    826.04 0 
   815.15 1.3770e-17    835.60 0 
   824.58 1.4586e-17    845.28 0 
   834.13 1.3000e-17    855.07 0 
   845.74 1.5134e-17    866.96 0 
   855.53 1.5486e-17    877.00 0 
   865.44 1.6291e-17    887.16 0 
   875.46 1.7098e-17    897.43 0 
   885.59 1.8111e-17    907.82 0 
   895.85 1.8834e-17    918.33 0 
   904.14 1.9008e-17    926.83 0 
   914.61 2.7539e-17    937.56 0 
   925.20 1.5593e-16    948.42 0 
   935.91 3.3958e-16    959.40 0 
   944.57 6.5757e-16    968.28 0 
   955.51 9.2884e-16    979.49 0 
   964.35 1.0913e-15    988.55 0 
   975.52 2.0274e-16   1000.00 0 
   984.54 1.0185e-15   1009.25 0 
   995.94 1.0518e-15   1020.94 0 
  1005.16 1.4586e-15   1030.39 0 
  1014.46 1.3770e-15   1039.92 0 
  1023.85 5.7404e-16   1049.54 0 
  1035.70 1.0068e-15   1061.70 0 
  1045.29 1.8747e-15   1071.52 0 
  1054.96 1.8618e-15   1081.43 0 
  1064.72 1.5239e-15   1091.44 0 
  1074.57 1.7986e-15   1101.54 0 
  1084.51 1.4654e-15   1111.73 0 
  1094.55 1.8921e-15   1122.02 0 
  1104.68 1.8321e-15   1132.40 0 
  1114.90 1.7862e-15   1142.88 0 
  1125.21 1.6291e-15   1153.45 0 
  1135.63 2.0135e-15   1164.13 0 
  1146.13 1.8448e-15   1174.90 0 
  1154.08 1.9586e-15   1183.04 0 
  1164.76 2.0368e-15   1193.99 0 
  1175.53 1.4721e-15   1205.04 0 
  1183.68 1.9813e-15   1213.39 0 
  1194.63 1.4059e-15   1224.62 0 
  1205.69 1.0422e-15   1235.95 0 
  1214.05 6.2509e-16   1244.51 0 
  1225.28 1.3364e-15   1256.03 0 
  1233.77 2.0088e-15   1264.74 0 
  1245.19 2.2281e-15   1276.44 0 
  1253.82 2.1575e-15   1285.29 0 
  1265.42 1.8791e-15   1297.18 0 
  1274.19 2.3875e-15   1306.17 0 
  1285.98 2.5000e-15   1318.26 0 
  1294.90 2.0462e-15   1327.39 0 
  1303.87 2.0274e-15   1336.60 0 
  1315.94 2.4771e-15   1348.96 0 
  1325.06 2.3875e-15   1358.31 0 
  1334.24 2.1525e-15   1367.73 0 
  1343.49 2.5116e-15   1377.21 0 
  1355.92 2.4431e-15   1389.95 0 
  1365.32 2.2230e-15   1399.59 0 
  1374.79 2.3278e-15   1409.29 0 
  1384.32 2.3602e-15   1419.06 0 
  1393.91 2.0890e-15   1428.89 0 
  1403.57 2.1774e-15   1438.80 0 
  1416.56 2.2230e-15   1452.11 0 
  1426.38 2.2748e-15   1462.18 0 
  1436.27 2.2643e-15   1472.31 0 
  1442.90 2.3820e-15   1479.11 0 
  1446.22 2.4151e-15   1482.52 0 
  1456.25 2.3656e-15   1492.79 0 
  1466.34 2.2077e-15   1503.14 0 
  1476.51 2.2026e-15   1513.56 0 
  1483.32 2.2333e-15   1520.55 0 
  1493.60 2.2696e-15   1531.09 0 
  1503.96 2.1674e-15   1541.70 0 
  1510.90 1.9586e-15   1548.82 0 
  1517.87 2.0842e-15   1555.97 0 
  1524.88 2.0321e-15   1563.15 0 
  1535.45 1.8069e-15   1573.98 0 
  1546.09 1.9722e-15   1584.89 0 
  1553.23 1.8704e-15   1592.21 0 
  1563.99 1.9008e-15   1603.25 0 
  1574.83 2.0274e-15   1614.36 0 
  1585.75 2.1132e-15   1625.55 0 
  1596.74 2.1674e-15   1636.82 0 
  1604.11 2.1181e-15   1644.37 0 
  1615.23 2.1230e-15   1655.77 0 
  1626.43 2.0227e-15   1667.25 0 
  1633.94 2.1426e-15   1674.94 0 
  1645.26 2.1774e-15   1686.55 0 
  1656.67 2.0135e-15   1698.24 0 
  1664.31 2.2077e-15   1706.08 0 
  1672.00 1.9858e-15   1713.96 0 
  1675.85 2.2643e-15   1717.91 0 
  1683.58 2.3493e-15   1725.84 0 
  1695.26 2.2077e-15   1737.80 0 
  1703.08 2.1377e-15   1745.82 0 
  1714.88 2.0794e-15   1757.92 0 
  1726.77 2.0794e-15   1770.11 0 
  1734.74 2.2230e-15   1778.28 0 
  1746.77 2.1674e-15   1790.61 0 
  1754.83 2.3278e-15   1798.87 0 
  1766.99 2.1132e-15   1811.34 0 
  1775.15 2.2077e-15   1819.70 0 
  1783.34 2.2384e-15   1828.10 0 
  1795.71 2.4207e-15   1840.77 0 
  1803.99 2.3765e-15   1849.27 0 
  1816.50 2.2488e-15   1862.09 0 
  1824.88 2.2748e-15   1870.68 0 
  1833.31 2.1875e-15   1879.32 0 
  1846.01 2.0088e-15   1892.34 0 
  1854.54 2.0604e-15   1901.08 0 
  1863.09 2.1525e-15   1909.85 0 
  1876.01 2.2748e-15   1923.09 0 
  1884.67 2.1426e-15   1931.97 0 
  1893.37 2.1035e-15   1940.89 0 
  1906.49 2.1875e-15   1954.34 0 
  1915.29 2.1475e-15   1963.36 0 
  1924.13 2.0890e-15   1972.42 0 
  1933.01 2.0415e-15   1981.53 0 
  1946.41 2.2748e-15   1995.26 0 
  1955.40 2.1674e-15   2004.47 0 
  1968.95 2.3711e-15   2018.37 0 
  1978.04 2.4040e-15   2027.68 0 
  1982.60 2.3171e-15   2032.36 0 
  1996.34 2.2643e-15   2046.45 0 
  2005.56 2.2800e-15   2055.89 0 
  2014.81 2.2281e-15   2065.38 0 
  2024.11 2.2643e-15   2074.91 0 
  2033.46 2.2539e-15   2084.49 0 
  2042.84 2.3602e-15   2094.11 0 
  2057.00 2.2643e-15   2108.63 0 
  2066.50 2.2539e-15   2118.36 0 
  2076.04 2.4431e-15   2128.14 0 
  2085.62 2.5582e-15   2137.96 0 
  2095.25 2.4263e-15   2147.83 0 
  2104.92 2.3930e-15   2157.74 0 
  2114.63 2.4431e-15   2167.70 0 
  2124.39 2.4600e-15   2177.71 0 
  2134.20 2.2591e-15   2187.76 0 
  2144.05 2.4096e-15   2197.86 0 
  2153.95 2.4714e-15   2208.01 0 
  2163.89 2.3602e-15   2218.20 0 
  2173.88 2.3493e-15   2228.44 0 
  2183.91 2.3985e-15   2238.72 0 
  2193.99 2.5173e-15   2249.05 0 
  2204.12 2.4375e-15   2259.44 0 
  2214.29 2.2591e-15   2269.86 0 
  2224.51 2.2333e-15   2280.34 0 
  2234.78 2.4828e-15   2290.87 0 
  2245.10 2.3607e-15   2301.44 0 
  2255.46 2.2020e-15   2312.07 0 
  2265.87 2.2315e-15   2322.74 0 
  2276.33 2.3354e-15   2333.46 0 
  2286.84 2.4782e-15   2344.23 0 
  2297.39 2.3063e-15   2355.05 0 
  2302.69 2.3950e-15   2360.48 0 
  2313.32 2.2756e-15   2371.37 0 
  2323.99 1.8066e-15   2382.32 0 
  2334.72 2.0308e-15   2393.32 0 
  2345.50 1.8554e-15   2404.36 0 
  2356.32 2.2143e-15   2415.46 0 
  2367.20 1.8881e-15   2426.61 0 
  2372.66 2.0485e-15   2432.20 0 
  2383.61 1.7548e-15   2443.43 0 
  2394.61 1.9276e-15   2454.71 0 
  2405.66 1.8699e-15   2466.04 0 
  2416.77 1.9526e-15   2477.42 0 
  2422.34 2.2544e-15   2483.13 0 
  2433.52 2.1920e-15   2494.60 0 
  2444.75 2.3694e-15   2506.11 0 
  2456.04 2.3684e-15   2517.68 0 
  2467.37 2.3241e-15   2529.30 0 
  2473.06 2.1962e-15   2535.13 0 
  2484.48 2.1502e-15   2546.83 0 
  2495.95 2.0811e-15   2558.59 0 
  2507.47 2.4724e-15   2570.40 0 
  2513.25 1.9749e-15   2576.32 0 
  2519.04 1.9229e-15   2582.26 0 
  2524.85 1.8809e-15   2588.21 0 
  2536.50 2.0053e-15   2600.16 0 
  2542.35 2.0211e-15   2606.15 0 
  2554.08 2.3519e-15   2618.18 0 
  2565.87 2.1992e-15   2630.27 0 
  2577.72 2.4160e-15   2642.41 0 
  2583.66 2.3578e-15   2648.50 0 
  2595.58 2.2927e-15   2660.72 0 
  2607.56 2.1736e-15   2673.01 0 
  2613.58 2.0970e-15   2679.17 0 
  2625.64 2.3575e-15   2691.54 0 
  2637.76 2.6625e-15   2703.96 0 
  2643.84 3.1240e-15   2710.19 0 
  2656.04 3.4321e-15   2722.70 0 
  2662.17 2.8444e-15   2728.98 0 
  2674.45 3.0750e-15   2741.57 0 
  2686.80 3.1893e-15   2754.23 0 
  2692.99 2.8387e-15   2760.58 0 
  2705.42 3.0760e-15   2773.32 0 
  2717.91 2.7280e-15   2786.12 0 
  2724.18 2.6624e-15   2792.54 0 
  2736.75 2.9116e-15   2805.43 0 
  2743.06 2.2416e-15   2811.90 0 
  2755.72 2.4572e-15   2824.88 0 
  2762.07 2.7031e-15   2831.39 0 
  2774.82 2.8956e-15   2844.46 0 
  2787.63 2.4356e-15   2857.59 0 
  2794.06 1.6598e-15   2864.18 0 
  2806.95 1.8404e-15   2877.40 0 
  2813.42 2.8337e-15   2884.03 0 
  2826.41 3.2979e-15   2897.34 0 
  2832.93 3.1965e-15   2904.02 0 
  2846.00 2.9618e-15   2917.43 0 
  2852.56 2.5823e-15   2924.15 0 
  2865.73 3.3181e-15   2937.65 0 
  2872.34 3.5427e-15   2944.42 0 
  2885.59 3.4532e-15   2958.01 0 
  2892.24 3.5782e-15   2964.83 0 
  2912.29 4.2365e-15   2985.38 0 
  2932.48 3.9660e-15   3006.08 0 
  2952.81 3.8610e-15   3026.91 0 
  2973.27 4.0277e-15   3047.89 0 
  2987.00 4.0922e-15   3061.96 0 
  3007.70 4.1911e-15   3083.19 0 
  3028.55 4.2726e-15   3104.56 0 
  3049.54 4.3860e-15   3126.08 0 
  3070.68 4.5441e-15   3147.75 0 
  3091.97 4.6008e-15   3169.57 0 
  3113.40 4.7998e-15   3191.54 0 
  3127.77 4.6574e-15   3206.27 0 
  3149.45 4.7266e-15   3228.49 0 
  3171.28 4.9198e-15   3250.87 0 
  3193.27 4.5431e-15   3273.41 0 
  3208.00 4.8674e-15   3288.52 0 
  3230.24 4.4639e-15   3311.31 0 
  3252.63 5.2497e-15   3334.26 0 
  3267.65 5.7423e-15   3349.66 0 
  3290.30 5.7084e-15   3372.87 0 
  3313.10 5.6488e-15   3396.25 0 
  3320.74 5.4756e-15   3404.08 0 
  3328.40 5.8065e-15   3411.93 0 
  3336.07 6.0311e-15   3419.79 0 
  3343.76 5.5703e-15   3427.68 0 
  3351.47 5.5893e-15   3435.58 0 
  3359.19 6.0095e-15   3443.50 0 
  3366.94 5.7322e-15   3451.44 0 
  3374.70 4.8063e-15   3459.39 0 
  3382.48 5.2275e-15   3467.37 0 
  3390.28 5.9262e-15   3475.36 0 
  3398.09 5.8380e-15   3483.37 0 
  3405.92 5.8177e-15   3491.40 0 
  3413.78 5.8108e-15   3499.45 0 
  3421.65 6.1762e-15   3507.52 0 
  3429.53 6.0008e-15   3515.60 0 
  3437.44 6.0911e-15   3523.71 0 
  3445.36 4.8438e-15   3531.83 0 
  3453.31 6.3926e-15   3539.97 0 
  3461.27 5.5484e-15   3548.13 0 
  3469.25 5.8298e-15   3556.31 0 
  3477.24 5.3969e-15   3564.51 0 
  3485.26 5.8700e-15   3572.73 0 
  3493.29 5.5736e-15   3580.96 0 
  3501.35 5.8429e-15   3589.22 0 
  3509.42 6.1111e-15   3597.49 0 
  3517.51 5.6055e-15   3605.79 0 
  3525.62 5.7957e-15   3614.10 0 
  3533.74 6.4210e-15   3622.43 0 
  3541.89 6.7468e-15   3630.78 0 
  3550.06 6.8170e-15   3639.15 0 
  3558.24 6.4282e-15   3647.54 0 
  3566.44 6.6618e-15   3655.95 0 
  3574.66 5.4839e-15   3664.37 0 
  3579.64 6.0363e-15   3669.48 1 
  3582.32 6.3649e-15   3672.23 1 
  3585.01 5.9961e-15   3674.98 1 
  3587.69 5.8459e-15   3677.73 1 
  3590.37 4.9135e-15   3680.48 1 
  3593.06 6.0648e-15   3683.23 1 
  3595.74 7.3520e-15   3685.98 1 
  3598.42 7.2364e-15   3688.73 1 
  3601.10 7.7085e-15   3691.48 1 
  3603.79 7.0425e-15   3694.23 1 
  3606.47 7.6667e-15   3696.98 1 
  3609.15 5.8093e-15   3699.73 1 
  3611.83 6.1805e-15   3702.48 1 
  3614.52 6.7686e-15   3705.23 1 
  3617.20 6.7110e-15   3707.98 1 
  3619.88 6.3280e-15   3710.73 1 
  3622.56 5.9162e-15   3713.48 1 
  3625.25 5.9547e-15   3716.23 1 
  3627.93 4.4285e-15   3718.98 1 
  3630.61 5.1787e-15   3721.73 1 
  3633.30 5.3026e-15   3724.48 1 
  3635.98 5.4328e-15   3727.23 1 
  3638.66 5.8307e-15   3729.98 1 
  3641.34 6.0800e-15   3732.73 1 
  3644.03 6.0103e-15   3735.48 1 
  3646.71 6.6758e-15   3738.23 1 
  3649.39 6.7364e-15   3740.98 1 
  3652.07 6.1315e-15   3743.73 1 
  3654.76 6.2814e-15   3746.48 1 
  3657.44 6.6705e-15   3749.23 1 
  3660.12 8.0200e-15   3751.98 1 
  3662.80 5.7093e-15   3754.73 1 
  3665.49 5.3359e-15   3757.48 1 
  3668.17 7.4798e-15   3760.23 1 
  3670.85 8.7851e-15   3762.98 1 
  3673.54 9.2443e-15   3765.73 1 
  3676.22 8.2135e-15   3768.48 1 
  3678.90 6.9701e-15   3771.23 1 
  3681.58 8.8578e-15   3773.98 1 
  3684.27 8.0048e-15   3776.73 1 
  3686.95 6.1712e-15   3779.48 1 
  3689.63 7.7603e-15   3782.23 1 
  3692.31 5.4384e-15   3784.98 1 
  3695.00 4.9627e-15   3787.73 1 
  3697.68 5.8215e-15   3790.48 1 
  3700.36 5.1555e-15   3793.23 1 
  3703.04 5.3669e-15   3795.98 1 
  3705.73 6.8699e-15   3798.73 1 
  3708.41 5.7805e-15   3801.48 1 
  3711.09 5.5758e-15   3804.23 1 
  3713.78 6.7238e-15   3806.98 1 
  3716.46 8.0070e-15   3809.73 1 
  3719.14 8.5027e-15   3812.48 1 
  3721.82 1.2414e-14   3815.23 1 
  3724.51 1.6222e-14   3817.98 1 
  3727.19 1.7494e-14   3820.73 1 
  3729.87 1.3793e-14   3823.48 1 
  3732.55 1.0985e-14   3826.23 1 
  3735.24 9.8268e-15   3828.98 1 
  3737.92 7.9757e-15   3831.73 1 
  3740.60 7.3851e-15   3834.48 1 
  3743.28 7.3371e-15   3837.23 1 
  3745.97 7.4153e-15   3839.98 1 
  3748.65 6.3602e-15   3842.73 1 
  3751.33 6.8705e-15   3845.48 1 
  3754.02 6.8431e-15   3848.23 1 
  3756.70 8.8782e-15   3850.98 1 
  3759.38 7.7873e-15   3853.73 1 
  3762.06 6.6772e-15   3856.48 1 
  3764.75 7.9842e-15   3859.23 1 
  3767.43 6.6908e-15   3861.98 1 
  3770.11 6.4486e-15   3864.73 1 
  3772.79 7.5253e-15   3867.48 1 
  3775.48 7.2260e-15   3870.23 1 
  3778.16 8.4010e-15   3872.98 1 
  3780.84 8.7350e-15   3875.73 1 
  3783.52 9.8266e-15   3878.48 1 
  3786.21 8.0650e-15   3881.23 1 
  3788.89 7.5931e-15   3883.98 1 
  3791.57 6.2375e-15   3886.73 1 
  3794.26 6.3183e-15   3889.48 1 
  3796.94 7.3997e-15   3892.23 1 
  3799.62 7.1041e-15   3894.98 1 
  3802.30 7.7049e-15   3897.73 1 
  3804.99 7.6032e-15   3900.48 1 
  3807.67 8.7841e-15   3903.23 1 
  3810.35 8.4378e-15   3905.98 1 
  3813.03 9.8638e-15   3908.73 1 
  3815.72 9.1144e-15   3911.48 1 
  3818.40 8.6065e-15   3914.23 1 
  3821.08 7.4420e-15   3916.98 1 
  3823.76 8.3903e-15   3919.73 1 
  3826.45 7.0511e-15   3922.48 1 
  3829.13 7.5772e-15   3925.23 1 
  3831.81 5.0170e-15   3927.98 1 
  3834.50 6.2772e-15   3930.73 1 
  3837.18 6.6726e-15   3933.48 1 
  3839.86 7.7202e-15   3936.23 1 
  3842.54 7.2679e-15   3938.98 1 
  3845.23 9.3492e-15   3941.73 1 
  3847.91 9.2316e-15   3944.48 1 
  3850.59 8.1141e-15   3947.23 1 
  3853.27 8.6979e-15   3949.98 1 
  3855.96 7.4489e-15   3952.73 1 
  3858.64 1.0280e-14   3955.48 1 
  3861.32 9.6808e-15   3958.23 1 
  3864.01 1.0141e-14   3960.98 1 
  3866.69 9.4749e-15   3963.73 1 
  3869.37 9.3339e-15   3966.48 1 
  3872.05 9.2635e-15   3969.23 1 
  3874.74 9.7924e-15   3971.98 1 
  3877.42 8.7768e-15   3974.73 1 
  3880.10 8.8437e-15   3977.48 1 
  3882.78 7.7294e-15   3980.23 1 
  3885.47 8.5125e-15   3982.98 1 
  3888.15 8.3136e-15   3985.73 1 
  3890.83 6.9529e-15   3988.48 1 
  3893.51 7.7392e-15   3991.23 1 
  3896.20 8.6993e-15   3993.98 1 
  3898.88 6.7027e-15   3996.73 1 
  3901.56 9.2414e-15   3999.48 1 
  3904.25 9.0213e-15   4002.23 1 
  3906.93 1.0024e-14   4004.98 1 
  3909.61 9.4544e-15   4007.73 1 
  3912.29 1.1955e-14   4010.48 1 
  3914.98 1.0174e-14   4013.23 1 
  3917.66 9.6577e-15   4015.98 1 
  3920.34 9.0244e-15   4018.73 1 
  3923.02 9.4498e-15   4021.48 1 
  3925.71 8.9125e-15   4024.23 1 
  3928.39 7.9458e-15   4026.98 1 
  3931.07 7.7961e-15   4029.73 1 
  3933.75 7.7081e-15   4032.48 1 
  3936.44 6.1830e-15   4035.23 1 
  3939.12 7.9028e-15   4037.98 1 
  3941.80 8.8031e-15   4040.73 1 
  3944.49 9.6119e-15   4043.48 1 
  3947.17 1.0138e-14   4046.23 1 
  3949.85 9.7940e-15   4048.98 1 
  3952.53 1.0611e-14   4051.73 1 
  3955.22 1.0394e-14   4054.48 1 
  3957.90 9.2783e-15   4057.23 1 
  3960.58 7.2477e-15   4059.98 1 
  3963.26 7.3971e-15   4062.73 1 
  3965.95 7.1433e-15   4065.48 1 
  3968.63 5.8363e-15   4068.23 1 
  3971.31 7.3659e-15   4070.98 1 
  3973.99 6.7778e-15   4073.73 1 
  3976.68 8.8116e-15   4076.48 1 
  3979.36 8.7073e-15   4079.23 1 
  3982.04 9.8275e-15   4081.98 1 
  3984.73 1.0517e-14   4084.73 1 
  3987.41 1.0331e-14   4087.48 1 
  3990.09 1.0193e-14   4090.23 1 
  3992.77 1.1248e-14   4092.98 1 
  3995.46 1.0177e-14   4095.73 1 
  3998.14 1.1096e-14   4098.48 1 
  4000.82 1.0924e-14   4101.23 1 
  4003.50 1.0765e-14   4103.98 1 
  4006.19 1.1234e-14   4106.73 1 
  4008.87 1.1846e-14   4109.48 1 
  4011.55 1.0673e-14   4112.23 1 
  4014.23 1.0468e-14   4114.98 1 
  4016.92 1.1623e-14   4117.73 1 
  4019.60 1.2332e-14   4120.48 1 
  4022.28 1.1226e-14   4123.23 1 
  4024.97 1.1530e-14   4125.98 1 
  4027.65 1.0967e-14   4128.73 1 
  4030.33 9.8950e-15   4131.48 1 
  4033.01 9.7902e-15   4134.23 1 
  4035.70 1.0124e-14   4136.98 1 
  4038.38 1.0845e-14   4139.73 1 
  4041.06 1.2123e-14   4142.48 1 
  4043.74 1.1380e-14   4145.23 1 
  4046.43 1.0004e-14   4147.98 1 
  4049.11 1.0486e-14   4150.73 1 
  4051.79 1.0988e-14   4153.48 1 
  4054.47 1.1576e-14   4156.23 1 
  4057.16 1.0209e-14   4158.98 1 
  4059.84 9.0452e-15   4161.73 1 
  4062.52 1.0744e-14   4164.48 1 
  4065.21 1.0713e-14   4167.23 1 
  4067.89 9.6927e-15   4169.98 1 
  4070.57 1.1473e-14   4172.73 1 
  4073.25 1.1889e-14   4175.48 1 
  4075.94 1.0053e-14   4178.23 1 
  4078.62 1.0533e-14   4180.98 1 
  4081.30 9.8238e-15   4183.73 1 
  4083.98 1.0883e-14   4186.48 1 
  4086.67 1.0325e-14   4189.23 1 
  4089.35 9.6660e-15   4191.98 1 
  4092.03 1.0106e-14   4194.73 1 
  4094.71 1.0306e-14   4197.48 1 
  4097.40 9.3559e-15   4200.23 1 
  4100.08 9.2815e-15   4202.98 1 
  4102.76 9.2161e-15   4205.73 1 
  4105.45 9.6495e-15   4208.48 1 
  4108.13 1.0245e-14   4211.23 1 
  4110.81 1.0263e-14   4213.98 1 
  4113.49 1.0293e-14   4216.73 1 
  4116.18 1.0280e-14   4219.48 1 
  4118.86 1.0664e-14   4222.23 1 
  4121.54 1.0641e-14   4224.98 1 
  4124.22 1.1387e-14   4227.73 1 
  4126.91 1.0819e-14   4230.48 1 
  4129.59 1.0664e-14   4233.23 1 
  4132.27 1.0596e-14   4235.98 1 
  4134.96 1.0811e-14   4238.73 1 
  4137.64 1.1498e-14   4241.48 1 
  4140.32 1.1777e-14   4244.23 1 
  4143.00 1.0573e-14   4246.98 1 
  4145.69 1.0003e-14   4249.73 1 
  4148.37 1.0403e-14   4252.48 1 
  4151.05 1.0406e-14   4255.23 1 
  4153.73 1.0581e-14   4257.98 1 
  4156.42 1.0535e-14   4260.73 1 
  4159.10 1.0272e-14   4263.48 1 
  4161.78 1.1383e-14   4266.23 1 
  4164.46 1.0964e-14   4268.98 1 
  4167.15 1.0896e-14   4271.73 1 
  4169.83 1.1193e-14   4274.48 1 
  4172.51 1.1058e-14   4277.23 1 
  4175.20 1.0119e-14   4279.98 1 
  4177.88 1.0189e-14   4282.73 1 
  4180.56 1.0738e-14   4285.48 1 
  4183.24 1.1119e-14   4288.23 1 
  4185.93 1.1128e-14   4290.98 1 
  4188.61 1.1061e-14   4293.73 1 
  4191.29 1.0894e-14   4296.48 1 
  4193.97 1.0676e-14   4299.23 1 
  4196.66 1.1472e-14   4301.98 1 
  4199.34 1.1364e-14   4304.73 1 
  4202.02 1.1058e-14   4307.48 1 
  4204.70 1.1073e-14   4310.23 1 
  4207.39 1.1189e-14   4312.98 1 
  4210.07 1.1791e-14   4315.73 1 
  4212.75 1.2040e-14   4318.48 1 
  4215.44 1.1817e-14   4321.23 1 
  4218.12 1.1505e-14   4323.98 1 
  4220.80 1.1271e-14   4326.73 1 
  4223.48 1.1055e-14   4329.48 1 
  4226.17 1.1258e-14   4332.23 1 
  4228.85 1.1340e-14   4334.98 1 
  4231.53 1.1272e-14   4337.73 1 
  4234.21 1.1795e-14   4340.48 1 
  4236.90 1.1618e-14   4343.23 1 
  4239.58 1.2181e-14   4345.98 1 
  4242.26 1.1862e-14   4348.73 1 
  4244.94 1.1083e-14   4351.48 1 
  4247.63 1.1413e-14   4354.23 1 
  4250.31 1.1569e-14   4356.98 1 
  4252.99 1.0907e-14   4359.73 1 
  4255.68 1.1652e-14   4362.48 1 
  4258.36 1.1369e-14   4365.23 1 
  4261.04 1.0966e-14   4367.98 1 
  4263.72 1.1469e-14   4370.73 1 
  4266.41 1.2116e-14   4373.48 1 
  4269.09 1.2260e-14   4376.23 1 
  4271.77 1.1856e-14   4378.98 1 
  4274.45 1.1016e-14   4381.73 1 
  4277.14 1.1358e-14   4384.48 1 
  4279.82 1.2089e-14   4387.23 1 
  4282.50 1.2135e-14   4389.98 1 
  4285.18 1.2169e-14   4392.73 1 
  4287.87 1.0990e-14   4395.48 1 
  4290.55 1.0673e-14   4398.23 1 
  4293.23 1.0499e-14   4400.98 1 
  4295.92 1.0405e-14   4403.73 1 
  4298.60 1.0724e-14   4406.48 1 
  4301.28 9.8677e-15   4409.23 1 
  4303.96 9.7398e-15   4411.98 1 
  4306.65 9.9647e-15   4414.73 1 
  4309.33 9.9801e-15   4417.48 1 
  4312.01 1.0958e-14   4420.23 1 
  4314.69 1.1238e-14   4422.98 1 
  4317.38 1.0713e-14   4425.73 1 
  4320.06 1.0755e-14   4428.48 1 
  4322.74 1.0713e-14   4431.23 1 
  4325.42 1.0276e-14   4433.98 1 
  4328.11 1.0939e-14   4436.73 1 
  4330.79 1.0218e-14   4439.48 1 
  4333.47 1.0540e-14   4442.23 1 
  4336.16 1.1183e-14   4444.98 1 
  4338.84 1.1868e-14   4447.73 1 
  4341.52 1.1267e-14   4450.48 1 
  4344.20 1.0924e-14   4453.23 1 
  4346.89 9.6287e-15   4455.98 1 
  4349.57 1.0239e-14   4458.73 1 
  4352.25 9.7279e-15   4461.48 1 
  4354.93 1.0977e-14   4464.23 1 
  4357.62 1.1758e-14   4466.98 1 
  4360.30 1.1278e-14   4469.73 1 
  4362.98 1.1339e-14   4472.48 1 
  4365.66 1.1102e-14   4475.23 1 
  4368.35 1.2056e-14   4477.98 1 
  4371.03 1.2055e-14   4480.73 1 
  4373.71 1.1451e-14   4483.48 1 
  4376.40 1.0970e-14   4486.23 1 
  4379.08 1.1628e-14   4488.98 1 
  4381.76 1.2185e-14   4491.73 1 
  4384.44 1.1067e-14   4494.48 1 
  4387.13 1.1179e-14   4497.23 1 
  4389.81 1.2031e-14   4499.98 1 
  4392.49 1.1621e-14   4502.73 1 
  4395.17 1.1200e-14   4505.48 1 
  4397.86 1.1104e-14   4508.23 1 
  4400.54 1.1886e-14   4510.98 1 
  4403.22 1.1485e-14   4513.73 1 
  4405.90 1.1051e-14   4516.48 1 
  4408.59 1.1968e-14   4519.23 1 
  4411.27 1.2705e-14   4521.98 1 
  4413.95 1.1643e-14   4524.73 1 
  4416.64 1.1593e-14   4527.48 1 
  4419.32 1.1149e-14   4530.23 1 
  4422.00 1.1889e-14   4532.98 1 
  4424.68 1.2139e-14   4535.73 1 
  4427.37 1.1414e-14   4538.48 1 
  4430.05 1.1785e-14   4541.23 1 
  4432.73 1.2635e-14   4543.98 1 
  4435.41 1.1000e-14   4546.73 1 
  4438.10 1.1855e-14   4549.48 1 
  4440.78 1.1661e-14   4552.23 1 
  4443.46 1.1696e-14   4554.98 1 
  4446.15 1.2086e-14   4557.73 1 
  4448.83 1.2385e-14   4560.48 1 
  4451.51 1.2359e-14   4563.23 1 
  4454.19 1.3196e-14   4565.98 1 
  4456.88 1.1097e-14   4568.73 1 
  4459.56 1.1710e-14   4571.48 1 
  4462.24 1.1939e-14   4574.23 1 
  4464.92 1.1692e-14   4576.98 1 
  4467.61 1.2019e-14   4579.73 1 
  4470.29 1.1842e-14   4582.48 1 
  4472.97 1.1033e-14   4585.23 1 
  4475.65 1.2386e-14   4587.98 1 
  4478.34 1.3059e-14   4590.73 1 
  4481.02 1.2668e-14   4593.48 1 
  4483.70 1.2039e-14   4596.23 1 
  4486.39 1.1649e-14   4598.98 1 
  4489.07 1.2703e-14   4601.73 1 
  4491.75 1.2929e-14   4604.48 1 
  4494.43 1.1981e-14   4607.23 1 
  4497.12 1.2136e-14   4609.98 1 
  4499.80 1.3060e-14   4612.73 1 
  4502.48 1.3005e-14   4615.48 1 
  4505.16 1.2698e-14   4618.23 1 
  4507.85 1.2605e-14   4620.98 1 
  4510.53 1.3534e-14   4623.73 1 
  4513.21 1.2813e-14   4626.48 1 
  4515.89 1.3765e-14   4629.23 1 
  4518.58 1.3369e-14   4631.98 1 
  4521.26 1.3153e-14   4634.73 1 
  4523.94 1.2937e-14   4637.48 1 
  4526.63 1.2734e-14   4640.23 1 
  4529.31 1.1860e-14   4642.98 1 
  4531.99 1.2165e-14   4645.73 1 
  4534.67 1.1903e-14   4648.48 1 
  4537.36 1.2260e-14   4651.23 1 
  4540.04 1.2785e-14   4653.98 1 
  4542.72 1.3192e-14   4656.73 1 
  4545.40 1.2443e-14   4659.48 1 
  4548.09 1.3013e-14   4662.23 1 
  4550.77 1.3638e-14   4664.98 1 
  4553.45 1.2787e-14   4667.73 1 
  4556.13 1.2228e-14   4670.48 1 
  4558.82 1.2868e-14   4673.23 1 
  4561.50 1.2937e-14   4675.98 1 
  4564.18 1.3470e-14   4678.73 1 
  4566.87 1.3195e-14   4681.48 1 
  4569.55 1.2957e-14   4684.23 1 
  4572.23 1.3726e-14   4686.98 1 
  4574.91 1.3253e-14   4689.73 1 
  4577.60 1.2793e-14   4692.48 1 
  4580.28 1.3555e-14   4695.23 1 
  4582.96 1.2767e-14   4697.98 1 
  4585.64 1.2171e-14   4700.73 1 
  4588.33 1.2566e-14   4703.48 1 
  4591.01 1.3591e-14   4706.23 1 
  4593.69 1.2730e-14   4708.98 1 
  4596.37 1.2811e-14   4711.73 1 
  4599.06 1.2099e-14   4714.48 1 
  4601.74 1.3174e-14   4717.23 1 
  4604.42 1.3479e-14   4719.98 1 
  4607.11 1.2830e-14   4722.73 1 
  4609.79 1.3271e-14   4725.48 1 
  4612.47 1.3261e-14   4728.23 1 
  4615.15 1.2259e-14   4730.98 1 
  4617.84 1.2835e-14   4733.73 1 
  4620.52 1.2761e-14   4736.48 1 
  4623.20 1.3321e-14   4739.23 1 
  4625.88 1.2897e-14   4741.98 1 
  4628.57 1.2874e-14   4744.73 1 
  4631.25 1.2978e-14   4747.48 1 
  4633.93 1.3165e-14   4750.23 1 
  4636.61 1.2009e-14   4752.98 1 
  4639.30 1.2309e-14   4755.73 1 
  4641.98 1.2732e-14   4758.48 1 
  4644.66 1.2647e-14   4761.23 1 
  4647.35 1.2640e-14   4763.98 1 
  4650.03 1.2660e-14   4766.73 1 
  4652.71 1.2360e-14   4769.48 1 
  4655.39 1.2323e-14   4772.23 1 
  4658.08 1.2983e-14   4774.98 1 
  4660.76 1.3595e-14   4777.73 1 
  4663.44 1.2737e-14   4780.48 1 
  4666.12 1.2445e-14   4783.23 1 
  4668.81 1.2085e-14   4785.98 1 
  4671.49 1.2678e-14   4788.73 1 
  4674.17 1.1954e-14   4791.48 1 
  4676.85 1.1794e-14   4794.23 1 
  4679.54 1.2583e-14   4796.98 1 
  4682.22 1.3332e-14   4799.73 1 
  4684.90 1.3553e-14   4802.48 1 
  4687.59 1.3418e-14   4805.23 1 
  4690.27 1.3439e-14   4807.98 1 
  4692.95 1.2977e-14   4810.73 1 
  4695.63 1.2509e-14   4813.48 1 
  4698.32 1.3524e-14   4816.23 1 
  4701.00 1.3576e-14   4818.98 1 
  4703.68 1.2620e-14   4821.73 1 
  4706.36 1.3305e-14   4824.48 1 
  4709.05 1.2967e-14   4827.23 1 
  4711.73 1.2820e-14   4829.98 1 
  4714.41 1.3050e-14   4832.73 1 
  4717.10 1.2792e-14   4835.48 1 
  4719.78 1.2963e-14   4838.23 1 
  4722.46 1.2907e-14   4840.98 1 
  4725.14 1.3594e-14   4843.73 1 
  4727.83 1.3099e-14   4846.48 1 
  4730.51 1.3038e-14   4849.23 1 
  4733.19 1.3200e-14   4851.98 1 
  4735.87 1.2779e-14   4854.73 1 
  4738.56 1.2866e-14   4857.48 1 
  4741.24 1.3041e-14   4860.23 1 
  4743.92 1.3320e-14   4862.98 1 
  4746.60 1.3739e-14   4865.73 1 
  4749.29 1.4174e-14   4868.48 1 
  4751.97 1.2538e-14   4871.23 1 
  4754.65 1.2390e-14   4873.98 1 
  4757.34 1.2720e-14   4876.73 1 
  4760.02 1.3015e-14   4879.48 1 
  4762.70 1.3507e-14   4882.23 1 
  4765.38 1.3430e-14   4884.98 1 
  4768.07 1.3047e-14   4887.73 1 
  4770.75 1.3266e-14   4890.48 1 
  4773.43 1.3541e-14   4893.23 1 
  4776.11 1.3129e-14   4895.98 1 
  4778.80 1.2886e-14   4898.73 1 
  4781.48 1.2986e-14   4901.48 1 
  4784.16 1.3630e-14   4904.23 1 
  4786.84 1.3565e-14   4906.98 1 
  4789.53 1.2745e-14   4909.73 1 
  4792.21 1.2865e-14   4912.48 1 
  4794.89 1.3146e-14   4915.23 1 
  4797.58 1.3582e-14   4917.98 1 
  4800.26 1.4010e-14   4920.73 1 
  4802.94 1.4076e-14   4923.48 1 
  4805.62 1.4369e-14   4926.23 1 
  4808.31 1.3587e-14   4928.98 1 
  4810.99 1.2934e-14   4931.73 1 
  4813.67 1.2920e-14   4934.48 1 
  4816.35 1.2456e-14   4937.23 1 
  4819.04 1.2400e-14   4939.98 1 
  4821.72 1.3197e-14   4942.73 1 
  4824.40 1.3090e-14   4945.48 1 
  4827.08 1.2757e-14   4948.23 1 
  4829.77 1.2902e-14   4950.98 1 
  4832.45 1.2339e-14   4953.73 1 
  4835.13 1.2673e-14   4956.48 1 
  4837.82 1.3172e-14   4959.23 1 
  4840.50 1.2992e-14   4961.98 1 
  4843.18 1.3236e-14   4964.73 1 
  4845.86 1.3007e-14   4967.48 1 
  4848.55 1.2257e-14   4970.23 1 
  4851.23 1.2404e-14   4972.98 1 
  4853.91 1.2600e-14   4975.73 1 
  4856.59 1.4285e-14   4978.48 1 
  4859.28 1.7069e-14   4981.23 1 
  4861.96 1.7315e-14   4983.98 1 
  4864.64 1.4745e-14   4986.73 1 
  4867.32 1.2650e-14   4989.48 1 
  4870.01 1.1500e-14   4992.23 1 
  4872.69 1.1280e-14   4994.98 1 
  4875.37 1.0685e-14   4997.73 1 
  4878.06 1.2140e-14   5000.48 1 
  4880.74 1.1747e-14   5003.23 1 
  4883.42 1.2151e-14   5005.98 1 
  4886.10 1.1829e-14   5008.73 1 
  4888.79 1.1436e-14   5011.48 1 
  4891.47 1.1909e-14   5014.23 1 
  4894.15 1.2685e-14   5016.98 1 
  4896.83 1.2750e-14   5019.73 1 
  4899.52 1.2967e-14   5022.48 1 
  4902.20 1.2412e-14   5025.23 1 
  4904.88 1.2227e-14   5027.98 1 
  4907.56 1.2415e-14   5030.73 1 
  4910.25 1.2423e-14   5033.48 1 
  4912.93 1.2522e-14   5036.23 1 
  4915.61 1.2061e-14   5038.98 1 
  4918.30 1.2313e-14   5041.73 1 
  4920.98 1.2272e-14   5044.48 1 
  4923.66 1.2041e-14   5047.23 1 
  4926.34 1.2787e-14   5049.98 1 
  4929.03 1.2916e-14   5052.73 1 
  4931.71 1.3177e-14   5055.48 1 
  4934.39 1.2224e-14   5058.23 1 
  4937.07 1.2329e-14   5060.98 1 
  4939.76 1.2019e-14   5063.73 1 
  4942.44 1.3002e-14   5066.48 1 
  4945.12 1.2788e-14   5069.23 1 
  4947.80 1.3056e-14   5071.98 1 
  4950.49 1.2689e-14   5074.73 1 
  4953.17 1.3285e-14   5077.48 1 
  4955.85 1.3762e-14   5080.23 1 
  4958.54 1.3240e-14   5082.98 1 
  4961.22 1.2751e-14   5085.73 1 
  4963.90 1.2975e-14   5088.48 1 
  4966.58 1.3116e-14   5091.23 1 
  4969.27 1.2233e-14   5093.98 1 
  4971.95 1.2759e-14   5096.73 1 
  4974.63 1.3163e-14   5099.48 1 
  4977.31 1.2747e-14   5102.23 1 
  4980.00 1.2689e-14   5104.98 1 
  4982.68 1.2986e-14   5107.73 1 
  4985.36 1.2888e-14   5110.48 1 
  4988.05 1.2935e-14   5113.23 1 
  4990.73 1.2118e-14   5115.98 1 
  4993.41 1.2310e-14   5118.73 1 
  4996.09 1.3224e-14   5121.48 1 
  4998.78 1.3761e-14   5124.23 1 
  5001.46 1.3752e-14   5126.98 1 
  5004.14 1.4259e-14   5129.73 1 
  5006.82 1.5199e-14   5132.48 1 
  5009.51 1.4266e-14   5135.23 1 
  5012.19 1.2940e-14   5137.98 1 
  5014.87 1.1539e-14   5140.73 1 
  5017.55 1.1817e-14   5143.48 1 
  5020.24 1.1943e-14   5146.23 1 
  5022.92 1.1989e-14   5148.98 1 
  5025.60 1.2374e-14   5151.73 1 
  5028.29 1.2103e-14   5154.48 1 
  5030.97 1.1600e-14   5157.23 1 
  5033.65 1.1671e-14   5159.98 1 
  5036.33 1.1764e-14   5162.73 1 
  5039.02 1.2292e-14   5165.48 1 
  5041.70 1.2365e-14   5168.23 1 
  5044.38 1.2128e-14   5170.98 1 
  5047.06 1.2019e-14   5173.73 1 
  5049.75 1.1905e-14   5176.48 1 
  5052.43 1.1910e-14   5179.23 1 
  5055.11 1.2414e-14   5181.98 1 
  5057.79 1.2302e-14   5184.73 1 
  5060.48 1.2593e-14   5187.48 1 
  5063.16 1.2533e-14   5190.23 1 
  5065.84 1.2174e-14   5192.98 1 
  5068.53 1.2691e-14   5195.73 1 
  5071.21 1.2811e-14   5198.48 1 
  5073.89 1.2307e-14   5201.23 1 
  5076.57 1.1914e-14   5203.98 1 
  5079.26 1.2031e-14   5206.73 1 
  5081.94 1.2244e-14   5209.48 1 
  5084.62 1.2625e-14   5212.23 1 
  5087.30 1.3469e-14   5214.98 1 
  5089.99 1.2944e-14   5217.73 1 
  5092.67 1.2233e-14   5220.48 1 
  5095.35 1.2656e-14   5223.23 1 
  5098.03 1.3056e-14   5225.98 1 
  5100.72 1.2880e-14   5228.73 1 
  5103.40 1.2851e-14   5231.48 1 
  5106.08 1.2736e-14   5234.23 1 
  5108.77 1.2818e-14   5236.98 1 
  5111.45 1.2479e-14   5239.73 1 
  5114.13 1.2482e-14   5242.48 1 
  5116.81 1.2614e-14   5245.23 1 
  5119.50 1.2707e-14   5247.98 1 
  5122.18 1.1878e-14   5250.73 1 
  5124.86 1.1711e-14   5253.48 1 
  5127.54 1.2299e-14   5256.23 1 
  5130.23 1.2427e-14   5258.98 1 
  5132.91 1.2381e-14   5261.73 1 
  5135.59 1.1832e-14   5264.48 1 
  5138.27 1.1976e-14   5267.23 1 
  5140.96 1.2109e-14   5269.98 1 
  5143.64 1.2188e-14   5272.73 1 
  5146.32 1.2236e-14   5275.48 1 
  5149.01 1.2674e-14   5278.23 1 
  5151.69 1.2729e-14   5280.98 1 
  5154.37 1.2408e-14   5283.73 1 
  5157.05 1.2300e-14   5286.48 1 
  5159.74 1.2463e-14   5289.23 1 
  5162.42 1.2001e-14   5291.98 1 
  5165.10 1.1168e-14   5294.73 1 
  5167.78 1.0626e-14   5297.48 1 
  5170.47 1.0806e-14   5300.23 1 
  5173.15 1.1889e-14   5302.98 1 
  5175.83 1.2228e-14   5305.73 1 
  5178.51 1.2160e-14   5308.48 1 
  5181.20 1.2178e-14   5311.23 1 
  5183.88 1.2031e-14   5313.98 1 
  5186.56 1.2294e-14   5316.73 1 
  5189.25 1.2735e-14   5319.48 1 
  5191.93 1.3058e-14   5322.23 1 
  5194.61 1.2656e-14   5324.98 1 
  5197.29 1.2964e-14   5327.73 1 
  5199.98 1.3466e-14   5330.48 1 
  5202.66 1.3348e-14   5333.23 1 
  5205.34 1.2425e-14   5335.98 1 
  5208.02 1.1786e-14   5338.73 1 
  5210.71 1.2017e-14   5341.48 1 
  5213.39 1.2671e-14   5344.23 1 
  5216.07 1.3054e-14   5346.98 1 
  5218.75 1.2848e-14   5349.73 1 
  5221.44 1.2988e-14   5352.48 1 
  5224.12 1.2456e-14   5355.23 1 
  5226.80 1.2596e-14   5357.98 1 
  5229.49 1.2813e-14   5360.73 1 
  5232.17 1.2725e-14   5363.48 1 
  5234.85 1.2986e-14   5366.23 1 
  5237.53 1.2941e-14   5368.98 1 
  5240.22 1.3056e-14   5371.73 1 
  5242.90 1.3111e-14   5374.48 1 
  5245.58 1.3555e-14   5377.23 1 
  5248.26 1.2961e-14   5379.98 1 
  5250.95 1.2208e-14   5382.73 1 
  5253.63 1.2724e-14   5385.48 1 
  5256.31 1.3135e-14   5388.23 1 
  5258.99 1.2756e-14   5390.98 1 
  5261.68 1.2465e-14   5393.73 1 
  5264.36 1.1940e-14   5396.48 1 
  5267.04 1.1722e-14   5399.23 1 
  5269.73 1.2229e-14   5401.98 1 
  5272.41 1.2498e-14   5404.73 1 
  5275.09 1.2561e-14   5407.48 1 
  5277.77 1.2757e-14   5410.23 1 
  5280.46 1.3108e-14   5412.98 1 
  5283.14 1.3555e-14   5415.73 1 
  5285.82 1.4371e-14   5418.48 1 
  5288.50 1.4305e-14   5421.23 1 
  5291.19 1.3705e-14   5423.98 1 
  5293.87 1.3068e-14   5426.73 1 
  5296.55 1.3248e-14   5429.48 1 
  5299.24 1.3331e-14   5432.23 1 
  5301.92 1.3416e-14   5434.98 1 
  5304.60 1.3518e-14   5437.73 1 
  5307.28 1.3072e-14   5440.48 1 
  5309.97 1.3128e-14   5443.23 1 
  5312.65 1.3220e-14   5445.98 1 
  5315.33 1.3246e-14   5448.73 1 
  5318.01 1.2522e-14   5451.48 1 
  5320.70 1.2478e-14   5454.23 1 
  5323.38 1.2768e-14   5456.98 1 
  5326.06 1.2887e-14   5459.73 1 
  5328.74 1.2518e-14   5462.48 1 
  5331.43 1.2494e-14   5465.23 1 
  5334.11 1.2731e-14   5467.98 1 
  5336.79 1.3044e-14   5470.73 1 
  5339.48 1.3131e-14   5473.48 1 
  5342.16 1.2754e-14   5476.23 1 
  5344.84 1.3096e-14   5478.98 1 
  5347.52 1.3054e-14   5481.73 1 
  5350.21 1.3218e-14   5484.48 1 
  5352.89 1.3865e-14   5487.23 1 
  5355.57 1.3835e-14   5489.98 1 
  5358.25 1.3975e-14   5492.73 1 
  5360.94 1.3785e-14   5495.48 1 
  5363.62 1.3227e-14   5498.23 1 
  5366.30 1.2851e-14   5500.98 1 
  5368.98 1.3157e-14   5503.73 1 
  5371.67 1.3039e-14   5506.48 1 
  5374.35 1.3333e-14   5509.23 1 
  5377.03 1.3586e-14   5511.98 1 
  5379.72 1.3233e-14   5514.73 1 
  5382.40 1.3346e-14   5517.48 1 
  5385.08 1.3555e-14   5520.23 1 
  5387.76 1.3122e-14   5522.98 1 
  5390.45 1.2404e-14   5525.73 1 
  5393.13 1.2564e-14   5528.48 1 
  5395.81 1.2835e-14   5531.23 1 
  5398.49 1.3227e-14   5533.98 1 
  5401.18 1.2904e-14   5536.73 1 
  5403.86 1.2559e-14   5539.48 1 
  5406.54 1.3462e-14   5542.23 1 
  5409.22 1.3150e-14   5544.98 1 
  5411.91 1.3359e-14   5547.73 1 
  5414.59 1.3826e-14   5550.48 1 
  5417.27 1.2569e-14   5553.23 1 
  5419.96 1.3218e-14   5555.98 1 
  5422.64 1.3602e-14   5558.73 1 
  5425.32 1.3167e-14   5561.48 1 
  5428.00 1.3660e-14   5564.23 1 
  5430.69 1.2875e-14   5566.98 1 
  5433.37 1.2184e-14   5569.73 1 
  5436.05 1.2890e-14   5572.48 1 
  5438.73 1.1982e-14   5575.23 1 
  5441.42 1.3314e-14   5577.98 1 
  5444.10 1.3753e-14   5580.73 1 
  5446.78 1.2302e-14   5583.48 1 
  5449.46 1.2467e-14   5586.23 1 
  5452.15 1.3441e-14   5588.98 1 
  5454.83 1.2516e-14   5591.73 1 
  5457.51 1.3186e-14   5594.48 1 
  5460.20 1.2737e-14   5597.23 1 
  5462.88 1.4056e-14   5599.98 1 
  5465.56 1.3524e-14   5602.73 1 
  5468.24 1.2876e-14   5605.48 1 
  5470.93 1.3263e-14   5608.23 1 
  5473.61 1.2616e-14   5610.98 1 
  5476.29 1.2906e-14   5613.73 1 
  5478.97 1.3095e-14   5616.48 1 
  5481.66 1.3196e-14   5619.23 1 
  5484.34 1.3309e-14   5621.98 1 
  5487.02 1.3370e-14   5624.73 1 
  5489.70 1.2783e-14   5627.48 1 
  5492.39 1.3477e-14   5630.23 1 
  5495.07 1.3584e-14   5632.98 1 
  5497.75 1.3573e-14   5635.73 1 
  5500.44 1.3068e-14   5638.48 1 
  5503.12 1.2997e-14   5641.23 1 
  5505.80 1.2908e-14   5643.98 1 
  5508.48 1.3060e-14   5646.73 1 
  5511.17 1.2927e-14   5649.48 1 
  5513.85 1.3650e-14   5652.23 1 
  5516.53 1.3201e-14   5654.98 1 
  5519.21 1.3290e-14   5657.73 1 
  5521.90 1.2737e-14   5660.48 1 
  5524.58 1.2322e-14   5663.23 1 
  5527.26 1.3225e-14   5665.98 1 
  5529.94 1.3684e-14   5668.73 1 
  5532.63 1.3076e-14   5671.48 1 
  5535.31 1.3348e-14   5674.23 1 
  5537.99 1.3809e-14   5676.98 1 
  5540.68 1.4271e-14   5679.73 1 
  5543.36 1.3265e-14   5682.48 1 
  5546.04 1.2924e-14   5685.23 1 
  5548.72 1.2216e-14   5687.98 1 
  5551.41 1.4534e-14   5690.73 1 
  5554.09 1.4146e-14   5693.48 1 
  5556.77 1.3403e-14   5696.23 1 
  5559.45 1.2622e-14   5698.98 1 
  5562.14 1.3762e-14   5701.73 1 
  5564.82 1.3173e-14   5704.48 1 
  5567.50 1.3658e-14   5707.23 1 
  5570.19 1.4074e-14   5709.98 1 
  5572.87 1.2811e-14   5712.73 1 
  5575.55 1.3661e-14   5715.48 1 
  5578.23 1.3681e-14   5718.23 1 
  5580.92 1.4190e-14   5720.98 1 
  5583.60 1.3120e-14   5723.73 1 
  5586.28 1.4220e-14   5726.48 1 
  5588.96 1.5173e-14   5729.23 1 
  5591.65 1.3574e-14   5731.98 1 
  5594.33 1.3383e-14   5734.73 1 
  5597.01 1.2263e-14   5737.48 1 
  5599.69 1.3054e-14   5740.23 1 
  5602.38 1.3109e-14   5742.98 1 
  5605.06 1.3196e-14   5745.73 1 
  5607.74 1.3623e-14   5748.48 1 
  5610.43 1.3220e-14   5751.23 1 
  5613.11 1.3183e-14   5753.98 1 
  5615.79 1.3145e-14   5756.73 1 
  5618.47 1.3138e-14   5759.48 1 
  5621.16 1.3877e-14   5762.23 1 
  5623.84 1.3259e-14   5764.98 1 
  5626.52 1.2746e-14   5767.73 1 
  5629.20 1.2968e-14   5770.48 1 
  5631.89 1.2775e-14   5773.23 1 
  5634.57 1.2715e-14   5775.98 1 
  5637.25 1.3331e-14   5778.73 1 
  5639.93 1.4423e-14   5781.48 1 
  5642.62 1.3421e-14   5784.23 1 
  5645.30 1.3231e-14   5786.98 1 
  5647.98 1.4309e-14   5789.73 1 
  5650.67 1.4329e-14   5792.48 1 
  5653.35 1.3600e-14   5795.23 1 
  5656.03 1.2880e-14   5797.98 1 
  5658.71 1.2609e-14   5800.73 1 
  5661.40 1.2557e-14   5803.48 1 
  5664.08 1.3432e-14   5806.23 1 
  5666.76 1.3478e-14   5808.98 1 
  5669.44 1.3142e-14   5811.73 1 
  5672.13 1.3110e-14   5814.48 1 
  5674.81 1.3246e-14   5817.23 1 
  5677.49 1.3770e-14   5819.98 1 
  5680.17 1.2650e-14   5822.73 1 
  5682.86 1.3766e-14   5825.48 1 
  5685.54 1.3461e-14   5828.23 1 
  5688.22 1.2841e-14   5830.98 1 
  5690.91 1.3203e-14   5833.73 1 
  5693.59 1.3367e-14   5836.48 1 
  5696.27 1.4776e-14   5839.23 1 
  5698.95 1.3178e-14   5841.98 1 
  5701.64 1.2894e-14   5844.73 1 
  5704.32 1.3723e-14   5847.48 1 
  5707.00 1.2810e-14   5850.23 1 
  5709.68 1.2409e-14   5852.98 1 
  5712.37 1.3074e-14   5855.73 1 
  5715.05 1.3611e-14   5858.48 1 
  5717.73 1.3819e-14   5861.23 1 
  5720.41 1.3677e-14   5863.98 1 
  5723.10 1.3000e-14   5866.73 1 
  5725.78 1.4106e-14   5869.48 1 
  5728.46 1.2904e-14   5872.23 1 
  5731.15 1.4632e-14   5874.98 1 
  5733.83 1.3350e-14   5877.73 1 
  5736.51 1.4285e-14   5880.48 1 
  5739.19 1.3519e-14   5883.23 1 
  5741.88 1.3662e-14   5885.98 1 
  5744.56 1.3507e-14   5888.73 1 
  5747.24 1.3280e-14   5891.48 1 
  5749.92 1.3147e-14   5894.23 1 
  5752.61 1.4109e-14   5896.98 1 
  5755.29 1.3034e-14   5899.73 1 
  5757.97 1.3136e-14   5902.48 1 
  5760.65 1.3156e-14   5905.23 1 
  5763.34 1.4033e-14   5907.98 1 
  5766.02 1.3916e-14   5910.73 1 
  5768.70 1.3205e-14   5913.48 1 
  5771.39 1.3789e-14   5916.23 1 
  5774.07 1.3288e-14   5918.98 1 
  5776.75 1.3042e-14   5921.73 1 
  5779.43 1.2926e-14   5924.48 1 
  5782.12 1.3254e-14   5927.23 1 
  5784.80 1.2530e-14   5929.98 1 
  5787.48 1.2787e-14   5932.73 1 
  5790.16 1.2883e-14   5935.48 1 
  5792.85 1.3242e-14   5938.23 1 
  5795.53 1.2030e-14   5940.98 1 
  5798.21 1.3202e-14   5943.73 1 
  5800.89 1.3518e-14   5946.48 1 
  5803.58 1.3386e-14   5949.23 1 
  5806.26 1.3668e-14   5951.98 1 
  5808.94 1.4034e-14   5954.73 1 
  5811.63 1.3645e-14   5957.48 1 
  5814.31 1.3985e-14   5960.23 1 
  5816.99 1.4349e-14   5962.98 1 
  5819.67 1.4243e-14   5965.73 1 
  5822.36 1.3890e-14   5968.48 1 
  5825.04 1.3953e-14   5971.23 1 
  5827.72 1.3415e-14   5973.98 1 
  5830.40 1.3031e-14   5976.73 1 
  5833.09 1.3575e-14   5979.48 1 
  5835.77 1.3599e-14   5982.23 1 
  5838.45 1.3255e-14   5984.98 1 
  5841.14 1.2695e-14   5987.73 1 
  5843.82 1.3685e-14   5990.48 1 
  5846.50 1.3566e-14   5993.23 1 
  5849.18 1.3223e-14   5995.98 1 
  5851.87 1.3876e-14   5998.73 1 
  5854.55 1.3131e-14   6001.48 1 
  5857.23 1.3397e-14   6004.23 1 
  5859.91 1.3085e-14   6006.98 1 
  5862.60 1.2994e-14   6009.73 1 
  5865.28 1.3475e-14   6012.48 1 
  5867.96 1.3011e-14   6015.23 1 
  5870.64 1.3786e-14   6017.98 1 
  5873.33 1.4192e-14   6020.73 1 
  5876.01 1.4572e-14   6023.48 1 
  5878.69 1.4027e-14   6026.23 1 
  5881.38 1.3142e-14   6028.98 1 
  5884.06 1.2529e-14   6031.73 1 
  5886.74 1.2402e-14   6034.48 1 
  5889.42 1.2108e-14   6037.23 1 
  5892.11 1.1981e-14   6039.98 1 
  5894.79 1.1958e-14   6042.73 1 
  5897.47 1.1781e-14   6045.48 1 
  5900.15 1.1899e-14   6048.23 1 
  5902.84 1.3234e-14   6050.98 1 
  5905.52 1.3263e-14   6053.73 1 
  5908.20 1.3684e-14   6056.48 1 
  5910.88 1.3625e-14   6059.23 1 
  5913.57 1.3878e-14   6061.98 1 
  5916.25 1.3111e-14   6064.73 1 
  5918.93 1.4123e-14   6067.48 1 
  5921.62 1.3989e-14   6070.23 1 
  5924.30 1.3082e-14   6072.98 1 
  5926.98 1.3808e-14   6075.73 1 
  5929.66 1.3240e-14   6078.48 1 
  5932.35 1.3315e-14   6081.23 1 
  5935.03 1.2915e-14   6083.98 1 
  5937.71 1.3760e-14   6086.73 1 
  5940.39 1.2273e-14   6089.48 1 
  5943.08 1.3114e-14   6092.23 1 
  5945.76 1.3828e-14   6094.98 1 
  5948.44 1.3813e-14   6097.73 1 
  5951.12 1.2651e-14   6100.48 1 
  5953.81 1.3478e-14   6103.23 1 
  5956.49 1.3968e-14   6105.98 1 
  5959.17 1.3706e-14   6108.73 1 
  5961.86 1.3424e-14   6111.48 1 
  5964.54 1.2551e-14   6114.23 1 
  5967.22 1.2878e-14   6116.98 1 
  5969.90 1.3226e-14   6119.73 1 
  5972.59 1.3179e-14   6122.48 1 
  5975.27 1.3709e-14   6125.23 1 
  5977.95 1.3766e-14   6127.98 1 
  5980.63 1.4017e-14   6130.73 1 
  5983.32 1.2796e-14   6133.48 1 
  5986.00 1.3555e-14   6136.23 1 
  5988.68 1.3078e-14   6138.98 1 
  5991.36 1.3751e-14   6141.73 1 
  5994.05 1.3974e-14   6144.48 1 
  5996.73 1.3383e-14   6147.23 1 
  5999.41 1.4280e-14   6149.98 1 
  6002.10 1.3337e-14   6152.73 1 
  6004.78 1.3572e-14   6155.48 1 
  6007.46 1.4021e-14   6158.23 1 
  6010.14 1.3536e-14   6160.98 1 
  6012.83 1.3144e-14   6163.73 1 
  6015.51 1.3502e-14   6166.48 1 
  6018.19 1.3085e-14   6169.23 1 
  6020.87 1.2274e-14   6171.98 1 
  6023.56 1.2757e-14   6174.73 1 
  6026.24 1.2988e-14   6177.48 1 
  6028.92 1.3285e-14   6180.23 1 
  6031.60 1.2737e-14   6182.98 1 
  6034.29 1.3301e-14   6185.73 1 
  6036.97 1.3176e-14   6188.48 1 
  6039.65 1.3844e-14   6191.23 1 
  6042.34 1.3542e-14   6193.98 1 
  6045.02 1.4425e-14   6196.73 1 
  6047.70 1.3313e-14   6199.48 1 
  6050.38 1.3712e-14   6202.23 1 
  6053.07 1.4035e-14   6204.98 1 
  6055.75 1.3343e-14   6207.73 1 
  6058.43 1.3848e-14   6210.48 1 
  6061.11 1.3965e-14   6213.23 1 
  6063.80 1.4229e-14   6215.98 1 
  6066.48 1.4001e-14   6218.73 1 
  6069.16 1.3506e-14   6221.48 1 
  6071.84 1.3513e-14   6224.23 1 
  6074.53 1.3629e-14   6226.98 1 
  6077.21 1.3449e-14   6229.73 1 
  6079.89 1.3794e-14   6232.48 1 
  6082.58 1.4221e-14   6235.23 1 
  6085.26 1.2949e-14   6237.98 1 
  6087.94 1.2406e-14   6240.73 1 
  6090.62 1.3160e-14   6243.48 1 
  6093.31 1.3585e-14   6246.23 1 
  6095.99 1.3109e-14   6248.98 1 
  6098.67 1.3612e-14   6251.73 1 
  6101.35 1.3909e-14   6254.48 1 
  6104.04 1.3364e-14   6257.23 1 
  6106.72 1.3507e-14   6259.98 1 
  6109.40 1.3698e-14   6262.73 1 
  6112.08 1.3487e-14   6265.48 1 
  6114.77 1.2952e-14   6268.23 1 
  6117.45 1.3077e-14   6270.98 1 
  6120.13 1.3948e-14   6273.73 1 
  6122.82 1.3403e-14   6276.48 1 
  6125.50 1.3798e-14   6279.23 1 
  6128.18 1.3136e-14   6281.98 1 
  6130.86 1.3715e-14   6284.73 1 
  6133.55 1.2372e-14   6287.48 1 
  6136.23 1.3882e-14   6290.23 1 
  6138.91 1.3447e-14   6292.98 1 
  6141.59 1.2806e-14   6295.73 1 
  6144.28 1.2711e-14   6298.48 1 
  6146.96 1.3471e-14   6301.23 1 
  6149.64 1.3215e-14   6303.98 1 
  6152.33 1.4043e-14   6306.73 1 
  6155.01 1.2556e-14   6309.48 1 
  6157.69 1.3178e-14   6312.23 1 
  6160.37 1.2269e-14   6314.98 1 
  6163.06 1.2454e-14   6317.73 1 
  6165.74 1.2070e-14   6320.48 1 
  6168.42 1.2647e-14   6323.23 1 
  6171.10 1.2709e-14   6325.98 1 
  6173.79 1.2532e-14   6328.73 1 
  6176.47 1.3231e-14   6331.48 1 
  6179.15 1.2749e-14   6334.23 1 
  6181.83 1.3626e-14   6336.98 1 
  6184.52 1.2207e-14   6339.73 1 
  6187.20 1.3555e-14   6342.48 1 
  6189.88 1.2719e-14   6345.23 1 
  6192.57 1.2908e-14   6347.98 1 
  6195.25 1.3291e-14   6350.73 1 
  6197.93 1.2983e-14   6353.48 1 
  6200.61 1.3391e-14   6356.23 1 
  6203.30 1.2302e-14   6358.98 1 
  6205.98 1.3884e-14   6361.73 1 
  6208.66 1.3106e-14   6364.48 1 
  6211.34 1.4141e-14   6367.23 1 
  6214.03 1.3664e-14   6369.98 1 
  6216.71 1.3372e-14   6372.73 1 
  6219.39 1.2806e-14   6375.48 1 
  6222.07 1.2360e-14   6378.23 1 
  6224.76 1.3139e-14   6380.98 1 
  6227.44 1.4240e-14   6383.73 1 
  6230.12 1.2733e-14   6386.48 1 
  6232.81 1.2790e-14   6389.23 1 
  6235.49 1.2675e-14   6391.98 1 
  6238.17 1.2586e-14   6394.73 1 
  6240.85 1.2336e-14   6397.48 1 
  6243.54 1.2364e-14   6400.23 1 
  6246.22 1.2921e-14   6402.98 1 
  6248.90 1.2086e-14   6405.73 1 
  6251.58 1.2814e-14   6408.48 1 
  6254.27 1.3854e-14   6411.23 1 
  6256.95 1.1150e-14   6413.98 1 
  6259.63 1.3360e-14   6416.73 1 
  6262.31 1.2756e-14   6419.48 1 
  6265.00 1.2317e-14   6422.23 1 
  6267.68 1.2803e-14   6424.98 1 
  6270.36 1.3497e-14   6427.73 1 
  6273.05 1.3397e-14   6430.48 1 
  6275.73 1.3458e-14   6433.23 1 
  6278.41 1.3434e-14   6435.98 1 
  6281.09 1.3432e-14   6438.73 1 
  6283.78 1.3041e-14   6441.48 1 
  6286.46 1.4522e-14   6444.23 1 
  6289.14 1.3740e-14   6446.98 1 
  6291.82 1.4237e-14   6449.73 1 
  6294.51 1.3622e-14   6452.48 1 
  6297.19 1.3938e-14   6455.23 1 
  6299.87 1.4316e-14   6457.98 1 
  6302.55 1.4677e-14   6460.73 1 
  6305.24 1.3838e-14   6463.48 1 
  6307.92 1.3405e-14   6466.23 1 
  6310.60 1.2445e-14   6468.98 1 
  6313.29 1.1966e-14   6471.73 1 
  6315.97 1.2651e-14   6474.48 1 
  6318.65 1.1939e-14   6477.23 1 
  6321.33 1.2742e-14   6479.98 1 
  6324.02 1.3031e-14   6482.73 1 
  6326.70 1.3555e-14   6485.48 1 
  6329.38 1.2848e-14   6488.23 1 
  6332.06 1.2953e-14   6490.98 1 
  6334.75 1.3145e-14   6493.73 1 
  6337.43 1.3535e-14   6496.48 1 
  6340.11 1.3076e-14   6499.23 1 
  6342.79 1.2490e-14   6501.98 1 
  6345.48 1.2155e-14   6504.73 1 
  6348.16 1.2738e-14   6507.48 1 
  6350.84 1.2702e-14   6510.23 1 
  6353.53 1.2909e-14   6512.98 1 
  6356.21 1.3109e-14   6515.73 1 
  6358.89 1.3134e-14   6518.48 1 
  6361.57 1.3547e-14   6521.23 1 
  6364.26 1.3316e-14   6523.98 1 
  6366.94 1.3331e-14   6526.73 1 
  6369.62 1.3849e-14   6529.48 1 
  6372.30 1.3311e-14   6532.23 1 
  6374.99 1.2059e-14   6534.98 1 
  6377.67 1.2356e-14   6537.73 1 
  6380.35 1.2869e-14   6540.48 1 
  6383.03 1.3055e-14   6543.23 1 
  6385.72 1.2457e-14   6545.98 1 
  6388.40 1.3623e-14   6548.73 1 
  6391.08 1.3760e-14   6551.48 1 
  6393.77 1.3096e-14   6554.23 1 
  6396.45 1.3113e-14   6556.98 1 
  6399.13 1.2879e-14   6559.73 1 
  6401.81 1.3777e-14   6562.48 1 
  6404.50 1.3702e-14   6565.23 1 
  6407.18 1.3192e-14   6567.98 1 
  6409.86 1.3214e-14   6570.73 1 
  6412.54 1.3629e-14   6573.48 1 
  6415.23 1.2652e-14   6576.23 1 
  6417.91 1.3428e-14   6578.98 1 
  6420.59 1.3010e-14   6581.73 1 
  6423.28 1.3632e-14   6584.48 1 
  6425.96 1.3034e-14   6587.23 1 
  6428.64 1.4064e-14   6589.98 1 
  6431.32 1.3806e-14   6592.73 1 
  6434.01 1.2171e-14   6595.48 1 
  6436.69 1.3458e-14   6598.23 1 
  6439.37 1.4313e-14   6600.98 1 
  6442.05 1.3873e-14   6603.73 1 
  6444.74 1.2570e-14   6606.48 1 
  6447.42 1.1846e-14   6609.23 1 
  6450.10 1.2859e-14   6611.98 1 
  6452.78 1.3482e-14   6614.73 1 
  6455.47 1.3660e-14   6617.48 1 
  6458.15 1.2989e-14   6620.23 1 
  6460.83 1.2838e-14   6622.98 1 
  6463.52 1.2940e-14   6625.73 1 
  6466.20 1.3343e-14   6628.48 1 
  6468.88 1.4347e-14   6631.23 1 
  6471.56 1.3745e-14   6633.98 1 
  6474.25 1.3878e-14   6636.73 1 
  6476.93 1.3182e-14   6639.48 1 
  6479.61 1.3422e-14   6642.23 1 
  6482.29 1.3421e-14   6644.98 1 
  6484.98 1.3818e-14   6647.73 1 
  6487.66 1.3057e-14   6650.48 1 
  6490.34 1.2762e-14   6653.23 1 
  6493.02 1.2575e-14   6655.98 1 
  6495.71 1.2616e-14   6658.73 1 
  6498.39 1.2680e-14   6661.48 1 
  6501.07 1.3342e-14   6664.23 1 
  6503.76 1.2496e-14   6666.98 1 
  6506.44 1.3465e-14   6669.73 1 
  6509.12 1.3224e-14   6672.48 1 
  6511.80 1.3757e-14   6675.23 1 
  6514.49 1.3407e-14   6677.98 1 
  6517.17 1.3048e-14   6680.73 1 
  6519.85 1.3075e-14   6683.48 1 
  6522.53 1.3894e-14   6686.23 1 
  6525.22 1.3376e-14   6688.98 1 
  6527.90 1.3278e-14   6691.73 1 
  6530.58 1.3233e-14   6694.48 1 
  6533.26 1.3053e-14   6697.23 1 
  6535.95 1.2813e-14   6699.98 1 
  6538.63 1.4352e-14   6702.73 1 
  6541.31 1.6076e-14   6705.48 1 
  6544.00 1.7557e-14   6708.23 1 
  6546.68 1.9183e-14   6710.98 1 
  6549.36 1.8742e-14   6713.73 1 
  6552.04 1.9526e-14   6716.48 1 
  6554.73 2.5327e-14   6719.23 1 
  6557.41 3.4528e-14   6721.98 1 
  6560.09 4.5607e-14   6724.73 1 
  6562.77 4.9245e-14   6727.48 1 
  6565.46 4.2227e-14   6730.23 1 
  6568.14 2.8568e-14   6732.98 1 
  6570.82 1.9458e-14   6735.73 1 
  6573.50 1.8013e-14   6738.48 1 
  6576.19 2.0004e-14   6741.23 1 
  6578.87 2.5737e-14   6743.98 1 
  6581.55 2.9548e-14   6746.73 1 
  6584.24 2.9450e-14   6749.48 1 
  6586.92 2.4702e-14   6752.23 1 
  6589.60 1.8796e-14   6754.98 1 
  6592.28 1.4979e-14   6757.73 1 
  6594.97 1.4124e-14   6760.48 1 
  6597.65 1.2961e-14   6763.23 1 
  6600.33 1.3151e-14   6765.98 1 
  6603.01 1.2545e-14   6768.73 1 
  6605.70 1.3815e-14   6771.48 1 
  6608.38 1.3935e-14   6774.23 1 
  6611.06 1.3277e-14   6776.98 1 
  6613.74 1.3543e-14   6779.73 1 
  6616.43 1.3698e-14   6782.48 1 
  6619.11 1.3204e-14   6785.23 1 
  6621.79 1.2768e-14   6787.98 1 
  6624.48 1.3572e-14   6790.73 1 
  6627.16 1.3433e-14   6793.48 1 
  6629.84 1.2328e-14   6796.23 1 
  6632.52 1.2279e-14   6798.98 1 
  6635.21 1.2482e-14   6801.73 1 
  6637.89 1.2945e-14   6804.48 1 
  6640.57 1.3464e-14   6807.23 1 
  6643.25 1.3142e-14   6809.98 1 
  6645.94 1.3067e-14   6812.73 1 
  6648.62 1.2544e-14   6815.48 1 
  6651.30 1.2222e-14   6818.23 1 
  6653.98 1.2268e-14   6820.98 1 
  6656.67 1.4166e-14   6823.73 1 
  6659.35 1.4161e-14   6826.48 1 
  6662.03 1.4415e-14   6829.23 1 
  6671.68 1.2918e-14   6839.12 0 
  6687.06 1.3036e-14   6854.88 0 
  6702.47 1.3034e-14   6870.68 0 
  6717.92 1.3092e-14   6886.52 0 
  6733.41 1.3000e-14   6902.40 0 
  6748.93 1.2938e-14   6918.31 0 
  6764.49 1.3177e-14   6934.26 0 
  6780.08 1.3145e-14   6950.24 0 
  6795.71 1.3082e-14   6966.26 0 
  6811.38 1.3050e-14   6982.33 0 
  6827.08 1.3048e-14   6998.42 0 
  6842.82 1.3197e-14   7014.55 0 
  6858.59 1.2925e-14   7030.72 0 
  6874.40 1.2923e-14   7046.93 0 
  6890.25 1.2597e-14   7063.18 0 
  6906.13 1.2859e-14   7079.46 0 
  6922.06 1.2887e-14   7095.78 0 
  6938.01 1.3124e-14   7112.14 0 
  6954.00 1.3062e-14   7128.53 0 
  6970.04 1.3211e-14   7144.96 0 
  6986.10 1.2499e-14   7161.43 0 
  7002.21 1.3177e-14   7177.94 0 
  7018.35 1.3084e-14   7194.49 0 
  7034.53 1.3022e-14   7211.08 0 
  7050.74 1.3508e-14   7227.70 0 
  7067.00 1.2692e-14   7244.36 0 
  7083.29 1.2986e-14   7261.06 0 
  7099.62 1.2428e-14   7277.80 0 
  7115.98 1.2483e-14   7294.57 0 
  7132.39 1.2424e-14   7311.39 0 
  7148.83 1.2450e-14   7328.25 0 
  7165.31 1.2506e-14   7345.14 0 
  7181.83 1.2276e-14   7362.07 0 
  7198.39 1.1884e-14   7379.04 0 
  7214.98 1.1746e-14   7396.05 0 
  7231.61 1.2498e-14   7413.10 0 
  7248.28 1.2467e-14   7430.19 0 
  7264.99 1.2933e-14   7447.32 0 
  7281.74 1.2520e-14   7464.49 0 
  7298.53 1.1982e-14   7481.70 0 
  7315.35 1.2574e-14   7498.94 0 
  7332.21 1.2688e-14   7516.23 0 
  7349.12 1.3315e-14   7533.56 0 
  7366.06 1.2979e-14   7550.92 0 
  7383.04 1.3158e-14   7568.33 0 
  7400.06 1.3035e-14   7585.78 0 
  7417.12 1.2795e-14   7603.26 0 
  7434.21 1.3396e-14   7620.79 0 
  7451.35 1.3028e-14   7638.36 0 
  7468.53 1.2907e-14   7655.97 0 
  7485.75 1.3297e-14   7673.61 0 
  7503.00 1.2814e-14   7691.30 0 
  7520.30 1.3140e-14   7709.04 0 
  7537.63 1.3259e-14   7726.81 0 
  7555.01 1.3349e-14   7744.62 0 
  7572.43 1.3285e-14   7762.47 0 
  7589.88 1.3344e-14   7780.37 0 
  7607.38 1.2860e-14   7798.30 0 
  7624.91 1.2798e-14   7816.28 0 
  7642.49 1.2855e-14   7834.30 0 
  7660.11 1.2589e-14   7852.36 0 
  7677.77 1.1693e-14   7870.46 0 
  7695.47 1.2469e-14   7888.60 0 
  7713.21 1.2381e-14   7906.79 0 
  7730.99 1.2379e-14   7925.01 0 
  7748.81 1.2492e-14   7943.28 0 
  7766.67 1.2318e-14   7961.59 0 
  7784.58 1.2259e-14   7979.95 0 
  7802.52 1.2399e-14   7998.34 0 
  7820.51 1.2540e-14   8016.78 0 
  7838.54 1.2168e-14   8035.26 0 
  7856.61 1.2507e-14   8053.78 0 
  7874.72 1.2621e-14   8072.35 0 
  7892.87 1.2503e-14   8090.96 0 
  7911.06 1.2357e-14   8109.61 0 
  7929.30 1.2158e-14   8128.31 0 
  7947.58 1.1934e-14   8147.04 0 
  7965.90 1.2097e-14   8165.82 0 
  7984.27 1.2377e-14   8184.65 0 
  8002.67 1.2065e-14   8203.52 0 
  8021.12 1.2401e-14   8222.43 0 
  8039.61 1.2600e-14   8241.38 0 
  8058.15 1.2396e-14   8260.38 0 
  8076.72 1.2280e-14   8279.42 0 
  8095.34 1.2449e-14   8298.51 0 
  8114.00 1.2447e-14   8317.64 0 
  8132.71 1.2676e-14   8336.81 0 
  8151.45 1.2328e-14   8356.03 0 
  8170.25 1.1663e-14   8375.29 0 
  8189.08 1.1932e-14   8394.60 0 
  8207.96 1.1605e-14   8413.95 0 
  8226.88 1.2461e-14   8433.35 0 
  8245.84 1.2517e-14   8452.79 0 
  8264.85 1.2117e-14   8472.27 0 
  8283.90 1.1839e-14   8491.80 0 
  8303.00 1.1974e-14   8511.38 0 
  8322.14 1.2251e-14   8531.00 0 
  8341.32 1.1778e-14   8550.67 0 
  8360.56 1.2388e-14   8570.38 0 
  8379.83 1.2244e-14   8590.14 0 
  8399.14 1.1826e-14   8609.94 0 
  8418.51 1.2352e-14   8629.79 0 
  8437.91 1.2350e-14   8649.68 0 
  8457.36 1.1765e-14   8669.62 0 
  8476.86 1.1233e-14   8689.60 0 
  8496.40 1.2034e-14   8709.64 0 
  8515.99 1.1976e-14   8729.71 0 
  8535.62 1.1674e-14   8749.84 0 
  8555.30 1.0284e-14   8770.01 0 
  8575.02 1.1969e-14   8790.23 0 
  8594.78 1.1803e-14   8810.49 0 
  8614.60 1.1692e-14   8830.80 0 
  8634.46 1.1907e-14   8851.16 0 
  8654.36 1.1769e-14   8871.56 0 
  8674.31 9.7417e-15   8892.01 0 
  8694.31 1.1496e-14   8912.51 0 
  8714.35 1.1654e-14   8933.05 0 
  8734.44 1.1895e-14   8953.65 0 
  8754.58 1.1676e-14   8974.29 0 
  8774.76 1.1513e-14   8994.98 0 
  8794.98 1.1888e-14   9015.71 0 
  8815.26 1.0376e-14   9036.50 0 
  8835.58 1.1559e-14   9057.33 0 
  8855.95 1.1637e-14   9078.20 0 
  8876.36 1.0709e-14   9099.13 0 
  8896.83 1.1342e-14   9120.11 0 
  8917.33 1.1497e-14   9141.13 0 
  8937.89 1.1181e-14   9162.20 0 
  8958.50 1.1179e-14   9183.33 0 
  8979.15 1.1049e-14   9204.50 0 
  8999.84 9.6433e-15   9225.71 0 
  9020.59 1.0331e-14   9246.98 0 
  9041.39 1.1562e-14   9268.30 0 
  9062.23 1.1884e-14   9289.66 0 
  9083.12 1.1165e-14   9311.08 0 
  9104.06 1.1266e-14   9332.54 0 
  9125.04 1.1447e-14   9354.06 0 
  9146.08 1.0342e-14   9375.62 0 
  9167.17 1.0678e-14   9397.23 0 
  9188.30 1.1077e-14   9418.90 0 
  9209.48 1.1332e-14   9440.61 0 
  9230.71 1.1304e-14   9462.37 0 
  9251.99 1.0993e-14   9484.18 0 
  9273.31 1.1221e-14   9506.05 0 
  9294.69 1.1039e-14   9527.96 0 
  9316.12 1.1294e-14   9549.93 0 
  9337.59 1.1318e-14   9571.94 0 
  9359.12 1.1289e-14   9594.01 0 
  9380.70 1.1132e-14   9616.12 0 
  9402.32 1.1053e-14   9638.29 0 
  9423.99 1.1282e-14   9660.51 0 
  9445.72 1.1150e-14   9682.78 0 
  9467.49 1.1303e-14   9705.10 0 
  9489.32 1.1275e-14   9727.47 0 
  9511.20 1.1092e-14   9749.90 0 
  9533.12 1.1089e-14   9772.37 0 
  9555.09 1.0735e-14   9794.90 0 
  9577.12 1.1034e-14   9817.48 0 
  9599.20 1.1185e-14   9840.11 0 
  9621.33 1.1105e-14   9862.79 0 
  9643.51 1.1001e-14   9885.53 0 
  9665.74 1.0973e-14   9908.32 0 
  9688.02 1.1047e-14   9931.16 0 
  9710.35 1.0918e-14   9954.05 0 
  9732.74 1.0840e-14   9977.00 0 
  9755.17 1.0788e-14  10000.00 0 
  9777.66 1.0810e-14  10023.05 0 
  9800.20 1.0709e-14  10046.15 0 
  9822.79 1.0781e-14  10069.31 0 
  9845.44 1.0803e-14  10092.53 0 
  9868.14 1.0726e-14  10115.80 0 
  9890.88 1.0699e-14  10139.12 0 
  9913.68 1.0623e-14  10162.49 0 
  9936.53 1.0669e-14  10185.91 0 
  9959.44 1.0667e-14  10209.39 0 
  9982.41 1.0616e-14  10232.94 0 
 10028.48 1.0538e-14  10280.17 0 
 10074.77 1.0364e-14  10327.61 0 
 10121.27 1.0504e-14  10375.28 0 
 10167.99 1.0378e-14  10423.18 0 
 10214.92 1.0397e-14  10471.29 0 
 10285.72 1.0366e-14  10543.86 0 
 10309.44 1.0316e-14  10568.18 0 
 10501.11 9.9757e-15  10764.65 0 
 10696.34 9.5927e-15  10964.78 0 
 10895.19 9.2245e-15  11168.63 0 
 11097.76 8.9113e-15  11376.28 0 
 11304.08 8.6885e-15  11587.78 0 
 11487.75 8.5890e-15  11776.06 0 
 11701.33 8.3357e-15  11994.99 0 
 11891.46 8.0713e-15  12189.90 0 
 12112.53 7.8875e-15  12416.52 0 
 12309.34 7.7436e-15  12618.27 0 
 12509.35 7.5499e-15  12823.30 0 
 12712.61 7.3611e-15  13031.66 0 
 12889.46 7.1935e-15  13212.95 0 
 13098.90 7.0622e-15  13427.64 0 
 13311.75 6.8698e-15  13645.84 0 
 13496.92 6.7444e-15  13835.66 0 
 13684.69 6.6213e-15  14028.13 0 
 13907.04 6.4260e-15  14256.07 0 
 14100.51 6.1936e-15  14454.39 0 
 14296.67 6.1086e-15  14655.47 0 
 14495.56 6.1227e-15  14859.35 0 
 14697.21 5.9421e-15  15066.07 0 
 14901.67 5.9696e-15  15275.66 0 
 15108.98 5.9696e-15  15488.17 0 
 15283.94 6.0387e-15  15667.52 0 
 15496.56 5.9833e-15  15885.48 0 
 15712.12 5.8877e-15  16106.45 0 
 15894.06 5.7140e-15  16292.96 0 
 16115.17 5.7272e-15  16519.62 0 
 16301.78 5.7009e-15  16710.91 0 
 16490.55 5.5968e-15  16904.42 0 
 16681.49 5.5328e-15  17100.14 0 
 16913.55 5.4193e-15  17338.03 0 
 17109.41 5.3081e-15  17538.80 0 
 17307.53 5.0926e-15  17741.90 0 
 17507.95 4.9653e-15  17947.34 0 
 17710.66 4.7857e-15  18155.15 0 
 17915.75 4.6339e-15  18365.38 0 
 18081.53 4.4355e-15  18535.32 0 
 18290.89 4.3246e-15  18749.94 0 
 18502.69 4.2067e-15  18967.05 0 
 18716.95 4.0359e-15  19186.69 0 
 18890.14 3.9350e-15  19364.23 0 
 19108.86 3.8543e-15  19588.44 0 
 19285.68 3.7320e-15  19769.70 0 
 19509.01 3.5887e-15  19998.62 0 
 19689.51 3.4909e-15  20183.66 0 
 19917.51 3.3880e-15  20417.38 0 
 20101.81 3.3338e-15  20606.30 0 
 20287.80 3.2206e-15  20796.96 0 
 20522.72 3.1765e-15  21037.78 0 
 20712.63 3.0970e-15  21232.45 0 
 20904.26 3.0265e-15  21428.90 0 
 21097.70 2.9644e-15  21627.19 0 
 21292.92 2.9036e-15  21827.31 0 
 21489.93 2.8375e-15  22029.26 0 
 21688.78 2.7475e-15  22233.11 0 
 21889.45 2.7036e-15  22438.81 0 
 22092.00 2.6299e-15  22646.44 0 
 22296.42 2.5582e-15  22856.00 0 
 22502.72 2.4923e-15  23067.47 0 
 22710.94 2.4060e-15  23280.92 0 
 22921.07 2.1574e-15  23496.32 0 
 23079.96 2.1261e-15  23659.20 0 
 23293.50 1.8623e-15  23878.10 0 
 23509.05 1.7476e-15  24099.05 0 
 23726.58 1.7487e-15  24322.05 0 
 23891.04 1.6037e-15  24490.63 0 
 24112.11 1.5390e-15  24717.25 0 
 24279.23 1.5119e-15  24888.57 0 
 24503.89 1.4011e-15  25118.87 0 
 24673.74 1.3696e-15  25292.97 0 
 24895.79 9.9432e-16  25520.60 2 
 24990.12 1.0239e-15  25617.30 2 
 25084.55 1.0625e-15  25714.10 2 
 25178.98 9.9735e-16  25810.90 2 
 25273.32 1.1166e-15  25907.60 2 
 25367.75 1.1264e-15  26004.40 2 
 25462.08 1.1215e-15  26101.10 2 
 25556.51 1.1388e-15  26197.90 2 
 25650.94 1.1738e-15  26294.70 2 
 25745.27 1.1613e-15  26391.40 2 
 25839.70 1.1929e-15  26488.20 2 
 25934.13 1.1753e-15  26585.00 2 
 26028.46 1.1340e-15  26681.70 2 
 26122.89 1.1445e-15  26778.50 2 
 26217.23 1.1145e-15  26875.20 2 
 26311.66 1.1211e-15  26972.00 2 
 26406.09 1.1201e-15  27068.80 2 
 26500.42 1.0920e-15  27165.50 2 
 26594.85 1.0874e-15  27262.30 2 
 26689.28 1.0752e-15  27359.10 2 
 26783.61 1.0575e-15  27455.80 2 
 26878.04 1.0961e-15  27552.60 2 
 26972.38 1.0694e-15  27649.30 2 
 27066.80 1.0973e-15  27746.10 2 
 27161.23 1.0759e-15  27842.90 2 
 27255.57 1.0413e-15  27939.60 2 
 27350.00 1.0240e-15  28036.40 2 
 27444.43 1.0204e-15  28133.20 2 
 27538.76 9.9136e-16  28229.90 2 
 27633.19 1.0181e-15  28326.70 2 
 27727.52 9.7116e-16  28423.40 2 
 27821.95 9.7230e-16  28520.20 2 
 27916.38 9.7399e-16  28617.00 2 
 28010.72 9.7655e-16  28713.70 2 
 28105.15 9.4533e-16  28810.50 2 
 28199.57 9.1629e-16  28907.30 2 
 28293.91 8.9514e-16  29004.00 2 
 28388.34 8.7653e-16  29100.80 2 
 28482.67 8.8635e-16  29197.50 2 
 28577.10 8.7494e-16  29294.30 2 
 28671.53 8.8959e-16  29391.10 2 
 28765.86 8.7761e-16  29487.80 2 
 28860.29 8.4502e-16  29584.60 2 
 28954.72 8.3249e-16  29681.40 2 
 29049.06 7.8623e-16  29778.10 2 
 29143.48 7.9435e-16  29874.90 2 
 29237.82 7.8715e-16  29971.60 2 
 29332.25 7.8017e-16  30068.40 2 
 29426.68 7.6071e-16  30165.20 2 
 29521.01 7.5963e-16  30261.90 2 
 29615.44 7.7140e-16  30358.70 2 
 29709.87 7.6800e-16  30455.50 2 
 29804.20 7.3961e-16  30552.20 2 
 29898.63 7.2387e-16  30649.00 2 
 29992.97 7.5712e-16  30745.70 2 
 30087.40 7.2664e-16  30842.50 2 
 30181.83 7.4408e-16  30939.30 2 
 30276.16 7.7519e-16  31036.00 2 
 30370.59 7.2323e-16  31132.80 2 
 30465.02 7.1311e-16  31229.60 2 
 30559.35 7.0592e-16  31326.30 2 
 30653.78 7.0122e-16  31423.10 2 
 30748.11 6.9136e-16  31519.80 2 
 30842.54 7.1455e-16  31616.60 2 
 30936.98 7.1456e-16  31713.40 2 
 31031.31 7.2078e-16  31810.10 2 
 31125.74 6.9135e-16  31906.90 2 
 31220.17 6.6463e-16  32003.70 2 
 31314.50 6.9857e-16  32100.40 2 
 31408.93 6.9953e-16  32197.20 2 
 31503.26 6.7370e-16  32293.90 2 
 31597.69 7.1857e-16  32390.70 2 
 31692.12 6.9346e-16  32487.50 2 
 31786.45 7.7247e-16  32584.20 2 
 31880.89 7.5223e-16  32681.00 2 
 31975.32 7.9526e-16  32777.80 2 
 32069.65 7.9390e-16  32874.50 2 
 32164.08 8.2273e-16  32971.30 2 
 32258.41 8.5190e-16  33068.00 2 
 32352.84 8.8466e-16  33164.80 2 
 32447.27 9.7215e-16  33261.60 2 
 32541.60 1.0130e-15  33358.30 2 
 32636.03 1.0366e-15  33455.10 2 
 32730.46 1.0201e-15  33551.90 2 
 32824.80 1.0588e-15  33648.60 2 
 32919.23 1.0579e-15  33745.40 2 
 33013.56 9.4645e-16  33842.10 2 
 33107.99 9.2090e-16  33938.90 2 
 33202.42 8.8044e-16  34035.70 2 
 33296.75 8.4565e-16  34132.40 2 
 33391.18 8.0544e-16  34229.20 2 
 33485.61 7.3333e-16  34326.00 2 
 33579.94 7.1067e-16  34422.70 2 
 33674.37 7.5961e-16  34519.50 2 
 33768.71 7.3600e-16  34616.20 2 
 33863.14 7.6771e-16  34713.00 2 
 33957.57 7.3671e-16  34809.80 2 
 34051.90 6.9210e-16  34906.50 2 
 34146.33 6.5507e-16  35003.30 2 
 34240.76 6.6854e-16  35100.10 2 
 34335.09 6.6928e-16  35196.80 2 
 34429.52 6.3744e-16  35293.60 2 
 34523.86 6.1399e-16  35390.30 2 
 34618.29 5.8933e-16  35487.10 2 
 34712.71 6.1486e-16  35583.90 2 
 34807.05 6.0904e-16  35680.60 2 
 34901.48 5.8555e-16  35777.40 2 
 34995.91 5.5560e-16  35874.20 2 
 35090.24 5.8378e-16  35970.90 2 
 35184.67 5.7600e-16  36067.70 2 
 35279.01 5.6787e-16  36164.40 2 
 35373.43 5.3173e-16  36261.20 2 
 35467.86 5.6409e-16  36358.00 2 
 35562.19 5.3862e-16  36454.70 2 
 35656.63 5.6312e-16  36551.50 2 
 35751.06 5.6580e-16  36648.30 2 
 35845.39 5.2740e-16  36745.00 2 
 35939.82 5.2088e-16  36841.80 2 
 36034.15 5.1504e-16  36938.50 2 
 36128.58 5.0605e-16  37035.30 2 
 36223.01 4.8725e-16  37132.10 2 
 36317.34 4.9537e-16  37228.80 2 
 36411.77 4.8779e-16  37325.60 2 
 36506.20 4.5947e-16  37422.40 2 
 36600.54 5.0315e-16  37519.10 2 
 36694.96 4.7623e-16  37615.90 2 
 36789.30 4.6623e-16  37712.60 2 
 36883.73 4.7649e-16  37809.40 2 
 36978.16 4.8706e-16  37906.20 2 
 37072.49 4.5594e-16  38002.90 2 
 37166.92 4.8207e-16  38099.70 2 
 37261.35 4.6858e-16  38196.50 2 
 37355.68 4.7885e-16  38293.20 2 
 37450.11 4.8303e-16  38390.00 2 
 37544.45 4.8775e-16  38486.70 2 
 37638.88 4.5895e-16  38583.50 2 
 37733.31 4.6927e-16  38680.30 2 
 37827.64 4.5967e-16  38777.00 2 
 37922.07 4.4258e-16  38873.80 2 
 38016.50 4.4671e-16  38970.60 2 
 38110.83 4.2248e-16  39067.30 2 
 38205.26 4.2781e-16  39164.10 2 
 38299.60 3.9448e-16  39260.80 2 
 38394.03 4.4349e-16  39357.60 2 
 38488.46 4.3638e-16  39454.40 2 
 38582.79 4.2912e-16  39551.10 2 
 38677.22 4.3454e-16  39647.90 2 
 38771.65 4.4005e-16  39744.70 2 
 38865.98 4.3715e-16  39841.40 2 
 38960.41 4.2882e-16  39938.20 2 
 39054.74 4.3012e-16  40034.90 2 
 39149.17 4.1479e-16  40131.70 2 
 39243.60 4.4355e-16  40228.50 2 
 39337.94 4.1155e-16  40325.20 2 
 39432.37 4.3639e-16  40422.00 2 
 39526.79 4.1016e-16  40518.80 2 
 39621.13 4.3470e-16  40615.50 2 
 39715.56 4.1796e-16  40712.30 2 
 39809.89 4.3233e-16  40809.00 2 
 39904.32 4.1679e-16  40905.80 2 
 39998.75 3.9034e-16  41002.60 2 
 40093.08 3.9082e-16  41099.30 2 
 40187.51 4.2788e-16  41196.10 2 
 40281.95 4.3996e-16  41292.90 2 
 40376.27 4.4803e-16  41389.60 2 
 40470.71 3.9750e-16  41486.40 2 
 40565.04 4.3114e-16  41583.10 2 
 40659.47 3.8493e-16  41679.90 2 
 40753.90 3.8430e-16  41776.70 2 
 40848.23 3.9679e-16  41873.40 2 
 40942.66 3.7611e-16  41970.20 2 
 41037.09 3.5859e-16  42067.00 2 
 41131.42 3.7102e-16  42163.70 2 
 41225.85 3.4383e-16  42260.50 2 
 41320.19 3.6277e-16  42357.20 2 
 41414.62 3.6926e-16  42454.00 2 
 41509.05 3.5531e-16  42550.80 2 
 41603.38 3.5454e-16  42647.50 2 
 41697.81 3.4984e-16  42744.30 2 
 41792.24 3.6188e-16  42841.10 2 
 41886.57 3.3627e-16  42937.80 2 
 41981.00 3.4053e-16  43034.60 2 
 42075.34 3.4498e-16  43131.30 2 
 42169.77 3.2635e-16  43228.10 2 
 42264.19 3.1689e-16  43324.90 2 
 42358.53 3.3451e-16  43421.60 2 
 42452.96 3.1073e-16  43518.40 2 
 42547.39 3.1482e-16  43615.20 2 
 42641.72 3.1665e-16  43711.90 2 
 42736.15 3.3060e-16  43808.70 2 
 42830.49 3.2082e-16  43905.40 2 
 42924.91 3.3415e-16  44002.20 2 
 43019.34 3.2320e-16  44099.00 2 
 43113.68 3.1960e-16  44195.70 2 
 43208.10 3.1216e-16  44292.50 2 
 43302.54 3.0394e-16  44389.30 2 
 43396.87 3.1361e-16  44486.00 2 
 43491.30 3.0617e-16  44582.80 2 
 43585.63 2.9489e-16  44679.50 2 
 43680.06 3.0332e-16  44776.30 2 
 43774.49 2.9346e-16  44873.10 2 
 43868.82 2.9704e-16  44969.80 2 
 43963.26 2.9305e-16  45066.60 2 
 44057.68 2.6221e-16  45163.40 2 
 44152.02 2.6614e-16  45260.10 2 
 44246.45 2.6925e-16  45356.90 2 
 44340.78 2.6145e-16  45453.60 2 
 44435.21 2.4427e-16  45550.40 2 
 44529.64 2.5637e-16  45647.20 2 
 44623.97 2.5402e-16  45743.90 2 
 44718.41 2.5210e-16  45840.70 2 
 44812.83 2.4592e-16  45937.50 2 
 44907.16 2.5921e-16  46034.20 2 
 45001.59 2.4607e-16  46131.00 2 
 45095.93 2.4570e-16  46227.70 2 
 45190.36 2.4415e-16  46324.50 2 
 45284.79 2.5075e-16  46421.30 2 
 45379.12 2.4151e-16  46518.00 2 
 45473.55 2.3007e-16  46614.80 2 
 45567.89 2.3153e-16  46711.50 2 
 45662.31 2.4568e-16  46808.30 2 
 45756.74 2.2520e-16  46905.10 2 
 45851.08 2.3554e-16  47001.80 2 
 45945.50 2.5328e-16  47098.60 2 
 46039.94 2.2752e-16  47195.40 2 
 46134.27 2.4547e-16  47292.10 2 
 46228.70 2.1778e-16  47388.90 2 
 46323.13 1.8998e-16  47485.70 2 
 46417.46 2.3806e-16  47582.40 2 
 46511.89 2.1953e-16  47679.20 2 
 46606.22 2.5343e-16  47775.90 2 
 46700.65 2.6919e-16  47872.70 2 
 46795.08 2.5847e-16  47969.50 2 
 46889.42 3.0655e-16  48066.20 2 
 46983.85 2.7138e-16  48163.00 2 
 47078.28 2.4460e-16  48259.80 2 
 47172.61 2.7653e-16  48356.50 2 
 47267.04 2.4705e-16  48453.30 2 
 47361.37 2.6800e-16  48550.00 2 
 47455.80 2.1975e-16  48646.80 2 
 47550.23 2.3008e-16  48743.60 2 
 47644.56 2.2679e-16  48840.30 2 
 47739.00 2.0948e-16  48937.10 2 
 47833.42 2.5263e-16  49033.90 2 
 47927.76 2.5007e-16  49130.60 2 
 48022.19 2.1780e-16  49227.40 2 
 48116.52 2.0828e-16  49324.10 2 
 48210.95 1.9716e-16  49420.90 2 
 48306.35 1.9407e-16  49518.70 2 
 48789.42 1.8761e-16  50013.89 0 
 49277.31 1.8109e-16  50514.03 0 
 49770.09 1.7450e-16  51019.17 0 
 50267.79 1.6784e-16  51529.36 0 
 50770.47 1.6112e-16  52044.65 0 
 50895.18 1.5945e-16  52172.50 3 
 51190.18 1.8977e-16  52474.90 3 
 51485.18 1.4775e-16  52777.30 3 
 51780.17 1.9318e-16  53079.70 3 
 52075.17 2.2240e-16  53382.10 3 
 52370.27 2.6904e-16  53684.60 3 
 52665.26 2.8357e-16  53987.00 3 
 52960.25 2.1670e-16  54289.40 3 
 53255.25 2.1360e-16  54591.80 3 
 53550.25 2.2957e-16  54894.20 3 
 53845.34 1.9798e-16  55196.70 3 
 54140.34 1.9966e-16  55499.10 3 
 54435.34 1.9131e-16  55801.50 3 
 54730.34 2.1072e-16  56103.90 3 
 55025.33 2.1565e-16  56406.30 3 
 55320.42 2.2901e-16  56708.80 3 
 55615.42 2.2238e-16  57011.20 3 
 55910.41 2.4252e-16  57313.60 3 
 56205.41 3.0998e-16  57616.00 3 
 56500.41 3.0630e-16  57918.40 3 
 56795.51 3.0774e-16  58220.90 3 
 57090.50 3.4753e-16  58523.30 3 
 57385.50 3.4293e-16  58825.70 3 
 57680.49 3.0268e-16  59128.10 3 
 57975.49 2.9818e-16  59430.50 3 
 58270.58 2.9253e-16  59733.00 3 
 58565.58 2.8691e-16  60035.40 3 
 58860.58 2.8285e-16  60337.80 3 
 59155.58 3.0945e-16  60640.20 3 
 59450.57 3.1812e-16  60942.60 3 
 59745.66 3.4781e-16  61245.10 3 
 60040.66 4.0628e-16  61547.50 3 
 60335.65 4.4487e-16  61849.90 3 
 60630.65 4.6866e-16  62152.30 3 
 60925.65 4.9511e-16  62454.70 3 
 61220.75 6.3355e-16  62757.20 3 
 61515.74 8.4606e-16  63059.60 3 
 61810.74 1.2414e-15  63362.00 3 
 62105.73 1.4678e-15  63664.40 3 
 62400.73 1.3678e-15  63966.80 3 
 62695.82 1.1752e-15  64269.30 3 
 62990.82 9.5528e-16  64571.70 3 
 63285.82 8.2323e-16  64874.10 3 
 63580.81 7.0485e-16  65176.50 3 
 63875.81 6.1797e-16  65478.90 3 
 64170.90 5.6545e-16  65781.40 3 
 64465.90 5.0488e-16  66083.80 3 
 64760.89 4.7178e-16  66386.20 3 
 65055.89 4.4669e-16  66688.60 3 
 65350.89 4.2985e-16  66991.00 3 
 65645.98 4.4392e-16  67293.50 3 
 65940.98 4.4275e-16  67595.90 3 
 66235.98 4.5375e-16  67898.30 3 
 66530.97 4.6542e-16  68200.70 3 
 66825.97 4.4602e-16  68503.10 3 
 67121.06 4.4396e-16  68805.60 3 
 67416.06 4.3879e-16  69108.00 3 
 67711.05 4.4020e-16  69410.40 3 
 68006.06 4.4364e-16  69712.80 3 
 68301.05 4.4019e-16  70015.20 3 
 68596.15 4.5564e-16  70317.70 3 
 68891.14 4.9727e-16  70620.10 3 
 69186.14 5.3241e-16  70922.50 3 
 69481.13 5.7277e-16  71224.90 3 
 69776.13 6.9242e-16  71527.30 3 
 70071.22 6.9906e-16  71829.80 3 
 70366.22 6.0409e-16  72132.20 3 
 70661.22 5.7853e-16  72434.60 3 
 70956.21 6.1281e-16  72737.00 3 
 71251.21 6.1672e-16  73039.40 3 
 71546.30 6.3021e-16  73341.90 3 
 71841.30 6.5449e-16  73644.30 3 
 72136.30 6.4080e-16  73946.70 3 
 72431.29 6.4514e-16  74249.10 3 
 72726.29 7.7109e-16  74551.50 3 
 73021.38 7.6508e-16  74854.00 3 
 73316.38 8.2582e-16  75156.40 3 
 73611.37 8.6401e-16  75458.80 3 
 73906.37 9.0643e-16  75761.20 3 
 74496.36 1.2100e-15  76366.00 3 
 75086.45 1.4169e-15  76970.90 3 
 75676.44 1.6455e-15  77575.70 3 
 76266.44 1.7287e-15  78180.50 3 
 76856.53 1.6511e-15  78785.40 3 
 77446.53 1.5661e-15  79390.20 3 
 78036.62 1.5275e-15  79995.10 3 
 78626.61 1.4365e-15  80599.90 3 
 79216.60 1.2576e-15  81204.70 3 
 79806.69 1.0963e-15  81809.59 3 
 80396.68 9.7033e-16  82414.40 3 
 80986.68 8.4296e-16  83019.20 3 
 81576.76 7.6341e-16  83624.09 3 
 82166.76 7.1520e-16  84228.90 3 
 82756.75 7.2486e-16  84833.70 3 
 83346.85 7.1238e-16  85438.60 3 
 83936.84 6.9662e-16  86043.40 3 
 84526.93 7.1657e-16  86648.30 3 
 85116.92 7.6264e-16  87253.10 3 
 85706.92 7.7073e-16  87857.91 3 
 86297.01 7.3470e-16  88462.80 3 
 86887.00 6.3874e-16  89067.60 3 
 87477.00 5.0814e-16  89672.41 3 
 88067.08 4.0542e-16  90277.30 3 
 88657.07 3.3917e-16  90882.10 3 
 89247.06 2.8794e-16  91486.90 3 
 89837.15 2.5905e-16  92091.80 3 
 90427.15 2.3400e-16  92696.60 3 
 91017.24 2.1582e-16  93301.50 3 
 91607.23 1.8831e-16  93906.30 3 
 92197.23 1.8157e-16  94511.10 3 
 92787.31 1.6733e-16  95115.99 3 
 93377.31 1.7858e-16  95720.80 3 
 93967.30 1.5331e-16  96325.60 3 
 94557.39 1.5249e-16  96930.50 3 
 95147.38 1.4518e-16  97535.30 3 
 95737.37 1.5218e-16  98140.09 3 
 96327.47 1.6511e-16  98745.00 3 
 96917.47 1.5261e-16  99349.80 3 
 97507.56 1.4455e-16  99954.70 3 
 98097.55 1.3235e-16 100559.50 3 
 98687.54 1.1966e-16 101164.30 3 
 99277.63 1.2751e-16 101769.20 3 
 99867.62 1.3250e-16 102374.00 3 
100457.62 1.3594e-16 102978.80 3 
101047.70 1.3938e-16 103583.70 3 
101637.70 1.2594e-16 104188.50 3 
102227.69 1.1708e-16 104793.30 3 
102817.78 1.2438e-16 105398.20 3 
103407.78 1.3840e-16 106003.00 3 
103997.87 1.4134e-16 106607.91 3 
104587.85 1.4258e-16 107212.70 3 
105177.85 1.5908e-16 107817.50 3 
105767.95 1.6694e-16 108422.41 3 
106357.94 1.7103e-16 109027.20 3 
106947.93 1.6751e-16 109632.00 3 
107538.02 1.7432e-16 110236.90 3 
108128.01 1.6731e-16 110841.70 3 
108718.01 1.8088e-16 111446.51 3 
109308.09 2.0416e-16 112051.40 3 
109898.09 2.5497e-16 112656.20 3 
110488.18 2.9325e-16 113261.10 3 
111078.17 3.4692e-16 113865.90 3 
111668.17 5.5042e-16 114470.70 3 
112258.26 7.3807e-16 115075.60 3 
112848.25 7.2621e-16 115680.40 3 
113438.24 5.9510e-16 116285.20 3 
114028.32 4.8215e-16 116890.09 3 
114618.32 3.9949e-16 117494.90 3 
115208.31 3.3410e-16 118099.70 3 
115798.40 2.9908e-16 118704.59 3 
116388.40 2.7544e-16 119309.40 3 
116978.50 2.6480e-16 119914.30 3 
117568.49 2.6936e-16 120519.10 3 
118158.48 2.6275e-16 121123.90 3 
118748.57 2.7119e-16 121728.80 3 
119338.56 2.9240e-16 122333.60 3 
119928.56 3.0036e-16 122938.41 3 
120518.64 2.8840e-16 123543.30 3 
121108.64 2.8355e-16 124148.10 3 
121698.64 2.7323e-16 124752.91 3 
122288.72 2.8529e-16 125357.80 3 
122878.71 3.0543e-16 125962.60 3 
123468.80 3.1807e-16 126567.50 3 
124058.79 3.2452e-16 127172.30 3 
124648.79 3.3869e-16 127777.10 3 
125238.88 3.5916e-16 128382.00 3 
125828.87 3.8553e-16 128986.80 3 
126418.87 3.9966e-16 129591.60 3 
127008.96 4.2114e-16 130196.51 3 
127598.95 4.9462e-16 130801.30 3 
128188.94 5.8920e-16 131406.09 3 
128779.03 4.3261e-16 132011.00 3 
129369.02 2.7318e-16 132615.80 3 
129959.01 2.4038e-16 133220.59 3 
130549.11 2.2620e-16 133825.50 3 
131139.10 2.1519e-16 134430.30 3 
131729.20 2.1538e-16 135035.20 3 
132319.19 2.1050e-16 135640.00 3 
132909.18 2.1047e-16 136244.80 3 
133499.27 2.1134e-16 136849.70 3 
134089.26 2.0773e-16 137454.50 3 
134679.25 2.0592e-16 138059.30 3 
135269.35 2.1116e-16 138664.20 3 
135859.34 2.0843e-16 139269.00 3 
136449.33 2.0712e-16 139873.80 3 
137039.42 1.9455e-16 140478.70 3 
137629.41 1.8985e-16 141083.50 3 
138219.51 1.9027e-16 141688.41 3 
138809.50 1.8034e-16 142293.20 3 
139399.49 1.7385e-16 142898.00 3 
139989.59 1.8241e-16 143502.91 3 
140579.58 1.7804e-16 144107.70 3 
141169.57 1.7713e-16 144712.50 3 
142205.17 1.8994e-16 145774.09 3 
143031.25 1.9766e-16 146620.91 3 
143857.32 1.8594e-16 147467.70 3 
144683.38 1.6636e-16 148314.50 3 
145509.35 1.6050e-16 149161.20 3 
146335.42 1.5107e-16 150008.00 3 
147161.49 1.5281e-16 150854.80 3 
147987.46 1.5225e-16 151701.50 3 
148813.52 1.5072e-16 152548.30 3 
149639.59 1.4841e-16 153395.09 3 
150465.56 1.4587e-16 154241.80 3 
151291.63 1.4278e-16 155088.59 3 
152117.71 1.4494e-16 155935.41 3 
152943.68 1.4237e-16 156782.11 3 
153769.75 1.4456e-16 157628.91 3 
154595.81 1.5325e-16 158475.70 3 
155421.77 1.9582e-16 159322.39 3 
156247.85 1.9667e-16 160169.20 3 
157073.92 1.4571e-16 161016.00 3 
157899.98 1.4873e-16 161862.80 3 
158725.95 1.4730e-16 162709.50 3 
159552.04 1.4470e-16 163556.31 3 
160378.08 1.4410e-16 164403.09 3 
161204.07 1.4399e-16 165249.81 3 
162030.12 1.5267e-16 166096.59 3 
162856.19 1.7000e-16 166943.39 3 
163682.18 1.8640e-16 167790.11 3 
164508.23 2.0814e-16 168636.89 3 
165334.31 1.9424e-16 169483.70 3 
166160.27 1.8048e-16 170330.39 3 
166986.35 1.8058e-16 171177.20 3 
167812.41 1.7738e-16 172024.00 3 
168638.37 1.8055e-16 172870.69 3 
169464.45 2.0167e-16 173717.50 3 
170290.52 2.3412e-16 174564.30 3 
171116.58 2.0417e-16 175411.09 3 
171942.55 1.8575e-16 176257.80 3 
172768.63 1.8218e-16 177104.61 3 
173594.68 1.8170e-16 177951.39 3 
174420.67 1.7053e-16 178798.11 3 
175246.74 1.5577e-16 179644.91 3 
176072.80 1.4567e-16 180491.70 3 
176898.78 1.4098e-16 181338.41 3 
177724.83 1.4525e-16 182185.19 3 
178550.91 1.3926e-16 183032.00 3 
179376.88 1.4236e-16 183878.70 3 
180202.95 1.2957e-16 184725.50 3 
181029.01 1.2675e-16 185572.30 3 
181854.97 1.2587e-16 186418.98 3 
182681.05 1.2251e-16 187265.80 3 
183507.13 1.2384e-16 188112.61 3 
184333.20 1.2657e-16 188959.41 3 
185159.15 1.3187e-16 189806.09 3 
185985.23 1.3951e-16 190652.91 3 
186811.28 1.8205e-16 191499.69 3 
187637.27 1.8728e-16 192346.41 3 
188463.34 1.4083e-16 193193.20 3 
189289.40 1.4085e-16 194040.00 3 
190115.38 1.3324e-16 194886.70 3 
190941.46 1.3458e-16 195733.52 3 
191767.51 1.3620e-16 196580.30 3 
192593.48 1.3327e-16 197427.00 3 
193419.55 1.3289e-16 198273.80 3 
194245.61 1.3559e-16 199120.59 3 
195071.60 1.3561e-16 199967.31 3 
195897.65 1.3668e-16 200814.09 3 
196723.73 1.3757e-16 201660.91 3 
197549.80 1.3849e-16 202507.70 3 
198375.75 1.3577e-16 203354.39 3 
199201.83 1.4176e-16 204201.20 3 
200853.87 1.3709e-16 205894.70 3 
202506.00 1.4559e-16 207588.30 3 
204158.06 1.4704e-16 209281.81 3 
205810.08 1.5361e-16 210975.30 3 
207462.21 1.5814e-16 212668.89 3 
209114.25 1.5839e-16 214362.39 3 
210766.40 1.6047e-16 216056.00 3 
212418.43 1.6398e-16 217749.50 3 
214070.47 1.6673e-16 219443.00 3 
215722.62 1.6962e-16 221136.61 3 
217374.66 1.7363e-16 222830.11 3 
219026.68 1.7617e-16 224523.59 3 
220678.81 1.8181e-16 226217.19 3 
222330.87 1.8166e-16 227910.70 3 
223983.00 1.8700e-16 229604.30 3 
225635.03 1.8956e-16 231297.80 3 
227287.07 1.9184e-16 232991.30 3 
228939.22 1.9740e-16 234684.91 3 
230591.26 2.0217e-16 236378.41 3 
232243.30 2.0750e-16 238071.91 3 
233895.41 2.1440e-16 239765.48 3 
235547.47 2.1814e-16 241459.00 3 
237199.60 2.2178e-16 243152.59 3 
238851.63 2.2942e-16 244846.09 3 
240503.67 2.3488e-16 246539.59 3 
242155.82 2.4188e-16 248233.20 3 
243807.86 2.4962e-16 249926.70 3 
245459.90 2.5218e-16 251620.20 3 
247112.04 2.5527e-16 253313.81 3 
248764.08 2.6100e-16 255007.31 3 
250416.20 2.6738e-16 256700.89 3 
252068.23 2.6972e-16 258394.39 3 
253720.27 2.7239e-16 260087.89 3 
255372.42 2.7581e-16 261781.50 3 
257024.46 2.9057e-16 263475.00 3 
258676.50 3.1416e-16 265168.50 3 
260328.63 3.1395e-16 266862.09 3 
261980.67 3.0203e-16 268555.59 3 
263632.80 2.9850e-16 270249.19 3 
265284.83 3.0676e-16 271942.69 3 
266936.90 3.1415e-16 273636.22 3 
268589.03 3.2258e-16 275329.81 3 
270241.04 3.2554e-16 277023.28 3 
271893.08 3.2889e-16 278716.78 3 
273545.24 3.3099e-16 280410.41 3 
275197.28 3.3962e-16 282103.91 3 
276849.41 3.4375e-16 283797.50 3 
278501.45 3.5028e-16 285491.00 3 
280153.49 3.5639e-16 287184.50 3 
281805.62 3.6213e-16 288878.09 3 
283457.66 3.6801e-16 290571.59 3 
285109.70 3.7154e-16 292265.09 3 
286761.83 3.8036e-16 293958.69 3 
288413.86 3.8416e-16 295652.19 3 
290065.99 3.8753e-16 297345.78 3 
291718.06 3.9498e-16 299039.31 3 
293370.10 4.0022e-16 300732.81 3 
295022.23 4.0461e-16 302426.41 3 
296674.27 4.0701e-16 304119.91 3 
298326.31 4.0751e-16 305813.41 3 
299978.44 4.1780e-16 307507.00 3 
301630.48 4.2292e-16 309200.50 3 
303282.61 4.2391e-16 310894.09 3 
304934.65 4.2411e-16 312587.59 3 
306586.69 4.3456e-16 314281.09 3 
308238.82 4.4557e-16 315974.69 3 
309890.89 4.4676e-16 317668.22 3 
311542.93 4.4468e-16 319361.72 3 
313195.06 4.4931e-16 321055.31 3 
314847.06 4.5995e-16 322748.78 3 
316499.23 4.6753e-16 324442.41 3 
318151.26 4.6987e-16 326135.91 3 
319803.30 4.6914e-16 327829.41 3 
321455.43 4.7303e-16 329523.00 3 
323107.47 4.8822e-16 331216.50 3 
324759.51 5.0247e-16 332910.00 3 
326411.67 5.1115e-16 334603.62 3 
328063.71 4.9743e-16 336297.12 3 
329715.81 5.1510e-16 337990.69 3 
331367.85 5.2403e-16 339684.19 3 
333019.92 5.2803e-16 341377.72 3 
334672.02 5.3953e-16 343071.28 3 
336324.06 5.2178e-16 344764.78 3 
337976.10 5.2237e-16 346458.28 3 
339628.26 5.4038e-16 348151.91 3 
341280.26 5.3687e-16 349845.38 3 
