# An Atlas of Galaxy Spectral Energy Distributions from the Ultraviolet to the Mid-Infrared
# Brown et al. (2014)
# http://dx.doi.org/10.5072/03/529D3551F0117
# 
# Column 1 : Restframe Wavelength (Angstrom)
# Column 2 : Flux per unit wavelength (ergs/s/cm^2/Angstrom)
# Column 3 : Observed wavelength (Angstrom)
# Column 4 : Source (0 = model, 1 = Optical Spectrum, 2 = Akari, 3 = Spitzer IRS)
# 
   102.01 9.6579e-29    105.20 0 
   103.91 1.5120e-28    107.15 0 
   106.08 2.4055e-28    109.40 0 
   108.05 3.8803e-28    111.43 0 
   110.06 7.0717e-28    113.50 0 
   113.93 1.5627e-27    117.49 0 
   117.94 3.1492e-27    121.62 0 
   120.96 1.7048e-26    124.74 0 
   124.92 3.0904e-26    128.82 0 
   126.95 3.9872e-26    130.92 0 
   128.13 4.6075e-26    132.13 0 
   131.11 6.5609e-26    135.21 0 
   132.02 8.4685e-26    136.14 0 
   133.86 1.0532e-25    138.04 0 
   136.98 1.7059e-25    141.25 0 
   139.84 2.3306e-25    144.21 0 
   143.10 7.9969e-25    147.57 0 
   147.11 2.4112e-24    151.71 0 
   150.88 3.4245e-24    155.60 0 
   155.11 4.8292e-24    159.96 0 
   159.09 6.7794e-24    164.06 0 
   162.05 8.5840e-24    167.11 0 
   165.82 1.1804e-23    171.00 0 
   170.08 1.5751e-23    175.39 0 
   172.84 1.9581e-23    178.24 0 
   176.87 2.5654e-23    182.39 0 
   180.15 3.1159e-23    185.78 0 
   181.82 3.5342e-23    187.50 0 
   186.06 4.5245e-23    191.87 0 
   190.83 6.0918e-23    196.79 0 
   193.93 7.2813e-23    199.99 0 
   197.99 9.0471e-23    204.17 0 
   202.14 1.1241e-22    208.45 0 
   204.95 1.3162e-22    211.35 0 
   210.21 1.6121e-22    216.77 0 
   216.10 2.2407e-22    222.84 0 
   220.11 2.7020e-22    226.99 0 
   223.17 3.0560e-22    230.14 0 
   226.80 3.6603e-22    233.88 0 
   229.96 5.6490e-22    237.14 0 
   234.23 9.4672e-22    241.55 0 
   240.24 1.4164e-21    247.74 0 
   245.84 1.5966e-21    253.51 0 
   252.14 2.0281e-21    260.02 0 
   256.83 1.9646e-21    264.85 0 
   259.80 2.4646e-21    267.92 0 
   264.02 2.8709e-21    272.27 0 
   268.93 3.2595e-21    277.33 0 
   273.93 3.6666e-21    282.49 0 
   279.03 4.1056e-21    287.74 0 
   284.21 4.6180e-21    293.09 0 
   290.16 5.0281e-21    299.23 0 
   296.24 5.7854e-21    305.49 0 
   301.05 6.2730e-21    310.46 0 
   308.07 7.2985e-21    317.69 0 
   318.16 8.9215e-21    328.10 0 
   327.83 1.0586e-20    338.06 0 
   337.79 1.2329e-20    348.34 0 
   348.05 1.4161e-20    358.92 0 
   356.98 1.6162e-20    368.13 0 
   366.14 1.8700e-20    377.57 0 
   374.67 2.0811e-20    386.37 0 
   385.16 2.2459e-20    397.19 0 
   395.04 2.6400e-20    407.38 0 
   405.18 3.0113e-20    417.83 0 
   413.66 3.2750e-20    426.58 0 
   422.32 3.4643e-20    435.51 0 
   430.17 3.6998e-20    443.61 0 
   441.21 4.1510e-20    454.99 0 
   451.49 4.4798e-20    465.59 0 
   459.88 4.7066e-20    474.24 0 
   469.51 5.0807e-20    484.17 0 
   480.45 5.5704e-20    495.45 0 
   490.51 5.7678e-20    505.82 0 
   499.63 6.4167e-20    515.23 0 
   506.58 7.0796e-20    522.40 0 
   512.44 1.5063e-19    528.45 0 
   519.57 1.6656e-19    535.80 0 
   530.45 1.8686e-19    547.02 0 
   540.31 1.9171e-19    557.19 0 
   550.36 2.9359e-19    567.54 0 
   560.59 3.7222e-19    578.10 0 
   569.70 4.5610e-19    587.49 0 
   580.29 4.5713e-19    598.41 0 
   589.72 6.2263e-19    608.13 0 
   600.68 7.0327e-19    619.44 0 
   610.44 8.9174e-19    629.51 0 
   620.36 1.0698e-18    639.73 0 
   630.44 1.2398e-18    650.13 0 
   640.69 1.2983e-18    660.69 0 
   649.60 1.5909e-18    669.88 0 
   658.64 1.8149e-18    679.20 0 
   664.73 1.9709e-18    685.49 0 
   675.53 2.0443e-18    696.63 0 
   684.93 2.1315e-18    706.32 0 
   694.46 2.9840e-18    716.14 0 
   705.74 2.9962e-18    727.78 0 
   715.56 3.7378e-18    737.90 0 
   725.51 4.0609e-18    748.17 0 
   735.61 4.3712e-18    758.58 0 
   745.84 5.2426e-18    769.13 0 
   754.48 5.8588e-18    778.04 0 
   764.97 6.4966e-18    788.86 0 
   775.61 7.3541e-18    799.83 0 
   784.59 8.2357e-18    809.10 0 
   795.51 8.8813e-18    820.35 0 
   804.72 9.5850e-18    829.85 0 
   815.91 1.0240e-17    841.40 0 
   825.36 1.1704e-17    851.14 0 
   834.92 9.6022e-18    860.99 0 
   844.59 1.3013e-17    870.96 0 
   854.37 1.3751e-17    881.05 0 
   864.26 1.5321e-17    891.25 0 
   874.27 1.6989e-17    901.57 0 
   884.39 1.9189e-17    912.01 0 
   894.63 2.0792e-17    922.57 0 
   904.99 2.0975e-17    933.25 0 
   915.47 3.6098e-17    944.06 0 
   923.94 2.9559e-16    952.80 0 
   934.64 6.7671e-16    963.83 0 
   945.46 1.3617e-15    974.99 0 
   954.21 2.0521e-15    984.01 0 
   965.26 2.2173e-15    995.41 0 
   974.19 3.1110e-16   1004.62 0 
   985.47 1.7197e-15   1016.25 0 
   994.59 2.0159e-15   1025.65 0 
  1006.11 3.3033e-15   1037.53 0 
  1015.42 3.3182e-15   1047.13 0 
  1024.81 1.4482e-15   1056.82 0 
  1034.30 2.1915e-15   1066.60 0 
  1043.87 4.7493e-15   1076.47 0 
  1055.95 4.7309e-15   1088.93 0 
  1065.72 3.5462e-15   1099.01 0 
  1075.59 4.4623e-15   1109.18 0 
  1085.54 3.3521e-15   1119.44 0 
  1095.58 4.8871e-15   1129.80 0 
  1105.72 4.7617e-15   1140.25 0 
  1115.95 4.5231e-15   1150.80 0 
  1126.28 4.0465e-15   1161.45 0 
  1134.08 5.5629e-15   1169.50 0 
  1144.58 5.0222e-15   1180.32 0 
  1155.17 5.5393e-15   1191.24 0 
  1165.86 5.7674e-15   1202.26 0 
  1173.94 3.8028e-15   1210.60 0 
  1184.80 5.7224e-15   1221.80 0 
  1195.76 3.5729e-15   1233.11 0 
  1204.05 2.3882e-15   1241.65 0 
  1215.19 1.8342e-15   1253.14 0 
  1223.62 3.9670e-15   1261.83 0 
  1234.94 6.4979e-15   1273.50 0 
  1246.36 7.2619e-15   1285.29 0 
  1255.00 6.8546e-15   1294.20 0 
  1263.70 5.7398e-15   1303.17 0 
  1275.40 7.9448e-15   1315.22 0 
  1284.24 8.4907e-15   1324.34 0 
  1296.12 6.2670e-15   1336.60 0 
  1305.10 6.2211e-15   1345.86 0 
  1314.15 8.3494e-15   1355.19 0 
  1326.31 7.9738e-15   1367.73 0 
  1335.50 6.8140e-15   1377.21 0 
  1344.76 8.6918e-15   1386.76 0 
  1354.08 8.4293e-15   1396.37 0 
  1363.47 7.3527e-15   1406.05 0 
  1376.08 7.8938e-15   1419.06 0 
  1385.62 8.0332e-15   1428.89 0 
  1395.23 6.9897e-15   1438.80 0 
  1404.90 7.3115e-15   1448.77 0 
  1414.64 7.4221e-15   1458.81 0 
  1424.44 7.7986e-15   1468.93 0 
  1434.32 7.7354e-15   1479.11 0 
  1440.94 8.2943e-15   1485.94 0 
  1447.59 8.4929e-15   1492.79 0 
  1454.27 8.2097e-15   1499.69 0 
  1464.35 7.4766e-15   1510.08 0 
  1474.50 7.5172e-15   1520.55 0 
  1484.72 7.7513e-15   1531.09 0 
  1495.01 7.9738e-15   1541.70 0 
  1505.38 7.4631e-15   1552.39 0 
  1512.32 6.4875e-15   1559.55 0 
  1515.81 7.1145e-15   1563.15 0 
  1526.32 6.7974e-15   1573.98 0 
  1533.36 5.7870e-15   1581.25 0 
  1543.99 6.6007e-15   1592.21 0 
  1554.69 6.2044e-15   1603.25 0 
  1565.47 6.3062e-15   1614.36 0 
  1576.32 6.7578e-15   1625.55 0 
  1583.60 7.2246e-15   1633.05 0 
  1594.58 7.3755e-15   1644.37 0 
  1605.63 7.2733e-15   1655.77 0 
  1616.76 7.3559e-15   1667.25 0 
  1624.22 6.8953e-15   1674.94 0 
  1635.48 7.4370e-15   1686.55 0 
  1646.82 7.5544e-15   1698.24 0 
  1654.42 6.9350e-15   1706.08 0 
  1665.88 7.6698e-15   1717.91 0 
  1673.57 6.6925e-15   1725.84 0 
  1677.43 7.6292e-15   1729.82 0 
  1685.17 8.0957e-15   1737.80 0 
  1696.86 7.5489e-15   1749.85 0 
  1704.69 7.2046e-15   1757.92 0 
  1716.50 6.7014e-15   1770.11 0 
  1724.43 6.6811e-15   1778.28 0 
  1736.38 7.1834e-15   1790.61 0 
  1744.40 7.0139e-15   1798.87 0 
  1756.49 7.5572e-15   1811.34 0 
  1764.59 6.8539e-15   1819.70 0 
  1776.83 7.0027e-15   1832.31 0 
  1785.03 7.1745e-15   1840.77 0 
  1793.27 7.7320e-15   1849.27 0 
  1805.70 7.7003e-15   1862.09 0 
  1814.03 6.9495e-15   1870.68 0 
  1826.61 7.1627e-15   1883.65 0 
  1835.04 6.8307e-15   1892.34 0 
  1843.51 6.2206e-15   1901.08 0 
  1856.29 6.1494e-15   1914.26 0 
  1864.85 6.3553e-15   1923.09 0 
  1873.46 7.0699e-15   1931.97 0 
  1886.45 6.3721e-15   1945.36 0 
  1895.16 6.0603e-15   1954.34 0 
  1903.90 6.5116e-15   1963.36 0 
  1917.10 6.1577e-15   1976.97 0 
  1925.95 6.0749e-15   1986.10 0 
  1934.84 6.3625e-15   1995.26 0 
  1943.77 6.5267e-15   2004.47 0 
  1957.24 6.0289e-15   2018.37 0 
  1966.28 6.7024e-15   2027.68 0 
  1975.35 6.9214e-15   2037.04 0 
  1984.47 6.4584e-15   2046.45 0 
  1993.63 6.2378e-15   2055.89 0 
  2002.83 6.4848e-15   2065.38 0 
  2016.72 6.1538e-15   2079.70 0 
  2026.03 6.5454e-15   2089.30 0 
  2035.38 6.0631e-15   2098.94 0 
  2044.77 6.3302e-15   2108.63 0 
  2054.21 6.0132e-15   2118.36 0 
  2063.69 6.0223e-15   2128.14 0 
  2073.22 6.4474e-15   2137.96 0 
  2078.00 5.9935e-15   2142.89 0 
  2082.79 6.2657e-15   2147.83 0 
  2097.22 5.8449e-15   2162.72 0 
  2106.90 5.9057e-15   2172.70 0 
  2116.63 5.9391e-15   2182.73 0 
  2126.40 6.0275e-15   2192.81 0 
  2136.21 5.5528e-15   2202.93 0 
  2146.08 5.6474e-15   2213.09 0 
  2155.98 5.8768e-15   2223.31 0 
  2165.93 5.6806e-15   2233.57 0 
  2175.93 5.5925e-15   2243.88 0 
  2185.97 5.4047e-15   2254.24 0 
  2196.06 5.6610e-15   2264.64 0 
  2206.20 5.4824e-15   2275.10 0 
  2216.38 5.2000e-15   2285.60 0 
  2226.61 4.9658e-15   2296.15 0 
  2236.89 5.2582e-15   2306.75 0 
  2247.22 5.0074e-15   2317.39 0 
  2257.59 4.8301e-15   2328.09 0 
  2262.79 5.0018e-15   2333.46 0 
  2273.24 5.1459e-15   2344.23 0 
  2283.73 5.2820e-15   2355.05 0 
  2294.27 5.0135e-15   2365.92 0 
  2304.86 4.9830e-15   2376.84 0 
  2315.50 4.7625e-15   2387.81 0 
  2326.19 3.6490e-15   2398.83 0 
  2336.93 4.4825e-15   2409.91 0 
  2342.31 4.4228e-15   2415.46 0 
  2353.12 4.7211e-15   2426.61 0 
  2363.99 4.4096e-15   2437.81 0 
  2374.90 4.5263e-15   2449.06 0 
  2385.86 4.2766e-15   2460.37 0 
  2396.87 4.5968e-15   2471.72 0 
  2402.40 4.3917e-15   2477.42 0 
  2413.49 4.5184e-15   2488.86 0 
  2424.63 4.7244e-15   2500.35 0 
  2435.82 4.5363e-15   2511.89 0 
  2447.06 4.8202e-15   2523.48 0 
  2452.70 4.7451e-15   2529.30 0 
  2464.02 4.7490e-15   2540.97 0 
  2475.40 4.6022e-15   2552.70 0 
  2486.82 4.8120e-15   2564.48 0 
  2492.56 4.5343e-15   2570.40 0 
  2504.06 4.9760e-15   2582.26 0 
  2515.62 4.5524e-15   2594.18 0 
  2527.23 4.5249e-15   2606.15 0 
  2533.06 4.5793e-15   2612.16 0 
  2544.75 4.4686e-15   2624.22 0 
  2556.49 4.7374e-15   2636.33 0 
  2562.39 4.6852e-15   2642.41 0 
  2574.22 4.9556e-15   2654.61 0 
  2586.10 4.9144e-15   2666.86 0 
  2592.06 4.8940e-15   2673.01 0 
  2604.02 4.7428e-15   2685.34 0 
  2616.04 4.7252e-15   2697.74 0 
  2622.07 4.8821e-15   2703.96 0 
  2634.18 4.9316e-15   2716.44 0 
  2646.34 5.2404e-15   2728.98 0 
  2652.44 5.2427e-15   2735.27 0 
  2664.68 4.8971e-15   2747.89 0 
  2676.98 5.1089e-15   2760.58 0 
  2683.15 5.0527e-15   2766.94 0 
  2695.53 4.9307e-15   2779.71 0 
  2707.98 5.0153e-15   2792.54 0 
  2714.22 4.8696e-15   2798.98 0 
  2726.75 4.9077e-15   2811.90 0 
  2733.03 5.1295e-15   2818.38 0 
  2745.65 4.6181e-15   2831.39 0 
  2751.98 4.6523e-15   2837.92 0 
  2764.68 4.7759e-15   2851.02 0 
  2777.44 4.9826e-15   2864.18 0 
  2783.84 4.9051e-15   2870.78 0 
  2796.69 4.1405e-15   2884.03 0 
  2803.14 4.4386e-15   2890.68 0 
  2816.08 5.0309e-15   2904.02 0 
  2822.57 5.1032e-15   2910.72 0 
  2835.60 4.8781e-15   2924.15 0 
  2842.14 4.8245e-15   2930.89 0 
  2855.26 4.8178e-15   2944.42 0 
  2861.84 5.0356e-15   2951.21 0 
  2875.05 4.9598e-15   2964.83 0 
  2888.32 4.9988e-15   2978.52 0 
  2894.97 4.9212e-15   2985.38 0 
  2908.34 5.1818e-15   2999.16 0 
  2928.50 5.0710e-15   3019.95 0 
  2948.80 5.0317e-15   3040.89 0 
  2969.24 5.0855e-15   3061.96 0 
  2989.82 5.0929e-15   3083.19 0 
  3010.54 5.1356e-15   3104.56 0 
  3031.41 5.1431e-15   3126.08 0 
  3052.42 5.1034e-15   3147.75 0 
  3066.51 5.0849e-15   3162.28 0 
  3087.77 5.1041e-15   3184.20 0 
  3109.17 5.0415e-15   3206.27 0 
  3130.73 5.0258e-15   3228.49 0 
  3152.43 5.0450e-15   3250.87 0 
  3166.98 5.0037e-15   3265.88 0 
  3188.93 4.8635e-15   3288.52 0 
  3211.03 4.9614e-15   3311.31 0 
  3233.29 4.8895e-15   3334.26 0 
  3248.22 4.9398e-15   3349.66 0 
  3270.73 4.9702e-15   3372.87 0 
  3293.40 4.9550e-15   3396.25 0 
  3308.60 4.9601e-15   3411.93 0 
  3323.88 4.9996e-15   3427.68 0 
  3331.54 4.9792e-15   3435.58 0 
  3339.22 4.8127e-15   3443.50 0 
  3346.92 4.9844e-15   3451.44 0 
  3354.63 4.7956e-15   3459.39 0 
  3362.36 4.8425e-15   3467.37 0 
  3370.12 4.7347e-15   3475.36 0 
  3377.89 4.7481e-15   3483.37 0 
  3385.67 4.9175e-15   3491.40 0 
  3393.48 4.9886e-15   3499.45 0 
  3401.30 5.0840e-15   3507.52 0 
  3409.14 4.7911e-15   3515.60 0 
  3417.00 4.9279e-15   3523.71 0 
  3424.88 4.9876e-15   3531.83 0 
  3432.77 5.0480e-15   3539.97 0 
  3440.68 5.0159e-15   3548.13 0 
  3448.62 4.8594e-15   3556.31 0 
  3456.57 4.7388e-15   3564.51 0 
  3464.53 4.7157e-15   3572.73 0 
  3472.52 4.8243e-15   3580.96 0 
  3480.53 4.7898e-15   3589.22 0 
  3488.55 4.8440e-15   3597.49 0 
  3496.59 4.8651e-15   3605.79 0 
  3504.65 4.7530e-15   3614.10 0 
  3512.73 4.7299e-15   3622.43 0 
  3520.83 4.8055e-15   3630.78 0 
  3528.95 4.7711e-15   3639.15 0 
  3537.08 4.8585e-15   3647.54 0 
  3545.23 4.9021e-15   3655.95 0 
  3553.41 4.9234e-15   3664.37 0 
  3561.60 4.9221e-15   3672.82 0 
  3569.81 4.7866e-15   3681.29 0 
  3578.04 4.6016e-15   3689.78 0 
  3586.29 4.5582e-15   3698.28 0 
  3594.55 4.5991e-15   3706.81 0 
  3602.84 4.7267e-15   3715.35 0 
  3611.15 4.7036e-15   3723.92 0 
  3619.47 4.7787e-15   3732.50 0 
  3627.81 4.9226e-15   3741.11 0 
  3636.17 4.7981e-15   3749.73 0 
  3636.96 4.6179e-15   3750.54 1 
  3639.63 5.4559e-15   3753.29 1 
  3642.29 4.4212e-15   3756.04 1 
  3644.96 3.9021e-15   3758.79 1 
  3647.63 3.9694e-15   3761.54 1 
  3650.29 3.6321e-15   3764.29 1 
  3652.96 5.4637e-15   3767.04 1 
  3655.63 4.4109e-15   3769.79 1 
  3658.30 5.9998e-15   3772.54 1 
  3660.96 6.1854e-15   3775.29 1 
  3663.63 3.8859e-15   3778.04 1 
  3666.30 5.0045e-15   3780.79 1 
  3668.96 4.4163e-15   3783.54 1 
  3671.63 4.6291e-15   3786.29 1 
  3674.30 3.7014e-15   3789.04 1 
  3676.96 4.1305e-15   3791.79 1 
  3679.63 4.4666e-15   3794.54 1 
  3682.30 5.1068e-15   3797.29 1 
  3684.96 5.6744e-15   3800.04 1 
  3687.63 3.8850e-15   3802.79 1 
  3690.30 3.6276e-15   3805.54 1 
  3692.96 3.1131e-15   3808.29 1 
  3695.63 4.2716e-15   3811.04 1 
  3698.30 4.7943e-15   3813.79 1 
  3700.96 4.2028e-15   3816.54 1 
  3703.63 3.4550e-15   3819.29 1 
  3706.30 4.6315e-15   3822.04 1 
  3708.96 4.2155e-15   3824.79 1 
  3711.63 5.9234e-15   3827.54 1 
  3714.30 4.0966e-15   3830.29 1 
  3716.96 4.5407e-15   3833.04 1 
  3719.63 5.6254e-15   3835.79 1 
  3722.30 7.7864e-15   3838.54 1 
  3724.96 9.6187e-15   3841.29 1 
  3727.63 1.4958e-14   3844.04 1 
  3730.30 1.7925e-14   3846.79 1 
  3732.96 1.7231e-14   3849.54 1 
  3735.63 1.2046e-14   3852.29 1 
  3738.30 8.1005e-15   3855.04 1 
  3740.96 6.4725e-15   3857.79 1 
  3743.63 5.7157e-15   3860.54 1 
  3746.30 5.2124e-15   3863.29 1 
  3748.96 5.7161e-15   3866.04 1 
  3751.63 5.0195e-15   3868.79 1 
  3754.30 3.9735e-15   3871.54 1 
  3756.96 5.2306e-15   3874.29 1 
  3759.63 4.8722e-15   3877.04 1 
  3762.30 5.2533e-15   3879.79 1 
  3764.96 5.1744e-15   3882.54 1 
  3767.63 4.9196e-15   3885.29 1 
  3770.30 5.8438e-15   3888.04 1 
  3772.96 5.1662e-15   3890.79 1 
  3775.63 5.8050e-15   3893.54 1 
  3778.30 7.0067e-15   3896.29 1 
  3780.96 6.5243e-15   3899.04 1 
  3783.63 6.2612e-15   3901.79 1 
  3786.30 7.7104e-15   3904.54 1 
  3788.96 7.1295e-15   3907.29 1 
  3791.63 7.3603e-15   3910.04 1 
  3794.30 6.9883e-15   3912.79 1 
  3796.96 6.3882e-15   3915.54 1 
  3799.63 5.5597e-15   3918.29 1 
  3802.30 5.5641e-15   3921.04 1 
  3804.96 5.5895e-15   3923.79 1 
  3807.63 6.4197e-15   3926.54 1 
  3810.30 5.9547e-15   3929.29 1 
  3812.96 6.5746e-15   3932.04 1 
  3815.63 6.4609e-15   3934.79 1 
  3818.30 6.0602e-15   3937.54 1 
  3820.97 6.4639e-15   3940.29 1 
  3823.63 7.0588e-15   3943.04 1 
  3826.30 6.8388e-15   3945.79 1 
  3828.97 6.7164e-15   3948.54 1 
  3831.63 5.4318e-15   3951.29 1 
  3834.30 5.5603e-15   3954.04 1 
  3836.97 5.2954e-15   3956.79 1 
  3839.63 4.4344e-15   3959.54 1 
  3842.30 4.5711e-15   3962.29 1 
  3844.97 6.0618e-15   3965.04 1 
  3847.63 6.5854e-15   3967.79 1 
  3850.30 6.1194e-15   3970.54 1 
  3852.97 6.1648e-15   3973.29 1 
  3855.63 6.8657e-15   3976.04 1 
  3858.30 7.1995e-15   3978.79 1 
  3860.97 6.7843e-15   3981.54 1 
  3863.63 7.6534e-15   3984.29 1 
  3866.30 7.6134e-15   3987.04 1 
  3868.97 7.7677e-15   3989.79 1 
  3871.63 7.3454e-15   3992.54 1 
  3874.30 7.1331e-15   3995.29 1 
  3876.97 6.7842e-15   3998.04 1 
  3879.63 6.2426e-15   4000.79 1 
  3882.30 7.4185e-15   4003.54 1 
  3884.97 6.7839e-15   4006.29 1 
  3887.63 6.7858e-15   4009.04 1 
  3890.30 5.2698e-15   4011.79 1 
  3892.97 5.4967e-15   4014.54 1 
  3895.63 5.7582e-15   4017.29 1 
  3898.30 6.0687e-15   4020.04 1 
  3900.97 6.0758e-15   4022.79 1 
  3903.63 6.8825e-15   4025.54 1 
  3906.30 7.5288e-15   4028.29 1 
  3908.97 7.9686e-15   4031.04 1 
  3911.63 6.7343e-15   4033.79 1 
  3914.30 7.2015e-15   4036.54 1 
  3916.97 8.8929e-15   4039.29 1 
  3919.63 7.3594e-15   4042.04 1 
  3922.30 7.7906e-15   4044.79 1 
  3924.97 7.3948e-15   4047.54 1 
  3927.63 8.4968e-15   4050.29 1 
  3930.30 7.4321e-15   4053.04 1 
  3932.97 6.2425e-15   4055.79 1 
  3935.63 6.8584e-15   4058.54 1 
  3938.30 7.0087e-15   4061.29 1 
  3940.97 6.8904e-15   4064.04 1 
  3943.63 7.2038e-15   4066.79 1 
  3946.30 7.1190e-15   4069.54 1 
  3948.97 7.8789e-15   4072.29 1 
  3951.63 7.6061e-15   4075.04 1 
  3954.30 7.0151e-15   4077.79 1 
  3956.97 6.5100e-15   4080.54 1 
  3959.63 6.7510e-15   4083.29 1 
  3962.30 6.2038e-15   4086.04 1 
  3964.97 6.5884e-15   4088.79 1 
  3967.63 5.6260e-15   4091.54 1 
  3970.30 6.0629e-15   4094.29 1 
  3972.97 4.5266e-15   4097.04 1 
  3975.63 5.2869e-15   4099.79 1 
  3978.30 5.5433e-15   4102.54 1 
  3980.97 6.3106e-15   4105.29 1 
  3983.64 6.8419e-15   4108.04 1 
  3986.30 6.7474e-15   4110.79 1 
  3988.97 6.6076e-15   4113.54 1 
  3991.64 7.5073e-15   4116.29 1 
  3994.30 7.6113e-15   4119.04 1 
  3996.97 8.0100e-15   4121.79 1 
  3999.64 7.0234e-15   4124.54 1 
  4002.30 8.1375e-15   4127.29 1 
  4004.97 7.8722e-15   4130.04 1 
  4007.64 6.7564e-15   4132.79 1 
  4010.30 7.0349e-15   4135.54 1 
  4012.97 7.2028e-15   4138.29 1 
  4015.64 7.0953e-15   4141.04 1 
  4018.30 8.1223e-15   4143.79 1 
  4020.97 8.0481e-15   4146.54 1 
  4023.64 7.7208e-15   4149.29 1 
  4026.30 8.2777e-15   4152.04 1 
  4028.97 8.5022e-15   4154.79 1 
  4031.64 7.7376e-15   4157.54 1 
  4034.30 7.6675e-15   4160.29 1 
  4036.97 7.8776e-15   4163.04 1 
  4039.64 7.7297e-15   4165.79 1 
  4042.30 8.0916e-15   4168.54 1 
  4044.97 7.4837e-15   4171.29 1 
  4047.64 8.0426e-15   4174.04 1 
  4050.30 7.3250e-15   4176.79 1 
  4052.97 6.9496e-15   4179.54 1 
  4055.64 7.3101e-15   4182.29 1 
  4058.30 7.5237e-15   4185.04 1 
  4060.97 8.5403e-15   4187.79 1 
  4063.64 7.4278e-15   4190.54 1 
  4066.30 7.4911e-15   4193.29 1 
  4068.97 7.8336e-15   4196.04 1 
  4071.64 8.2810e-15   4198.79 1 
  4074.30 7.7464e-15   4201.54 1 
  4076.97 8.2211e-15   4204.29 1 
  4079.64 7.3612e-15   4207.04 1 
  4082.30 7.5019e-15   4209.79 1 
  4084.97 7.7379e-15   4212.54 1 
  4087.64 7.7614e-15   4215.29 1 
  4090.30 7.8062e-15   4218.04 1 
  4092.97 6.7987e-15   4220.79 1 
  4095.64 7.7358e-15   4223.54 1 
  4098.30 6.7766e-15   4226.29 1 
  4100.97 6.8120e-15   4229.04 1 
  4103.64 6.4593e-15   4231.79 1 
  4106.30 5.8812e-15   4234.54 1 
  4108.97 6.5012e-15   4237.29 1 
  4111.64 5.7218e-15   4240.04 1 
  4114.30 7.0191e-15   4242.79 1 
  4116.97 7.3023e-15   4245.54 1 
  4119.64 7.2091e-15   4248.29 1 
  4122.30 7.6788e-15   4251.04 1 
  4124.97 7.9108e-15   4253.79 1 
  4127.64 7.8286e-15   4256.54 1 
  4130.30 7.2086e-15   4259.29 1 
  4132.97 6.6950e-15   4262.04 1 
  4135.64 7.3577e-15   4264.79 1 
  4138.30 8.2026e-15   4267.54 1 
  4140.97 8.0156e-15   4270.29 1 
  4143.64 7.2936e-15   4273.04 1 
  4146.31 7.6019e-15   4275.79 1 
  4148.97 7.0667e-15   4278.54 1 
  4151.64 6.8642e-15   4281.29 1 
  4154.31 6.9315e-15   4284.04 1 
  4156.97 7.2230e-15   4286.79 1 
  4159.64 7.3451e-15   4289.54 1 
  4162.31 7.9251e-15   4292.29 1 
  4164.97 8.1076e-15   4295.04 1 
  4167.64 7.7581e-15   4297.79 1 
  4170.31 7.2124e-15   4300.54 1 
  4172.97 6.8552e-15   4303.29 1 
  4175.64 7.5011e-15   4306.04 1 
  4178.31 7.1534e-15   4308.79 1 
  4180.97 7.2663e-15   4311.54 1 
  4183.64 7.5294e-15   4314.29 1 
  4186.31 7.6484e-15   4317.04 1 
  4188.97 7.1745e-15   4319.79 1 
  4191.64 7.5048e-15   4322.54 1 
  4194.31 7.4390e-15   4325.29 1 
  4196.97 7.8813e-15   4328.04 1 
  4199.64 7.7637e-15   4330.79 1 
  4202.31 7.8008e-15   4333.54 1 
  4204.97 7.4151e-15   4336.29 1 
  4207.64 7.4611e-15   4339.04 1 
  4210.31 8.1017e-15   4341.79 1 
  4212.97 7.5536e-15   4344.54 1 
  4215.64 6.6231e-15   4347.29 1 
  4218.31 7.2304e-15   4350.04 1 
  4220.97 7.3725e-15   4352.79 1 
  4223.64 7.6560e-15   4355.54 1 
  4226.31 7.5057e-15   4358.29 1 
  4228.97 7.1500e-15   4361.04 1 
  4231.64 7.5829e-15   4363.79 1 
  4234.31 7.8575e-15   4366.54 1 
  4236.97 7.4741e-15   4369.29 1 
  4239.64 7.4900e-15   4372.04 1 
  4242.31 7.2316e-15   4374.79 1 
  4244.97 7.5759e-15   4377.54 1 
  4247.64 7.8561e-15   4380.29 1 
  4250.31 7.9074e-15   4383.04 1 
  4252.97 7.9976e-15   4385.79 1 
  4255.64 7.4846e-15   4388.54 1 
  4258.31 7.0296e-15   4391.29 1 
  4260.97 7.3941e-15   4394.04 1 
  4263.64 7.2823e-15   4396.79 1 
  4266.31 7.1879e-15   4399.54 1 
  4268.97 7.5277e-15   4402.29 1 
  4271.64 7.4267e-15   4405.04 1 
  4274.31 7.5230e-15   4407.79 1 
  4276.97 7.4150e-15   4410.54 1 
  4279.64 7.7195e-15   4413.29 1 
  4282.31 7.6127e-15   4416.04 1 
  4284.97 7.6497e-15   4418.79 1 
  4287.64 8.0821e-15   4421.54 1 
  4290.31 7.5440e-15   4424.29 1 
  4292.97 7.1084e-15   4427.04 1 
  4295.64 6.7126e-15   4429.79 1 
  4298.31 7.5881e-15   4432.54 1 
  4300.97 7.2999e-15   4435.29 1 
  4303.64 7.0153e-15   4438.04 1 
  4306.31 6.6518e-15   4440.79 1 
  4308.98 6.4553e-15   4443.54 1 
  4311.64 6.9451e-15   4446.29 1 
  4314.31 6.7703e-15   4449.04 1 
  4316.98 7.0263e-15   4451.79 1 
  4319.64 7.2572e-15   4454.54 1 
  4322.31 7.6295e-15   4457.29 1 
  4324.98 7.5631e-15   4460.04 1 
  4327.64 7.2324e-15   4462.79 1 
  4330.31 6.8192e-15   4465.54 1 
  4332.98 6.3179e-15   4468.29 1 
  4335.64 6.7392e-15   4471.04 1 
  4338.31 6.7835e-15   4473.79 1 
  4340.98 6.7070e-15   4476.54 1 
  4343.64 7.4189e-15   4479.29 1 
  4346.31 7.2299e-15   4482.04 1 
  4348.98 7.2637e-15   4484.79 1 
  4351.64 7.3533e-15   4487.54 1 
  4354.31 6.7029e-15   4490.29 1 
  4356.98 6.3472e-15   4493.04 1 
  4359.64 7.1633e-15   4495.79 1 
  4362.31 7.4974e-15   4498.54 1 
  4364.98 7.8819e-15   4501.29 1 
  4367.64 7.5868e-15   4504.04 1 
  4370.31 7.3074e-15   4506.79 1 
  4372.98 7.9437e-15   4509.54 1 
  4375.64 7.5281e-15   4512.29 1 
  4378.31 7.7620e-15   4515.04 1 
  4380.98 7.7251e-15   4517.79 1 
  4383.64 6.9962e-15   4520.54 1 
  4386.31 6.5499e-15   4523.29 1 
  4388.98 7.1652e-15   4526.04 1 
  4391.64 7.5593e-15   4528.79 1 
  4394.31 7.2710e-15   4531.54 1 
  4396.98 7.1468e-15   4534.29 1 
  4399.64 6.8844e-15   4537.04 1 
  4402.31 7.0268e-15   4539.79 1 
  4404.98 7.4729e-15   4542.54 1 
  4407.64 7.3572e-15   4545.29 1 
  4410.31 7.5003e-15   4548.04 1 
  4412.98 7.4078e-15   4550.79 1 
  4415.64 7.4085e-15   4553.54 1 
  4418.31 6.7304e-15   4556.29 1 
  4420.98 7.6002e-15   4559.04 1 
  4423.64 7.4576e-15   4561.79 1 
  4426.31 7.0566e-15   4564.54 1 
  4428.98 7.5414e-15   4567.29 1 
  4431.64 7.8606e-15   4570.04 1 
  4434.31 7.6248e-15   4572.79 1 
  4436.98 7.7338e-15   4575.54 1 
  4439.64 8.4700e-15   4578.29 1 
  4442.31 7.7375e-15   4581.04 1 
  4444.98 7.2539e-15   4583.79 1 
  4447.64 7.6244e-15   4586.54 1 
  4450.31 7.3595e-15   4589.29 1 
  4452.98 7.3963e-15   4592.04 1 
  4455.64 7.4078e-15   4594.79 1 
  4458.31 7.5256e-15   4597.54 1 
  4460.98 7.1774e-15   4600.29 1 
  4463.64 6.7845e-15   4603.04 1 
  4466.31 7.3692e-15   4605.79 1 
  4468.98 7.6374e-15   4608.54 1 
  4471.65 6.9464e-15   4611.29 1 
  4474.31 7.2986e-15   4614.04 1 
  4476.98 7.5512e-15   4616.79 1 
  4479.65 7.6782e-15   4619.54 1 
  4482.31 7.4196e-15   4622.29 1 
  4484.98 7.4492e-15   4625.04 1 
  4487.65 7.7095e-15   4627.79 1 
  4490.31 8.4378e-15   4630.54 1 
  4492.98 7.6274e-15   4633.29 1 
  4495.65 7.2353e-15   4636.04 1 
  4498.31 7.2821e-15   4638.79 1 
  4500.98 7.1873e-15   4641.54 1 
  4503.65 7.8959e-15   4644.29 1 
  4506.31 8.3393e-15   4647.04 1 
  4508.98 7.9662e-15   4649.79 1 
  4511.65 8.0454e-15   4652.54 1 
  4514.31 7.9787e-15   4655.29 1 
  4516.98 8.1687e-15   4658.04 1 
  4519.65 7.6576e-15   4660.79 1 
  4522.31 7.2169e-15   4663.54 1 
  4524.98 7.6495e-15   4666.29 1 
  4527.65 8.1828e-15   4669.04 1 
  4530.31 8.1049e-15   4671.79 1 
  4532.98 7.1901e-15   4674.54 1 
  4535.65 7.4699e-15   4677.29 1 
  4538.31 7.3379e-15   4680.04 1 
  4540.98 7.6347e-15   4682.79 1 
  4543.65 7.6812e-15   4685.54 1 
  4546.31 7.7959e-15   4688.29 1 
  4548.98 7.3847e-15   4691.04 1 
  4551.65 7.5475e-15   4693.79 1 
  4554.31 6.9325e-15   4696.54 1 
  4556.98 7.3481e-15   4699.29 1 
  4559.65 8.0945e-15   4702.04 1 
  4562.31 7.2559e-15   4704.79 1 
  4564.98 6.8393e-15   4707.54 1 
  4567.65 7.0175e-15   4710.29 1 
  4570.31 6.9934e-15   4713.04 1 
  4572.98 7.9661e-15   4715.79 1 
  4575.65 7.2724e-15   4718.54 1 
  4578.31 7.3100e-15   4721.29 1 
  4580.98 7.0058e-15   4724.04 1 
  4583.65 7.5836e-15   4726.79 1 
  4586.31 7.6080e-15   4729.54 1 
  4588.98 7.3997e-15   4732.29 1 
  4591.65 7.1815e-15   4735.04 1 
  4594.31 7.5256e-15   4737.79 1 
  4596.98 8.1477e-15   4740.54 1 
  4599.65 7.7434e-15   4743.29 1 
  4602.31 7.7476e-15   4746.04 1 
  4604.98 7.5059e-15   4748.79 1 
  4607.65 7.7682e-15   4751.54 1 
  4610.31 8.2953e-15   4754.29 1 
  4612.98 7.2645e-15   4757.04 1 
  4615.65 8.1159e-15   4759.79 1 
  4618.31 8.1008e-15   4762.54 1 
  4620.98 7.5703e-15   4765.29 1 
  4623.65 8.1240e-15   4768.04 1 
  4626.31 7.7717e-15   4770.79 1 
  4628.98 7.7756e-15   4773.54 1 
  4631.65 8.1185e-15   4776.29 1 
  4634.32 7.2445e-15   4779.04 1 
  4636.98 7.4736e-15   4781.79 1 
  4639.65 7.8530e-15   4784.54 1 
  4642.32 7.7597e-15   4787.29 1 
  4644.98 7.4373e-15   4790.04 1 
  4647.65 7.5543e-15   4792.79 1 
  4650.32 7.4781e-15   4795.54 1 
  4652.98 7.0533e-15   4798.29 1 
  4655.65 7.6120e-15   4801.04 1 
  4658.32 7.5735e-15   4803.79 1 
  4660.98 7.7207e-15   4806.54 1 
  4663.65 7.7636e-15   4809.29 1 
  4666.32 7.4561e-15   4812.04 1 
  4668.98 7.7134e-15   4814.79 1 
  4671.65 7.3129e-15   4817.54 1 
  4674.32 7.1241e-15   4820.29 1 
  4676.98 7.4336e-15   4823.04 1 
  4679.65 7.1043e-15   4825.79 1 
  4682.32 7.8761e-15   4828.54 1 
  4684.98 7.4796e-15   4831.29 1 
  4687.65 7.7578e-15   4834.04 1 
  4690.32 7.3571e-15   4836.79 1 
  4692.98 7.3394e-15   4839.54 1 
  4695.65 7.2889e-15   4842.29 1 
  4698.32 7.2388e-15   4845.04 1 
  4700.98 7.3434e-15   4847.79 1 
  4703.65 7.4098e-15   4850.54 1 
  4706.32 7.1737e-15   4853.29 1 
  4708.98 7.0161e-15   4856.04 1 
  4711.65 7.7062e-15   4858.79 1 
  4714.32 6.9247e-15   4861.54 1 
  4716.98 7.8061e-15   4864.29 1 
  4719.65 7.5961e-15   4867.04 1 
  4722.32 6.9604e-15   4869.79 1 
  4724.98 7.2459e-15   4872.54 1 
  4727.65 7.4238e-15   4875.29 1 
  4730.32 7.4737e-15   4878.04 1 
  4732.98 7.1408e-15   4880.79 1 
  4735.65 6.5419e-15   4883.54 1 
  4738.32 7.0996e-15   4886.29 1 
  4740.98 7.5959e-15   4889.04 1 
  4743.65 6.4144e-15   4891.79 1 
  4746.32 7.1617e-15   4894.54 1 
  4748.98 7.3228e-15   4897.29 1 
  4751.65 6.6586e-15   4900.04 1 
  4754.32 7.0769e-15   4902.79 1 
  4756.98 6.9099e-15   4905.54 1 
  4759.65 7.5849e-15   4908.29 1 
  4762.32 7.2983e-15   4911.04 1 
  4764.98 6.8203e-15   4913.79 1 
  4767.65 7.1062e-15   4916.54 1 
  4770.32 6.5255e-15   4919.29 1 
  4772.98 7.4245e-15   4922.04 1 
  4775.65 7.3978e-15   4924.79 1 
  4778.32 7.2378e-15   4927.54 1 
  4780.98 7.0683e-15   4930.29 1 
  4783.65 7.0326e-15   4933.04 1 
  4786.32 7.2354e-15   4935.79 1 
  4788.98 7.2547e-15   4938.54 1 
  4791.65 7.4563e-15   4941.29 1 
  4794.32 7.2995e-15   4944.04 1 
  4796.98 7.2398e-15   4946.79 1 
  4799.65 7.6241e-15   4949.54 1 
  4802.32 8.0529e-15   4952.29 1 
  4804.99 7.0139e-15   4955.04 1 
  4807.65 7.2134e-15   4957.79 1 
  4810.32 7.0544e-15   4960.54 1 
  4812.99 6.9258e-15   4963.29 1 
  4815.65 7.1526e-15   4966.04 1 
  4818.32 7.1765e-15   4968.79 1 
  4820.99 7.5065e-15   4971.54 1 
  4823.65 8.0117e-15   4974.29 1 
  4826.32 7.1819e-15   4977.04 1 
  4828.99 6.8281e-15   4979.79 1 
  4831.65 6.5234e-15   4982.54 1 
  4834.32 6.0945e-15   4985.29 1 
  4836.99 7.3600e-15   4988.04 1 
  4839.65 7.1919e-15   4990.79 1 
  4842.32 6.1261e-15   4993.54 1 
  4844.99 6.6602e-15   4996.29 1 
  4847.65 6.7539e-15   4999.04 1 
  4850.32 6.4863e-15   5001.79 1 
  4852.99 6.5459e-15   5004.54 1 
  4855.65 6.4731e-15   5007.29 1 
  4858.32 7.5897e-15   5010.04 1 
  4860.99 9.0048e-15   5012.79 1 
  4863.65 1.0538e-14   5015.54 1 
  4866.32 1.0447e-14   5018.29 1 
  4868.99 9.5173e-15   5021.04 1 
  4871.65 7.4013e-15   5023.79 1 
  4874.32 6.8154e-15   5026.54 1 
  4876.99 5.8494e-15   5029.29 1 
  4879.65 6.5260e-15   5032.04 1 
  4882.32 6.4942e-15   5034.79 1 
  4884.99 6.3034e-15   5037.54 1 
  4887.65 6.0440e-15   5040.29 1 
  4890.32 6.5131e-15   5043.04 1 
  4892.99 6.7143e-15   5045.79 1 
  4895.65 6.9305e-15   5048.54 1 
  4898.32 6.7498e-15   5051.29 1 
  4900.99 6.9073e-15   5054.04 1 
  4903.65 6.7603e-15   5056.79 1 
  4906.32 7.1905e-15   5059.54 1 
  4908.99 6.6929e-15   5062.29 1 
  4911.65 6.9204e-15   5065.04 1 
  4914.32 7.3422e-15   5067.79 1 
  4916.99 6.8670e-15   5070.54 1 
  4919.65 6.1626e-15   5073.29 1 
  4922.32 6.9565e-15   5076.04 1 
  4924.99 6.3070e-15   5078.79 1 
  4927.65 6.6260e-15   5081.54 1 
  4930.32 6.9105e-15   5084.29 1 
  4932.99 7.7093e-15   5087.04 1 
  4935.65 7.1095e-15   5089.79 1 
  4938.32 7.2510e-15   5092.54 1 
  4940.99 7.0378e-15   5095.29 1 
  4943.65 7.0150e-15   5098.04 1 
  4946.32 6.7522e-15   5100.79 1 
  4948.99 7.6813e-15   5103.54 1 
  4951.65 7.0125e-15   5106.29 1 
  4954.32 6.7358e-15   5109.04 1 
  4956.99 7.3286e-15   5111.79 1 
  4959.65 8.1618e-15   5114.54 1 
  4962.32 8.4822e-15   5117.29 1 
  4964.99 7.8327e-15   5120.04 1 
  4967.66 8.0237e-15   5122.79 1 
  4970.32 7.4981e-15   5125.54 1 
  4972.99 6.7594e-15   5128.29 1 
  4975.66 7.4315e-15   5131.04 1 
  4978.32 7.4379e-15   5133.79 1 
  4980.99 7.1151e-15   5136.54 1 
  4983.66 7.0102e-15   5139.29 1 
  4986.32 6.7787e-15   5142.04 1 
  4988.99 6.7124e-15   5144.79 1 
  4991.66 6.6171e-15   5147.54 1 
  4994.32 6.9578e-15   5150.29 1 
  4996.99 7.0972e-15   5153.04 1 
  4999.66 6.5735e-15   5155.79 1 
  5002.32 6.9389e-15   5158.54 1 
  5004.99 9.0130e-15   5161.29 1 
  5007.66 1.1112e-14   5164.04 1 
  5010.32 1.1768e-14   5166.79 1 
  5012.99 1.1081e-14   5169.54 1 
  5015.66 9.1067e-15   5172.29 1 
  5018.32 7.5590e-15   5175.04 1 
  5020.99 7.1722e-15   5177.79 1 
  5023.66 6.8790e-15   5180.54 1 
  5026.32 6.4724e-15   5183.29 1 
  5028.99 6.2610e-15   5186.04 1 
  5031.66 7.0316e-15   5188.79 1 
  5034.32 7.1819e-15   5191.54 1 
  5036.99 6.7700e-15   5194.29 1 
  5039.66 6.4003e-15   5197.04 1 
  5042.32 6.9954e-15   5199.79 1 
  5044.99 6.4730e-15   5202.54 1 
  5047.66 6.4332e-15   5205.29 1 
  5050.32 6.8913e-15   5208.04 1 
  5052.99 6.8185e-15   5210.79 1 
  5055.66 6.7066e-15   5213.54 1 
  5058.32 6.8165e-15   5216.29 1 
  5060.99 6.4304e-15   5219.04 1 
  5063.66 7.1314e-15   5221.79 1 
  5066.32 6.4310e-15   5224.54 1 
  5068.99 6.4258e-15   5227.29 1 
  5071.66 6.6950e-15   5230.04 1 
  5074.32 6.2107e-15   5232.79 1 
  5076.99 6.2802e-15   5235.54 1 
  5079.66 6.9992e-15   5238.29 1 
  5082.32 6.5260e-15   5241.04 1 
  5084.99 6.0878e-15   5243.79 1 
  5087.66 6.6042e-15   5246.54 1 
  5090.32 6.9773e-15   5249.29 1 
  5092.99 6.8199e-15   5252.04 1 
  5095.66 7.6388e-15   5254.79 1 
  5098.32 7.2496e-15   5257.54 1 
  5100.99 7.1133e-15   5260.29 1 
  5103.66 6.3800e-15   5263.04 1 
  5106.32 6.5627e-15   5265.79 1 
  5108.99 6.3920e-15   5268.54 1 
  5111.66 6.6959e-15   5271.29 1 
  5114.32 6.6450e-15   5274.04 1 
  5116.99 6.4896e-15   5276.79 1 
  5119.66 6.7333e-15   5279.54 1 
  5122.32 6.7004e-15   5282.29 1 
  5124.99 6.6361e-15   5285.04 1 
  5127.66 6.3345e-15   5287.79 1 
  5130.33 6.7670e-15   5290.54 1 
  5132.99 6.3924e-15   5293.29 1 
  5135.66 6.1785e-15   5296.04 1 
  5138.33 6.2701e-15   5298.79 1 
  5140.99 6.4661e-15   5301.54 1 
  5143.66 6.6616e-15   5304.29 1 
  5146.33 6.4467e-15   5307.04 1 
  5148.99 7.2753e-15   5309.79 1 
  5151.66 6.4100e-15   5312.54 1 
  5154.33 6.9196e-15   5315.29 1 
  5156.99 6.3779e-15   5318.04 1 
  5159.66 6.4483e-15   5320.79 1 
  5162.33 6.3814e-15   5323.54 1 
  5164.99 6.9139e-15   5326.29 1 
  5167.66 6.2696e-15   5329.04 1 
  5170.33 6.2571e-15   5331.79 1 
  5172.99 6.4508e-15   5334.54 1 
  5175.66 6.7505e-15   5337.29 1 
  5178.33 6.1823e-15   5340.04 1 
  5180.99 6.5318e-15   5342.79 1 
  5183.66 6.1683e-15   5345.54 1 
  5186.33 5.6969e-15   5348.29 1 
  5188.99 5.7863e-15   5351.04 1 
  5191.66 6.3934e-15   5353.79 1 
  5194.33 6.8425e-15   5356.54 1 
  5196.99 6.6326e-15   5359.29 1 
  5199.66 6.9449e-15   5362.04 1 
  5202.33 6.7011e-15   5364.79 1 
  5204.99 6.7594e-15   5367.54 1 
  5207.66 6.3892e-15   5370.29 1 
  5210.33 6.4647e-15   5373.04 1 
  5212.99 6.7254e-15   5375.79 1 
  5215.66 6.5437e-15   5378.54 1 
  5218.33 5.7631e-15   5381.29 1 
  5220.99 6.6707e-15   5384.04 1 
  5223.66 6.3156e-15   5386.79 1 
  5226.33 6.2861e-15   5389.54 1 
  5228.99 6.6328e-15   5392.29 1 
  5231.66 6.4265e-15   5395.04 1 
  5234.33 6.9017e-15   5397.79 1 
  5236.99 6.6229e-15   5400.54 1 
  5239.66 6.1151e-15   5403.29 1 
  5242.33 6.7868e-15   5406.04 1 
  5244.99 6.7356e-15   5408.79 1 
  5247.66 7.0741e-15   5411.54 1 
  5250.33 5.8328e-15   5414.29 1 
  5252.99 5.8752e-15   5417.04 1 
  5255.66 6.3090e-15   5419.79 1 
  5258.33 6.3849e-15   5422.54 1 
  5260.99 6.7382e-15   5425.29 1 
  5263.66 6.3934e-15   5428.04 1 
  5266.33 6.5795e-15   5430.79 1 
  5268.99 6.3637e-15   5433.54 1 
  5271.66 6.1661e-15   5436.29 1 
  5274.33 6.3203e-15   5439.04 1 
  5276.99 6.6011e-15   5441.79 1 
  5279.66 6.5644e-15   5444.54 1 
  5282.33 6.4851e-15   5447.29 1 
  5284.99 6.0617e-15   5450.04 1 
  5287.66 6.5573e-15   5452.79 1 
  5290.33 6.5594e-15   5455.54 1 
  5293.00 6.4616e-15   5458.29 1 
  5295.66 6.9500e-15   5461.04 1 
  5298.33 6.7029e-15   5463.79 1 
  5301.00 6.5385e-15   5466.54 1 
  5303.66 6.0435e-15   5469.29 1 
  5306.33 6.8362e-15   5472.04 1 
  5309.00 6.6574e-15   5474.79 1 
  5311.66 6.7232e-15   5477.54 1 
  5314.33 6.7407e-15   5480.29 1 
  5317.00 6.4355e-15   5483.04 1 
  5319.66 6.3604e-15   5485.79 1 
  5322.33 6.5694e-15   5488.54 1 
  5325.00 6.8734e-15   5491.29 1 
  5327.66 6.1404e-15   5494.04 1 
  5330.33 6.0906e-15   5496.79 1 
  5333.00 6.0894e-15   5499.54 1 
  5335.66 6.7702e-15   5502.29 1 
  5338.33 6.1953e-15   5505.04 1 
  5341.00 6.3990e-15   5507.79 1 
  5343.66 6.9509e-15   5510.54 1 
  5346.33 6.5817e-15   5513.29 1 
  5349.00 6.2039e-15   5516.04 1 
  5351.66 6.1507e-15   5518.79 1 
  5354.33 6.9197e-15   5521.54 1 
  5357.00 6.5072e-15   5524.29 1 
  5359.66 6.3341e-15   5527.04 1 
  5362.33 7.2319e-15   5529.79 1 
  5365.00 6.9857e-15   5532.54 1 
  5367.66 6.3733e-15   5535.29 1 
  5370.33 6.3503e-15   5538.04 1 
  5373.00 6.5423e-15   5540.79 1 
  5375.66 6.1982e-15   5543.54 1 
  5378.33 6.7302e-15   5546.29 1 
  5381.00 7.0380e-15   5549.04 1 
  5383.66 6.2624e-15   5551.79 1 
  5386.33 7.0646e-15   5554.54 1 
  5389.00 6.4070e-15   5557.29 1 
  5391.66 6.4348e-15   5560.04 1 
  5394.33 7.1728e-15   5562.79 1 
  5397.00 6.8109e-15   5565.54 1 
  5399.66 6.0044e-15   5568.29 1 
  5402.33 6.1881e-15   5571.04 1 
  5405.00 5.9725e-15   5573.79 1 
  5407.66 6.4515e-15   5576.54 1 
  5410.33 6.0715e-15   5579.29 1 
  5413.00 6.7389e-15   5582.04 1 
  5415.66 5.4467e-15   5584.79 1 
  5418.33 5.8552e-15   5587.54 1 
  5421.00 6.2006e-15   5590.29 1 
  5423.66 6.6333e-15   5593.04 1 
  5426.33 6.8826e-15   5595.79 1 
  5429.00 6.0638e-15   5598.54 1 
  5431.66 6.7753e-15   5601.29 1 
  5434.33 6.2928e-15   5604.04 1 
  5437.00 6.5799e-15   5606.79 1 
  5439.66 6.4694e-15   5609.54 1 
  5442.33 6.0856e-15   5612.29 1 
  5445.00 6.4931e-15   5615.04 1 
  5447.66 6.3150e-15   5617.79 1 
  5450.33 6.3038e-15   5620.54 1 
  5453.00 6.7650e-15   5623.29 1 
  5455.67 6.3095e-15   5626.04 1 
  5458.33 6.4775e-15   5628.79 1 
  5461.00 6.4465e-15   5631.54 1 
  5463.67 6.3445e-15   5634.29 1 
  5466.33 5.6191e-15   5637.04 1 
  5469.00 6.3138e-15   5639.79 1 
  5471.67 6.5212e-15   5642.54 1 
  5474.33 6.0377e-15   5645.29 1 
  5477.00 6.5393e-15   5648.04 1 
  5479.67 6.3247e-15   5650.79 1 
  5482.33 6.1907e-15   5653.54 1 
  5485.00 6.7712e-15   5656.29 1 
  5487.67 6.0574e-15   5659.04 1 
  5490.33 6.4610e-15   5661.79 1 
  5493.00 6.4801e-15   5664.54 1 
  5495.67 6.4086e-15   5667.29 1 
  5498.33 6.4417e-15   5670.04 1 
  5501.00 6.5539e-15   5672.79 1 
  5503.67 6.4824e-15   5675.54 1 
  5506.33 6.2483e-15   5678.29 1 
  5509.00 5.7137e-15   5681.04 1 
  5511.67 6.5191e-15   5683.79 1 
  5514.33 7.1657e-15   5686.54 1 
  5517.00 6.9718e-15   5689.29 1 
  5519.67 5.8975e-15   5692.04 1 
  5522.33 6.3404e-15   5694.79 1 
  5525.00 6.2582e-15   5697.54 1 
  5527.67 6.1790e-15   5700.29 1 
  5530.33 5.8781e-15   5703.04 1 
  5533.00 6.3810e-15   5705.79 1 
  5535.67 6.4842e-15   5708.54 1 
  5538.33 7.2051e-15   5711.29 1 
  5541.00 6.0666e-15   5714.04 1 
  5543.67 6.7626e-15   5716.79 1 
  5546.33 6.1420e-15   5719.54 1 
  5549.00 6.3494e-15   5722.29 1 
  5551.67 6.5831e-15   5725.04 1 
  5554.33 6.7569e-15   5727.79 1 
  5557.00 6.8179e-15   5730.54 1 
  5559.67 6.4739e-15   5733.29 1 
  5562.33 5.8409e-15   5736.04 1 
  5565.00 7.0016e-15   5738.79 1 
  5567.67 6.3964e-15   5741.54 1 
  5570.33 6.2420e-15   5744.29 1 
  5573.00 6.7100e-15   5747.04 1 
  5575.67 6.2095e-15   5749.79 1 
  5578.33 6.6549e-15   5752.54 1 
  5581.00 6.3061e-15   5755.29 1 
  5583.67 6.3420e-15   5758.04 1 
  5586.33 6.8485e-15   5760.79 1 
  5589.00 6.6782e-15   5763.54 1 
  5591.67 6.2729e-15   5766.29 1 
  5594.33 6.0432e-15   5769.04 1 
  5597.00 5.9915e-15   5771.79 1 
  5599.67 6.5595e-15   5774.54 1 
  5602.33 6.1440e-15   5777.29 1 
  5605.00 5.8562e-15   5780.04 1 
  5607.67 6.4943e-15   5782.79 1 
  5610.33 6.5364e-15   5785.54 1 
  5613.00 5.7942e-15   5788.29 1 
  5615.67 6.1931e-15   5791.04 1 
  5618.34 6.5589e-15   5793.79 1 
  5621.00 6.1117e-15   5796.54 1 
  5623.67 6.4166e-15   5799.29 1 
  5626.34 6.5341e-15   5802.04 1 
  5629.00 6.4424e-15   5804.79 1 
  5631.67 6.1417e-15   5807.54 1 
  5634.34 6.7463e-15   5810.29 1 
  5637.00 6.8898e-15   5813.04 1 
  5639.67 6.5065e-15   5815.79 1 
  5642.34 6.2561e-15   5818.54 1 
  5645.00 6.0067e-15   5821.29 1 
  5647.67 5.9605e-15   5824.04 1 
  5650.34 6.2297e-15   5826.79 1 
  5653.00 6.1720e-15   5829.54 1 
  5655.67 5.7908e-15   5832.29 1 
  5658.34 6.0829e-15   5835.04 1 
  5661.00 6.2782e-15   5837.79 1 
  5663.67 6.3134e-15   5840.54 1 
  5666.34 6.1509e-15   5843.29 1 
  5669.00 6.2072e-15   5846.04 1 
  5671.67 6.2828e-15   5848.79 1 
  5674.34 6.3023e-15   5851.54 1 
  5677.00 6.4737e-15   5854.29 1 
  5679.67 6.2676e-15   5857.04 1 
  5682.34 6.2111e-15   5859.79 1 
  5685.00 6.1301e-15   5862.54 1 
  5687.67 6.0202e-15   5865.29 1 
  5690.34 5.9358e-15   5868.04 1 
  5693.00 6.3546e-15   5870.79 1 
  5695.67 6.7277e-15   5873.54 1 
  5698.34 6.7297e-15   5876.29 1 
  5701.00 6.0560e-15   5879.04 1 
  5703.67 5.8954e-15   5881.79 1 
  5706.34 5.9560e-15   5884.54 1 
  5709.00 5.4908e-15   5887.29 1 
  5711.67 5.6553e-15   5890.04 1 
  5714.34 6.1769e-15   5892.79 1 
  5717.00 6.3024e-15   5895.54 1 
  5719.67 6.4504e-15   5898.29 1 
  5722.34 6.5595e-15   5901.04 1 
  5725.00 5.6667e-15   5903.79 1 
  5727.67 6.3444e-15   5906.54 1 
  5730.34 7.4435e-15   5909.29 1 
  5733.00 6.7724e-15   5912.04 1 
  5735.67 6.1411e-15   5914.79 1 
  5738.34 6.4761e-15   5917.54 1 
  5741.00 5.9577e-15   5920.29 1 
  5743.67 6.2826e-15   5923.04 1 
  5746.34 6.3874e-15   5925.79 1 
  5749.00 6.0328e-15   5928.54 1 
  5751.67 6.6436e-15   5931.29 1 
  5754.34 6.3570e-15   5934.04 1 
  5757.00 6.0089e-15   5936.79 1 
  5759.67 6.3980e-15   5939.54 1 
  5762.34 5.8506e-15   5942.29 1 
  5765.00 5.8322e-15   5945.04 1 
  5767.67 6.6582e-15   5947.79 1 
  5770.34 6.9446e-15   5950.54 1 
  5773.00 6.8925e-15   5953.29 1 
  5775.67 6.2845e-15   5956.04 1 
  5778.34 6.7460e-15   5958.79 1 
  5781.01 6.1269e-15   5961.54 1 
  5783.67 5.6995e-15   5964.29 1 
  5786.34 5.8567e-15   5967.04 1 
  5789.01 6.6630e-15   5969.79 1 
  5791.67 5.8768e-15   5972.54 1 
  5794.34 6.3389e-15   5975.29 1 
  5797.01 5.7265e-15   5978.04 1 
  5799.67 6.1791e-15   5980.79 1 
  5802.34 6.0147e-15   5983.54 1 
  5805.01 6.6024e-15   5986.29 1 
  5807.67 6.6582e-15   5989.04 1 
  5810.34 6.1260e-15   5991.79 1 
  5813.01 7.0630e-15   5994.54 1 
  5815.67 5.9665e-15   5997.29 1 
  5818.34 6.3965e-15   6000.04 1 
  5821.01 5.8025e-15   6002.79 1 
  5823.67 5.7727e-15   6005.54 1 
  5826.34 6.7097e-15   6008.29 1 
  5829.01 6.5244e-15   6011.04 1 
  5831.67 6.1254e-15   6013.79 1 
  5834.34 6.4318e-15   6016.54 1 
  5837.01 6.2158e-15   6019.29 1 
  5839.67 6.2063e-15   6022.04 1 
  5842.34 6.0834e-15   6024.79 1 
  5845.01 6.2149e-15   6027.54 1 
  5847.67 5.8820e-15   6030.29 1 
  5850.34 5.5101e-15   6033.04 1 
  5853.01 6.0640e-15   6035.79 1 
  5855.67 5.3740e-15   6038.54 1 
  5858.34 5.6870e-15   6041.29 1 
  5861.01 6.2706e-15   6044.04 1 
  5863.67 6.3040e-15   6046.79 1 
  5866.34 6.0008e-15   6049.54 1 
  5869.01 5.7865e-15   6052.29 1 
  5871.67 6.6441e-15   6055.04 1 
  5874.34 6.7253e-15   6057.79 1 
  5877.01 6.8072e-15   6060.54 1 
  5879.67 6.9949e-15   6063.29 1 
  5882.34 7.0498e-15   6066.04 1 
  5885.01 5.4865e-15   6068.79 1 
  5887.67 5.6877e-15   6071.54 1 
  5890.34 5.6523e-15   6074.29 1 
  5893.01 6.3105e-15   6077.04 1 
  5895.67 6.0448e-15   6079.79 1 
  5898.34 5.4474e-15   6082.54 1 
  5901.01 5.3254e-15   6085.29 1 
  5903.67 5.6929e-15   6088.04 1 
  5906.34 6.0007e-15   6090.79 1 
  5909.01 6.6088e-15   6093.54 1 
  5911.67 6.2506e-15   6096.29 1 
  5914.34 5.9415e-15   6099.04 1 
  5917.01 6.3429e-15   6101.79 1 
  5919.67 5.7530e-15   6104.54 1 
  5922.34 6.3848e-15   6107.29 1 
  5925.01 5.8659e-15   6110.04 1 
  5927.67 5.8554e-15   6112.79 1 
  5930.34 6.5436e-15   6115.54 1 
  5933.01 6.2405e-15   6118.29 1 
  5935.67 5.7674e-15   6121.04 1 
  5938.34 5.4950e-15   6123.79 1 
  5941.01 5.3830e-15   6126.54 1 
  5943.68 6.1566e-15   6129.29 1 
  5946.34 6.5590e-15   6132.04 1 
  5949.01 6.0063e-15   6134.79 1 
  5951.68 5.6059e-15   6137.54 1 
  5954.34 5.5126e-15   6140.29 1 
  5957.01 5.7629e-15   6143.04 1 
  5959.68 6.0699e-15   6145.79 1 
  5962.34 6.1266e-15   6148.54 1 
  5965.01 5.8091e-15   6151.29 1 
  5967.68 6.1297e-15   6154.04 1 
  5970.34 6.3743e-15   6156.79 1 
  5973.01 5.6872e-15   6159.54 1 
  5975.68 5.3765e-15   6162.29 1 
  5978.34 5.7506e-15   6165.04 1 
  5981.01 6.0648e-15   6167.79 1 
  5983.68 6.9597e-15   6170.54 1 
  5986.34 6.2887e-15   6173.29 1 
  5989.01 6.0453e-15   6176.04 1 
  5991.68 6.0021e-15   6178.79 1 
  5994.34 5.9547e-15   6181.54 1 
  5997.01 5.5824e-15   6184.29 1 
  5999.68 6.0215e-15   6187.04 1 
  6002.34 6.0564e-15   6189.79 1 
  6005.01 6.0901e-15   6192.54 1 
  6007.68 6.2436e-15   6195.29 1 
  6010.34 6.1155e-15   6198.04 1 
  6013.01 5.8675e-15   6200.79 1 
  6015.68 6.0819e-15   6203.54 1 
  6018.34 5.8421e-15   6206.29 1 
  6021.01 6.3542e-15   6209.04 1 
  6023.68 6.2798e-15   6211.79 1 
  6026.34 5.8445e-15   6214.54 1 
  6029.01 5.9493e-15   6217.29 1 
  6031.68 6.4341e-15   6220.04 1 
  6034.34 6.3149e-15   6222.79 1 
  6037.01 5.8102e-15   6225.54 1 
  6039.68 6.1059e-15   6228.29 1 
  6042.34 6.0799e-15   6231.04 1 
  6045.01 6.1091e-15   6233.79 1 
  6047.68 6.1456e-15   6236.54 1 
  6050.34 5.5375e-15   6239.29 1 
  6053.01 5.6817e-15   6242.04 1 
  6055.68 5.6473e-15   6244.79 1 
  6058.34 6.3034e-15   6247.54 1 
  6061.01 6.2590e-15   6250.29 1 
  6063.68 6.1498e-15   6253.04 1 
  6066.34 6.1486e-15   6255.79 1 
  6069.01 6.4863e-15   6258.54 1 
  6071.68 6.1799e-15   6261.29 1 
  6074.34 6.4164e-15   6264.04 1 
  6077.01 5.9523e-15   6266.79 1 
  6079.68 5.6871e-15   6269.54 1 
  6082.34 6.1122e-15   6272.29 1 
  6085.01 5.9751e-15   6275.04 1 
  6087.68 5.9615e-15   6277.79 1 
  6090.34 6.1669e-15   6280.54 1 
  6093.01 5.9094e-15   6283.29 1 
  6095.68 5.7271e-15   6286.04 1 
  6098.34 5.7981e-15   6288.79 1 
  6101.01 5.8656e-15   6291.54 1 
  6103.68 6.2687e-15   6294.29 1 
  6106.34 6.4095e-15   6297.04 1 
  6109.01 5.8080e-15   6299.79 1 
  6111.68 5.4066e-15   6302.54 1 
  6114.35 5.8175e-15   6305.29 1 
  6117.01 5.3613e-15   6308.04 1 
  6119.68 6.6127e-15   6310.79 1 
  6122.35 5.7944e-15   6313.54 1 
  6125.01 6.4616e-15   6316.29 1 
  6127.68 6.2270e-15   6319.04 1 
  6130.35 5.6859e-15   6321.79 1 
  6133.01 5.5218e-15   6324.54 1 
  6135.68 6.1152e-15   6327.29 1 
  6138.35 5.5130e-15   6330.04 1 
  6141.01 6.4616e-15   6332.79 1 
  6143.68 5.6044e-15   6335.54 1 
  6146.35 6.0957e-15   6338.29 1 
  6149.01 6.1914e-15   6341.04 1 
  6151.68 5.8286e-15   6343.79 1 
  6154.35 5.7872e-15   6346.54 1 
  6157.01 5.8182e-15   6349.29 1 
  6159.68 5.4956e-15   6352.04 1 
  6162.35 5.7332e-15   6354.79 1 
  6165.01 5.9801e-15   6357.54 1 
  6167.68 5.3413e-15   6360.29 1 
  6170.35 5.9700e-15   6363.04 1 
  6173.01 4.9863e-15   6365.79 1 
  6175.68 5.5327e-15   6368.54 1 
  6178.35 5.5495e-15   6371.29 1 
  6181.01 5.8606e-15   6374.04 1 
  6183.68 5.8336e-15   6376.79 1 
  6186.35 5.7488e-15   6379.54 1 
  6189.01 5.9236e-15   6382.29 1 
  6191.68 5.6646e-15   6385.04 1 
  6194.35 5.5103e-15   6387.79 1 
  6197.01 5.7687e-15   6390.54 1 
  6199.68 5.1277e-15   6393.29 1 
  6202.35 5.3998e-15   6396.04 1 
  6205.01 5.5478e-15   6398.79 1 
  6207.68 5.9760e-15   6401.54 1 
  6210.35 5.4745e-15   6404.29 1 
  6213.01 5.8884e-15   6407.04 1 
  6215.68 5.9405e-15   6409.79 1 
  6218.35 5.4259e-15   6412.54 1 
  6221.01 5.2988e-15   6415.29 1 
  6223.68 5.8079e-15   6418.04 1 
  6226.35 5.9403e-15   6420.79 1 
  6229.01 5.2265e-15   6423.54 1 
  6231.68 4.8348e-15   6426.29 1 
  6234.35 5.3355e-15   6429.04 1 
  6237.01 5.3169e-15   6431.79 1 
  6239.68 6.0357e-15   6434.54 1 
  6242.35 5.8891e-15   6437.29 1 
  6245.01 5.8240e-15   6440.04 1 
  6247.68 5.9299e-15   6442.79 1 
  6250.35 6.0098e-15   6445.54 1 
  6253.01 5.8500e-15   6448.29 1 
  6255.68 5.6129e-15   6451.04 1 
  6258.35 5.7632e-15   6453.79 1 
  6261.01 5.7288e-15   6456.54 1 
  6263.68 5.7727e-15   6459.29 1 
  6266.35 5.3456e-15   6462.04 1 
  6269.01 5.5092e-15   6464.79 1 
  6271.68 5.8074e-15   6467.54 1 
  6274.35 5.8576e-15   6470.29 1 
  6277.02 5.6709e-15   6473.04 1 
  6279.68 5.2842e-15   6475.79 1 
  6282.35 5.1775e-15   6478.54 1 
  6285.02 5.0721e-15   6481.29 1 
  6287.68 5.2450e-15   6484.04 1 
  6290.35 5.5046e-15   6486.79 1 
  6293.02 6.0328e-15   6489.54 1 
  6295.68 6.7314e-15   6492.29 1 
  6298.35 6.5541e-15   6495.04 1 
  6301.02 6.6327e-15   6497.79 1 
  6303.68 7.5553e-15   6500.54 1 
  6306.35 7.1687e-15   6503.29 1 
  6309.02 6.0968e-15   6506.04 1 
  6311.68 5.7597e-15   6508.79 1 
  6314.35 5.6717e-15   6511.54 1 
  6317.02 5.5100e-15   6514.29 1 
  6319.68 5.6015e-15   6517.04 1 
  6322.35 5.7627e-15   6519.79 1 
  6325.02 5.7303e-15   6522.54 1 
  6327.68 5.4762e-15   6525.29 1 
  6330.35 5.4760e-15   6528.04 1 
  6333.02 5.8766e-15   6530.79 1 
  6335.68 5.2634e-15   6533.54 1 
  6338.35 5.6062e-15   6536.29 1 
  6341.02 5.9245e-15   6539.04 1 
  6343.68 5.3629e-15   6541.79 1 
  6346.35 5.2115e-15   6544.54 1 
  6349.02 5.7511e-15   6547.29 1 
  6351.68 5.0775e-15   6550.04 1 
  6354.35 5.6909e-15   6552.79 1 
  6357.02 4.6880e-15   6555.54 1 
  6359.68 5.7360e-15   6558.29 1 
  6362.35 4.8126e-15   6561.04 1 
  6365.02 6.3098e-15   6563.79 1 
  6367.68 5.7049e-15   6566.54 1 
  6370.35 5.4906e-15   6569.29 1 
  6373.02 5.5439e-15   6572.04 1 
  6375.68 6.3755e-15   6574.79 1 
  6378.35 5.2850e-15   6577.54 1 
  6381.02 5.7152e-15   6580.29 1 
  6383.68 5.3428e-15   6583.04 1 
  6386.35 5.3664e-15   6585.79 1 
  6389.02 5.8331e-15   6588.54 1 
  6391.68 4.6316e-15   6591.29 1 
  6394.35 4.8729e-15   6594.04 1 
  6397.02 5.4306e-15   6596.79 1 
  6399.68 5.1099e-15   6599.54 1 
  6402.35 5.4910e-15   6602.29 1 
  6405.02 5.7671e-15   6605.04 1 
  6407.68 5.4001e-15   6607.79 1 
  6410.35 5.0223e-15   6610.54 1 
  6413.02 5.0833e-15   6613.29 1 
  6415.68 4.7410e-15   6616.04 1 
  6418.35 5.1982e-15   6618.79 1 
  6421.02 5.1626e-15   6621.54 1 
  6423.68 5.4557e-15   6624.29 1 
  6426.35 5.8646e-15   6627.04 1 
  6429.02 5.8292e-15   6629.79 1 
  6431.68 4.9106e-15   6632.54 1 
  6434.35 6.2673e-15   6635.29 1 
  6437.02 5.7831e-15   6638.04 1 
  6439.69 5.7985e-15   6640.79 1 
  6442.35 5.5442e-15   6643.54 1 
  6445.02 5.4024e-15   6646.29 1 
  6447.69 5.6120e-15   6649.04 1 
  6450.35 5.7680e-15   6651.79 1 
  6453.02 5.2457e-15   6654.54 1 
  6455.69 5.7677e-15   6657.29 1 
  6458.35 5.9054e-15   6660.04 1 
  6461.02 5.4349e-15   6662.79 1 
  6463.69 5.4380e-15   6665.54 1 
  6466.35 5.6051e-15   6668.29 1 
  6469.02 6.0798e-15   6671.04 1 
  6471.69 5.7349e-15   6673.79 1 
  6474.35 6.2773e-15   6676.54 1 
  6477.02 6.2152e-15   6679.29 1 
  6479.69 5.9185e-15   6682.04 1 
  6482.35 6.0076e-15   6684.79 1 
  6485.02 6.2480e-15   6687.54 1 
  6487.69 5.7302e-15   6690.29 1 
  6490.35 5.3009e-15   6693.04 1 
  6493.02 5.3245e-15   6695.79 1 
  6495.69 6.0182e-15   6698.54 1 
  6498.35 5.3453e-15   6701.29 1 
  6501.02 5.0411e-15   6704.04 1 
  6503.69 5.5992e-15   6706.79 1 
  6506.35 4.7069e-15   6709.54 1 
  6509.02 5.3209e-15   6712.29 1 
  6511.69 5.6306e-15   6715.04 1 
  6514.35 5.5018e-15   6717.79 1 
  6517.02 6.0570e-15   6720.54 1 
  6519.69 6.1076e-15   6723.29 1 
  6522.35 5.6289e-15   6726.04 1 
  6525.02 5.2133e-15   6728.79 1 
  6527.69 5.4993e-15   6731.54 1 
  6530.35 5.4364e-15   6734.29 1 
  6533.02 5.9292e-15   6737.04 1 
  6535.69 5.8011e-15   6739.79 1 
  6538.35 5.6734e-15   6742.54 1 
  6541.02 6.0542e-15   6745.29 1 
  6543.69 6.9638e-15   6748.04 1 
  6546.35 7.2508e-15   6750.79 1 
  6549.02 8.3156e-15   6753.54 1 
  6551.69 9.4628e-15   6756.29 1 
  6554.35 9.9092e-15   6759.04 1 
  6557.02 1.0044e-14   6761.79 1 
  6559.69 1.3993e-14   6764.54 1 
  6562.35 2.3447e-14   6767.29 1 
  6565.02 3.3081e-14   6770.04 1 
  6567.69 3.2199e-14   6772.79 1 
  6570.35 2.4235e-14   6775.54 1 
  6573.02 1.3235e-14   6778.29 1 
  6575.69 9.1363e-15   6781.04 1 
  6578.35 8.6989e-15   6783.79 1 
  6581.02 1.0259e-14   6786.54 1 
  6583.69 1.4116e-14   6789.29 1 
  6586.35 1.6686e-14   6792.04 1 
  6589.02 1.4852e-14   6794.79 1 
  6591.69 1.0761e-14   6797.54 1 
  6594.35 7.5633e-15   6800.29 1 
  6597.02 6.1910e-15   6803.04 1 
  6599.69 6.3823e-15   6805.79 1 
  6602.36 5.2882e-15   6808.54 1 
  6605.02 6.2696e-15   6811.29 1 
  6607.69 5.4041e-15   6814.04 1 
  6610.36 5.3040e-15   6816.79 1 
  6613.02 5.4455e-15   6819.54 1 
  6615.69 6.0219e-15   6822.29 1 
  6618.36 6.1954e-15   6825.04 1 
  6621.02 6.8205e-15   6827.79 1 
  6632.01 5.4254e-15   6839.12 0 
  6647.29 5.4733e-15   6854.88 0 
  6662.62 5.4210e-15   6870.68 0 
  6677.98 5.4438e-15   6886.52 0 
  6693.37 5.3545e-15   6902.40 0 
  6708.80 5.3523e-15   6918.31 0 
  6724.27 5.1566e-15   6934.26 0 
  6739.77 5.3111e-15   6950.24 0 
  6755.30 5.1881e-15   6966.26 0 
  6770.88 5.2945e-15   6982.33 0 
  6786.49 5.3659e-15   6998.42 0 
  6802.13 5.2055e-15   7014.55 0 
  6817.81 5.2757e-15   7030.72 0 
  6833.53 5.2857e-15   7046.93 0 
  6849.28 5.1632e-15   7063.18 0 
  6865.07 5.1255e-15   7079.46 0 
  6880.90 5.1351e-15   7095.78 0 
  6896.76 5.1804e-15   7112.14 0 
  6912.65 5.1663e-15   7128.53 0 
  6928.59 5.1168e-15   7144.96 0 
  6944.56 5.2579e-15   7161.43 0 
  6960.57 5.1716e-15   7177.94 0 
  6976.62 5.3387e-15   7194.49 0 
  6992.70 5.3242e-15   7211.08 0 
  7008.82 5.2127e-15   7227.70 0 
  7024.97 5.1627e-15   7244.36 0 
  7041.17 5.3172e-15   7261.06 0 
  7057.40 5.3889e-15   7277.80 0 
  7073.67 4.9125e-15   7294.57 0 
  7089.98 5.1064e-15   7311.39 0 
  7106.32 4.9651e-15   7328.25 0 
  7122.70 4.9629e-15   7345.14 0 
  7139.13 4.7265e-15   7362.07 0 
  7155.58 4.7791e-15   7379.04 0 
  7172.08 4.7660e-15   7396.05 0 
  7188.61 4.6985e-15   7413.10 0 
  7205.18 4.7399e-15   7430.19 0 
  7221.79 4.9043e-15   7447.32 0 
  7238.44 4.9247e-15   7464.49 0 
  7255.13 5.0371e-15   7481.70 0 
  7271.85 4.9089e-15   7498.94 0 
  7288.61 4.9067e-15   7516.23 0 
  7305.42 5.0768e-15   7533.56 0 
  7322.26 5.0980e-15   7550.92 0 
  7339.13 5.0956e-15   7568.33 0 
  7356.06 5.1761e-15   7585.78 0 
  7373.01 5.1145e-15   7603.26 0 
  7390.01 5.1594e-15   7620.79 0 
  7407.04 5.1333e-15   7638.36 0 
  7424.12 5.0489e-15   7655.97 0 
  7441.23 5.1999e-15   7673.61 0 
  7458.38 5.2095e-15   7691.30 0 
  7475.58 5.2191e-15   7709.04 0 
  7492.81 5.2286e-15   7726.81 0 
  7510.08 5.2262e-15   7744.62 0 
  7527.40 5.2842e-15   7762.47 0 
  7544.75 5.2454e-15   7780.37 0 
  7562.14 5.1948e-15   7798.30 0 
  7579.57 5.1093e-15   7816.28 0 
  7597.05 5.0601e-15   7834.30 0 
  7614.56 4.9768e-15   7852.36 0 
  7632.11 5.0089e-15   7870.46 0 
  7649.71 4.9492e-15   7888.60 0 
  7667.34 4.8453e-15   7906.79 0 
  7685.02 4.8097e-15   7925.01 0 
  7702.74 4.7633e-15   7943.28 0 
  7720.49 4.7173e-15   7961.59 0 
  7738.29 4.7916e-15   7979.95 0 
  7756.13 4.5632e-15   7998.34 0 
  7774.01 4.6996e-15   8016.78 0 
  7791.93 4.7189e-15   8035.26 0 
  7809.89 4.7275e-15   8053.78 0 
  7827.89 4.8352e-15   8072.35 0 
  7845.94 4.7665e-15   8090.96 0 
  7864.02 4.8193e-15   8109.61 0 
  7882.15 4.7618e-15   8128.31 0 
  7900.32 4.7704e-15   8147.04 0 
  7918.53 4.6487e-15   8165.82 0 
  7936.79 4.6571e-15   8184.65 0 
  7955.09 4.5488e-15   8203.52 0 
  7973.42 4.6955e-15   8222.43 0 
  7991.80 4.7804e-15   8241.38 0 
  8010.23 4.7015e-15   8260.38 0 
  8028.69 4.8086e-15   8279.42 0 
  8047.20 4.8842e-15   8298.51 0 
  8065.75 4.8705e-15   8317.64 0 
  8084.35 4.7245e-15   8336.81 0 
  8102.98 4.6039e-15   8356.03 0 
  8121.66 4.7523e-15   8375.29 0 
  8140.38 4.6847e-15   8394.60 0 
  8159.15 4.6715e-15   8413.95 0 
  8177.96 4.5838e-15   8433.35 0 
  8196.81 4.4978e-15   8452.79 0 
  8215.71 4.7182e-15   8472.27 0 
  8234.64 4.4111e-15   8491.80 0 
  8253.63 4.8119e-15   8511.38 0 
  8272.65 4.7983e-15   8531.00 0 
  8291.72 4.6329e-15   8550.67 0 
  8310.84 4.5986e-15   8570.38 0 
  8330.00 4.4606e-15   8590.14 0 
  8349.20 4.5937e-15   8609.94 0 
  8368.45 4.6551e-15   8629.79 0 
  8387.74 4.5677e-15   8649.68 0 
  8407.07 4.5443e-15   8669.62 0 
  8426.45 4.5838e-15   8689.60 0 
  8445.88 4.3052e-15   8709.64 0 
  8465.35 4.4541e-15   8729.71 0 
  8484.86 4.5553e-15   8749.84 0 
  8504.43 4.2197e-15   8770.01 0 
  8524.03 4.3156e-15   8790.23 0 
  8543.68 4.3935e-15   8810.49 0 
  8563.38 4.4521e-15   8830.80 0 
  8583.11 4.5220e-15   8851.16 0 
  8602.90 4.3061e-15   8871.56 0 
  8622.73 4.3939e-15   8892.01 0 
  8642.61 4.5457e-15   8912.51 0 
  8662.53 4.2989e-15   8933.05 0 
  8682.50 4.1126e-15   8953.65 0 
  8702.52 4.3739e-15   8974.29 0 
  8722.58 4.4836e-15   8994.98 0 
  8742.68 4.4502e-15   9015.71 0 
  8762.84 4.1318e-15   9036.50 0 
  8783.04 4.3842e-15   9057.33 0 
  8803.29 4.5252e-15   9078.20 0 
  8823.58 4.5961e-15   9099.13 0 
  8843.92 4.4993e-15   9120.11 0 
  8864.31 4.2943e-15   9141.13 0 
  8884.74 4.1461e-15   9162.20 0 
  8905.23 4.3994e-15   9183.33 0 
  8925.75 4.4375e-15   9204.50 0 
  8946.33 4.4863e-15   9225.71 0 
  8966.95 4.4018e-15   9246.98 0 
  8987.62 4.2892e-15   9268.30 0 
  9008.34 4.1317e-15   9289.66 0 
  9029.11 3.9525e-15   9311.08 0 
  9049.92 4.5354e-15   9332.54 0 
  9070.78 4.2989e-15   9354.06 0 
  9091.69 4.3461e-15   9375.62 0 
  9112.66 4.4549e-15   9397.23 0 
  9133.66 4.5142e-15   9418.90 0 
  9154.71 4.2788e-15   9440.61 0 
  9175.82 4.2566e-15   9462.37 0 
  9196.97 4.3231e-15   9484.18 0 
  9218.17 4.0882e-15   9506.05 0 
  9239.43 3.7263e-15   9527.96 0 
  9260.72 4.2268e-15   9549.93 0 
  9282.07 4.3626e-15   9571.94 0 
  9303.47 4.1350e-15   9594.01 0 
  9324.92 4.2876e-15   9616.12 0 
  9346.41 4.2849e-15   9638.29 0 
  9367.95 4.2235e-15   9660.51 0 
  9389.55 4.2600e-15   9682.78 0 
  9411.20 4.1796e-15   9705.10 0 
  9432.89 4.2842e-15   9727.47 0 
  9454.64 4.2325e-15   9749.90 0 
  9476.43 4.2887e-15   9772.37 0 
  9498.28 4.2762e-15   9794.90 0 
  9520.18 4.1762e-15   9817.48 0 
  9542.12 3.8860e-15   9840.11 0 
  9564.12 4.1232e-15   9862.79 0 
  9586.16 4.2458e-15   9885.53 0 
  9608.26 4.2139e-15   9908.32 0 
  9630.41 4.2306e-15   9931.16 0 
  9652.61 4.1988e-15   9954.05 0 
  9674.87 4.1864e-15   9977.00 0 
  9697.17 4.2224e-15  10000.00 0 
  9719.52 4.1714e-15  10023.05 0 
  9741.92 4.1210e-15  10046.15 0 
  9764.38 4.1373e-15  10069.31 0 
  9786.90 4.0967e-15  10092.53 0 
  9809.46 4.1606e-15  10115.80 0 
  9832.07 4.1197e-15  10139.12 0 
  9854.73 4.1360e-15  10162.49 0 
  9877.45 4.1143e-15  10185.91 0 
  9900.22 4.1021e-15  10209.39 0 
  9923.05 4.1183e-15  10232.94 0 
  9945.92 4.1156e-15  10256.52 0 
  9968.85 4.1128e-15  10280.17 0 
  9991.83 4.0912e-15  10303.86 0 
 10014.86 4.0324e-15  10327.61 0 
 10084.28 3.9507e-15  10399.21 0 
 10130.83 4.0934e-15  10447.20 0 
 10177.59 4.0690e-15  10495.42 0 
 10224.56 4.0916e-15  10543.86 0 
 10271.76 4.1048e-15  10592.54 0 
 10295.44 4.0925e-15  10616.96 0 
 10511.02 3.9624e-15  10839.27 0 
 10706.44 3.8103e-15  11040.79 0 
 10905.49 3.6138e-15  11246.05 0 
 11108.23 3.4432e-15  11455.13 0 
 11288.72 3.4274e-15  11641.26 0 
 11498.59 3.4511e-15  11857.68 0 
 11712.37 3.3959e-15  12078.13 0 
 11902.69 3.2731e-15  12274.40 0 
 12096.09 3.2506e-15  12473.84 0 
 12292.64 3.2208e-15  12676.52 0 
 12492.37 3.1330e-15  12882.50 0 
 12695.36 3.0687e-15  13091.82 0 
 12901.64 3.0197e-15  13304.55 0 
 13111.27 2.9851e-15  13520.73 0 
 13293.67 2.9038e-15  13708.82 0 
 13509.68 2.8508e-15  13931.57 0 
 13697.62 2.8052e-15  14125.38 0 
 13888.17 2.7099e-15  14321.88 0 
 14113.83 2.5761e-15  14554.59 0 
 14310.18 2.5232e-15  14757.07 0 
 14509.25 2.5349e-15  14962.36 0 
 14711.10 2.4715e-15  15170.51 0 
 14915.74 2.5117e-15  15381.54 0 
 15088.46 2.5291e-15  15559.65 0 
 15298.36 2.5702e-15  15776.11 0 
 15511.18 2.5761e-15  15995.58 0 
 15690.80 2.5059e-15  16180.80 0 
 15909.08 2.3986e-15  16405.90 0 
 16093.28 2.3876e-15  16595.86 0 
 16317.17 2.3876e-15  16826.73 0 
 16506.11 2.3657e-15  17021.58 0 
 16697.25 2.3766e-15  17218.69 0 
 16890.60 2.3657e-15  17418.08 0 
 17086.17 2.3548e-15  17619.75 0 
 17284.02 2.2854e-15  17823.79 0 
 17484.17 2.2334e-15  18030.18 0 
 17686.63 2.1575e-15  18238.96 0 
 17891.41 2.0891e-15  18450.14 0 
 18098.59 1.9951e-15  18663.79 0 
 18308.17 1.9497e-15  18879.91 0 
 18520.17 1.8922e-15  19098.54 0 
 18691.52 1.8112e-15  19275.24 0 
 18907.97 1.7740e-15  19498.44 0 
 19082.93 1.7578e-15  19678.87 0 
 19303.88 1.7138e-15  19906.72 0 
 19482.51 1.6556e-15  20090.93 0 
 19708.11 1.6068e-15  20323.57 0 
 19890.45 1.5666e-15  20511.61 0 
 20120.78 1.5451e-15  20749.13 0 
 20306.96 1.5030e-15  20941.13 0 
 20494.85 1.4892e-15  21134.88 0 
 20684.49 1.4587e-15  21330.45 0 
 20924.01 1.4354e-15  21577.45 0 
 21117.61 1.4157e-15  21777.09 0 
 21313.02 1.3898e-15  21978.60 0 
 21510.23 1.3676e-15  22181.97 0 
 21709.25 1.3273e-15  22387.21 0 
 21910.13 1.3121e-15  22594.36 0 
 22112.85 1.2822e-15  22803.41 0 
 22317.47 1.2519e-15  23014.42 0 
 22523.98 1.2126e-15  23227.38 0 
 22680.09 1.1729e-15  23388.37 0 
 22889.96 1.0499e-15  23604.79 0 
 23101.74 1.0326e-15  23823.19 0 
 23315.51 9.0478e-16  24043.63 0 
 23477.11 8.4072e-16  24210.28 0 
 23694.36 8.4333e-16  24434.31 0 
 23913.61 7.7477e-16  24660.40 0 
 24079.36 7.3950e-16  24831.33 0 
 24302.17 7.2411e-16  25061.10 0 
 24527.02 6.7218e-16  25292.97 0 
 24697.05 6.5444e-16  25468.31 0 
 24701.11 6.0585e-16  25472.50 2 
 24794.98 5.9651e-16  25569.30 2 
 24888.85 5.6292e-16  25666.10 2 
 24982.62 5.6564e-16  25762.80 2 
 25076.49 5.6478e-16  25859.60 2 
 25170.36 5.6417e-16  25956.40 2 
 25264.13 5.8041e-16  26053.10 2 
 25358.00 5.8304e-16  26149.90 2 
 25451.77 6.0826e-16  26246.60 2 
 25545.64 5.8745e-16  26343.40 2 
 25639.51 6.3085e-16  26440.20 2 
 25733.28 6.0262e-16  26536.90 2 
 25827.14 5.9468e-16  26633.70 2 
 25921.01 5.9869e-16  26730.50 2 
 26014.78 6.3676e-16  26827.20 2 
 26108.65 6.4362e-16  26924.00 2 
 26202.42 6.2600e-16  27020.70 2 
 26296.29 5.9243e-16  27117.50 2 
 26390.16 5.5796e-16  27214.30 2 
 26483.93 5.0293e-16  27311.00 2 
 26577.80 5.0627e-16  27407.80 2 
 26671.67 5.4720e-16  27504.60 2 
 26765.44 5.0993e-16  27601.30 2 
 26859.31 5.2956e-16  27698.10 2 
 26953.08 5.4889e-16  27794.80 2 
 27046.95 5.3186e-16  27891.60 2 
 27140.82 6.3124e-16  27988.40 2 
 27234.59 5.4620e-16  28085.10 2 
 27328.46 5.4299e-16  28181.90 2 
 27422.33 5.0949e-16  28278.70 2 
 27516.10 5.4540e-16  28375.40 2 
 27609.97 5.1654e-16  28472.20 2 
 27703.74 5.2294e-16  28568.90 2 
 27797.61 5.1044e-16  28665.70 2 
 27891.48 4.9432e-16  28762.50 2 
 27985.25 4.1056e-16  28859.20 2 
 28079.12 4.9662e-16  28956.00 2 
 28172.99 4.6439e-16  29052.80 2 
 28266.76 4.7539e-16  29149.50 2 
 28360.62 4.6008e-16  29246.30 2 
 28454.40 4.3662e-16  29343.00 2 
 28548.27 4.1459e-16  29439.80 2 
 28642.13 4.2887e-16  29536.60 2 
 28735.91 4.0721e-16  29633.30 2 
 28829.78 4.2340e-16  29730.10 2 
 28923.64 4.1920e-16  29826.90 2 
 29017.42 4.1087e-16  29923.60 2 
 29111.28 4.0140e-16  30020.40 2 
 29205.05 3.8891e-16  30117.10 2 
 29298.92 3.5081e-16  30213.90 2 
 29392.79 3.8962e-16  30310.70 2 
 29486.56 3.5957e-16  30407.40 2 
 29580.43 3.8067e-16  30504.20 2 
 29674.30 3.9155e-16  30601.00 2 
 29768.07 3.9945e-16  30697.70 2 
 29861.94 3.6496e-16  30794.50 2 
 29955.71 3.8440e-16  30891.20 2 
 30049.58 3.5981e-16  30988.00 2 
 30143.45 3.5592e-16  31084.80 2 
 30237.22 3.6403e-16  31181.50 2 
 30331.09 3.5888e-16  31278.30 2 
 30424.96 3.5416e-16  31375.10 2 
 30518.73 3.6109e-16  31471.80 2 
 30612.60 3.1589e-16  31568.60 2 
 30706.37 3.3171e-16  31665.30 2 
 30800.24 3.2680e-16  31762.10 2 
 30894.11 3.7599e-16  31858.90 2 
 30987.88 3.4780e-16  31955.60 2 
 31081.75 3.5708e-16  32052.40 2 
 31175.62 3.2365e-16  32149.20 2 
 31269.39 3.2095e-16  32245.90 2 
 31363.26 3.6892e-16  32342.70 2 
 31457.03 3.7213e-16  32439.40 2 
 31550.90 3.5909e-16  32536.20 2 
 31644.77 3.7042e-16  32633.00 2 
 31738.54 3.6130e-16  32729.70 2 
 31832.41 3.8277e-16  32826.50 2 
 31926.28 4.0426e-16  32923.30 2 
 32020.05 3.7817e-16  33020.00 2 
 32113.92 4.2643e-16  33116.80 2 
 32207.69 4.6002e-16  33213.50 2 
 32301.56 5.2169e-16  33310.30 2 
 32395.42 5.2773e-16  33407.10 2 
 32489.20 6.3913e-16  33503.80 2 
 32583.07 7.3448e-16  33600.60 2 
 32676.93 8.3929e-16  33697.40 2 
 32770.71 9.1878e-16  33794.10 2 
 32864.57 8.9214e-16  33890.90 2 
 32958.35 8.3545e-16  33987.60 2 
 33052.21 7.3517e-16  34084.40 2 
 33146.08 6.4267e-16  34181.20 2 
 33239.85 5.4058e-16  34277.90 2 
 33333.72 4.9161e-16  34374.70 2 
 33427.59 4.7200e-16  34471.50 2 
 33521.36 4.8661e-16  34568.20 2 
 33615.23 4.3290e-16  34665.00 2 
 33709.00 4.7493e-16  34761.70 2 
 33802.87 4.5008e-16  34858.50 2 
 33896.74 4.7911e-16  34955.30 2 
 33990.51 4.7850e-16  35052.00 2 
 34084.38 4.8282e-16  35148.80 2 
 34178.25 4.3902e-16  35245.60 2 
 34272.02 4.1210e-16  35342.30 2 
 34365.89 4.1855e-16  35439.10 2 
 34459.66 4.3837e-16  35535.80 2 
 34553.53 4.0296e-16  35632.60 2 
 34647.40 4.0487e-16  35729.40 2 
 34741.17 4.0327e-16  35826.10 2 
 34835.04 4.0932e-16  35922.90 2 
 34928.90 4.0177e-16  36019.70 2 
 35022.68 4.0008e-16  36116.40 2 
 35116.54 4.0408e-16  36213.20 2 
 35210.32 4.0508e-16  36309.90 2 
 35304.18 3.8268e-16  36406.70 2 
 35398.05 3.5267e-16  36503.50 2 
 35491.83 3.8590e-16  36600.20 2 
 35585.69 3.8794e-16  36697.00 2 
 35679.56 3.9099e-16  36793.80 2 
 35773.33 4.1242e-16  36890.50 2 
 35867.20 3.7865e-16  36987.30 2 
 35960.97 3.5833e-16  37084.00 2 
 36054.84 3.6712e-16  37180.80 2 
 36148.71 3.5147e-16  37277.60 2 
 36242.48 3.5431e-16  37374.30 2 
 36336.35 3.6462e-16  37471.10 2 
 36430.22 3.6535e-16  37567.90 2 
 36523.99 3.5180e-16  37664.60 2 
 36617.86 3.5998e-16  37761.40 2 
 36711.63 3.4409e-16  37858.10 2 
 36805.50 3.6023e-16  37954.90 2 
 36899.37 3.6399e-16  38051.70 2 
 36993.14 3.7301e-16  38148.40 2 
 37087.01 3.7090e-16  38245.20 2 
 37180.88 3.7262e-16  38342.00 2 
 37274.65 4.1077e-16  38438.70 2 
 37368.52 3.9639e-16  38535.50 2 
 37462.29 3.8145e-16  38632.20 2 
 37556.16 3.7327e-16  38729.00 2 
 37650.03 3.6295e-16  38825.80 2 
 37743.80 3.7779e-16  38922.50 2 
 37837.67 3.6702e-16  39019.30 2 
 37931.53 3.6255e-16  39116.10 2 
 38025.31 3.5722e-16  39212.80 2 
 38119.17 3.4859e-16  39309.60 2 
 38212.95 3.6748e-16  39406.30 2 
 38306.82 3.7399e-16  39503.10 2 
 38400.68 3.5756e-16  39599.90 2 
 38494.46 3.5937e-16  39696.60 2 
 38588.33 3.4265e-16  39793.40 2 
 38682.19 3.6031e-16  39890.20 2 
 38775.96 3.6510e-16  39986.90 2 
 38869.83 3.6255e-16  40083.70 2 
 38963.61 3.4371e-16  40180.40 2 
 39057.47 3.4769e-16  40277.20 2 
 39151.34 3.7745e-16  40374.00 2 
 39245.11 3.8935e-16  40470.70 2 
 39338.98 3.7325e-16  40567.50 2 
 39432.85 3.7268e-16  40664.30 2 
 39526.62 3.8105e-16  40761.00 2 
 39620.49 3.3293e-16  40857.80 2 
 39714.26 3.4766e-16  40954.50 2 
 39808.13 3.4752e-16  41051.30 2 
 39902.00 3.6288e-16  41148.10 2 
 39995.77 3.6121e-16  41244.80 2 
 40089.64 3.6164e-16  41341.60 2 
 40183.51 3.9842e-16  41438.40 2 
 40277.28 4.4925e-16  41535.10 2 
 40371.15 5.0841e-16  41631.90 2 
 40464.92 4.9467e-16  41728.60 2 
 40558.79 4.3799e-16  41825.40 2 
 40652.66 4.2312e-16  41922.20 2 
 40746.43 3.6450e-16  42018.90 2 
 40840.30 3.5142e-16  42115.70 2 
 40934.17 3.5298e-16  42212.50 2 
 41027.94 3.5642e-16  42309.20 2 
 41121.81 3.5615e-16  42406.00 2 
 41215.58 3.7848e-16  42502.70 2 
 41309.45 3.4417e-16  42599.50 2 
 41403.32 3.7183e-16  42696.30 2 
 41497.09 3.4224e-16  42793.00 2 
 41590.96 3.5854e-16  42889.80 2 
 41684.82 3.4476e-16  42986.60 2 
 41778.60 3.4268e-16  43083.30 2 
 41872.46 3.4146e-16  43180.10 2 
 41966.24 3.7680e-16  43276.80 2 
 42060.10 3.2419e-16  43373.60 2 
 42153.98 3.2957e-16  43470.40 2 
 42247.74 3.2384e-16  43567.10 2 
 42341.62 3.1490e-16  43663.90 2 
 42435.48 2.8121e-16  43760.70 2 
 42529.25 2.7491e-16  43857.40 2 
 42623.12 2.8140e-16  43954.20 2 
 42716.89 2.8690e-16  44050.90 2 
 42810.77 3.1538e-16  44147.70 2 
 42904.63 3.5319e-16  44244.50 2 
 42998.41 3.5716e-16  44341.20 2 
 43092.27 3.6845e-16  44438.00 2 
 43186.14 3.6136e-16  44534.80 2 
 43279.91 3.5640e-16  44631.50 2 
 43373.78 3.5619e-16  44728.30 2 
 43467.55 3.6828e-16  44825.00 2 
 43561.42 3.6517e-16  44921.80 2 
 43655.29 3.6335e-16  45018.60 2 
 43749.06 3.7654e-16  45115.30 2 
 43842.93 3.7255e-16  45212.10 2 
 43936.80 3.8020e-16  45308.90 2 
 44030.57 3.5655e-16  45405.60 2 
 44124.44 3.5449e-16  45502.40 2 
 44218.21 3.6402e-16  45599.10 2 
 44312.08 3.3386e-16  45695.90 2 
 44405.95 3.6075e-16  45792.70 2 
 44499.72 3.4501e-16  45889.40 2 
 44593.59 3.4877e-16  45986.20 2 
 44687.46 3.4525e-16  46083.00 2 
 44781.23 3.3622e-16  46179.70 2 
 44875.09 3.2899e-16  46276.50 2 
 44968.87 3.2179e-16  46373.20 2 
 45062.74 3.2780e-16  46470.00 2 
 45156.61 3.0782e-16  46566.80 2 
 45250.38 3.2478e-16  46663.50 2 
 45344.25 3.2362e-16  46760.30 2 
 45438.11 3.0937e-16  46857.10 2 
 45531.89 3.1815e-16  46953.80 2 
 45625.75 2.8629e-16  47050.60 2 
 45719.52 2.8909e-16  47147.30 2 
 45813.40 2.8681e-16  47244.10 2 
 45907.26 3.0668e-16  47340.90 2 
 46001.04 2.8266e-16  47437.60 2 
 46094.90 3.1446e-16  47534.40 2 
 46188.77 3.4498e-16  47631.20 2 
 46282.54 3.6865e-16  47727.90 2 
 46376.41 3.3029e-16  47824.70 2 
 46470.18 3.4115e-16  47921.40 2 
 46564.05 3.4478e-16  48018.20 2 
 46657.92 3.3884e-16  48115.00 2 
 46751.69 3.4178e-16  48211.70 2 
 46845.56 3.4274e-16  48308.50 2 
 46939.43 3.1987e-16  48405.30 2 
 47033.20 3.6310e-16  48502.00 2 
 47127.07 3.1898e-16  48598.80 2 
 47220.84 3.3781e-16  48695.50 2 
 47314.71 3.1451e-16  48792.30 2 
 47408.58 3.4367e-16  48889.10 2 
 47502.35 2.9927e-16  48985.80 2 
 47596.22 3.2859e-16  49082.60 2 
 47690.09 3.3674e-16  49179.40 2 
 47783.86 3.3938e-16  49276.10 2 
 47877.73 3.5001e-16  49372.90 2 
 47972.47 3.2858e-16  49470.60 2 
 48452.19 3.4632e-16  49965.31 0 
 48936.72 3.6423e-16  50464.96 0 
 49426.08 3.8233e-16  50969.61 0 
 49920.34 4.0061e-16  51479.30 0 
 50419.55 4.1907e-16  51994.10 0 
 50592.55 4.2547e-16  52172.50 3 
 50885.79 4.3263e-16  52474.90 3 
 51179.03 4.5199e-16  52777.30 3 
 51472.27 4.4674e-16  53079.70 3 
 51765.52 4.4824e-16  53382.10 3 
 52058.86 5.1310e-16  53684.60 3 
 52352.10 5.8306e-16  53987.00 3 
 52645.34 5.3706e-16  54289.40 3 
 52938.58 5.2526e-16  54591.80 3 
 53231.82 5.3555e-16  54894.20 3 
 53525.16 5.3878e-16  55196.70 3 
 53818.41 4.6556e-16  55499.10 3 
 54111.65 4.7566e-16  55801.50 3 
 54404.89 4.8175e-16  56103.90 3 
 54698.13 4.9489e-16  56406.30 3 
 54991.47 5.2707e-16  56708.80 3 
 55284.71 5.1944e-16  57011.20 3 
 55577.95 5.2807e-16  57313.60 3 
 55871.20 5.4584e-16  57616.00 3 
 56164.44 6.0639e-16  57918.40 3 
 56457.78 6.3426e-16  58220.90 3 
 56751.02 6.3199e-16  58523.30 3 
 57044.26 6.4213e-16  58825.70 3 
 57337.50 6.2791e-16  59128.10 3 
 57630.75 5.9680e-16  59430.50 3 
 57924.09 5.5663e-16  59733.00 3 
 58217.33 5.4920e-16  60035.40 3 
 58510.57 5.5098e-16  60337.80 3 
 58803.82 5.4903e-16  60640.20 3 
 59097.06 5.3408e-16  60942.60 3 
 59390.40 5.2393e-16  61245.10 3 
 59683.64 5.5225e-16  61547.50 3 
 59976.88 6.3648e-16  61849.90 3 
 60270.13 6.7264e-16  62152.30 3 
 60563.37 6.6880e-16  62454.70 3 
 60856.71 7.1379e-16  62757.20 3 
 61149.95 8.0732e-16  63059.60 3 
 61443.19 1.0157e-15  63362.00 3 
 61736.43 1.4478e-15  63664.40 3 
 62029.67 1.6937e-15  63966.80 3 
 62323.02 1.6661e-15  64269.30 3 
 62616.26 1.4517e-15  64571.70 3 
 62909.50 1.2564e-15  64874.10 3 
 63202.74 1.0830e-15  65176.50 3 
 63495.99 9.8206e-16  65478.90 3 
 63789.32 9.0511e-16  65781.40 3 
 64082.56 8.4690e-16  66083.80 3 
 64375.80 8.0648e-16  66386.20 3 
 64669.05 7.5549e-16  66688.60 3 
 64962.29 7.2900e-16  66991.00 3 
 65255.63 7.2069e-16  67293.50 3 
 65548.87 7.0679e-16  67595.90 3 
 65842.12 7.4002e-16  67898.30 3 
 66135.35 7.3772e-16  68200.70 3 
 66428.60 7.4964e-16  68503.10 3 
 66721.94 7.5273e-16  68805.60 3 
 67015.18 7.3132e-16  69108.00 3 
 67308.42 7.3154e-16  69410.40 3 
 67601.67 7.0796e-16  69712.80 3 
 67894.91 6.7653e-16  70015.20 3 
 68188.25 6.6687e-16  70317.70 3 
 68481.49 6.6113e-16  70620.10 3 
 68774.73 7.1498e-16  70922.50 3 
 69067.97 7.8690e-16  71224.90 3 
 69361.22 8.2165e-16  71527.30 3 
 69654.55 9.9004e-16  71829.80 3 
 69947.80 1.0535e-15  72132.20 3 
 70241.04 9.2561e-16  72434.60 3 
 70534.28 8.9175e-16  72737.00 3 
 70827.53 9.1518e-16  73039.40 3 
 71120.86 9.1013e-16  73341.90 3 
 71414.11 9.0105e-16  73644.30 3 
 71707.35 9.1465e-16  73946.70 3 
 72000.59 9.3256e-16  74249.10 3 
 72293.84 9.2902e-16  74551.50 3 
 72587.18 9.7170e-16  74854.00 3 
 72880.42 9.9420e-16  75156.40 3 
 73173.66 1.0802e-15  75458.80 3 
 73466.90 1.1180e-15  75761.20 3 
 74053.39 1.2289e-15  76366.00 3 
 74639.97 1.4353e-15  76970.90 3 
 75226.45 1.6204e-15  77575.70 3 
 75812.94 1.8259e-15  78180.50 3 
 76399.52 1.8683e-15  78785.40 3 
 76986.01 1.7897e-15  79390.20 3 
 77572.59 1.7309e-15  79995.10 3 
 78159.07 1.6682e-15  80599.90 3 
 78745.56 1.5849e-15  81204.70 3 
 79332.13 1.4351e-15  81809.59 3 
 79918.62 1.2607e-15  82414.40 3 
 80505.11 1.1105e-15  83019.20 3 
 81091.68 1.0016e-15  83624.09 3 
 81678.17 9.2515e-16  84228.90 3 
 82264.65 8.7897e-16  84833.70 3 
 82851.24 8.5082e-16  85438.60 3 
 83437.72 8.3151e-16  86043.40 3 
 84024.31 7.9442e-16  86648.30 3 
 84610.79 7.8905e-16  87253.10 3 
 85197.28 7.8769e-16  87857.91 3 
 85783.86 8.0109e-16  88462.80 3 
 86370.34 7.5098e-16  89067.60 3 
 86956.83 6.3386e-16  89672.41 3 
 87543.40 5.2538e-16  90277.30 3 
 88129.89 4.2531e-16  90882.10 3 
 88716.37 3.4798e-16  91486.90 3 
 89302.95 3.0703e-16  92091.80 3 
 89889.44 3.0058e-16  92696.60 3 
 90476.02 2.5821e-16  93301.50 3 
 91062.51 2.1545e-16  93906.30 3 
 91649.00 1.9706e-16  94511.10 3 
 92235.57 1.9384e-16  95115.99 3 
 92822.06 1.8266e-16  95720.80 3 
 93408.55 1.6733e-16  96325.60 3 
 93995.13 1.6081e-16  96930.50 3 
 94581.61 1.5804e-16  97535.30 3 
 95168.09 1.5206e-16  98140.09 3 
 95754.68 1.5363e-16  98745.00 3 
 96341.17 1.6586e-16  99349.80 3 
 96927.75 1.5710e-16  99954.70 3 
 97514.23 1.3417e-16 100559.50 3 
 98100.72 1.2698e-16 101164.30 3 
 98687.30 1.2437e-16 101769.20 3 
 99273.78 1.2334e-16 102374.00 3 
 99860.27 1.2716e-16 102978.80 3 
100446.84 1.3363e-16 103583.70 3 
101033.33 1.3696e-16 104188.50 3 
101619.81 1.3494e-16 104793.30 3 
102206.39 1.3523e-16 105398.20 3 
102792.88 1.3616e-16 106003.00 3 
103379.47 1.3706e-16 106607.91 3 
103965.94 1.4452e-16 107212.70 3 
104552.43 1.6044e-16 107817.50 3 
105139.02 1.8185e-16 108422.41 3 
105725.50 1.8614e-16 109027.20 3 
106311.98 1.8015e-16 109632.00 3 
106898.56 1.7831e-16 110236.90 3 
107485.05 1.8021e-16 110841.70 3 
108071.54 1.8214e-16 111446.51 3 
108658.11 1.8633e-16 112051.40 3 
109244.60 2.0137e-16 112656.20 3 
109831.18 2.3852e-16 113261.10 3 
110417.67 2.6930e-16 113865.90 3 
111004.15 3.1593e-16 114470.70 3 
111590.73 4.6539e-16 115075.60 3 
112177.22 6.7037e-16 115680.40 3 
112763.71 6.6580e-16 116285.20 3 
113350.28 5.8336e-16 116890.09 3 
113936.77 4.9595e-16 117494.90 3 
114523.25 4.3791e-16 118099.70 3 
115109.83 3.9969e-16 118704.59 3 
115696.32 3.8266e-16 119309.40 3 
116282.91 3.6954e-16 119914.30 3 
116869.39 3.6877e-16 120519.10 3 
117455.87 3.7494e-16 121123.90 3 
118042.46 3.8332e-16 121728.80 3 
118628.94 4.0293e-16 122333.60 3 
119215.43 4.2090e-16 122938.41 3 
119802.00 4.4045e-16 123543.30 3 
120388.49 4.5614e-16 124148.10 3 
120974.98 4.6311e-16 124752.91 3 
121561.55 4.7638e-16 125357.80 3 
122148.04 5.0318e-16 125962.60 3 
122734.62 5.3254e-16 126567.50 3 
123321.10 5.5075e-16 127172.30 3 
123907.59 5.6488e-16 127777.10 3 
124494.17 5.9009e-16 128382.00 3 
125080.65 6.2573e-16 128986.80 3 
125667.14 6.6250e-16 129591.60 3 
126253.73 6.9374e-16 130196.51 3 
126840.20 7.1925e-16 130801.30 3 
127426.69 8.5421e-16 131406.09 3 
128013.27 1.0646e-15 132011.00 3 
128599.76 9.7805e-16 132615.80 3 
129186.24 6.1857e-16 133220.59 3 
129772.82 5.6970e-16 133825.50 3 
130359.31 5.5095e-16 134430.30 3 
130945.89 5.5183e-16 135035.20 3 
131532.38 5.5242e-16 135640.00 3 
132118.86 5.4263e-16 136244.80 3 
132705.44 5.4543e-16 136849.70 3 
133291.93 5.4356e-16 137454.50 3 
133878.41 5.3813e-16 138059.30 3 
134465.00 5.3661e-16 138664.20 3 
135051.48 5.4243e-16 139269.00 3 
135637.96 5.4895e-16 139873.80 3 
136224.55 5.3122e-16 140478.70 3 
136811.03 5.2537e-16 141083.50 3 
137397.62 5.1468e-16 141688.41 3 
137984.10 5.0944e-16 142293.20 3 
138570.58 5.0004e-16 142898.00 3 
139157.17 4.7410e-16 143502.91 3 
139743.65 4.5889e-16 144107.70 3 
140330.13 4.4775e-16 144712.50 3 
141359.58 5.0880e-16 145774.09 3 
142180.74 5.1105e-16 146620.91 3 
143001.90 5.0723e-16 147467.70 3 
143823.05 5.0193e-16 148314.50 3 
144644.11 4.9754e-16 149161.20 3 
145465.27 4.8417e-16 150008.00 3 
146286.42 4.9112e-16 150854.80 3 
147107.48 4.9138e-16 151701.50 3 
147928.63 4.9015e-16 152548.30 3 
148749.79 4.7782e-16 153395.09 3 
149570.85 4.7053e-16 154241.80 3 
150392.00 4.6397e-16 155088.59 3 
151213.17 4.5508e-16 155935.41 3 
152034.23 4.4164e-16 156782.11 3 
152855.39 4.3663e-16 157628.91 3 
153676.54 4.3965e-16 158475.70 3 
154497.59 4.3997e-16 159322.39 3 
155318.75 5.3465e-16 160169.20 3 
156139.91 5.0679e-16 161016.00 3 
156961.06 4.3247e-16 161862.80 3 
157782.12 4.2277e-16 162709.50 3 
158603.29 4.1723e-16 163556.31 3 
159424.43 4.0712e-16 164403.09 3 
160245.51 4.0225e-16 165249.81 3 
161066.64 4.0235e-16 166096.59 3 
161887.80 4.0391e-16 166943.39 3 
162708.87 4.1559e-16 167790.11 3 
163530.01 4.4268e-16 168636.89 3 
164351.18 4.6444e-16 169483.70 3 
165172.23 4.5366e-16 170330.39 3 
165993.40 4.4520e-16 171177.20 3 
166814.55 4.4270e-16 172024.00 3 
167635.60 4.4807e-16 172870.69 3 
168456.76 4.5308e-16 173717.50 3 
169277.92 4.6500e-16 174564.30 3 
170099.07 4.9173e-16 175411.09 3 
170920.13 4.8737e-16 176257.80 3 
171741.30 4.6666e-16 177104.61 3 
172562.44 4.5738e-16 177951.39 3 
173383.52 4.5276e-16 178798.11 3 
174204.67 4.5852e-16 179644.91 3 
175025.82 4.4885e-16 180491.70 3 
175846.88 4.3438e-16 181338.41 3 
176668.02 4.3424e-16 182185.19 3 
177489.19 4.2766e-16 183032.00 3 
178310.25 4.3193e-16 183878.70 3 
179131.41 4.2522e-16 184725.50 3 
179952.56 4.1108e-16 185572.30 3 
180773.61 4.0920e-16 186418.98 3 
181594.77 4.0453e-16 187265.80 3 
182415.94 3.9924e-16 188112.61 3 
183237.10 4.0199e-16 188959.41 3 
184058.14 4.0183e-16 189806.09 3 
184879.31 3.9984e-16 190652.91 3 
185700.45 4.0503e-16 191499.69 3 
186521.53 4.4136e-16 192346.41 3 
187342.68 5.4397e-16 193193.20 3 
188163.83 4.5070e-16 194040.00 3 
188984.89 4.1136e-16 194886.70 3 
189806.06 4.3396e-16 195733.52 3 
190627.20 4.2587e-16 196580.30 3 
191448.26 4.3391e-16 197427.00 3 
192269.42 4.3686e-16 198273.80 3 
193090.57 4.4368e-16 199120.59 3 
193911.65 4.4721e-16 199967.31 3 
194732.78 4.5022e-16 200814.09 3 
195553.95 4.5834e-16 201660.91 3 
196375.10 4.6040e-16 202507.70 3 
197196.15 4.6385e-16 203354.39 3 
198017.32 4.7802e-16 204201.20 3 
199659.54 4.6836e-16 205894.70 3 
201301.84 4.8859e-16 207588.30 3 
202944.07 4.9830e-16 209281.81 3 
204586.27 5.0891e-16 210975.30 3 
206228.58 5.2262e-16 212668.89 3 
207870.79 5.3088e-16 214362.39 3 
209513.11 5.3639e-16 216056.00 3 
211155.33 5.4314e-16 217749.50 3 
212797.55 5.4687e-16 219443.00 3 
214439.87 5.5485e-16 221136.61 3 
216082.08 5.6848e-16 222830.11 3 
217724.28 5.7399e-16 224523.59 3 
219366.59 5.8729e-16 226217.19 3 
221008.82 5.8752e-16 227910.70 3 
222651.12 5.9086e-16 229604.30 3 
224293.34 5.9592e-16 231297.80 3 
225935.56 6.0463e-16 232991.30 3 
227577.88 6.1120e-16 234684.91 3 
229220.09 6.2072e-16 236378.41 3 
230862.31 6.2724e-16 238071.91 3 
232504.60 6.3129e-16 239765.48 3 
234146.83 6.3706e-16 241459.00 3 
235789.13 6.5194e-16 243152.59 3 
237431.35 6.5964e-16 244846.09 3 
239073.57 6.7639e-16 246539.59 3 
240715.89 6.8531e-16 248233.20 3 
242358.10 7.0546e-16 249926.70 3 
244000.32 7.2008e-16 251620.20 3 
245642.64 7.2259e-16 253313.81 3 
247284.85 7.2879e-16 255007.31 3 
248927.14 7.4965e-16 256700.89 3 
250569.36 7.6066e-16 258394.39 3 
252211.58 7.6856e-16 260087.89 3 
253853.90 7.6709e-16 261781.50 3 
255496.11 7.7912e-16 263475.00 3 
257138.33 7.9541e-16 265168.50 3 
258780.63 8.1565e-16 266862.09 3 
260422.85 8.2271e-16 268555.59 3 
262065.15 8.2555e-16 270249.19 3 
263707.37 8.3590e-16 271942.69 3 
265349.62 8.4502e-16 273636.22 3 
266991.92 8.4384e-16 275329.81 3 
268634.11 8.4011e-16 277023.28 3 
270276.32 8.5506e-16 278716.78 3 
271918.66 8.6534e-16 280410.41 3 
273560.87 8.7492e-16 282103.91 3 
275203.18 8.7532e-16 283797.50 3 
276845.40 8.8327e-16 285491.00 3 
278487.61 8.9540e-16 287184.50 3 
280129.92 9.0347e-16 288878.09 3 
281772.13 9.1573e-16 290571.59 3 
283414.35 9.1804e-16 292265.09 3 
285056.65 9.2403e-16 293958.69 3 
286698.87 9.3018e-16 295652.19 3 
288341.17 9.3846e-16 297345.78 3 
289983.42 9.4602e-16 299039.31 3 
291625.64 9.4814e-16 300732.81 3 
293267.94 9.5362e-16 302426.41 3 
294910.16 9.6355e-16 304119.91 3 
296552.37 9.6946e-16 305813.41 3 
298194.68 9.8386e-16 307507.00 3 
299836.89 9.8673e-16 309200.50 3 
301479.20 9.8288e-16 310894.09 3 
303121.42 9.8423e-16 312587.59 3 
304763.63 9.8743e-16 314281.09 3 
306405.94 1.0109e-15 315974.69 3 
308048.18 1.0009e-15 317668.22 3 
309690.40 1.0024e-15 319361.72 3 
311332.70 1.0060e-15 321055.31 3 
312974.89 1.0244e-15 322748.78 3 
314617.22 1.0316e-15 324442.41 3 
316259.44 1.0323e-15 326135.91 3 
317901.66 1.0274e-15 327829.41 3 
319543.96 1.0260e-15 329523.00 3 
321186.18 1.0418e-15 331216.50 3 
322828.39 1.0656e-15 332910.00 3 
324470.73 1.0933e-15 334603.62 3 
326112.94 1.0660e-15 336297.12 3 
327755.22 1.1075e-15 337990.69 3 
329397.44 1.1579e-15 339684.19 3 
331039.68 1.0876e-15 341377.72 3 
332681.96 1.1094e-15 343071.28 3 
334324.17 1.1321e-15 344764.78 3 
335966.39 1.1524e-15 346458.28 3 
337608.72 1.1344e-15 348151.91 3 
339250.91 1.1227e-15 349845.38 3 
