# An Atlas of Galaxy Spectral Energy Distributions from the Ultraviolet to the Mid-Infrared
# Brown et al. (2014)
# http://dx.doi.org/10.5072/03/529D3551F0117
# 
# Column 1 : Restframe Wavelength (Angstrom)
# Column 2 : Flux per unit wavelength (ergs/s/cm^2/Angstrom)
# Column 3 : Observed wavelength (Angstrom)
# Column 4 : Source (0 = model, 1 = Optical Spectrum, 2 = Akari, 3 = Spitzer IRS)
# 
   100.06 1.3588e-26    100.46 0 
   101.92 2.2037e-26    102.33 0 
   104.06 3.2371e-26    104.47 0 
   105.99 4.8212e-26    106.41 0 
   107.96 7.2804e-26    108.39 0 
   109.97 1.2251e-25    110.41 0 
   114.10 2.4108e-25    114.55 0 
   118.11 4.3869e-25    118.58 0 
   121.14 2.0284e-24    121.62 0 
   125.10 3.3278e-24    125.60 0 
   127.14 4.1035e-24    127.64 0 
   128.02 4.6361e-24    128.53 0 
   131.00 6.1966e-24    131.52 0 
   131.91 7.8011e-24    132.43 0 
   134.05 9.3359e-24    134.59 0 
   136.86 1.4098e-23    137.40 0 
   140.05 1.8162e-23    140.60 0 
   142.98 6.0139e-23    143.55 0 
   146.98 1.9371e-22    147.57 0 
   151.10 2.5244e-22    151.71 0 
   154.98 3.3049e-22    155.60 0 
   158.95 4.3267e-22    159.59 0 
   161.91 5.2138e-22    162.55 0 
   166.06 6.7477e-22    166.72 0 
   169.93 8.4558e-22    170.61 0 
   173.09 1.0027e-21    173.78 0 
   177.12 1.2392e-21    177.83 0 
   180.00 1.4426e-21    180.72 0 
   182.08 1.5965e-21    182.81 0 
   185.90 1.9371e-21    186.64 0 
   191.10 2.4443e-21    191.87 0 
   194.21 2.8194e-21    194.98 0 
   197.82 3.3355e-21    198.61 0 
   201.96 3.9642e-21    202.77 0 
   204.77 4.4787e-21    205.59 0 
   210.02 5.2018e-21    210.86 0 
   215.91 6.8101e-21    216.77 0 
   219.92 7.9096e-21    220.80 0 
   222.98 8.6927e-21    223.87 0 
   227.13 1.0050e-20    228.03 0 
   229.76 1.6755e-20    230.67 0 
   234.03 3.0002e-20    234.96 0 
   240.03 4.2380e-20    240.99 0 
   246.19 4.5306e-20    247.17 0 
   251.92 5.4345e-20    252.93 0 
   257.20 5.0484e-20    258.23 0 
   260.18 6.1540e-20    261.22 0 
   263.80 6.9528e-20    264.85 0 
   268.70 7.5711e-20    269.77 0 
   273.70 8.2065e-20    274.79 0 
   278.79 8.8952e-20    279.90 0 
   283.97 9.6196e-20    285.10 0 
   289.91 1.0027e-19    291.07 0 
   295.99 1.1096e-19    297.17 0 
   300.79 1.1753e-19    302.00 0 
   307.80 1.3066e-19    309.03 0 
   317.88 1.5106e-19    319.15 0 
   328.30 1.6949e-19    329.61 0 
   338.27 1.8757e-19    339.63 0 
   347.75 2.0566e-19    349.14 0 
   356.67 2.2344e-19    358.10 0 
   365.82 2.4387e-19    367.28 0 
   375.21 2.6131e-19    376.70 0 
   384.83 2.7237e-19    386.37 0 
   394.70 3.0210e-19    396.28 0 
   404.83 3.2671e-19    406.44 0 
   414.26 3.4368e-19    415.91 0 
   421.96 3.5576e-19    423.64 0 
   429.80 3.7081e-19    431.52 0 
   440.83 3.9551e-19    442.59 0 
   451.10 4.1225e-19    452.90 0 
   459.48 4.2575e-19    461.32 0 
   470.19 4.4479e-19    472.06 0 
   480.03 4.6790e-19    481.95 0 
   490.08 4.7660e-19    492.04 0 
   500.35 5.0484e-19    502.34 0 
   506.14 5.2258e-19    508.16 0 
   512.00 7.5711e-19    514.04 0 
   520.32 8.0197e-19    522.40 0 
   529.99 8.5341e-19    532.11 0 
   539.85 8.5932e-19    542.00 0 
   549.88 1.1224e-18    552.08 0 
   560.11 1.3218e-18    562.34 0 
   570.52 1.5316e-18    572.80 0 
   579.79 1.5176e-18    582.10 0 
   590.57 1.9149e-18    592.93 0 
   600.16 2.0852e-18    602.56 0 
   609.92 2.4669e-18    612.35 0 
   619.83 2.9118e-18    622.30 0 
   629.90 3.2746e-18    632.41 0 
   640.13 3.3741e-18    642.69 0 
   650.53 4.0009e-18    653.13 0 
   658.07 4.4684e-18    660.69 0 
   665.69 4.7770e-18    668.34 0 
   674.95 4.8996e-18    677.64 0 
   684.34 5.0252e-18    687.07 0 
   695.46 6.8101e-18    698.23 0 
   705.13 6.7633e-18    707.95 0 
   716.59 8.2444e-18    719.45 0 
   726.56 8.8543e-18    729.46 0 
   734.97 9.4440e-18    737.90 0 
   745.19 1.1121e-17    748.17 0 
   755.56 1.2279e-17    758.58 0 
   764.31 1.3402e-17    767.36 0 
   774.94 1.5037e-17    778.04 0 
   785.72 1.6678e-17    788.86 0 
   794.82 1.7830e-17    797.99 0 
   805.88 1.9061e-17    809.10 0 
   815.21 2.0237e-17    818.46 0 
   824.65 2.2864e-17    827.94 0 
   834.20 1.8628e-17    837.53 0 
   845.80 2.5012e-17    849.18 0 
   855.60 2.6312e-17    859.01 0 
   865.51 2.9051e-17    868.96 0 
   875.53 3.2000e-17    879.02 0 
   885.67 3.5905e-17    889.20 0 
   895.92 3.8740e-17    899.50 0 
   904.21 3.8829e-17    907.82 0 
   914.68 6.6398e-17    918.33 0 
   925.27 5.3971e-16    928.97 0 
   935.99 1.2251e-15    939.72 0 
   944.65 2.4443e-15    948.42 0 
   955.59 3.6573e-15    959.40 0 
   964.43 3.9188e-15    968.28 0 
   975.60 5.4345e-16    979.49 0 
   984.62 2.9591e-15    988.55 0 
   996.02 3.4927e-15   1000.00 0 
  1005.24 5.7432e-15   1009.25 0 
  1014.54 5.7830e-15   1018.59 0 
  1023.93 2.5478e-15   1028.02 0 
  1035.79 3.7858e-15   1039.92 0 
  1045.37 8.1876e-15   1049.54 0 
  1055.04 8.1312e-15   1059.25 0 
  1064.80 6.0556e-15   1069.05 0 
  1074.66 7.6235e-15   1078.95 0 
  1084.60 5.6906e-15   1088.93 0 
  1094.64 8.3206e-15   1099.01 0 
  1104.76 7.9645e-15   1109.18 0 
  1114.99 7.4844e-15   1119.44 0 
  1125.30 6.6246e-15   1129.80 0 
  1135.72 9.1866e-15   1140.25 0 
  1146.22 8.2824e-15   1150.80 0 
  1154.17 9.1024e-15   1158.78 0 
  1164.85 9.4440e-15   1169.50 0 
  1175.63 6.0835e-15   1180.32 0 
  1183.78 9.4223e-15   1188.50 0 
  1194.73 6.0139e-15   1199.50 0 
  1205.78 3.9642e-15   1210.60 0 
  1214.14 3.1344e-15   1218.99 0 
  1225.38 6.7013e-15   1230.27 0 
  1233.87 1.0744e-14   1238.80 0 
  1245.29 1.1780e-14   1250.26 0 
  1253.92 1.1045e-14   1258.93 0 
  1265.52 9.4223e-15   1270.57 0 
  1274.29 1.2565e-14   1279.38 0 
  1286.09 1.3218e-14   1291.22 0 
  1295.00 9.6196e-15   1300.17 0 
  1303.98 9.8210e-15   1309.18 0 
  1316.04 1.3006e-14   1321.30 0 
  1325.16 1.2251e-14   1330.45 0 
  1334.35 1.0523e-14   1339.68 0 
  1343.60 1.3279e-14   1348.96 0 
  1356.03 1.2887e-14   1361.44 0 
  1365.43 1.1250e-14   1370.88 0 
  1374.90 1.1972e-14   1380.38 0 
  1384.43 1.2194e-14   1389.95 0 
  1394.02 1.0260e-14   1399.59 0 
  1403.69 1.0843e-14   1409.29 0 
  1413.42 1.1224e-14   1419.06 0 
  1426.49 1.1699e-14   1432.19 0 
  1436.38 1.1780e-14   1442.12 0 
  1443.01 1.2536e-14   1448.77 0 
  1446.34 1.2710e-14   1452.11 0 
  1456.36 1.2307e-14   1462.18 0 
  1466.46 1.1224e-14   1472.31 0 
  1476.62 1.1407e-14   1482.52 0 
  1483.44 1.1672e-14   1489.36 0 
  1493.72 1.1917e-14   1499.69 0 
  1504.08 1.1045e-14   1510.08 0 
  1511.02 9.6418e-15   1517.05 0 
  1517.99 1.0499e-14   1524.05 0 
  1525.00 1.0308e-14   1531.09 0 
  1535.57 8.7530e-15   1541.70 0 
  1546.21 9.6196e-15   1552.39 0 
  1553.35 9.2078e-15   1559.55 0 
  1564.12 9.5534e-15   1570.36 0 
  1574.96 1.0237e-14   1581.25 0 
  1585.88 1.0868e-14   1592.21 0 
  1593.20 1.1019e-14   1599.56 0 
  1604.24 1.1019e-14   1610.65 0 
  1615.36 1.1224e-14   1621.81 0 
  1626.56 1.0621e-14   1633.05 0 
  1634.07 1.1512e-14   1640.59 0 
  1645.39 1.1672e-14   1651.96 0 
  1656.80 1.0893e-14   1663.41 0 
  1664.45 1.1972e-14   1671.09 0 
  1672.13 1.0868e-14   1678.80 0 
  1675.98 1.1999e-14   1682.67 0 
  1683.72 1.2594e-14   1690.44 0 
  1695.39 1.1835e-14   1702.16 0 
  1703.22 1.1380e-14   1710.02 0 
  1715.02 1.0572e-14   1721.87 0 
  1726.91 1.0572e-14   1733.80 0 
  1734.88 1.1407e-14   1741.81 0 
  1746.91 1.1147e-14   1753.88 0 
  1754.97 1.1944e-14   1761.98 0 
  1763.07 1.1045e-14   1770.11 0 
  1775.29 1.1121e-14   1782.38 0 
  1783.49 1.1512e-14   1790.61 0 
  1795.85 1.2336e-14   1803.02 0 
  1804.14 1.2450e-14   1811.34 0 
  1816.64 1.1096e-14   1823.90 0 
  1825.03 1.1645e-14   1832.31 0 
  1833.45 1.1147e-14   1840.77 0 
  1846.16 1.0190e-14   1853.53 0 
  1854.68 1.0004e-14   1862.09 0 
  1863.24 1.0403e-14   1870.68 0 
  1876.16 1.1699e-14   1883.65 0 
  1884.82 1.0499e-14   1892.34 0 
  1893.52 9.9119e-15   1901.08 0 
  1906.64 1.0918e-14   1914.26 0 
  1915.44 1.0213e-14   1923.09 0 
  1924.29 1.0050e-14   1931.97 0 
  1933.17 1.0719e-14   1940.89 0 
  1946.57 1.1019e-14   1954.34 0 
  1955.55 1.0143e-14   1963.36 0 
  1969.11 1.1407e-14   1976.97 0 
  1978.20 1.1889e-14   1986.10 0 
  1982.76 1.1096e-14   1990.67 0 
  1996.50 1.0818e-14   2004.47 0 
  2005.72 1.1407e-14   2013.72 0 
  2014.98 1.0944e-14   2023.02 0 
  2024.28 1.1726e-14   2032.36 0 
  2033.62 1.0793e-14   2041.74 0 
  2043.01 1.1302e-14   2051.16 0 
  2057.17 1.0793e-14   2065.38 0 
  2066.66 1.0918e-14   2074.91 0 
  2076.20 1.1780e-14   2084.49 0 
  2085.79 1.1486e-14   2094.11 0 
  2095.41 1.0793e-14   2103.78 0 
  2105.09 1.1070e-14   2113.49 0 
  2114.80 1.1224e-14   2123.24 0 
  2124.56 1.1433e-14   2133.04 0 
  2134.37 1.0793e-14   2142.89 0 
  2144.22 1.0843e-14   2152.78 0 
  2154.12 1.1407e-14   2162.72 0 
  2164.06 1.1173e-14   2172.70 0 
  2174.05 1.1096e-14   2182.73 0 
  2184.09 1.0769e-14   2192.81 0 
  2194.17 1.1302e-14   2202.93 0 
  2204.30 1.1070e-14   2213.09 0 
  2214.47 1.0645e-14   2223.31 0 
  2224.69 1.0260e-14   2233.57 0 
  2234.96 1.0843e-14   2243.88 0 
  2245.28 1.0523e-14   2254.24 0 
  2255.64 1.0096e-14   2264.64 0 
  2266.05 1.0451e-14   2275.10 0 
  2276.51 1.0670e-14   2285.60 0 
  2287.02 1.0893e-14   2296.15 0 
  2297.57 1.0308e-14   2306.75 0 
  2302.87 1.0308e-14   2312.07 0 
  2313.50 9.8213e-15   2322.74 0 
  2324.18 7.5888e-15   2333.46 0 
  2334.91 9.2508e-15   2344.23 0 
  2345.69 9.1872e-15   2355.05 0 
  2356.51 9.6425e-15   2365.92 0 
  2367.39 9.1032e-15   2376.84 0 
  2372.85 9.2512e-15   2382.32 0 
  2383.80 8.8349e-15   2393.32 0 
  2394.80 9.3585e-15   2404.36 0 
  2405.86 8.9787e-15   2415.46 0 
  2416.96 9.1879e-15   2426.61 0 
  2422.53 9.5328e-15   2432.20 0 
  2433.72 9.1459e-15   2443.43 0 
  2444.95 9.6434e-15   2454.71 0 
  2456.23 9.5331e-15   2466.04 0 
  2467.57 9.4894e-15   2477.42 0 
  2473.26 9.1885e-15   2483.13 0 
  2484.68 9.5115e-15   2494.60 0 
  2496.14 8.8360e-15   2506.11 0 
  2507.67 9.7109e-15   2517.68 0 
  2513.45 8.9179e-15   2523.48 0 
  2519.24 9.3168e-15   2529.30 0 
  2525.05 8.9386e-15   2535.13 0 
  2536.70 9.0422e-15   2546.83 0 
  2542.55 8.7958e-15   2552.70 0 
  2554.29 9.2743e-15   2564.48 0 
  2566.08 9.1262e-15   2576.32 0 
  2577.92 9.5784e-15   2588.21 0 
  2583.86 9.4907e-15   2594.18 0 
  2595.79 9.4472e-15   2606.15 0 
  2607.77 9.1687e-15   2618.18 0 
  2613.78 9.1056e-15   2624.22 0 
  2625.85 9.3179e-15   2636.33 0 
  2637.97 9.4694e-15   2648.50 0 
  2644.05 9.9386e-15   2654.61 0 
  2656.26 1.0031e-14   2666.86 0 
  2662.38 9.3397e-15   2673.01 0 
  2674.67 9.7127e-15   2685.34 0 
  2687.01 9.6238e-15   2697.74 0 
  2693.21 9.3400e-15   2703.96 0 
  2705.64 9.4701e-15   2716.44 0 
  2718.13 9.1909e-15   2728.98 0 
  2724.39 9.2122e-15   2735.27 0 
  2736.97 9.5361e-15   2747.89 0 
  2743.28 8.6771e-15   2754.23 0 
  2755.94 8.7575e-15   2766.94 0 
  2762.29 8.9615e-15   2773.32 0 
  2775.04 9.2766e-15   2786.12 0 
  2787.85 9.0864e-15   2798.98 0 
  2794.28 7.9689e-15   2805.43 0 
  2807.18 8.4024e-15   2818.38 0 
  2813.65 9.2343e-15   2824.88 0 
  2826.64 9.3845e-15   2837.92 0 
  2833.15 8.9829e-15   2844.46 0 
  2846.23 8.9006e-15   2857.59 0 
  2852.79 8.7988e-15   2864.18 0 
  2865.96 9.2775e-15   2877.40 0 
  2872.56 9.1925e-15   2884.03 0 
  2885.82 9.1715e-15   2897.34 0 
  2892.48 9.1084e-15   2904.02 0 
  2912.53 9.5160e-15   2924.15 0 
  2932.71 9.2996e-15   2944.42 0 
  2953.04 9.1511e-15   2964.83 0 
  2966.67 9.2359e-15   2978.52 0 
  2987.24 9.1937e-15   2999.16 0 
  3007.94 9.2363e-15   3019.95 0 
  3028.79 9.2365e-15   3040.89 0 
  3049.79 9.1731e-15   3061.96 0 
  3070.93 9.1523e-15   3083.19 0 
  3092.22 9.1314e-15   3104.56 0 
  3106.49 9.0896e-15   3118.89 0 
  3128.02 8.9858e-15   3140.51 0 
  3149.70 8.9860e-15   3162.28 0 
  3171.54 8.9038e-15   3184.20 0 
  3193.52 8.6216e-15   3206.27 0 
  3208.26 8.7820e-15   3221.07 0 
  3230.50 8.5626e-15   3243.40 0 
  3252.89 8.7421e-15   3265.88 0 
  3267.91 8.8435e-15   3280.95 0 
  3290.56 8.7626e-15   3303.70 0 
  3313.37 8.7427e-15   3326.60 0 
  3321.01 8.8033e-15   3334.26 0 
  3328.66 8.9054e-15   3341.95 0 
  3336.34 8.9465e-15   3349.66 0 
  3344.03 8.5439e-15   3357.38 0 
  3351.74 8.8239e-15   3365.12 0 
  3359.46 8.5244e-15   3372.87 0 
  3367.21 8.5836e-15   3380.65 0 
  3374.97 8.2162e-15   3388.44 0 
  3382.75 8.3306e-15   3396.25 0 
  3390.55 8.7434e-15   3404.08 0 
  3398.36 8.8041e-15   3411.93 0 
  3406.20 8.4662e-15   3419.79 0 
  3414.05 8.5643e-15   3427.68 0 
  3421.92 8.7437e-15   3435.58 0 
  3429.81 8.7036e-15   3443.50 0 
  3437.71 8.8045e-15   3451.44 0 
  3445.64 8.2548e-15   3459.39 0 
  3453.58 8.7440e-15   3467.37 0 
  3461.54 8.2550e-15   3475.36 0 
  3469.52 8.3892e-15   3483.37 0 
  3477.52 8.2172e-15   3491.40 0 
  3485.54 8.3124e-15   3499.45 0 
  3493.57 8.3894e-15   3507.52 0 
  3501.63 8.4088e-15   3515.60 0 
  3509.70 8.2364e-15   3523.71 0 
  3517.79 8.1422e-15   3531.83 0 
  3525.90 8.3128e-15   3539.97 0 
  3534.03 8.5065e-15   3548.13 0 
  3542.17 8.6847e-15   3556.31 0 
  3550.34 8.7449e-15   3564.51 0 
  3558.52 8.5263e-15   3572.73 0 
  3566.73 8.6649e-15   3580.96 0 
  3574.95 8.1240e-15   3589.22 0 
  3583.19 7.9026e-15   3597.49 0 
  3591.45 7.7051e-15   3605.79 0 
  3599.73 8.2943e-15   3614.10 0 
  3608.03 8.1243e-15   3622.43 0 
  3616.34 8.2184e-15   3630.78 0 
  3624.68 8.4487e-15   3639.15 0 
  3633.04 8.8674e-15   3647.54 0 
  3641.41 8.6060e-15   3655.95 0 
  3649.80 8.3908e-15   3664.37 0 
  3658.22 8.7661e-15   3672.82 0 
  3666.65 8.6659e-15   3681.29 0 
  3674.51 1.1047e-14   3689.18 1 
  3677.25 8.6583e-15   3691.93 1 
  3679.99 7.3690e-15   3694.68 1 
  3682.73 1.0632e-14   3697.43 1 
  3685.47 8.5973e-15   3700.18 1 
  3688.21 8.3528e-15   3702.93 1 
  3690.95 8.9504e-15   3705.68 1 
  3693.68 7.4884e-15   3708.43 1 
  3696.42 8.9471e-15   3711.18 1 
  3699.16 8.8653e-15   3713.93 1 
  3701.90 7.8172e-15   3716.68 1 
  3704.64 6.8105e-15   3719.43 1 
  3707.38 6.6895e-15   3722.18 1 
  3710.12 7.8751e-15   3724.93 1 
  3712.86 8.4862e-15   3727.68 1 
  3715.60 7.5359e-15   3730.43 1 
  3718.34 1.1911e-14   3733.18 1 
  3721.08 2.2486e-14   3735.93 1 
  3723.81 4.2562e-14   3738.68 1 
  3726.55 6.9020e-14   3741.43 1 
  3729.29 7.3567e-14   3744.18 1 
  3732.03 5.7305e-14   3746.93 1 
  3734.77 2.9894e-14   3749.68 1 
  3737.51 1.2650e-14   3752.43 1 
  3740.25 1.1032e-14   3755.18 1 
  3742.99 6.3206e-15   3757.93 1 
  3745.73 7.3645e-15   3760.68 1 
  3748.47 8.4136e-15   3763.43 1 
  3751.21 7.7184e-15   3766.18 1 
  3753.94 7.8620e-15   3768.93 1 
  3756.68 7.2785e-15   3771.68 1 
  3759.42 9.4645e-15   3774.43 1 
  3762.16 9.2871e-15   3777.18 1 
  3764.90 8.6593e-15   3779.93 1 
  3767.64 7.6115e-15   3782.68 1 
  3770.38 7.5802e-15   3785.43 1 
  3773.12 8.0510e-15   3788.18 1 
  3775.86 9.5496e-15   3790.93 1 
  3778.60 8.4298e-15   3793.68 1 
  3781.33 1.0318e-14   3796.43 1 
  3784.07 1.0371e-14   3799.18 1 
  3786.81 9.0645e-15   3801.93 1 
  3789.55 7.6147e-15   3804.68 1 
  3792.29 7.5017e-15   3807.43 1 
  3795.03 8.7963e-15   3810.18 1 
  3797.77 8.5777e-15   3812.93 1 
  3800.51 8.5288e-15   3815.68 1 
  3803.25 7.9321e-15   3818.43 1 
  3805.99 9.9022e-15   3821.18 1 
  3808.73 1.0190e-14   3823.93 1 
  3811.46 9.5258e-15   3826.68 1 
  3814.20 9.1879e-15   3829.43 1 
  3816.94 9.4126e-15   3832.18 1 
  3819.68 9.1855e-15   3834.93 1 
  3822.42 9.2492e-15   3837.68 1 
  3825.16 8.5986e-15   3840.43 1 
  3827.90 7.9293e-15   3843.18 1 
  3830.64 7.7256e-15   3845.93 1 
  3833.38 8.8196e-15   3848.68 1 
  3836.12 9.4167e-15   3851.43 1 
  3838.86 9.1636e-15   3854.18 1 
  3841.59 8.7196e-15   3856.93 1 
  3844.33 9.3572e-15   3859.68 1 
  3847.07 8.0992e-15   3862.43 1 
  3849.81 9.1239e-15   3865.18 1 
  3852.55 1.0573e-14   3867.93 1 
  3855.29 9.1750e-15   3870.68 1 
  3858.03 1.0072e-14   3873.43 1 
  3860.77 1.0813e-14   3876.18 1 
  3863.51 1.1462e-14   3878.93 1 
  3866.25 1.3149e-14   3881.68 1 
  3868.98 1.4617e-14   3884.43 1 
  3871.72 1.3280e-14   3887.18 1 
  3874.46 1.1291e-14   3889.93 1 
  3877.20 1.0789e-14   3892.68 1 
  3879.94 1.0196e-14   3895.43 1 
  3882.68 1.0362e-14   3898.18 1 
  3885.42 1.1686e-14   3900.93 1 
  3888.16 1.2244e-14   3903.68 1 
  3890.90 1.2144e-14   3906.43 1 
  3893.64 1.0160e-14   3909.18 1 
  3896.38 9.1158e-15   3911.93 1 
  3899.11 8.6804e-15   3914.68 1 
  3901.85 9.2717e-15   3917.43 1 
  3904.59 9.5169e-15   3920.18 1 
  3907.33 1.0085e-14   3922.93 1 
  3910.07 9.8579e-15   3925.68 1 
  3912.81 9.3031e-15   3928.43 1 
  3915.55 9.7636e-15   3931.18 1 
  3918.29 8.5488e-15   3933.93 1 
  3921.03 9.3731e-15   3936.68 1 
  3923.77 9.9616e-15   3939.43 1 
  3926.51 9.8911e-15   3942.18 1 
  3929.24 8.1845e-15   3944.93 1 
  3931.98 8.0522e-15   3947.68 1 
  3934.72 8.1575e-15   3950.43 1 
  3937.46 8.5740e-15   3953.18 1 
  3940.20 9.3512e-15   3955.93 1 
  3942.94 9.6587e-15   3958.68 1 
  3945.68 1.0074e-14   3961.43 1 
  3948.42 1.0579e-14   3964.18 1 
  3951.16 9.5499e-15   3966.93 1 
  3953.90 9.9129e-15   3969.68 1 
  3956.64 1.0135e-14   3972.43 1 
  3959.37 9.9776e-15   3975.18 1 
  3962.11 8.1577e-15   3977.93 1 
  3964.85 8.4788e-15   3980.68 1 
  3967.59 9.9427e-15   3983.43 1 
  3970.33 9.9375e-15   3986.18 1 
  3973.07 1.0423e-14   3988.93 1 
  3975.81 8.7873e-15   3991.68 1 
  3978.55 8.7828e-15   3994.43 1 
  3981.29 9.5050e-15   3997.18 1 
  3984.03 9.7057e-15   3999.93 1 
  3986.76 1.0217e-14   4002.68 1 
  3989.50 1.0327e-14   4005.43 1 
  3992.24 1.0252e-14   4008.18 1 
  3994.98 9.6596e-15   4010.93 1 
  3997.72 9.3413e-15   4013.68 1 
  4000.46 1.0779e-14   4016.43 1 
  4003.20 1.0070e-14   4019.18 1 
  4005.94 1.0416e-14   4021.93 1 
  4008.68 1.1718e-14   4024.68 1 
  4011.42 1.0823e-14   4027.43 1 
  4014.16 1.0173e-14   4030.18 1 
  4016.89 1.1738e-14   4032.93 1 
  4019.63 1.2166e-14   4035.68 1 
  4022.37 1.2022e-14   4038.43 1 
  4025.11 1.2343e-14   4041.18 1 
  4027.85 1.2266e-14   4043.93 1 
  4030.59 1.1542e-14   4046.68 1 
  4033.33 1.1666e-14   4049.43 1 
  4036.07 1.0644e-14   4052.18 1 
  4038.81 1.0077e-14   4054.93 1 
  4041.55 1.0797e-14   4057.68 1 
  4044.29 1.2151e-14   4060.43 1 
  4047.02 1.1812e-14   4063.18 1 
  4049.76 1.0993e-14   4065.93 1 
  4052.50 1.1083e-14   4068.68 1 
  4055.24 1.1147e-14   4071.43 1 
  4057.98 1.0764e-14   4074.18 1 
  4060.72 1.1092e-14   4076.93 1 
  4063.46 1.0318e-14   4079.68 1 
  4066.20 1.1321e-14   4082.43 1 
  4068.94 1.1489e-14   4085.18 1 
  4071.68 1.2198e-14   4087.93 1 
  4074.41 1.2036e-14   4090.68 1 
  4077.15 1.1398e-14   4093.43 1 
  4079.89 1.0703e-14   4096.18 1 
  4082.63 1.0639e-14   4098.93 1 
  4085.37 1.0108e-14   4101.68 1 
  4088.11 1.0603e-14   4104.43 1 
  4090.85 1.0219e-14   4107.18 1 
  4093.59 9.9526e-15   4109.93 1 
  4096.33 1.0312e-14   4112.68 1 
  4099.07 1.2341e-14   4115.43 1 
  4101.81 1.3835e-14   4118.18 1 
  4104.54 1.4145e-14   4120.93 1 
  4107.28 1.2964e-14   4123.68 1 
  4110.02 1.1947e-14   4126.43 1 
  4112.76 1.0393e-14   4129.18 1 
  4115.50 9.6058e-15   4131.93 1 
  4118.24 9.5961e-15   4134.68 1 
  4120.98 1.0273e-14   4137.43 1 
  4123.72 1.0540e-14   4140.18 1 
  4126.46 1.0488e-14   4142.93 1 
  4129.20 1.0483e-14   4145.68 1 
  4131.94 1.1451e-14   4148.43 1 
  4134.67 1.0999e-14   4151.18 1 
  4137.41 1.0775e-14   4153.93 1 
  4140.15 1.0192e-14   4156.68 1 
  4142.89 1.0510e-14   4159.43 1 
  4145.63 1.0400e-14   4162.18 1 
  4148.37 1.0426e-14   4164.93 1 
  4151.11 1.1347e-14   4167.68 1 
  4153.85 1.1106e-14   4170.43 1 
  4156.59 9.9467e-15   4173.18 1 
  4159.33 9.6142e-15   4175.93 1 
  4162.07 1.1179e-14   4178.68 1 
  4164.80 1.0944e-14   4181.43 1 
  4167.54 1.1092e-14   4184.18 1 
  4170.28 1.0441e-14   4186.93 1 
  4173.02 1.0191e-14   4189.68 1 
  4175.76 1.0751e-14   4192.43 1 
  4178.50 1.0306e-14   4195.18 1 
  4181.24 1.0724e-14   4197.93 1 
  4183.98 1.1255e-14   4200.68 1 
  4186.72 1.1717e-14   4203.43 1 
  4189.46 1.1583e-14   4206.18 1 
  4192.19 1.0647e-14   4208.93 1 
  4194.93 1.1135e-14   4211.68 1 
  4197.67 1.0153e-14   4214.43 1 
  4200.41 9.5522e-15   4217.18 1 
  4203.15 1.0417e-14   4219.93 1 
  4205.89 1.1642e-14   4222.68 1 
  4208.63 1.0440e-14   4225.43 1 
  4211.37 1.1212e-14   4228.18 1 
  4214.11 9.8150e-15   4230.93 1 
  4216.85 1.0580e-14   4233.68 1 
  4219.59 1.1297e-14   4236.43 1 
  4222.32 1.0234e-14   4239.18 1 
  4225.06 1.0608e-14   4241.93 1 
  4227.80 9.7719e-15   4244.68 1 
  4230.54 1.0251e-14   4247.43 1 
  4233.28 1.0186e-14   4250.18 1 
  4236.02 1.1466e-14   4252.93 1 
  4238.76 1.1170e-14   4255.68 1 
  4241.50 1.0352e-14   4258.43 1 
  4244.24 1.1029e-14   4261.18 1 
  4246.98 1.0960e-14   4263.93 1 
  4249.72 1.0351e-14   4266.68 1 
  4252.45 9.7836e-15   4269.43 1 
  4255.19 1.0966e-14   4272.18 1 
  4257.93 1.0625e-14   4274.93 1 
  4260.67 1.0396e-14   4277.68 1 
  4263.41 1.0073e-14   4280.43 1 
  4266.15 1.0133e-14   4283.18 1 
  4268.89 1.0959e-14   4285.93 1 
  4271.63 9.1621e-15   4288.68 1 
  4274.37 1.0019e-14   4291.43 1 
  4277.11 9.9639e-15   4294.18 1 
  4279.85 1.0508e-14   4296.93 1 
  4282.58 1.0487e-14   4299.68 1 
  4285.32 1.0032e-14   4302.43 1 
  4288.06 1.0094e-14   4305.18 1 
  4290.80 1.0468e-14   4307.93 1 
  4293.54 1.0667e-14   4310.68 1 
  4296.28 9.1176e-15   4313.43 1 
  4299.02 9.3445e-15   4316.18 1 
  4301.76 1.0058e-14   4318.93 1 
  4304.50 9.5466e-15   4321.68 1 
  4307.24 9.7301e-15   4324.43 1 
  4309.97 9.1591e-15   4327.18 1 
  4312.71 9.1976e-15   4329.93 1 
  4315.45 1.0006e-14   4332.68 1 
  4318.19 1.0284e-14   4335.43 1 
  4320.93 1.1144e-14   4338.18 1 
  4323.67 1.1326e-14   4340.93 1 
  4326.41 9.7945e-15   4343.68 1 
  4329.15 9.5158e-15   4346.43 1 
  4331.89 9.5155e-15   4349.18 1 
  4334.63 1.1157e-14   4351.93 1 
  4337.37 1.4707e-14   4354.68 1 
  4340.10 1.8133e-14   4357.43 1 
  4342.84 1.9379e-14   4360.18 1 
  4345.58 1.5815e-14   4362.93 1 
  4348.32 1.2349e-14   4365.68 1 
  4351.06 1.0748e-14   4368.43 1 
  4353.80 1.0331e-14   4371.18 1 
  4356.54 1.0103e-14   4373.93 1 
  4359.28 1.0479e-14   4376.68 1 
  4362.02 1.2105e-14   4379.43 1 
  4364.76 1.1461e-14   4382.18 1 
  4367.50 1.1578e-14   4384.93 1 
  4370.23 1.0358e-14   4387.68 1 
  4372.97 1.0223e-14   4390.43 1 
  4375.71 1.0410e-14   4393.18 1 
  4378.45 1.0635e-14   4395.93 1 
  4381.19 9.7129e-15   4398.68 1 
  4383.93 9.8431e-15   4401.43 1 
  4386.67 9.9331e-15   4404.18 1 
  4389.41 9.7837e-15   4406.93 1 
  4392.15 9.5215e-15   4409.68 1 
  4394.89 9.5858e-15   4412.43 1 
  4397.62 1.0018e-14   4415.18 1 
  4400.36 1.0271e-14   4417.93 1 
  4403.10 1.0376e-14   4420.68 1 
  4405.84 1.0443e-14   4423.43 1 
  4408.58 1.0140e-14   4426.18 1 
  4411.32 1.1113e-14   4428.93 1 
  4414.06 1.1010e-14   4431.68 1 
  4416.80 1.0461e-14   4434.43 1 
  4419.54 1.0191e-14   4437.18 1 
  4422.28 1.1056e-14   4439.93 1 
  4425.02 1.0492e-14   4442.68 1 
  4427.75 1.0530e-14   4445.43 1 
  4430.49 9.8566e-15   4448.18 1 
  4433.23 9.4504e-15   4450.93 1 
  4435.97 1.0237e-14   4453.68 1 
  4438.71 1.0666e-14   4456.43 1 
  4441.45 1.0385e-14   4459.18 1 
  4444.19 1.0446e-14   4461.93 1 
  4446.93 1.0087e-14   4464.68 1 
  4449.67 1.0329e-14   4467.43 1 
  4452.41 1.0634e-14   4470.18 1 
  4455.15 1.0176e-14   4472.93 1 
  4457.88 1.0412e-14   4475.68 1 
  4460.62 1.0512e-14   4478.43 1 
  4463.36 1.0353e-14   4481.18 1 
  4466.10 1.0922e-14   4483.93 1 
  4468.84 1.1149e-14   4486.68 1 
  4471.58 1.1139e-14   4489.43 1 
  4474.32 1.1580e-14   4492.18 1 
  4477.06 1.2109e-14   4494.93 1 
  4479.80 1.1325e-14   4497.68 1 
  4482.54 1.1248e-14   4500.43 1 
  4485.27 1.0705e-14   4503.18 1 
  4488.01 1.0265e-14   4505.93 1 
  4490.75 1.0067e-14   4508.68 1 
  4493.49 1.0320e-14   4511.43 1 
  4496.23 1.0876e-14   4514.18 1 
  4498.97 1.1119e-14   4516.93 1 
  4501.71 1.1035e-14   4519.68 1 
  4504.45 1.0695e-14   4522.43 1 
  4507.19 1.1019e-14   4525.18 1 
  4509.93 1.1500e-14   4527.93 1 
  4512.67 1.1796e-14   4530.68 1 
  4515.40 1.1259e-14   4533.43 1 
  4518.14 1.0951e-14   4536.18 1 
  4520.88 1.1165e-14   4538.93 1 
  4523.62 1.0715e-14   4541.68 1 
  4526.36 9.5761e-15   4544.43 1 
  4529.10 1.0062e-14   4547.18 1 
  4531.84 1.0608e-14   4549.93 1 
  4534.58 1.0800e-14   4552.68 1 
  4537.32 1.0544e-14   4555.43 1 
  4540.06 1.0535e-14   4558.18 1 
  4542.80 1.0790e-14   4560.93 1 
  4545.53 1.0477e-14   4563.68 1 
  4548.27 1.0289e-14   4566.43 1 
  4551.01 1.0628e-14   4569.18 1 
  4553.75 1.0669e-14   4571.93 1 
  4556.49 1.1003e-14   4574.68 1 
  4559.23 1.1110e-14   4577.43 1 
  4561.97 1.1056e-14   4580.18 1 
  4564.71 1.1257e-14   4582.93 1 
  4567.45 1.1341e-14   4585.68 1 
  4570.19 1.0882e-14   4588.43 1 
  4572.93 1.0956e-14   4591.18 1 
  4575.66 1.0790e-14   4593.93 1 
  4578.40 1.0980e-14   4596.68 1 
  4581.14 1.0761e-14   4599.43 1 
  4583.88 1.0398e-14   4602.18 1 
  4586.62 1.0872e-14   4604.93 1 
  4589.36 1.1076e-14   4607.68 1 
  4592.10 1.0952e-14   4610.43 1 
  4594.84 1.0999e-14   4613.18 1 
  4597.58 1.0917e-14   4615.93 1 
  4600.32 1.0921e-14   4618.68 1 
  4603.05 1.1363e-14   4621.43 1 
  4605.79 1.1395e-14   4624.18 1 
  4608.53 1.1123e-14   4626.93 1 
  4611.27 1.1390e-14   4629.68 1 
  4614.01 1.1008e-14   4632.43 1 
  4616.75 1.1198e-14   4635.18 1 
  4619.49 1.1231e-14   4637.93 1 
  4622.23 1.1198e-14   4640.68 1 
  4624.97 1.1337e-14   4643.43 1 
  4627.71 1.1290e-14   4646.18 1 
  4630.45 1.0557e-14   4648.93 1 
  4633.18 1.0719e-14   4651.68 1 
  4635.92 1.1289e-14   4654.43 1 
  4638.66 1.1304e-14   4657.18 1 
  4641.40 1.1036e-14   4659.93 1 
  4644.14 1.1304e-14   4662.68 1 
  4646.88 1.1186e-14   4665.43 1 
  4649.62 1.0980e-14   4668.18 1 
  4652.36 1.0649e-14   4670.93 1 
  4655.10 1.0536e-14   4673.68 1 
  4657.84 1.0495e-14   4676.43 1 
  4660.58 1.0648e-14   4679.18 1 
  4663.31 1.0650e-14   4681.93 1 
  4666.05 1.0839e-14   4684.68 1 
  4668.79 1.0671e-14   4687.43 1 
  4671.53 1.1042e-14   4690.18 1 
  4674.27 1.0869e-14   4692.93 1 
  4677.01 1.0689e-14   4695.68 1 
  4679.75 1.0972e-14   4698.43 1 
  4682.49 1.1521e-14   4701.18 1 
  4685.23 1.1453e-14   4703.93 1 
  4687.97 1.0906e-14   4706.68 1 
  4690.70 1.0698e-14   4709.43 1 
  4693.44 1.1279e-14   4712.18 1 
  4696.18 1.1007e-14   4714.93 1 
  4698.92 1.0870e-14   4717.68 1 
  4701.66 1.0657e-14   4720.43 1 
  4704.40 1.0613e-14   4723.18 1 
  4707.14 1.0471e-14   4725.93 1 
  4709.88 1.0531e-14   4728.68 1 
  4712.62 1.0704e-14   4731.43 1 
  4715.36 1.0855e-14   4734.18 1 
  4718.10 1.0470e-14   4736.93 1 
  4720.83 1.0814e-14   4739.68 1 
  4723.57 1.1023e-14   4742.43 1 
  4726.31 1.1047e-14   4745.18 1 
  4729.05 1.1146e-14   4747.93 1 
  4731.79 1.1597e-14   4750.68 1 
  4734.53 1.1146e-14   4753.43 1 
  4737.27 1.1368e-14   4756.18 1 
  4740.01 1.1250e-14   4758.93 1 
  4742.75 1.0957e-14   4761.68 1 
  4745.49 1.1336e-14   4764.43 1 
  4748.23 1.1091e-14   4767.18 1 
  4750.96 1.1451e-14   4769.93 1 
  4753.70 1.1065e-14   4772.68 1 
  4756.44 1.0911e-14   4775.43 1 
  4759.18 1.0798e-14   4778.18 1 
  4761.92 1.0721e-14   4780.93 1 
  4764.66 1.0622e-14   4783.68 1 
  4767.40 1.0533e-14   4786.43 1 
  4770.14 1.0403e-14   4789.18 1 
  4772.88 1.0677e-14   4791.93 1 
  4775.62 1.0922e-14   4794.68 1 
  4778.35 1.0983e-14   4797.43 1 
  4781.09 1.1033e-14   4800.18 1 
  4783.83 1.0917e-14   4802.93 1 
  4786.57 1.0764e-14   4805.68 1 
  4789.31 1.1363e-14   4808.43 1 
  4792.05 1.0872e-14   4811.18 1 
  4794.79 1.0711e-14   4813.93 1 
  4797.53 1.0758e-14   4816.68 1 
  4800.27 1.1249e-14   4819.43 1 
  4803.01 1.1028e-14   4822.18 1 
  4805.75 1.0975e-14   4824.93 1 
  4808.48 1.1442e-14   4827.68 1 
  4811.22 1.0955e-14   4830.43 1 
  4813.96 1.0789e-14   4833.18 1 
  4816.70 1.0742e-14   4835.93 1 
  4819.44 1.1019e-14   4838.68 1 
  4822.18 1.0983e-14   4841.43 1 
  4824.92 1.0892e-14   4844.18 1 
  4827.66 1.0778e-14   4846.93 1 
  4830.40 1.1011e-14   4849.68 1 
  4833.14 1.1042e-14   4852.43 1 
  4835.88 1.0793e-14   4855.18 1 
  4838.61 1.0529e-14   4857.93 1 
  4841.35 1.0601e-14   4860.68 1 
  4844.09 1.0831e-14   4863.43 1 
  4846.83 1.0695e-14   4866.18 1 
  4849.57 1.0045e-14   4868.93 1 
  4852.31 1.0867e-14   4871.68 1 
  4855.05 1.2979e-14   4874.43 1 
  4857.79 2.1124e-14   4877.18 1 
  4860.53 3.2306e-14   4879.93 1 
  4863.27 3.6080e-14   4882.68 1 
  4866.01 2.8700e-14   4885.43 1 
  4868.74 1.7880e-14   4888.18 1 
  4871.48 1.2262e-14   4890.93 1 
  4874.22 1.1040e-14   4893.68 1 
  4876.96 1.0239e-14   4896.43 1 
  4879.70 1.1048e-14   4899.18 1 
  4882.44 1.0547e-14   4901.93 1 
  4885.18 9.7902e-15   4904.68 1 
  4887.92 1.0710e-14   4907.43 1 
  4890.66 1.0614e-14   4910.18 1 
  4893.40 1.0487e-14   4912.93 1 
  4896.13 1.0983e-14   4915.68 1 
  4898.87 1.1178e-14   4918.43 1 
  4901.61 1.0880e-14   4921.18 1 
  4904.35 1.0834e-14   4923.93 1 
  4907.09 1.1000e-14   4926.68 1 
  4909.83 1.0312e-14   4929.43 1 
  4912.57 1.0676e-14   4932.18 1 
  4915.31 1.0301e-14   4934.93 1 
  4918.05 1.0250e-14   4937.68 1 
  4920.79 1.0811e-14   4940.43 1 
  4923.53 1.0391e-14   4943.18 1 
  4926.26 1.0425e-14   4945.93 1 
  4929.00 1.0217e-14   4948.68 1 
  4931.74 1.0162e-14   4951.43 1 
  4934.48 9.5433e-15   4954.18 1 
  4937.22 1.0345e-14   4956.93 1 
  4939.96 1.1037e-14   4959.68 1 
  4942.70 1.0748e-14   4962.43 1 
  4945.44 1.0819e-14   4965.18 1 
  4948.18 1.1101e-14   4967.93 1 
  4950.92 1.2321e-14   4970.68 1 
  4953.66 1.3687e-14   4973.43 1 
  4956.39 2.0782e-14   4976.18 1 
  4959.13 2.6942e-14   4978.93 1 
  4961.87 2.7525e-14   4981.68 1 
  4964.61 2.0402e-14   4984.43 1 
  4967.35 1.4025e-14   4987.18 1 
  4970.09 1.1671e-14   4989.93 1 
  4972.83 1.0750e-14   4992.68 1 
  4975.57 1.0521e-14   4995.43 1 
  4978.31 1.0162e-14   4998.18 1 
  4981.05 1.0529e-14   5000.93 1 
  4983.78 1.1059e-14   5003.68 1 
  4986.52 1.0589e-14   5006.43 1 
  4989.26 1.1090e-14   5009.18 1 
  4992.00 1.0964e-14   5011.93 1 
  4994.74 1.0991e-14   5014.68 1 
  4997.48 1.2006e-14   5017.43 1 
  5000.22 1.5779e-14   5020.18 1 
  5002.96 2.8397e-14   5022.93 1 
  5005.70 5.1289e-14   5025.68 1 
  5008.44 6.3809e-14   5028.43 1 
  5011.18 5.2021e-14   5031.18 1 
  5013.91 2.9479e-14   5033.93 1 
  5016.65 1.6339e-14   5036.68 1 
  5019.39 1.2750e-14   5039.43 1 
  5022.13 1.1233e-14   5042.18 1 
  5024.87 1.0405e-14   5044.93 1 
  5027.61 1.0100e-14   5047.68 1 
  5030.35 1.0285e-14   5050.43 1 
  5033.09 1.0213e-14   5053.18 1 
  5035.83 1.0449e-14   5055.93 1 
  5038.57 1.1188e-14   5058.68 1 
  5041.31 1.0469e-14   5061.43 1 
  5044.04 1.0030e-14   5064.18 1 
  5046.78 1.0415e-14   5066.93 1 
  5049.52 1.0923e-14   5069.68 1 
  5052.26 1.0718e-14   5072.43 1 
  5055.00 9.8833e-15   5075.18 1 
  5057.74 1.0521e-14   5077.93 1 
  5060.48 9.9286e-15   5080.68 1 
  5063.22 1.0422e-14   5083.43 1 
  5065.96 1.0450e-14   5086.18 1 
  5068.70 1.0570e-14   5088.93 1 
  5071.44 1.1118e-14   5091.68 1 
  5074.17 1.0988e-14   5094.43 1 
  5076.91 1.0038e-14   5097.18 1 
  5079.65 1.0046e-14   5099.93 1 
  5082.39 1.0197e-14   5102.68 1 
  5085.13 1.0321e-14   5105.43 1 
  5087.87 1.0387e-14   5108.18 1 
  5090.61 1.0574e-14   5110.93 1 
  5093.35 1.0197e-14   5113.68 1 
  5096.09 1.0775e-14   5116.43 1 
  5098.83 9.8114e-15   5119.18 1 
  5101.56 1.0496e-14   5121.93 1 
  5104.30 1.0917e-14   5124.68 1 
  5107.04 1.0725e-14   5127.43 1 
  5109.78 1.0159e-14   5130.18 1 
  5112.52 9.5218e-15   5132.93 1 
  5115.26 1.0538e-14   5135.68 1 
  5118.00 1.0554e-14   5138.43 1 
  5120.74 1.0738e-14   5141.18 1 
  5123.48 1.0486e-14   5143.93 1 
  5126.22 9.6270e-15   5146.68 1 
  5128.96 1.0894e-14   5149.43 1 
  5131.69 1.0110e-14   5152.18 1 
  5134.43 1.0328e-14   5154.93 1 
  5137.17 9.7807e-15   5157.68 1 
  5139.91 1.0340e-14   5160.43 1 
  5142.65 1.0368e-14   5163.18 1 
  5145.39 1.0270e-14   5165.93 1 
  5148.13 1.0249e-14   5168.68 1 
  5150.87 1.0431e-14   5171.43 1 
  5153.61 1.0285e-14   5174.18 1 
  5156.35 9.5535e-15   5176.93 1 
  5159.09 1.0824e-14   5179.68 1 
  5161.82 1.0367e-14   5182.43 1 
  5164.56 1.0420e-14   5185.18 1 
  5167.30 9.9662e-15   5187.93 1 
  5170.04 9.2324e-15   5190.68 1 
  5172.78 8.8357e-15   5193.43 1 
  5175.52 8.9109e-15   5196.18 1 
  5178.26 9.7598e-15   5198.93 1 
  5181.00 9.8324e-15   5201.68 1 
  5183.74 1.0025e-14   5204.43 1 
  5186.48 9.6842e-15   5207.18 1 
  5189.21 9.7960e-15   5209.93 1 
  5191.95 9.8422e-15   5212.68 1 
  5194.69 1.0717e-14   5215.43 1 
  5197.43 1.1163e-14   5218.18 1 
  5200.17 1.1676e-14   5220.93 1 
  5202.91 1.0856e-14   5223.68 1 
  5205.65 1.0501e-14   5226.43 1 
  5208.39 1.0105e-14   5229.18 1 
  5211.13 9.9529e-15   5231.93 1 
  5213.87 1.0091e-14   5234.68 1 
  5216.61 1.0263e-14   5237.43 1 
  5219.34 1.0079e-14   5240.18 1 
  5222.08 1.0455e-14   5242.93 1 
  5224.82 1.0056e-14   5245.68 1 
  5227.56 9.6436e-15   5248.43 1 
  5230.30 9.5848e-15   5251.18 1 
  5233.04 1.0107e-14   5253.93 1 
  5235.78 1.0450e-14   5256.68 1 
  5238.52 9.9346e-15   5259.43 1 
  5241.26 1.0086e-14   5262.18 1 
  5244.00 1.0361e-14   5264.93 1 
  5246.74 1.0569e-14   5267.68 1 
  5249.47 1.0334e-14   5270.43 1 
  5252.21 1.0037e-14   5273.18 1 
  5254.95 1.0195e-14   5275.93 1 
  5257.69 1.0015e-14   5278.68 1 
  5260.43 1.0710e-14   5281.43 1 
  5263.17 1.0056e-14   5284.18 1 
  5265.91 9.1161e-15   5286.93 1 
  5268.65 9.8347e-15   5289.68 1 
  5271.39 9.6857e-15   5292.43 1 
  5274.13 1.0158e-14   5295.18 1 
  5276.86 1.0029e-14   5297.93 1 
  5279.60 1.0940e-14   5300.68 1 
  5282.34 1.0155e-14   5303.43 1 
  5285.08 1.0853e-14   5306.18 1 
  5287.82 1.0882e-14   5308.93 1 
  5290.56 1.0155e-14   5311.68 1 
  5293.30 1.1331e-14   5314.43 1 
  5296.04 1.0793e-14   5317.18 1 
  5298.78 1.0474e-14   5319.93 1 
  5301.52 1.0413e-14   5322.68 1 
  5304.26 1.0620e-14   5325.43 1 
  5306.99 1.0091e-14   5328.18 1 
  5309.73 1.1117e-14   5330.93 1 
  5312.47 1.0740e-14   5333.68 1 
  5315.21 1.0545e-14   5336.43 1 
  5317.95 1.0446e-14   5339.18 1 
  5320.69 1.0126e-14   5341.93 1 
  5323.43 1.0220e-14   5344.68 1 
  5326.17 1.0172e-14   5347.43 1 
  5328.91 1.0150e-14   5350.18 1 
  5331.65 1.0463e-14   5352.93 1 
  5334.39 1.0196e-14   5355.68 1 
  5337.12 1.0364e-14   5358.43 1 
  5339.86 1.0324e-14   5361.18 1 
  5342.60 1.0831e-14   5363.93 1 
  5345.34 1.0472e-14   5366.68 1 
  5348.08 1.0785e-14   5369.43 1 
  5350.82 1.1220e-14   5372.18 1 
  5353.56 1.1432e-14   5374.93 1 
  5356.30 1.0760e-14   5377.68 1 
  5359.04 1.0919e-14   5380.43 1 
  5361.78 1.0493e-14   5383.18 1 
  5364.52 1.0731e-14   5385.93 1 
  5367.25 9.7584e-15   5388.68 1 
  5369.99 9.6170e-15   5391.43 1 
  5372.73 1.0465e-14   5394.18 1 
  5375.47 1.0204e-14   5396.93 1 
  5378.21 1.0518e-14   5399.68 1 
  5380.95 1.0823e-14   5402.43 1 
  5383.69 1.0646e-14   5405.18 1 
  5386.43 1.0944e-14   5407.93 1 
  5389.17 1.0395e-14   5410.68 1 
  5391.91 1.0592e-14   5413.43 1 
  5394.64 1.0782e-14   5416.18 1 
  5397.38 9.8386e-15   5418.93 1 
  5400.12 1.0399e-14   5421.68 1 
  5402.86 1.0024e-14   5424.43 1 
  5405.60 1.0262e-14   5427.18 1 
  5408.34 9.9699e-15   5429.93 1 
  5411.08 9.8870e-15   5432.68 1 
  5413.82 1.0439e-14   5435.43 1 
  5416.56 9.9519e-15   5438.18 1 
  5419.30 1.0641e-14   5440.93 1 
  5422.04 1.0851e-14   5443.68 1 
  5424.77 1.0026e-14   5446.43 1 
  5427.51 1.0466e-14   5449.18 1 
  5430.25 1.0595e-14   5451.93 1 
  5432.99 9.5439e-15   5454.68 1 
  5435.73 1.0053e-14   5457.43 1 
  5438.47 9.7291e-15   5460.18 1 
  5441.21 1.0766e-14   5462.93 1 
  5443.95 1.0839e-14   5465.68 1 
  5446.69 1.0924e-14   5468.43 1 
  5449.43 1.0560e-14   5471.18 1 
  5452.17 1.0383e-14   5473.93 1 
  5454.90 9.7393e-15   5476.68 1 
  5457.64 1.0245e-14   5479.43 1 
  5460.38 1.0140e-14   5482.18 1 
  5463.12 1.0389e-14   5484.93 1 
  5465.86 1.0581e-14   5487.68 1 
  5468.60 1.0387e-14   5490.43 1 
  5471.34 1.0055e-14   5493.18 1 
  5474.08 1.0538e-14   5495.93 1 
  5476.82 1.0193e-14   5498.68 1 
  5479.56 9.5126e-15   5501.43 1 
  5482.29 1.0198e-14   5504.18 1 
  5485.03 1.0378e-14   5506.93 1 
  5487.77 1.0127e-14   5509.68 1 
  5490.51 1.0314e-14   5512.43 1 
  5493.25 1.0058e-14   5515.18 1 
  5495.99 1.0383e-14   5517.93 1 
  5498.73 1.0504e-14   5520.68 1 
  5501.47 9.8287e-15   5523.43 1 
  5504.21 1.0379e-14   5526.18 1 
  5506.95 1.0604e-14   5528.93 1 
  5509.69 1.0797e-14   5531.68 1 
  5512.42 1.1136e-14   5534.43 1 
  5515.16 1.0406e-14   5537.18 1 
  5517.90 1.0667e-14   5539.93 1 
  5520.64 1.0354e-14   5542.68 1 
  5523.38 1.0260e-14   5545.43 1 
  5526.12 1.0710e-14   5548.18 1 
  5528.86 9.8064e-15   5550.93 1 
  5531.60 1.0040e-14   5553.68 1 
  5534.34 9.4960e-15   5556.43 1 
  5537.08 1.0205e-14   5559.18 1 
  5539.82 1.0086e-14   5561.93 1 
  5542.55 1.0436e-14   5564.68 1 
  5545.29 1.0335e-14   5567.43 1 
  5548.03 1.0385e-14   5570.18 1 
  5550.77 1.0578e-14   5572.93 1 
  5553.51 1.0658e-14   5575.68 1 
  5556.25 1.0195e-14   5578.43 1 
  5558.99 1.1014e-14   5581.18 1 
  5561.73 1.0273e-14   5583.93 1 
  5564.47 1.1039e-14   5586.68 1 
  5567.21 1.0573e-14   5589.43 1 
  5569.94 1.0515e-14   5592.18 1 
  5572.68 1.0164e-14   5594.93 1 
  5575.42 9.8189e-15   5597.68 1 
  5578.16 1.0521e-14   5600.43 1 
  5580.90 9.7976e-15   5603.18 1 
  5583.64 1.0457e-14   5605.93 1 
  5586.38 1.0455e-14   5608.68 1 
  5589.12 1.0236e-14   5611.43 1 
  5591.86 1.0091e-14   5614.18 1 
  5594.60 9.8074e-15   5616.93 1 
  5597.34 9.8160e-15   5619.68 1 
  5600.07 1.0043e-14   5622.43 1 
  5602.81 1.0557e-14   5625.18 1 
  5605.55 1.0430e-14   5627.93 1 
  5608.29 1.0170e-14   5630.68 1 
  5611.03 1.0250e-14   5633.43 1 
  5613.77 1.0355e-14   5636.18 1 
  5616.51 1.0163e-14   5638.93 1 
  5619.25 1.0507e-14   5641.68 1 
  5621.99 1.0504e-14   5644.43 1 
  5624.73 1.0127e-14   5647.18 1 
  5627.47 9.9587e-15   5649.93 1 
  5630.20 9.9210e-15   5652.68 1 
  5632.94 1.0272e-14   5655.43 1 
  5635.68 1.0629e-14   5658.18 1 
  5638.42 1.0401e-14   5660.93 1 
  5641.16 1.0036e-14   5663.68 1 
  5643.90 1.0583e-14   5666.43 1 
  5646.64 1.0171e-14   5669.18 1 
  5649.38 9.7895e-15   5671.93 1 
  5652.12 9.6789e-15   5674.68 1 
  5654.86 9.6777e-15   5677.43 1 
  5657.60 9.9338e-15   5680.18 1 
  5660.33 9.7056e-15   5682.93 1 
  5663.07 1.0136e-14   5685.68 1 
  5665.81 9.9889e-15   5688.43 1 
  5668.55 9.7707e-15   5691.18 1 
  5671.29 9.8152e-15   5693.93 1 
  5674.03 1.0755e-14   5696.68 1 
  5676.77 1.0186e-14   5699.43 1 
  5679.51 1.0260e-14   5702.18 1 
  5682.25 1.0048e-14   5704.93 1 
  5684.99 9.9595e-15   5707.68 1 
  5687.72 9.9637e-15   5710.43 1 
  5690.46 1.0245e-14   5713.18 1 
  5693.20 1.0528e-14   5715.93 1 
  5695.94 1.0236e-14   5718.68 1 
  5698.68 9.9739e-15   5721.43 1 
  5701.42 1.0601e-14   5724.18 1 
  5704.16 1.0329e-14   5726.93 1 
  5706.90 9.5579e-15   5729.68 1 
  5709.64 9.5047e-15   5732.43 1 
  5712.38 9.6022e-15   5735.18 1 
  5715.12 9.5332e-15   5737.93 1 
  5717.85 9.8125e-15   5740.68 1 
  5720.59 1.0369e-14   5743.43 1 
  5723.33 1.0303e-14   5746.18 1 
  5726.07 1.0279e-14   5748.93 1 
  5728.81 1.0511e-14   5751.68 1 
  5731.55 1.0833e-14   5754.43 1 
  5734.29 1.0443e-14   5757.18 1 
  5737.03 1.0817e-14   5759.93 1 
  5739.77 1.0353e-14   5762.68 1 
  5742.51 1.0659e-14   5765.43 1 
  5745.25 1.0135e-14   5768.18 1 
  5747.98 9.8401e-15   5770.93 1 
  5750.72 9.9719e-15   5773.68 1 
  5753.46 1.0097e-14   5776.43 1 
  5756.20 1.0271e-14   5779.18 1 
  5758.94 1.0216e-14   5781.93 1 
  5761.68 1.0124e-14   5784.68 1 
  5764.42 1.0337e-14   5787.43 1 
  5767.16 1.0600e-14   5790.18 1 
  5769.90 1.1177e-14   5792.93 1 
  5772.64 1.1219e-14   5795.68 1 
  5775.37 1.0569e-14   5798.43 1 
  5778.11 1.0209e-14   5801.18 1 
  5780.85 1.0046e-14   5803.93 1 
  5783.59 9.9289e-15   5806.68 1 
  5786.33 9.6072e-15   5809.43 1 
  5789.07 9.6448e-15   5812.18 1 
  5791.81 9.7167e-15   5814.93 1 
  5794.55 9.8907e-15   5817.68 1 
  5797.29 1.0475e-14   5820.43 1 
  5800.03 1.0164e-14   5823.18 1 
  5802.77 1.0919e-14   5825.93 1 
  5805.50 1.0900e-14   5828.68 1 
  5808.24 1.0537e-14   5831.43 1 
  5810.98 1.0441e-14   5834.18 1 
  5813.72 1.0290e-14   5836.93 1 
  5816.46 1.0369e-14   5839.68 1 
  5819.20 1.0179e-14   5842.43 1 
  5821.94 1.0227e-14   5845.18 1 
  5824.68 1.0859e-14   5847.93 1 
  5827.42 1.0531e-14   5850.68 1 
  5830.16 1.1071e-14   5853.43 1 
  5832.90 1.0876e-14   5856.18 1 
  5835.63 1.0388e-14   5858.93 1 
  5838.37 1.0095e-14   5861.68 1 
  5841.11 1.0393e-14   5864.43 1 
  5843.85 1.0223e-14   5867.18 1 
  5846.59 1.0575e-14   5869.93 1 
  5849.33 1.0224e-14   5872.68 1 
  5852.07 1.0756e-14   5875.43 1 
  5854.81 1.0124e-14   5878.18 1 
  5857.55 1.0053e-14   5880.93 1 
  5860.29 9.8497e-15   5883.68 1 
  5863.02 9.0696e-15   5886.43 1 
  5865.76 9.9297e-15   5889.18 1 
  5868.50 9.1020e-15   5891.93 1 
  5871.24 1.0678e-14   5894.68 1 
  5873.98 1.2844e-14   5897.43 1 
  5876.72 1.2935e-14   5900.18 1 
  5879.46 1.2175e-14   5902.93 1 
  5882.20 1.0980e-14   5905.68 1 
  5884.94 1.0486e-14   5908.43 1 
  5887.68 9.6968e-15   5911.18 1 
  5890.42 1.0261e-14   5913.93 1 
  5893.15 9.4454e-15   5916.68 1 
  5895.89 9.2119e-15   5919.43 1 
  5898.63 9.0186e-15   5922.18 1 
  5901.37 9.7595e-15   5924.93 1 
  5904.11 9.3675e-15   5927.68 1 
  5906.85 1.0127e-14   5930.43 1 
  5909.59 1.0051e-14   5933.18 1 
  5912.33 9.3849e-15   5935.93 1 
  5915.07 1.0234e-14   5938.68 1 
  5917.81 9.6279e-15   5941.43 1 
  5920.55 9.7351e-15   5944.18 1 
  5923.28 1.0191e-14   5946.93 1 
  5926.02 9.6626e-15   5949.68 1 
  5928.76 1.0210e-14   5952.43 1 
  5931.50 9.4108e-15   5955.18 1 
  5934.24 9.4765e-15   5957.93 1 
  5936.98 1.0006e-14   5960.68 1 
  5939.72 9.3310e-15   5963.43 1 
  5942.46 9.5512e-15   5966.18 1 
  5945.20 1.0437e-14   5968.93 1 
  5947.94 1.0540e-14   5971.68 1 
  5950.68 9.7263e-15   5974.43 1 
  5953.41 1.0027e-14   5977.18 1 
  5956.15 1.0065e-14   5979.93 1 
  5958.89 1.0110e-14   5982.68 1 
  5961.63 9.1521e-15   5985.43 1 
  5964.37 1.0185e-14   5988.18 1 
  5967.11 9.7923e-15   5990.93 1 
  5969.85 1.0636e-14   5993.68 1 
  5972.59 9.9216e-15   5996.43 1 
  5975.33 1.0176e-14   5999.18 1 
  5978.07 9.8209e-15   6001.93 1 
  5980.80 9.7356e-15   6004.68 1 
  5983.54 1.0063e-14   6007.43 1 
  5986.28 9.4101e-15   6010.18 1 
  5989.02 1.0232e-14   6012.93 1 
  5991.76 1.0330e-14   6015.68 1 
  5994.50 1.0119e-14   6018.43 1 
  5997.24 9.7647e-15   6021.18 1 
  5999.98 1.0147e-14   6023.93 1 
  6002.72 1.0255e-14   6026.68 1 
  6005.46 9.7718e-15   6029.43 1 
  6008.20 1.0205e-14   6032.18 1 
  6010.93 9.2424e-15   6034.93 1 
  6013.67 1.0445e-14   6037.68 1 
  6016.41 9.9012e-15   6040.43 1 
  6019.15 1.0263e-14   6043.18 1 
  6021.89 9.2842e-15   6045.93 1 
  6024.63 9.8041e-15   6048.68 1 
  6027.37 1.0181e-14   6051.43 1 
  6030.11 1.0502e-14   6054.18 1 
  6032.85 9.4823e-15   6056.93 1 
  6035.59 9.7390e-15   6059.68 1 
  6038.33 9.5205e-15   6062.43 1 
  6041.06 9.8966e-15   6065.18 1 
  6043.80 1.0045e-14   6067.93 1 
  6046.54 9.7997e-15   6070.68 1 
  6049.28 9.6702e-15   6073.43 1 
  6052.02 1.0229e-14   6076.18 1 
  6054.76 1.0162e-14   6078.93 1 
  6057.50 9.6220e-15   6081.68 1 
  6060.24 1.0115e-14   6084.43 1 
  6062.98 1.0294e-14   6087.18 1 
  6065.72 1.0055e-14   6089.93 1 
  6068.45 1.0194e-14   6092.68 1 
  6071.19 9.1944e-15   6095.43 1 
  6073.93 1.0082e-14   6098.18 1 
  6076.67 9.7534e-15   6100.93 1 
  6079.41 9.6494e-15   6103.68 1 
  6082.15 9.5075e-15   6106.43 1 
  6084.89 9.2758e-15   6109.18 1 
  6087.63 9.9164e-15   6111.93 1 
  6090.37 9.7490e-15   6114.68 1 
  6093.11 9.6915e-15   6117.43 1 
  6095.85 9.8859e-15   6120.18 1 
  6098.58 9.4944e-15   6122.93 1 
  6101.32 9.8844e-15   6125.68 1 
  6104.06 1.0162e-14   6128.43 1 
  6106.80 1.0254e-14   6131.18 1 
  6109.54 9.6710e-15   6133.93 1 
  6112.28 9.9325e-15   6136.68 1 
  6115.02 9.9325e-15   6139.43 1 
  6117.76 1.0018e-14   6142.18 1 
  6120.50 9.8523e-15   6144.93 1 
  6123.24 9.7368e-15   6147.68 1 
  6125.98 9.4371e-15   6150.43 1 
  6128.71 9.2994e-15   6153.18 1 
  6131.45 9.4025e-15   6155.93 1 
  6134.19 9.7067e-15   6158.68 1 
  6136.93 9.3106e-15   6161.43 1 
  6139.67 9.4211e-15   6164.18 1 
  6142.41 9.5569e-15   6166.93 1 
  6145.15 9.0979e-15   6169.68 1 
  6147.89 9.1960e-15   6172.43 1 
  6150.63 9.5888e-15   6175.18 1 
  6153.37 9.3929e-15   6177.93 1 
  6156.11 9.1352e-15   6180.68 1 
  6158.84 9.2973e-15   6183.43 1 
  6161.58 9.6189e-15   6186.18 1 
  6164.32 9.4569e-15   6188.93 1 
  6167.06 9.0297e-15   6191.68 1 
  6169.80 9.1223e-15   6194.43 1 
  6172.54 9.3855e-15   6197.18 1 
  6175.28 9.7055e-15   6199.93 1 
  6178.02 9.7319e-15   6202.68 1 
  6180.76 9.7487e-15   6205.43 1 
  6183.50 9.5246e-15   6208.18 1 
  6186.23 9.5203e-15   6210.93 1 
  6188.97 9.5294e-15   6213.68 1 
  6191.71 9.7317e-15   6216.43 1 
  6194.45 1.0041e-14   6219.18 1 
  6197.19 9.7169e-15   6221.93 1 
  6199.93 9.5049e-15   6224.68 1 
  6202.67 9.5015e-15   6227.43 1 
  6205.41 9.3083e-15   6230.18 1 
  6208.15 9.2690e-15   6232.93 1 
  6210.89 8.9768e-15   6235.68 1 
  6213.63 9.4453e-15   6238.43 1 
  6216.36 8.9951e-15   6241.18 1 
  6219.10 9.2296e-15   6243.93 1 
  6221.84 9.5716e-15   6246.68 1 
  6224.58 9.4135e-15   6249.43 1 
  6227.32 8.8662e-15   6252.18 1 
  6230.06 8.6463e-15   6254.93 1 
  6232.80 9.6311e-15   6257.68 1 
  6235.54 9.7868e-15   6260.43 1 
  6238.28 9.6197e-15   6263.18 1 
  6241.02 9.5804e-15   6265.93 1 
  6243.76 9.2031e-15   6268.68 1 
  6246.49 8.8403e-15   6271.43 1 
  6249.23 9.5109e-15   6274.18 1 
  6251.97 9.2547e-15   6276.93 1 
  6254.71 8.7846e-15   6279.68 1 
  6257.45 9.2875e-15   6282.43 1 
  6260.19 9.3674e-15   6285.18 1 
  6262.93 8.9773e-15   6287.93 1 
  6265.67 9.6390e-15   6290.68 1 
  6268.41 9.3108e-15   6293.43 1 
  6271.15 1.0277e-14   6296.18 1 
  6273.88 9.5210e-15   6298.93 1 
  6276.62 9.7989e-15   6301.68 1 
  6279.36 9.4777e-15   6304.43 1 
  6282.10 9.3825e-15   6307.18 1 
  6284.84 9.7498e-15   6309.93 1 
  6287.58 9.0194e-15   6312.68 1 
  6290.32 8.8952e-15   6315.43 1 
  6293.06 9.7504e-15   6318.18 1 
  6295.80 1.1906e-14   6320.93 1 
  6298.54 1.3236e-14   6323.68 1 
  6301.28 1.4724e-14   6326.43 1 
  6304.01 1.4394e-14   6329.18 1 
  6306.75 1.1302e-14   6331.93 1 
  6309.49 1.1064e-14   6334.68 1 
  6312.23 1.0102e-14   6337.43 1 
  6314.97 9.6084e-15   6340.18 1 
  6317.71 9.9228e-15   6342.93 1 
  6320.45 9.7049e-15   6345.68 1 
  6323.19 9.4739e-15   6348.43 1 
  6325.93 1.0110e-14   6351.18 1 
  6328.67 9.7817e-15   6353.93 1 
  6331.41 8.9412e-15   6356.68 1 
  6334.14 9.8959e-15   6359.43 1 
  6336.88 9.4879e-15   6362.18 1 
  6339.62 9.0344e-15   6364.93 1 
  6342.36 9.7181e-15   6367.68 1 
  6345.10 1.0047e-14   6370.43 1 
  6347.84 9.4197e-15   6373.18 1 
  6350.58 9.8473e-15   6375.93 1 
  6353.32 1.0088e-14   6378.68 1 
  6356.06 9.5333e-15   6381.43 1 
  6358.80 9.8037e-15   6384.18 1 
  6361.53 1.0073e-14   6386.93 1 
  6364.27 9.5398e-15   6389.68 1 
  6367.01 9.8404e-15   6392.43 1 
  6369.75 1.0436e-14   6395.18 1 
  6372.49 1.0393e-14   6397.93 1 
  6375.23 1.0097e-14   6400.68 1 
  6377.97 1.0154e-14   6403.43 1 
  6380.71 1.1019e-14   6406.18 1 
  6383.45 1.0614e-14   6408.93 1 
  6386.19 1.0536e-14   6411.68 1 
  6388.93 1.0395e-14   6414.43 1 
  6391.66 1.0240e-14   6417.18 1 
  6394.40 9.4827e-15   6419.93 1 
  6397.14 9.4818e-15   6422.68 1 
  6399.88 9.4137e-15   6425.43 1 
  6402.62 9.3454e-15   6428.18 1 
  6405.36 1.0061e-14   6430.93 1 
  6408.10 1.0457e-14   6433.68 1 
  6410.84 1.0311e-14   6436.43 1 
  6413.58 1.0045e-14   6439.18 1 
  6416.32 1.0222e-14   6441.93 1 
  6419.06 9.6649e-15   6444.68 1 
  6421.79 1.0542e-14   6447.43 1 
  6424.53 1.0569e-14   6450.18 1 
  6427.27 1.0331e-14   6452.93 1 
  6430.01 9.4984e-15   6455.68 1 
  6432.75 9.1801e-15   6458.43 1 
  6435.49 9.4057e-15   6461.18 1 
  6438.23 8.6507e-15   6463.93 1 
  6440.97 9.6893e-15   6466.68 1 
  6443.71 9.6281e-15   6469.43 1 
  6446.45 9.5053e-15   6472.18 1 
  6449.19 9.3744e-15   6474.93 1 
  6451.92 9.0302e-15   6477.68 1 
  6454.66 9.4873e-15   6480.43 1 
  6457.40 9.6038e-15   6483.18 1 
  6460.14 9.2480e-15   6485.93 1 
  6462.88 9.3108e-15   6488.68 1 
  6465.62 1.0062e-14   6491.43 1 
  6468.36 9.3675e-15   6494.18 1 
  6471.10 9.3396e-15   6496.93 1 
  6473.84 9.7789e-15   6499.68 1 
  6476.58 9.7961e-15   6502.43 1 
  6479.31 9.4332e-15   6505.18 1 
  6482.05 9.0834e-15   6507.93 1 
  6484.79 1.0283e-14   6510.68 1 
  6487.53 9.9375e-15   6513.43 1 
  6490.27 9.6740e-15   6516.18 1 
  6493.01 9.7202e-15   6518.93 1 
  6495.75 8.8417e-15   6521.68 1 
  6498.49 9.2061e-15   6524.43 1 
  6501.23 9.6887e-15   6527.18 1 
  6503.97 9.4966e-15   6529.93 1 
  6506.71 9.7421e-15   6532.68 1 
  6509.44 9.8331e-15   6535.43 1 
  6512.18 9.6048e-15   6538.18 1 
  6514.92 9.0686e-15   6540.93 1 
  6517.66 9.5084e-15   6543.68 1 
  6520.40 8.9208e-15   6546.43 1 
  6523.14 9.9182e-15   6549.18 1 
  6525.88 9.1315e-15   6551.93 1 
  6528.62 9.4349e-15   6554.68 1 
  6531.36 9.7671e-15   6557.43 1 
  6534.10 1.0474e-14   6560.18 1 
  6536.84 1.0411e-14   6562.93 1 
  6539.57 1.0190e-14   6565.68 1 
  6542.31 1.1069e-14   6568.43 1 
  6545.05 1.3797e-14   6571.18 1 
  6547.79 1.6762e-14   6573.93 1 
  6550.53 1.7709e-14   6576.68 1 
  6553.27 1.6258e-14   6579.43 1 
  6556.01 2.1870e-14   6582.18 1 
  6558.75 4.6266e-14   6584.93 1 
  6561.49 8.9289e-14   6587.68 1 
  6564.23 1.0983e-13   6590.43 1 
  6566.96 8.6588e-14   6593.18 1 
  6569.70 4.5947e-14   6595.93 1 
  6572.44 2.1124e-14   6598.68 1 
  6575.18 1.3590e-14   6601.43 1 
  6577.92 1.5247e-14   6604.18 1 
  6580.66 2.3797e-14   6606.93 1 
  6583.40 3.1490e-14   6609.68 1 
  6586.14 3.1410e-14   6612.43 1 
  6588.88 2.3634e-14   6615.18 1 
  6591.62 1.5421e-14   6617.93 1 
  6594.36 1.1736e-14   6620.68 1 
  6597.09 9.9709e-15   6623.43 1 
  6599.83 9.7005e-15   6626.18 1 
  6602.57 9.3208e-15   6628.93 1 
  6605.31 9.7089e-15   6631.68 1 
  6608.05 1.0625e-14   6634.43 1 
  6610.79 9.7423e-15   6637.18 1 
  6613.53 1.0325e-14   6639.93 1 
  6616.27 9.9182e-15   6642.68 1 
  6619.01 9.6211e-15   6645.43 1 
  6621.75 1.0276e-14   6648.18 1 
  6624.49 1.0028e-14   6650.93 1 
  6627.22 1.0045e-14   6653.68 1 
  6629.96 9.0960e-15   6656.43 1 
  6632.70 9.8158e-15   6659.18 1 
  6635.44 9.6699e-15   6661.93 1 
  6638.18 9.4781e-15   6664.68 1 
  6640.92 9.0853e-15   6667.43 1 
  6643.66 9.5005e-15   6670.18 1 
  6646.40 9.6859e-15   6672.93 1 
  6649.14 9.5778e-15   6675.68 1 
  6651.88 9.5203e-15   6678.43 1 
  6654.61 9.8242e-15   6681.18 1 
  6657.35 9.7031e-15   6683.93 1 
  6660.09 9.4310e-15   6686.68 1 
  6662.83 9.8122e-15   6689.43 1 
  6665.57 9.5987e-15   6692.18 1 
  6668.31 9.6420e-15   6694.93 1 
  6671.05 9.6347e-15   6697.68 1 
  6673.79 9.5990e-15   6700.43 1 
  6676.53 1.0236e-14   6703.18 1 
  6679.27 1.0067e-14   6705.93 1 
  6682.01 1.0308e-14   6708.68 1 
  6684.74 9.3235e-15   6711.43 1 
  6687.48 9.1139e-15   6714.18 1 
  6690.22 9.3678e-15   6716.93 1 
  6692.96 9.6778e-15   6719.68 1 
  6695.70 9.4631e-15   6722.43 1 
  6698.44 8.7910e-15   6725.18 1 
  6701.18 9.1273e-15   6727.93 1 
  6703.92 9.3140e-15   6730.68 1 
  6706.66 1.0005e-14   6733.43 1 
  6709.40 1.1356e-14   6736.18 1 
  6712.14 1.5075e-14   6738.93 1 
  6714.87 2.3931e-14   6741.68 1 
  6717.61 2.9259e-14   6744.43 1 
  6720.35 2.5014e-14   6747.18 1 
  6723.09 1.6991e-14   6749.93 1 
  6725.83 1.4771e-14   6752.68 1 
  6728.57 1.9464e-14   6755.43 1 
  6731.31 2.2603e-14   6758.18 1 
  6734.05 2.1619e-14   6760.93 1 
  6736.79 1.5771e-14   6763.68 1 
  6739.53 1.1461e-14   6766.43 1 
  6742.27 9.4391e-15   6769.18 1 
  6745.00 1.0134e-14   6771.93 1 
  6747.74 9.4774e-15   6774.68 1 
  6750.48 1.0243e-14   6777.43 1 
  6753.22 9.7772e-15   6780.18 1 
  6755.96 8.9965e-15   6782.93 1 
  6758.70 9.6913e-15   6785.68 1 
  6761.44 9.5865e-15   6788.43 1 
  6764.18 9.2623e-15   6791.18 1 
  6766.92 9.5469e-15   6793.93 1 
  6769.66 9.1015e-15   6796.68 1 
  6772.39 9.4188e-15   6799.43 1 
  6775.13 9.4292e-15   6802.18 1 
  6777.87 9.7540e-15   6804.93 1 
  6780.61 9.0612e-15   6807.68 1 
  6783.35 9.8838e-15   6810.43 1 
  6786.09 9.4977e-15   6813.18 1 
  6788.83 9.1767e-15   6815.93 1 
  6791.57 8.6890e-15   6818.68 1 
  6794.31 8.2876e-15   6821.43 1 
  6797.05 8.9989e-15   6824.18 1 
  6799.79 9.3387e-15   6826.93 1 
  6802.52 9.0657e-15   6829.68 1 
  6811.92 9.3876e-15   6839.12 0 
  6827.63 9.3838e-15   6854.88 0 
  6843.36 9.4668e-15   6870.68 0 
  6859.14 9.2689e-15   6886.52 0 
  6874.95 9.2864e-15   6902.40 0 
  6890.80 9.0922e-15   6918.31 0 
  6906.69 9.2362e-15   6934.26 0 
  6922.61 9.2750e-15   6950.24 0 
  6938.57 9.4653e-15   6966.26 0 
  6954.56 9.4614e-15   6982.33 0 
  6970.59 9.5230e-15   6998.42 0 
  6986.66 9.0906e-15   7014.55 0 
  7002.77 9.4713e-15   7030.72 0 
  7018.91 9.4456e-15   7046.93 0 
  7035.09 9.3766e-15   7063.18 0 
  7051.31 9.7021e-15   7079.46 0 
  7067.57 9.0091e-15   7095.78 0 
  7083.86 9.2789e-15   7112.14 0 
  7100.19 8.7966e-15   7128.53 0 
  7116.56 8.8131e-15   7144.96 0 
  7132.96 8.7286e-15   7161.43 0 
  7149.40 8.7248e-15   7177.94 0 
  7165.89 8.8018e-15   7194.49 0 
  7182.40 8.5977e-15   7211.08 0 
  7198.96 8.4177e-15   7227.70 0 
  7215.55 8.4335e-15   7244.36 0 
  7232.19 8.8475e-15   7261.06 0 
  7248.86 8.8030e-15   7277.80 0 
  7265.57 9.1084e-15   7294.57 0 
  7282.32 8.8767e-15   7311.39 0 
  7299.11 8.6111e-15   7328.25 0 
  7315.93 9.0130e-15   7345.14 0 
  7332.80 9.0506e-15   7362.07 0 
  7349.70 9.4077e-15   7379.04 0 
  7366.64 9.3174e-15   7396.05 0 
  7383.63 9.4428e-15   7413.10 0 
  7400.65 9.3305e-15   7430.19 0 
  7417.71 9.2409e-15   7447.32 0 
  7434.81 9.5833e-15   7464.49 0 
  7451.95 9.2752e-15   7481.70 0 
  7469.13 9.1228e-15   7498.94 0 
  7486.34 9.4608e-15   7516.23 0 
  7503.60 9.1566e-15   7533.56 0 
  7520.90 9.4522e-15   7550.92 0 
  7538.24 9.3829e-15   7568.33 0 
  7555.62 9.4872e-15   7585.78 0 
  7573.03 9.4393e-15   7603.26 0 
  7590.49 9.4567e-15   7620.79 0 
  7607.98 9.2159e-15   7638.36 0 
  7625.53 9.0020e-15   7655.97 0 
  7643.10 9.0602e-15   7673.61 0 
  7660.72 8.8702e-15   7691.30 0 
  7678.38 8.5062e-15   7709.04 0 
  7696.08 8.7203e-15   7726.81 0 
  7713.82 8.5966e-15   7744.62 0 
  7731.61 8.6521e-15   7762.47 0 
  7749.43 8.6680e-15   7780.37 0 
  7767.29 8.5450e-15   7798.30 0 
  7785.20 8.4822e-15   7816.28 0 
  7803.15 8.5763e-15   7834.30 0 
  7821.13 8.7517e-15   7852.36 0 
  7839.16 8.4311e-15   7870.46 0 
  7857.24 8.6433e-15   7888.60 0 
  7875.35 8.7795e-15   7906.79 0 
  7893.50 8.7551e-15   7925.01 0 
  7911.70 8.6109e-15   7943.28 0 
  7929.94 8.4691e-15   7961.59 0 
  7948.22 8.3681e-15   7979.95 0 
  7966.54 8.5000e-15   7998.34 0 
  7984.91 8.6537e-15   8016.78 0 
  8003.31 8.4332e-15   8035.26 0 
  8021.76 8.6852e-15   8053.78 0 
  8040.25 8.8219e-15   8072.35 0 
  8058.79 8.6966e-15   8090.96 0 
  8077.36 8.5140e-15   8109.61 0 
  8095.99 8.7281e-15   8128.31 0 
  8114.65 8.6637e-15   8147.04 0 
  8133.35 8.8203e-15   8165.82 0 
  8152.11 8.5954e-15   8184.65 0 
  8170.90 7.9625e-15   8203.52 0 
  8189.73 8.3335e-15   8222.43 0 
  8208.61 8.1585e-15   8241.38 0 
  8227.54 8.4799e-15   8260.38 0 
  8246.50 8.7331e-15   8279.42 0 
  8265.51 8.3743e-15   8298.51 0 
  8284.57 8.2933e-15   8317.64 0 
  8303.66 8.3081e-15   8336.81 0 
  8322.80 8.4778e-15   8356.03 0 
  8341.99 8.1857e-15   8375.29 0 
  8361.22 8.5671e-15   8394.60 0 
  8380.50 8.4451e-15   8413.95 0 
  8399.82 8.2867e-15   8433.35 0 
  8419.18 8.4364e-15   8452.79 0 
  8438.59 8.4904e-15   8472.27 0 
  8458.04 8.1414e-15   8491.80 0 
  8477.54 7.6997e-15   8511.38 0 
  8497.08 8.3032e-15   8531.00 0 
  8516.67 8.1849e-15   8550.67 0 
  8536.30 8.1056e-15   8570.38 0 
  8555.98 7.3039e-15   8590.14 0 
  8575.70 8.2855e-15   8609.94 0 
  8595.47 8.1675e-15   8629.79 0 
  8615.29 8.0326e-15   8649.68 0 
  8635.15 8.2722e-15   8669.62 0 
  8655.05 8.0982e-15   8689.60 0 
  8675.01 7.0009e-15   8709.64 0 
  8695.00 7.9235e-15   8729.71 0 
  8715.05 8.1037e-15   8749.84 0 
  8735.14 8.1930e-15   8770.01 0 
  8755.27 7.8200e-15   8790.23 0 
  8775.46 7.9427e-15   8810.49 0 
  8795.69 8.2743e-15   8830.80 0 
  8815.96 7.3365e-15   8851.16 0 
  8836.29 8.1143e-15   8871.56 0 
  8856.65 7.9801e-15   8892.01 0 
  8877.07 7.2739e-15   8912.51 0 
  8897.54 7.8800e-15   8933.05 0 
  8918.04 8.0035e-15   8953.65 0 
  8938.61 7.8169e-15   8974.29 0 
  8959.21 7.8126e-15   8994.98 0 
  8979.86 7.5954e-15   9015.71 0 
  9000.57 6.7811e-15   9036.50 0 
  9021.31 6.9832e-15   9057.33 0 
  9042.11 8.0317e-15   9078.20 0 
  9062.96 8.2330e-15   9099.13 0 
  9083.85 7.8943e-15   9120.11 0 
  9104.79 7.8897e-15   9141.13 0 
  9125.77 7.5651e-15   9162.20 0 
  9146.81 7.3040e-15   9183.33 0 
  9167.90 7.6968e-15   9204.50 0 
  9189.03 7.7993e-15   9225.71 0 
  9210.22 7.8308e-15   9246.98 0 
  9231.45 7.6129e-15   9268.30 0 
  9252.73 7.4868e-15   9289.66 0 
  9274.06 7.7811e-15   9311.08 0 
  9295.44 7.3754e-15   9332.54 0 
  9316.86 7.6829e-15   9354.06 0 
  9338.34 7.6961e-15   9375.62 0 
  9359.87 7.6915e-15   9397.23 0 
  9381.44 7.6693e-15   9418.90 0 
  9403.07 7.5248e-15   9440.61 0 
  9424.75 7.7132e-15   9462.37 0 
  9446.47 7.6028e-15   9484.18 0 
  9468.25 7.7394e-15   9506.05 0 
  9490.08 7.7348e-15   9527.96 0 
  9511.96 7.5541e-15   9549.93 0 
  9533.88 7.5495e-15   9571.94 0 
  9555.86 7.2219e-15   9594.01 0 
  9577.89 7.5403e-15   9616.12 0 
  9599.97 7.6935e-15   9638.29 0 
  9622.10 7.6534e-15   9660.51 0 
  9644.28 7.5786e-15   9682.78 0 
  9666.51 7.5564e-15   9705.10 0 
  9688.79 7.6392e-15   9727.47 0 
  9711.13 7.5297e-15   9749.90 0 
  9733.52 7.4732e-15   9772.37 0 
  9755.95 7.4342e-15   9794.90 0 
  9778.45 7.4638e-15   9817.48 0 
  9800.99 7.3907e-15   9840.11 0 
  9823.58 7.4544e-15   9862.79 0 
  9846.22 7.4841e-15   9885.53 0 
  9868.92 7.4449e-15   9908.32 0 
  9891.67 7.4231e-15   9931.16 0 
  9914.47 7.4013e-15   9954.05 0 
  9937.33 7.4478e-15   9977.00 0 
  9960.24 7.4602e-15  10000.00 0 
  9983.20 7.4211e-15  10023.05 0 
 10029.27 7.3944e-15  10069.31 0 
 10075.58 7.2667e-15  10115.80 0 
 10122.08 7.4777e-15  10162.49 0 
 10168.80 7.4164e-15  10209.39 0 
 10215.74 7.4751e-15  10256.52 0 
 10286.55 7.5119e-15  10327.61 0 
 10310.26 7.4896e-15  10351.42 0 
 10501.94 7.2125e-15  10543.86 0 
 10697.19 6.8890e-15  10739.90 0 
 10896.07 6.5941e-15  10939.56 0 
 11098.64 6.2109e-15  11142.94 0 
 11304.97 6.2109e-15  11350.10 0 
 11488.66 6.2540e-15  11534.53 0 
 11702.27 6.1540e-15  11748.98 0 
 11892.41 5.8906e-15  11939.88 0 
 12113.50 5.8770e-15  12161.86 0 
 12310.33 5.8097e-15  12359.47 0 
 12510.36 5.6384e-15  12560.30 0 
 12713.63 5.5228e-15  12764.39 0 
 12890.50 5.4345e-15  12941.96 0 
 13099.95 5.3599e-15  13152.25 0 
 13312.81 5.2018e-15  13365.95 0 
 13498.01 5.0951e-15  13551.89 0 
 13685.79 5.0137e-15  13740.42 0 
 13908.16 4.8101e-15  13963.68 0 
 14101.64 4.5515e-15  14157.94 0 
 14297.82 4.4684e-15  14354.90 0 
 14496.72 4.4994e-15  14554.59 0 
 14698.39 4.3467e-15  14757.07 0 
 14902.87 4.4275e-15  14962.36 0 
 15110.19 4.4684e-15  15170.51 0 
 15285.15 4.5411e-15  15346.17 0 
 15497.79 4.5306e-15  15559.65 0 
 15713.38 4.4071e-15  15776.11 0 
 15895.34 4.2088e-15  15958.79 0 
 16116.47 4.1798e-15  16180.80 0 
 16303.09 4.1702e-15  16368.17 0 
 16491.86 4.1320e-15  16557.70 0 
 16682.83 4.1510e-15  16749.43 0 
 16914.91 4.1320e-15  16982.44 0 
 17110.78 4.1035e-15  17179.09 0 
 17308.90 3.9733e-15  17378.00 0 
 17509.34 3.8740e-15  17579.23 0 
 17712.09 3.7338e-15  17782.79 0 
 17917.19 3.5988e-15  17988.71 0 
 18082.96 3.4289e-15  18155.15 0 
 18292.36 3.3432e-15  18365.38 0 
 18504.18 3.2371e-15  18578.05 0 
 18718.45 3.0914e-15  18793.18 0 
 18891.64 3.0210e-15  18967.05 0 
 19110.40 2.9796e-15  19186.69 0 
 19287.23 2.8984e-15  19364.23 0 
 19510.55 2.7936e-15  19588.44 0 
 19691.09 2.6987e-15  19769.70 0 
 19919.11 2.6191e-15  19998.62 0 
 20103.40 2.5772e-15  20183.66 0 
 20289.43 2.5012e-15  20370.42 0 
 20477.17 2.4726e-15  20558.92 0 
 20714.27 2.4163e-15  20796.96 0 
 20905.94 2.3722e-15  20989.40 0 
 21099.39 2.3397e-15  21183.62 0 
 21294.61 2.2917e-15  21379.62 0 
 21491.65 2.2499e-15  21577.45 0 
 21690.50 2.1785e-15  21777.09 0 
 21891.21 2.1437e-15  21978.60 0 
 22093.78 2.0900e-15  22181.97 0 
 22298.19 2.0378e-15  22387.21 0 
 22504.53 1.9960e-15  22594.36 0 
 22712.74 1.9461e-15  22803.41 0 
 22922.91 1.7545e-15  23014.42 0 
 23081.79 1.7424e-15  23173.93 0 
 23295.38 1.5352e-15  23388.37 0 
 23510.94 1.4360e-15  23604.79 0 
 23673.89 1.4593e-15  23768.40 0 
 23892.96 1.3526e-15  23988.34 0 
 24114.02 1.3036e-15  24210.28 0 
 24281.18 1.2887e-15  24378.11 0 
 24505.84 1.2055e-15  24603.66 0 
 24675.72 1.1807e-15  24774.22 0 
 24904.02 1.0050e-15  25003.44 0 
 25076.67 1.0004e-15  25176.77 0 
 25308.71 1.0119e-15  25409.74 0 
 25484.13 1.0119e-15  25585.86 0 
 25719.94 1.0308e-15  25822.61 0 
 25898.21 1.0143e-15  26001.59 0 
 26077.74 1.0096e-15  26181.84 0 
 26319.02 9.8664e-16  26424.08 0 
 26501.47 9.7759e-16  26607.26 0 
 26685.15 9.5975e-16  26791.68 0 
 26870.14 9.4658e-16  26977.41 0 
 27118.75 9.3574e-16  27227.01 0 
 27306.75 9.1866e-16  27415.75 0 
 27496.01 9.0398e-16  27605.78 0 
 27686.59 8.8544e-16  27797.12 0 
 27878.52 8.7530e-16  27989.81 0 
 28071.75 8.5932e-16  28183.82 0 
 28331.51 8.4753e-16  28444.61 0 
 28527.88 8.3398e-16  28641.77 0 
 28725.65 8.1876e-16  28840.32 0 
 28924.75 8.0753e-16  29040.21 0 
 29125.26 7.9461e-16  29241.53 0 
 29327.13 7.8011e-16  29444.21 0 
 29530.44 7.6764e-16  29648.32 0 
 29666.73 7.5711e-16  29785.16 0 
 29872.39 7.4329e-16  29991.64 0 
 30079.44 7.3309e-16  30199.52 0 
 30287.93 7.1971e-16  30408.84 0 
 30497.89 7.1311e-16  30619.64 0 
 30709.28 7.0495e-16  30831.87 0 
 30922.16 6.9528e-16  31045.60 0 
 31064.88 6.8890e-16  31188.89 0 
 31280.23 6.8102e-16  31405.10 0 
 31497.04 6.7322e-16  31622.78 0 
 31715.35 6.6705e-16  31841.96 0 
 31935.21 6.6398e-16  32062.70 0 
 32082.61 6.6398e-16  32210.68 0 
 32305.01 6.7013e-16  32433.97 0 
 32528.92 6.9368e-16  32658.78 0 
 32679.06 7.6764e-16  32809.52 0 
 32905.60 9.8210e-16  33036.96 0 
 33133.67 9.7310e-16  33265.94 0 
 33286.64 7.4158e-16  33419.52 0 
 33517.35 6.5186e-16  33651.15 0 
 33672.05 6.1116e-16  33806.47 0 
 33905.47 6.7406e-16  34040.82 0 
 34061.96 6.5934e-16  34197.94 0 
 34298.09 6.3713e-16  34435.01 0 
 34535.82 6.1476e-16  34673.68 0 
 34695.22 6.0216e-16  34833.72 0 
 34935.73 5.8329e-16  35075.20 0 
 35096.97 5.7065e-16  35237.08 0 
 35340.28 5.5295e-16  35481.36 0 
 35503.39 5.4226e-16  35645.12 0 
 35667.25 5.3152e-16  35809.64 0 
 35914.51 5.1532e-16  36057.88 0 
 36080.27 5.0599e-16  36224.30 0 
 36330.35 4.9229e-16  36475.38 0 
 36498.07 4.8310e-16  36643.77 0 
 36666.52 4.7397e-16  36812.89 0 
 36920.66 4.6233e-16  37068.05 0 
 37091.11 4.5452e-16  37239.18 0 
 37262.30 4.4668e-16  37411.05 0 
 37520.62 4.3584e-16  37670.40 0 
 37693.79 4.2921e-16  37844.27 0 
 37867.77 4.2256e-16  38018.93 0 
 38130.28 4.1252e-16  38282.49 0 
 38306.26 4.0687e-16  38459.18 0 
 38483.06 4.0123e-16  38636.69 0 
 38660.72 3.9557e-16  38815.06 0 
 38928.69 3.8719e-16  39084.09 0 
 39108.36 3.8244e-16  39264.48 0 
 39288.90 3.7768e-16  39445.75 0 
 39470.24 3.7288e-16  39627.81 0 
 39743.82 3.6596e-16  39902.48 0 
 39927.30 3.6197e-16  40086.69 0 
 40111.58 3.5797e-16  40271.71 0 
 40296.71 3.5394e-16  40457.58 0 
 40482.74 3.4994e-16  40644.35 0 
 40669.59 3.4663e-16  40831.95 0 
 40857.30 3.4331e-16  41020.40 0 
 41140.53 3.3830e-16  41304.77 0 
 41330.42 3.3511e-16  41495.41 0 
 41521.17 3.3241e-16  41686.93 0 
 41712.86 3.2969e-16  41879.38 0 
 41905.38 3.2696e-16  42072.67 0 
 42098.80 3.2422e-16  42266.86 0 
 42293.10 3.2205e-16  42461.93 0 
 42488.35 3.1989e-16  42657.96 0 
 42684.45 3.1772e-16  42854.85 0 
 42881.46 3.1554e-16  43052.64 0 
 43079.43 3.1372e-16  43251.40 0 
 43278.26 3.1208e-16  43451.02 0 
 43478.01 3.1043e-16  43651.57 0 
 43678.72 3.0877e-16  43853.09 0 
 43880.32 3.0728e-16  44055.49 0 
 44082.85 3.0612e-16  44258.83 0 
 44286.31 3.0495e-16  44463.10 0 
 44490.76 3.0378e-16  44668.37 0 
 44696.11 3.0262e-16  44874.54 0 
 44902.40 3.0192e-16  45081.65 0 
 45109.70 3.0121e-16  45289.77 0 
 45317.90 3.0049e-16  45498.80 0 
 45527.06 2.9978e-16  45708.80 0 
 45737.24 2.9940e-16  45919.82 0 
 45948.34 2.9914e-16  46131.76 0 
 46054.25 2.9900e-16  46238.10 0 
 46266.81 2.9874e-16  46451.51 0 
 46480.40 2.9847e-16  46665.95 0 
 46694.93 2.9862e-16  46881.34 0 
 46910.45 2.9879e-16  47097.72 0 
 47127.02 2.9896e-16  47315.15 0 
 47344.53 2.9914e-16  47533.53 0 
 47453.66 2.9929e-16  47643.10 0 
 47672.68 2.9990e-16  47862.99 0 
 47892.77 3.0052e-16  48083.95 0 
 48113.81 3.0113e-16  48305.88 0 
 48335.88 3.0175e-16  48528.84 0 
 48447.30 3.0222e-16  48640.70 0 
 48670.96 3.0329e-16  48865.25 0 
 48895.59 3.0435e-16  49090.79 0 
 49121.27 3.0543e-16  49317.36 0 
 49348.04 3.0653e-16  49545.04 0 
 49461.79 3.0730e-16  49659.24 0 
 49690.08 3.0884e-16  49888.45 0 
 49919.42 3.1038e-16  50118.70 0 
 50149.88 3.1193e-16  50350.08 0 
 50265.48 3.1271e-16  50466.14 0 
 50497.48 3.1463e-16  50699.06 0 
 50730.55 3.1667e-16  50933.06 0 
 50847.54 3.1770e-16  51050.52 0 
 50964.74 3.1872e-16  51168.20 0 
 51082.22 3.1975e-16  51286.14 0 
 51199.97 3.2078e-16  51404.36 0 
 51317.99 3.2182e-16  51522.85 0 
 51436.28 3.2308e-16  51641.62 0 
 51554.90 3.2437e-16  51760.71 0 
 51673.74 3.2567e-16  51880.02 0 
 51792.85 3.2696e-16  51999.61 0 
 51912.24 3.2826e-16  52119.47 0 
 52031.90 3.2956e-16  52239.61 0 
 52151.84 3.3087e-16  52360.03 0 
 52272.05 3.3217e-16  52480.72 0 
 52392.60 3.3357e-16  52601.75 0 
 52513.37 3.3516e-16  52723.00 0 
 52634.41 3.3674e-16  52844.53 0 
 52755.74 3.3834e-16  52966.34 0 
 52877.35 3.3993e-16  53088.43 0 
 52999.23 3.4153e-16  53210.80 0 
 53121.46 3.4314e-16  53333.52 0 
 53243.91 3.4474e-16  53456.46 0 
 53366.64 3.4635e-16  53579.68 0 
 53489.65 3.4818e-16  53703.18 0 
 53612.95 3.5010e-16  53826.97 0 
 53736.53 3.5202e-16  53951.05 0 
 53860.40 3.5394e-16  54075.41 0 
 53984.61 3.5587e-16  54200.11 0 
 54109.05 3.5780e-16  54325.05 0 
 54233.77 3.5974e-16  54450.27 0 
 54358.78 3.6169e-16  54575.79 0 
 54484.09 3.6367e-16  54701.59 0 
 54609.67 3.6595e-16  54827.68 0 
 54735.55 3.6824e-16  54954.06 0 
 54861.78 3.7054e-16  55080.79 0 
 54988.24 3.7284e-16  55207.76 0 
 55115.00 3.7514e-16  55335.02 0 
 55242.04 3.7745e-16  55462.57 0 
 55369.38 3.7977e-16  55590.41 0 
 55497.01 3.8209e-16  55718.55 0 
 55624.99 3.8461e-16  55847.05 0 
 55753.21 3.8731e-16  55975.78 0 
 55881.73 3.9003e-16  56104.81 0 
 56010.54 3.9274e-16  56234.13 0 
 56139.65 3.9547e-16  56363.76 0 
 56269.05 3.9820e-16  56493.68 0 
 56398.76 4.0094e-16  56623.90 0 
 56528.82 4.0368e-16  56754.48 0 
 56659.13 4.0643e-16  56885.31 0 
 56789.73 4.0958e-16  57016.43 0 
 56920.63 4.1277e-16  57147.86 0 
 57051.84 4.1597e-16  57279.59 0 
 57183.35 4.1917e-16  57411.62 0 
 57315.22 4.2239e-16  57544.02 0 
 57447.34 4.2561e-16  57676.67 0 
 57579.76 4.2883e-16  57809.62 0 
 57712.48 4.3207e-16  57942.87 0 
 57845.51 4.3546e-16  58076.43 0 
 57978.85 4.3921e-16  58210.30 0 
 58112.50 4.4296e-16  58344.48 0 
 58246.52 4.4672e-16  58479.04 0 
 58380.78 4.5048e-16  58613.83 0 
 58515.35 4.5426e-16  58748.94 0 
 58650.23 4.5805e-16  58884.36 0 
 58785.42 4.6184e-16  59020.09 0 
 58920.93 4.6564e-16  59156.14 0 
 59009.39 2.8863e-16  59244.95 3 
 59318.01 3.1499e-16  59554.81 3 
 59626.63 3.7135e-16  59864.66 3 
 59935.25 4.4069e-16  60174.51 3 
 60243.88 5.3405e-16  60484.37 3 
 60552.49 5.5214e-16  60794.22 3 
 60861.11 5.1576e-16  61104.07 3 
 61169.74 6.1538e-16  61413.93 3 
 61478.36 8.0256e-16  61723.78 3 
 61786.98 1.1116e-15  62033.63 3 
 62095.60 1.2715e-15  62343.49 3 
 62404.22 1.2207e-15  62653.34 3 
 62712.84 1.0557e-15  62963.19 3 
 63021.47 9.2764e-16  63273.05 3 
 63330.09 7.1982e-16  63582.90 3 
 63638.72 6.7375e-16  63892.76 3 
 63947.33 6.2276e-16  64202.61 3 
 64255.95 5.3221e-16  64512.46 3 
 64564.58 4.6514e-16  64822.32 3 
 64873.19 5.0849e-16  65132.17 3 
 65181.81 4.7917e-16  65442.02 3 
 65490.44 4.5397e-16  65751.88 3 
 65799.06 4.7947e-16  66061.73 3 
 66107.68 5.1815e-16  66371.58 3 
 66416.31 4.7241e-16  66681.45 3 
 66724.92 4.7948e-16  66991.29 3 
 67033.54 4.8915e-16  67301.14 3 
 67342.17 4.8432e-16  67611.00 3 
 67650.79 5.1048e-16  67920.85 3 
 67959.42 4.2857e-16  68230.71 3 
 68268.04 4.3720e-16  68540.56 3 
 68576.66 4.0593e-16  68850.41 3 
 68885.28 4.1347e-16  69160.27 3 
 69193.90 4.4448e-16  69470.12 3 
 69502.52 5.0543e-16  69779.98 3 
 69811.14 4.8203e-16  70089.83 3 
 70119.76 4.4829e-16  70399.68 3 
 70428.39 4.9786e-16  70709.54 3 
 70737.01 4.7957e-16  71019.39 3 
 71045.63 4.8143e-16  71329.24 3 
 71354.26 5.1135e-16  71639.10 3 
 71662.87 5.2885e-16  71948.95 3 
 71971.50 5.7904e-16  72258.81 3 
 72280.11 6.2540e-16  72568.66 3 
 72588.73 6.1690e-16  72878.51 3 
 72897.37 6.6994e-16  73188.38 3 
 73205.98 6.4469e-16  73498.22 3 
 73514.60 7.0570e-16  73808.07 3 
 73823.23 6.9707e-16  74117.93 3 
 74131.85 7.4484e-16  74427.78 3 
 74440.47 7.7435e-16  74737.63 3 
 74749.09 8.5666e-16  75047.48 3 
 75037.51 9.6849e-16  75337.06 3 
 75057.71 9.9853e-16  75357.34 3 
 75366.34 1.0758e-15  75667.20 3 
 75655.97 1.0911e-15  75957.99 3 
 75674.95 1.1371e-15  75977.05 3 
 76274.45 1.1230e-15  76578.94 3 
 76892.92 1.1300e-15  77199.88 3 
 77511.39 1.0408e-15  77820.82 3 
 78129.86 9.4212e-16  78441.76 3 
 78748.35 9.2131e-16  79062.71 3 
 79366.82 8.4224e-16  79683.65 3 
 79985.28 7.4326e-16  80304.59 3 
 80603.77 6.7507e-16  80925.54 3 
 81222.24 6.1111e-16  81546.48 3 
 81840.71 5.6978e-16  82167.41 3 
 82459.18 6.2175e-16  82788.36 3 
 83077.65 6.2580e-16  83409.30 3 
 83696.14 6.2670e-16  84030.25 3 
 84314.60 6.1835e-16  84651.19 3 
 84933.08 6.5218e-16  85272.13 3 
 85551.55 6.9916e-16  85893.07 3 
 86170.03 7.0253e-16  86514.02 3 
 86788.49 6.8349e-16  87134.95 3 
 87406.97 5.9722e-16  87755.90 3 
 88025.45 5.0987e-16  88376.84 3 
 88643.91 4.7739e-16  88997.78 3 
 89262.38 4.7785e-16  89618.72 3 
 89880.86 4.8874e-16  90239.66 3 
 90499.33 4.4428e-16  90860.60 3 
 91117.81 3.7843e-16  91481.55 3 
 91736.28 3.8108e-16  92102.49 3 
 92354.76 3.9621e-16  92723.44 3 
 92973.23 4.2778e-16  93344.38 3 
 93591.70 4.1209e-16  93965.32 3 
 94210.17 4.0160e-16  94586.26 3 
 94828.64 3.5904e-16  95207.20 3 
 95447.12 3.6210e-16  95828.15 3 
 96065.59 3.7566e-16  96449.09 3 
 96684.06 3.6267e-16  97070.02 3 
 97302.54 3.3569e-16  97690.98 3 
 97921.02 3.3938e-16  98311.92 3 
 98539.49 3.2738e-16  98932.86 3 
 99157.97 3.2510e-16  99553.80 3 
 99776.40 3.2848e-16 100174.70 3 
100394.92 3.1833e-16 100795.70 3 
101013.35 3.0680e-16 101416.59 3 
101631.89 3.1060e-16 102037.60 3 
102250.32 3.0610e-16 102658.50 3 
102868.84 3.1113e-16 103279.49 3 
103487.29 3.0714e-16 103900.41 3 
104105.71 3.1320e-16 104521.30 3 
104724.24 3.6635e-16 105142.30 3 
105342.67 3.8948e-16 105763.20 3 
105961.21 3.3043e-16 106384.20 3 
106579.64 3.0829e-16 107005.10 3 
107198.07 3.1715e-16 107626.00 3 
107816.60 3.1033e-16 108247.00 3 
108435.03 3.0547e-16 108867.91 3 
109053.56 3.1884e-16 109488.90 3 
109671.99 3.4660e-16 110109.80 3 
110290.52 3.5672e-16 110730.80 3 
110908.95 3.9255e-16 111351.70 3 
111527.38 5.3559e-16 111972.60 3 
112145.92 7.1150e-16 112593.60 3 
112764.34 6.9933e-16 113214.50 3 
113382.88 5.7918e-16 113835.50 3 
114001.31 4.6547e-16 114456.40 3 
114619.84 4.1972e-16 115077.40 3 
115238.27 3.7281e-16 115698.30 3 
115856.70 3.3128e-16 116319.20 3 
116475.23 3.1065e-16 116940.20 3 
117093.66 3.1816e-16 117561.10 3 
117712.19 3.1353e-16 118182.09 3 
118330.62 3.1233e-16 118802.99 3 
118949.15 3.1160e-16 119424.00 3 
119567.58 3.2811e-16 120044.90 3 
120186.01 3.0736e-16 120665.80 3 
120804.55 2.9652e-16 121286.80 3 
121422.98 2.8898e-16 121907.70 3 
122041.51 2.8733e-16 122528.70 3 
122659.94 2.8808e-16 123149.59 3 
123278.38 3.0300e-16 123770.51 3 
123896.90 3.0654e-16 124391.50 3 
124515.33 3.2585e-16 125012.40 3 
125133.86 3.2823e-16 125633.40 3 
125752.30 3.4041e-16 126254.30 3 
126370.82 3.4980e-16 126875.30 3 
126989.26 3.7662e-16 127496.20 3 
127607.69 4.6984e-16 128117.10 3 
128226.22 5.1353e-16 128738.10 3 
128844.65 3.6872e-16 129359.00 3 
129463.18 2.6533e-16 129980.00 3 
130081.61 2.4343e-16 130600.90 3 
130700.04 2.2395e-16 131221.80 3 
131318.57 2.3363e-16 131842.80 3 
131937.01 2.3663e-16 132463.70 3 
132555.54 2.2780e-16 133084.70 3 
133173.96 2.2468e-16 133705.59 3 
133792.49 2.2335e-16 134326.59 3 
134410.93 2.2206e-16 134947.50 3 
135029.37 2.2660e-16 135568.41 3 
135647.90 2.2545e-16 136189.41 3 
136266.32 2.3122e-16 136810.30 3 
136884.85 2.2409e-16 137431.30 3 
137503.29 2.2107e-16 138052.20 3 
138121.82 2.1672e-16 138673.20 3 
138740.24 2.1316e-16 139294.09 3 
139358.68 2.1235e-16 139915.00 3 
139977.21 2.2044e-16 140536.00 3 
140595.65 2.2065e-16 141156.91 3 
141214.16 2.2091e-16 141777.89 3 
141832.60 2.2522e-16 142398.80 3 
142451.13 2.2241e-16 143019.80 3 
143069.57 2.1408e-16 143640.70 3 
143687.99 1.9948e-16 144261.59 3 
144306.54 2.0289e-16 144882.61 3 
144838.71 1.9171e-16 145416.91 3 
145751.96 1.9570e-16 146333.80 3 
146665.31 1.9804e-16 147250.80 3 
147578.57 1.9664e-16 148167.70 3 
148491.81 1.9917e-16 149084.59 3 
149405.07 1.9220e-16 150001.50 3 
150318.43 2.0715e-16 150918.50 3 
151231.69 2.0132e-16 151835.41 3 
152144.93 2.0419e-16 152752.30 3 
153058.29 1.9461e-16 153669.30 3 
153971.55 2.2513e-16 154586.20 3 
154884.79 3.7342e-16 155503.09 3 
155798.05 4.8538e-16 156420.00 3 
156711.41 2.9836e-16 157337.00 3 
157624.67 2.3136e-16 158253.91 3 
158537.91 2.3291e-16 159170.80 3 
159451.27 2.2122e-16 160087.80 3 
160364.53 2.2362e-16 161004.70 3 
161277.77 2.2686e-16 161921.59 3 
162191.13 2.3006e-16 162838.59 3 
163104.39 2.4967e-16 163755.50 3 
164017.63 2.6332e-16 164672.39 3 
164930.89 2.8205e-16 165589.30 3 
165844.26 2.6950e-16 166506.31 3 
166757.49 2.6584e-16 167423.19 3 
167670.75 2.5554e-16 168340.09 3 
168584.01 2.7899e-16 169257.00 3 
169497.37 2.8849e-16 170174.00 3 
170410.63 3.1255e-16 171090.91 3 
171323.89 2.8836e-16 172007.81 3 
172237.24 2.7118e-16 172924.81 3 
173150.49 2.7701e-16 173841.70 3 
174063.75 2.8795e-16 174758.61 3 
174977.10 2.6862e-16 175675.61 3 
175890.35 2.6923e-16 176592.50 3 
176803.61 2.6456e-16 177509.41 3 
177716.85 2.6640e-16 178426.30 3 
178630.21 2.6349e-16 179343.30 3 
179543.47 2.5012e-16 180260.20 3 
180456.71 2.3505e-16 181177.09 3 
181370.06 2.3799e-16 182094.09 3 
182283.32 2.5347e-16 183011.00 3 
183196.57 2.3781e-16 183927.89 3 
184109.92 2.4420e-16 184844.89 3 
185023.18 2.5352e-16 185761.80 3 
185936.44 2.6820e-16 186678.70 3 
186849.69 3.9015e-16 187595.59 3 
187763.04 3.9098e-16 188512.59 3 
188676.30 2.7650e-16 189429.50 3 
189589.55 2.5833e-16 190346.39 3 
190502.92 2.7282e-16 191263.41 3 
191416.18 2.5478e-16 192180.31 3 
192329.41 2.5707e-16 193097.19 3 
193242.67 2.6536e-16 194014.09 3 
194156.04 2.4986e-16 194931.11 3 
195069.28 2.6028e-16 195848.00 3 
195982.54 2.5448e-16 196764.91 3 
196895.90 2.3813e-16 197681.91 3 
197809.14 2.4909e-16 198598.80 3 
198722.40 2.5341e-16 199515.70 3 
199635.66 2.7030e-16 200432.61 3 
200549.02 2.8426e-16 201349.61 3 
201462.26 2.5362e-16 202266.50 3 
202375.52 2.5316e-16 203183.41 3 
203288.88 2.7087e-16 204100.41 3 
204735.10 2.5770e-16 205552.41 3 
206483.11 2.6817e-16 207307.39 3 
208232.13 2.7756e-16 209063.39 3 
209982.16 2.6188e-16 210820.41 3 
211733.06 2.7034e-16 212578.30 3 
213484.86 2.7672e-16 214337.09 3 
215237.66 2.5993e-16 216096.89 3 
216991.38 2.5887e-16 217857.61 3 
218746.06 2.6989e-16 219619.30 3 
220501.76 2.7333e-16 221382.00 3 
222258.34 2.6384e-16 223145.59 3 
224015.93 2.6995e-16 224910.20 3 
225774.41 2.7883e-16 226675.70 3 
227533.87 2.7695e-16 228442.19 3 
229294.34 2.6329e-16 230209.69 3 
231055.72 2.6127e-16 231978.09 3 
232818.09 2.6711e-16 233747.50 3 
234581.46 2.7680e-16 235517.91 3 
236345.71 2.6851e-16 237289.20 3 
238111.07 2.6122e-16 239061.61 3 
239877.22 2.6195e-16 240834.81 3 
241644.45 2.6437e-16 242609.09 3 
243412.70 2.6974e-16 244384.41 3 
245181.84 2.6512e-16 246160.61 3 
246951.96 2.6104e-16 247937.80 3 
248723.10 2.6151e-16 249716.00 3 
250495.12 2.6729e-16 251495.09 3 
252268.24 2.6858e-16 253275.30 3 
254042.27 2.6377e-16 255056.41 3 
255817.39 2.6765e-16 256838.61 3 
257593.37 2.7417e-16 258621.69 3 
259370.41 2.7960e-16 260405.81 3 
261148.40 2.7918e-16 262190.91 3 
262927.39 2.7117e-16 263977.00 3 
264707.38 2.6970e-16 265764.09 3 
266488.40 2.7132e-16 267552.22 3 
268270.38 2.7128e-16 269341.31 3 
270053.35 2.6851e-16 271131.41 3 
271837.33 2.7610e-16 272922.50 3 
273622.29 2.7303e-16 274714.59 3 
275408.38 2.6751e-16 276507.81 3 
277195.34 2.6868e-16 278301.91 3 
278983.30 2.6665e-16 280097.00 3 
280772.34 2.7383e-16 281893.19 3 
282562.42 2.7779e-16 283690.41 3 
284353.36 2.7743e-16 285488.50 3 
286145.40 2.7493e-16 287287.69 3 
287938.46 2.7079e-16 289087.91 3 
289732.61 2.7237e-16 290889.22 3 
291527.72 2.7376e-16 292691.50 3 
293323.77 2.7470e-16 294494.72 3 
295120.97 2.7006e-16 296299.09 3 
296919.11 2.7542e-16 298104.41 3 
298718.30 2.8126e-16 299910.78 3 
300518.52 2.7676e-16 301718.19 3 
302319.73 2.7351e-16 303526.59 3 
304122.04 2.7259e-16 305336.09 3 
305925.34 2.7711e-16 307146.59 3 
307729.64 2.7792e-16 308958.09 3 
309535.02 2.8181e-16 310770.69 3 
311341.53 2.8660e-16 312584.41 3 
313149.00 2.7775e-16 314399.09 3 
314957.50 2.8189e-16 316214.81 3 
316766.97 2.8567e-16 318031.50 3 
318577.64 2.8151e-16 319849.41 3 
320389.22 2.8408e-16 321668.22 3 
322201.96 2.9208e-16 323488.19 3 
324015.62 2.9440e-16 325309.09 3 
325830.47 2.9491e-16 327131.19 3 
327646.35 2.7932e-16 328954.31 3 
329463.16 2.8602e-16 330778.38 3 
331281.12 3.0490e-16 332603.59 3 
333100.17 3.5575e-16 334429.91 3 
334920.28 3.7361e-16 336257.28 3 
336741.45 3.1015e-16 338085.72 3 
338563.64 3.0504e-16 339915.19 3 
340386.86 2.7956e-16 341745.69 3 
342211.21 2.9820e-16 343577.31 3 
344036.73 3.1243e-16 345410.12 3 
345863.13 3.5789e-16 347243.81 3 
347690.74 4.1387e-16 349078.72 3 
