# An Atlas of Galaxy Spectral Energy Distributions from the Ultraviolet to the Mid-Infrared
# Brown et al. (2014)
# http://dx.doi.org/10.5072/03/529D3551F0117
# 
# Column 1 : Restframe Wavelength (Angstrom)
# Column 2 : Flux per unit wavelength (ergs/s/cm^2/Angstrom)
# Column 3 : Observed wavelength (Angstrom)
# Column 4 : Source (0 = model, 1 = Optical Spectrum, 2 = Akari, 3 = Spitzer IRS)
# 
   100.05 1.5110e-25    101.86 0 
   101.91 2.1590e-25    103.75 0 
   104.04 2.8136e-25    105.93 0 
   105.97 3.7867e-25    107.89 0 
   107.94 5.1435e-25    109.90 0 
   109.95 8.7955e-25    111.94 0 
   114.08 1.4800e-24    116.14 0 
   118.09 2.3188e-24    120.23 0 
   121.12 7.8210e-24    123.31 0 
   125.08 1.2141e-23    127.35 0 
   127.12 1.4903e-23    129.42 0 
   128.00 1.6606e-23    130.32 0 
   130.98 2.2043e-23    133.35 0 
   131.89 2.6077e-23    134.28 0 
   134.03 3.1208e-23    136.46 0 
   137.15 4.3880e-23    139.64 0 
   140.02 5.6920e-23    142.56 0 
   142.95 1.1047e-22    145.55 0 
   146.96 2.1740e-22    149.62 0 
   151.08 2.9394e-22    153.82 0 
   154.95 3.9652e-22    157.76 0 
   158.93 5.2998e-22    161.81 0 
   161.88 6.5202e-22    164.82 0 
   166.03 8.5755e-22    169.04 0 
   169.90 1.1047e-21    172.98 0 
   173.06 1.3343e-21    176.20 0 
   177.09 1.6915e-21    180.30 0 
   179.97 2.0103e-21    183.23 0 
   182.05 2.2556e-21    185.35 0 
   185.87 2.8071e-21    189.23 0 
   191.07 3.6497e-21    194.54 0 
   194.18 4.2684e-21    197.70 0 
   197.79 5.1911e-21    201.37 0 
   201.93 6.2844e-21    205.59 0 
   205.21 7.2321e-21    208.93 0 
   209.99 8.7551e-21    213.80 0 
   215.87 1.1648e-20    219.79 0 
   219.89 1.3749e-20    223.87 0 
   222.95 1.5391e-20    226.99 0 
   227.09 1.8083e-20    231.21 0 
   230.25 2.9192e-20    234.42 0 
   233.99 5.3612e-20    238.23 0 
   239.99 7.6078e-20    244.34 0 
   246.15 8.5165e-20    250.61 0 
   251.88 1.0216e-19    256.45 0 
   257.16 9.6663e-20    261.82 0 
   260.13 1.1865e-19    264.85 0 
   263.75 1.3405e-19    268.53 0 
   269.28 1.4868e-19    274.16 0 
   274.28 1.6378e-19    279.25 0 
   278.74 1.7958e-19    283.79 0 
   283.92 1.9645e-19    289.07 0 
   289.87 2.0906e-19    295.12 0 
   295.94 2.3619e-19    301.30 0 
   300.75 2.5019e-19    306.20 0 
   307.75 2.8266e-19    313.33 0 
   317.83 3.3286e-19    323.59 0 
   328.25 3.8042e-19    334.19 0 
   338.22 4.2881e-19    344.35 0 
   347.70 4.8002e-19    354.00 0 
   356.61 5.2876e-19    363.08 0 
   365.76 5.8111e-19    372.39 0 
   375.14 6.3134e-19    381.94 0 
   384.77 6.7183e-19    391.74 0 
   394.64 7.4862e-19    401.79 0 
   404.76 8.1145e-19    412.10 0 
   414.19 8.6549e-19    421.70 0 
   421.89 9.1046e-19    429.54 0 
   429.73 9.5557e-19    437.52 0 
   440.76 1.0286e-18    448.75 0 
   451.02 1.0846e-18    459.20 0 
   460.47 1.1383e-18    468.81 0 
   470.11 1.1947e-18    478.63 0 
   479.95 1.2597e-18    488.65 0 
   490.00 1.3100e-18    498.88 0 
   500.26 1.3749e-18    509.33 0 
   506.06 1.4232e-18    515.23 0 
   511.92 1.6116e-18    521.19 0 
   520.23 1.6644e-18    529.66 0 
   529.91 1.7269e-18    539.51 0 
   539.76 1.7590e-18    549.54 0 
   549.79 1.8891e-18    559.76 0 
   560.01 2.0336e-18    570.16 0 
   570.42 2.1491e-18    580.76 0 
   579.69 2.1840e-18    590.20 0 
   590.47 2.3402e-18    601.17 0 
   600.07 2.3838e-18    610.94 0 
   609.82 2.4281e-18    620.87 0 
   619.72 2.7496e-18    630.96 0 
   629.79 2.8659e-18    641.21 0 
   640.03 2.9666e-18    651.63 0 
   650.43 3.1424e-18    662.22 0 
   657.96 3.2304e-18    669.88 0 
   665.58 3.3827e-18    677.64 0 
   674.84 3.5096e-18    687.07 0 
   684.22 3.5177e-18    696.63 0 
   695.34 3.9835e-18    707.95 0 
   705.02 3.9108e-18    717.79 0 
   716.47 4.4286e-18    729.46 0 
   726.44 4.6053e-18    739.61 0 
   734.85 4.7672e-18    748.17 0 
   745.07 5.1199e-18    758.58 0 
   755.44 5.3736e-18    769.13 0 
   764.19 5.5368e-18    778.04 0 
   774.82 6.0154e-18    788.86 0 
   785.59 6.4012e-18    799.83 0 
   794.69 6.6875e-18    809.10 0 
   805.75 6.9865e-18    820.35 0 
   815.08 7.2487e-18    829.85 0 
   824.51 7.8030e-18    839.46 0 
   834.06 7.0837e-18    849.18 0 
   845.67 8.3611e-18    860.99 0 
   855.46 8.6948e-18    870.96 0 
   865.36 9.2739e-18    881.05 0 
   875.38 9.8687e-18    891.25 0 
   885.52 1.0575e-17    901.57 0 
   895.77 1.1150e-17    912.01 0 
   904.06 1.1436e-17    920.45 0 
   914.53 1.6721e-17    931.11 0 
   925.12 9.5118e-17    941.89 0 
   935.83 2.0666e-16    952.80 0 
   944.49 4.0203e-16    961.61 0 
   955.43 5.6268e-16    972.75 0 
   964.27 6.8432e-16    981.75 0 
   975.44 1.4430e-16    993.12 0 
   984.46 7.0026e-16   1002.31 0 
   995.86 7.0837e-16   1013.91 0 
  1005.07 9.3597e-16   1023.29 0 
  1014.37 8.6948e-16   1032.76 0 
  1026.12 3.6246e-16   1044.72 0 
  1035.62 6.7493e-16   1054.39 0 
  1045.20 1.2085e-15   1064.14 0 
  1054.87 1.2169e-15   1073.99 0 
  1064.63 1.0358e-15   1083.93 0 
  1074.48 1.2113e-15   1093.96 0 
  1084.42 1.0286e-15   1104.08 0 
  1094.46 1.2831e-15   1114.29 0 
  1104.58 1.2510e-15   1124.61 0 
  1114.80 1.2453e-15   1135.01 0 
  1125.12 1.1541e-15   1145.51 0 
  1135.53 1.3876e-15   1156.11 0 
  1146.04 1.2890e-15   1166.81 0 
  1153.98 1.3623e-15   1174.90 0 
  1164.66 1.4232e-15   1185.77 0 
  1175.43 1.0771e-15   1196.74 0 
  1186.31 1.3908e-15   1207.81 0 
  1194.53 1.0382e-15   1216.19 0 
  1205.59 7.9848e-16   1227.44 0 
  1213.94 4.4286e-16   1235.95 0 
  1225.18 9.5777e-16   1247.38 0 
  1233.67 1.4134e-15   1256.03 0 
  1245.08 1.5749e-15   1267.65 0 
  1253.71 1.5569e-15   1276.44 0 
  1265.31 1.3876e-15   1288.25 0 
  1274.09 1.7189e-15   1297.18 0 
  1285.87 1.8041e-15   1309.18 0 
  1294.79 1.5462e-15   1318.26 0 
  1303.76 1.5355e-15   1327.39 0 
  1315.83 1.8292e-15   1339.68 0 
  1324.95 1.7835e-15   1348.96 0 
  1334.13 1.6492e-15   1358.31 0 
  1346.48 1.8761e-15   1370.88 0 
  1355.81 1.8461e-15   1380.38 0 
  1365.21 1.7150e-15   1389.95 0 
  1374.67 1.7876e-15   1399.59 0 
  1384.20 1.8250e-15   1409.29 0 
  1393.79 1.6454e-15   1419.06 0 
  1403.45 1.7150e-15   1428.89 0 
  1416.44 1.7630e-15   1442.12 0 
  1426.26 1.7958e-15   1452.11 0 
  1436.15 1.8000e-15   1462.18 0 
  1442.77 1.8891e-15   1468.93 0 
  1446.10 1.9154e-15   1472.31 0 
  1456.12 1.8848e-15   1482.52 0 
  1466.22 1.7876e-15   1492.79 0 
  1476.38 1.7876e-15   1503.14 0 
  1486.62 1.8124e-15   1513.56 0 
  1493.48 1.8461e-15   1520.55 0 
  1503.83 1.7876e-15   1531.09 0 
  1510.77 1.6416e-15   1538.15 0 
  1517.74 1.7348e-15   1545.25 0 
  1524.75 1.7032e-15   1552.39 0 
  1535.32 1.5426e-15   1563.15 0 
  1545.96 1.6721e-15   1573.98 0 
  1556.68 1.5932e-15   1584.89 0 
  1563.86 1.6228e-15   1592.21 0 
  1574.70 1.7269e-15   1603.25 0 
  1585.62 1.7958e-15   1614.36 0 
  1596.61 1.8504e-15   1625.55 0 
  1603.98 1.8083e-15   1633.05 0 
  1615.10 1.8166e-15   1644.37 0 
  1626.29 1.7429e-15   1655.77 0 
  1633.80 1.8419e-15   1663.41 0 
  1645.12 1.8761e-15   1674.94 0 
  1656.53 1.7509e-15   1686.55 0 
  1664.17 1.9154e-15   1694.34 0 
  1671.85 1.7429e-15   1702.16 0 
  1675.71 1.9555e-15   1706.08 0 
  1683.44 2.0242e-15   1713.96 0 
  1695.11 1.9198e-15   1725.84 0 
  1706.86 1.8718e-15   1737.80 0 
  1714.74 1.8376e-15   1745.82 0 
  1726.63 1.8376e-15   1757.92 0 
  1734.60 1.9510e-15   1766.04 0 
  1746.62 1.9154e-15   1778.28 0 
  1754.68 2.0383e-15   1786.49 0 
  1766.85 1.8761e-15   1798.87 0 
  1775.00 1.9600e-15   1807.17 0 
  1783.19 1.9919e-15   1815.52 0 
  1795.55 2.1294e-15   1828.10 0 
  1803.84 2.1099e-15   1836.54 0 
  1816.35 2.0196e-15   1849.27 0 
  1824.73 2.0383e-15   1857.80 0 
  1833.15 1.9827e-15   1866.38 0 
  1845.86 1.8334e-15   1879.32 0 
  1854.38 1.8805e-15   1887.99 0 
  1862.94 1.9600e-15   1896.71 0 
  1875.85 2.0619e-15   1909.85 0 
  1884.51 1.9555e-15   1918.67 0 
  1893.21 1.9243e-15   1927.53 0 
  1906.33 1.9965e-15   1940.89 0 
  1915.13 1.9736e-15   1949.84 0 
  1923.97 1.9376e-15   1958.84 0 
  1932.85 1.9066e-15   1967.89 0 
  1946.25 2.0954e-15   1981.53 0 
  1955.23 2.0103e-15   1990.67 0 
  1968.79 2.1790e-15   2004.47 0 
  1977.87 2.2093e-15   2013.72 0 
  1982.43 2.1393e-15   2018.37 0 
  1996.17 2.0954e-15   2032.36 0 
  2005.39 2.1148e-15   2041.74 0 
  2014.64 2.0857e-15   2051.16 0 
  2023.94 2.1148e-15   2060.63 0 
  2033.29 2.1148e-15   2070.14 0 
  2042.67 2.2043e-15   2079.70 0 
  2056.83 2.1294e-15   2094.11 0 
  2066.32 2.1294e-15   2103.78 0 
  2075.86 2.2922e-15   2113.49 0 
  2085.44 2.3838e-15   2123.24 0 
  2095.07 2.2765e-15   2133.04 0 
  2104.74 2.2608e-15   2142.89 0 
  2114.45 2.3135e-15   2152.78 0 
  2124.22 2.3188e-15   2162.72 0 
  2134.02 2.1590e-15   2172.70 0 
  2143.87 2.2922e-15   2182.73 0 
  2153.77 2.3456e-15   2192.81 0 
  2163.71 2.2504e-15   2202.93 0 
  2173.69 2.2504e-15   2213.09 0 
  2183.73 2.3028e-15   2223.31 0 
  2193.81 2.4169e-15   2233.57 0 
  2203.93 2.3456e-15   2243.88 0 
  2214.11 2.1941e-15   2254.24 0 
  2224.33 2.1840e-15   2264.64 0 
  2234.59 2.4114e-15   2275.10 0 
  2244.91 2.3028e-15   2285.60 0 
  2255.27 2.1640e-15   2296.15 0 
  2265.68 2.1882e-15   2306.75 0 
  2276.14 2.2877e-15   2317.39 0 
  2286.64 2.4249e-15   2328.09 0 
  2297.20 2.2751e-15   2338.84 0 
  2302.49 2.3640e-15   2344.23 0 
  2313.12 2.2749e-15   2355.05 0 
  2323.80 1.8719e-15   2365.92 0 
  2334.52 2.0777e-15   2376.84 0 
  2345.30 1.9094e-15   2387.81 0 
  2356.13 2.2554e-15   2398.83 0 
  2367.00 1.9568e-15   2409.91 0 
  2372.46 2.1145e-15   2415.46 0 
  2383.41 1.8387e-15   2426.61 0 
  2394.41 2.0038e-15   2437.81 0 
  2405.46 1.9596e-15   2449.06 0 
  2416.57 2.0347e-15   2460.37 0 
  2427.72 2.3379e-15   2471.72 0 
  2433.32 2.2725e-15   2477.42 0 
  2444.55 2.4538e-15   2488.86 0 
  2455.83 2.4556e-15   2500.35 0 
  2467.17 2.4294e-15   2511.89 0 
  2472.85 2.3024e-15   2517.68 0 
  2484.27 2.2465e-15   2529.30 0 
  2495.73 2.1921e-15   2540.97 0 
  2507.26 2.5835e-15   2552.70 0 
  2513.03 2.1080e-15   2558.59 0 
  2518.83 2.0443e-15   2564.48 0 
  2524.63 2.0101e-15   2570.40 0 
  2536.29 2.1408e-15   2582.26 0 
  2542.13 2.1689e-15   2588.21 0 
  2553.87 2.5038e-15   2600.16 0 
  2565.66 2.3602e-15   2612.16 0 
  2577.50 2.5841e-15   2624.22 0 
  2583.44 2.5351e-15   2630.27 0 
  2595.36 2.4794e-15   2642.41 0 
  2607.34 2.3644e-15   2654.61 0 
  2613.36 2.2877e-15   2660.72 0 
  2625.42 2.5572e-15   2673.01 0 
  2637.54 2.8783e-15   2685.34 0 
  2643.62 3.3559e-15   2691.54 0 
  2655.82 3.6913e-15   2703.96 0 
  2661.94 3.1180e-15   2710.19 0 
  2674.23 3.3438e-15   2722.70 0 
  2686.57 3.4964e-15   2735.27 0 
  2692.76 3.1139e-15   2741.57 0 
  2705.19 3.3704e-15   2754.23 0 
  2717.68 3.0065e-15   2766.94 0 
  2723.95 2.9292e-15   2773.32 0 
  2736.52 3.2073e-15   2786.12 0 
  2742.83 2.5225e-15   2792.54 0 
  2755.49 2.7683e-15   2805.43 0 
  2761.84 3.0543e-15   2811.90 0 
  2774.59 3.2531e-15   2824.88 0 
  2787.40 2.7650e-15   2837.92 0 
  2793.82 1.9071e-15   2844.46 0 
  2806.72 2.1124e-15   2857.59 0 
  2813.19 3.2320e-15   2864.18 0 
  2826.17 3.7143e-15   2877.40 0 
  2832.69 3.6105e-15   2884.03 0 
  2845.76 3.3417e-15   2897.34 0 
  2852.32 2.8818e-15   2904.02 0 
  2865.49 3.7331e-15   2917.43 0 
  2872.09 4.0066e-15   2924.15 0 
  2885.35 3.9190e-15   2937.65 0 
  2892.00 4.0821e-15   2944.42 0 
  2912.05 4.8194e-15   2964.83 0 
  2932.23 4.5511e-15   2985.38 0 
  2952.56 4.4487e-15   3006.08 0 
  2973.02 4.6383e-15   3026.91 0 
  2986.75 4.7182e-15   3040.89 0 
  3007.45 4.8407e-15   3061.96 0 
  3028.30 4.9665e-15   3083.19 0 
  3049.29 5.1309e-15   3104.56 0 
  3070.42 5.3252e-15   3126.08 0 
  3091.71 5.4011e-15   3147.75 0 
  3113.14 5.6577e-15   3169.57 0 
  3127.51 5.5218e-15   3184.20 0 
  3149.19 5.5878e-15   3206.27 0 
  3171.02 5.8804e-15   3228.49 0 
  3193.00 5.4774e-15   3250.87 0 
  3207.73 5.8752e-15   3265.88 0 
  3229.97 5.4350e-15   3288.52 0 
  3252.36 6.4177e-15   3311.31 0 
  3267.37 7.0281e-15   3326.60 0 
  3290.02 7.0149e-15   3349.66 0 
  3312.83 6.9537e-15   3372.87 0 
  3320.46 6.7134e-15   3380.65 0 
  3328.12 7.1396e-15   3388.44 0 
  3335.79 7.5406e-15   3396.25 0 
  3343.48 6.8888e-15   3404.08 0 
  3351.19 6.8687e-15   3411.93 0 
  3358.91 7.4577e-15   3419.79 0 
  3366.65 6.6427e-15   3427.68 0 
  3374.41 5.9714e-15   3435.58 0 
  3382.19 6.4985e-15   3443.50 0 
  3389.99 7.3544e-15   3451.44 0 
  3397.81 6.7965e-15   3459.39 0 
  3405.64 7.5166e-15   3467.37 0 
  3413.49 7.2570e-15   3475.36 0 
  3421.36 7.7000e-15   3483.37 0 
  3429.24 7.5723e-15   3491.40 0 
  3437.15 7.6378e-15   3499.45 0 
  3445.07 6.1194e-15   3507.52 0 
  3453.02 8.0621e-15   3515.60 0 
  3460.97 7.3483e-15   3523.71 0 
  3468.95 7.4460e-15   3531.83 0 
  3476.95 7.2221e-15   3539.97 0 
  3484.97 7.6455e-15   3548.13 0 
  3493.00 7.3815e-15   3556.31 0 
  3501.05 7.4798e-15   3564.51 0 
  3509.12 7.8276e-15   3572.73 0 
  3517.21 7.1347e-15   3580.96 0 
  3525.32 7.4322e-15   3589.22 0 
  3533.45 8.2577e-15   3597.49 0 
  3535.45 4.7386e-15   3599.53 1 
  3538.15 1.1558e-14   3602.28 1 
  3540.85 1.2076e-14   3605.03 1 
  3543.55 7.1972e-15   3607.78 1 
  3546.25 8.0190e-15   3610.53 1 
  3548.95 5.5768e-15   3613.28 1 
  3551.65 7.3047e-15   3616.03 1 
  3554.35 3.4788e-15   3618.78 1 
  3557.05 8.6301e-15   3621.53 1 
  3559.76 7.2108e-15   3624.28 1 
  3562.46 8.3999e-15   3627.03 1 
  3565.16 9.0049e-15   3629.78 1 
  3567.86 3.9131e-15   3632.53 1 
  3570.56 8.6830e-15   3635.28 1 
  3573.26 3.4440e-15   3638.03 1 
  3575.96 7.7806e-15   3640.78 1 
  3578.66 9.5198e-15   3643.53 1 
  3581.36 6.4129e-15   3646.28 1 
  3584.07 4.8280e-15   3649.03 1 
  3586.77 7.2455e-15   3651.78 1 
  3589.47 1.2454e-14   3654.53 1 
  3592.17 8.5988e-15   3657.28 1 
  3594.87 9.4139e-15   3660.03 1 
  3597.57 7.8597e-15   3662.78 1 
  3600.27 8.4043e-15   3665.53 1 
  3602.97 9.1683e-15   3668.28 1 
  3605.67 8.0258e-15   3671.03 1 
  3608.37 7.6215e-15   3673.78 1 
  3611.08 1.0553e-14   3676.53 1 
  3613.78 8.8287e-15   3679.28 1 
  3616.48 7.5117e-15   3682.03 1 
  3619.18 9.7798e-15   3684.78 1 
  3621.88 8.3929e-15   3687.53 1 
  3624.58 9.0448e-15   3690.28 1 
  3627.28 6.3985e-15   3693.03 1 
  3629.98 6.3310e-15   3695.78 1 
  3632.68 5.5131e-15   3698.53 1 
  3635.39 6.6118e-15   3701.28 1 
  3638.09 6.7683e-15   3704.03 1 
  3640.79 8.9389e-15   3706.78 1 
  3643.49 7.7735e-15   3709.53 1 
  3646.19 6.9366e-15   3712.28 1 
  3648.89 7.8812e-15   3715.03 1 
  3651.59 9.6363e-15   3717.78 1 
  3654.29 8.3671e-15   3720.53 1 
  3656.99 8.3764e-15   3723.28 1 
  3659.69 6.5358e-15   3726.03 1 
  3662.40 9.4646e-15   3728.78 1 
  3665.10 9.4580e-15   3731.53 1 
  3667.80 9.2362e-15   3734.28 1 
  3670.50 8.5726e-15   3737.03 1 
  3673.20 8.8264e-15   3739.78 1 
  3675.90 8.6928e-15   3742.53 1 
  3678.60 8.4127e-15   3745.28 1 
  3681.30 8.5912e-15   3748.03 1 
  3684.00 8.4814e-15   3750.78 1 
  3686.70 8.5843e-15   3753.53 1 
  3689.41 8.8623e-15   3756.28 1 
  3692.11 8.6958e-15   3759.03 1 
  3694.81 9.2953e-15   3761.78 1 
  3697.51 9.9113e-15   3764.53 1 
  3700.21 1.0538e-14   3767.28 1 
  3702.91 1.0114e-14   3770.03 1 
  3705.61 8.7524e-15   3772.78 1 
  3708.31 8.6174e-15   3775.53 1 
  3711.01 9.2131e-15   3778.28 1 
  3713.72 9.2272e-15   3781.03 1 
  3716.42 9.5200e-15   3783.78 1 
  3719.12 1.1029e-14   3786.53 1 
  3721.82 1.2762e-14   3789.28 1 
  3724.52 1.5235e-14   3792.03 1 
  3727.22 1.8452e-14   3794.78 1 
  3729.92 1.8721e-14   3797.53 1 
  3732.62 1.3693e-14   3800.28 1 
  3735.32 1.0973e-14   3803.03 1 
  3738.02 9.4243e-15   3805.78 1 
  3740.73 7.9798e-15   3808.53 1 
  3743.43 8.4240e-15   3811.28 1 
  3746.13 8.4958e-15   3814.03 1 
  3748.83 8.6624e-15   3816.78 1 
  3751.53 8.1115e-15   3819.53 1 
  3754.23 1.0460e-14   3822.28 1 
  3756.93 1.1444e-14   3825.03 1 
  3759.63 1.0273e-14   3827.78 1 
  3762.33 1.0941e-14   3830.53 1 
  3765.04 8.8986e-15   3833.28 1 
  3767.74 9.3049e-15   3836.03 1 
  3770.44 8.5356e-15   3838.78 1 
  3773.14 8.9877e-15   3841.53 1 
  3775.84 9.3770e-15   3844.28 1 
  3778.54 1.1985e-14   3847.03 1 
  3781.24 1.1123e-14   3849.78 1 
  3783.94 1.1164e-14   3852.53 1 
  3786.64 1.1168e-14   3855.28 1 
  3789.34 1.1383e-14   3858.03 1 
  3792.05 1.0759e-14   3860.78 1 
  3794.75 9.2105e-15   3863.53 1 
  3797.45 8.8756e-15   3866.28 1 
  3800.15 1.0175e-14   3869.03 1 
  3802.85 9.4861e-15   3871.78 1 
  3805.55 1.0394e-14   3874.53 1 
  3808.25 1.1951e-14   3877.28 1 
  3810.95 1.2748e-14   3880.03 1 
  3813.65 1.1879e-14   3882.78 1 
  3816.35 1.2889e-14   3885.53 1 
  3819.06 1.2148e-14   3888.28 1 
  3821.76 1.1998e-14   3891.03 1 
  3824.46 1.0859e-14   3893.78 1 
  3827.16 8.9989e-15   3896.53 1 
  3829.86 9.0251e-15   3899.28 1 
  3832.56 7.8057e-15   3902.03 1 
  3835.26 9.4774e-15   3904.78 1 
  3837.96 9.4747e-15   3907.53 1 
  3840.66 9.1329e-15   3910.28 1 
  3843.37 9.4018e-15   3913.03 1 
  3846.07 1.1632e-14   3915.78 1 
  3848.77 1.3579e-14   3918.53 1 
  3851.47 1.2923e-14   3921.28 1 
  3854.17 1.2510e-14   3924.03 1 
  3856.87 1.3409e-14   3926.78 1 
  3859.57 1.3702e-14   3929.53 1 
  3862.27 1.2505e-14   3932.28 1 
  3864.97 1.4321e-14   3935.03 1 
  3867.67 1.4168e-14   3937.78 1 
  3870.38 1.1576e-14   3940.53 1 
  3873.08 1.2218e-14   3943.28 1 
  3875.78 1.2886e-14   3946.03 1 
  3878.48 1.0699e-14   3948.78 1 
  3881.18 1.0108e-14   3951.53 1 
  3883.88 1.0072e-14   3954.28 1 
  3886.58 1.0104e-14   3957.03 1 
  3889.28 9.0883e-15   3959.78 1 
  3891.98 9.2796e-15   3962.53 1 
  3894.68 1.0305e-14   3965.28 1 
  3897.39 1.0838e-14   3968.03 1 
  3900.09 1.0511e-14   3970.78 1 
  3902.79 1.3328e-14   3973.53 1 
  3905.49 1.3121e-14   3976.28 1 
  3908.19 1.3655e-14   3979.03 1 
  3910.89 1.3930e-14   3981.78 1 
  3913.59 1.4938e-14   3984.53 1 
  3916.29 1.3978e-14   3987.28 1 
  3918.99 1.3138e-14   3990.03 1 
  3921.70 1.4265e-14   3992.78 1 
  3924.40 1.2850e-14   3995.53 1 
  3927.10 1.1186e-14   3998.28 1 
  3929.80 9.9584e-15   4001.03 1 
  3932.50 1.0794e-14   4003.78 1 
  3935.20 9.9666e-15   4006.53 1 
  3937.90 1.0671e-14   4009.28 1 
  3940.60 1.0850e-14   4012.03 1 
  3943.30 1.1820e-14   4014.78 1 
  3946.00 1.3306e-14   4017.53 1 
  3948.71 1.4439e-14   4020.28 1 
  3951.41 1.3389e-14   4023.03 1 
  3954.11 1.1963e-14   4025.78 1 
  3956.81 1.2606e-14   4028.53 1 
  3959.51 1.0548e-14   4031.28 1 
  3962.21 1.1265e-14   4034.03 1 
  3964.91 9.2929e-15   4036.78 1 
  3967.61 9.2126e-15   4039.53 1 
  3970.31 8.2961e-15   4042.28 1 
  3973.02 8.8694e-15   4045.03 1 
  3975.72 1.0517e-14   4047.78 1 
  3978.42 1.2138e-14   4050.53 1 
  3981.12 1.3576e-14   4053.28 1 
  3983.82 1.3308e-14   4056.03 1 
  3986.52 1.4254e-14   4058.78 1 
  3989.22 1.5914e-14   4061.53 1 
  3991.92 1.6403e-14   4064.28 1 
  3994.62 1.6497e-14   4067.03 1 
  3997.32 1.5390e-14   4069.78 1 
  4000.03 1.5718e-14   4072.53 1 
  4002.73 1.5920e-14   4075.28 1 
  4005.43 1.6616e-14   4078.03 1 
  4008.13 1.6612e-14   4080.78 1 
  4010.83 1.6160e-14   4083.53 1 
  4013.53 1.6627e-14   4086.28 1 
  4016.23 1.6800e-14   4089.03 1 
  4018.93 1.6539e-14   4091.78 1 
  4021.63 1.7448e-14   4094.53 1 
  4024.33 1.6725e-14   4097.28 1 
  4027.04 1.5019e-14   4100.03 1 
  4029.74 1.4614e-14   4102.78 1 
  4032.44 1.5225e-14   4105.53 1 
  4035.14 1.5375e-14   4108.28 1 
  4037.84 1.4973e-14   4111.03 1 
  4040.54 1.5713e-14   4113.78 1 
  4043.24 1.5441e-14   4116.53 1 
  4045.94 1.4632e-14   4119.28 1 
  4048.64 1.5695e-14   4122.03 1 
  4051.35 1.6661e-14   4124.78 1 
  4054.05 1.5865e-14   4127.53 1 
  4056.75 1.5579e-14   4130.28 1 
  4059.45 1.5600e-14   4133.03 1 
  4062.15 1.5541e-14   4135.78 1 
  4064.85 1.5498e-14   4138.53 1 
  4067.55 1.5749e-14   4141.28 1 
  4070.25 1.6033e-14   4144.03 1 
  4072.95 1.5859e-14   4146.78 1 
  4075.65 1.5138e-14   4149.53 1 
  4078.36 1.4919e-14   4152.28 1 
  4081.06 1.5521e-14   4155.03 1 
  4083.76 1.5651e-14   4157.78 1 
  4086.46 1.6426e-14   4160.53 1 
  4089.16 1.5771e-14   4163.28 1 
  4091.86 1.4432e-14   4166.03 1 
  4094.56 1.3227e-14   4168.78 1 
  4097.26 1.2246e-14   4171.53 1 
  4099.96 1.0972e-14   4174.28 1 
  4102.66 1.0798e-14   4177.03 1 
  4105.37 1.0967e-14   4179.78 1 
  4108.07 1.2648e-14   4182.53 1 
  4110.77 1.4020e-14   4185.28 1 
  4113.47 1.3458e-14   4188.03 1 
  4116.17 1.3986e-14   4190.78 1 
  4118.87 1.5204e-14   4193.53 1 
  4121.57 1.5661e-14   4196.28 1 
  4124.27 1.5363e-14   4199.03 1 
  4126.97 1.4795e-14   4201.78 1 
  4129.68 1.4660e-14   4204.53 1 
  4132.38 1.5573e-14   4207.28 1 
  4135.08 1.5332e-14   4210.03 1 
  4137.78 1.5541e-14   4212.78 1 
  4140.48 1.6209e-14   4215.53 1 
  4143.18 1.5763e-14   4218.28 1 
  4145.88 1.6145e-14   4221.03 1 
  4148.58 1.5071e-14   4223.78 1 
  4151.28 1.5324e-14   4226.53 1 
  4153.98 1.5973e-14   4229.28 1 
  4156.69 1.5875e-14   4232.03 1 
  4159.39 1.5693e-14   4234.78 1 
  4162.09 1.6162e-14   4237.53 1 
  4164.79 1.4829e-14   4240.28 1 
  4167.49 1.4929e-14   4243.03 1 
  4170.19 1.4870e-14   4245.78 1 
  4172.89 1.5154e-14   4248.53 1 
  4175.59 1.4996e-14   4251.28 1 
  4178.29 1.4738e-14   4254.03 1 
  4181.00 1.5382e-14   4256.78 1 
  4183.70 1.5843e-14   4259.53 1 
  4186.40 1.5517e-14   4262.28 1 
  4189.10 1.6670e-14   4265.03 1 
  4191.80 1.6037e-14   4267.78 1 
  4194.50 1.5245e-14   4270.53 1 
  4197.20 1.5298e-14   4273.28 1 
  4199.90 1.4988e-14   4276.03 1 
  4202.60 1.5085e-14   4278.78 1 
  4205.30 1.5329e-14   4281.53 1 
  4208.01 1.5676e-14   4284.28 1 
  4210.71 1.6528e-14   4287.03 1 
  4213.41 1.6029e-14   4289.78 1 
  4216.11 1.5725e-14   4292.53 1 
  4218.81 1.5512e-14   4295.28 1 
  4221.51 1.4470e-14   4298.03 1 
  4224.21 1.3877e-14   4300.78 1 
  4226.91 1.5325e-14   4303.53 1 
  4229.61 1.5656e-14   4306.28 1 
  4232.31 1.5707e-14   4309.03 1 
  4235.02 1.5869e-14   4311.78 1 
  4237.72 1.6330e-14   4314.53 1 
  4240.42 1.6275e-14   4317.28 1 
  4243.12 1.6060e-14   4320.03 1 
  4245.82 1.5843e-14   4322.78 1 
  4248.52 1.5903e-14   4325.53 1 
  4251.22 1.6000e-14   4328.28 1 
  4253.92 1.5499e-14   4331.03 1 
  4256.62 1.6611e-14   4333.78 1 
  4259.33 1.6017e-14   4336.53 1 
  4262.03 1.5628e-14   4339.28 1 
  4264.73 1.5455e-14   4342.03 1 
  4267.43 1.6385e-14   4344.78 1 
  4270.13 1.6969e-14   4347.53 1 
  4272.83 1.5383e-14   4350.28 1 
  4275.53 1.6067e-14   4353.03 1 
  4278.23 1.6200e-14   4355.78 1 
  4280.93 1.6427e-14   4358.53 1 
  4283.63 1.5955e-14   4361.28 1 
  4286.34 1.6094e-14   4364.03 1 
  4289.04 1.5497e-14   4366.78 1 
  4291.74 1.6153e-14   4369.53 1 
  4294.44 1.5507e-14   4372.28 1 
  4297.14 1.4111e-14   4375.03 1 
  4299.84 1.3884e-14   4377.78 1 
  4302.54 1.3615e-14   4380.53 1 
  4305.24 1.4289e-14   4383.28 1 
  4307.94 1.3694e-14   4386.03 1 
  4310.65 1.4400e-14   4388.78 1 
  4313.35 1.5265e-14   4391.53 1 
  4316.05 1.5719e-14   4394.28 1 
  4318.75 1.5587e-14   4397.03 1 
  4321.45 1.4815e-14   4399.78 1 
  4324.15 1.5275e-14   4402.53 1 
  4326.85 1.5197e-14   4405.28 1 
  4329.55 1.4297e-14   4408.03 1 
  4332.25 1.5201e-14   4410.78 1 
  4334.95 1.3850e-14   4413.53 1 
  4337.66 1.2514e-14   4416.28 1 
  4340.36 1.1586e-14   4419.03 1 
  4343.06 1.2834e-14   4421.78 1 
  4345.76 1.3029e-14   4424.53 1 
  4348.46 1.3594e-14   4427.28 1 
  4351.16 1.4295e-14   4430.03 1 
  4353.86 1.4626e-14   4432.78 1 
  4356.56 1.4922e-14   4435.53 1 
  4359.26 1.5931e-14   4438.28 1 
  4361.96 1.5770e-14   4441.03 1 
  4364.67 1.6819e-14   4443.78 1 
  4367.37 1.6100e-14   4446.53 1 
  4370.07 1.5712e-14   4449.28 1 
  4372.77 1.6241e-14   4452.03 1 
  4375.47 1.5628e-14   4454.78 1 
  4378.17 1.6398e-14   4457.53 1 
  4380.87 1.5162e-14   4460.28 1 
  4383.57 1.5729e-14   4463.03 1 
  4386.27 1.6466e-14   4465.78 1 
  4388.98 1.6375e-14   4468.53 1 
  4391.68 1.6372e-14   4471.28 1 
  4394.38 1.5756e-14   4474.03 1 
  4397.08 1.4996e-14   4476.78 1 
  4399.78 1.6918e-14   4479.53 1 
  4402.48 1.5906e-14   4482.28 1 
  4405.18 1.5290e-14   4485.03 1 
  4407.88 1.5788e-14   4487.78 1 
  4410.58 1.5699e-14   4490.53 1 
  4413.28 1.6590e-14   4493.28 1 
  4415.99 1.6578e-14   4496.03 1 
  4418.69 1.6889e-14   4498.78 1 
  4421.39 1.7893e-14   4501.53 1 
  4424.09 1.7209e-14   4504.28 1 
  4426.79 1.6758e-14   4507.03 1 
  4429.49 1.8128e-14   4509.78 1 
  4432.19 1.6952e-14   4512.53 1 
  4434.89 1.6411e-14   4515.28 1 
  4437.59 1.6949e-14   4518.03 1 
  4440.29 1.6128e-14   4520.78 1 
  4443.00 1.6599e-14   4523.53 1 
  4445.70 1.6885e-14   4526.28 1 
  4448.40 1.7879e-14   4529.03 1 
  4451.10 1.8291e-14   4531.78 1 
  4453.80 1.5440e-14   4534.53 1 
  4456.50 1.6984e-14   4537.28 1 
  4459.20 1.5529e-14   4540.03 1 
  4461.90 1.6313e-14   4542.78 1 
  4464.60 1.6723e-14   4545.53 1 
  4467.31 1.6270e-14   4548.28 1 
  4470.01 1.7071e-14   4551.03 1 
  4472.71 1.7671e-14   4553.78 1 
  4475.41 1.7463e-14   4556.53 1 
  4478.11 1.7991e-14   4559.28 1 
  4480.81 1.7220e-14   4562.03 1 
  4483.51 1.7312e-14   4564.78 1 
  4486.21 1.7657e-14   4567.53 1 
  4488.91 1.7737e-14   4570.28 1 
  4491.61 1.7429e-14   4573.03 1 
  4494.32 1.7642e-14   4575.78 1 
  4497.02 1.8065e-14   4578.53 1 
  4499.72 1.8292e-14   4581.28 1 
  4502.42 1.8343e-14   4584.03 1 
  4505.12 1.8310e-14   4586.78 1 
  4507.82 1.8479e-14   4589.53 1 
  4510.52 1.8516e-14   4592.28 1 
  4513.22 1.7712e-14   4595.03 1 
  4515.92 1.7174e-14   4597.78 1 
  4518.63 1.7001e-14   4600.53 1 
  4521.33 1.6997e-14   4603.28 1 
  4524.03 1.7845e-14   4606.03 1 
  4526.73 1.6721e-14   4608.78 1 
  4529.43 1.6687e-14   4611.53 1 
  4532.13 1.6775e-14   4614.28 1 
  4534.83 1.6640e-14   4617.03 1 
  4537.53 1.6386e-14   4619.78 1 
  4540.23 1.7048e-14   4622.53 1 
  4542.93 1.6837e-14   4625.28 1 
  4545.64 1.7911e-14   4628.03 1 
  4548.34 1.7851e-14   4630.78 1 
  4551.04 1.7462e-14   4633.53 1 
  4553.74 1.7380e-14   4636.28 1 
  4556.44 1.7286e-14   4639.03 1 
  4559.14 1.6775e-14   4641.78 1 
  4561.84 1.7276e-14   4644.53 1 
  4564.54 1.8007e-14   4647.28 1 
  4567.24 1.8131e-14   4650.03 1 
  4569.94 1.8325e-14   4652.78 1 
  4572.65 1.7691e-14   4655.53 1 
  4575.35 1.7621e-14   4658.28 1 
  4578.05 1.7137e-14   4661.03 1 
  4580.75 1.6939e-14   4663.78 1 
  4583.45 1.6102e-14   4666.53 1 
  4586.15 1.7429e-14   4669.28 1 
  4588.85 1.7325e-14   4672.03 1 
  4591.55 1.7598e-14   4674.78 1 
  4594.25 1.7443e-14   4677.53 1 
  4596.96 1.6950e-14   4680.28 1 
  4599.66 1.6979e-14   4683.03 1 
  4602.36 1.6511e-14   4685.78 1 
  4605.06 1.7685e-14   4688.53 1 
  4607.76 1.7858e-14   4691.28 1 
  4610.46 1.7952e-14   4694.03 1 
  4613.16 1.7855e-14   4696.78 1 
  4615.86 1.7918e-14   4699.53 1 
  4618.56 1.8595e-14   4702.28 1 
  4621.26 1.8492e-14   4705.03 1 
  4623.97 1.7635e-14   4707.78 1 
  4626.67 1.8469e-14   4710.53 1 
  4629.37 1.8380e-14   4713.28 1 
  4632.07 1.7992e-14   4716.03 1 
  4634.77 1.7382e-14   4718.78 1 
  4637.47 1.7668e-14   4721.53 1 
  4640.17 1.7783e-14   4724.28 1 
  4642.87 1.7857e-14   4727.03 1 
  4645.57 1.7222e-14   4729.78 1 
  4648.28 1.7158e-14   4732.53 1 
  4650.98 1.7434e-14   4735.28 1 
  4653.68 1.7847e-14   4738.03 1 
  4656.38 1.8622e-14   4740.78 1 
  4659.08 1.7587e-14   4743.53 1 
  4661.78 1.6799e-14   4746.28 1 
  4664.48 1.7670e-14   4749.03 1 
  4667.18 1.7129e-14   4751.78 1 
  4669.88 1.6975e-14   4754.53 1 
  4672.58 1.6649e-14   4757.28 1 
  4675.29 1.6827e-14   4760.03 1 
  4677.99 1.7608e-14   4762.78 1 
  4680.69 1.7051e-14   4765.53 1 
  4683.39 1.7277e-14   4768.28 1 
  4686.09 1.7872e-14   4771.03 1 
  4688.79 1.8159e-14   4773.78 1 
  4691.49 1.8520e-14   4776.53 1 
  4694.19 1.7410e-14   4779.28 1 
  4696.89 1.7708e-14   4782.03 1 
  4699.59 1.7074e-14   4784.78 1 
  4702.30 1.6689e-14   4787.53 1 
  4705.00 1.6914e-14   4790.28 1 
  4707.70 1.7132e-14   4793.03 1 
  4710.40 1.7052e-14   4795.78 1 
  4713.10 1.7368e-14   4798.53 1 
  4715.80 1.8025e-14   4801.28 1 
  4718.50 1.7268e-14   4804.03 1 
  4721.20 1.8187e-14   4806.78 1 
  4723.90 1.8693e-14   4809.53 1 
  4726.61 1.7181e-14   4812.28 1 
  4729.31 1.7076e-14   4815.03 1 
  4732.01 1.7004e-14   4817.78 1 
  4734.71 1.8044e-14   4820.53 1 
  4737.41 1.7871e-14   4823.28 1 
  4740.11 1.8267e-14   4826.03 1 
  4742.81 1.8189e-14   4828.78 1 
  4745.51 1.7379e-14   4831.53 1 
  4748.21 1.7794e-14   4834.28 1 
  4750.91 1.8046e-14   4837.03 1 
  4753.62 1.7516e-14   4839.78 1 
  4756.32 1.7139e-14   4842.53 1 
  4759.02 1.7750e-14   4845.28 1 
  4761.72 1.8077e-14   4848.03 1 
  4764.42 1.8013e-14   4850.78 1 
  4767.12 1.7479e-14   4853.53 1 
  4769.82 1.7586e-14   4856.28 1 
  4772.52 1.8063e-14   4859.03 1 
  4775.22 1.8219e-14   4861.78 1 
  4777.93 1.7699e-14   4864.53 1 
  4780.63 1.7820e-14   4867.28 1 
  4783.33 1.7726e-14   4870.03 1 
  4786.03 1.7384e-14   4872.78 1 
  4788.73 1.7706e-14   4875.53 1 
  4791.43 1.7271e-14   4878.28 1 
  4794.13 1.7990e-14   4881.03 1 
  4796.83 1.8193e-14   4883.78 1 
  4799.53 1.7660e-14   4886.53 1 
  4802.23 1.7773e-14   4889.28 1 
  4804.94 1.8677e-14   4892.03 1 
  4807.64 1.7979e-14   4894.78 1 
  4810.34 1.8055e-14   4897.53 1 
  4813.04 1.7338e-14   4900.28 1 
  4815.74 1.7220e-14   4903.03 1 
  4818.44 1.7276e-14   4905.78 1 
  4821.14 1.7935e-14   4908.53 1 
  4823.84 1.7269e-14   4911.28 1 
  4826.54 1.7130e-14   4914.03 1 
  4829.24 1.7442e-14   4916.78 1 
  4831.95 1.7519e-14   4919.53 1 
  4834.65 1.7350e-14   4922.28 1 
  4837.35 1.7548e-14   4925.03 1 
  4840.05 1.7320e-14   4927.78 1 
  4842.75 1.6991e-14   4930.53 1 
  4845.45 1.6205e-14   4933.28 1 
  4848.15 1.6246e-14   4936.03 1 
  4850.85 1.5649e-14   4938.78 1 
  4853.55 1.5357e-14   4941.53 1 
  4856.26 1.4815e-14   4944.28 1 
  4858.96 1.4391e-14   4947.03 1 
  4861.66 1.4342e-14   4949.78 1 
  4864.36 1.4549e-14   4952.53 1 
  4867.06 1.4636e-14   4955.28 1 
  4869.76 1.5260e-14   4958.03 1 
  4872.46 1.5197e-14   4960.78 1 
  4875.16 1.5719e-14   4963.53 1 
  4877.86 1.6383e-14   4966.28 1 
  4880.56 1.6844e-14   4969.03 1 
  4883.27 1.6668e-14   4971.78 1 
  4885.97 1.6932e-14   4974.53 1 
  4888.67 1.7041e-14   4977.28 1 
  4891.37 1.6931e-14   4980.03 1 
  4894.07 1.7701e-14   4982.78 1 
  4896.77 1.8131e-14   4985.53 1 
  4899.47 1.7673e-14   4988.28 1 
  4902.17 1.7355e-14   4991.03 1 
  4904.87 1.7300e-14   4993.78 1 
  4907.58 1.7719e-14   4996.53 1 
  4910.28 1.7802e-14   4999.28 1 
  4912.98 1.6828e-14   5002.03 1 
  4915.68 1.6281e-14   5004.78 1 
  4918.38 1.7318e-14   5007.53 1 
  4921.08 1.7281e-14   5010.28 1 
  4923.78 1.7130e-14   5013.03 1 
  4926.48 1.6940e-14   5015.78 1 
  4929.18 1.7518e-14   5018.53 1 
  4931.88 1.7412e-14   5021.28 1 
  4934.59 1.7860e-14   5024.03 1 
  4937.29 1.8408e-14   5026.78 1 
  4939.99 1.8535e-14   5029.53 1 
  4942.69 1.8302e-14   5032.28 1 
  4945.39 1.7446e-14   5035.03 1 
  4948.09 1.7709e-14   5037.78 1 
  4950.79 1.7799e-14   5040.53 1 
  4953.49 1.7524e-14   5043.28 1 
  4956.19 1.7697e-14   5046.03 1 
  4958.89 1.8110e-14   5048.78 1 
  4961.60 1.8531e-14   5051.53 1 
  4964.30 1.8582e-14   5054.28 1 
  4967.00 1.8369e-14   5057.03 1 
  4969.70 1.8074e-14   5059.78 1 
  4972.40 1.7752e-14   5062.53 1 
  4975.10 1.7549e-14   5065.28 1 
  4977.80 1.7123e-14   5068.03 1 
  4980.50 1.6981e-14   5070.78 1 
  4983.20 1.6768e-14   5073.53 1 
  4985.91 1.6834e-14   5076.28 1 
  4988.61 1.6808e-14   5079.03 1 
  4991.31 1.6746e-14   5081.78 1 
  4994.01 1.7150e-14   5084.53 1 
  4996.71 1.7746e-14   5087.28 1 
  4999.41 1.7948e-14   5090.03 1 
  5002.11 1.8699e-14   5092.78 1 
  5004.81 1.9024e-14   5095.53 1 
  5007.51 1.9234e-14   5098.28 1 
  5010.21 1.8337e-14   5101.03 1 
  5012.92 1.7245e-14   5103.78 1 
  5015.62 1.6682e-14   5106.53 1 
  5018.32 1.6818e-14   5109.28 1 
  5021.02 1.6277e-14   5112.03 1 
  5023.72 1.7041e-14   5114.78 1 
  5026.42 1.7282e-14   5117.53 1 
  5029.12 1.6788e-14   5120.28 1 
  5031.82 1.7215e-14   5123.03 1 
  5034.52 1.6994e-14   5125.78 1 
  5037.23 1.6664e-14   5128.53 1 
  5039.93 1.6864e-14   5131.28 1 
  5042.63 1.6934e-14   5134.03 1 
  5045.33 1.7312e-14   5136.78 1 
  5048.03 1.7236e-14   5139.53 1 
  5050.73 1.7466e-14   5142.28 1 
  5053.43 1.7698e-14   5145.03 1 
  5056.13 1.7581e-14   5147.78 1 
  5058.83 1.7596e-14   5150.53 1 
  5061.53 1.7628e-14   5153.28 1 
  5064.24 1.7223e-14   5156.03 1 
  5066.94 1.7228e-14   5158.78 1 
  5069.64 1.7489e-14   5161.53 1 
  5072.34 1.7376e-14   5164.28 1 
  5075.04 1.6917e-14   5167.03 1 
  5077.74 1.6632e-14   5169.78 1 
  5080.44 1.6596e-14   5172.53 1 
  5083.14 1.7251e-14   5175.28 1 
  5085.84 1.7863e-14   5178.03 1 
  5088.54 1.7003e-14   5180.78 1 
  5091.25 1.6638e-14   5183.53 1 
  5093.95 1.7446e-14   5186.28 1 
  5096.65 1.7296e-14   5189.03 1 
  5099.35 1.6872e-14   5191.78 1 
  5102.05 1.7359e-14   5194.53 1 
  5104.75 1.7790e-14   5197.28 1 
  5107.45 1.7317e-14   5200.03 1 
  5110.15 1.7255e-14   5202.78 1 
  5112.85 1.7609e-14   5205.53 1 
  5115.56 1.7313e-14   5208.28 1 
  5118.26 1.7076e-14   5211.03 1 
  5120.96 1.6949e-14   5213.78 1 
  5123.66 1.6784e-14   5216.53 1 
  5126.36 1.6804e-14   5219.28 1 
  5129.06 1.6455e-14   5222.03 1 
  5131.76 1.6526e-14   5224.78 1 
  5134.46 1.6571e-14   5227.53 1 
  5137.16 1.6455e-14   5230.28 1 
  5139.86 1.6785e-14   5233.03 1 
  5142.57 1.6908e-14   5235.78 1 
  5145.27 1.6373e-14   5238.53 1 
  5147.97 1.6271e-14   5241.28 1 
  5150.67 1.6721e-14   5244.03 1 
  5153.37 1.6486e-14   5246.78 1 
  5156.07 1.6900e-14   5249.53 1 
  5158.77 1.7356e-14   5252.28 1 
  5161.47 1.6932e-14   5255.03 1 
  5164.17 1.6454e-14   5257.78 1 
  5166.88 1.5873e-14   5260.53 1 
  5169.58 1.4893e-14   5263.28 1 
  5172.28 1.4158e-14   5266.03 1 
  5174.98 1.5357e-14   5268.78 1 
  5177.68 1.6545e-14   5271.53 1 
  5180.38 1.5934e-14   5274.28 1 
  5183.08 1.5436e-14   5277.03 1 
  5185.78 1.5351e-14   5279.78 1 
  5188.48 1.6395e-14   5282.53 1 
  5191.18 1.6674e-14   5285.28 1 
  5193.89 1.6591e-14   5288.03 1 
  5196.59 1.7295e-14   5290.78 1 
  5199.29 1.7349e-14   5293.53 1 
  5201.99 1.7341e-14   5296.28 1 
  5204.69 1.6875e-14   5299.03 1 
  5207.39 1.6426e-14   5301.78 1 
  5210.09 1.6470e-14   5304.53 1 
  5212.79 1.7016e-14   5307.28 1 
  5215.49 1.7580e-14   5310.03 1 
  5218.19 1.7439e-14   5312.78 1 
  5220.90 1.7296e-14   5315.53 1 
  5223.60 1.7443e-14   5318.28 1 
  5226.30 1.6767e-14   5321.03 1 
  5229.00 1.6566e-14   5323.78 1 
  5231.70 1.7179e-14   5326.53 1 
  5234.40 1.7843e-14   5329.28 1 
  5237.10 1.7572e-14   5332.03 1 
  5239.80 1.8093e-14   5334.78 1 
  5242.50 1.8319e-14   5337.53 1 
  5245.21 1.7799e-14   5340.28 1 
  5247.91 1.7270e-14   5343.03 1 
  5250.61 1.7969e-14   5345.78 1 
  5253.31 1.7703e-14   5348.53 1 
  5256.01 1.7598e-14   5351.28 1 
  5258.71 1.7634e-14   5354.03 1 
  5261.41 1.7535e-14   5356.78 1 
  5264.11 1.6514e-14   5359.53 1 
  5266.81 1.6072e-14   5362.28 1 
  5269.51 1.6640e-14   5365.03 1 
  5272.22 1.6446e-14   5367.78 1 
  5274.92 1.6413e-14   5370.53 1 
  5277.62 1.7285e-14   5373.28 1 
  5280.32 1.7353e-14   5376.03 1 
  5283.02 1.7725e-14   5378.78 1 
  5285.72 1.7596e-14   5381.53 1 
  5288.42 1.7719e-14   5384.28 1 
  5291.12 1.7904e-14   5387.03 1 
  5293.82 1.7459e-14   5389.78 1 
  5296.52 1.7561e-14   5392.53 1 
  5299.23 1.8055e-14   5395.28 1 
  5301.93 1.8163e-14   5398.03 1 
  5304.63 1.7947e-14   5400.78 1 
  5307.33 1.8519e-14   5403.53 1 
  5310.03 1.8928e-14   5406.28 1 
  5312.73 1.8352e-14   5409.03 1 
  5315.43 1.8401e-14   5411.78 1 
  5318.13 1.8570e-14   5414.53 1 
  5320.83 1.7933e-14   5417.28 1 
  5323.54 1.7449e-14   5420.03 1 
  5326.24 1.7562e-14   5422.78 1 
  5328.94 1.7645e-14   5425.53 1 
  5331.64 1.7490e-14   5428.28 1 
  5334.34 1.7658e-14   5431.03 1 
  5337.04 1.8112e-14   5433.78 1 
  5339.74 1.7775e-14   5436.53 1 
  5342.44 1.7449e-14   5439.28 1 
  5345.14 1.7695e-14   5442.03 1 
  5347.84 1.8357e-14   5444.78 1 
  5350.55 1.8404e-14   5447.53 1 
  5353.25 1.8565e-14   5450.28 1 
  5355.95 1.8987e-14   5453.03 1 
  5358.65 1.9276e-14   5455.78 1 
  5361.35 1.8704e-14   5458.53 1 
  5364.05 1.8494e-14   5461.28 1 
  5366.75 1.8436e-14   5464.03 1 
  5369.45 1.7780e-14   5466.78 1 
  5372.15 1.7899e-14   5469.53 1 
  5374.86 1.8468e-14   5472.28 1 
  5377.56 1.8114e-14   5475.03 1 
  5380.26 1.7233e-14   5477.78 1 
  5382.96 1.8305e-14   5480.53 1 
  5385.66 1.8064e-14   5483.28 1 
  5388.36 1.7515e-14   5486.03 1 
  5391.06 1.7738e-14   5488.78 1 
  5393.76 1.7784e-14   5491.53 1 
  5396.46 1.7511e-14   5494.28 1 
  5399.16 1.7179e-14   5497.03 1 
  5401.87 1.7396e-14   5499.78 1 
  5404.57 1.7808e-14   5502.53 1 
  5407.27 1.7153e-14   5505.28 1 
  5409.97 1.7532e-14   5508.03 1 
  5412.67 1.7861e-14   5510.78 1 
  5415.37 1.8590e-14   5513.53 1 
  5418.07 1.8478e-14   5516.28 1 
  5420.77 1.8619e-14   5519.03 1 
  5423.47 1.8451e-14   5521.78 1 
  5426.17 1.7345e-14   5524.53 1 
  5428.88 1.7478e-14   5527.28 1 
  5431.58 1.7624e-14   5530.03 1 
  5434.28 1.8150e-14   5532.78 1 
  5436.98 1.7937e-14   5535.53 1 
  5439.68 1.8204e-14   5538.28 1 
  5442.38 1.8545e-14   5541.03 1 
  5445.08 1.8087e-14   5543.78 1 
  5447.78 1.7202e-14   5546.53 1 
  5450.48 1.8209e-14   5549.28 1 
  5453.19 1.6977e-14   5552.03 1 
  5455.89 1.7848e-14   5554.78 1 
  5458.59 1.8656e-14   5557.53 1 
  5461.29 1.7919e-14   5560.28 1 
  5463.99 1.7816e-14   5563.03 1 
  5466.69 1.8521e-14   5565.78 1 
  5469.39 1.8172e-14   5568.53 1 
  5472.09 1.8500e-14   5571.28 1 
  5474.79 1.7384e-14   5574.03 1 
  5477.49 1.7209e-14   5576.78 1 
  5480.20 1.7281e-14   5579.53 1 
  5482.90 1.7338e-14   5582.28 1 
  5485.60 1.7753e-14   5585.03 1 
  5488.30 1.8318e-14   5587.78 1 
  5491.00 1.7668e-14   5590.53 1 
  5493.70 1.8052e-14   5593.28 1 
  5496.40 1.8257e-14   5596.03 1 
  5499.10 1.6782e-14   5598.78 1 
  5501.80 1.7419e-14   5601.53 1 
  5504.51 1.7420e-14   5604.28 1 
  5507.21 1.7617e-14   5607.03 1 
  5509.91 1.7342e-14   5609.78 1 
  5512.61 1.7535e-14   5612.53 1 
  5515.31 1.7343e-14   5615.28 1 
  5518.01 1.8219e-14   5618.03 1 
  5520.71 1.8689e-14   5620.78 1 
  5523.41 1.7721e-14   5623.53 1 
  5526.11 1.7804e-14   5626.28 1 
  5528.81 1.7812e-14   5629.03 1 
  5531.52 1.7371e-14   5631.78 1 
  5534.22 1.8267e-14   5634.53 1 
  5536.92 1.8424e-14   5637.28 1 
  5539.62 1.8412e-14   5640.03 1 
  5542.32 1.8620e-14   5642.78 1 
  5545.02 1.9120e-14   5645.53 1 
  5547.72 1.8173e-14   5648.28 1 
  5550.42 1.8505e-14   5651.03 1 
  5553.12 1.8815e-14   5653.78 1 
  5555.82 1.9075e-14   5656.53 1 
  5558.53 1.8704e-14   5659.28 1 
  5561.23 1.8262e-14   5662.03 1 
  5563.93 1.8136e-14   5664.78 1 
  5566.63 1.8250e-14   5667.53 1 
  5569.33 1.8302e-14   5670.28 1 
  5572.03 1.8287e-14   5673.03 1 
  5574.73 1.8354e-14   5675.78 1 
  5577.43 1.8717e-14   5678.53 1 
  5580.13 1.8339e-14   5681.28 1 
  5582.84 1.7744e-14   5684.03 1 
  5585.54 1.7637e-14   5686.78 1 
  5588.24 1.8385e-14   5689.53 1 
  5590.94 1.7451e-14   5692.28 1 
  5593.64 1.7519e-14   5695.03 1 
  5596.34 1.7616e-14   5697.78 1 
  5599.04 1.7958e-14   5700.53 1 
  5601.74 1.7190e-14   5703.28 1 
  5604.44 1.7810e-14   5706.03 1 
  5607.14 1.8554e-14   5708.78 1 
  5609.85 1.7489e-14   5711.53 1 
  5612.55 1.8415e-14   5714.28 1 
  5615.25 1.8554e-14   5717.03 1 
  5617.95 1.7775e-14   5719.78 1 
  5620.65 1.7208e-14   5722.53 1 
  5623.35 1.8225e-14   5725.28 1 
  5626.05 1.8428e-14   5728.03 1 
  5628.75 1.7935e-14   5730.78 1 
  5631.45 1.8196e-14   5733.53 1 
  5634.16 1.8815e-14   5736.28 1 
  5636.86 1.7653e-14   5739.03 1 
  5639.56 1.8307e-14   5741.78 1 
  5642.26 1.7899e-14   5744.53 1 
  5644.96 1.7424e-14   5747.28 1 
  5647.66 1.7916e-14   5750.03 1 
  5650.36 1.7536e-14   5752.78 1 
  5653.06 1.8401e-14   5755.53 1 
  5655.76 1.7500e-14   5758.28 1 
  5658.46 1.7800e-14   5761.03 1 
  5661.17 1.7633e-14   5763.78 1 
  5663.87 1.8099e-14   5766.53 1 
  5666.57 1.8946e-14   5769.28 1 
  5669.27 1.7769e-14   5772.03 1 
  5671.97 1.7881e-14   5774.78 1 
  5674.67 1.8502e-14   5777.53 1 
  5677.37 1.9039e-14   5780.28 1 
  5680.07 1.8918e-14   5783.03 1 
  5682.77 1.8047e-14   5785.78 1 
  5685.47 1.8010e-14   5788.53 1 
  5688.18 1.8539e-14   5791.28 1 
  5690.88 1.8776e-14   5794.03 1 
  5693.58 1.8662e-14   5796.78 1 
  5696.28 1.8441e-14   5799.53 1 
  5698.98 1.8735e-14   5802.28 1 
  5701.68 1.7544e-14   5805.03 1 
  5704.38 1.8151e-14   5807.78 1 
  5707.08 1.7645e-14   5810.53 1 
  5709.78 1.8195e-14   5813.28 1 
  5712.49 1.8469e-14   5816.03 1 
  5715.19 1.8626e-14   5818.78 1 
  5717.89 1.8830e-14   5821.53 1 
  5720.59 1.8697e-14   5824.28 1 
  5723.29 1.8842e-14   5827.03 1 
  5725.99 1.8582e-14   5829.78 1 
  5728.69 1.7813e-14   5832.53 1 
  5731.39 1.8081e-14   5835.28 1 
  5734.09 1.8630e-14   5838.03 1 
  5736.79 1.8756e-14   5840.78 1 
  5739.50 1.8569e-14   5843.53 1 
  5742.20 1.9109e-14   5846.28 1 
  5744.90 1.8826e-14   5849.03 1 
  5747.60 1.8422e-14   5851.78 1 
  5750.30 1.8938e-14   5854.53 1 
  5753.00 1.9209e-14   5857.28 1 
  5755.70 1.8545e-14   5860.03 1 
  5758.40 1.8830e-14   5862.78 1 
  5761.10 1.8272e-14   5865.53 1 
  5763.81 1.8498e-14   5868.28 1 
  5766.51 1.8631e-14   5871.03 1 
  5769.21 1.9601e-14   5873.78 1 
  5771.91 1.8296e-14   5876.53 1 
  5774.61 1.8073e-14   5879.28 1 
  5777.31 1.7195e-14   5882.03 1 
  5780.01 1.7584e-14   5884.78 1 
  5782.71 1.7537e-14   5887.53 1 
  5785.41 1.7013e-14   5890.28 1 
  5788.11 1.7567e-14   5893.03 1 
  5790.82 1.7977e-14   5895.78 1 
  5793.52 1.8962e-14   5898.53 1 
  5796.22 1.7778e-14   5901.28 1 
  5798.92 1.8309e-14   5904.03 1 
  5801.62 1.7682e-14   5906.78 1 
  5804.32 1.7990e-14   5909.53 1 
  5807.02 1.8891e-14   5912.28 1 
  5809.72 1.8675e-14   5915.03 1 
  5812.42 1.8648e-14   5917.78 1 
  5815.12 1.9218e-14   5920.53 1 
  5817.83 1.9190e-14   5923.28 1 
  5820.53 1.9427e-14   5926.03 1 
  5823.23 1.9394e-14   5928.78 1 
  5825.93 1.9222e-14   5931.53 1 
  5828.63 1.9134e-14   5934.28 1 
  5831.33 1.9113e-14   5937.03 1 
  5834.03 1.8846e-14   5939.78 1 
  5836.73 1.8928e-14   5942.53 1 
  5839.43 1.9606e-14   5945.28 1 
  5842.14 2.0208e-14   5948.03 1 
  5844.84 1.9779e-14   5950.78 1 
  5847.54 1.9417e-14   5953.53 1 
  5850.24 1.8724e-14   5956.28 1 
  5852.94 1.7655e-14   5959.03 1 
  5855.64 1.7495e-14   5961.78 1 
  5858.34 1.7367e-14   5964.53 1 
  5861.04 1.7787e-14   5967.28 1 
  5863.74 1.7722e-14   5970.03 1 
  5866.44 1.7602e-14   5972.78 1 
  5869.15 1.8133e-14   5975.53 1 
  5871.85 1.8758e-14   5978.28 1 
  5874.55 1.9172e-14   5981.03 1 
  5877.25 1.8784e-14   5983.78 1 
  5879.95 1.9059e-14   5986.53 1 
  5882.65 1.7503e-14   5989.28 1 
  5885.35 1.6257e-14   5992.03 1 
  5888.05 1.5111e-14   5994.78 1 
  5890.75 1.4762e-14   5997.53 1 
  5893.46 1.5442e-14   6000.28 1 
  5896.16 1.6303e-14   6003.03 1 
  5898.86 1.6441e-14   6005.78 1 
  5901.56 1.7795e-14   6008.53 1 
  5904.26 1.7607e-14   6011.28 1 
  5906.96 1.8261e-14   6014.03 1 
  5909.66 1.7479e-14   6016.78 1 
  5912.36 1.7790e-14   6019.53 1 
  5915.06 1.8189e-14   6022.28 1 
  5917.76 1.8796e-14   6025.03 1 
  5920.47 1.8465e-14   6027.78 1 
  5923.17 1.8168e-14   6030.53 1 
  5925.87 1.7971e-14   6033.28 1 
  5928.57 1.8045e-14   6036.03 1 
  5931.27 1.8118e-14   6038.78 1 
  5933.97 1.8286e-14   6041.53 1 
  5936.67 1.8373e-14   6044.28 1 
  5939.37 1.7999e-14   6047.03 1 
  5942.07 1.7663e-14   6049.78 1 
  5944.77 1.7647e-14   6052.53 1 
  5947.48 1.8327e-14   6055.28 1 
  5950.18 1.8704e-14   6058.03 1 
  5952.88 1.8825e-14   6060.78 1 
  5955.58 1.8338e-14   6063.53 1 
  5958.28 1.7831e-14   6066.28 1 
  5960.98 1.8322e-14   6069.03 1 
  5963.68 1.8370e-14   6071.78 1 
  5966.38 1.8305e-14   6074.53 1 
  5969.08 1.7777e-14   6077.28 1 
  5971.79 1.7867e-14   6080.03 1 
  5974.49 1.7973e-14   6082.78 1 
  5977.19 1.8370e-14   6085.53 1 
  5979.89 1.7544e-14   6088.28 1 
  5982.59 1.7148e-14   6091.03 1 
  5985.29 1.8262e-14   6093.78 1 
  5987.99 1.8427e-14   6096.53 1 
  5990.69 1.8687e-14   6099.28 1 
  5993.39 1.7713e-14   6102.03 1 
  5996.09 1.8129e-14   6104.78 1 
  5998.80 1.7756e-14   6107.53 1 
  6001.50 1.7390e-14   6110.28 1 
  6004.20 1.7848e-14   6113.03 1 
  6006.90 1.7606e-14   6115.78 1 
  6009.60 1.7681e-14   6118.53 1 
  6012.30 1.7689e-14   6121.28 1 
  6015.00 1.7571e-14   6124.03 1 
  6017.70 1.8125e-14   6126.78 1 
  6020.40 1.7992e-14   6129.53 1 
  6023.10 1.7865e-14   6132.28 1 
  6025.81 1.8535e-14   6135.03 1 
  6028.51 1.8270e-14   6137.78 1 
  6031.21 1.8896e-14   6140.53 1 
  6033.91 1.8981e-14   6143.28 1 
  6036.61 1.9042e-14   6146.03 1 
  6039.31 1.8082e-14   6148.78 1 
  6042.01 1.8284e-14   6151.53 1 
  6044.71 1.8583e-14   6154.28 1 
  6047.41 1.8614e-14   6157.03 1 
  6050.12 1.8826e-14   6159.78 1 
  6052.82 1.7770e-14   6162.53 1 
  6055.52 1.7872e-14   6165.28 1 
  6058.22 1.7954e-14   6168.03 1 
  6060.92 1.8194e-14   6170.78 1 
  6063.62 1.7277e-14   6173.53 1 
  6066.32 1.7653e-14   6176.28 1 
  6069.02 1.8495e-14   6179.03 1 
  6071.72 1.8094e-14   6181.78 1 
  6074.42 1.7990e-14   6184.53 1 
  6077.13 1.8526e-14   6187.28 1 
  6079.83 1.7641e-14   6190.03 1 
  6082.53 1.7692e-14   6192.78 1 
  6085.23 1.8095e-14   6195.53 1 
  6087.93 1.7654e-14   6198.28 1 
  6090.63 1.8156e-14   6201.03 1 
  6093.33 1.8627e-14   6203.78 1 
  6096.03 1.8300e-14   6206.53 1 
  6098.73 1.7843e-14   6209.28 1 
  6101.44 1.7478e-14   6212.03 1 
  6104.14 1.7361e-14   6214.78 1 
  6106.84 1.7972e-14   6217.53 1 
  6109.54 1.8100e-14   6220.28 1 
  6112.24 1.7711e-14   6223.03 1 
  6114.94 1.7224e-14   6225.78 1 
  6117.64 1.7483e-14   6228.53 1 
  6120.34 1.8216e-14   6231.28 1 
  6123.04 1.8495e-14   6234.03 1 
  6125.74 1.8431e-14   6236.78 1 
  6128.45 1.8468e-14   6239.53 1 
  6131.15 1.7847e-14   6242.28 1 
  6133.85 1.7639e-14   6245.03 1 
  6136.55 1.7602e-14   6247.78 1 
  6139.25 1.7134e-14   6250.53 1 
  6141.95 1.7881e-14   6253.28 1 
  6144.65 1.8556e-14   6256.03 1 
  6147.35 1.7810e-14   6258.78 1 
  6150.05 1.7347e-14   6261.53 1 
  6152.75 1.8045e-14   6264.28 1 
  6155.46 1.7979e-14   6267.03 1 
  6158.16 1.7649e-14   6269.78 1 
  6160.86 1.6626e-14   6272.53 1 
  6163.56 1.6966e-14   6275.28 1 
  6166.26 1.6661e-14   6278.03 1 
  6168.96 1.6990e-14   6280.78 1 
  6171.66 1.6650e-14   6283.53 1 
  6174.36 1.8104e-14   6286.28 1 
  6177.06 1.7404e-14   6289.03 1 
  6179.77 1.8424e-14   6291.78 1 
  6182.47 1.6802e-14   6294.53 1 
  6185.17 1.7741e-14   6297.28 1 
  6187.87 1.7666e-14   6300.03 1 
  6190.57 1.6685e-14   6302.78 1 
  6193.27 1.6931e-14   6305.53 1 
  6195.97 1.6722e-14   6308.28 1 
  6198.67 1.7351e-14   6311.03 1 
  6201.37 1.8726e-14   6313.78 1 
  6204.07 1.8264e-14   6316.53 1 
  6206.78 1.8351e-14   6319.28 1 
  6209.48 1.7889e-14   6322.03 1 
  6212.18 1.7743e-14   6324.78 1 
  6214.88 1.6874e-14   6327.53 1 
  6217.58 1.7316e-14   6330.28 1 
  6220.28 1.6859e-14   6333.03 1 
  6222.98 1.8536e-14   6335.78 1 
  6225.68 1.6173e-14   6338.53 1 
  6228.38 1.7240e-14   6341.28 1 
  6231.09 1.7361e-14   6344.03 1 
  6233.79 1.6976e-14   6346.78 1 
  6236.49 1.6894e-14   6349.53 1 
  6239.19 1.7094e-14   6352.28 1 
  6241.89 1.6711e-14   6355.03 1 
  6244.59 1.7735e-14   6357.78 1 
  6247.29 1.6537e-14   6360.53 1 
  6249.99 1.5791e-14   6363.28 1 
  6252.69 1.7153e-14   6366.03 1 
  6255.39 1.6918e-14   6368.78 1 
  6258.10 1.6637e-14   6371.53 1 
  6260.80 1.6594e-14   6374.28 1 
  6263.50 1.7199e-14   6377.03 1 
  6266.20 1.6993e-14   6379.78 1 
  6268.90 1.6909e-14   6382.53 1 
  6271.60 1.6760e-14   6385.28 1 
  6274.30 1.6379e-14   6388.03 1 
  6277.00 1.7688e-14   6390.78 1 
  6279.70 1.7548e-14   6393.53 1 
  6282.40 1.8043e-14   6396.28 1 
  6285.11 1.8663e-14   6399.03 1 
  6287.81 1.7977e-14   6401.78 1 
  6290.51 1.7855e-14   6404.53 1 
  6293.21 1.8245e-14   6407.28 1 
  6295.91 1.8174e-14   6410.03 1 
  6298.61 1.8691e-14   6412.78 1 
  6301.31 1.8521e-14   6415.53 1 
  6304.01 1.8612e-14   6418.28 1 
  6306.71 1.7558e-14   6421.03 1 
  6309.42 1.7169e-14   6423.78 1 
  6312.12 1.6301e-14   6426.53 1 
  6314.82 1.6814e-14   6429.28 1 
  6317.52 1.6658e-14   6432.03 1 
  6320.22 1.7605e-14   6434.78 1 
  6322.92 1.6638e-14   6437.53 1 
  6325.62 1.7365e-14   6440.28 1 
  6328.32 1.7218e-14   6443.03 1 
  6331.02 1.7684e-14   6445.78 1 
  6333.72 1.7433e-14   6448.53 1 
  6336.43 1.7259e-14   6451.28 1 
  6339.13 1.7334e-14   6454.03 1 
  6341.83 1.6938e-14   6456.78 1 
  6344.53 1.7003e-14   6459.53 1 
  6347.23 1.7697e-14   6462.28 1 
  6349.93 1.7497e-14   6465.03 1 
  6352.63 1.7526e-14   6467.78 1 
  6355.33 1.6866e-14   6470.53 1 
  6358.03 1.6158e-14   6473.28 1 
  6360.74 1.6238e-14   6476.03 1 
  6363.44 1.7253e-14   6478.78 1 
  6366.14 1.7300e-14   6481.53 1 
  6368.84 1.7584e-14   6484.28 1 
  6371.54 1.8036e-14   6487.03 1 
  6374.24 1.8073e-14   6489.78 1 
  6376.94 1.8110e-14   6492.53 1 
  6379.64 1.8655e-14   6495.28 1 
  6382.34 1.8140e-14   6498.03 1 
  6385.04 1.7846e-14   6500.78 1 
  6387.75 1.8744e-14   6503.53 1 
  6390.45 1.7324e-14   6506.28 1 
  6393.15 1.7132e-14   6509.03 1 
  6395.85 1.7405e-14   6511.78 1 
  6398.55 1.7781e-14   6514.53 1 
  6401.25 1.8076e-14   6517.28 1 
  6403.95 1.7825e-14   6520.03 1 
  6406.65 1.7139e-14   6522.78 1 
  6409.35 1.7324e-14   6525.53 1 
  6412.05 1.7327e-14   6528.28 1 
  6414.76 1.7988e-14   6531.03 1 
  6417.46 1.7746e-14   6533.78 1 
  6420.16 1.7560e-14   6536.53 1 
  6422.86 1.7771e-14   6539.28 1 
  6425.56 1.7818e-14   6542.03 1 
  6428.26 1.7671e-14   6544.78 1 
  6430.96 1.6704e-14   6547.53 1 
  6433.66 1.6945e-14   6550.28 1 
  6436.36 1.6834e-14   6553.03 1 
  6439.07 1.8305e-14   6555.78 1 
  6441.77 1.7352e-14   6558.53 1 
  6444.47 1.7906e-14   6561.28 1 
  6447.17 1.7300e-14   6564.03 1 
  6449.87 1.8244e-14   6566.78 1 
  6452.57 1.7729e-14   6569.53 1 
  6455.27 1.8320e-14   6572.28 1 
  6457.97 1.8185e-14   6575.03 1 
  6460.67 1.7691e-14   6577.78 1 
  6463.37 1.6301e-14   6580.53 1 
  6466.08 1.6503e-14   6583.28 1 
  6468.78 1.7559e-14   6586.03 1 
  6471.48 1.7937e-14   6588.78 1 
  6474.18 1.7458e-14   6591.53 1 
  6476.88 1.7966e-14   6594.28 1 
  6479.58 1.7950e-14   6597.03 1 
  6482.28 1.7545e-14   6599.78 1 
  6484.98 1.8444e-14   6602.53 1 
  6487.68 1.7359e-14   6605.28 1 
  6490.39 1.6513e-14   6608.03 1 
  6493.09 1.5745e-14   6610.78 1 
  6495.79 1.6512e-14   6613.53 1 
  6498.49 1.7025e-14   6616.28 1 
  6501.19 1.7208e-14   6619.03 1 
  6503.89 1.7328e-14   6621.78 1 
  6506.59 1.8451e-14   6624.53 1 
  6509.29 1.7282e-14   6627.28 1 
  6511.99 1.7319e-14   6630.03 1 
  6514.69 1.7343e-14   6632.78 1 
  6517.40 1.6435e-14   6635.53 1 
  6520.10 1.7063e-14   6638.28 1 
  6522.80 1.7630e-14   6641.03 1 
  6525.50 1.7588e-14   6643.78 1 
  6528.20 1.7588e-14   6646.53 1 
  6530.90 1.8128e-14   6649.28 1 
  6533.60 1.8089e-14   6652.03 1 
  6536.30 1.8577e-14   6654.78 1 
  6539.00 1.8900e-14   6657.53 1 
  6541.70 1.9964e-14   6660.28 1 
  6544.41 2.0656e-14   6663.03 1 
  6547.11 2.0671e-14   6665.78 1 
  6549.81 2.0490e-14   6668.53 1 
  6552.51 2.0149e-14   6671.28 1 
  6555.21 2.0369e-14   6674.03 1 
  6557.91 2.1015e-14   6676.78 1 
  6560.61 2.1966e-14   6679.53 1 
  6563.31 2.1544e-14   6682.28 1 
  6566.01 2.0431e-14   6685.03 1 
  6568.72 2.0248e-14   6687.78 1 
  6571.42 1.9932e-14   6690.53 1 
  6574.12 2.1229e-14   6693.28 1 
  6576.82 2.3487e-14   6696.03 1 
  6579.52 2.5740e-14   6698.78 1 
  6582.22 2.6912e-14   6701.53 1 
  6584.92 2.6717e-14   6704.28 1 
  6587.62 2.4773e-14   6707.03 1 
  6590.32 2.2110e-14   6709.78 1 
  6593.02 2.0257e-14   6712.53 1 
  6595.73 1.8440e-14   6715.28 1 
  6598.43 1.7806e-14   6718.03 1 
  6601.13 1.8325e-14   6720.78 1 
  6603.83 1.7411e-14   6723.53 1 
  6606.53 1.7490e-14   6726.28 1 
  6609.23 1.6948e-14   6729.03 1 
  6611.93 1.6850e-14   6731.78 1 
  6614.63 1.7735e-14   6734.53 1 
  6617.33 1.6663e-14   6737.28 1 
  6620.04 1.7295e-14   6740.03 1 
  6622.74 1.7020e-14   6742.78 1 
  6625.44 1.6996e-14   6745.53 1 
  6628.14 1.7012e-14   6748.28 1 
  6630.84 1.7468e-14   6751.03 1 
  6633.54 1.7051e-14   6753.78 1 
  6636.24 1.6598e-14   6756.53 1 
  6638.94 1.6537e-14   6759.28 1 
  6641.64 1.7364e-14   6762.03 1 
  6644.34 1.6967e-14   6764.78 1 
  6647.05 1.7226e-14   6767.53 1 
  6649.75 1.7365e-14   6770.28 1 
  6652.45 1.7284e-14   6773.03 1 
  6655.15 1.6311e-14   6775.78 1 
  6657.85 1.7761e-14   6778.53 1 
  6660.55 1.7470e-14   6781.28 1 
  6663.25 1.7105e-14   6784.03 1 
  6665.95 1.6418e-14   6786.78 1 
  6668.65 1.6050e-14   6789.53 1 
  6671.35 1.7760e-14   6792.28 1 
  6674.06 1.7839e-14   6795.03 1 
  6676.76 1.7538e-14   6797.78 1 
  6679.46 1.7097e-14   6800.53 1 
  6682.16 1.7324e-14   6803.28 1 
  6684.86 1.6904e-14   6806.03 1 
  6687.56 1.7541e-14   6808.78 1 
  6690.26 1.6393e-14   6811.53 1 
  6692.96 1.6383e-14   6814.28 1 
  6695.66 1.6196e-14   6817.03 1 
  6698.37 1.6894e-14   6819.78 1 
  6701.07 1.7097e-14   6822.53 1 
  6703.77 1.7902e-14   6825.28 1 
  6706.47 1.9291e-14   6828.03 1 
  6717.36 1.7522e-14   6839.12 0 
  6732.84 1.7443e-14   6854.88 0 
  6748.36 1.7405e-14   6870.68 0 
  6763.92 1.7731e-14   6886.52 0 
  6779.51 1.7490e-14   6902.40 0 
  6795.14 1.7573e-14   6918.31 0 
  6810.81 1.7575e-14   6934.26 0 
  6826.51 1.7577e-14   6950.24 0 
  6842.24 1.7783e-14   6966.26 0 
  6858.02 1.7380e-14   6982.33 0 
  6873.83 1.7302e-14   6998.42 0 
  6889.67 1.7225e-14   7014.55 0 
  6905.55 1.7427e-14   7030.72 0 
  6921.47 1.7509e-14   7046.93 0 
  6937.43 1.7755e-14   7063.18 0 
  6953.42 1.7757e-14   7079.46 0 
  6969.45 1.7924e-14   7095.78 0 
  6985.52 1.6768e-14   7112.14 0 
  7001.62 1.7887e-14   7128.53 0 
  7017.76 1.7766e-14   7144.96 0 
  7033.94 1.7646e-14   7161.43 0 
  7050.15 1.8395e-14   7177.94 0 
  7066.41 1.7408e-14   7194.49 0 
  7082.69 1.7857e-14   7211.08 0 
  7099.02 1.7095e-14   7227.70 0 
  7115.38 1.7255e-14   7244.36 0 
  7131.79 1.7297e-14   7261.06 0 
  7148.23 1.7220e-14   7277.80 0 
  7164.71 1.7342e-14   7294.57 0 
  7181.23 1.7145e-14   7311.39 0 
  7197.78 1.6565e-14   7328.25 0 
  7214.37 1.6303e-14   7345.14 0 
  7231.00 1.7152e-14   7362.07 0 
  7247.67 1.7273e-14   7379.04 0 
  7264.38 1.7965e-14   7396.05 0 
  7281.12 1.7397e-14   7413.10 0 
  7297.91 1.6770e-14   7430.19 0 
  7314.73 1.7563e-14   7447.32 0 
  7331.59 1.7687e-14   7464.49 0 
  7348.50 1.8480e-14   7481.70 0 
  7365.44 1.7814e-14   7498.94 0 
  7382.41 1.8232e-14   7516.23 0 
  7399.43 1.8109e-14   7533.56 0 
  7416.49 1.7862e-14   7550.92 0 
  7433.59 1.8578e-14   7568.33 0 
  7450.73 1.8116e-14   7585.78 0 
  7467.90 1.7952e-14   7603.26 0 
  7485.11 1.8457e-14   7620.79 0 
  7502.37 1.7670e-14   7638.36 0 
  7519.67 1.8293e-14   7655.97 0 
  7537.00 1.8465e-14   7673.61 0 
  7554.37 1.8553e-14   7691.30 0 
  7571.79 1.8684e-14   7709.04 0 
  7589.24 1.8686e-14   7726.81 0 
  7606.74 1.8013e-14   7744.62 0 
  7624.28 1.8350e-14   7762.47 0 
  7641.85 1.8059e-14   7780.37 0 
  7659.46 1.8103e-14   7798.30 0 
  7677.12 1.6475e-14   7816.28 0 
  7694.82 1.7574e-14   7834.30 0 
  7712.56 1.7296e-14   7852.36 0 
  7730.34 1.7660e-14   7870.46 0 
  7748.16 1.7826e-14   7888.60 0 
  7766.02 1.7625e-14   7906.79 0 
  7783.92 1.7385e-14   7925.01 0 
  7801.87 1.7793e-14   7943.28 0 
  7819.85 1.7713e-14   7961.59 0 
  7837.88 1.7757e-14   7979.95 0 
  7855.95 1.8048e-14   7998.34 0 
  7874.06 1.8050e-14   8016.78 0 
  7892.21 1.7970e-14   8035.26 0 
  7910.40 1.7849e-14   8053.78 0 
  7928.64 1.7485e-14   8072.35 0 
  7946.91 1.7168e-14   8090.96 0 
  7965.23 1.7530e-14   8109.61 0 
  7983.60 1.7941e-14   8128.31 0 
  8002.00 1.7616e-14   8147.04 0 
  8020.44 1.7946e-14   8165.82 0 
  8038.94 1.8073e-14   8184.65 0 
  8057.47 1.7951e-14   8203.52 0 
  8076.04 1.7954e-14   8222.43 0 
  8094.66 1.7957e-14   8241.38 0 
  8113.32 1.8167e-14   8260.38 0 
  8132.02 1.8465e-14   8279.42 0 
  8150.77 1.7964e-14   8298.51 0 
  8169.56 1.7080e-14   8317.64 0 
  8188.39 1.7280e-14   8336.81 0 
  8207.26 1.6657e-14   8356.03 0 
  8226.19 1.8267e-14   8375.29 0 
  8245.15 1.8102e-14   8394.60 0 
  8264.15 1.7898e-14   8413.95 0 
  8283.21 1.7412e-14   8433.35 0 
  8302.30 1.7617e-14   8452.79 0 
  8321.44 1.7864e-14   8472.27 0 
  8340.62 1.7340e-14   8491.80 0 
  8359.85 1.8202e-14   8511.38 0 
  8379.12 1.8163e-14   8531.00 0 
  8398.44 1.7070e-14   8550.67 0 
  8417.80 1.8168e-14   8570.38 0 
  8437.20 1.7880e-14   8590.14 0 
  8456.65 1.7316e-14   8609.94 0 
  8476.15 1.6769e-14   8629.79 0 
  8495.69 1.7930e-14   8649.68 0 
  8515.27 1.7686e-14   8669.62 0 
  8534.90 1.7486e-14   8689.60 0 
  8554.58 1.4447e-14   8709.64 0 
  8574.30 1.7858e-14   8729.71 0 
  8594.06 1.7616e-14   8749.84 0 
  8613.87 1.7417e-14   8770.01 0 
  8633.73 1.7662e-14   8790.23 0 
  8653.63 1.7543e-14   8810.49 0 
  8673.58 1.3310e-14   8830.80 0 
  8693.58 1.7109e-14   8851.16 0 
  8713.62 1.7270e-14   8871.56 0 
  8733.70 1.7716e-14   8892.01 0 
  8753.84 1.7315e-14   8912.51 0 
  8774.02 1.7199e-14   8933.05 0 
  8794.24 1.7643e-14   8953.65 0 
  8814.52 1.5836e-14   8974.29 0 
  8834.84 1.6893e-14   8994.98 0 
  8855.20 1.7289e-14   9015.71 0 
  8875.62 1.6063e-14   9036.50 0 
  8896.08 1.7097e-14   9057.33 0 
  8916.58 1.7337e-14   9078.20 0 
  8937.14 1.6867e-14   9099.13 0 
  8957.74 1.6870e-14   9120.11 0 
  8978.39 1.6679e-14   9141.13 0 
  8999.09 1.4664e-14   9162.20 0 
  9019.83 1.5715e-14   9183.33 0 
  9040.62 1.7514e-14   9204.50 0 
  9061.46 1.7925e-14   9225.71 0 
  9082.36 1.6502e-14   9246.98 0 
  9103.29 1.7006e-14   9268.30 0 
  9124.28 1.7769e-14   9289.66 0 
  9145.31 1.5949e-14   9311.08 0 
  9166.39 1.5661e-14   9332.54 0 
  9187.52 1.6439e-14   9354.06 0 
  9208.70 1.7256e-14   9375.62 0 
  9229.93 1.7022e-14   9397.23 0 
  9251.21 1.6753e-14   9418.90 0 
  9272.53 1.7028e-14   9440.61 0 
  9293.91 1.6914e-14   9462.37 0 
  9315.33 1.7350e-14   9484.18 0 
  9336.81 1.7353e-14   9506.05 0 
  9358.33 1.7316e-14   9527.96 0 
  9379.91 1.7160e-14   9549.93 0 
  9401.53 1.7045e-14   9571.94 0 
  9423.20 1.7285e-14   9594.01 0 
  9444.93 1.7169e-14   9616.12 0 
  9466.70 1.7291e-14   9638.29 0 
  9488.52 1.7254e-14   9660.51 0 
  9510.39 1.7098e-14   9682.78 0 
  9532.32 1.7023e-14   9705.10 0 
  9554.29 1.6485e-14   9727.47 0 
  9576.32 1.6950e-14   9749.90 0 
  9598.39 1.7149e-14   9772.37 0 
  9620.52 1.7034e-14   9794.90 0 
  9642.70 1.6881e-14   9817.48 0 
  9664.92 1.6884e-14   9840.11 0 
  9687.20 1.6965e-14   9862.79 0 
  9709.53 1.6851e-14   9885.53 0 
  9731.92 1.6776e-14   9908.32 0 
  9754.35 1.6702e-14   9931.16 0 
  9776.84 1.6743e-14   9954.05 0 
  9799.38 1.6593e-14   9977.00 0 
  9821.97 1.6710e-14  10000.00 0 
  9844.61 1.6713e-14  10023.05 0 
  9867.30 1.6639e-14  10046.15 0 
  9890.04 1.6604e-14  10069.31 0 
  9912.85 1.6531e-14  10092.53 0 
  9935.70 1.6572e-14  10115.80 0 
  9958.61 1.6536e-14  10139.12 0 
  9981.56 1.6463e-14  10162.49 0 
 10027.63 1.6281e-14  10209.39 0 
 10073.92 1.6063e-14  10256.52 0 
 10120.42 1.6217e-14  10303.86 0 
 10167.13 1.6111e-14  10351.42 0 
 10214.07 1.6080e-14  10399.21 0 
 10284.86 1.6052e-14  10471.29 0 
 10308.57 1.5981e-14  10495.42 0 
 10500.22 1.5568e-14  10690.54 0 
 10695.44 1.5075e-14  10889.31 0 
 10894.28 1.4530e-14  11091.75 0 
 11096.82 1.4232e-14  11297.96 0 
 11303.12 1.3844e-14  11508.00 0 
 11486.78 1.3686e-14  11694.99 0 
 11700.35 1.3343e-14  11912.43 0 
 11890.46 1.3010e-14  12105.99 0 
 12111.52 1.2713e-14  12331.05 0 
 12308.31 1.2510e-14  12531.41 0 
 12508.31 1.2254e-14  12735.03 0 
 12711.55 1.2002e-14  12941.96 0 
 12888.39 1.1729e-14  13122.00 0 
 13097.80 1.1541e-14  13335.21 0 
 13310.63 1.1305e-14  13551.89 0 
 13495.80 1.1150e-14  13740.42 0 
 13715.08 1.0971e-14  13963.68 0 
 13905.88 1.0722e-14  14157.94 0 
 14099.33 1.0478e-14  14354.90 0 
 14295.47 1.0310e-14  14554.59 0 
 14494.35 1.0286e-14  14757.07 0 
 14695.98 1.0075e-14  14962.36 0 
 14900.43 1.0075e-14  15170.51 0 
 15107.70 1.0052e-14  15381.54 0 
 15282.64 1.0099e-14  15559.65 0 
 15495.24 1.0075e-14  15776.11 0 
 15710.81 9.9143e-15  15995.58 0 
 15892.73 9.6663e-15  16180.80 0 
 16113.83 9.6886e-15  16405.90 0 
 16300.40 9.6441e-15  16595.86 0 
 16489.15 9.4463e-15  16788.04 0 
 16718.54 9.3167e-15  17021.58 0 
 16912.14 9.0837e-15  17218.69 0 
 17107.98 8.8974e-15  17418.08 0 
 17306.06 8.5558e-15  17619.75 0 
 17506.46 8.3611e-15  17823.79 0 
 17709.18 8.1145e-15  18030.18 0 
 17914.25 7.8934e-15  18238.96 0 
 18080.00 7.5904e-15  18407.71 0 
 18289.36 7.4347e-15  18620.87 0 
 18501.14 7.2487e-15  18836.49 0 
 18715.38 6.9705e-15  19054.62 0 
 18888.54 6.8275e-15  19230.91 0 
 19107.26 6.6875e-15  19453.60 0 
 19284.07 6.4753e-15  19633.61 0 
 19507.35 6.2411e-15  19860.94 0 
 19687.86 6.0990e-15  20044.72 0 
 19915.84 5.9465e-15  20276.83 0 
 20100.10 5.8380e-15  20464.44 0 
 20286.10 5.6658e-15  20653.80 0 
 20521.01 5.5752e-15  20892.97 0 
 20710.87 5.4233e-15  21086.28 0 
 20902.52 5.2998e-15  21281.39 0 
 21095.91 5.2031e-15  21478.29 0 
 21291.12 5.0847e-15  21677.04 0 
 21488.13 4.9689e-15  21877.62 0 
 21686.94 4.8113e-15  22080.04 0 
 21887.62 4.7344e-15  22284.35 0 
 22090.15 4.6160e-15  22490.56 0 
 22294.54 4.5005e-15  22698.65 0 
 22500.83 4.4082e-15  22908.68 0 
 22709.02 4.2613e-15  23120.64 0 
 22919.15 3.8359e-15  23334.58 0 
 23078.01 3.7649e-15  23496.32 0 
 23291.55 3.3172e-15  23713.74 0 
 23507.08 3.1090e-15  23933.17 0 
 23724.57 3.0923e-15  24154.60 0 
 23889.04 2.8356e-15  24322.05 0 
 24110.06 2.7224e-15  24547.08 0 
 24277.20 2.6672e-15  24717.25 0 
 24501.82 2.4716e-15  24945.94 0 
 24671.67 2.4254e-15  25118.87 0 
 24899.94 2.1053e-15  25351.28 0 
 25072.55 2.0596e-15  25527.02 0 
 25090.31 1.9261e-15  25545.10 2 
 25185.29 1.9049e-15  25641.80 2 
 25280.37 1.9411e-15  25738.60 2 
 25375.45 1.9646e-15  25835.40 2 
 25470.42 1.9608e-15  25932.10 2 
 25565.50 1.9824e-15  26028.90 2 
 25660.58 2.0074e-15  26125.70 2 
 25755.56 1.9487e-15  26222.40 2 
 25850.63 1.9674e-15  26319.20 2 
 25945.61 2.0036e-15  26415.90 2 
 26040.69 1.9952e-15  26512.70 2 
 26135.76 1.9858e-15  26609.50 2 
 26230.74 2.0535e-15  26706.20 2 
 26325.82 2.0568e-15  26803.00 2 
 26420.90 1.9877e-15  26899.80 2 
 26515.87 1.9325e-15  26996.50 2 
 26610.95 1.9811e-15  27093.30 2 
 26705.93 1.9037e-15  27190.00 2 
 26801.00 1.9145e-15  27286.80 2 
 26896.08 1.8922e-15  27383.60 2 
 26991.06 1.8780e-15  27480.30 2 
 27086.14 1.9048e-15  27577.10 2 
 27181.21 1.8681e-15  27673.90 2 
 27276.19 1.8026e-15  27770.60 2 
 27371.27 1.8450e-15  27867.40 2 
 27466.25 1.7900e-15  27964.10 2 
 27561.32 1.7348e-15  28060.90 2 
 27656.40 1.6975e-15  28157.70 2 
 27751.38 1.6793e-15  28254.40 2 
 27846.45 1.6158e-15  28351.20 2 
 27941.43 1.6642e-15  28447.90 2 
 28036.51 1.6639e-15  28544.70 2 
 28131.59 1.5953e-15  28641.50 2 
 28226.57 1.5818e-15  28738.20 2 
 28321.64 1.5094e-15  28835.00 2 
 28416.72 1.4828e-15  28931.80 2 
 28511.70 1.4472e-15  29028.50 2 
 28606.77 1.3879e-15  29125.30 2 
 28701.75 1.3864e-15  29222.00 2 
 28796.83 1.3603e-15  29318.80 2 
 28891.90 1.3204e-15  29415.60 2 
 28986.88 1.2683e-15  29512.30 2 
 29081.96 1.2756e-15  29609.10 2 
 29177.04 1.2468e-15  29705.90 2 
 29272.02 1.2619e-15  29802.60 2 
 29367.09 1.2410e-15  29899.40 2 
 29462.07 1.2201e-15  29996.10 2 
 29557.15 1.2040e-15  30092.90 2 
 29652.22 1.1877e-15  30189.70 2 
 29747.20 1.1522e-15  30286.40 2 
 29842.28 1.1466e-15  30383.20 2 
 29937.36 1.1603e-15  30480.00 2 
 30032.34 1.1718e-15  30576.70 2 
 30127.41 1.0874e-15  30673.50 2 
 30222.39 1.1146e-15  30770.20 2 
 30317.47 1.1057e-15  30867.00 2 
 30412.54 1.1017e-15  30963.80 2 
 30507.52 1.1151e-15  31060.50 2 
 30602.60 1.0982e-15  31157.30 2 
 30697.68 1.1036e-15  31254.10 2 
 30792.65 1.0769e-15  31350.80 2 
 30887.73 1.1076e-15  31447.60 2 
 30982.80 1.1130e-15  31544.40 2 
 31077.78 1.0776e-15  31641.10 2 
 31172.86 1.0935e-15  31737.90 2 
 31267.84 1.0934e-15  31834.60 2 
 31362.92 1.0849e-15  31931.40 2 
 31457.99 1.0749e-15  32028.20 2 
 31552.97 1.1261e-15  32124.90 2 
 31648.05 1.0897e-15  32221.70 2 
 31743.12 1.0945e-15  32318.50 2 
 31838.10 1.1086e-15  32415.20 2 
 31933.18 1.1430e-15  32512.00 2 
 32028.16 1.1440e-15  32608.70 2 
 32123.23 1.1257e-15  32705.50 2 
 32218.31 1.2096e-15  32802.30 2 
 32313.29 1.2595e-15  32899.00 2 
 32408.37 1.3370e-15  32995.80 2 
 32503.44 1.4010e-15  33092.60 2 
 32598.42 1.4615e-15  33189.30 2 
 32693.50 1.6805e-15  33286.10 2 
 32788.48 1.7593e-15  33382.80 2 
 32883.55 1.7853e-15  33479.60 2 
 32978.63 1.8573e-15  33576.40 2 
 33073.61 1.7227e-15  33673.10 2 
 33168.69 1.5540e-15  33769.90 2 
 33263.76 1.4243e-15  33866.70 2 
 33358.74 1.2683e-15  33963.40 2 
 33453.82 1.2147e-15  34060.20 2 
 33548.79 1.1296e-15  34156.90 2 
 33643.87 1.0580e-15  34253.70 2 
 33738.95 1.0616e-15  34350.50 2 
 33833.93 1.0713e-15  34447.20 2 
 33929.00 1.0994e-15  34544.00 2 
 34024.08 1.0959e-15  34640.80 2 
 34119.06 1.1206e-15  34737.50 2 
 34214.14 1.1140e-15  34834.30 2 
 34309.11 1.1078e-15  34931.00 2 
 34404.19 1.1165e-15  35027.80 2 
 34499.27 1.1024e-15  35124.60 2 
 34594.25 1.0983e-15  35221.30 2 
 34689.32 1.0629e-15  35318.10 2 
 34784.40 1.0604e-15  35414.90 2 
 34879.38 1.0473e-15  35511.60 2 
 34974.45 1.0022e-15  35608.40 2 
 35069.43 1.0205e-15  35705.10 2 
 35164.51 1.0141e-15  35801.90 2 
 35259.58 1.0016e-15  35898.70 2 
 35354.56 1.0022e-15  35995.40 2 
 35449.64 9.8322e-16  36092.20 2 
 35544.72 9.5924e-16  36189.00 2 
 35639.69 9.7969e-16  36285.70 2 
 35734.77 9.7892e-16  36382.50 2 
 35829.75 9.7819e-16  36479.20 2 
 35924.83 1.0013e-15  36576.00 2 
 36019.90 1.0004e-15  36672.80 2 
 36114.88 9.9778e-16  36769.50 2 
 36209.96 1.0028e-15  36866.30 2 
 36305.04 9.8411e-16  36963.10 2 
 36400.01 9.5424e-16  37059.80 2 
 36495.09 9.2709e-16  37156.60 2 
 36590.07 9.2080e-16  37253.30 2 
 36685.14 9.1742e-16  37350.10 2 
 36780.22 9.0646e-16  37446.90 2 
 36875.20 9.1392e-16  37543.60 2 
 36970.28 9.1352e-16  37640.40 2 
 37065.35 8.9618e-16  37737.20 2 
 37160.33 9.1966e-16  37833.90 2 
 37255.41 9.2454e-16  37930.70 2 
 37350.39 9.2064e-16  38027.40 2 
 37445.46 9.4776e-16  38124.20 2 
 37540.54 9.4168e-16  38221.00 2 
 37635.52 9.1219e-16  38317.70 2 
 37730.60 9.1866e-16  38414.50 2 
 37825.67 9.2937e-16  38511.30 2 
 37920.65 9.0877e-16  38608.00 2 
 38015.73 9.3156e-16  38704.80 2 
 38110.71 9.6019e-16  38801.50 2 
 38205.78 9.1677e-16  38898.30 2 
 38300.86 9.4038e-16  38995.10 2 
 38395.84 9.4622e-16  39091.80 2 
 38490.91 9.4311e-16  39188.60 2 
 38585.99 8.8864e-16  39285.40 2 
 38680.97 9.1475e-16  39382.10 2 
 38776.05 8.7662e-16  39478.90 2 
 38871.03 9.2073e-16  39575.60 2 
 38966.10 8.8621e-16  39672.40 2 
 39061.18 8.7977e-16  39769.20 2 
 39156.15 8.8912e-16  39865.90 2 
 39251.23 8.3653e-16  39962.70 2 
 39346.31 8.8272e-16  40059.50 2 
 39441.29 8.4594e-16  40156.20 2 
 39536.36 8.6647e-16  40253.00 2 
 39631.34 8.8799e-16  40349.70 2 
 39726.42 8.8008e-16  40446.50 2 
 39821.49 8.7086e-16  40543.30 2 
 39916.47 8.6667e-16  40640.00 2 
 40011.55 8.7714e-16  40736.80 2 
 40106.63 8.6488e-16  40833.60 2 
 40201.61 8.7760e-16  40930.30 2 
 40296.68 8.7522e-16  41027.10 2 
 40391.66 9.3323e-16  41123.80 2 
 40486.74 9.4713e-16  41220.60 2 
 40581.82 9.4358e-16  41317.40 2 
 40676.79 8.9746e-16  41414.10 2 
 40771.87 8.4572e-16  41510.90 2 
 40866.94 8.1190e-16  41607.70 2 
 40961.93 7.9723e-16  41704.40 2 
 41057.00 7.7713e-16  41801.20 2 
 41151.98 7.6682e-16  41897.90 2 
 41247.06 7.9671e-16  41994.70 2 
 41342.13 7.5025e-16  42091.50 2 
 41437.11 7.7874e-16  42188.20 2 
 41532.19 7.8068e-16  42285.00 2 
 41627.26 7.9703e-16  42381.80 2 
 41722.24 8.3972e-16  42478.50 2 
 41817.32 8.0915e-16  42575.30 2 
 41912.30 8.2939e-16  42672.00 2 
 42007.37 7.9994e-16  42768.80 2 
 42102.45 7.7568e-16  42865.60 2 
 42197.43 7.4922e-16  42962.30 2 
 42292.51 7.2182e-16  43059.10 2 
 42387.58 6.5789e-16  43155.90 2 
 42482.56 6.3928e-16  43252.60 2 
 42577.64 6.2987e-16  43349.40 2 
 42672.62 5.6786e-16  43446.10 2 
 42767.69 6.0970e-16  43542.90 2 
 42862.77 6.4385e-16  43639.70 2 
 42957.75 6.7290e-16  43736.40 2 
 43052.82 7.0953e-16  43833.20 2 
 43147.90 7.4475e-16  43930.00 2 
 43242.88 7.4500e-16  44026.70 2 
 43337.96 7.4299e-16  44123.50 2 
 43432.93 7.3288e-16  44220.20 2 
 43528.02 6.8418e-16  44317.00 2 
 43623.09 7.2359e-16  44413.80 2 
 43718.07 7.3176e-16  44510.50 2 
 43813.14 7.0856e-16  44607.30 2 
 43908.22 6.9451e-16  44704.10 2 
 44003.20 7.3234e-16  44800.80 2 
 44098.27 7.2804e-16  44897.60 2 
 44193.25 6.8728e-16  44994.30 2 
 44288.33 6.9153e-16  45091.10 2 
 44383.40 6.7297e-16  45187.90 2 
 44478.39 6.2637e-16  45284.60 2 
 44573.46 5.9789e-16  45381.40 2 
 44668.54 6.1616e-16  45478.20 2 
 44763.51 5.6875e-16  45574.90 2 
 44858.60 5.4718e-16  45671.70 2 
 44953.57 5.7390e-16  45768.40 2 
 45048.65 5.6764e-16  45865.20 2 
 45143.72 5.3548e-16  45962.00 2 
 45238.70 5.0873e-16  46058.70 2 
 45333.78 5.1057e-16  46155.50 2 
 45428.85 4.8082e-16  46252.30 2 
 45523.83 4.6622e-16  46349.00 2 
 45618.91 4.6886e-16  46445.80 2 
 45713.89 4.7340e-16  46542.50 2 
 45808.97 4.6070e-16  46639.30 2 
 45904.04 4.3483e-16  46736.10 2 
 45999.02 4.4021e-16  46832.80 2 
 46094.10 4.4981e-16  46929.60 2 
 46189.18 4.5449e-16  47026.40 2 
 46284.15 4.5511e-16  47123.10 2 
 46379.23 4.9452e-16  47219.90 2 
 46474.21 5.2815e-16  47316.60 2 
 46569.29 5.5075e-16  47413.40 2 
 46664.36 5.9698e-16  47510.20 2 
 46759.34 6.6230e-16  47606.90 2 
 46854.42 7.2757e-16  47703.70 2 
 46949.49 7.0508e-16  47800.50 2 
 47044.47 6.9664e-16  47897.20 2 
 47139.55 6.4422e-16  47994.00 2 
 47234.53 6.2327e-16  48090.70 2 
 47329.60 5.8320e-16  48187.50 2 
 47424.68 5.8047e-16  48284.30 2 
 47519.66 5.7086e-16  48381.00 2 
 47614.74 5.9429e-16  48477.80 2 
 47709.81 5.9065e-16  48574.60 2 
 47804.79 5.9688e-16  48671.30 2 
 47899.87 5.7127e-16  48768.10 2 
 47994.84 5.5730e-16  48864.80 2 
 48089.92 5.6682e-16  48961.60 2 
 48185.00 5.7907e-16  49058.40 2 
 48279.98 5.6846e-16  49155.10 2 
 48375.05 5.5889e-16  49251.90 2 
 48470.03 5.1831e-16  49348.60 2 
 48566.09 5.1726e-16  49446.40 2 
 49051.75 5.3361e-16  49940.86 0 
 49542.27 5.5014e-16  50440.27 0 
 50037.69 5.6682e-16  50944.68 0 
 50538.07 5.8367e-16  51454.12 0 
 51043.45 6.0070e-16  51968.66 0 
 51243.66 6.0744e-16  52172.50 3 
 51540.67 6.9299e-16  52474.90 3 
 51837.69 7.8060e-16  52777.30 3 
 52134.71 9.2715e-16  53079.70 3 
 52431.72 1.0129e-15  53382.10 3 
 52728.84 9.6802e-16  53684.60 3 
 53025.86 9.7764e-16  53987.00 3 
 53322.87 1.0872e-15  54289.40 3 
 53619.88 9.7890e-16  54591.80 3 
 53916.90 8.9499e-16  54894.20 3 
 54214.02 9.1162e-16  55196.70 3 
 54511.03 9.6985e-16  55499.10 3 
 54808.05 1.1130e-15  55801.50 3 
 55105.07 1.3067e-15  56103.90 3 
 55402.08 1.2091e-15  56406.30 3 
 55699.19 1.1521e-15  56708.80 3 
 55996.21 1.2467e-15  57011.20 3 
 56293.23 1.3297e-15  57313.60 3 
 56590.25 1.3697e-15  57616.00 3 
 56887.26 1.3646e-15  57918.40 3 
 57184.38 1.2770e-15  58220.90 3 
 57481.39 1.1114e-15  58523.30 3 
 57778.41 9.6430e-16  58825.70 3 
 58075.42 8.5730e-16  59128.10 3 
 58372.44 7.9004e-16  59430.50 3 
 58669.56 7.6252e-16  59733.00 3 
 58966.57 7.3239e-16  60035.40 3 
 59263.59 6.9994e-16  60337.80 3 
 59560.61 7.2000e-16  60640.20 3 
 59857.62 7.9694e-16  60942.60 3 
 60154.73 8.6933e-16  61245.10 3 
 60451.75 8.9047e-16  61547.50 3 
 60748.77 9.4259e-16  61849.90 3 
 61045.78 1.0967e-15  62152.30 3 
 61342.80 1.3602e-15  62454.70 3 
 61639.92 1.7888e-15  62757.20 3 
 61936.93 2.1462e-15  63059.60 3 
 62233.95 2.1709e-15  63362.00 3 
 62530.96 1.9473e-15  63664.40 3 
 62827.98 1.6782e-15  63966.80 3 
 63125.10 1.4675e-15  64269.30 3 
 63422.11 1.3219e-15  64571.70 3 
 63719.13 1.2216e-15  64874.10 3 
 64016.14 1.1336e-15  65176.50 3 
 64313.16 1.0851e-15  65478.90 3 
 64610.27 1.0575e-15  65781.40 3 
 64907.29 1.0293e-15  66083.80 3 
 65204.30 1.0378e-15  66386.20 3 
 65501.32 1.0511e-15  66688.60 3 
 65798.34 1.0772e-15  66991.00 3 
 66095.45 1.1350e-15  67293.50 3 
 66392.47 1.1714e-15  67595.90 3 
 66689.49 1.1830e-15  67898.30 3 
 66986.50 1.1883e-15  68200.70 3 
 67283.52 1.1619e-15  68503.10 3 
 67580.63 1.0987e-15  68805.60 3 
 67877.65 9.9987e-16  69108.00 3 
 68174.66 9.3184e-16  69410.40 3 
 68471.69 9.3144e-16  69712.80 3 
 68768.70 1.0861e-15  70015.20 3 
 69065.82 1.3070e-15  70317.70 3 
 69362.83 1.2967e-15  70620.10 3 
 69659.85 1.4960e-15  70922.50 3 
 69956.86 1.6467e-15  71224.90 3 
 70253.88 1.4368e-15  71527.30 3 
 70550.99 1.3990e-15  71829.80 3 
 70848.01 1.4397e-15  72132.20 3 
 71145.03 1.4687e-15  72434.60 3 
 71442.04 1.4956e-15  72737.00 3 
 71739.06 1.4826e-15  73039.40 3 
 72036.17 1.4718e-15  73341.90 3 
 72333.19 1.4536e-15  73644.30 3 
 72630.21 1.4932e-15  73946.70 3 
 72927.22 1.5920e-15  74249.10 3 
 73224.24 2.1443e-15  74551.50 3 
 73521.35 1.9154e-15  74854.00 3 
 73818.37 1.8747e-15  75156.40 3 
 74115.38 2.2266e-15  75458.80 3 
 74412.40 2.3471e-15  75761.20 3 
 75006.43 2.6693e-15  76366.00 3 
 75600.56 2.9912e-15  76970.90 3 
 76194.59 3.1215e-15  77575.70 3 
 76788.63 3.1160e-15  78180.50 3 
 77382.76 3.1706e-15  78785.40 3 
 77976.80 3.1999e-15  79390.20 3 
 78570.92 3.1041e-15  79995.10 3 
 79164.95 2.9001e-15  80599.90 3 
 79758.99 2.7045e-15  81204.70 3 
 80353.11 2.5213e-15  81809.59 3 
 80947.15 2.2438e-15  82414.40 3 
 81541.19 2.0204e-15  83019.20 3 
 82135.31 1.8514e-15  83624.09 3 
 82729.35 1.6989e-15  84228.90 3 
 83323.38 1.5477e-15  84833.70 3 
 83917.51 1.3897e-15  85438.60 3 
 84511.54 1.2622e-15  86043.40 3 
 85105.68 1.1734e-15  86648.30 3 
 85699.71 1.0850e-15  87253.10 3 
 86293.75 9.4626e-16  87857.91 3 
 86887.88 7.7474e-16  88462.80 3 
 87481.90 6.1143e-16  89067.60 3 
 88075.94 4.7622e-16  89672.41 3 
 88670.06 3.7533e-16  90277.30 3 
 89264.10 3.0851e-16  90882.10 3 
 89858.13 2.6399e-16  91486.90 3 
 90452.26 2.2377e-16  92091.80 3 
 91046.30 1.9571e-16  92696.60 3 
 91640.43 1.7771e-16  93301.50 3 
 92234.46 1.6327e-16  93906.30 3 
 92828.49 1.5138e-16  94511.10 3 
 93422.61 1.3852e-16  95115.99 3 
 94016.65 1.2825e-16  95720.80 3 
 94610.69 1.2135e-16  96325.60 3 
 95204.82 1.1883e-16  96930.50 3 
 95798.85 1.2396e-16  97535.30 3 
 96392.88 1.7288e-16  98140.09 3 
 96987.01 1.6037e-16  98745.00 3 
 97581.05 1.1284e-16  99349.80 3 
 98175.18 1.0209e-16  99954.70 3 
 98769.21 9.6835e-17 100559.50 3 
 99363.25 9.6167e-17 101164.30 3 
 99957.38 9.5651e-17 101769.20 3 
100551.41 9.8157e-17 102374.00 3 
101145.44 9.9089e-17 102978.80 3 
101739.56 1.0198e-16 103583.70 3 
102333.60 1.0340e-16 104188.50 3 
102927.63 1.0679e-16 104793.30 3 
103521.76 1.1298e-16 105398.20 3 
104115.80 1.2102e-16 106003.00 3 
104709.93 1.3324e-16 106607.91 3 
105303.96 1.4906e-16 107212.70 3 
105897.99 1.5805e-16 107817.50 3 
106492.13 1.6224e-16 108422.41 3 
107086.16 1.6876e-16 109027.20 3 
107680.19 1.7347e-16 109632.00 3 
108274.32 1.7662e-16 110236.90 3 
108868.36 1.8925e-16 110841.70 3 
109462.39 2.1518e-16 111446.51 3 
110056.51 2.5117e-16 112051.40 3 
110650.55 2.8350e-16 112656.20 3 
111244.68 3.8671e-16 113261.10 3 
111838.71 6.0724e-16 113865.90 3 
112432.75 7.6767e-16 114470.70 3 
113026.88 7.2599e-16 115075.60 3 
113620.91 6.3414e-16 115680.40 3 
114214.94 5.6142e-16 116285.20 3 
114809.06 5.1803e-16 116890.09 3 
115403.10 4.9493e-16 117494.90 3 
115997.13 4.8045e-16 118099.70 3 
116591.26 4.7561e-16 118704.59 3 
117185.30 4.9199e-16 119309.40 3 
117779.43 5.1894e-16 119914.30 3 
118373.46 5.5955e-16 120519.10 3 
118967.49 6.1401e-16 121123.90 3 
119561.63 6.7107e-16 121728.80 3 
120155.66 7.1892e-16 122333.60 3 
120749.70 7.5910e-16 122938.41 3 
121343.82 8.0487e-16 123543.30 3 
121937.86 8.7328e-16 124148.10 3 
122531.89 9.9263e-16 124752.91 3 
123126.01 1.0726e-15 125357.80 3 
123720.05 1.1123e-15 125962.60 3 
124314.18 1.1779e-15 126567.50 3 
124908.21 1.2530e-15 127172.30 3 
125502.25 1.3390e-15 127777.10 3 
126096.38 1.4200e-15 128382.00 3 
126690.41 1.4855e-15 128986.80 3 
127284.44 1.6186e-15 129591.60 3 
127878.58 1.9430e-15 130196.51 3 
128472.60 1.8991e-15 130801.30 3 
129066.63 1.4771e-15 131406.09 3 
129660.77 1.3930e-15 132011.00 3 
130254.80 1.3769e-15 132615.80 3 
130848.83 1.3659e-15 133220.59 3 
131442.96 1.3677e-15 133825.50 3 
132036.99 1.3674e-15 134430.30 3 
132631.13 1.3621e-15 135035.20 3 
133225.16 1.3608e-15 135640.00 3 
133819.19 1.3617e-15 136244.80 3 
134413.33 1.3662e-15 136849.70 3 
135007.36 1.3813e-15 137454.50 3 
135601.39 1.3877e-15 138059.30 3 
136195.52 1.3712e-15 138664.20 3 
136789.55 1.3473e-15 139269.00 3 
137383.58 1.3527e-15 139873.80 3 
137977.72 1.3770e-15 140478.70 3 
138571.75 1.3899e-15 141083.50 3 
139165.89 1.3923e-15 141688.41 3 
139759.91 1.3645e-15 142293.20 3 
140353.94 1.3356e-15 142898.00 3 
140948.08 1.2995e-15 143502.91 3 
141542.11 1.2644e-15 144107.70 3 
142136.14 1.2441e-15 144712.50 3 
143178.83 1.4380e-15 145774.09 3 
144010.57 1.4330e-15 146620.91 3 
144842.29 1.4254e-15 147467.70 3 
145674.01 1.4344e-15 148314.50 3 
146505.64 1.4312e-15 149161.20 3 
147337.36 1.4273e-15 150008.00 3 
148169.08 1.4344e-15 150854.80 3 
149000.71 1.4298e-15 151701.50 3 
149832.43 1.3944e-15 152548.30 3 
150664.16 1.3443e-15 153395.09 3 
151495.78 1.3020e-15 154241.80 3 
152327.51 1.2782e-15 155088.59 3 
153159.24 1.2526e-15 155935.41 3 
153990.87 1.2135e-15 156782.11 3 
154822.59 1.2072e-15 157628.91 3 
155654.31 1.2188e-15 158475.70 3 
156485.93 1.1555e-15 159322.39 3 
157317.66 1.0978e-15 160169.20 3 
158149.38 1.0562e-15 161016.00 3 
158981.11 1.0203e-15 161862.80 3 
159812.73 9.8409e-16 162709.50 3 
160644.47 9.4186e-16 163556.31 3 
161476.18 9.2046e-16 164403.09 3 
162307.82 9.1365e-16 165249.81 3 
163139.53 9.3584e-16 166096.59 3 
163971.25 9.5235e-16 166943.39 3 
164802.89 9.5399e-16 167790.11 3 
165634.60 9.3336e-16 168636.89 3 
166466.33 9.1424e-16 169483.70 3 
167297.95 9.0961e-16 170330.39 3 
168129.68 9.0770e-16 171177.20 3 
168961.41 9.2129e-16 172024.00 3 
169793.02 1.0091e-15 172870.69 3 
170624.76 1.0550e-15 173717.50 3 
171456.48 9.3267e-16 174564.30 3 
172288.20 9.0042e-16 175411.09 3 
173119.83 8.9398e-16 176257.80 3 
173951.56 8.8810e-16 177104.61 3 
174783.27 8.7484e-16 177951.39 3 
175614.91 8.5809e-16 178798.11 3 
176446.63 8.6331e-16 179644.91 3 
177278.36 8.5316e-16 180491.70 3 
178109.98 8.4663e-16 181338.41 3 
178941.69 8.4595e-16 182185.19 3 
179773.43 8.4065e-16 183032.00 3 
180605.06 8.3793e-16 183878.70 3 
181436.78 8.3419e-16 184725.50 3 
182268.50 8.3652e-16 185572.30 3 
183100.11 8.3994e-16 186418.98 3 
183931.85 8.4417e-16 187265.80 3 
184763.58 8.5854e-16 188112.61 3 
185595.31 8.7701e-16 188959.41 3 
186426.92 9.0069e-16 189806.09 3 
187258.66 9.3254e-16 190652.91 3 
188090.36 9.4079e-16 191499.69 3 
188922.01 9.4698e-16 192346.41 3 
189753.73 9.7841e-16 193193.20 3 
190585.45 9.9995e-16 194040.00 3 
191417.08 1.0174e-15 194886.70 3 
192248.81 1.0630e-15 195733.52 3 
193080.52 1.1076e-15 196580.30 3 
193912.15 1.1243e-15 197427.00 3 
194743.87 1.1466e-15 198273.80 3 
195575.59 1.1851e-15 199120.59 3 
196407.23 1.2257e-15 199967.31 3 
197238.94 1.2578e-15 200814.09 3 
198070.68 1.2977e-15 201660.91 3 
198902.40 1.3417e-15 202507.70 3 
199734.01 1.3750e-15 203354.39 3 
200565.75 1.4215e-15 204201.20 3 
202229.10 1.4720e-15 205894.70 3 
203892.54 1.5677e-15 207588.30 3 
205555.91 1.6401e-15 209281.81 3 
207219.24 1.6705e-15 210975.30 3 
208882.68 1.7349e-15 212668.89 3 
210546.03 1.8191e-15 214362.39 3 
212209.49 1.8716e-15 216056.00 3 
213872.84 1.9246e-15 217749.50 3 
215536.19 2.0096e-15 219443.00 3 
217199.65 2.0766e-15 221136.61 3 
218863.00 2.1372e-15 222830.11 3 
220526.33 2.1845e-15 224523.59 3 
222189.78 2.2677e-15 226217.19 3 
223853.14 2.3039e-15 227910.70 3 
225516.58 2.3338e-15 229604.30 3 
227179.93 2.3979e-15 231297.80 3 
228843.28 2.4706e-15 232991.30 3 
230506.74 2.5561e-15 234684.91 3 
232170.09 2.6297e-15 236378.41 3 
233833.44 2.7133e-15 238071.91 3 
235496.87 2.8288e-15 239765.48 3 
237160.23 2.9408e-15 241459.00 3 
238823.68 3.0636e-15 243152.59 3 
240487.03 3.2036e-15 244846.09 3 
242150.38 3.3379e-15 246539.59 3 
243813.83 3.4651e-15 248233.20 3 
245477.18 3.5823e-15 249926.70 3 
247140.53 3.7061e-15 251620.20 3 
248803.99 3.8230e-15 253313.81 3 
250467.34 3.9549e-15 255007.31 3 
252130.77 4.0917e-15 256700.89 3 
253794.12 4.1907e-15 258394.39 3 
255457.47 4.3171e-15 260087.89 3 
257120.93 4.3864e-15 261781.50 3 
258784.28 4.5064e-15 263475.00 3 
260447.63 4.6192e-15 265168.50 3 
262111.07 4.7315e-15 266862.09 3 
263774.42 4.8416e-15 268555.59 3 
265437.86 4.9188e-15 270249.19 3 
267101.21 5.0015e-15 271942.69 3 
268764.59 5.0977e-15 273636.22 3 
270428.03 5.1678e-15 275329.81 3 
272091.35 5.2209e-15 277023.28 3 
273754.70 5.3472e-15 278716.78 3 
275418.18 5.4607e-15 280410.41 3 
277081.53 5.6394e-15 282103.91 3 
278744.97 5.7057e-15 283797.50 3 
280408.32 5.8369e-15 285491.00 3 
282071.67 5.9687e-15 287184.50 3 
283735.11 6.0662e-15 288878.09 3 
285398.46 6.1863e-15 290571.59 3 
287061.81 6.2754e-15 292265.09 3 
288725.25 6.4350e-15 293958.69 3 
290388.60 6.4986e-15 295652.19 3 
292052.05 6.6351e-15 297345.78 3 
293715.43 6.7729e-15 299039.31 3 
295378.78 6.8475e-15 300732.81 3 
297042.22 6.9536e-15 302426.41 3 
298705.57 7.0586e-15 304119.91 3 
300368.92 7.1200e-15 305813.41 3 
302032.36 7.2776e-15 307507.00 3 
303695.71 7.3345e-15 309200.50 3 
305359.15 7.3665e-15 310894.09 3 
307022.50 7.4580e-15 312587.59 3 
308685.85 7.5361e-15 314281.09 3 
310349.30 7.7322e-15 315974.69 3 
312012.68 7.7333e-15 317668.22 3 
313676.03 7.7259e-15 319361.72 3 
315339.47 7.7519e-15 321055.31 3 
317002.79 7.8612e-15 322748.78 3 
318666.26 7.9771e-15 324442.41 3 
320329.61 8.0296e-15 326135.91 3 
321992.96 7.9293e-15 327829.41 3 
323656.40 7.9060e-15 329523.00 3 
325319.75 8.0468e-15 331216.50 3 
326983.10 8.1455e-15 332910.00 3 
328646.58 8.1671e-15 334603.62 3 
330309.93 7.9570e-15 336297.12 3 
331973.34 8.3484e-15 337990.69 3 
333636.69 8.5756e-15 339684.19 3 
335300.07 8.2822e-15 341377.72 3 
336963.48 8.2536e-15 343071.28 3 
338626.83 8.4618e-15 344764.78 3 
340290.18 8.6050e-15 346458.28 3 
341953.65 8.8535e-15 348151.91 3 
343616.97 8.8111e-15 349845.38 3 
