# An Atlas of Galaxy Spectral Energy Distributions from the Ultraviolet to the Mid-Infrared
# Brown et al. (2014)
# http://dx.doi.org/10.5072/03/529D3551F0117
# 
# Column 1 : Restframe Wavelength (Angstrom)
# Column 2 : Flux per unit wavelength (ergs/s/cm^2/Angstrom)
# Column 3 : Observed wavelength (Angstrom)
# Column 4 : Source (0 = model, 1 = Optical Spectrum, 2 = Akari, 3 = Spitzer IRS)
# 
   100.06 5.5982e-31    102.80 0 
   101.92 1.0370e-30    104.71 0 
   104.05 1.7318e-30    106.91 0 
   105.99 2.9257e-30    108.89 0 
   107.96 4.9883e-30    110.92 0 
   109.96 9.7652e-30    112.98 0 
   114.09 2.4272e-29    117.22 0 
   118.10 5.5025e-29    121.34 0 
   121.13 2.8063e-28    124.45 0 
   125.10 5.7490e-28    128.53 0 
   127.13 7.9307e-28    130.62 0 
   128.01 9.4229e-28    131.52 0 
   130.99 1.4817e-27    134.59 0 
   131.90 1.9304e-27    135.52 0 
   134.05 2.5607e-27    137.72 0 
   136.85 4.4052e-27    140.60 0 
   140.04 6.5693e-27    143.88 0 
   142.97 2.1533e-26    146.89 0 
   146.98 7.1377e-26    151.01 0 
   151.10 1.1168e-25    155.24 0 
   154.97 1.7356e-25    159.22 0 
   158.95 2.6723e-25    163.31 0 
   161.90 3.6348e-25    166.34 0 
   166.05 5.4563e-25    170.61 0 
   169.92 7.9133e-25    174.58 0 
   173.08 1.0445e-24    177.83 0 
   177.11 1.4769e-24    181.97 0 
   179.99 1.9009e-24    184.93 0 
   182.08 2.2421e-24    187.07 0 
   185.89 3.0912e-24    190.99 0 
   191.10 4.5331e-24    196.34 0 
   194.20 5.6880e-24    199.53 0 
   197.81 7.5588e-24    203.24 0 
   201.95 9.9971e-24    207.49 0 
   205.23 1.2230e-23    210.86 0 
   210.02 1.6208e-23    215.77 0 
   215.90 2.4485e-23    221.82 0 
   219.91 3.1213e-23    225.94 0 
   222.97 3.6721e-23    229.09 0 
   227.12 4.6379e-23    233.35 0 
   229.75 8.1087e-23    236.05 0 
   234.02 1.5465e-22    240.44 0 
   240.02 2.4746e-22    246.60 0 
   246.18 2.9897e-22    252.93 0 
   251.91 3.9977e-22    258.82 0 
   257.19 4.0463e-22    264.24 0 
   260.17 5.2316e-22    267.30 0 
   263.79 6.3259e-22    271.02 0 
   269.31 7.5047e-22    276.69 0 
   273.69 8.8046e-22    281.19 0 
   278.77 1.0303e-21    286.42 0 
   283.96 1.2029e-21    291.74 0 
   289.90 1.3753e-21    297.85 0 
   295.97 1.6539e-21    304.09 0 
   300.78 1.8571e-21    309.03 0 
   307.79 2.2689e-21    316.23 0 
   317.87 2.9810e-21    326.59 0 
   328.29 3.7659e-21    337.29 0 
   338.26 4.6497e-21    347.54 0 
   347.74 5.6761e-21    357.27 0 
   356.66 6.7726e-21    366.44 0 
   365.81 8.1175e-21    375.84 0 
   375.19 9.4417e-21    385.48 0 
   384.81 1.0756e-20    395.37 0 
   394.69 1.3038e-20    405.51 0 
   404.81 1.5301e-20    415.91 0 
   414.24 1.7271e-20    425.60 0 
   421.94 1.9019e-20    433.51 0 
   429.78 2.0943e-20    441.57 0 
   440.81 2.4233e-20    452.90 0 
   451.08 2.7094e-20    463.45 0 
   460.52 2.9612e-20    473.15 0 
   470.17 3.2888e-20    483.06 0 
   480.01 3.6776e-20    493.17 0 
   490.06 3.9816e-20    503.50 0 
   500.32 4.4516e-20    514.04 0 
   506.12 4.8713e-20    520.00 0 
   511.98 7.2404e-20    526.02 0 
   520.30 7.8979e-20    534.56 0 
   529.97 8.7307e-20    544.50 0 
   539.82 9.1528e-20    554.63 0 
   549.86 1.1886e-19    564.94 0 
   560.08 1.4470e-19    575.44 0 
   570.49 1.7017e-19    586.14 0 
   579.76 1.7679e-19    595.66 0 
   590.54 2.2020e-19    606.74 0 
   600.14 2.4063e-19    616.59 0 
   609.89 2.8631e-19    626.61 0 
   619.80 3.5020e-19    636.80 0 
   629.87 3.9788e-19    647.14 0 
   640.10 4.2773e-19    657.66 0 
   650.51 5.0763e-19    668.34 0 
   658.04 5.6283e-19    676.08 0 
   665.66 6.1828e-19    683.91 0 
   674.92 6.6181e-19    693.43 0 
   684.31 6.9066e-19    703.07 0 
   695.43 9.1942e-19    714.50 0 
   705.10 9.2255e-19    724.44 0 
   716.56 1.1619e-18    736.21 0 
   726.53 1.2694e-18    746.45 0 
   734.94 1.3749e-18    755.09 0 
   745.16 1.6167e-18    765.60 0 
   755.53 1.8029e-18    776.25 0 
   764.28 1.9888e-18    785.24 0 
   774.91 2.2640e-18    796.16 0 
   785.69 2.5418e-18    807.24 0 
   794.79 2.7649e-18    816.58 0 
   805.84 2.9984e-18    827.94 0 
   815.18 3.2239e-18    837.53 0 
   824.61 3.6800e-18    847.23 0 
   834.16 3.1717e-18    857.04 0 
   845.77 4.1725e-18    868.96 0 
   855.56 4.4545e-18    879.02 0 
   865.47 4.9679e-18    889.20 0 
   875.49 5.5147e-18    899.50 0 
   885.63 6.1922e-18    909.91 0 
   895.88 6.7476e-18    920.45 0 
   904.17 6.9948e-18    928.97 0 
   914.64 1.1325e-17    939.72 0 
   925.23 8.3228e-17    950.60 0 
   935.95 1.9164e-16    961.61 0 
   944.61 3.8373e-16    970.51 0 
   955.55 5.6000e-16    981.75 0 
   964.39 6.5872e-16    990.83 0 
   975.55 1.0885e-16   1002.31 0 
   984.58 6.0574e-16   1011.58 0 
   995.98 6.5215e-16   1023.29 0 
  1005.20 9.6556e-16   1032.76 0 
  1014.50 9.4447e-16   1042.32 0 
  1023.89 4.0419e-16   1051.96 0 
  1035.74 6.9430e-16   1064.14 0 
  1045.32 1.3674e-15   1073.99 0 
  1055.00 1.3748e-15   1083.93 0 
  1064.76 1.1157e-15   1093.96 0 
  1074.61 1.3578e-15   1104.08 0 
  1084.55 1.1018e-15   1114.29 0 
  1094.59 1.4871e-15   1124.61 0 
  1104.72 1.4574e-15   1135.01 0 
  1114.94 1.4315e-15   1145.51 0 
  1125.26 1.3151e-15   1156.11 0 
  1135.67 1.6948e-15   1166.81 0 
  1146.18 1.5677e-15   1177.61 0 
  1154.12 1.6977e-15   1185.77 0 
  1164.80 1.7904e-15   1196.74 0 
  1175.58 1.2706e-15   1207.81 0 
  1183.73 1.7929e-15   1216.19 0 
  1194.68 1.2549e-15   1227.44 0 
  1205.73 9.1539e-16   1238.80 0 
  1214.09 5.9306e-16   1247.38 0 
  1225.32 1.2766e-15   1258.93 0 
  1233.82 1.9839e-15   1267.65 0 
  1245.23 2.2255e-15   1279.38 0 
  1253.87 2.1620e-15   1288.25 0 
  1265.47 1.8825e-15   1300.17 0 
  1274.24 2.4667e-15   1309.18 0 
  1286.03 2.6239e-15   1321.30 0 
  1294.94 2.1100e-15   1330.45 0 
  1303.92 2.1165e-15   1339.68 0 
  1315.99 2.6692e-15   1352.07 0 
  1325.11 2.5923e-15   1361.44 0 
  1334.29 2.3332e-15   1370.88 0 
  1343.54 2.8004e-15   1380.38 0 
  1355.97 2.7471e-15   1393.16 0 
  1365.37 2.4894e-15   1402.81 0 
  1374.84 2.6443e-15   1412.54 0 
  1384.37 2.7070e-15   1422.33 0 
  1393.96 2.3970e-15   1432.19 0 
  1403.62 2.5224e-15   1442.12 0 
  1416.61 2.5961e-15   1455.46 0 
  1426.43 2.6942e-15   1465.55 0 
  1436.32 2.7010e-15   1475.71 0 
  1442.95 2.8723e-15   1482.52 0 
  1446.28 2.9349e-15   1485.94 0 
  1456.30 2.8750e-15   1496.24 0 
  1466.40 2.6833e-15   1506.61 0 
  1476.56 2.7020e-15   1517.05 0 
  1483.38 2.7755e-15   1524.05 0 
  1493.66 2.8465e-15   1534.62 0 
  1504.01 2.7244e-15   1545.25 0 
  1510.95 2.4429e-15   1552.39 0 
  1517.93 2.6213e-15   1559.55 0 
  1524.93 2.5652e-15   1566.75 0 
  1535.50 2.2595e-15   1577.61 0 
  1546.15 2.5112e-15   1588.55 0 
  1553.29 2.3903e-15   1595.88 0 
  1564.05 2.4506e-15   1606.94 0 
  1574.89 2.6308e-15   1618.08 0 
  1585.81 2.7725e-15   1629.30 0 
  1596.80 2.8551e-15   1640.59 0 
  1604.17 2.8192e-15   1648.16 0 
  1615.29 2.8500e-15   1659.59 0 
  1626.49 2.7136e-15   1671.09 0 
  1634.00 2.9039e-15   1678.80 0 
  1645.32 2.9692e-15   1690.44 0 
  1656.73 2.7560e-15   1702.16 0 
  1664.38 3.0386e-15   1710.02 0 
  1672.06 2.7294e-15   1717.91 0 
  1675.91 3.0638e-15   1721.87 0 
  1683.65 3.2110e-15   1729.82 0 
  1695.32 3.0351e-15   1741.81 0 
  1703.14 2.9344e-15   1749.85 0 
  1714.95 2.7991e-15   1761.98 0 
  1726.84 2.7957e-15   1774.19 0 
  1734.81 2.9976e-15   1782.38 0 
  1746.83 2.9390e-15   1794.73 0 
  1754.90 3.1511e-15   1803.02 0 
  1762.99 2.9021e-15   1811.34 0 
  1775.22 2.9927e-15   1823.90 0 
  1783.41 3.0569e-15   1832.31 0 
  1795.77 3.2627e-15   1845.02 0 
  1804.06 3.2566e-15   1853.53 0 
  1816.57 3.0200e-15   1866.38 0 
  1824.95 3.0985e-15   1874.99 0 
  1833.37 2.9942e-15   1883.65 0 
  1846.08 2.7635e-15   1896.71 0 
  1854.60 2.7832e-15   1905.46 0 
  1863.16 2.8816e-15   1914.26 0 
  1876.08 3.1169e-15   1927.53 0 
  1884.74 2.8891e-15   1936.42 0 
  1893.44 2.7784e-15   1945.36 0 
  1906.56 2.9498e-15   1958.84 0 
  1915.36 2.8562e-15   1967.89 0 
  1924.20 2.8103e-15   1976.97 0 
  1933.09 2.8954e-15   1986.10 0 
  1946.49 3.0312e-15   1999.86 0 
  1955.47 2.8479e-15   2009.09 0 
  1969.02 3.1143e-15   2023.02 0 
  1978.11 3.2079e-15   2032.36 0 
  1982.67 3.0419e-15   2037.04 0 
  1996.42 2.9642e-15   2051.16 0 
  2005.63 3.0529e-15   2060.63 0 
  2014.89 2.9615e-15   2070.14 0 
  2024.19 3.0995e-15   2079.70 0 
  2033.53 2.9515e-15   2089.30 0 
  2042.92 3.0675e-15   2098.94 0 
  2057.08 2.9401e-15   2113.49 0 
  2066.57 2.9584e-15   2123.24 0 
  2076.11 3.1530e-15   2133.04 0 
  2085.70 3.1215e-15   2142.89 0 
  2095.32 2.9580e-15   2152.78 0 
  2105.00 2.9896e-15   2162.72 0 
  2114.71 3.0213e-15   2172.70 0 
  2124.47 3.0673e-15   2182.73 0 
  2134.28 2.8662e-15   2192.81 0 
  2144.13 2.9297e-15   2202.93 0 
  2154.03 3.0432e-15   2213.09 0 
  2163.97 2.9499e-15   2223.31 0 
  2173.96 2.9259e-15   2233.57 0 
  2183.99 2.8820e-15   2243.88 0 
  2194.07 3.0137e-15   2254.24 0 
  2204.20 2.9341e-15   2264.64 0 
  2214.38 2.8044e-15   2275.10 0 
  2224.60 2.7113e-15   2285.60 0 
  2234.86 2.8939e-15   2296.15 0 
  2245.18 2.7719e-15   2306.75 0 
  2255.54 2.6718e-15   2317.39 0 
  2265.95 2.7439e-15   2328.09 0 
  2276.41 2.8375e-15   2338.84 0 
  2286.92 2.9209e-15   2349.63 0 
  2297.48 2.7867e-15   2360.48 0 
  2302.77 2.8079e-15   2365.92 0 
  2313.40 2.7099e-15   2376.84 0 
  2324.08 2.1905e-15   2387.81 0 
  2334.81 2.5771e-15   2398.83 0 
  2345.58 2.5102e-15   2409.91 0 
  2356.41 2.7183e-15   2421.03 0 
  2367.29 2.5345e-15   2432.20 0 
  2372.75 2.6193e-15   2437.81 0 
  2383.70 2.4592e-15   2449.06 0 
  2394.70 2.6326e-15   2460.37 0 
  2405.75 2.5467e-15   2471.72 0 
  2416.86 2.6157e-15   2483.13 0 
  2422.43 2.7662e-15   2488.86 0 
  2433.61 2.6760e-15   2500.35 0 
  2444.84 2.8386e-15   2511.89 0 
  2456.13 2.8100e-15   2523.48 0 
  2467.47 2.8140e-15   2535.13 0 
  2473.15 2.7267e-15   2540.97 0 
  2484.57 2.8200e-15   2552.70 0 
  2496.04 2.6845e-15   2564.48 0 
  2507.56 2.9750e-15   2576.32 0 
  2513.34 2.7027e-15   2582.26 0 
  2519.13 2.7740e-15   2588.21 0 
  2524.94 2.6695e-15   2594.18 0 
  2536.59 2.7105e-15   2606.15 0 
  2542.44 2.6814e-15   2612.16 0 
  2554.18 2.8708e-15   2624.22 0 
  2565.97 2.8290e-15   2636.33 0 
  2577.81 2.9941e-15   2648.50 0 
  2583.75 2.9825e-15   2654.61 0 
  2595.68 2.9664e-15   2666.86 0 
  2607.66 2.8831e-15   2679.17 0 
  2613.67 2.8588e-15   2685.34 0 
  2625.74 2.9911e-15   2697.74 0 
  2637.86 3.0795e-15   2710.19 0 
  2643.94 3.3175e-15   2716.44 0 
  2656.14 3.3842e-15   2728.98 0 
  2662.26 3.1317e-15   2735.27 0 
  2674.55 3.2767e-15   2747.89 0 
  2686.90 3.2893e-15   2760.58 0 
  2693.09 3.1654e-15   2766.94 0 
  2705.52 3.2516e-15   2779.71 0 
  2718.01 3.1315e-15   2792.54 0 
  2724.28 3.1412e-15   2798.98 0 
  2736.85 3.2943e-15   2811.90 0 
  2743.16 2.9315e-15   2818.38 0 
  2755.82 2.9976e-15   2831.39 0 
  2762.18 3.1125e-15   2837.92 0 
  2774.92 3.2567e-15   2851.02 0 
  2787.73 3.1294e-15   2864.18 0 
  2794.16 2.5930e-15   2870.78 0 
  2807.06 2.7828e-15   2884.03 0 
  2813.53 3.2948e-15   2890.68 0 
  2826.51 3.4317e-15   2904.02 0 
  2833.03 3.3255e-15   2910.72 0 
  2846.11 3.2700e-15   2924.15 0 
  2852.67 3.1834e-15   2930.89 0 
  2865.84 3.4482e-15   2944.42 0 
  2872.44 3.4509e-15   2951.21 0 
  2885.70 3.4644e-15   2964.83 0 
  2892.35 3.4593e-15   2971.67 0 
  2912.40 3.7243e-15   2992.27 0 
  2932.59 3.6316e-15   3013.01 0 
  2952.92 3.6072e-15   3033.89 0 
  2973.38 3.6918e-15   3054.92 0 
  2987.11 3.7150e-15   3069.02 0 
  3007.82 3.7848e-15   3090.30 0 
  3028.66 3.8118e-15   3111.72 0 
  3049.66 3.8391e-15   3133.29 0 
  3070.80 3.8755e-15   3155.01 0 
  3092.08 3.9214e-15   3176.87 0 
  3113.52 3.9405e-15   3198.90 0 
  3127.89 3.9201e-15   3213.66 0 
  3149.57 3.9666e-15   3235.94 0 
  3171.40 4.0045e-15   3258.37 0 
  3193.38 3.8609e-15   3280.95 0 
  3208.12 3.9944e-15   3296.10 0 
  3230.36 3.8869e-15   3318.94 0 
  3252.75 4.0903e-15   3341.95 0 
  3267.77 4.2221e-15   3357.38 0 
  3290.42 4.2334e-15   3380.65 0 
  3313.23 4.2546e-15   3404.08 0 
  3320.86 4.2880e-15   3411.93 0 
  3328.52 4.3616e-15   3419.79 0 
  3336.19 4.4365e-15   3427.68 0 
  3343.88 4.2212e-15   3435.58 0 
  3351.59 4.3235e-15   3443.50 0 
  3359.32 4.3174e-15   3451.44 0 
  3367.06 4.2818e-15   3459.39 0 
  3374.82 4.0274e-15   3467.37 0 
  3382.60 4.1344e-15   3475.36 0 
  3390.40 4.4037e-15   3483.37 0 
  3398.22 4.4281e-15   3491.40 0 
  3406.05 4.3015e-15   3499.45 0 
  3413.90 4.3353e-15   3507.52 0 
  3421.77 4.5021e-15   3515.60 0 
  3429.66 4.4445e-15   3523.71 0 
  3437.57 4.5001e-15   3531.83 0 
  3445.49 4.1269e-15   3539.97 0 
  3453.43 4.5923e-15   3548.13 0 
  3461.40 4.2603e-15   3556.31 0 
  3469.37 4.3519e-15   3564.51 0 
  3477.37 4.2139e-15   3572.73 0 
  3485.39 4.3521e-15   3580.96 0 
  3493.42 4.3223e-15   3589.22 0 
  3501.48 4.3724e-15   3597.49 0 
  3509.55 4.3525e-15   3605.79 0 
  3517.64 4.2437e-15   3614.10 0 
  3525.75 4.3627e-15   3622.43 0 
  3533.87 4.5370e-15   3630.78 0 
  3542.02 4.6428e-15   3639.15 0 
  3550.19 4.6752e-15   3647.54 0 
  3558.37 4.5689e-15   3655.95 0 
  3566.57 4.6754e-15   3664.37 0 
  3570.41 4.0124e-15   3668.32 1 
  3573.09 3.8458e-15   3671.07 1 
  3575.77 3.3082e-15   3673.82 1 
  3578.44 3.4954e-15   3676.57 1 
  3581.12 4.8319e-15   3679.32 1 
  3583.80 4.2941e-15   3682.07 1 
  3586.47 4.0580e-15   3684.82 1 
  3589.15 3.8660e-15   3687.57 1 
  3591.83 3.7340e-15   3690.32 1 
  3594.50 3.7416e-15   3693.07 1 
  3597.18 4.7134e-15   3695.82 1 
  3599.85 4.3066e-15   3698.57 1 
  3602.53 4.3650e-15   3701.32 1 
  3605.21 4.8702e-15   3704.07 1 
  3607.88 3.8986e-15   3706.82 1 
  3610.56 3.7470e-15   3709.57 1 
  3613.24 4.7647e-15   3712.32 1 
  3615.91 4.9329e-15   3715.07 1 
  3618.59 4.0879e-15   3717.82 1 
  3621.27 3.5462e-15   3720.57 1 
  3623.94 4.2771e-15   3723.32 1 
  3626.62 4.2506e-15   3726.07 1 
  3629.30 4.2018e-15   3728.82 1 
  3631.97 4.3654e-15   3731.57 1 
  3634.65 4.5719e-15   3734.32 1 
  3637.33 4.7848e-15   3737.07 1 
  3640.00 4.6952e-15   3739.82 1 
  3642.68 3.9939e-15   3742.57 1 
  3645.36 4.7247e-15   3745.32 1 
  3648.03 4.8398e-15   3748.07 1 
  3650.71 4.6966e-15   3750.82 1 
  3653.39 4.8150e-15   3753.57 1 
  3656.06 4.4617e-15   3756.32 1 
  3658.74 4.3815e-15   3759.07 1 
  3661.42 5.1034e-15   3761.82 1 
  3664.09 5.0517e-15   3764.57 1 
  3666.77 5.2086e-15   3767.32 1 
  3669.45 5.5780e-15   3770.07 1 
  3672.12 5.5342e-15   3772.82 1 
  3674.80 4.2944e-15   3775.57 1 
  3677.48 4.0864e-15   3778.32 1 
  3680.15 4.5129e-15   3781.07 1 
  3682.83 5.4456e-15   3783.82 1 
  3685.51 4.9533e-15   3786.57 1 
  3688.18 4.3809e-15   3789.32 1 
  3690.86 4.4825e-15   3792.07 1 
  3693.54 4.3575e-15   3794.82 1 
  3696.21 4.8484e-15   3797.57 1 
  3698.89 5.0553e-15   3800.32 1 
  3701.57 5.2315e-15   3803.07 1 
  3704.24 5.6587e-15   3805.82 1 
  3706.92 5.3599e-15   3808.57 1 
  3709.60 5.0676e-15   3811.32 1 
  3712.27 4.2393e-15   3814.07 1 
  3714.95 4.0934e-15   3816.82 1 
  3717.63 4.8846e-15   3819.57 1 
  3720.30 6.4147e-15   3822.32 1 
  3722.98 6.4057e-15   3825.07 1 
  3725.66 8.2947e-15   3827.82 1 
  3728.33 9.9001e-15   3830.57 1 
  3731.01 1.0552e-14   3833.32 1 
  3733.68 9.4191e-15   3836.07 1 
  3736.36 7.5855e-15   3838.82 1 
  3739.04 5.2678e-15   3841.57 1 
  3741.71 5.4662e-15   3844.32 1 
  3744.39 5.8223e-15   3847.07 1 
  3747.07 4.9052e-15   3849.82 1 
  3749.74 4.8509e-15   3852.57 1 
  3752.42 4.4969e-15   3855.32 1 
  3755.10 4.0776e-15   3858.07 1 
  3757.77 4.9495e-15   3860.82 1 
  3760.45 5.2581e-15   3863.57 1 
  3763.13 6.0905e-15   3866.32 1 
  3765.80 5.1326e-15   3869.07 1 
  3768.48 5.4323e-15   3871.82 1 
  3771.16 5.3657e-15   3874.57 1 
  3773.83 5.2473e-15   3877.32 1 
  3776.51 5.9067e-15   3880.07 1 
  3779.19 7.0806e-15   3882.82 1 
  3781.86 6.5735e-15   3885.57 1 
  3784.54 6.8962e-15   3888.32 1 
  3787.22 6.8784e-15   3891.07 1 
  3789.89 6.4875e-15   3893.82 1 
  3792.57 6.0655e-15   3896.57 1 
  3795.25 5.6649e-15   3899.32 1 
  3797.92 4.7519e-15   3902.07 1 
  3800.60 5.0524e-15   3904.82 1 
  3803.28 4.6375e-15   3907.57 1 
  3805.95 5.1107e-15   3910.32 1 
  3808.63 5.1927e-15   3913.07 1 
  3811.31 6.1421e-15   3915.82 1 
  3813.98 6.5377e-15   3918.57 1 
  3816.66 6.0573e-15   3921.32 1 
  3819.34 5.9883e-15   3924.07 1 
  3822.01 6.1439e-15   3926.82 1 
  3824.69 5.5002e-15   3929.57 1 
  3827.37 5.2924e-15   3932.32 1 
  3830.04 4.1610e-15   3935.07 1 
  3832.72 4.9116e-15   3937.82 1 
  3835.40 4.1152e-15   3940.57 1 
  3838.07 4.0068e-15   3943.32 1 
  3840.75 4.8742e-15   3946.07 1 
  3843.43 4.8111e-15   3948.82 1 
  3846.10 5.1494e-15   3951.57 1 
  3848.78 5.4163e-15   3954.32 1 
  3851.46 6.0612e-15   3957.07 1 
  3854.13 6.8669e-15   3959.82 1 
  3856.81 6.3513e-15   3962.57 1 
  3859.49 6.2345e-15   3965.32 1 
  3862.16 7.1009e-15   3968.07 1 
  3864.84 7.0972e-15   3970.82 1 
  3867.52 6.8743e-15   3973.57 1 
  3870.19 7.3108e-15   3976.32 1 
  3872.87 7.1802e-15   3979.07 1 
  3875.54 7.7339e-15   3981.82 1 
  3878.22 6.6287e-15   3984.57 1 
  3880.90 6.0579e-15   3987.32 1 
  3883.57 5.6924e-15   3990.07 1 
  3886.25 5.8987e-15   3992.82 1 
  3888.93 5.4830e-15   3995.57 1 
  3891.60 5.5101e-15   3998.32 1 
  3894.28 5.3020e-15   4001.07 1 
  3896.96 5.5011e-15   4003.82 1 
  3899.63 5.8823e-15   4006.57 1 
  3902.31 6.2550e-15   4009.32 1 
  3904.99 6.2916e-15   4012.07 1 
  3907.66 6.7389e-15   4014.82 1 
  3910.34 7.3284e-15   4017.57 1 
  3913.02 7.1228e-15   4020.32 1 
  3915.69 7.0308e-15   4023.07 1 
  3918.37 7.6828e-15   4025.82 1 
  3921.05 6.8151e-15   4028.57 1 
  3923.72 6.5659e-15   4031.32 1 
  3926.40 5.9949e-15   4034.07 1 
  3929.08 6.7474e-15   4036.82 1 
  3931.75 5.2697e-15   4039.57 1 
  3934.43 4.6795e-15   4042.32 1 
  3937.11 4.6459e-15   4045.07 1 
  3939.78 4.7279e-15   4047.82 1 
  3942.46 4.7097e-15   4050.57 1 
  3945.14 5.4073e-15   4053.32 1 
  3947.81 6.1102e-15   4056.07 1 
  3950.49 6.7019e-15   4058.82 1 
  3953.17 7.1295e-15   4061.57 1 
  3955.84 6.6332e-15   4064.32 1 
  3958.52 6.5713e-15   4067.07 1 
  3961.20 5.7236e-15   4069.82 1 
  3963.87 5.6211e-15   4072.57 1 
  3966.55 5.2600e-15   4075.32 1 
  3969.23 4.6322e-15   4078.07 1 
  3971.90 4.4647e-15   4080.82 1 
  3974.58 4.7102e-15   4083.57 1 
  3977.26 4.8736e-15   4086.32 1 
  3979.93 6.0658e-15   4089.07 1 
  3982.61 6.2787e-15   4091.82 1 
  3985.29 6.5747e-15   4094.57 1 
  3987.96 7.0022e-15   4097.32 1 
  3990.64 7.9565e-15   4100.07 1 
  3993.32 8.0165e-15   4102.82 1 
  3995.99 8.2404e-15   4105.57 1 
  3998.67 7.7709e-15   4108.32 1 
  4001.34 8.0178e-15   4111.07 1 
  4004.02 7.9485e-15   4113.82 1 
  4006.70 8.0248e-15   4116.57 1 
  4009.37 7.9835e-15   4119.32 1 
  4012.05 8.4907e-15   4122.07 1 
  4014.73 8.6819e-15   4124.82 1 
  4017.40 8.2763e-15   4127.57 1 
  4020.08 8.5038e-15   4130.32 1 
  4022.76 8.2440e-15   4133.07 1 
  4025.43 8.1372e-15   4135.82 1 
  4028.11 7.9584e-15   4138.57 1 
  4030.79 8.2717e-15   4141.32 1 
  4033.46 7.7209e-15   4144.07 1 
  4036.14 7.7907e-15   4146.82 1 
  4038.82 8.3306e-15   4149.57 1 
  4041.49 8.3146e-15   4152.32 1 
  4044.17 8.7828e-15   4155.07 1 
  4046.85 8.0633e-15   4157.82 1 
  4049.52 8.2569e-15   4160.57 1 
  4052.20 8.1788e-15   4163.32 1 
  4054.88 8.1224e-15   4166.07 1 
  4057.55 7.8582e-15   4168.82 1 
  4060.23 7.3227e-15   4171.57 1 
  4062.91 8.5095e-15   4174.32 1 
  4065.58 8.3799e-15   4177.07 1 
  4068.26 7.8874e-15   4179.82 1 
  4070.94 7.7907e-15   4182.57 1 
  4073.61 7.9412e-15   4185.32 1 
  4076.29 7.8465e-15   4188.07 1 
  4078.97 7.7326e-15   4190.82 1 
  4081.64 7.9418e-15   4193.57 1 
  4084.32 7.9120e-15   4196.32 1 
  4087.00 7.9630e-15   4199.07 1 
  4089.67 8.4159e-15   4201.82 1 
  4092.35 8.2281e-15   4204.57 1 
  4095.03 7.6545e-15   4207.32 1 
  4097.70 7.3352e-15   4210.07 1 
  4100.38 7.1423e-15   4212.82 1 
  4103.06 6.7875e-15   4215.57 1 
  4105.73 6.6541e-15   4218.32 1 
  4108.41 6.7003e-15   4221.07 1 
  4111.09 6.8322e-15   4223.82 1 
  4113.76 7.4592e-15   4226.57 1 
  4116.44 7.8526e-15   4229.32 1 
  4119.12 8.4028e-15   4232.07 1 
  4121.79 8.3345e-15   4234.82 1 
  4124.47 7.8792e-15   4237.57 1 
  4127.15 7.7150e-15   4240.32 1 
  4129.82 7.4457e-15   4243.07 1 
  4132.50 8.1301e-15   4245.82 1 
  4135.18 7.8976e-15   4248.57 1 
  4137.85 8.2676e-15   4251.32 1 
  4140.53 8.0388e-15   4254.07 1 
  4143.20 8.0406e-15   4256.82 1 
  4145.88 8.1878e-15   4259.57 1 
  4148.56 8.4536e-15   4262.32 1 
  4151.23 7.9448e-15   4265.07 1 
  4153.91 7.7116e-15   4267.82 1 
  4156.59 8.0297e-15   4270.57 1 
  4159.26 7.5854e-15   4273.32 1 
  4161.94 8.2725e-15   4276.07 1 
  4164.62 8.4055e-15   4278.82 1 
  4167.29 8.3326e-15   4281.57 1 
  4169.97 8.0662e-15   4284.32 1 
  4172.65 7.8529e-15   4287.07 1 
  4175.32 7.9665e-15   4289.82 1 
  4178.00 7.9920e-15   4292.57 1 
  4180.68 7.8123e-15   4295.32 1 
  4183.35 8.4749e-15   4298.07 1 
  4186.03 7.9612e-15   4300.82 1 
  4188.71 8.2469e-15   4303.57 1 
  4191.38 7.8832e-15   4306.32 1 
  4194.06 8.1144e-15   4309.07 1 
  4196.74 7.8088e-15   4311.82 1 
  4199.41 8.1296e-15   4314.57 1 
  4202.09 8.1264e-15   4317.32 1 
  4204.77 8.4795e-15   4320.07 1 
  4207.44 8.3481e-15   4322.82 1 
  4210.12 8.3808e-15   4325.57 1 
  4212.80 8.7176e-15   4328.32 1 
  4215.47 8.8393e-15   4331.07 1 
  4218.15 8.7738e-15   4333.82 1 
  4220.83 7.9809e-15   4336.57 1 
  4223.50 8.4945e-15   4339.32 1 
  4226.18 8.0334e-15   4342.07 1 
  4228.86 8.0075e-15   4344.82 1 
  4231.53 7.8163e-15   4347.57 1 
  4234.21 7.8405e-15   4350.32 1 
  4236.89 8.5624e-15   4353.07 1 
  4239.56 8.3698e-15   4355.82 1 
  4242.24 8.4096e-15   4358.57 1 
  4244.92 8.4393e-15   4361.32 1 
  4247.59 8.6970e-15   4364.07 1 
  4250.27 8.1458e-15   4366.82 1 
  4252.95 8.4852e-15   4369.57 1 
  4255.62 8.0209e-15   4372.32 1 
  4258.30 8.7123e-15   4375.07 1 
  4260.98 8.7621e-15   4377.82 1 
  4263.65 8.6621e-15   4380.57 1 
  4266.33 8.2719e-15   4383.32 1 
  4269.01 8.7807e-15   4386.07 1 
  4271.68 8.1389e-15   4388.82 1 
  4274.36 7.8930e-15   4391.57 1 
  4277.03 7.9750e-15   4394.32 1 
  4279.71 8.3150e-15   4397.07 1 
  4282.39 8.3458e-15   4399.82 1 
  4285.06 8.1308e-15   4402.57 1 
  4287.74 7.8865e-15   4405.32 1 
  4290.42 7.9295e-15   4408.07 1 
  4293.09 8.4856e-15   4410.82 1 
  4295.77 7.8682e-15   4413.57 1 
  4298.45 7.5985e-15   4416.32 1 
  4301.12 7.6557e-15   4419.07 1 
  4303.80 8.0686e-15   4421.82 1 
  4306.48 8.1129e-15   4424.57 1 
  4309.15 7.4257e-15   4427.32 1 
  4311.83 7.3027e-15   4430.07 1 
  4314.51 7.6431e-15   4432.82 1 
  4317.18 8.0465e-15   4435.57 1 
  4319.86 8.3612e-15   4438.32 1 
  4322.54 8.5152e-15   4441.07 1 
  4325.21 8.1951e-15   4443.82 1 
  4327.89 7.8698e-15   4446.57 1 
  4330.57 8.2735e-15   4449.32 1 
  4333.24 7.7730e-15   4452.07 1 
  4335.92 7.8101e-15   4454.82 1 
  4338.60 8.2221e-15   4457.57 1 
  4341.27 8.3857e-15   4460.32 1 
  4343.95 8.2113e-15   4463.07 1 
  4346.63 7.9989e-15   4465.82 1 
  4349.30 7.8335e-15   4468.57 1 
  4351.98 7.9913e-15   4471.32 1 
  4354.66 8.4476e-15   4474.07 1 
  4357.33 8.6947e-15   4476.82 1 
  4360.01 8.7376e-15   4479.57 1 
  4362.69 8.8831e-15   4482.32 1 
  4365.36 9.1615e-15   4485.07 1 
  4368.04 9.1782e-15   4487.82 1 
  4370.72 8.9255e-15   4490.57 1 
  4373.39 8.5370e-15   4493.32 1 
  4376.07 8.9154e-15   4496.07 1 
  4378.75 8.8841e-15   4498.82 1 
  4381.42 8.7507e-15   4501.57 1 
  4384.10 7.9619e-15   4504.32 1 
  4386.78 7.8218e-15   4507.07 1 
  4389.45 8.0416e-15   4509.82 1 
  4392.13 8.2680e-15   4512.57 1 
  4394.81 8.4421e-15   4515.32 1 
  4397.48 8.6394e-15   4518.07 1 
  4400.16 8.3627e-15   4520.82 1 
  4402.84 8.2943e-15   4523.57 1 
  4405.51 8.9411e-15   4526.32 1 
  4408.19 9.0672e-15   4529.07 1 
  4410.87 8.9905e-15   4531.82 1 
  4413.54 9.0116e-15   4534.57 1 
  4416.22 8.9238e-15   4537.32 1 
  4418.89 8.7785e-15   4540.07 1 
  4421.57 8.9969e-15   4542.82 1 
  4424.25 9.1778e-15   4545.57 1 
  4426.92 9.1830e-15   4548.32 1 
  4429.60 9.5751e-15   4551.07 1 
  4432.28 9.2874e-15   4553.82 1 
  4434.95 8.8330e-15   4556.57 1 
  4437.63 8.8541e-15   4559.32 1 
  4440.31 8.6856e-15   4562.07 1 
  4442.98 9.1007e-15   4564.82 1 
  4445.66 9.6038e-15   4567.57 1 
  4448.34 9.4520e-15   4570.32 1 
  4451.01 9.3654e-15   4573.07 1 
  4453.69 9.1740e-15   4575.82 1 
  4456.37 8.9058e-15   4578.57 1 
  4459.04 8.9345e-15   4581.32 1 
  4461.72 9.1511e-15   4584.07 1 
  4464.40 9.1028e-15   4586.82 1 
  4467.07 9.1092e-15   4589.57 1 
  4469.75 8.8597e-15   4592.32 1 
  4472.43 9.1631e-15   4595.07 1 
  4475.10 9.3183e-15   4597.82 1 
  4477.78 9.5221e-15   4600.57 1 
  4480.46 9.9137e-15   4603.32 1 
  4483.13 9.8188e-15   4606.07 1 
  4485.81 9.5703e-15   4608.82 1 
  4488.49 9.5113e-15   4611.57 1 
  4491.16 9.3739e-15   4614.32 1 
  4493.84 9.3078e-15   4617.07 1 
  4496.52 9.4784e-15   4619.82 1 
  4499.19 9.4310e-15   4622.57 1 
  4501.87 9.5870e-15   4625.32 1 
  4504.55 1.0030e-14   4628.07 1 
  4507.22 1.0095e-14   4630.82 1 
  4509.90 1.0031e-14   4633.57 1 
  4512.58 1.0157e-14   4636.32 1 
  4515.25 1.0067e-14   4639.07 1 
  4517.93 9.9378e-15   4641.82 1 
  4520.61 9.8881e-15   4644.57 1 
  4523.28 9.7682e-15   4647.32 1 
  4525.96 9.5851e-15   4650.07 1 
  4528.64 9.4118e-15   4652.82 1 
  4531.31 9.1952e-15   4655.57 1 
  4533.99 9.0625e-15   4658.32 1 
  4536.67 9.0618e-15   4661.07 1 
  4539.34 9.4372e-15   4663.82 1 
  4542.02 9.9944e-15   4666.57 1 
  4544.70 9.6044e-15   4669.32 1 
  4547.37 9.4467e-15   4672.07 1 
  4550.05 9.6398e-15   4674.82 1 
  4552.72 9.2385e-15   4677.57 1 
  4555.40 8.9577e-15   4680.32 1 
  4558.08 9.6754e-15   4683.07 1 
  4560.75 9.9308e-15   4685.82 1 
  4563.43 1.0082e-14   4688.57 1 
  4566.11 1.0048e-14   4691.32 1 
  4568.78 1.0069e-14   4694.07 1 
  4571.46 1.0088e-14   4696.82 1 
  4574.14 1.0085e-14   4699.57 1 
  4576.81 9.7537e-15   4702.32 1 
  4579.49 1.0208e-14   4705.07 1 
  4582.17 1.0467e-14   4707.82 1 
  4584.84 1.0690e-14   4710.57 1 
  4587.52 9.9789e-15   4713.32 1 
  4590.20 9.8485e-15   4716.07 1 
  4592.87 9.9287e-15   4718.82 1 
  4595.55 9.4750e-15   4721.57 1 
  4598.23 9.7558e-15   4724.32 1 
  4600.90 9.7289e-15   4727.07 1 
  4603.58 9.7739e-15   4729.82 1 
  4606.26 1.0039e-14   4732.57 1 
  4608.93 9.9862e-15   4735.32 1 
  4611.61 1.0043e-14   4738.07 1 
  4614.29 1.0414e-14   4740.82 1 
  4616.96 1.0518e-14   4743.57 1 
  4619.64 1.0178e-14   4746.32 1 
  4622.32 1.0116e-14   4749.07 1 
  4624.99 1.0103e-14   4751.82 1 
  4627.67 9.8606e-15   4754.57 1 
  4630.35 9.9491e-15   4757.32 1 
  4633.02 1.0037e-14   4760.07 1 
  4635.70 1.0122e-14   4762.82 1 
  4638.38 1.0215e-14   4765.57 1 
  4641.05 9.7644e-15   4768.32 1 
  4643.73 9.6836e-15   4771.07 1 
  4646.41 9.5526e-15   4773.82 1 
  4649.08 9.7578e-15   4776.57 1 
  4651.76 9.6418e-15   4779.32 1 
  4654.44 9.5757e-15   4782.07 1 
  4657.11 9.8338e-15   4784.82 1 
  4659.79 1.0105e-14   4787.57 1 
  4662.47 1.0163e-14   4790.32 1 
  4665.14 9.5718e-15   4793.07 1 
  4667.82 9.4749e-15   4795.82 1 
  4670.50 9.4262e-15   4798.57 1 
  4673.17 9.4947e-15   4801.32 1 
  4675.85 9.8893e-15   4804.07 1 
  4678.53 1.0002e-14   4806.82 1 
  4681.20 1.0219e-14   4809.57 1 
  4683.88 9.7536e-15   4812.32 1 
  4686.56 9.9957e-15   4815.07 1 
  4689.23 1.0338e-14   4817.82 1 
  4691.91 9.8845e-15   4820.57 1 
  4694.58 9.7198e-15   4823.32 1 
  4697.26 9.7597e-15   4826.07 1 
  4699.94 9.8026e-15   4828.82 1 
  4702.61 9.3905e-15   4831.57 1 
  4705.29 9.7718e-15   4834.32 1 
  4707.97 9.9681e-15   4837.07 1 
  4710.64 9.6262e-15   4839.82 1 
  4713.32 9.6014e-15   4842.57 1 
  4716.00 9.6082e-15   4845.32 1 
  4718.67 1.0037e-14   4848.07 1 
  4721.35 1.0135e-14   4850.82 1 
  4724.03 1.0257e-14   4853.57 1 
  4726.70 1.0121e-14   4856.32 1 
  4729.38 9.8320e-15   4859.07 1 
  4732.06 1.0096e-14   4861.82 1 
  4734.73 9.8165e-15   4864.57 1 
  4737.41 9.8697e-15   4867.32 1 
  4740.09 9.9308e-15   4870.07 1 
  4742.76 1.0161e-14   4872.82 1 
  4745.44 9.6808e-15   4875.57 1 
  4748.12 9.9580e-15   4878.32 1 
  4750.79 1.0378e-14   4881.07 1 
  4753.47 1.0157e-14   4883.82 1 
  4756.15 9.9522e-15   4886.57 1 
  4758.82 9.9112e-15   4889.32 1 
  4761.50 9.8358e-15   4892.07 1 
  4764.18 9.9626e-15   4894.82 1 
  4766.85 9.9575e-15   4897.57 1 
  4769.53 9.6856e-15   4900.32 1 
  4772.21 9.7877e-15   4903.07 1 
  4774.88 9.9752e-15   4905.82 1 
  4777.56 1.0196e-14   4908.57 1 
  4780.24 1.0169e-14   4911.32 1 
  4782.91 1.0041e-14   4914.07 1 
  4785.59 1.0002e-14   4916.82 1 
  4788.27 9.6176e-15   4919.57 1 
  4790.94 9.4184e-15   4922.32 1 
  4793.62 1.0129e-14   4925.07 1 
  4796.30 9.8225e-15   4927.82 1 
  4798.97 1.0111e-14   4930.57 1 
  4801.65 9.8887e-15   4933.32 1 
  4804.33 9.9132e-15   4936.07 1 
  4807.00 1.0201e-14   4938.82 1 
  4809.68 9.8953e-15   4941.57 1 
  4812.36 9.9541e-15   4944.32 1 
  4815.03 9.8621e-15   4947.07 1 
  4817.71 1.0110e-14   4949.82 1 
  4820.39 1.0699e-14   4952.57 1 
  4823.06 1.0238e-14   4955.32 1 
  4825.74 9.9906e-15   4958.07 1 
  4828.42 1.0196e-14   4960.82 1 
  4831.09 1.0033e-14   4963.57 1 
  4833.77 9.9842e-15   4966.32 1 
  4836.44 9.9644e-15   4969.07 1 
  4839.12 9.6593e-15   4971.82 1 
  4841.80 9.5243e-15   4974.57 1 
  4844.47 9.6227e-15   4977.32 1 
  4847.15 9.5327e-15   4980.07 1 
  4849.83 9.6723e-15   4982.82 1 
  4852.50 9.3943e-15   4985.57 1 
  4855.18 9.5194e-15   4988.32 1 
  4857.86 1.0116e-14   4991.07 1 
  4860.53 1.0887e-14   4993.82 1 
  4863.21 1.1021e-14   4996.57 1 
  4865.89 1.0608e-14   4999.32 1 
  4868.56 9.7482e-15   5002.07 1 
  4871.24 9.1423e-15   5004.82 1 
  4873.92 8.6939e-15   5007.57 1 
  4876.59 8.7726e-15   5010.32 1 
  4879.27 9.0270e-15   5013.07 1 
  4881.95 9.3166e-15   5015.82 1 
  4884.62 9.3591e-15   5018.57 1 
  4887.30 9.2913e-15   5021.32 1 
  4889.98 9.1425e-15   5024.07 1 
  4892.65 9.0573e-15   5026.82 1 
  4895.33 9.2238e-15   5029.57 1 
  4898.01 9.7625e-15   5032.32 1 
  4900.68 9.8031e-15   5035.07 1 
  4903.36 1.0024e-14   5037.82 1 
  4906.04 1.0120e-14   5040.57 1 
  4908.71 1.0300e-14   5043.32 1 
  4911.39 9.8638e-15   5046.07 1 
  4914.07 9.7393e-15   5048.82 1 
  4916.74 9.7812e-15   5051.57 1 
  4919.42 9.4909e-15   5054.32 1 
  4922.10 9.4236e-15   5057.07 1 
  4924.77 9.3161e-15   5059.82 1 
  4927.45 9.9934e-15   5062.57 1 
  4930.13 9.9954e-15   5065.32 1 
  4932.80 9.9997e-15   5068.07 1 
  4935.48 9.8302e-15   5070.82 1 
  4938.16 9.6178e-15   5073.57 1 
  4940.83 9.5584e-15   5076.32 1 
  4943.51 9.9329e-15   5079.07 1 
  4946.19 1.0264e-14   5081.82 1 
  4948.86 1.0146e-14   5084.57 1 
  4951.54 1.0909e-14   5087.32 1 
  4954.22 1.0799e-14   5090.07 1 
  4956.89 1.1329e-14   5092.82 1 
  4959.57 1.0908e-14   5095.57 1 
  4962.25 1.0878e-14   5098.32 1 
  4964.92 1.0717e-14   5101.07 1 
  4967.60 1.0591e-14   5103.82 1 
  4970.27 1.0154e-14   5106.57 1 
  4972.95 1.0052e-14   5109.32 1 
  4975.63 1.0181e-14   5112.07 1 
  4978.30 9.9747e-15   5114.82 1 
  4980.98 9.7183e-15   5117.57 1 
  4983.66 9.4607e-15   5120.32 1 
  4986.33 9.6151e-15   5123.07 1 
  4989.01 9.6988e-15   5125.82 1 
  4991.69 1.0115e-14   5128.57 1 
  4994.36 1.0381e-14   5131.32 1 
  4997.04 1.0557e-14   5134.07 1 
  4999.72 1.0861e-14   5136.82 1 
  5002.39 1.1701e-14   5139.57 1 
  5005.07 1.3214e-14   5142.32 1 
  5007.75 1.3837e-14   5145.07 1 
  5010.42 1.2846e-14   5147.82 1 
  5013.10 1.1405e-14   5150.57 1 
  5015.78 1.0424e-14   5153.32 1 
  5018.45 9.5489e-15   5156.07 1 
  5021.13 9.3030e-15   5158.82 1 
  5023.81 9.5107e-15   5161.57 1 
  5026.48 9.2190e-15   5164.32 1 
  5029.16 9.4551e-15   5167.07 1 
  5031.84 9.6706e-15   5169.82 1 
  5034.51 9.9621e-15   5172.57 1 
  5037.19 1.0158e-14   5175.32 1 
  5039.87 1.0158e-14   5178.07 1 
  5042.54 9.8915e-15   5180.82 1 
  5045.22 1.0003e-14   5183.57 1 
  5047.90 9.5229e-15   5186.32 1 
  5050.57 9.7171e-15   5189.07 1 
  5053.25 9.7923e-15   5191.82 1 
  5055.93 9.8927e-15   5194.57 1 
  5058.60 1.0132e-14   5197.32 1 
  5061.28 1.0329e-14   5200.07 1 
  5063.96 1.0224e-14   5202.82 1 
  5066.63 9.9321e-15   5205.57 1 
  5069.31 9.6007e-15   5208.32 1 
  5071.99 9.9023e-15   5211.07 1 
  5074.66 9.9112e-15   5213.82 1 
  5077.34 9.5950e-15   5216.57 1 
  5080.02 9.5034e-15   5219.32 1 
  5082.69 9.3639e-15   5222.07 1 
  5085.37 9.6551e-15   5224.82 1 
  5088.05 9.9338e-15   5227.57 1 
  5090.72 9.9292e-15   5230.32 1 
  5093.40 9.7277e-15   5233.07 1 
  5096.08 9.9495e-15   5235.82 1 
  5098.75 9.7486e-15   5238.57 1 
  5101.43 9.4669e-15   5241.32 1 
  5104.11 9.5631e-15   5244.07 1 
  5106.78 9.5222e-15   5246.82 1 
  5109.46 9.3440e-15   5249.57 1 
  5112.13 9.4581e-15   5252.32 1 
  5114.81 9.6314e-15   5255.07 1 
  5117.49 9.8122e-15   5257.82 1 
  5120.16 9.8893e-15   5260.57 1 
  5122.84 9.8120e-15   5263.32 1 
  5125.52 9.7812e-15   5266.07 1 
  5128.19 9.5742e-15   5268.82 1 
  5130.87 9.3457e-15   5271.57 1 
  5133.55 8.8523e-15   5274.32 1 
  5136.22 9.7157e-15   5277.07 1 
  5138.90 9.6216e-15   5279.82 1 
  5141.58 9.2320e-15   5282.57 1 
  5144.25 9.2068e-15   5285.32 1 
  5146.93 9.2914e-15   5288.07 1 
  5149.61 8.9985e-15   5290.82 1 
  5152.28 9.5306e-15   5293.57 1 
  5154.96 9.7116e-15   5296.32 1 
  5157.64 9.4094e-15   5299.07 1 
  5160.31 9.5191e-15   5301.82 1 
  5162.99 9.7153e-15   5304.57 1 
  5165.67 9.3767e-15   5307.32 1 
  5168.34 8.5147e-15   5310.07 1 
  5171.02 7.9679e-15   5312.82 1 
  5173.70 7.8444e-15   5315.57 1 
  5176.37 8.0383e-15   5318.32 1 
  5179.05 8.8272e-15   5321.07 1 
  5181.73 8.9284e-15   5323.82 1 
  5184.40 8.5591e-15   5326.57 1 
  5187.08 8.6275e-15   5329.32 1 
  5189.76 8.9650e-15   5332.07 1 
  5192.43 9.7086e-15   5334.82 1 
  5195.11 9.1464e-15   5337.57 1 
  5197.79 9.2876e-15   5340.32 1 
  5200.46 9.9396e-15   5343.07 1 
  5203.14 9.8035e-15   5345.82 1 
  5205.82 9.7357e-15   5348.57 1 
  5208.49 9.4670e-15   5351.32 1 
  5211.17 9.2832e-15   5354.07 1 
  5213.85 9.0544e-15   5356.82 1 
  5216.52 9.4520e-15   5359.57 1 
  5219.20 9.9117e-15   5362.32 1 
  5221.88 9.7899e-15   5365.07 1 
  5224.55 9.4297e-15   5367.82 1 
  5227.23 9.3308e-15   5370.57 1 
  5229.91 9.4117e-15   5373.32 1 
  5232.58 9.6987e-15   5376.07 1 
  5235.26 9.7922e-15   5378.82 1 
  5237.94 1.0051e-14   5381.57 1 
  5240.61 9.7738e-15   5384.32 1 
  5243.29 1.0274e-14   5387.07 1 
  5245.96 1.0102e-14   5389.82 1 
  5248.64 9.7084e-15   5392.57 1 
  5251.32 9.6990e-15   5395.32 1 
  5253.99 9.9135e-15   5398.07 1 
  5256.67 9.8731e-15   5400.82 1 
  5259.35 9.4473e-15   5403.57 1 
  5262.02 9.7915e-15   5406.32 1 
  5264.70 9.6009e-15   5409.07 1 
  5267.38 9.0195e-15   5411.82 1 
  5270.05 8.9850e-15   5414.57 1 
  5272.73 9.0912e-15   5417.32 1 
  5275.41 9.0200e-15   5420.07 1 
  5278.08 9.4706e-15   5422.82 1 
  5280.76 9.7410e-15   5425.57 1 
  5283.44 9.7563e-15   5428.32 1 
  5286.11 1.0063e-14   5431.07 1 
  5288.79 1.0496e-14   5433.82 1 
  5291.47 1.0320e-14   5436.57 1 
  5294.14 1.0230e-14   5439.32 1 
  5296.82 1.0135e-14   5442.07 1 
  5299.50 9.8259e-15   5444.82 1 
  5302.17 1.0337e-14   5447.57 1 
  5304.85 1.0295e-14   5450.32 1 
  5307.53 1.0511e-14   5453.07 1 
  5310.20 1.0947e-14   5455.82 1 
  5312.88 1.1178e-14   5458.57 1 
  5315.56 1.1177e-14   5461.32 1 
  5318.23 1.0456e-14   5464.07 1 
  5320.91 1.0246e-14   5466.82 1 
  5323.59 1.0508e-14   5469.57 1 
  5326.26 1.0165e-14   5472.32 1 
  5328.94 9.5719e-15   5475.07 1 
  5331.62 9.7167e-15   5477.82 1 
  5334.29 9.7488e-15   5480.57 1 
  5336.97 1.0026e-14   5483.32 1 
  5339.65 1.0089e-14   5486.07 1 
  5342.32 1.0191e-14   5488.82 1 
  5345.00 1.0299e-14   5491.57 1 
  5347.68 9.9953e-15   5494.32 1 
  5350.35 1.0239e-14   5497.07 1 
  5353.03 1.0377e-14   5499.82 1 
  5355.71 1.0599e-14   5502.57 1 
  5358.38 1.0581e-14   5505.32 1 
  5361.06 1.0737e-14   5508.07 1 
  5363.74 1.0548e-14   5510.82 1 
  5366.41 1.0344e-14   5513.57 1 
  5369.09 1.0396e-14   5516.32 1 
  5371.77 1.0350e-14   5519.07 1 
  5374.44 1.0151e-14   5521.82 1 
  5377.12 1.0009e-14   5524.57 1 
  5379.80 1.0213e-14   5527.32 1 
  5382.47 1.0338e-14   5530.07 1 
  5385.15 1.0205e-14   5532.82 1 
  5387.82 1.0510e-14   5535.57 1 
  5390.50 1.0285e-14   5538.32 1 
  5393.18 1.0218e-14   5541.07 1 
  5395.85 1.0179e-14   5543.82 1 
  5398.53 9.9271e-15   5546.57 1 
  5401.21 9.6906e-15   5549.32 1 
  5403.88 9.4456e-15   5552.07 1 
  5406.56 9.1634e-15   5554.82 1 
  5409.24 9.5472e-15   5557.57 1 
  5411.91 9.6489e-15   5560.32 1 
  5414.59 9.6800e-15   5563.07 1 
  5417.27 1.0131e-14   5565.82 1 
  5419.94 9.6329e-15   5568.57 1 
  5422.62 1.0470e-14   5571.32 1 
  5425.30 9.9919e-15   5574.07 1 
  5427.97 1.0188e-14   5576.82 1 
  5430.65 1.0306e-14   5579.57 1 
  5433.33 9.6047e-15   5582.32 1 
  5436.00 1.0019e-14   5585.07 1 
  5438.68 1.0004e-14   5587.82 1 
  5441.36 1.0180e-14   5590.57 1 
  5444.03 1.0217e-14   5593.32 1 
  5446.71 1.0262e-14   5596.07 1 
  5449.39 1.0076e-14   5598.82 1 
  5452.06 1.0203e-14   5601.57 1 
  5454.74 9.9215e-15   5604.32 1 
  5457.42 1.0159e-14   5607.07 1 
  5460.09 1.0138e-14   5609.82 1 
  5462.77 9.9471e-15   5612.57 1 
  5465.45 1.0231e-14   5615.32 1 
  5468.12 1.0241e-14   5618.07 1 
  5470.80 1.0183e-14   5620.82 1 
  5473.48 9.9315e-15   5623.57 1 
  5476.15 1.0203e-14   5626.32 1 
  5478.83 9.6398e-15   5629.07 1 
  5481.51 9.7555e-15   5631.82 1 
  5484.18 1.0030e-14   5634.57 1 
  5486.86 9.9591e-15   5637.32 1 
  5489.54 1.0231e-14   5640.07 1 
  5492.21 1.0102e-14   5642.82 1 
  5494.89 1.0542e-14   5645.57 1 
  5497.57 1.0073e-14   5648.32 1 
  5500.24 1.0000e-14   5651.07 1 
  5502.92 1.0015e-14   5653.82 1 
  5505.60 9.8972e-15   5656.57 1 
  5508.27 1.0022e-14   5659.32 1 
  5510.95 1.0137e-14   5662.07 1 
  5513.63 9.8982e-15   5664.82 1 
  5516.30 1.0277e-14   5667.57 1 
  5518.98 1.0297e-14   5670.32 1 
  5521.66 1.0420e-14   5673.07 1 
  5524.33 1.0381e-14   5675.82 1 
  5527.01 9.9516e-15   5678.57 1 
  5529.68 9.8063e-15   5681.32 1 
  5532.36 1.0086e-14   5684.07 1 
  5535.04 1.0056e-14   5686.82 1 
  5537.71 1.0297e-14   5689.57 1 
  5540.39 1.0263e-14   5692.32 1 
  5543.07 1.0150e-14   5695.07 1 
  5545.74 1.0248e-14   5697.82 1 
  5548.42 9.9281e-15   5700.57 1 
  5551.10 1.0213e-14   5703.32 1 
  5553.77 1.0448e-14   5706.07 1 
  5556.45 1.0331e-14   5708.82 1 
  5559.13 1.0439e-14   5711.57 1 
  5561.80 1.0354e-14   5714.32 1 
  5564.48 1.0611e-14   5717.07 1 
  5567.16 1.0363e-14   5719.82 1 
  5569.83 1.0280e-14   5722.57 1 
  5572.51 1.0483e-14   5725.32 1 
  5575.19 1.0286e-14   5728.07 1 
  5577.86 9.9444e-15   5730.82 1 
  5580.54 1.0293e-14   5733.57 1 
  5583.22 1.0275e-14   5736.32 1 
  5585.89 1.0237e-14   5739.07 1 
  5588.57 9.7539e-15   5741.82 1 
  5591.25 9.8028e-15   5744.57 1 
  5593.92 9.7639e-15   5747.32 1 
  5596.60 9.7837e-15   5750.07 1 
  5599.28 9.5734e-15   5752.82 1 
  5601.95 9.6364e-15   5755.57 1 
  5604.63 1.0107e-14   5758.32 1 
  5607.31 1.0272e-14   5761.07 1 
  5609.98 1.0561e-14   5763.82 1 
  5612.66 1.0721e-14   5766.57 1 
  5615.34 1.0558e-14   5769.32 1 
  5618.01 9.7569e-15   5772.07 1 
  5620.69 1.0192e-14   5774.82 1 
  5623.37 1.0128e-14   5777.57 1 
  5626.04 9.7248e-15   5780.32 1 
  5628.72 9.6692e-15   5783.07 1 
  5631.40 1.0182e-14   5785.82 1 
  5634.07 1.0222e-14   5788.57 1 
  5636.75 1.0543e-14   5791.32 1 
  5639.43 1.0330e-14   5794.07 1 
  5642.10 9.7813e-15   5796.82 1 
  5644.78 1.0045e-14   5799.57 1 
  5647.46 1.0038e-14   5802.32 1 
  5650.13 1.0540e-14   5805.07 1 
  5652.81 9.8592e-15   5807.82 1 
  5655.49 1.0160e-14   5810.57 1 
  5658.16 1.0084e-14   5813.32 1 
  5660.84 9.5718e-15   5816.07 1 
  5663.51 9.5354e-15   5818.82 1 
  5666.19 9.9219e-15   5821.57 1 
  5668.87 9.9850e-15   5824.32 1 
  5671.54 9.8315e-15   5827.07 1 
  5674.22 1.0358e-14   5829.82 1 
  5676.90 1.0605e-14   5832.57 1 
  5679.57 1.0462e-14   5835.32 1 
  5682.25 1.0117e-14   5838.07 1 
  5684.93 1.0367e-14   5840.82 1 
  5687.60 1.0385e-14   5843.57 1 
  5690.28 9.9010e-15   5846.32 1 
  5692.96 1.0072e-14   5849.07 1 
  5695.63 1.0341e-14   5851.82 1 
  5698.31 1.0367e-14   5854.57 1 
  5700.99 1.0252e-14   5857.32 1 
  5703.66 1.0579e-14   5860.07 1 
  5706.34 9.3893e-15   5862.82 1 
  5709.02 9.7132e-15   5865.57 1 
  5711.69 9.6221e-15   5868.32 1 
  5714.37 1.0038e-14   5871.07 1 
  5717.05 9.7951e-15   5873.82 1 
  5719.72 9.8929e-15   5876.57 1 
  5722.40 1.0364e-14   5879.32 1 
  5725.08 1.0237e-14   5882.07 1 
  5727.75 1.0318e-14   5884.82 1 
  5730.43 1.0496e-14   5887.57 1 
  5733.11 1.0581e-14   5890.32 1 
  5735.78 9.9374e-15   5893.07 1 
  5738.46 1.0081e-14   5895.82 1 
  5741.14 1.0474e-14   5898.57 1 
  5743.81 1.0325e-14   5901.32 1 
  5746.49 1.0445e-14   5904.07 1 
  5749.17 1.0367e-14   5906.82 1 
  5751.84 1.0195e-14   5909.57 1 
  5754.52 1.0594e-14   5912.32 1 
  5757.20 1.0576e-14   5915.07 1 
  5759.87 1.0156e-14   5917.82 1 
  5762.55 9.8120e-15   5920.57 1 
  5765.23 9.9421e-15   5923.32 1 
  5767.90 1.0100e-14   5926.07 1 
  5770.58 1.0004e-14   5928.82 1 
  5773.26 1.0359e-14   5931.57 1 
  5775.93 1.0840e-14   5934.32 1 
  5778.61 1.0116e-14   5937.07 1 
  5781.29 1.0196e-14   5939.82 1 
  5783.96 9.5996e-15   5942.57 1 
  5786.64 9.2229e-15   5945.32 1 
  5789.32 9.5302e-15   5948.07 1 
  5791.99 9.7149e-15   5950.82 1 
  5794.67 9.6274e-15   5953.57 1 
  5797.35 9.8243e-15   5956.32 1 
  5800.02 9.9921e-15   5959.07 1 
  5802.70 1.0146e-14   5961.82 1 
  5805.37 1.0386e-14   5964.57 1 
  5808.05 1.0433e-14   5967.32 1 
  5810.73 1.0893e-14   5970.07 1 
  5813.40 1.0432e-14   5972.82 1 
  5816.08 1.0273e-14   5975.57 1 
  5818.76 1.0362e-14   5978.32 1 
  5821.43 1.0215e-14   5981.07 1 
  5824.11 1.0307e-14   5983.82 1 
  5826.79 1.0045e-14   5986.57 1 
  5829.46 1.0418e-14   5989.32 1 
  5832.14 1.0003e-14   5992.07 1 
  5834.82 1.0253e-14   5994.82 1 
  5837.49 1.0773e-14   5997.57 1 
  5840.17 1.0340e-14   6000.32 1 
  5842.85 1.0565e-14   6003.07 1 
  5845.52 1.0563e-14   6005.82 1 
  5848.20 1.0126e-14   6008.57 1 
  5850.88 1.0325e-14   6011.32 1 
  5853.55 1.0012e-14   6014.07 1 
  5856.23 9.6626e-15   6016.82 1 
  5858.91 9.6883e-15   6019.57 1 
  5861.58 9.9540e-15   6022.32 1 
  5864.26 9.8829e-15   6025.07 1 
  5866.94 9.9985e-15   6027.82 1 
  5869.61 9.8798e-15   6030.57 1 
  5872.29 9.9872e-15   6033.32 1 
  5874.97 1.0252e-14   6036.07 1 
  5877.64 1.0285e-14   6038.82 1 
  5880.32 1.0105e-14   6041.57 1 
  5883.00 1.0022e-14   6044.32 1 
  5885.67 9.3385e-15   6047.07 1 
  5888.35 8.6361e-15   6049.82 1 
  5891.03 8.2664e-15   6052.57 1 
  5893.70 8.2010e-15   6055.32 1 
  5896.38 8.2217e-15   6058.07 1 
  5899.06 8.3935e-15   6060.82 1 
  5901.73 8.9408e-15   6063.57 1 
  5904.41 9.4170e-15   6066.32 1 
  5907.09 9.7501e-15   6069.07 1 
  5909.76 9.6939e-15   6071.82 1 
  5912.44 9.8128e-15   6074.57 1 
  5915.12 1.0160e-14   6077.32 1 
  5917.79 9.7595e-15   6080.07 1 
  5920.47 9.7282e-15   6082.82 1 
  5923.15 1.0243e-14   6085.57 1 
  5925.82 1.0367e-14   6088.32 1 
  5928.50 1.0212e-14   6091.07 1 
  5931.18 1.0133e-14   6093.82 1 
  5933.85 1.0276e-14   6096.57 1 
  5936.53 1.0227e-14   6099.32 1 
  5939.20 1.0343e-14   6102.07 1 
  5941.88 1.0296e-14   6104.82 1 
  5944.56 1.0383e-14   6107.57 1 
  5947.23 1.0307e-14   6110.32 1 
  5949.91 9.9070e-15   6113.07 1 
  5952.59 9.7235e-15   6115.82 1 
  5955.26 9.8734e-15   6118.57 1 
  5957.94 1.0283e-14   6121.32 1 
  5960.62 1.0282e-14   6124.07 1 
  5963.29 1.0316e-14   6126.82 1 
  5965.97 1.0062e-14   6129.57 1 
  5968.65 9.8822e-15   6132.32 1 
  5971.32 1.0101e-14   6135.07 1 
  5974.00 1.0227e-14   6137.82 1 
  5976.68 1.0184e-14   6140.57 1 
  5979.35 1.0148e-14   6143.32 1 
  5982.03 9.9416e-15   6146.07 1 
  5984.71 1.0248e-14   6148.82 1 
  5987.38 1.0589e-14   6151.57 1 
  5990.06 1.0619e-14   6154.32 1 
  5992.74 1.0301e-14   6157.07 1 
  5995.41 9.9363e-15   6159.82 1 
  5998.09 1.0216e-14   6162.57 1 
  6000.77 1.0050e-14   6165.32 1 
  6003.44 1.0014e-14   6168.07 1 
  6006.12 1.0081e-14   6170.82 1 
  6008.80 1.0105e-14   6173.57 1 
  6011.47 1.0102e-14   6176.32 1 
  6014.15 9.8614e-15   6179.07 1 
  6016.83 9.8540e-15   6181.82 1 
  6019.50 9.8754e-15   6184.57 1 
  6022.18 9.8518e-15   6187.32 1 
  6024.86 9.5916e-15   6190.07 1 
  6027.53 1.0104e-14   6192.82 1 
  6030.21 1.0282e-14   6195.57 1 
  6032.89 1.0098e-14   6198.32 1 
  6035.56 9.9768e-15   6201.07 1 
  6038.24 1.0299e-14   6203.82 1 
  6040.92 1.0063e-14   6206.57 1 
  6043.59 9.9903e-15   6209.32 1 
  6046.27 1.0163e-14   6212.07 1 
  6048.95 1.0806e-14   6214.82 1 
  6051.62 9.9965e-15   6217.57 1 
  6054.30 1.0141e-14   6220.32 1 
  6056.98 1.0219e-14   6223.07 1 
  6059.65 1.0364e-14   6225.82 1 
  6062.33 1.0403e-14   6228.57 1 
  6065.01 1.0111e-14   6231.32 1 
  6067.68 1.0079e-14   6234.07 1 
  6070.36 1.0604e-14   6236.82 1 
  6073.04 1.0115e-14   6239.57 1 
  6075.71 1.0343e-14   6242.32 1 
  6078.39 9.9363e-15   6245.07 1 
  6081.06 9.9314e-15   6247.82 1 
  6083.74 1.0243e-14   6250.57 1 
  6086.42 1.0548e-14   6253.32 1 
  6089.09 1.0053e-14   6256.07 1 
  6091.77 9.8257e-15   6258.82 1 
  6094.45 9.6855e-15   6261.57 1 
  6097.12 9.7657e-15   6264.32 1 
  6099.80 9.7374e-15   6267.07 1 
  6102.48 9.6981e-15   6269.82 1 
  6105.15 9.9982e-15   6272.57 1 
  6107.83 1.0015e-14   6275.32 1 
  6110.51 1.0118e-14   6278.07 1 
  6113.18 1.0103e-14   6280.82 1 
  6115.86 1.0492e-14   6283.57 1 
  6118.54 1.0127e-14   6286.32 1 
  6121.21 1.0460e-14   6289.07 1 
  6123.89 1.0258e-14   6291.82 1 
  6126.57 9.9981e-15   6294.57 1 
  6129.24 1.0282e-14   6297.32 1 
  6131.92 1.0278e-14   6300.07 1 
  6134.60 1.0066e-14   6302.82 1 
  6137.27 9.4766e-15   6305.57 1 
  6139.95 9.5021e-15   6308.32 1 
  6142.63 1.0352e-14   6311.07 1 
  6145.30 9.8793e-15   6313.82 1 
  6147.98 1.0055e-14   6316.57 1 
  6150.66 9.9822e-15   6319.32 1 
  6153.33 1.0143e-14   6322.07 1 
  6156.01 1.0090e-14   6324.82 1 
  6158.69 9.9671e-15   6327.57 1 
  6161.36 9.7309e-15   6330.32 1 
  6164.04 9.4572e-15   6333.07 1 
  6166.72 8.9887e-15   6335.82 1 
  6169.39 9.4292e-15   6338.57 1 
  6172.07 9.4751e-15   6341.32 1 
  6174.75 9.4924e-15   6344.07 1 
  6177.42 9.3555e-15   6346.82 1 
  6180.10 9.4709e-15   6349.57 1 
  6182.78 9.9647e-15   6352.32 1 
  6185.45 1.0201e-14   6355.07 1 
  6188.13 9.9564e-15   6357.82 1 
  6190.81 9.8881e-15   6360.57 1 
  6193.48 9.5849e-15   6363.32 1 
  6196.16 9.7591e-15   6366.07 1 
  6198.84 9.9572e-15   6368.82 1 
  6201.51 9.6909e-15   6371.57 1 
  6204.19 9.9505e-15   6374.32 1 
  6206.87 1.0241e-14   6377.07 1 
  6209.54 9.9307e-15   6379.82 1 
  6212.22 9.8855e-15   6382.57 1 
  6214.89 9.8674e-15   6385.32 1 
  6217.57 9.8462e-15   6388.07 1 
  6220.25 9.5008e-15   6390.82 1 
  6222.92 9.6525e-15   6393.57 1 
  6225.60 9.7552e-15   6396.32 1 
  6228.28 9.4316e-15   6399.07 1 
  6230.95 9.2873e-15   6401.82 1 
  6233.63 9.2764e-15   6404.57 1 
  6236.31 9.6930e-15   6407.32 1 
  6238.98 9.5911e-15   6410.07 1 
  6241.66 9.5388e-15   6412.82 1 
  6244.34 9.2929e-15   6415.57 1 
  6247.01 9.3623e-15   6418.32 1 
  6249.69 9.5691e-15   6421.07 1 
  6252.37 9.2268e-15   6423.82 1 
  6255.04 8.9772e-15   6426.57 1 
  6257.72 8.7723e-15   6429.32 1 
  6260.40 9.3112e-15   6432.07 1 
  6263.07 9.6262e-15   6434.82 1 
  6265.75 9.3013e-15   6437.57 1 
  6268.43 9.6263e-15   6440.32 1 
  6271.10 9.6704e-15   6443.07 1 
  6273.78 9.5765e-15   6445.82 1 
  6276.46 9.5112e-15   6448.57 1 
  6279.13 9.8288e-15   6451.32 1 
  6281.81 9.9605e-15   6454.07 1 
  6284.49 9.5335e-15   6456.82 1 
  6287.16 9.7145e-15   6459.57 1 
  6289.84 9.9144e-15   6462.32 1 
  6292.52 1.0054e-14   6465.07 1 
  6295.19 9.6601e-15   6467.82 1 
  6297.87 1.0543e-14   6470.57 1 
  6300.55 1.0196e-14   6473.32 1 
  6303.22 1.0176e-14   6476.07 1 
  6305.90 1.0438e-14   6478.82 1 
  6308.58 9.5867e-15   6481.57 1 
  6311.25 9.7089e-15   6484.32 1 
  6313.93 9.2048e-15   6487.07 1 
  6316.61 9.4285e-15   6489.82 1 
  6319.28 9.9864e-15   6492.57 1 
  6321.96 9.3002e-15   6495.32 1 
  6324.64 1.0003e-14   6498.07 1 
  6327.31 9.8518e-15   6500.82 1 
  6329.99 9.4003e-15   6503.57 1 
  6332.67 9.3977e-15   6506.32 1 
  6335.34 9.7198e-15   6509.07 1 
  6338.02 9.4921e-15   6511.82 1 
  6340.70 9.6405e-15   6514.57 1 
  6343.37 9.7072e-15   6517.32 1 
  6346.05 9.2176e-15   6520.07 1 
  6348.73 9.2380e-15   6522.82 1 
  6351.40 9.5376e-15   6525.57 1 
  6354.08 9.3382e-15   6528.32 1 
  6356.75 9.8647e-15   6531.07 1 
  6359.43 1.0280e-14   6533.82 1 
  6362.11 9.6745e-15   6536.57 1 
  6364.78 9.7060e-15   6539.32 1 
  6367.46 9.6031e-15   6542.07 1 
  6370.14 9.7341e-15   6544.82 1 
  6372.81 9.7123e-15   6547.57 1 
  6375.49 9.9836e-15   6550.32 1 
  6378.17 1.0203e-14   6553.07 1 
  6380.84 9.9153e-15   6555.82 1 
  6383.52 9.4485e-15   6558.57 1 
  6386.20 9.3042e-15   6561.32 1 
  6388.87 9.3421e-15   6564.07 1 
  6391.55 9.7570e-15   6566.82 1 
  6394.23 9.9694e-15   6569.57 1 
  6396.90 9.8705e-15   6572.32 1 
  6399.58 9.7807e-15   6575.07 1 
  6402.26 1.0475e-14   6577.82 1 
  6404.93 9.8839e-15   6580.57 1 
  6407.61 9.6366e-15   6583.32 1 
  6410.29 9.4602e-15   6586.07 1 
  6412.96 9.3948e-15   6588.82 1 
  6415.64 9.3911e-15   6591.57 1 
  6418.32 9.5779e-15   6594.32 1 
  6420.99 9.9184e-15   6597.07 1 
  6423.67 1.0166e-14   6599.82 1 
  6426.35 9.9356e-15   6602.57 1 
  6429.02 1.0049e-14   6605.32 1 
  6431.70 9.9024e-15   6608.07 1 
  6434.38 9.3680e-15   6610.82 1 
  6437.05 9.6141e-15   6613.57 1 
  6439.73 9.9378e-15   6616.32 1 
  6442.41 9.6908e-15   6619.07 1 
  6445.08 9.6908e-15   6621.82 1 
  6447.76 9.9326e-15   6624.57 1 
  6450.44 9.9042e-15   6627.32 1 
  6453.11 9.6735e-15   6630.07 1 
  6455.79 9.4546e-15   6632.82 1 
  6458.47 9.8170e-15   6635.57 1 
  6461.14 9.9286e-15   6638.32 1 
  6463.82 9.9175e-15   6641.07 1 
  6466.50 9.7935e-15   6643.82 1 
  6469.17 9.7130e-15   6646.57 1 
  6471.85 9.8349e-15   6649.32 1 
  6474.53 9.8570e-15   6652.07 1 
  6477.20 9.9663e-15   6654.82 1 
  6479.88 9.8522e-15   6657.57 1 
  6482.56 9.7209e-15   6660.32 1 
  6485.23 1.0039e-14   6663.07 1 
  6487.91 9.4589e-15   6665.82 1 
  6490.59 9.2452e-15   6668.57 1 
  6493.26 8.9185e-15   6671.32 1 
  6495.94 9.0537e-15   6674.07 1 
  6498.61 9.2783e-15   6676.82 1 
  6501.29 9.2422e-15   6679.57 1 
  6503.97 9.5925e-15   6682.32 1 
  6506.64 9.3483e-15   6685.07 1 
  6509.32 9.7372e-15   6687.82 1 
  6512.00 9.8772e-15   6690.57 1 
  6514.67 1.0161e-14   6693.32 1 
  6517.35 1.0310e-14   6696.07 1 
  6520.03 9.6047e-15   6698.82 1 
  6522.70 1.0053e-14   6701.57 1 
  6525.38 9.7962e-15   6704.32 1 
  6528.06 1.0083e-14   6707.07 1 
  6530.73 9.8787e-15   6709.82 1 
  6533.41 9.7876e-15   6712.57 1 
  6536.09 9.9320e-15   6715.32 1 
  6538.76 1.0122e-14   6718.07 1 
  6541.44 1.0430e-14   6720.82 1 
  6544.12 1.1588e-14   6723.57 1 
  6546.79 1.2772e-14   6726.32 1 
  6549.47 1.3600e-14   6729.07 1 
  6552.15 1.3671e-14   6731.82 1 
  6554.82 1.3253e-14   6734.57 1 
  6557.50 1.3724e-14   6737.32 1 
  6560.18 1.7551e-14   6740.07 1 
  6562.85 2.3129e-14   6742.82 1 
  6565.53 2.4588e-14   6745.57 1 
  6568.21 2.0987e-14   6748.32 1 
  6570.88 1.5967e-14   6751.07 1 
  6573.56 1.2561e-14   6753.82 1 
  6576.24 1.2206e-14   6756.57 1 
  6578.91 1.4129e-14   6759.32 1 
  6581.59 1.7598e-14   6762.07 1 
  6584.27 2.0497e-14   6764.82 1 
  6586.94 2.0776e-14   6767.57 1 
  6589.62 1.7943e-14   6770.32 1 
  6592.30 1.3864e-14   6773.07 1 
  6594.97 1.1039e-14   6775.82 1 
  6597.65 1.0059e-14   6778.57 1 
  6600.33 9.8542e-15   6781.32 1 
  6603.00 9.8962e-15   6784.07 1 
  6605.68 9.6072e-15   6786.82 1 
  6608.36 9.6130e-15   6789.57 1 
  6611.03 9.5326e-15   6792.32 1 
  6613.71 9.6207e-15   6795.07 1 
  6616.39 9.6976e-15   6797.82 1 
  6619.06 9.6183e-15   6800.57 1 
  6621.74 9.9700e-15   6803.32 1 
  6624.42 9.6590e-15   6806.07 1 
  6627.09 9.7417e-15   6808.82 1 
  6629.77 9.8813e-15   6811.57 1 
  6632.44 9.6655e-15   6814.32 1 
  6635.12 9.6453e-15   6817.07 1 
  6637.80 9.4260e-15   6819.82 1 
  6640.47 9.1780e-15   6822.57 1 
  6643.15 9.4358e-15   6825.32 1 
  6645.83 9.6715e-15   6828.07 1 
  6656.58 9.8006e-15   6839.12 0 
  6671.92 9.5533e-15   6854.88 0 
  6687.30 9.5292e-15   6870.68 0 
  6702.72 9.5271e-15   6886.52 0 
  6718.17 9.6131e-15   6902.40 0 
  6733.66 9.5447e-15   6918.31 0 
  6749.18 9.4987e-15   6934.26 0 
  6764.74 9.6509e-15   6950.24 0 
  6780.33 9.6487e-15   6966.26 0 
  6795.97 9.6243e-15   6982.33 0 
  6811.63 9.6000e-15   6998.42 0 
  6827.33 9.5978e-15   7014.55 0 
  6843.07 9.6621e-15   7030.72 0 
  6858.85 9.5273e-15   7046.93 0 
  6874.66 9.5032e-15   7063.18 0 
  6890.50 9.3061e-15   7079.46 0 
  6906.39 9.4770e-15   7095.78 0 
  6922.31 9.4748e-15   7112.14 0 
  6938.27 9.6486e-15   7128.53 0 
  6954.26 9.6021e-15   7144.96 0 
  6970.30 9.6886e-15   7161.43 0 
  6986.36 9.2504e-15   7177.94 0 
  7002.47 9.6618e-15   7194.49 0 
  7018.61 9.5930e-15   7211.08 0 
  7034.79 9.5247e-15   7227.70 0 
  7051.01 9.8344e-15   7244.36 0 
  7067.26 9.3249e-15   7261.06 0 
  7083.55 9.5619e-15   7277.80 0 
  7099.88 9.1926e-15   7294.57 0 
  7116.25 9.1693e-15   7311.39 0 
  7132.65 9.1671e-15   7328.25 0 
  7149.10 9.2284e-15   7345.14 0 
  7165.58 9.2474e-15   7362.07 0 
  7182.10 9.0347e-15   7379.04 0 
  7198.65 8.7259e-15   7396.05 0 
  7215.24 8.7238e-15   7413.10 0 
  7231.88 9.2172e-15   7430.19 0 
  7248.55 9.1726e-15   7447.32 0 
  7265.26 9.4707e-15   7464.49 0 
  7282.01 9.1681e-15   7481.70 0 
  7298.79 8.8139e-15   7498.94 0 
  7315.62 9.2271e-15   7516.23 0 
  7332.49 9.2887e-15   7533.56 0 
  7349.39 9.7465e-15   7550.92 0 
  7366.33 9.5442e-15   7568.33 0 
  7383.31 9.6523e-15   7585.78 0 
  7400.33 9.5394e-15   7603.26 0 
  7417.39 9.4278e-15   7620.79 0 
  7434.49 9.8017e-15   7638.36 0 
  7451.63 9.4884e-15   7655.97 0 
  7468.81 9.3343e-15   7673.61 0 
  7486.02 9.7269e-15   7691.30 0 
  7503.28 9.4376e-15   7709.04 0 
  7520.58 9.6328e-15   7726.81 0 
  7537.91 9.6748e-15   7744.62 0 
  7555.29 9.7618e-15   7762.47 0 
  7572.71 9.6921e-15   7780.37 0 
  7590.16 9.7119e-15   7798.30 0 
  7607.66 9.4666e-15   7816.28 0 
  7625.20 9.3774e-15   7834.30 0 
  7642.78 9.4835e-15   7852.36 0 
  7660.39 9.3080e-15   7870.46 0 
  7678.05 9.1357e-15   7888.60 0 
  7695.75 9.2391e-15   7906.79 0 
  7713.49 9.1942e-15   7925.01 0 
  7731.28 9.1706e-15   7943.28 0 
  7749.10 9.1471e-15   7961.59 0 
  7766.96 9.1237e-15   7979.95 0 
  7784.87 8.9754e-15   7998.34 0 
  7802.81 9.1820e-15   8016.78 0 
  7820.80 9.2645e-15   8035.26 0 
  7838.83 9.0512e-15   8053.78 0 
  7856.90 9.2596e-15   8072.35 0 
  7875.01 9.3859e-15   8090.96 0 
  7893.16 9.2973e-15   8109.61 0 
  7911.36 9.1673e-15   8128.31 0 
  7929.60 9.0183e-15   8147.04 0 
  7947.88 8.8309e-15   8165.82 0 
  7966.20 8.9513e-15   8184.65 0 
  7984.56 9.1573e-15   8203.52 0 
  8002.97 8.9259e-15   8222.43 0 
  8021.42 9.1946e-15   8241.38 0 
  8039.91 9.2985e-15   8260.38 0 
  8058.44 9.1895e-15   8279.42 0 
  8077.02 9.0401e-15   8298.51 0 
  8095.64 9.1422e-15   8317.64 0 
  8114.30 9.1187e-15   8336.81 0 
  8133.01 9.2856e-15   8356.03 0 
  8151.76 9.0508e-15   8375.29 0 
  8170.55 8.3670e-15   8394.60 0 
  8189.38 8.7992e-15   8413.95 0 
  8208.26 8.6561e-15   8433.35 0 
  8227.18 9.1454e-15   8452.79 0 
  8246.15 9.2274e-15   8472.27 0 
  8265.16 8.9116e-15   8491.80 0 
  8284.21 8.7464e-15   8511.38 0 
  8303.31 8.8452e-15   8531.00 0 
  8322.45 9.0486e-15   8550.67 0 
  8341.64 8.7188e-15   8570.38 0 
  8360.86 9.1904e-15   8590.14 0 
  8380.14 9.0408e-15   8609.94 0 
  8399.46 8.8122e-15   8629.79 0 
  8418.82 9.0564e-15   8649.68 0 
  8438.23 9.1798e-15   8669.62 0 
  8457.68 8.7641e-15   8689.60 0 
  8477.18 8.4058e-15   8709.64 0 
  8496.72 9.0251e-15   8729.71 0 
  8516.30 8.9192e-15   8749.84 0 
  8535.94 8.8145e-15   8770.01 0 
  8555.61 7.6572e-15   8790.23 0 
  8575.33 9.0145e-15   8810.49 0 
  8595.11 8.8677e-15   8830.80 0 
  8614.92 8.7233e-15   8851.16 0 
  8634.78 9.0064e-15   8871.56 0 
  8654.68 8.8598e-15   8892.01 0 
  8674.63 7.1663e-15   8912.51 0 
  8694.63 8.6132e-15   8933.05 0 
  8714.67 8.8112e-15   8953.65 0 
  8734.76 9.0137e-15   8974.29 0 
  8754.90 8.6054e-15   8994.98 0 
  8775.08 8.6824e-15   9015.71 0 
  8795.31 9.0470e-15   9036.50 0 
  8815.59 8.0422e-15   9057.33 0 
  8835.91 8.7951e-15   9078.20 0 
  8856.28 8.7520e-15   9099.13 0 
  8876.69 7.9246e-15   9120.11 0 
  8897.15 8.6266e-15   9141.13 0 
  8917.66 8.7439e-15   9162.20 0 
  8938.22 8.5226e-15   9183.33 0 
  8958.83 8.5790e-15   9204.50 0 
  8979.48 8.3426e-15   9225.71 0 
  9000.18 7.3480e-15   9246.98 0 
  9020.93 7.6389e-15   9268.30 0 
  9041.72 8.8694e-15   9289.66 0 
  9062.57 9.0523e-15   9311.08 0 
  9083.46 8.8231e-15   9332.54 0 
  9104.39 8.5997e-15   9354.06 0 
  9125.38 8.6965e-15   9375.62 0 
  9146.42 7.8924e-15   9397.23 0 
  9167.50 8.2427e-15   9418.90 0 
  9188.64 8.6682e-15   9440.61 0 
  9209.82 8.6854e-15   9462.37 0 
  9231.05 8.4072e-15   9484.18 0 
  9252.33 8.2892e-15   9506.05 0 
  9273.66 8.5187e-15   9527.96 0 
  9295.04 8.2268e-15   9549.93 0 
  9316.46 8.6515e-15   9571.94 0 
  9337.94 8.6487e-15   9594.01 0 
  9359.47 8.6458e-15   9616.12 0 
  9381.04 8.6231e-15   9638.29 0 
  9402.67 8.4630e-15   9660.51 0 
  9424.35 8.6572e-15   9682.78 0 
  9446.07 8.5553e-15   9705.10 0 
  9467.84 8.6915e-15   9727.47 0 
  9489.67 8.6686e-15   9749.90 0 
  9511.55 8.4880e-15   9772.37 0 
  9533.47 8.4267e-15   9794.90 0 
  9555.45 8.0078e-15   9817.48 0 
  9577.48 8.4017e-15   9840.11 0 
  9599.55 8.5945e-15   9862.79 0 
  9621.68 8.5522e-15   9885.53 0 
  9643.87 8.4904e-15   9908.32 0 
  9666.10 8.4876e-15   9931.16 0 
  9688.38 8.5632e-15   9954.05 0 
  9710.71 8.4623e-15   9977.00 0 
  9733.10 8.4012e-15  10000.00 0 
  9755.53 8.3597e-15  10023.05 0 
  9778.02 8.3761e-15  10046.15 0 
  9800.56 8.2965e-15  10069.31 0 
  9823.16 8.3703e-15  10092.53 0 
  9845.81 8.3867e-15  10115.80 0 
  9868.50 8.3261e-15  10139.12 0 
  9891.25 8.3232e-15  10162.49 0 
  9914.05 8.2821e-15  10185.91 0 
  9936.90 8.3174e-15  10209.39 0 
  9959.82 8.3336e-15  10232.94 0 
  9982.78 8.2924e-15  10256.52 0 
 10028.85 8.1729e-15  10303.86 0 
 10075.14 8.0180e-15  10351.42 0 
 10121.65 8.2368e-15  10399.21 0 
 10168.37 8.1931e-15  10447.20 0 
 10215.30 8.2061e-15  10495.42 0 
 10286.11 8.2160e-15  10568.18 0 
 10309.82 8.1753e-15  10592.54 0 
 10501.49 7.9580e-15  10789.47 0 
 10696.73 7.6878e-15  10990.06 0 
 10895.59 7.3757e-15  11194.37 0 
 11098.17 7.1912e-15  11402.50 0 
 11304.50 7.0763e-15  11614.49 0 
 11488.18 7.0600e-15  11803.21 0 
 11701.76 6.8993e-15  12022.64 0 
 11891.89 6.6958e-15  12217.99 0 
 12112.98 6.6040e-15  12445.14 0 
 12309.81 6.5133e-15  12647.37 0 
 12509.83 6.3797e-15  12852.87 0 
 12713.10 6.2489e-15  13061.71 0 
 12889.95 6.1348e-15  13243.42 0 
 13099.40 6.0507e-15  13458.61 0 
 13312.24 5.8993e-15  13677.29 0 
 13497.44 5.8050e-15  13867.56 0 
 13685.19 5.7254e-15  14060.47 0 
 13907.57 5.5565e-15  14288.95 0 
 14101.03 5.3679e-15  14487.71 0 
 14297.20 5.2942e-15  14689.26 0 
 14496.09 5.3187e-15  14893.61 0 
 14697.76 5.1857e-15  15100.80 0 
 14902.22 5.2336e-15  15310.87 0 
 15109.54 5.2578e-15  15523.87 0 
 15284.50 5.3187e-15  15703.63 0 
 15497.13 5.3064e-15  15922.09 0 
 15712.72 5.2096e-15  16143.59 0 
 15894.65 5.0443e-15  16330.51 0 
 16115.77 5.0793e-15  16557.70 0 
 16302.38 5.0676e-15  16749.43 0 
 16491.16 4.9981e-15  16943.38 0 
 16682.12 4.9866e-15  17139.58 0 
 16914.18 4.9069e-15  17378.00 0 
 17110.04 4.8395e-15  17579.23 0 
 17308.17 4.6538e-15  17782.79 0 
 17508.59 4.5478e-15  17988.71 0 
 17711.34 4.3934e-15  18197.02 0 
 17916.41 4.2443e-15  18407.71 0 
 18082.20 4.0533e-15  18578.05 0 
 18291.58 3.9701e-15  18793.18 0 
 18503.37 3.8619e-15  19010.77 0 
 18717.64 3.6966e-15  19230.91 0 
 18890.84 3.6208e-15  19408.86 0 
 19109.59 3.5711e-15  19633.61 0 
 19286.40 3.4738e-15  19815.27 0 
 19509.73 3.3404e-15  20044.72 0 
 19690.26 3.2569e-15  20230.20 0 
 19918.24 3.1754e-15  20464.44 0 
 20102.55 3.1247e-15  20653.80 0 
 20288.55 3.0325e-15  20844.90 0 
 20523.48 3.0047e-15  21086.28 0 
 20713.39 2.9363e-15  21281.39 0 
 20905.04 2.8761e-15  21478.29 0 
 21098.48 2.8366e-15  21677.04 0 
 21293.71 2.7785e-15  21877.62 0 
 21490.72 2.7277e-15  22080.04 0 
 21689.58 2.6412e-15  22284.35 0 
 21890.28 2.6110e-15  22490.56 0 
 22092.82 2.5457e-15  22698.65 0 
 22297.25 2.4820e-15  22908.68 0 
 22503.55 2.4385e-15  23120.64 0 
 22711.78 2.3958e-15  23334.58 0 
 22921.94 2.1817e-15  23550.50 0 
 23080.81 2.1805e-15  23713.74 0 
 23294.39 1.9450e-15  23933.17 0 
 23509.91 1.8504e-15  24154.60 0 
 23672.89 1.8839e-15  24322.05 0 
 23891.92 1.7556e-15  24547.08 0 
 24113.00 1.7093e-15  24774.22 0 
 24280.13 1.7046e-15  24945.94 0 
 24504.80 1.6033e-15  25176.77 0 
 24674.65 1.5879e-15  25351.28 0 
 24847.14 1.4496e-15  25528.50 2 
 24941.36 1.3624e-15  25625.30 2 
 25035.48 1.4248e-15  25722.00 2 
 25129.69 1.3035e-15  25818.80 2 
 25223.91 1.3003e-15  25915.60 2 
 25318.03 1.3793e-15  26012.30 2 
 25412.25 1.4212e-15  26109.10 2 
 25506.36 1.3780e-15  26205.80 2 
 25600.58 1.3349e-15  26302.60 2 
 25694.80 1.3530e-15  26399.40 2 
 25788.92 1.3907e-15  26496.10 2 
 25883.13 1.3210e-15  26592.90 2 
 25977.35 1.3826e-15  26689.70 2 
 26071.47 1.3927e-15  26786.40 2 
 26165.68 1.3854e-15  26883.20 2 
 26259.80 1.3848e-15  26979.90 2 
 26354.02 1.3556e-15  27076.70 2 
 26448.24 1.2549e-15  27173.50 2 
 26542.36 1.2550e-15  27270.20 2 
 26636.57 1.2469e-15  27367.00 2 
 26730.79 1.2694e-15  27463.80 2 
 26824.91 1.2365e-15  27560.50 2 
 26919.12 1.3001e-15  27657.30 2 
 27013.24 1.2626e-15  27754.00 2 
 27107.46 1.2069e-15  27850.80 2 
 27201.68 1.1914e-15  27947.60 2 
 27295.80 1.1833e-15  28044.30 2 
 27390.01 1.1421e-15  28141.10 2 
 27484.23 1.1426e-15  28237.90 2 
 27578.35 1.0715e-15  28334.60 2 
 27672.56 1.0635e-15  28431.40 2 
 27766.68 1.0366e-15  28528.10 2 
 27860.90 1.0777e-15  28624.90 2 
 27955.11 9.5575e-16  28721.70 2 
 28049.23 9.1364e-16  28818.40 2 
 28143.45 9.1481e-16  28915.20 2 
 28237.67 9.0530e-16  29012.00 2 
 28331.79 8.9942e-16  29108.70 2 
 28426.00 8.1964e-16  29205.50 2 
 28520.12 8.2855e-16  29302.20 2 
 28614.34 7.8519e-16  29399.00 2 
 28708.55 7.9482e-16  29495.80 2 
 28802.67 8.0776e-16  29592.50 2 
 28896.89 7.8281e-16  29689.30 2 
 28991.11 7.9830e-16  29786.10 2 
 29085.23 7.4800e-16  29882.80 2 
 29179.44 7.5179e-16  29979.60 2 
 29273.56 7.1318e-16  30076.30 2 
 29367.78 7.3277e-16  30173.10 2 
 29461.99 7.2031e-16  30269.90 2 
 29556.11 6.9775e-16  30366.60 2 
 29650.33 6.8769e-16  30463.40 2 
 29744.55 7.0043e-16  30560.20 2 
 29838.66 6.6806e-16  30656.90 2 
 29932.88 6.6584e-16  30753.70 2 
 30027.00 6.8609e-16  30850.40 2 
 30121.22 7.0775e-16  30947.20 2 
 30215.43 6.7804e-16  31044.00 2 
 30309.55 6.5492e-16  31140.70 2 
 30403.77 6.6649e-16  31237.50 2 
 30497.99 6.6001e-16  31334.30 2 
 30592.10 6.8847e-16  31431.00 2 
 30686.32 6.7861e-16  31527.80 2 
 30780.44 6.4359e-16  31624.50 2 
 30874.66 6.4746e-16  31721.30 2 
 30968.87 6.1272e-16  31818.10 2 
 31062.99 6.4266e-16  31914.80 2 
 31157.21 6.2827e-16  32011.60 2 
 31251.42 6.1079e-16  32108.40 2 
 31345.54 6.6423e-16  32205.10 2 
 31439.76 6.5023e-16  32301.90 2 
 31533.88 6.2297e-16  32398.60 2 
 31628.09 6.2715e-16  32495.40 2 
 31722.31 6.1380e-16  32592.20 2 
 31816.43 5.8982e-16  32688.90 2 
 31910.65 6.6580e-16  32785.70 2 
 32004.86 6.3285e-16  32882.50 2 
 32098.98 6.6063e-16  32979.20 2 
 32193.20 6.7700e-16  33076.00 2 
 32287.32 7.2908e-16  33172.70 2 
 32381.53 7.7007e-16  33269.50 2 
 32475.75 7.8822e-16  33366.30 2 
 32569.87 8.1948e-16  33463.00 2 
 32664.09 8.7354e-16  33559.80 2 
 32758.30 9.4137e-16  33656.60 2 
 32852.42 9.1756e-16  33753.30 2 
 32946.64 8.6468e-16  33850.10 2 
 33040.76 7.8909e-16  33946.80 2 
 33134.97 6.9087e-16  34043.60 2 
 33229.19 6.5443e-16  34140.40 2 
 33323.31 6.2256e-16  34237.10 2 
 33417.52 6.3011e-16  34333.90 2 
 33511.74 6.1256e-16  34430.70 2 
 33605.86 6.0452e-16  34527.40 2 
 33700.08 6.3899e-16  34624.20 2 
 33794.19 5.9435e-16  34720.90 2 
 33888.41 6.4535e-16  34817.70 2 
 33982.63 6.5223e-16  34914.50 2 
 34076.75 6.3837e-16  35011.20 2 
 34170.96 6.0551e-16  35108.00 2 
 34265.18 5.9173e-16  35204.80 2 
 34359.30 6.0246e-16  35301.50 2 
 34453.52 6.1284e-16  35398.30 2 
 34547.63 6.0675e-16  35495.00 2 
 34641.85 5.9053e-16  35591.80 2 
 34736.07 6.1109e-16  35688.60 2 
 34830.19 5.9086e-16  35785.30 2 
 34924.40 5.9121e-16  35882.10 2 
 35018.62 5.7183e-16  35978.90 2 
 35112.74 6.1332e-16  36075.60 2 
 35206.95 6.0667e-16  36172.40 2 
 35301.08 6.4330e-16  36269.10 2 
 35395.29 6.1246e-16  36365.90 2 
 35489.51 6.4746e-16  36462.70 2 
 35583.63 6.4117e-16  36559.40 2 
 35677.84 6.5599e-16  36656.20 2 
 35772.06 6.5226e-16  36753.00 2 
 35866.18 6.5297e-16  36849.70 2 
 35960.39 6.3657e-16  36946.50 2 
 36054.51 6.6725e-16  37043.20 2 
 36148.73 6.6951e-16  37140.00 2 
 36242.95 6.7380e-16  37236.80 2 
 36337.07 6.4877e-16  37333.50 2 
 36431.28 6.7583e-16  37430.30 2 
 36525.50 6.6923e-16  37527.10 2 
 36619.62 6.5822e-16  37623.80 2 
 36713.83 6.5388e-16  37720.60 2 
 36807.95 6.7142e-16  37817.30 2 
 36902.17 6.8273e-16  37914.10 2 
 36996.38 6.9024e-16  38010.90 2 
 37090.51 6.9224e-16  38107.60 2 
 37184.72 6.8801e-16  38204.40 2 
 37278.94 7.2760e-16  38301.20 2 
 37373.06 6.9097e-16  38397.90 2 
 37467.27 7.0072e-16  38494.70 2 
 37561.39 6.7637e-16  38591.40 2 
 37655.61 7.0886e-16  38688.20 2 
 37749.82 6.5398e-16  38785.00 2 
 37843.94 6.3270e-16  38881.70 2 
 37938.16 7.0609e-16  38978.50 2 
 38032.38 7.2414e-16  39075.30 2 
 38126.50 7.0434e-16  39172.00 2 
 38220.71 7.0484e-16  39268.80 2 
 38314.83 7.1391e-16  39365.50 2 
 38409.05 7.0149e-16  39462.30 2 
 38503.27 6.9186e-16  39559.10 2 
 38597.38 7.0701e-16  39655.80 2 
 38691.60 7.3897e-16  39752.60 2 
 38785.82 7.2177e-16  39849.40 2 
 38879.94 7.0102e-16  39946.10 2 
 38974.15 7.6477e-16  40042.90 2 
 39068.27 7.5232e-16  40139.60 2 
 39162.49 7.5410e-16  40236.40 2 
 39256.70 7.3057e-16  40333.20 2 
 39350.82 7.3099e-16  40429.90 2 
 39445.04 7.5955e-16  40526.70 2 
 39539.25 7.1656e-16  40623.50 2 
 39633.37 7.0736e-16  40720.20 2 
 39727.59 7.4589e-16  40817.00 2 
 39821.71 7.2555e-16  40913.70 2 
 39915.93 7.0124e-16  41010.50 2 
 40010.14 7.0466e-16  41107.30 2 
 40104.26 7.3654e-16  41204.00 2 
 40198.48 7.6600e-16  41300.80 2 
 40292.70 7.6874e-16  41397.60 2 
 40386.81 7.7874e-16  41494.30 2 
 40481.03 7.8365e-16  41591.10 2 
 40575.15 7.6967e-16  41687.80 2 
 40669.37 7.7205e-16  41784.60 2 
 40763.58 7.5843e-16  41881.40 2 
 40857.70 7.6714e-16  41978.10 2 
 40951.92 7.5169e-16  42074.90 2 
 41046.04 7.5570e-16  42171.60 2 
 41140.25 7.5661e-16  42268.40 2 
 41234.47 7.4636e-16  42365.20 2 
 41328.59 7.3119e-16  42461.90 2 
 41422.80 7.4374e-16  42558.70 2 
 41517.02 7.4229e-16  42655.50 2 
 41611.14 7.5282e-16  42752.20 2 
 41705.36 7.5423e-16  42849.00 2 
 41799.47 7.3383e-16  42945.70 2 
 41893.69 6.9622e-16  43042.50 2 
 41987.91 7.3048e-16  43139.30 2 
 42082.03 7.3569e-16  43236.00 2 
 42176.24 7.1552e-16  43332.80 2 
 42270.46 6.5860e-16  43429.60 2 
 42364.58 6.6755e-16  43526.30 2 
 42458.79 5.9000e-16  43623.10 2 
 42552.91 5.6894e-16  43719.80 2 
 42647.13 5.5496e-16  43816.60 2 
 42741.35 6.3224e-16  43913.40 2 
 42835.47 6.6571e-16  44010.10 2 
 42929.68 6.4342e-16  44106.90 2 
 43023.90 7.0863e-16  44203.70 2 
 43118.02 6.7977e-16  44300.40 2 
 43212.24 6.8215e-16  44397.20 2 
 43306.45 6.7734e-16  44494.00 2 
 43400.57 7.1377e-16  44590.70 2 
 43494.79 6.8652e-16  44687.50 2 
 43588.90 6.7361e-16  44784.20 2 
 43683.12 7.1141e-16  44881.00 2 
 43777.33 6.5537e-16  44977.80 2 
 43871.46 6.6885e-16  45074.50 2 
 43965.67 6.2877e-16  45171.30 2 
 44059.79 6.5445e-16  45268.00 2 
 44154.01 6.4373e-16  45364.80 2 
 44248.23 6.3772e-16  45461.60 2 
 44342.34 6.2175e-16  45558.30 2 
 44436.56 6.0333e-16  45655.10 2 
 44530.78 5.7100e-16  45751.90 2 
 44624.89 5.9216e-16  45848.60 2 
 44719.11 5.9198e-16  45945.40 2 
 44813.33 5.7745e-16  46042.20 2 
 44907.45 5.2025e-16  46138.90 2 
 45001.66 4.9864e-16  46235.70 2 
 45095.79 4.7748e-16  46332.40 2 
 45190.00 4.2598e-16  46429.20 2 
 45284.22 4.2884e-16  46526.00 2 
 45378.33 4.0967e-16  46622.70 2 
 45472.55 4.2491e-16  46719.50 2 
 45566.67 4.1628e-16  46816.20 2 
 45660.89 3.8630e-16  46913.00 2 
 45755.10 4.0915e-16  47009.80 2 
 45849.22 3.6916e-16  47106.50 2 
 45943.44 3.6853e-16  47203.30 2 
 46037.66 4.0043e-16  47300.10 2 
 46131.77 4.0261e-16  47396.80 2 
 46225.99 4.5089e-16  47493.60 2 
 46320.21 4.9698e-16  47590.40 2 
 46414.33 5.4118e-16  47687.10 2 
 46508.54 5.9250e-16  47783.90 2 
 46602.66 5.9067e-16  47880.60 2 
 46696.88 5.7115e-16  47977.40 2 
 46791.09 5.2694e-16  48074.20 2 
 46885.21 5.2839e-16  48170.90 2 
 46979.43 5.3543e-16  48267.70 2 
 47073.55 6.0838e-16  48364.40 2 
 47167.76 5.8110e-16  48461.20 2 
 47261.98 5.8990e-16  48558.00 2 
 47356.10 6.0651e-16  48654.70 2 
 47450.32 5.8388e-16  48751.50 2 
 47544.53 5.4254e-16  48848.30 2 
 47638.65 5.3444e-16  48945.00 2 
 47732.87 5.2080e-16  49041.80 2 
 47827.08 5.8024e-16  49138.60 2 
 47921.21 5.1313e-16  49235.30 2 
 48015.42 5.3277e-16  49332.10 2 
 48109.54 4.9970e-16  49428.80 2 
 48204.73 4.9969e-16  49526.60 2 
 48686.77 5.3985e-16  50021.86 0 
 49173.64 5.8041e-16  50522.08 0 
 49665.38 6.2138e-16  51027.30 0 
 50162.03 6.6276e-16  51537.58 0 
 50663.65 7.0456e-16  52052.95 0 
 50780.01 7.1425e-16  52172.50 3 
 51074.34 7.2601e-16  52474.90 3 
 51368.67 7.8348e-16  52777.30 3 
 51663.00 8.1427e-16  53079.70 3 
 51957.33 8.3085e-16  53382.10 3 
 52251.75 8.5942e-16  53684.60 3 
 52546.09 8.6160e-16  53987.00 3 
 52840.41 8.4950e-16  54289.40 3 
 53134.74 8.8043e-16  54591.80 3 
 53429.07 8.9382e-16  54894.20 3 
 53723.49 8.6439e-16  55196.70 3 
 54017.82 8.3528e-16  55499.10 3 
 54312.15 8.3902e-16  55801.50 3 
 54606.48 8.3878e-16  56103.90 3 
 54900.81 8.6856e-16  56406.30 3 
 55195.23 8.5595e-16  56708.80 3 
 55489.56 8.2305e-16  57011.20 3 
 55783.89 8.6209e-16  57313.60 3 
 56078.22 8.9805e-16  57616.00 3 
 56372.55 8.9355e-16  57918.40 3 
 56666.98 8.4332e-16  58220.90 3 
 56961.31 7.9696e-16  58523.30 3 
 57255.64 7.4552e-16  58825.70 3 
 57549.96 6.5860e-16  59128.10 3 
 57844.29 5.8336e-16  59430.50 3 
 58138.72 5.4804e-16  59733.00 3 
 58433.05 5.0859e-16  60035.40 3 
 58727.38 5.0666e-16  60337.80 3 
 59021.71 4.7940e-16  60640.20 3 
 59316.04 4.4409e-16  60942.60 3 
 59610.46 4.5663e-16  61245.10 3 
 59904.79 5.0316e-16  61547.50 3 
 60199.12 5.3064e-16  61849.90 3 
 60493.45 5.2997e-16  62152.30 3 
 60787.78 5.2834e-16  62454.70 3 
 61082.21 5.6983e-16  62757.20 3 
 61376.53 6.9580e-16  63059.60 3 
 61670.87 8.7327e-16  63362.00 3 
 61965.19 1.0532e-15  63664.40 3 
 62259.52 1.0649e-15  63966.80 3 
 62553.95 9.6704e-16  64269.30 3 
 62848.27 8.3365e-16  64571.70 3 
 63142.61 7.5015e-16  64874.10 3 
 63436.93 6.9241e-16  65176.50 3 
 63731.26 6.4547e-16  65478.90 3 
 64025.69 6.1249e-16  65781.40 3 
 64320.01 5.8192e-16  66083.80 3 
 64614.34 5.6126e-16  66386.20 3 
 64908.68 5.4861e-16  66688.60 3 
 65203.00 5.3783e-16  66991.00 3 
 65497.43 5.4121e-16  67293.50 3 
 65791.76 5.4286e-16  67595.90 3 
 66086.09 5.7034e-16  67898.30 3 
 66380.41 5.8065e-16  68200.70 3 
 66674.75 5.8080e-16  68503.10 3 
 66969.17 5.8258e-16  68805.60 3 
 67263.50 5.6956e-16  69108.00 3 
 67557.83 5.6213e-16  69410.40 3 
 67852.16 5.5024e-16  69712.80 3 
 68146.49 5.6200e-16  70015.20 3 
 68440.92 5.6472e-16  70317.70 3 
 68735.24 5.7180e-16  70620.10 3 
 69029.57 5.9702e-16  70922.50 3 
 69323.90 6.2628e-16  71224.90 3 
 69618.23 7.1867e-16  71527.30 3 
 69912.65 7.7105e-16  71829.80 3 
 70206.99 6.8215e-16  72132.20 3 
 70501.31 6.5952e-16  72434.60 3 
 70795.64 6.6599e-16  72737.00 3 
 71089.97 6.8314e-16  73039.40 3 
 71384.40 6.8150e-16  73341.90 3 
 71678.72 6.6900e-16  73644.30 3 
 71973.06 6.7087e-16  73946.70 3 
 72267.39 6.6666e-16  74249.10 3 
 72561.71 6.9221e-16  74551.50 3 
 72856.14 7.3914e-16  74854.00 3 
 73150.47 7.9070e-16  75156.40 3 
 73444.79 8.2720e-16  75458.80 3 
 73739.12 8.2825e-16  75761.20 3 
 74327.78 9.1680e-16  76366.00 3 
 74916.54 1.0405e-15  76970.90 3 
 75505.19 1.1800e-15  77575.70 3 
 76093.85 1.3420e-15  78180.50 3 
 76682.61 1.3236e-15  78785.40 3 
 77271.27 1.2252e-15  79390.20 3 
 77860.02 1.2084e-15  79995.10 3 
 78448.68 1.1732e-15  80599.90 3 
 79037.34 1.1069e-15  81204.70 3 
 79626.09 1.0311e-15  81809.59 3 
 80214.75 9.5726e-16  82414.40 3 
 80803.41 8.8822e-16  83019.20 3 
 81392.16 8.3235e-16  83624.09 3 
 81980.82 8.0754e-16  84228.90 3 
 82569.48 8.0002e-16  84833.70 3 
 83158.24 8.0299e-16  85438.60 3 
 83746.89 7.8147e-16  86043.40 3 
 84335.65 7.7199e-16  86648.30 3 
 84924.31 7.6903e-16  87253.10 3 
 85512.97 7.8899e-16  87857.91 3 
 86101.72 7.7432e-16  88462.80 3 
 86690.38 7.1210e-16  89067.60 3 
 87279.04 6.4024e-16  89672.41 3 
 87867.79 5.8451e-16  90277.30 3 
 88456.45 5.2604e-16  90882.10 3 
 89045.10 4.8885e-16  91486.90 3 
 89633.86 4.8063e-16  92091.80 3 
 90222.52 4.5561e-16  92696.60 3 
 90811.27 4.2855e-16  93301.50 3 
 91399.93 4.0588e-16  93906.30 3 
 91988.59 4.0361e-16  94511.10 3 
 92577.34 3.9286e-16  95115.99 3 
 93166.00 3.8421e-16  95720.80 3 
 93754.66 3.7973e-16  96325.60 3 
 94343.41 3.7747e-16  96930.50 3 
 94932.07 3.7551e-16  97535.30 3 
 95520.72 3.7452e-16  98140.09 3 
 96109.49 3.7237e-16  98745.00 3 
 96698.15 3.8517e-16  99349.80 3 
 97286.90 3.6608e-16  99954.70 3 
 97875.56 3.5352e-16 100559.50 3 
 98464.22 3.5351e-16 101164.30 3 
 99052.97 3.4702e-16 101769.20 3 
 99641.63 3.4290e-16 102374.00 3 
100230.29 3.4140e-16 102978.80 3 
100819.04 3.3867e-16 103583.70 3 
101407.70 3.3566e-16 104188.50 3 
101996.35 3.3784e-16 104793.30 3 
102585.11 3.4098e-16 105398.20 3 
103173.77 3.3749e-16 106003.00 3 
103762.53 3.3815e-16 106607.91 3 
104351.18 3.5401e-16 107212.70 3 
104939.84 3.7332e-16 107817.50 3 
105528.60 3.6470e-16 108422.41 3 
106117.26 3.5709e-16 109027.20 3 
106705.91 3.6026e-16 109632.00 3 
107294.66 3.6459e-16 110236.90 3 
107883.33 3.5867e-16 110841.70 3 
108471.99 3.6124e-16 111446.51 3 
109060.73 3.7396e-16 112051.40 3 
109649.40 3.9191e-16 112656.20 3 
110238.15 4.1248e-16 113261.10 3 
110826.81 4.3511e-16 113865.90 3 
111415.47 5.1927e-16 114470.70 3 
112004.22 6.6818e-16 115075.60 3 
112592.88 7.1159e-16 115680.40 3 
113181.54 6.5034e-16 116285.20 3 
113770.28 5.8445e-16 116890.09 3 
114358.95 5.3324e-16 117494.90 3 
114947.60 5.0003e-16 118099.70 3 
115536.36 4.7679e-16 118704.59 3 
116125.02 4.6226e-16 119309.40 3 
116713.78 4.4942e-16 119914.30 3 
117302.43 4.5073e-16 120519.10 3 
117891.09 4.5896e-16 121123.90 3 
118479.85 4.7150e-16 121728.80 3 
119068.51 4.8480e-16 122333.60 3 
119657.17 5.0449e-16 122938.41 3 
120245.91 5.0741e-16 123543.30 3 
120834.58 5.1117e-16 124148.10 3 
121423.24 5.1667e-16 124752.91 3 
122011.98 5.2808e-16 125357.80 3 
122600.65 5.5184e-16 125962.60 3 
123189.40 5.6337e-16 126567.50 3 
123778.06 5.6998e-16 127172.30 3 
124366.72 5.8603e-16 127777.10 3 
124955.47 6.0307e-16 128382.00 3 
125544.13 6.1993e-16 128986.80 3 
126132.79 6.3190e-16 129591.60 3 
126721.55 6.4712e-16 130196.51 3 
127310.20 7.0637e-16 130801.30 3 
127898.85 7.9527e-16 131406.09 3 
128487.61 7.5892e-16 132011.00 3 
129076.27 5.9303e-16 132615.80 3 
129664.92 5.5428e-16 133220.59 3 
130253.68 5.4211e-16 133825.50 3 
130842.34 5.3909e-16 134430.30 3 
131431.10 5.4314e-16 135035.20 3 
132019.75 5.3871e-16 135640.00 3 
132608.41 5.4172e-16 136244.80 3 
133197.17 5.3972e-16 136849.70 3 
133785.83 5.3332e-16 137454.50 3 
134374.48 5.3623e-16 138059.30 3 
134963.24 5.3656e-16 138664.20 3 
135551.90 5.3025e-16 139269.00 3 
136140.55 5.3350e-16 139873.80 3 
136729.31 5.2365e-16 140478.70 3 
137317.97 5.1697e-16 141083.50 3 
137906.73 5.1613e-16 141688.41 3 
138495.38 5.0845e-16 142293.20 3 
139084.04 4.9928e-16 142898.00 3 
139672.80 4.8020e-16 143502.91 3 
140261.45 4.5607e-16 144107.70 3 
140850.11 4.4562e-16 144712.50 3 
141883.37 5.2923e-16 145774.09 3 
142707.58 5.5227e-16 146620.91 3 
143531.77 5.5278e-16 147467.70 3 
144355.97 5.1391e-16 148314.50 3 
145180.08 5.0552e-16 149161.20 3 
146004.27 5.0203e-16 150008.00 3 
146828.47 4.9638e-16 150854.80 3 
147652.57 5.0074e-16 151701.50 3 
148476.77 5.0221e-16 152548.30 3 
149300.96 5.0030e-16 153395.09 3 
150125.07 4.9047e-16 154241.80 3 
150949.26 4.9043e-16 155088.59 3 
151773.47 4.8701e-16 155935.41 3 
152597.58 4.8224e-16 156782.11 3 
153421.77 4.7990e-16 157628.91 3 
154245.97 4.8765e-16 158475.70 3 
155070.06 5.2716e-16 159322.39 3 
155894.27 5.4421e-16 160169.20 3 
156718.47 4.8363e-16 161016.00 3 
157542.66 4.7427e-16 161862.80 3 
158366.77 4.7461e-16 162709.50 3 
159190.98 4.6703e-16 163556.31 3 
160015.16 4.6618e-16 164403.09 3 
160839.28 4.7069e-16 165249.81 3 
161663.46 4.7471e-16 166096.59 3 
162487.65 4.7611e-16 166943.39 3 
163311.77 4.8937e-16 167790.11 3 
164135.95 5.0249e-16 168636.89 3 
164960.17 5.0077e-16 169483.70 3 
165784.25 4.8910e-16 170330.39 3 
166608.47 4.8634e-16 171177.20 3 
167432.66 4.8883e-16 172024.00 3 
168256.75 4.9414e-16 172870.69 3 
169080.96 4.9835e-16 173717.50 3 
169905.16 5.2722e-16 174564.30 3 
170729.35 5.2151e-16 175411.09 3 
171553.46 5.0234e-16 176257.80 3 
172377.67 5.0228e-16 177104.61 3 
173201.85 4.9913e-16 177951.39 3 
174025.97 4.9641e-16 178798.11 3 
174850.17 4.8921e-16 179644.91 3 
175674.36 4.7946e-16 180491.70 3 
176498.47 4.7948e-16 181338.41 3 
177322.65 4.8057e-16 182185.19 3 
178146.86 4.8320e-16 183032.00 3 
178970.96 4.8891e-16 183878.70 3 
179795.16 4.8850e-16 184725.50 3 
180619.35 4.8086e-16 185572.30 3 
181443.44 4.8335e-16 186418.98 3 
182267.65 4.7935e-16 187265.80 3 
183091.86 4.8664e-16 188112.61 3 
183916.06 4.9106e-16 188959.41 3 
184740.15 4.8889e-16 189806.09 3 
185564.36 4.9488e-16 190652.91 3 
186388.54 5.1142e-16 191499.69 3 
187212.66 5.6391e-16 192346.41 3 
188036.86 5.2164e-16 193193.20 3 
188861.05 5.0522e-16 194040.00 3 
189685.16 5.1520e-16 194886.70 3 
190509.37 5.3260e-16 195733.52 3 
191333.55 5.2810e-16 196580.30 3 
192157.65 5.2970e-16 197427.00 3 
192981.85 5.3169e-16 198273.80 3 
193806.04 5.3442e-16 199120.59 3 
194630.16 5.4045e-16 199967.31 3 
195454.34 5.4445e-16 200814.09 3 
196278.56 5.4553e-16 201660.91 3 
197102.75 5.5175e-16 202507.70 3 
197926.84 5.5519e-16 203354.39 3 
198751.05 5.6662e-16 204201.20 3 
200399.35 5.6788e-16 205894.70 3 
202047.74 5.7720e-16 207588.30 3 
203696.06 5.9726e-16 209281.81 3 
205344.34 6.0012e-16 210975.30 3 
206992.74 6.0462e-16 212668.89 3 
208641.04 6.2502e-16 214362.39 3 
210289.44 6.3029e-16 216056.00 3 
211937.74 6.3270e-16 217749.50 3 
213586.04 6.4388e-16 219443.00 3 
215234.45 6.4944e-16 221136.61 3 
216882.75 6.5839e-16 222830.11 3 
218531.04 6.6478e-16 224523.59 3 
220179.43 6.7528e-16 226217.19 3 
221827.74 6.8171e-16 227910.70 3 
223476.13 6.9144e-16 229604.30 3 
225124.43 6.9285e-16 231297.80 3 
226772.73 7.0584e-16 232991.30 3 
228421.14 7.1789e-16 234684.91 3 
230069.44 7.2339e-16 236378.41 3 
231717.74 7.2422e-16 238071.91 3 
233366.12 7.3197e-16 239765.48 3 
235014.43 7.4402e-16 241459.00 3 
236662.83 7.4852e-16 243152.59 3 
238311.13 7.5641e-16 244846.09 3 
239959.43 7.6391e-16 246539.59 3 
241607.83 7.7377e-16 248233.20 3 
243256.13 7.8526e-16 249926.70 3 
244904.43 7.8223e-16 251620.20 3 
246552.84 7.8830e-16 253313.81 3 
248201.14 7.9430e-16 255007.31 3 
249849.52 7.9379e-16 256700.89 3 
251497.82 7.9829e-16 258394.39 3 
253146.12 8.1100e-16 260087.89 3 
254794.52 8.0926e-16 261781.50 3 
256442.82 8.1673e-16 263475.00 3 
258091.13 8.4949e-16 265168.50 3 
259739.52 8.5200e-16 266862.09 3 
261387.82 8.4321e-16 268555.59 3 
263036.21 8.4408e-16 270249.19 3 
264684.51 8.4594e-16 271942.69 3 
266332.84 8.5482e-16 273636.22 3 
267981.23 8.5683e-16 275329.81 3 
269629.50 8.5236e-16 277023.28 3 
271277.80 8.5962e-16 278716.78 3 
272926.22 8.6439e-16 280410.41 3 
274574.52 8.7998e-16 282103.91 3 
276222.92 8.7629e-16 283797.50 3 
277871.22 8.8239e-16 285491.00 3 
279519.52 8.8981e-16 287184.50 3 
281167.91 8.9087e-16 288878.09 3 
282816.21 8.9489e-16 290571.59 3 
284464.51 8.9348e-16 292265.09 3 
286112.90 8.9867e-16 293958.69 3 
287761.20 8.9937e-16 295652.19 3 
289409.59 9.1024e-16 297345.78 3 
291057.92 9.1824e-16 299039.31 3 
292706.22 9.1870e-16 300732.81 3 
294354.61 9.2038e-16 302426.41 3 
296002.91 9.2416e-16 304119.91 3 
297651.21 9.2134e-16 305813.41 3 
299299.61 9.3552e-16 307507.00 3 
300947.91 9.3913e-16 309200.50 3 
302596.30 9.3894e-16 310894.09 3 
304244.60 9.3850e-16 312587.59 3 
305892.90 9.3606e-16 314281.09 3 
307541.29 9.5861e-16 315974.69 3 
309189.62 9.4888e-16 317668.22 3 
310837.92 9.4006e-16 319361.72 3 
312486.31 9.3963e-16 321055.31 3 
314134.58 9.5440e-16 322748.78 3 
315783.00 9.6576e-16 324442.41 3 
317431.31 9.6672e-16 326135.91 3 
319079.61 9.6494e-16 327829.41 3 
320728.00 9.6648e-16 329523.00 3 
322376.30 9.7805e-16 331216.50 3 
324024.60 9.8721e-16 332910.00 3 
325673.02 9.9923e-16 334603.62 3 
327321.32 9.6666e-16 336297.12 3 
328969.68 1.0074e-15 337990.69 3 
330617.98 1.0322e-15 339684.19 3 
332266.31 9.9802e-16 341377.72 3 
333914.67 1.0072e-15 343071.28 3 
335562.97 9.9830e-16 344764.78 3 
337211.27 1.0002e-15 346458.28 3 
338859.70 1.0194e-15 348151.91 3 
340507.97 1.0093e-15 349845.38 3 
