# An Atlas of Galaxy Spectral Energy Distributions from the Ultraviolet to the Mid-Infrared
# Brown et al. (2014)
# http://dx.doi.org/10.5072/03/529D3551F0117
# 
# Column 1 : Restframe Wavelength (Angstrom)
# Column 2 : Flux per unit wavelength (ergs/s/cm^2/Angstrom)
# Column 3 : Observed wavelength (Angstrom)
# Column 4 : Source (0 = model, 1 = Optical Spectrum, 2 = Akari, 3 = Spitzer IRS)
# 
   100.01 1.3799e-19    100.23 0 
   102.10 1.8960e-19    102.33 0 
   104.00 2.3760e-19    104.23 0 
   105.93 3.0328e-19    106.17 0 
   107.90 3.9431e-19    108.14 0 
   109.91 5.7391e-19    110.15 0 
   114.03 8.5870e-19    114.29 0 
   118.04 1.2074e-18    118.30 0 
   121.07 4.5797e-18    121.34 0 
   125.03 5.9407e-18    125.31 0 
   127.07 6.5590e-18    127.35 0 
   127.95 7.0281e-18    128.23 0 
   130.93 8.0138e-18    131.22 0 
   132.14 9.5684e-18    132.43 0 
   133.98 1.0348e-17    134.28 0 
   137.10 1.3454e-17    137.40 0 
   139.97 1.5095e-17    140.28 0 
   142.90 4.4243e-17    143.22 0 
   146.90 1.1853e-16    147.23 0 
   151.02 1.3027e-16    151.36 0 
   154.89 1.4449e-16    155.24 0 
   158.86 1.6064e-16    159.22 0 
   161.82 1.7292e-16    162.18 0 
   165.97 1.9313e-16    166.34 0 
   169.84 2.1030e-16    170.22 0 
   172.99 2.2534e-16    173.38 0 
   177.02 2.4425e-16    177.42 0 
   179.90 2.5873e-16    180.30 0 
   181.98 2.6967e-16    182.39 0 
   185.79 2.9030e-16    186.21 0 
   191.00 3.1830e-16    191.43 0 
   194.10 3.3794e-16    194.54 0 
   198.17 3.5962e-16    198.61 0 
   201.85 3.8534e-16    202.30 0 
   205.13 4.0443e-16    205.59 0 
   209.91 4.1672e-16    210.38 0 
   215.79 4.7516e-16    216.27 0 
   219.80 5.0448e-16    220.29 0 
   222.86 5.1861e-16    223.36 0 
   227.00 5.5187e-16    227.51 0 
   230.16 8.5279e-16    230.67 0 
   233.90 1.4718e-15    234.42 0 
   239.90 1.8359e-15    240.44 0 
   246.05 1.7654e-15    246.60 0 
   251.78 1.8960e-15    252.35 0 
   257.06 1.6212e-15    257.63 0 
   260.03 1.8700e-15    260.62 0 
   264.26 1.9762e-15    264.85 0 
   269.17 1.9854e-15    269.77 0 
   274.17 1.9945e-15    274.79 0 
   279.27 2.0037e-15    279.90 0 
   283.81 2.0130e-15    284.45 0 
   289.75 1.9313e-15    290.40 0 
   295.82 1.9762e-15    296.48 0 
   301.32 1.9626e-15    302.00 0 
   308.34 1.9945e-15    309.03 0 
   317.71 2.0410e-15    318.42 0 
   328.12 2.0410e-15    328.85 0 
   338.09 2.0269e-15    338.84 0 
   348.36 2.0037e-15    349.14 0 
   357.30 1.9854e-15    358.10 0 
   365.62 1.9808e-15    366.44 0 
   375.00 1.9536e-15    375.84 0 
   384.62 1.8700e-15    385.48 0 
   395.39 1.8960e-15    396.28 0 
   404.60 1.8830e-15    405.51 0 
   414.03 1.8486e-15    414.95 0 
   421.72 1.8107e-15    422.67 0 
   429.56 1.7776e-15    430.53 0 
   440.58 1.7492e-15    441.57 0 
   450.85 1.7055e-15    451.86 0 
   460.29 1.6666e-15    461.32 0 
   469.92 1.6325e-15    470.98 0 
   479.76 1.6064e-15    480.84 0 
   489.81 1.5518e-15    490.91 0 
   500.07 1.5341e-15    501.19 0 
   505.86 1.4991e-15    506.99 0 
   511.71 1.5305e-15    512.86 0 
   520.03 1.5026e-15    521.19 0 
   529.70 1.4583e-15    530.88 0 
   539.54 1.3991e-15    540.75 0 
   549.58 1.3641e-15    550.81 0 
   559.79 1.3578e-15    561.05 0 
   570.20 1.3485e-15    571.48 0 
   579.47 1.3027e-15    580.76 0 
   590.24 1.2848e-15    591.56 0 
   599.83 1.2270e-15    601.17 0 
   609.58 1.0810e-15    610.94 0 
   619.48 1.2018e-15    620.87 0 
   629.55 1.1637e-15    630.96 0 
   639.78 1.1504e-15    641.21 0 
   650.17 1.1190e-15    651.63 0 
   657.70 1.0835e-15    659.17 0 
   665.31 1.0860e-15    666.81 0 
   674.57 1.0687e-15    676.08 0 
   685.53 1.0135e-15    687.07 0 
   695.07 1.0206e-15    696.63 0 
   704.74 9.6347e-16    706.32 0 
   716.19 9.7913e-16    717.79 0 
   726.15 9.5684e-16    727.78 0 
   734.56 9.4154e-16    736.21 0 
   744.78 9.1588e-16    746.45 0 
   755.14 8.9504e-16    756.83 0 
   765.64 8.0880e-16    767.36 0 
   774.51 8.5870e-16    776.25 0 
   785.29 8.2573e-16    787.05 0 
   794.38 8.2005e-16    796.16 0 
   805.43 8.0880e-16    807.24 0 
   814.76 7.9221e-16    816.58 0 
   824.19 7.8134e-16    826.04 0 
   835.66 7.1753e-16    837.53 0 
   845.33 7.4617e-16    847.23 0 
   855.12 7.2919e-16    857.04 0 
   865.02 7.1918e-16    866.96 0 
   875.04 7.1095e-16    877.00 0 
   885.17 6.9798e-16    887.16 0 
   895.42 6.8682e-16    897.43 0 
   905.79 6.6964e-16    907.82 0 
   914.17 7.7418e-16    916.22 0 
   924.76 1.4583e-15    926.83 0 
   935.46 2.3059e-15    937.56 0 
   944.12 3.4741e-15    946.24 0 
   955.05 4.4652e-15    957.19 0 
   963.89 4.8066e-15    966.05 0 
   975.05 1.6027e-15    977.24 0 
   984.07 3.9705e-15    986.28 0 
   995.47 4.1480e-15    997.70 0 
  1004.68 5.7523e-15   1006.93 0 
  1013.98 5.6473e-15   1016.25 0 
  1025.72 2.8304e-15   1028.02 0 
  1035.21 4.1960e-15   1037.53 0 
  1044.79 7.2250e-15   1047.13 0 
  1054.45 7.0606e-15   1056.82 0 
  1064.21 5.5955e-15   1066.60 0 
  1074.06 6.5440e-15   1076.47 0 
  1084.00 5.1149e-15   1086.43 0 
  1094.03 6.8209e-15   1096.48 0 
  1104.15 6.5440e-15   1106.62 0 
  1114.37 6.2351e-15   1116.86 0 
  1124.68 5.5698e-15   1127.20 0 
  1135.08 7.0281e-15   1137.63 0 
  1145.59 6.4097e-15   1148.15 0 
  1156.18 6.7739e-15   1158.78 0 
  1164.20 6.8840e-15   1166.81 0 
  1174.97 4.7516e-15   1177.61 0 
  1185.84 6.6197e-15   1188.50 0 
  1194.06 4.6542e-15   1196.74 0 
  1205.11 3.4821e-15   1207.81 0 
  1216.26 2.5052e-15   1218.99 0 
  1224.69 4.6972e-15   1227.44 0 
  1236.03 6.8209e-15   1238.80 0 
  1244.59 7.3933e-15   1247.38 0 
  1256.11 7.0120e-15   1258.93 0 
  1264.82 6.0651e-15   1267.65 0 
  1273.58 7.7775e-15   1276.44 0 
  1285.37 8.1253e-15   1288.25 0 
  1294.28 6.3218e-15   1297.18 0 
  1306.25 6.2351e-15   1309.18 0 
  1315.31 7.8314e-15   1318.26 0 
  1324.42 7.4446e-15   1327.39 0 
  1333.61 6.5289e-15   1336.60 0 
  1345.95 7.8314e-15   1348.96 0 
  1355.27 7.5481e-15   1358.31 0 
  1364.67 6.6964e-15   1367.73 0 
  1374.13 7.0120e-15   1377.21 0 
  1383.65 7.0443e-15   1386.76 0 
  1396.46 6.0234e-15   1399.59 0 
  1406.14 6.1779e-15   1409.29 0 
  1415.88 6.4393e-15   1419.06 0 
  1425.70 6.6045e-15   1428.89 0 
  1435.58 6.5590e-15   1438.80 0 
  1442.21 6.8999e-15   1445.44 0 
  1445.53 7.0120e-15   1448.77 0 
  1455.55 6.7739e-15   1458.81 0 
  1465.64 6.2064e-15   1468.93 0 
  1475.80 6.1921e-15   1479.11 0 
  1486.03 6.3218e-15   1489.36 0 
  1496.33 6.4097e-15   1499.69 0 
  1506.70 6.0234e-15   1510.08 0 
  1513.66 5.3314e-15   1517.05 0 
  1517.15 5.7127e-15   1520.55 0 
  1524.15 5.5315e-15   1527.57 0 
  1534.71 4.7845e-15   1538.15 0 
  1545.35 5.2461e-15   1548.82 0 
  1556.06 4.9527e-15   1559.55 0 
  1563.25 5.0448e-15   1566.75 0 
  1574.08 5.4430e-15   1577.61 0 
  1584.99 5.7391e-15   1588.55 0 
  1595.98 5.8863e-15   1599.56 0 
  1603.35 5.7391e-15   1606.94 0 
  1614.46 5.7391e-15   1618.08 0 
  1625.65 5.3683e-15   1629.30 0 
  1633.15 5.7523e-15   1636.82 0 
  1644.48 5.9271e-15   1648.16 0 
  1655.87 5.3314e-15   1659.59 0 
  1663.52 5.9544e-15   1667.25 0 
  1671.20 5.1267e-15   1674.94 0 
  1678.91 6.8999e-15   1682.67 0 
  1686.66 7.2084e-15   1690.44 0 
  1694.44 6.4989e-15   1698.24 0 
  1706.19 6.3656e-15   1710.02 0 
  1714.07 6.5742e-15   1717.91 0 
  1725.95 6.6656e-15   1729.82 0 
  1733.91 7.4617e-15   1737.80 0 
  1745.93 7.1588e-15   1749.85 0 
  1753.99 8.1440e-15   1757.92 0 
  1766.15 6.8840e-15   1770.11 0 
  1774.30 7.6180e-15   1778.28 0 
  1786.60 7.6708e-15   1790.61 0 
  1794.85 9.1588e-15   1798.87 0 
  1803.13 8.5083e-15   1807.17 0 
  1815.63 8.2764e-15   1819.70 0 
  1824.01 8.2005e-15   1828.10 0 
  1836.65 7.6708e-15   1840.77 0 
  1845.13 6.7739e-15   1849.27 0 
  1853.65 7.5481e-15   1857.80 0 
  1866.50 8.4887e-15   1870.68 0 
  1875.11 8.5475e-15   1879.32 0 
  1883.77 8.3146e-15   1887.99 0 
  1896.83 8.7870e-15   1901.08 0 
  1905.58 8.7265e-15   1909.85 0 
  1914.38 8.8276e-15   1918.67 0 
  1923.21 8.2005e-15   1927.53 0 
  1936.54 6.6197e-15   1940.89 0 
  1945.48 9.5464e-15   1949.84 0 
  1954.46 9.4154e-15   1958.84 0 
  1968.01 1.0785e-14   1972.42 0 
  1977.09 1.0443e-14   1981.53 0 
  1986.22 1.0687e-14   1990.67 0 
  1995.39 1.0564e-14   1999.86 0 
  2004.60 1.0089e-14   2009.09 0 
  2013.85 9.8819e-15   2018.37 0 
  2023.15 9.4154e-15   2027.68 0 
  2037.17 1.0492e-14   2041.74 0 
  2046.57 1.1451e-14   2051.16 0 
  2056.02 1.0810e-14   2060.63 0 
  2065.51 1.0395e-14   2070.14 0 
  2075.04 1.2074e-14   2079.70 0 
  2079.83 1.5200e-14   2084.49 0 
  2084.62 1.6400e-14   2089.30 0 
  2094.24 1.5235e-14   2098.94 0 
  2103.91 1.4185e-14   2108.63 0 
  2113.62 1.4991e-14   2118.36 0 
  2123.38 1.4516e-14   2128.14 0 
  2133.18 1.2672e-14   2137.96 0 
  2143.03 1.5200e-14   2147.83 0 
  2152.92 1.5518e-14   2157.74 0 
  2162.85 1.3926e-14   2167.70 0 
  2172.84 1.4120e-14   2177.71 0 
  2182.87 1.5770e-14   2187.76 0 
  2192.94 1.6476e-14   2197.86 0 
  2203.07 1.5662e-14   2208.01 0 
  2213.23 1.2997e-14   2218.20 0 
  2223.45 1.3485e-14   2228.44 0 
  2233.71 1.6976e-14   2238.72 0 
  2244.02 1.5843e-14   2249.05 0 
  2254.38 1.3087e-14   2259.44 0 
  2264.79 1.2967e-14   2269.86 0 
  2275.24 1.4383e-14   2280.34 0 
  2285.74 1.6937e-14   2290.87 0 
  2296.29 1.4753e-14   2301.44 0 
  2306.89 1.6561e-14   2312.07 0 
  2317.54 1.4734e-14   2322.74 0 
  2322.88 1.0386e-14   2328.09 0 
  2333.60 1.0856e-14   2338.84 0 
  2344.38 8.3156e-15   2349.63 0 
  2355.20 1.3493e-14   2360.48 0 
  2366.07 8.8380e-15   2371.37 0 
  2376.99 1.0980e-14   2382.32 0 
  2382.47 7.3063e-15   2387.81 0 
  2393.47 8.9317e-15   2398.83 0 
  2404.51 8.7734e-15   2409.91 0 
  2415.61 9.9862e-15   2421.03 0 
  2426.76 1.4881e-14   2432.20 0 
  2432.36 1.4749e-14   2437.81 0 
  2443.58 1.6943e-14   2449.06 0 
  2454.86 1.7548e-14   2460.37 0 
  2466.19 1.6087e-14   2471.72 0 
  2477.58 1.4545e-14   2483.13 0 
  2483.29 1.2101e-14   2488.86 0 
  2494.75 1.2534e-14   2500.35 0 
  2506.27 1.7919e-14   2511.89 0 
  2512.04 1.0010e-14   2517.68 0 
  2517.84 8.6012e-15   2523.48 0 
  2523.64 8.9265e-15   2529.30 0 
  2535.29 1.1480e-14   2540.97 0 
  2546.99 1.2111e-14   2552.70 0 
  2552.86 1.8336e-14   2558.59 0 
  2564.65 1.4708e-14   2570.40 0 
  2576.48 1.7939e-14   2582.26 0 
  2582.42 1.6555e-14   2588.21 0 
  2594.34 1.5211e-14   2600.16 0 
  2606.32 1.3565e-14   2612.16 0 
  2612.33 1.2346e-14   2618.18 0 
  2624.38 1.6474e-14   2630.27 0 
  2636.50 2.4046e-14   2642.41 0 
  2642.58 3.2076e-14   2648.50 0 
  2654.77 4.1156e-14   2660.72 0 
  2667.03 2.7333e-14   2673.01 0 
  2673.17 3.1320e-14   2679.17 0 
  2685.51 3.4441e-14   2691.54 0 
  2697.91 2.7248e-14   2703.96 0 
  2704.13 3.2618e-14   2710.19 0 
  2716.61 2.5219e-14   2722.70 0 
  2722.87 2.2328e-14   2728.98 0 
  2735.44 2.6553e-14   2741.57 0 
  2748.07 1.5573e-14   2754.23 0 
  2754.40 1.9702e-14   2760.58 0 
  2767.12 2.4365e-14   2773.32 0 
  2773.50 2.6786e-14   2779.71 0 
  2786.30 1.7790e-14   2792.54 0 
  2792.72 8.2282e-15   2798.98 0 
  2805.61 1.0013e-14   2811.90 0 
  2812.08 2.4644e-14   2818.38 0 
  2825.06 3.4513e-14   2831.39 0 
  2838.10 3.3439e-14   2844.46 0 
  2844.64 2.7886e-14   2851.02 0 
  2857.77 1.9983e-14   2864.18 0 
  2864.36 3.5383e-14   2870.78 0 
  2877.58 4.2861e-14   2884.03 0 
  2884.21 3.9738e-14   2890.68 0 
  2897.53 4.4924e-14   2904.02 0 
  2910.90 5.9396e-14   2917.43 0 
  2931.08 5.2622e-14   2937.65 0 
  2951.40 4.9727e-14   2958.01 0 
  2971.85 5.3212e-14   2978.52 0 
  2992.45 5.4130e-14   2999.16 0 
  3013.20 5.5445e-14   3019.95 0 
  3027.11 5.7963e-14   3033.89 0 
  3048.09 5.9921e-14   3054.92 0 
  3069.22 6.4865e-14   3076.10 0 
  3090.49 6.5230e-14   3097.42 0 
  3111.91 7.2258e-14   3118.89 0 
  3133.48 6.8285e-14   3140.51 0 
  3147.95 6.9123e-14   3155.01 0 
  3169.77 7.4143e-14   3176.87 0 
  3191.74 6.4642e-14   3198.90 0 
  3206.47 7.1749e-14   3213.66 0 
  3228.70 6.1132e-14   3235.94 0 
  3251.08 8.1606e-14   3258.37 0 
  3273.61 9.3796e-14   3280.95 0 
  3288.72 9.2149e-14   3296.10 0 
  3311.52 8.8910e-14   3318.94 0 
  3319.15 8.4939e-14   3326.60 0 
  3326.81 8.4190e-14   3334.26 0 
  3334.47 9.5591e-14   3341.95 0 
  3342.16 8.7412e-14   3349.66 0 
  3349.87 9.4130e-14   3357.38 0 
  3357.59 9.6579e-14   3365.12 0 
  3365.33 7.3458e-14   3372.87 0 
  3373.09 6.8896e-14   3380.65 0 
  3380.86 9.4919e-14   3388.44 0 
  3388.65 9.4083e-14   3396.25 0 
  3396.47 8.1221e-14   3404.08 0 
  3404.30 1.0252e-13   3411.93 0 
  3412.14 8.8102e-14   3419.79 0 
  3420.01 9.3787e-14   3427.68 0 
  3427.89 9.1475e-14   3435.58 0 
  3435.80 9.5601e-14   3443.50 0 
  3443.72 7.2715e-14   3451.44 0 
  3451.66 9.3925e-14   3459.39 0 
  3459.61 9.4176e-14   3467.37 0 
  3467.59 9.1855e-14   3475.36 0 
  3475.58 9.4029e-14   3483.37 0 
  3483.59 9.3632e-14   3491.40 0 
  3491.62 9.3883e-14   3499.45 0 
  3499.67 8.0491e-14   3507.52 0 
  3507.74 1.0373e-13   3515.60 0 
  3515.83 8.7111e-14   3523.71 0 
  3523.93 9.7777e-14   3531.83 0 
  3532.05 9.5367e-14   3539.97 0 
  3540.20 1.0655e-13   3548.13 0 
  3548.36 1.1162e-13   3556.31 0 
  3556.54 9.9744e-14   3564.51 0 
  3564.74 1.0521e-13   3572.73 0 
  3572.95 7.9656e-14   3580.96 0 
  3581.19 8.5582e-14   3589.22 0 
  3589.45 6.5095e-14   3597.49 0 
  3597.72 9.8563e-14   3605.79 0 
  3606.01 1.0113e-13   3614.10 0 
  3614.33 9.1632e-14   3622.43 0 
  3622.66 8.0392e-14   3630.78 0 
  3630.46 1.1375e-13   3638.60 1 
  3633.20 1.0266e-13   3641.35 1 
  3635.95 9.9614e-14   3644.10 1 
  3638.69 9.6440e-14   3646.85 1 
  3641.44 1.0722e-13   3649.60 1 
  3644.18 1.1473e-13   3652.35 1 
  3646.92 9.0067e-14   3655.10 1 
  3649.67 1.1199e-13   3657.85 1 
  3652.41 1.0795e-13   3660.60 1 
  3655.16 1.1098e-13   3663.35 1 
  3657.90 1.2038e-13   3666.10 1 
  3660.64 1.3878e-13   3668.85 1 
  3663.39 1.1922e-13   3671.60 1 
  3666.13 1.2646e-13   3674.35 1 
  3668.87 1.0724e-13   3677.10 1 
  3671.62 1.0214e-13   3679.85 1 
  3674.36 1.1383e-13   3682.60 1 
  3677.11 1.1820e-13   3685.35 1 
  3679.85 1.1450e-13   3688.10 1 
  3682.59 1.0388e-13   3690.85 1 
  3685.34 1.1451e-13   3693.60 1 
  3688.08 1.1509e-13   3696.35 1 
  3690.83 1.2293e-13   3699.10 1 
  3693.57 1.1427e-13   3701.85 1 
  3696.31 1.3170e-13   3704.60 1 
  3699.06 1.3636e-13   3707.35 1 
  3701.80 1.2740e-13   3710.10 1 
  3704.54 1.1088e-13   3712.85 1 
  3707.29 1.1735e-13   3715.60 1 
  3710.03 1.1090e-13   3718.35 1 
  3712.78 1.1528e-13   3721.10 1 
  3715.52 1.2335e-13   3723.85 1 
  3718.26 1.3530e-13   3726.60 1 
  3721.01 1.2155e-13   3729.35 1 
  3723.75 1.2015e-13   3732.10 1 
  3726.50 1.1850e-13   3734.85 1 
  3729.24 1.1804e-13   3737.60 1 
  3731.98 1.1678e-13   3740.35 1 
  3734.73 9.6981e-14   3743.10 1 
  3737.47 9.6332e-14   3745.85 1 
  3740.21 1.0951e-13   3748.60 1 
  3742.96 1.0956e-13   3751.35 1 
  3745.70 1.0638e-13   3754.10 1 
  3748.45 1.0129e-13   3756.85 1 
  3751.19 1.0180e-13   3759.60 1 
  3753.93 1.1229e-13   3762.35 1 
  3756.68 1.1310e-13   3765.10 1 
  3759.42 1.2485e-13   3767.85 1 
  3762.17 1.2133e-13   3770.60 1 
  3764.91 1.2285e-13   3773.35 1 
  3767.65 1.2479e-13   3776.10 1 
  3770.40 1.1322e-13   3778.85 1 
  3773.14 1.2943e-13   3781.60 1 
  3775.88 1.3686e-13   3784.35 1 
  3778.63 1.4041e-13   3787.10 1 
  3781.37 1.3707e-13   3789.85 1 
  3784.12 1.2691e-13   3792.60 1 
  3786.86 1.4279e-13   3795.35 1 
  3789.60 1.2925e-13   3798.10 1 
  3792.35 1.3184e-13   3800.85 1 
  3795.09 1.1141e-13   3803.60 1 
  3797.84 1.1441e-13   3806.35 1 
  3800.58 1.2974e-13   3809.10 1 
  3803.32 1.2089e-13   3811.85 1 
  3806.07 1.3016e-13   3814.60 1 
  3808.81 1.2829e-13   3817.35 1 
  3811.55 1.2365e-13   3820.10 1 
  3814.30 1.1479e-13   3822.85 1 
  3817.04 1.2169e-13   3825.60 1 
  3819.79 1.2026e-13   3828.35 1 
  3822.53 1.1027e-13   3831.10 1 
  3825.27 1.0356e-13   3833.85 1 
  3828.02 8.5437e-14   3836.60 1 
  3830.76 9.0508e-14   3839.35 1 
  3833.51 9.6046e-14   3842.10 1 
  3836.25 8.2602e-14   3844.85 1 
  3838.99 9.0046e-14   3847.60 1 
  3841.74 1.0394e-13   3850.35 1 
  3844.48 1.0462e-13   3853.10 1 
  3847.22 1.1917e-13   3855.85 1 
  3849.97 1.2903e-13   3858.60 1 
  3852.71 1.1643e-13   3861.35 1 
  3855.46 1.2466e-13   3864.10 1 
  3858.20 1.2609e-13   3866.85 1 
  3860.94 1.1776e-13   3869.60 1 
  3863.69 1.1120e-13   3872.35 1 
  3866.43 1.2715e-13   3875.10 1 
  3869.18 1.2622e-13   3877.85 1 
  3871.92 1.2868e-13   3880.60 1 
  3874.66 1.1480e-13   3883.35 1 
  3877.41 1.1539e-13   3886.10 1 
  3880.15 1.1303e-13   3888.85 1 
  3882.89 1.1683e-13   3891.60 1 
  3885.64 1.0716e-13   3894.35 1 
  3888.38 1.2235e-13   3897.10 1 
  3891.13 1.1950e-13   3899.85 1 
  3893.87 1.2405e-13   3902.60 1 
  3896.61 1.4090e-13   3905.35 1 
  3899.36 1.3614e-13   3908.10 1 
  3902.10 1.3557e-13   3910.85 1 
  3904.85 1.4357e-13   3913.60 1 
  3907.59 1.4032e-13   3916.35 1 
  3910.33 1.4925e-13   3919.10 1 
  3913.08 1.4003e-13   3921.85 1 
  3915.82 1.4764e-13   3924.60 1 
  3918.56 1.4509e-13   3927.35 1 
  3921.31 1.3764e-13   3930.10 1 
  3924.05 1.2295e-13   3932.85 1 
  3926.80 1.0817e-13   3935.60 1 
  3929.54 1.0002e-13   3938.35 1 
  3932.28 8.7693e-14   3941.10 1 
  3935.03 7.9365e-14   3943.85 1 
  3937.77 8.1308e-14   3946.60 1 
  3940.52 9.0182e-14   3949.35 1 
  3943.26 1.1190e-13   3952.10 1 
  3946.00 1.2279e-13   3954.85 1 
  3948.75 1.3266e-13   3957.60 1 
  3951.49 1.4281e-13   3960.35 1 
  3954.23 1.4361e-13   3963.10 1 
  3956.98 1.3979e-13   3965.85 1 
  3959.72 1.3586e-13   3968.60 1 
  3962.47 1.2109e-13   3971.35 1 
  3965.21 9.9492e-14   3974.10 1 
  3967.95 8.9211e-14   3976.85 1 
  3970.70 8.4167e-14   3979.60 1 
  3973.44 9.2271e-14   3982.35 1 
  3976.19 1.0881e-13   3985.10 1 
  3978.93 1.2828e-13   3987.85 1 
  3981.67 1.5195e-13   3990.60 1 
  3984.42 1.6784e-13   3993.35 1 
  3987.16 1.7014e-13   3996.10 1 
  3989.90 1.7398e-13   3998.85 1 
  3992.65 1.8200e-13   4001.60 1 
  3995.39 1.8455e-13   4004.35 1 
  3998.14 1.9026e-13   4007.10 1 
  4000.88 1.9243e-13   4009.85 1 
  4003.62 1.8775e-13   4012.60 1 
  4006.37 1.9065e-13   4015.35 1 
  4009.11 1.9177e-13   4018.10 1 
  4011.86 1.9665e-13   4020.85 1 
  4014.60 1.9835e-13   4023.60 1 
  4017.34 2.0361e-13   4026.35 1 
  4020.09 1.9956e-13   4029.10 1 
  4022.83 1.9988e-13   4031.85 1 
  4025.57 2.0437e-13   4034.60 1 
  4028.32 1.9937e-13   4037.35 1 
  4031.06 1.9377e-13   4040.10 1 
  4033.81 1.9066e-13   4042.85 1 
  4036.55 1.9409e-13   4045.60 1 
  4039.29 2.0111e-13   4048.35 1 
  4042.04 1.9906e-13   4051.10 1 
  4044.78 1.8764e-13   4053.85 1 
  4047.53 1.8999e-13   4056.60 1 
  4050.27 1.9353e-13   4059.35 1 
  4053.01 1.9111e-13   4062.10 1 
  4055.76 1.9431e-13   4064.85 1 
  4058.50 1.9588e-13   4067.60 1 
  4061.24 1.9095e-13   4070.35 1 
  4063.99 1.9014e-13   4073.10 1 
  4066.73 1.8917e-13   4075.85 1 
  4069.48 1.9143e-13   4078.60 1 
  4072.22 1.8896e-13   4081.35 1 
  4074.96 1.8556e-13   4084.10 1 
  4077.71 1.9367e-13   4086.85 1 
  4080.45 1.9644e-13   4089.60 1 
  4083.20 1.9680e-13   4092.35 1 
  4085.94 2.0372e-13   4095.10 1 
  4088.68 2.1116e-13   4097.85 1 
  4091.43 2.0853e-13   4100.60 1 
  4094.17 2.0047e-13   4103.35 1 
  4096.91 1.9246e-13   4106.10 1 
  4099.66 1.8523e-13   4108.85 1 
  4102.40 1.7224e-13   4111.60 1 
  4105.15 1.6869e-13   4114.35 1 
  4107.89 1.8140e-13   4117.10 1 
  4110.63 1.8949e-13   4119.85 1 
  4113.38 1.9212e-13   4122.60 1 
  4116.12 1.9655e-13   4125.35 1 
  4118.87 2.0210e-13   4128.10 1 
  4121.61 1.9981e-13   4130.85 1 
  4124.35 2.0161e-13   4133.60 1 
  4127.10 2.0235e-13   4136.35 1 
  4129.84 1.9528e-13   4139.10 1 
  4132.58 1.9696e-13   4141.85 1 
  4135.33 2.0089e-13   4144.60 1 
  4138.07 2.0360e-13   4147.35 1 
  4140.82 2.0582e-13   4150.10 1 
  4143.56 2.0105e-13   4152.85 1 
  4146.30 2.0124e-13   4155.60 1 
  4149.05 1.9509e-13   4158.35 1 
  4151.79 1.9519e-13   4161.10 1 
  4154.54 1.9858e-13   4163.85 1 
  4157.28 2.0009e-13   4166.60 1 
  4160.02 2.0117e-13   4169.35 1 
  4162.77 2.0034e-13   4172.10 1 
  4165.51 2.0549e-13   4174.85 1 
  4168.25 2.0162e-13   4177.60 1 
  4171.00 1.9431e-13   4180.35 1 
  4173.74 1.9375e-13   4183.10 1 
  4176.49 1.9145e-13   4185.85 1 
  4179.23 1.8785e-13   4188.60 1 
  4181.97 1.8965e-13   4191.35 1 
  4184.72 1.9100e-13   4194.10 1 
  4187.46 1.9330e-13   4196.85 1 
  4190.21 1.9960e-13   4199.60 1 
  4192.95 1.9496e-13   4202.35 1 
  4195.69 1.9178e-13   4205.10 1 
  4198.44 1.9081e-13   4207.85 1 
  4201.18 1.9413e-13   4210.60 1 
  4203.92 1.9403e-13   4213.35 1 
  4206.67 2.0182e-13   4216.10 1 
  4209.41 2.0258e-13   4218.85 1 
  4212.16 2.0949e-13   4221.60 1 
  4214.90 2.0447e-13   4224.35 1 
  4217.64 2.0940e-13   4227.10 1 
  4220.39 2.0769e-13   4229.85 1 
  4223.13 1.9319e-13   4232.60 1 
  4225.88 1.8873e-13   4235.35 1 
  4228.62 1.8967e-13   4238.10 1 
  4231.36 1.8858e-13   4240.85 1 
  4234.11 1.9533e-13   4243.60 1 
  4236.85 1.9958e-13   4246.35 1 
  4239.59 2.0351e-13   4249.10 1 
  4242.34 2.0442e-13   4251.85 1 
  4245.08 2.1098e-13   4254.60 1 
  4247.83 2.1260e-13   4257.35 1 
  4250.57 2.0455e-13   4260.10 1 
  4253.31 2.0577e-13   4262.85 1 
  4256.06 2.0545e-13   4265.60 1 
  4258.80 1.9826e-13   4268.35 1 
  4261.55 1.9947e-13   4271.10 1 
  4264.29 2.0502e-13   4273.85 1 
  4267.03 2.1081e-13   4276.60 1 
  4269.78 2.0266e-13   4279.35 1 
  4272.52 1.9326e-13   4282.10 1 
  4275.26 1.8839e-13   4284.85 1 
  4278.01 1.9605e-13   4287.60 1 
  4280.75 1.9936e-13   4290.35 1 
  4283.50 1.9814e-13   4293.10 1 
  4286.24 1.9592e-13   4295.85 1 
  4288.98 1.9027e-13   4298.60 1 
  4291.73 1.8997e-13   4301.35 1 
  4294.47 1.8473e-13   4304.10 1 
  4297.22 1.7964e-13   4306.85 1 
  4299.96 1.6686e-13   4309.60 1 
  4302.70 1.5685e-13   4312.35 1 
  4305.45 1.6015e-13   4315.10 1 
  4308.19 1.5897e-13   4317.85 1 
  4310.93 1.6126e-13   4320.60 1 
  4313.68 1.7766e-13   4323.35 1 
  4316.42 2.0314e-13   4326.10 1 
  4319.17 2.0813e-13   4328.85 1 
  4321.91 2.1339e-13   4331.60 1 
  4324.65 2.1289e-13   4334.35 1 
  4327.40 2.0631e-13   4337.10 1 
  4330.14 2.1200e-13   4339.85 1 
  4332.89 2.1863e-13   4342.60 1 
  4335.63 2.1540e-13   4345.35 1 
  4338.37 2.1073e-13   4348.10 1 
  4341.12 2.0072e-13   4350.85 1 
  4343.86 2.0042e-13   4353.60 1 
  4346.61 2.0871e-13   4356.35 1 
  4349.35 2.2334e-13   4359.10 1 
  4352.09 2.2329e-13   4361.85 1 
  4354.84 2.2285e-13   4364.60 1 
  4357.58 2.3226e-13   4367.35 1 
  4360.32 2.3463e-13   4370.10 1 
  4363.07 2.3159e-13   4372.85 1 
  4365.81 2.4560e-13   4375.60 1 
  4368.56 2.4091e-13   4378.35 1 
  4371.30 2.3635e-13   4381.10 1 
  4374.04 2.2103e-13   4383.85 1 
  4376.79 2.1937e-13   4386.60 1 
  4379.53 2.1480e-13   4389.35 1 
  4382.28 2.1332e-13   4392.10 1 
  4385.02 2.0782e-13   4394.85 1 
  4387.76 2.0570e-13   4397.60 1 
  4390.51 2.0864e-13   4400.35 1 
  4393.25 2.2162e-13   4403.10 1 
  4395.99 2.1190e-13   4405.85 1 
  4398.74 2.2343e-13   4408.60 1 
  4401.48 2.3178e-13   4411.35 1 
  4404.23 2.1755e-13   4414.10 1 
  4406.97 2.1998e-13   4416.85 1 
  4409.71 2.3161e-13   4419.60 1 
  4412.46 2.2584e-13   4422.35 1 
  4415.20 2.3316e-13   4425.10 1 
  4417.95 2.4044e-13   4427.85 1 
  4420.69 2.4017e-13   4430.60 1 
  4423.43 2.4258e-13   4433.35 1 
  4426.18 2.3834e-13   4436.10 1 
  4428.92 2.4824e-13   4438.85 1 
  4431.66 2.3311e-13   4441.60 1 
  4434.41 2.3758e-13   4444.35 1 
  4437.15 2.3822e-13   4447.10 1 
  4439.90 2.4324e-13   4449.85 1 
  4442.64 2.4399e-13   4452.60 1 
  4445.38 2.4813e-13   4455.35 1 
  4448.13 2.4884e-13   4458.10 1 
  4450.87 2.5163e-13   4460.85 1 
  4453.62 2.4578e-13   4463.60 1 
  4456.36 2.3473e-13   4466.35 1 
  4459.10 2.3008e-13   4469.10 1 
  4461.85 2.2700e-13   4471.85 1 
  4464.59 2.3398e-13   4474.60 1 
  4467.33 2.4008e-13   4477.35 1 
  4470.08 2.4554e-13   4480.10 1 
  4472.82 2.5175e-13   4482.85 1 
  4475.57 2.5676e-13   4485.60 1 
  4478.31 2.5164e-13   4488.35 1 
  4481.05 2.5626e-13   4491.10 1 
  4483.80 2.5415e-13   4493.85 1 
  4486.54 2.5830e-13   4496.60 1 
  4489.29 2.6138e-13   4499.35 1 
  4492.03 2.5697e-13   4502.10 1 
  4494.77 2.5955e-13   4504.85 1 
  4497.52 2.6092e-13   4507.60 1 
  4500.26 2.6211e-13   4510.35 1 
  4503.00 2.6542e-13   4513.10 1 
  4505.75 2.7511e-13   4515.85 1 
  4508.49 2.8185e-13   4518.60 1 
  4511.24 2.7463e-13   4521.35 1 
  4513.98 2.7040e-13   4524.10 1 
  4516.72 2.6985e-13   4526.85 1 
  4519.47 2.7423e-13   4529.60 1 
  4522.21 2.6978e-13   4532.35 1 
  4524.96 2.6294e-13   4535.10 1 
  4527.70 2.5149e-13   4537.85 1 
  4530.44 2.4203e-13   4540.60 1 
  4533.19 2.4381e-13   4543.35 1 
  4535.93 2.4774e-13   4546.10 1 
  4538.67 2.5027e-13   4548.85 1 
  4541.42 2.5511e-13   4551.60 1 
  4544.16 2.5791e-13   4554.35 1 
  4546.91 2.5865e-13   4557.10 1 
  4549.65 2.5415e-13   4559.85 1 
  4552.39 2.5444e-13   4562.60 1 
  4555.14 2.5439e-13   4565.35 1 
  4557.88 2.5524e-13   4568.10 1 
  4560.63 2.5806e-13   4570.85 1 
  4563.37 2.6657e-13   4573.60 1 
  4566.11 2.7342e-13   4576.35 1 
  4568.86 2.6953e-13   4579.10 1 
  4571.60 2.7242e-13   4581.85 1 
  4574.34 2.7175e-13   4584.60 1 
  4577.09 2.7168e-13   4587.35 1 
  4579.83 2.6886e-13   4590.10 1 
  4582.58 2.6099e-13   4592.85 1 
  4585.32 2.5999e-13   4595.60 1 
  4588.06 2.6323e-13   4598.35 1 
  4590.81 2.6768e-13   4601.10 1 
  4593.55 2.6697e-13   4603.85 1 
  4596.30 2.6128e-13   4606.60 1 
  4599.04 2.6305e-13   4609.35 1 
  4601.78 2.6103e-13   4612.10 1 
  4604.53 2.6248e-13   4614.85 1 
  4607.27 2.6975e-13   4617.60 1 
  4610.01 2.7543e-13   4620.35 1 
  4612.76 2.7806e-13   4623.10 1 
  4615.50 2.8295e-13   4625.85 1 
  4618.25 2.8466e-13   4628.60 1 
  4620.99 2.8541e-13   4631.35 1 
  4623.73 2.8419e-13   4634.10 1 
  4626.48 2.8173e-13   4636.85 1 
  4629.22 2.8045e-13   4639.60 1 
  4631.97 2.7615e-13   4642.35 1 
  4634.71 2.7745e-13   4645.10 1 
  4637.45 2.7407e-13   4647.85 1 
  4640.20 2.7191e-13   4650.60 1 
  4642.94 2.6885e-13   4653.35 1 
  4645.68 2.6153e-13   4656.10 1 
  4648.43 2.5900e-13   4658.85 1 
  4651.17 2.6175e-13   4661.60 1 
  4653.92 2.6127e-13   4664.35 1 
  4656.66 2.6411e-13   4667.10 1 
  4659.40 2.7000e-13   4669.85 1 
  4662.15 2.7262e-13   4672.60 1 
  4664.89 2.6634e-13   4675.35 1 
  4667.64 2.5997e-13   4678.10 1 
  4670.38 2.5464e-13   4680.85 1 
  4673.12 2.5466e-13   4683.60 1 
  4675.87 2.6014e-13   4686.35 1 
  4678.61 2.6295e-13   4689.10 1 
  4681.35 2.6300e-13   4691.85 1 
  4684.10 2.6290e-13   4694.60 1 
  4686.84 2.6546e-13   4697.35 1 
  4689.59 2.6356e-13   4700.10 1 
  4692.33 2.6377e-13   4702.85 1 
  4695.07 2.6026e-13   4705.60 1 
  4697.82 2.6431e-13   4708.35 1 
  4700.56 2.6342e-13   4711.10 1 
  4703.31 2.5588e-13   4713.85 1 
  4706.05 2.5170e-13   4716.60 1 
  4708.79 2.5341e-13   4719.35 1 
  4711.54 2.5493e-13   4722.10 1 
  4714.28 2.5937e-13   4724.85 1 
  4717.02 2.6428e-13   4727.60 1 
  4719.77 2.6770e-13   4730.35 1 
  4722.51 2.6969e-13   4733.10 1 
  4725.26 2.7155e-13   4735.85 1 
  4728.00 2.7222e-13   4738.60 1 
  4730.74 2.6970e-13   4741.35 1 
  4733.49 2.6477e-13   4744.10 1 
  4736.23 2.6583e-13   4746.85 1 
  4738.98 2.7015e-13   4749.60 1 
  4741.72 2.7297e-13   4752.35 1 
  4744.46 2.7604e-13   4755.10 1 
  4747.21 2.7873e-13   4757.85 1 
  4749.95 2.8131e-13   4760.60 1 
  4752.69 2.7891e-13   4763.35 1 
  4755.44 2.7838e-13   4766.10 1 
  4758.18 2.6976e-13   4768.85 1 
  4760.93 2.6622e-13   4771.60 1 
  4763.67 2.6476e-13   4774.35 1 
  4766.41 2.6414e-13   4777.10 1 
  4769.16 2.6757e-13   4779.85 1 
  4771.90 2.7423e-13   4782.60 1 
  4774.65 2.7439e-13   4785.35 1 
  4777.39 2.7677e-13   4788.10 1 
  4780.13 2.7891e-13   4790.85 1 
  4782.88 2.7708e-13   4793.60 1 
  4785.62 2.7624e-13   4796.35 1 
  4788.36 2.7415e-13   4799.10 1 
  4791.11 2.7574e-13   4801.85 1 
  4793.85 2.7894e-13   4804.60 1 
  4796.60 2.8200e-13   4807.35 1 
  4799.34 2.8528e-13   4810.10 1 
  4802.08 2.8336e-13   4812.85 1 
  4804.83 2.8400e-13   4815.60 1 
  4807.57 2.8432e-13   4818.35 1 
  4810.32 2.8263e-13   4821.10 1 
  4813.06 2.8310e-13   4823.85 1 
  4815.80 2.8801e-13   4826.60 1 
  4818.55 2.9351e-13   4829.35 1 
  4821.29 2.8869e-13   4832.10 1 
  4824.03 2.8730e-13   4834.85 1 
  4826.78 2.8245e-13   4837.60 1 
  4829.52 2.7820e-13   4840.35 1 
  4832.27 2.7915e-13   4843.10 1 
  4835.01 2.8046e-13   4845.85 1 
  4837.75 2.8230e-13   4848.60 1 
  4840.50 2.8029e-13   4851.35 1 
  4843.24 2.7434e-13   4854.10 1 
  4845.99 2.7370e-13   4856.85 1 
  4848.73 2.7503e-13   4859.60 1 
  4851.47 2.7841e-13   4862.35 1 
  4854.22 2.7232e-13   4865.10 1 
  4856.96 2.6583e-13   4867.85 1 
  4859.70 2.5148e-13   4870.60 1 
  4862.45 2.4126e-13   4873.35 1 
  4865.19 2.3977e-13   4876.10 1 
  4867.94 2.4764e-13   4878.85 1 
  4870.68 2.5259e-13   4881.60 1 
  4873.42 2.5675e-13   4884.35 1 
  4876.17 2.6359e-13   4887.10 1 
  4878.91 2.6906e-13   4889.85 1 
  4881.66 2.7195e-13   4892.60 1 
  4884.40 2.6932e-13   4895.35 1 
  4887.14 2.6590e-13   4898.10 1 
  4889.89 2.6500e-13   4900.85 1 
  4892.63 2.6440e-13   4903.60 1 
  4895.37 2.7144e-13   4906.35 1 
  4898.12 2.8290e-13   4909.10 1 
  4900.86 2.8603e-13   4911.85 1 
  4903.61 2.8388e-13   4914.60 1 
  4906.35 2.8066e-13   4917.35 1 
  4909.09 2.8006e-13   4920.10 1 
  4911.84 2.8004e-13   4922.85 1 
  4914.58 2.8001e-13   4925.60 1 
  4917.33 2.7183e-13   4928.35 1 
  4920.07 2.6461e-13   4931.10 1 
  4922.81 2.6250e-13   4933.85 1 
  4925.56 2.6729e-13   4936.60 1 
  4928.30 2.7004e-13   4939.35 1 
  4931.04 2.7717e-13   4942.10 1 
  4933.79 2.8437e-13   4944.85 1 
  4936.53 2.7740e-13   4947.60 1 
  4939.28 2.7518e-13   4950.35 1 
  4942.02 2.7929e-13   4953.10 1 
  4944.76 2.8204e-13   4955.85 1 
  4947.51 2.8610e-13   4958.60 1 
  4950.25 2.9071e-13   4961.35 1 
  4953.00 2.8851e-13   4964.10 1 
  4955.74 2.8608e-13   4966.85 1 
  4958.48 2.8032e-13   4969.60 1 
  4961.23 2.7506e-13   4972.35 1 
  4963.97 2.7501e-13   4975.10 1 
  4966.71 2.7365e-13   4977.85 1 
  4969.46 2.7553e-13   4980.60 1 
  4972.20 2.8369e-13   4983.35 1 
  4974.95 2.8521e-13   4986.10 1 
  4977.69 2.7646e-13   4988.85 1 
  4980.43 2.7035e-13   4991.60 1 
  4983.18 2.7115e-13   4994.35 1 
  4985.92 2.6223e-13   4997.10 1 
  4988.67 2.6170e-13   4999.85 1 
  4991.41 2.6599e-13   5002.60 1 
  4994.15 2.6865e-13   5005.35 1 
  4996.90 2.7089e-13   5008.10 1 
  4999.64 2.6810e-13   5010.85 1 
  5002.38 2.6317e-13   5013.60 1 
  5005.13 2.6628e-13   5016.35 1 
  5007.87 2.6898e-13   5019.10 1 
  5010.62 2.6782e-13   5021.85 1 
  5013.36 2.5667e-13   5024.60 1 
  5016.10 2.5474e-13   5027.35 1 
  5018.85 2.5132e-13   5030.10 1 
  5021.59 2.5102e-13   5032.85 1 
  5024.34 2.5585e-13   5035.60 1 
  5027.08 2.5692e-13   5038.35 1 
  5029.82 2.6227e-13   5041.10 1 
  5032.57 2.6722e-13   5043.85 1 
  5035.31 2.7186e-13   5046.60 1 
  5038.05 2.6376e-13   5049.35 1 
  5040.80 2.5946e-13   5052.10 1 
  5043.54 2.6599e-13   5054.85 1 
  5046.29 2.5878e-13   5057.60 1 
  5049.03 2.6073e-13   5060.35 1 
  5051.77 2.6567e-13   5063.10 1 
  5054.52 2.6874e-13   5065.85 1 
  5057.26 2.7517e-13   5068.60 1 
  5060.01 2.7859e-13   5071.35 1 
  5062.75 2.7866e-13   5074.10 1 
  5065.49 2.7683e-13   5076.85 1 
  5068.24 2.7725e-13   5079.60 1 
  5070.98 2.6686e-13   5082.35 1 
  5073.72 2.6272e-13   5085.10 1 
  5076.47 2.6677e-13   5087.85 1 
  5079.21 2.6520e-13   5090.60 1 
  5081.96 2.6246e-13   5093.35 1 
  5084.70 2.5981e-13   5096.10 1 
  5087.44 2.6333e-13   5098.85 1 
  5090.19 2.6381e-13   5101.60 1 
  5092.93 2.6904e-13   5104.35 1 
  5095.68 2.6935e-13   5107.10 1 
  5098.42 2.6847e-13   5109.85 1 
  5101.16 2.6134e-13   5112.60 1 
  5103.91 2.6136e-13   5115.35 1 
  5106.65 2.6401e-13   5118.10 1 
  5109.39 2.6426e-13   5120.85 1 
  5112.14 2.6205e-13   5123.60 1 
  5114.88 2.6698e-13   5126.35 1 
  5117.63 2.6984e-13   5129.10 1 
  5120.37 2.7340e-13   5131.85 1 
  5123.11 2.6392e-13   5134.60 1 
  5125.86 2.6246e-13   5137.35 1 
  5128.60 2.5587e-13   5140.10 1 
  5131.35 2.5679e-13   5142.85 1 
  5134.09 2.6028e-13   5145.60 1 
  5136.83 2.5895e-13   5148.35 1 
  5139.58 2.5982e-13   5151.10 1 
  5142.32 2.5807e-13   5153.85 1 
  5145.06 2.5547e-13   5156.60 1 
  5147.81 2.5346e-13   5159.35 1 
  5150.55 2.4820e-13   5162.10 1 
  5153.30 2.5538e-13   5164.85 1 
  5156.04 2.5816e-13   5167.60 1 
  5158.78 2.5793e-13   5170.35 1 
  5161.53 2.5975e-13   5173.10 1 
  5164.27 2.4978e-13   5175.85 1 
  5167.02 2.3450e-13   5178.60 1 
  5169.76 2.2408e-13   5181.35 1 
  5172.50 2.1554e-13   5184.10 1 
  5175.25 2.1699e-13   5186.85 1 
  5177.99 2.2366e-13   5189.60 1 
  5180.73 2.2994e-13   5192.35 1 
  5183.48 2.3282e-13   5195.10 1 
  5186.22 2.3271e-13   5197.85 1 
  5188.97 2.3377e-13   5200.60 1 
  5191.71 2.4150e-13   5203.35 1 
  5194.45 2.5011e-13   5206.10 1 
  5197.20 2.5556e-13   5208.85 1 
  5199.94 2.6017e-13   5211.60 1 
  5202.69 2.5558e-13   5214.35 1 
  5205.43 2.5140e-13   5217.10 1 
  5208.17 2.5194e-13   5219.85 1 
  5210.92 2.4928e-13   5222.60 1 
  5213.66 2.5313e-13   5225.35 1 
  5216.40 2.5929e-13   5228.10 1 
  5219.15 2.6719e-13   5230.85 1 
  5221.89 2.6857e-13   5233.60 1 
  5224.64 2.6714e-13   5236.35 1 
  5227.38 2.6517e-13   5239.10 1 
  5230.12 2.6155e-13   5241.85 1 
  5232.87 2.6319e-13   5244.60 1 
  5235.61 2.6571e-13   5247.35 1 
  5238.36 2.7333e-13   5250.10 1 
  5241.10 2.7831e-13   5252.85 1 
  5243.84 2.7710e-13   5255.60 1 
  5246.59 2.7808e-13   5258.35 1 
  5249.33 2.7769e-13   5261.10 1 
  5252.07 2.7112e-13   5263.85 1 
  5254.82 2.7365e-13   5266.60 1 
  5257.56 2.7694e-13   5269.35 1 
  5260.31 2.7642e-13   5272.10 1 
  5263.05 2.6576e-13   5274.85 1 
  5265.79 2.5804e-13   5277.60 1 
  5268.54 2.4469e-13   5280.35 1 
  5271.28 2.4287e-13   5283.10 1 
  5274.03 2.5055e-13   5285.85 1 
  5276.77 2.6186e-13   5288.60 1 
  5279.51 2.7255e-13   5291.35 1 
  5282.26 2.7922e-13   5294.10 1 
  5285.00 2.8426e-13   5296.85 1 
  5287.74 2.8808e-13   5299.60 1 
  5290.49 2.9294e-13   5302.35 1 
  5293.23 2.9577e-13   5305.10 1 
  5295.98 2.9071e-13   5307.85 1 
  5298.72 2.8735e-13   5310.60 1 
  5301.46 2.8346e-13   5313.35 1 
  5304.21 2.8749e-13   5316.10 1 
  5306.95 3.0108e-13   5318.85 1 
  5309.70 3.0646e-13   5321.60 1 
  5312.44 3.0423e-13   5324.35 1 
  5315.18 3.0595e-13   5327.10 1 
  5317.93 3.0383e-13   5329.85 1 
  5320.67 2.9999e-13   5332.60 1 
  5323.42 2.8945e-13   5335.35 1 
  5326.16 2.8294e-13   5338.10 1 
  5328.90 2.7589e-13   5340.85 1 
  5331.65 2.7565e-13   5343.60 1 
  5334.39 2.7807e-13   5346.35 1 
  5337.13 2.8444e-13   5349.10 1 
  5339.88 2.9027e-13   5351.85 1 
  5342.62 2.9471e-13   5354.60 1 
  5345.37 2.9037e-13   5357.35 1 
  5348.11 2.8820e-13   5360.10 1 
  5350.85 2.9575e-13   5362.85 1 
  5353.60 2.9889e-13   5365.60 1 
  5356.34 3.0531e-13   5368.35 1 
  5359.09 3.1047e-13   5371.10 1 
  5361.83 3.0727e-13   5373.85 1 
  5364.57 3.0067e-13   5376.60 1 
  5367.32 2.9383e-13   5379.35 1 
  5370.06 2.9092e-13   5382.10 1 
  5372.80 2.8886e-13   5384.85 1 
  5375.55 2.9206e-13   5387.60 1 
  5378.29 2.9831e-13   5390.35 1 
  5381.04 3.0009e-13   5393.10 1 
  5383.78 2.9712e-13   5395.85 1 
  5386.52 2.9337e-13   5398.60 1 
  5389.27 2.9399e-13   5401.35 1 
  5392.01 2.9084e-13   5404.10 1 
  5394.76 2.8826e-13   5406.85 1 
  5397.50 2.8295e-13   5409.60 1 
  5400.24 2.7776e-13   5412.35 1 
  5402.99 2.7718e-13   5415.10 1 
  5405.73 2.7322e-13   5417.85 1 
  5408.47 2.7331e-13   5420.60 1 
  5411.22 2.7575e-13   5423.35 1 
  5413.96 2.8408e-13   5426.10 1 
  5416.71 2.8942e-13   5428.85 1 
  5419.45 2.9108e-13   5431.60 1 
  5422.19 2.9260e-13   5434.35 1 
  5424.94 2.8972e-13   5437.10 1 
  5427.68 2.8978e-13   5439.85 1 
  5430.43 2.8589e-13   5442.60 1 
  5433.17 2.8578e-13   5445.35 1 
  5435.91 2.8339e-13   5448.10 1 
  5438.66 2.8854e-13   5450.85 1 
  5441.40 2.9177e-13   5453.60 1 
  5444.14 2.9757e-13   5456.35 1 
  5446.89 2.9355e-13   5459.10 1 
  5449.63 2.8760e-13   5461.85 1 
  5452.38 2.8638e-13   5464.60 1 
  5455.12 2.8299e-13   5467.35 1 
  5457.86 2.8620e-13   5470.10 1 
  5460.61 2.8877e-13   5472.85 1 
  5463.35 2.8893e-13   5475.60 1 
  5466.10 2.8624e-13   5478.35 1 
  5468.84 2.8705e-13   5481.10 1 
  5471.58 2.8733e-13   5483.85 1 
  5474.33 2.8272e-13   5486.60 1 
  5477.07 2.8130e-13   5489.35 1 
  5479.81 2.7982e-13   5492.10 1 
  5482.56 2.8356e-13   5494.85 1 
  5485.30 2.8750e-13   5497.60 1 
  5488.05 2.8916e-13   5500.35 1 
  5490.79 2.9174e-13   5503.10 1 
  5493.53 2.9141e-13   5505.85 1 
  5496.28 2.9442e-13   5508.60 1 
  5499.02 2.9520e-13   5511.35 1 
  5501.77 2.9491e-13   5514.10 1 
  5504.51 2.9293e-13   5516.85 1 
  5507.25 2.8564e-13   5519.60 1 
  5510.00 2.8318e-13   5522.35 1 
  5512.74 2.8331e-13   5525.10 1 
  5515.48 2.8686e-13   5527.85 1 
  5518.23 2.8918e-13   5530.60 1 
  5520.97 2.9113e-13   5533.35 1 
  5523.72 2.9162e-13   5536.10 1 
  5526.46 2.9190e-13   5538.85 1 
  5529.20 2.9310e-13   5541.60 1 
  5531.95 2.9278e-13   5544.35 1 
  5534.69 2.9525e-13   5547.10 1 
  5537.44 2.8843e-13   5549.85 1 
  5540.18 2.9127e-13   5552.60 1 
  5542.92 2.8984e-13   5555.35 1 
  5545.67 3.0162e-13   5558.10 1 
  5548.41 2.9789e-13   5560.85 1 
  5551.15 3.0116e-13   5563.60 1 
  5553.90 3.0439e-13   5566.35 1 
  5556.64 2.9940e-13   5569.10 1 
  5559.39 3.0227e-13   5571.85 1 
  5562.13 2.9114e-13   5574.60 1 
  5564.87 2.8990e-13   5577.35 1 
  5567.62 2.9015e-13   5580.10 1 
  5570.36 2.9065e-13   5582.85 1 
  5573.11 2.8396e-13   5585.60 1 
  5575.85 2.9549e-13   5588.35 1 
  5578.59 2.9038e-13   5591.10 1 
  5581.34 2.8863e-13   5593.85 1 
  5584.08 2.9416e-13   5596.60 1 
  5586.82 2.8833e-13   5599.35 1 
  5589.57 2.7746e-13   5602.10 1 
  5592.31 2.7896e-13   5604.85 1 
  5595.06 2.7693e-13   5607.60 1 
  5597.80 2.8266e-13   5610.35 1 
  5600.54 2.8356e-13   5613.10 1 
  5603.29 2.8520e-13   5615.85 1 
  5606.03 2.9076e-13   5618.60 1 
  5608.78 2.9274e-13   5621.35 1 
  5611.52 2.9715e-13   5624.10 1 
  5614.26 3.0036e-13   5626.85 1 
  5617.01 2.9543e-13   5629.60 1 
  5619.75 2.8750e-13   5632.35 1 
  5622.49 2.8842e-13   5635.10 1 
  5625.24 2.8610e-13   5637.85 1 
  5627.98 2.8710e-13   5640.60 1 
  5630.73 2.9298e-13   5643.35 1 
  5633.47 2.9611e-13   5646.10 1 
  5636.21 2.9497e-13   5648.85 1 
  5638.96 2.9157e-13   5651.60 1 
  5641.70 2.8990e-13   5654.35 1 
  5644.45 2.8836e-13   5657.10 1 
  5647.19 2.8932e-13   5659.85 1 
  5649.93 2.9653e-13   5662.60 1 
  5652.68 2.9190e-13   5665.35 1 
  5655.42 2.9129e-13   5668.10 1 
  5658.16 2.9065e-13   5670.85 1 
  5660.91 2.8984e-13   5673.60 1 
  5663.65 2.8879e-13   5676.35 1 
  5666.40 2.8980e-13   5679.10 1 
  5669.14 2.8818e-13   5681.85 1 
  5671.88 2.9932e-13   5684.60 1 
  5674.63 3.0074e-13   5687.35 1 
  5677.37 2.9755e-13   5690.10 1 
  5680.12 3.0115e-13   5692.85 1 
  5682.86 2.9635e-13   5695.60 1 
  5685.60 2.9595e-13   5698.35 1 
  5688.35 2.9212e-13   5701.10 1 
  5691.09 2.9242e-13   5703.85 1 
  5693.83 2.9487e-13   5706.60 1 
  5696.58 2.9548e-13   5709.35 1 
  5699.32 2.9549e-13   5712.10 1 
  5702.07 2.9561e-13   5714.85 1 
  5704.81 2.8947e-13   5717.60 1 
  5707.55 2.8522e-13   5720.35 1 
  5710.30 2.8266e-13   5723.10 1 
  5713.04 2.8022e-13   5725.85 1 
  5715.79 2.9290e-13   5728.60 1 
  5718.53 2.9330e-13   5731.35 1 
  5721.27 3.0041e-13   5734.10 1 
  5724.02 3.1003e-13   5736.85 1 
  5726.76 3.1172e-13   5739.60 1 
  5729.50 3.0889e-13   5742.35 1 
  5732.25 3.0062e-13   5745.10 1 
  5734.99 3.0243e-13   5747.85 1 
  5737.74 3.0511e-13   5750.60 1 
  5740.48 3.0301e-13   5753.35 1 
  5743.22 3.0239e-13   5756.10 1 
  5745.97 3.0308e-13   5758.85 1 
  5748.71 2.9813e-13   5761.60 1 
  5751.46 2.9713e-13   5764.35 1 
  5754.20 2.9902e-13   5767.10 1 
  5756.94 3.0176e-13   5769.85 1 
  5759.69 3.0551e-13   5772.60 1 
  5762.43 2.9821e-13   5775.35 1 
  5765.17 3.0493e-13   5778.10 1 
  5767.92 2.9953e-13   5780.85 1 
  5770.66 3.0285e-13   5783.60 1 
  5773.41 3.0765e-13   5786.35 1 
  5776.15 3.0505e-13   5789.10 1 
  5778.89 2.9445e-13   5791.85 1 
  5781.64 2.9101e-13   5794.60 1 
  5784.38 2.8853e-13   5797.35 1 
  5787.13 2.8520e-13   5800.10 1 
  5789.87 2.9327e-13   5802.85 1 
  5792.61 3.0234e-13   5805.60 1 
  5795.36 3.0102e-13   5808.35 1 
  5798.10 3.0490e-13   5811.10 1 
  5800.84 3.0320e-13   5813.85 1 
  5803.59 3.0093e-13   5816.60 1 
  5806.33 3.0291e-13   5819.35 1 
  5809.08 3.0496e-13   5822.10 1 
  5811.82 3.0914e-13   5824.85 1 
  5814.56 2.9750e-13   5827.60 1 
  5817.31 3.0059e-13   5830.35 1 
  5820.05 3.0525e-13   5833.10 1 
  5822.80 3.0553e-13   5835.85 1 
  5825.54 3.1120e-13   5838.60 1 
  5828.28 3.0481e-13   5841.35 1 
  5831.03 3.1252e-13   5844.10 1 
  5833.77 3.1153e-13   5846.85 1 
  5836.51 3.1107e-13   5849.60 1 
  5839.26 3.1212e-13   5852.35 1 
  5842.00 3.0950e-13   5855.10 1 
  5844.75 3.0683e-13   5857.85 1 
  5847.49 2.9861e-13   5860.60 1 
  5850.23 3.0745e-13   5863.35 1 
  5852.98 3.0593e-13   5866.10 1 
  5855.72 2.9922e-13   5868.85 1 
  5858.47 2.9294e-13   5871.60 1 
  5861.21 2.9024e-13   5874.35 1 
  5863.95 2.9703e-13   5877.10 1 
  5866.70 2.9779e-13   5879.85 1 
  5869.44 3.0433e-13   5882.60 1 
  5872.18 3.0313e-13   5885.35 1 
  5874.93 2.9990e-13   5888.10 1 
  5877.67 2.9530e-13   5890.85 1 
  5880.42 2.9743e-13   5893.60 1 
  5883.16 2.9959e-13   5896.35 1 
  5885.90 2.8138e-13   5899.10 1 
  5888.65 2.6265e-13   5901.85 1 
  5891.39 2.5514e-13   5904.60 1 
  5894.14 2.4573e-13   5907.35 1 
  5896.88 2.4492e-13   5910.10 1 
  5899.62 2.5964e-13   5912.85 1 
  5902.37 2.7526e-13   5915.60 1 
  5905.11 2.8085e-13   5918.35 1 
  5907.85 2.9062e-13   5921.10 1 
  5910.60 3.0149e-13   5923.85 1 
  5913.34 2.8985e-13   5926.60 1 
  5916.09 2.9483e-13   5929.35 1 
  5918.83 2.9554e-13   5932.10 1 
  5921.57 3.0009e-13   5934.85 1 
  5924.32 3.0268e-13   5937.60 1 
  5927.06 2.9201e-13   5940.35 1 
  5929.81 2.9284e-13   5943.10 1 
  5932.55 2.9796e-13   5945.85 1 
  5935.29 3.0093e-13   5948.60 1 
  5938.04 3.0118e-13   5951.35 1 
  5940.78 2.9639e-13   5954.10 1 
  5943.52 2.9996e-13   5956.85 1 
  5946.27 2.9814e-13   5959.60 1 
  5949.01 2.9503e-13   5962.35 1 
  5951.76 2.9548e-13   5965.10 1 
  5954.50 2.9435e-13   5967.85 1 
  5957.24 2.9658e-13   5970.60 1 
  5959.99 2.9716e-13   5973.35 1 
  5962.73 2.9672e-13   5976.10 1 
  5965.48 3.0062e-13   5978.85 1 
  5968.22 2.9672e-13   5981.60 1 
  5970.96 2.9818e-13   5984.35 1 
  5973.71 3.0212e-13   5987.10 1 
  5976.45 3.0106e-13   5989.85 1 
  5979.19 2.9580e-13   5992.60 1 
  5981.94 2.9139e-13   5995.35 1 
  5984.68 2.8961e-13   5998.10 1 
  5987.43 2.9418e-13   6000.85 1 
  5990.17 2.9549e-13   6003.60 1 
  5992.91 2.9588e-13   6006.35 1 
  5995.66 2.9789e-13   6009.10 1 
  5998.40 3.0318e-13   6011.85 1 
  6001.15 3.0222e-13   6014.60 1 
  6003.89 2.9445e-13   6017.35 1 
  6006.63 2.9245e-13   6020.10 1 
  6009.38 2.9372e-13   6022.85 1 
  6012.12 2.9306e-13   6025.60 1 
  6014.86 2.9302e-13   6028.35 1 
  6017.61 2.9366e-13   6031.10 1 
  6020.35 2.9612e-13   6033.85 1 
  6023.10 2.9477e-13   6036.60 1 
  6025.84 2.9361e-13   6039.35 1 
  6028.58 2.9542e-13   6042.10 1 
  6031.33 3.0074e-13   6044.85 1 
  6034.07 3.0121e-13   6047.60 1 
  6036.82 2.9972e-13   6050.35 1 
  6039.56 3.0159e-13   6053.10 1 
  6042.30 2.9960e-13   6055.85 1 
  6045.05 3.0388e-13   6058.60 1 
  6047.79 3.0519e-13   6061.35 1 
  6050.53 3.0160e-13   6064.10 1 
  6053.28 3.0128e-13   6066.85 1 
  6056.02 3.0472e-13   6069.60 1 
  6058.77 2.9746e-13   6072.35 1 
  6061.51 2.9713e-13   6075.10 1 
  6064.25 3.0235e-13   6077.85 1 
  6067.00 3.0124e-13   6080.60 1 
  6069.74 2.9911e-13   6083.35 1 
  6072.49 3.0062e-13   6086.10 1 
  6075.23 3.0510e-13   6088.85 1 
  6077.97 3.0584e-13   6091.60 1 
  6080.72 2.9841e-13   6094.35 1 
  6083.46 2.9639e-13   6097.10 1 
  6086.20 2.9459e-13   6099.85 1 
  6088.95 2.9685e-13   6102.60 1 
  6091.69 3.0253e-13   6105.35 1 
  6094.44 2.9254e-13   6108.10 1 
  6097.18 2.9638e-13   6110.85 1 
  6099.92 2.9549e-13   6113.60 1 
  6102.67 2.9909e-13   6116.35 1 
  6105.41 2.9037e-13   6119.10 1 
  6108.16 2.9536e-13   6121.85 1 
  6110.90 2.9484e-13   6124.60 1 
  6113.64 2.9640e-13   6127.35 1 
  6116.39 2.9225e-13   6130.10 1 
  6119.13 3.0057e-13   6132.85 1 
  6121.87 2.9148e-13   6135.60 1 
  6124.62 2.9399e-13   6138.35 1 
  6127.36 2.9161e-13   6141.10 1 
  6130.11 2.9795e-13   6143.85 1 
  6132.85 2.8730e-13   6146.60 1 
  6135.59 2.8428e-13   6149.35 1 
  6138.34 2.8664e-13   6152.10 1 
  6141.08 2.9176e-13   6154.85 1 
  6143.83 2.9297e-13   6157.60 1 
  6146.57 2.9532e-13   6160.35 1 
  6149.31 2.9704e-13   6163.10 1 
  6152.06 2.9616e-13   6165.85 1 
  6154.80 2.9180e-13   6168.60 1 
  6157.54 2.9397e-13   6171.35 1 
  6160.29 2.8411e-13   6174.10 1 
  6163.03 2.7403e-13   6176.85 1 
  6165.78 2.7830e-13   6179.60 1 
  6168.52 2.6845e-13   6182.35 1 
  6171.26 2.7306e-13   6185.10 1 
  6174.01 2.7930e-13   6187.85 1 
  6176.75 2.8009e-13   6190.60 1 
  6179.50 2.8414e-13   6193.35 1 
  6182.24 2.8832e-13   6196.10 1 
  6184.98 2.8524e-13   6198.85 1 
  6187.73 2.9248e-13   6201.60 1 
  6190.47 2.8616e-13   6204.35 1 
  6193.21 2.8255e-13   6207.10 1 
  6195.96 2.7873e-13   6209.85 1 
  6198.70 2.8114e-13   6212.60 1 
  6201.45 2.8048e-13   6215.35 1 
  6204.19 2.8376e-13   6218.10 1 
  6206.93 2.8807e-13   6220.85 1 
  6209.68 2.8806e-13   6223.60 1 
  6212.42 2.8179e-13   6226.35 1 
  6215.17 2.7883e-13   6229.10 1 
  6217.91 2.8049e-13   6231.85 1 
  6220.65 2.8929e-13   6234.60 1 
  6223.40 2.7542e-13   6237.35 1 
  6226.14 2.7508e-13   6240.10 1 
  6228.88 2.7561e-13   6242.85 1 
  6231.63 2.7299e-13   6245.60 1 
  6234.37 2.7230e-13   6248.35 1 
  6237.12 2.7499e-13   6251.10 1 
  6239.86 2.8518e-13   6253.85 1 
  6242.60 2.8211e-13   6256.60 1 
  6245.35 2.8060e-13   6259.35 1 
  6248.09 2.7799e-13   6262.10 1 
  6250.84 2.7577e-13   6264.85 1 
  6253.58 2.7569e-13   6267.60 1 
  6256.32 2.7272e-13   6270.35 1 
  6259.07 2.6779e-13   6273.10 1 
  6261.81 2.6640e-13   6275.85 1 
  6264.55 2.7412e-13   6278.60 1 
  6267.30 2.7338e-13   6281.35 1 
  6270.04 2.8631e-13   6284.10 1 
  6272.79 2.7899e-13   6286.85 1 
  6275.53 2.7866e-13   6289.60 1 
  6278.27 2.7443e-13   6292.35 1 
  6281.02 2.7837e-13   6295.10 1 
  6283.76 2.7883e-13   6297.85 1 
  6286.51 3.5715e-13   6300.60 1 
  6289.25 3.2675e-13   6303.35 1 
  6291.99 2.8776e-13   6306.10 1 
  6294.74 2.7471e-13   6308.85 1 
  6297.48 2.8065e-13   6311.60 1 
  6300.22 2.8018e-13   6314.35 1 
  6302.97 2.8320e-13   6317.10 1 
  6305.71 2.8523e-13   6319.85 1 
  6308.46 2.8974e-13   6322.60 1 
  6311.20 2.9133e-13   6325.35 1 
  6313.94 2.8526e-13   6328.10 1 
  6316.69 2.7682e-13   6330.85 1 
  6319.43 2.8288e-13   6333.60 1 
  6322.18 2.8823e-13   6336.35 1 
  6324.92 2.8442e-13   6339.10 1 
  6327.66 2.9194e-13   6341.85 1 
  6330.41 2.8954e-13   6344.60 1 
  6333.15 2.8528e-13   6347.35 1 
  6335.90 2.9010e-13   6350.10 1 
  6338.64 2.8675e-13   6352.85 1 
  6341.38 2.8664e-13   6355.60 1 
  6344.13 2.8861e-13   6358.35 1 
  6346.87 2.9121e-13   6361.10 1 
  6349.61 2.9213e-13   6363.85 1 
  6352.36 2.9001e-13   6366.60 1 
  6355.10 2.8877e-13   6369.35 1 
  6357.85 2.8744e-13   6372.10 1 
  6360.59 2.8176e-13   6374.85 1 
  6363.33 2.9173e-13   6377.60 1 
  6366.08 2.8819e-13   6380.35 1 
  6368.82 2.8394e-13   6383.10 1 
  6371.57 2.9351e-13   6385.85 1 
  6374.31 2.9826e-13   6388.60 1 
  6377.05 2.9432e-13   6391.35 1 
  6379.80 2.8807e-13   6394.10 1 
  6382.54 2.9220e-13   6396.85 1 
  6385.28 2.8987e-13   6399.60 1 
  6388.03 3.0009e-13   6402.35 1 
  6390.77 2.9600e-13   6405.10 1 
  6393.52 2.9505e-13   6407.85 1 
  6396.26 2.9129e-13   6410.60 1 
  6399.00 2.8445e-13   6413.35 1 
  6401.75 2.8873e-13   6416.10 1 
  6404.49 2.9018e-13   6418.85 1 
  6407.24 2.7984e-13   6421.60 1 
  6409.98 2.9057e-13   6424.35 1 
  6412.72 2.8789e-13   6427.10 1 
  6415.47 2.8608e-13   6429.85 1 
  6418.21 2.8286e-13   6432.60 1 
  6420.95 2.9245e-13   6435.35 1 
  6423.70 2.9166e-13   6438.10 1 
  6426.44 2.9150e-13   6440.85 1 
  6429.19 2.9449e-13   6443.60 1 
  6431.93 2.8534e-13   6446.35 1 
  6434.67 2.8956e-13   6449.10 1 
  6437.42 2.8714e-13   6451.85 1 
  6440.16 2.9302e-13   6454.60 1 
  6442.91 2.9679e-13   6457.35 1 
  6445.65 2.9936e-13   6460.10 1 
  6448.39 2.9933e-13   6462.85 1 
  6451.14 2.9167e-13   6465.60 1 
  6453.88 2.9334e-13   6468.35 1 
  6456.62 2.8804e-13   6471.10 1 
  6459.37 2.8834e-13   6473.85 1 
  6462.11 2.8737e-13   6476.60 1 
  6464.86 2.9214e-13   6479.35 1 
  6467.60 2.9058e-13   6482.10 1 
  6470.34 2.9824e-13   6484.85 1 
  6473.09 3.0173e-13   6487.60 1 
  6475.83 3.0161e-13   6490.35 1 
  6478.58 3.0137e-13   6493.10 1 
  6481.32 3.0901e-13   6495.85 1 
  6484.06 3.0605e-13   6498.60 1 
  6486.81 2.9133e-13   6501.35 1 
  6489.55 2.8231e-13   6504.10 1 
  6492.29 2.8180e-13   6506.85 1 
  6495.04 2.8076e-13   6509.60 1 
  6497.78 2.7955e-13   6512.35 1 
  6500.53 2.7982e-13   6515.10 1 
  6503.27 2.7882e-13   6517.85 1 
  6506.01 2.8759e-13   6520.60 1 
  6508.76 2.9514e-13   6523.35 1 
  6511.50 2.9303e-13   6526.10 1 
  6514.25 2.9848e-13   6528.85 1 
  6516.99 2.9954e-13   6531.60 1 
  6519.73 2.9460e-13   6534.35 1 
  6522.48 2.9398e-13   6537.10 1 
  6525.22 2.9570e-13   6539.85 1 
  6527.96 3.0340e-13   6542.60 1 
  6530.71 2.9929e-13   6545.35 1 
  6533.45 2.9263e-13   6548.10 1 
  6536.20 3.0127e-13   6550.85 1 
  6538.94 3.0674e-13   6553.60 1 
  6541.68 2.9799e-13   6556.35 1 
  6544.43 2.9373e-13   6559.10 1 
  6547.17 3.0148e-13   6561.85 1 
  6549.92 3.0040e-13   6564.60 1 
  6552.66 2.9638e-13   6567.35 1 
  6555.40 2.9082e-13   6570.10 1 
  6558.15 2.8438e-13   6572.85 1 
  6560.89 2.8292e-13   6575.60 1 
  6563.63 2.7805e-13   6578.35 1 
  6566.38 2.7671e-13   6581.10 1 
  6569.12 2.7627e-13   6583.85 1 
  6571.87 2.7954e-13   6586.60 1 
  6574.61 2.8185e-13   6589.35 1 
  6577.35 2.8803e-13   6592.10 1 
  6580.10 2.9613e-13   6594.85 1 
  6582.84 3.0206e-13   6597.60 1 
  6585.59 3.1136e-13   6600.35 1 
  6588.33 3.1993e-13   6603.10 1 
  6591.07 3.0131e-13   6605.85 1 
  6593.82 2.9573e-13   6608.60 1 
  6596.56 2.8197e-13   6611.35 1 
  6599.30 2.8997e-13   6614.10 1 
  6602.05 2.8976e-13   6616.85 1 
  6604.79 2.8916e-13   6619.60 1 
  6607.54 2.9046e-13   6622.35 1 
  6610.28 3.0412e-13   6625.10 1 
  6613.02 2.9463e-13   6627.85 1 
  6615.77 2.9840e-13   6630.60 1 
  6618.51 2.9676e-13   6633.35 1 
  6621.26 2.9701e-13   6636.10 1 
  6624.00 2.8938e-13   6638.85 1 
  6626.74 2.9604e-13   6641.60 1 
  6629.49 2.8892e-13   6644.35 1 
  6632.23 2.8990e-13   6647.10 1 
  6634.97 2.9219e-13   6649.85 1 
  6637.72 2.9103e-13   6652.60 1 
  6640.46 2.8432e-13   6655.35 1 
  6643.21 2.8787e-13   6658.10 1 
  6645.95 2.8975e-13   6660.85 1 
  6648.69 2.8575e-13   6663.60 1 
  6651.44 2.8756e-13   6666.35 1 
  6654.18 2.9145e-13   6669.10 1 
  6656.93 2.8693e-13   6671.85 1 
  6659.67 2.8308e-13   6674.60 1 
  6662.41 2.8769e-13   6677.35 1 
  6665.16 2.8520e-13   6680.10 1 
  6667.90 2.8325e-13   6682.85 1 
  6670.64 2.7887e-13   6685.60 1 
  6673.39 2.7986e-13   6688.35 1 
  6676.13 2.7855e-13   6691.10 1 
  6678.88 2.8013e-13   6693.85 1 
  6681.62 2.8932e-13   6696.60 1 
  6684.36 2.9147e-13   6699.35 1 
  6687.11 2.8905e-13   6702.10 1 
  6689.85 2.8699e-13   6704.85 1 
  6692.60 2.8573e-13   6707.60 1 
  6695.34 2.9014e-13   6710.35 1 
  6698.08 2.8795e-13   6713.10 1 
  6700.83 2.8636e-13   6715.85 1 
  6703.57 2.8600e-13   6718.60 1 
  6706.31 2.8325e-13   6721.35 1 
  6709.06 2.8333e-13   6724.10 1 
  6711.80 2.8878e-13   6726.85 1 
  6714.55 2.9168e-13   6729.60 1 
  6717.29 2.8889e-13   6732.35 1 
  6720.03 2.8490e-13   6735.10 1 
  6722.78 2.8419e-13   6737.85 1 
  6725.52 2.8543e-13   6740.60 1 
  6728.27 2.8511e-13   6743.35 1 
  6731.01 2.8808e-13   6746.10 1 
  6733.75 2.8925e-13   6748.85 1 
  6736.50 2.8599e-13   6751.60 1 
  6739.24 2.8405e-13   6754.35 1 
  6741.98 2.8245e-13   6757.10 1 
  6744.73 2.8006e-13   6759.85 1 
  6747.47 2.7895e-13   6762.60 1 
  6750.22 2.7734e-13   6765.35 1 
  6752.96 2.7998e-13   6768.10 1 
  6755.70 2.7647e-13   6770.85 1 
  6758.45 2.7353e-13   6773.60 1 
  6761.19 2.7927e-13   6776.35 1 
  6763.94 2.8551e-13   6779.10 1 
  6766.68 2.8075e-13   6781.85 1 
  6769.42 2.7802e-13   6784.60 1 
  6772.17 2.8160e-13   6787.35 1 
  6774.91 2.7527e-13   6790.10 1 
  6777.65 2.8119e-13   6792.85 1 
  6780.40 2.8334e-13   6795.60 1 
  6783.14 2.8549e-13   6798.35 1 
  6785.89 2.8066e-13   6801.10 1 
  6788.63 2.8647e-13   6803.85 1 
  6791.37 2.7631e-13   6806.60 1 
  6794.12 2.7150e-13   6809.35 1 
  6796.86 2.7671e-13   6812.10 1 
  6799.61 2.8003e-13   6814.85 1 
  6802.35 2.7794e-13   6817.60 1 
  6805.09 2.7937e-13   6820.35 1 
  6807.84 2.7594e-13   6823.10 1 
  6810.58 2.9724e-13   6825.85 1 
  6813.32 3.1307e-13   6828.60 1 
  6823.82 2.8589e-13   6839.12 0 
  6839.55 2.8783e-13   6854.88 0 
  6855.31 2.8713e-13   6870.68 0 
  6871.12 2.7227e-13   6886.52 0 
  6886.96 2.8180e-13   6902.40 0 
  6902.83 2.8306e-13   6918.31 0 
  6918.75 2.8498e-13   6934.26 0 
  6934.70 2.7909e-13   6950.24 0 
  6950.68 2.9152e-13   6966.26 0 
  6966.71 2.8947e-13   6982.33 0 
  6982.77 2.8414e-13   6998.42 0 
  6998.86 2.9072e-13   7014.55 0 
  7014.99 2.8603e-13   7030.72 0 
  7031.17 2.7947e-13   7046.93 0 
  7047.38 2.9872e-13   7063.18 0 
  7063.62 2.8132e-13   7079.46 0 
  7079.91 2.8388e-13   7095.78 0 
  7096.23 2.6550e-13   7112.14 0 
  7112.58 2.7164e-13   7128.53 0 
  7128.98 2.6911e-13   7144.96 0 
  7145.41 2.6416e-13   7161.43 0 
  7161.88 2.6717e-13   7177.94 0 
  7178.40 2.6836e-13   7194.49 0 
  7194.94 2.4641e-13   7211.08 0 
  7211.53 2.6157e-13   7227.70 0 
  7228.15 2.7134e-13   7244.36 0 
  7244.82 2.7192e-13   7261.06 0 
  7261.52 2.7250e-13   7277.80 0 
  7278.26 2.7881e-13   7294.57 0 
  7295.04 2.7179e-13   7311.39 0 
  7311.85 2.8194e-13   7328.25 0 
  7328.71 2.8780e-13   7345.14 0 
  7345.60 2.9582e-13   7362.07 0 
  7362.54 2.7539e-13   7379.04 0 
  7379.51 2.9777e-13   7396.05 0 
  7396.52 2.8301e-13   7413.10 0 
  7413.57 2.9494e-13   7430.19 0 
  7430.66 2.8292e-13   7447.32 0 
  7447.79 2.8880e-13   7464.49 0 
  7464.96 2.9821e-13   7481.70 0 
  7482.17 2.9272e-13   7498.94 0 
  7499.41 2.9132e-13   7516.23 0 
  7516.70 2.9262e-13   7533.56 0 
  7534.03 3.0008e-13   7550.92 0 
  7551.40 3.0420e-13   7568.33 0 
  7568.81 2.9654e-13   7585.78 0 
  7586.26 2.9581e-13   7603.26 0 
  7603.74 2.9170e-13   7620.79 0 
  7621.27 2.8964e-13   7638.36 0 
  7638.84 2.8497e-13   7655.97 0 
  7656.45 2.8361e-13   7673.61 0 
  7674.10 2.5041e-13   7691.30 0 
  7691.79 2.7770e-13   7709.04 0 
  7709.52 2.5380e-13   7726.81 0 
  7727.29 2.7442e-13   7744.62 0 
  7745.11 2.7819e-13   7762.47 0 
  7762.96 2.7307e-13   7780.37 0 
  7780.86 2.6866e-13   7798.30 0 
  7798.79 2.6861e-13   7816.28 0 
  7816.77 2.7042e-13   7834.30 0 
  7834.79 2.7731e-13   7852.36 0 
  7852.85 2.7790e-13   7870.46 0 
  7870.96 2.7721e-13   7888.60 0 
  7889.10 2.7211e-13   7906.79 0 
  7907.28 2.7081e-13   7925.01 0 
  7925.52 2.5977e-13   7943.28 0 
  7943.78 2.6700e-13   7961.59 0 
  7962.09 2.7191e-13   7979.95 0 
  7980.45 2.7312e-13   7998.34 0 
  7998.85 2.7623e-13   8016.78 0 
  8017.29 2.7365e-13   8035.26 0 
  8035.77 2.6069e-13   8053.78 0 
  8054.29 2.6794e-13   8072.35 0 
  8072.86 2.8182e-13   8090.96 0 
  8091.47 2.7095e-13   8109.61 0 
  8110.12 2.7594e-13   8128.31 0 
  8128.82 2.7716e-13   8147.04 0 
  8147.56 2.7839e-13   8165.82 0 
  8166.34 2.8027e-13   8184.65 0 
  8185.16 2.7070e-13   8203.52 0 
  8204.03 2.4970e-13   8222.43 0 
  8222.94 2.7374e-13   8241.38 0 
  8241.90 2.6257e-13   8260.38 0 
  8260.90 2.8001e-13   8279.42 0 
  8279.94 2.8060e-13   8298.51 0 
  8299.03 2.6486e-13   8317.64 0 
  8318.16 2.6542e-13   8336.81 0 
  8337.34 2.6476e-13   8356.03 0 
  8356.56 2.6410e-13   8375.29 0 
  8375.82 2.7522e-13   8394.60 0 
  8395.13 2.5680e-13   8413.95 0 
  8414.48 2.7323e-13   8433.35 0 
  8433.88 2.5908e-13   8452.79 0 
  8453.32 2.5844e-13   8472.27 0 
  8472.81 2.5839e-13   8491.80 0 
  8492.34 2.6073e-13   8511.38 0 
  8511.92 2.5067e-13   8531.00 0 
  8531.54 2.6003e-13   8550.67 0 
  8551.21 1.4654e-13   8570.38 0 
  8570.92 2.5933e-13   8590.14 0 
  8590.68 2.5750e-13   8609.94 0 
  8610.48 2.5923e-13   8629.79 0 
  8630.33 2.5563e-13   8649.68 0 
  8650.22 2.6153e-13   8669.62 0 
  8670.16 1.6347e-13   8689.60 0 
  8690.15 2.5024e-13   8709.64 0 
  8710.18 2.5309e-13   8729.71 0 
  8730.26 2.6557e-13   8749.84 0 
  8750.39 2.5651e-13   8770.01 0 
  8770.56 2.6486e-13   8790.23 0 
  8790.78 2.6420e-13   8810.49 0 
  8811.05 2.6414e-13   8830.80 0 
  8831.36 2.5512e-13   8851.16 0 
  8851.71 2.6222e-13   8871.56 0 
  8872.12 2.3474e-13   8892.01 0 
  8892.57 2.4575e-13   8912.51 0 
  8913.07 2.5084e-13   8933.05 0 
  8933.62 2.4907e-13   8953.65 0 
  8954.21 2.4223e-13   8974.29 0 
  8974.85 2.3289e-13   8994.98 0 
  8995.54 2.2964e-13   9015.71 0 
  9016.28 2.4097e-13   9036.50 0 
  9037.07 2.3926e-13   9057.33 0 
  9057.90 2.6533e-13   9078.20 0 
  9078.78 2.4082e-13   9099.13 0 
  9099.71 2.3692e-13   9120.11 0 
  9120.68 2.5676e-13   9141.13 0 
  9141.71 2.4012e-13   9162.20 0 
  9162.78 2.2199e-13   9183.33 0 
  9183.90 2.1441e-13   9204.50 0 
  9205.08 2.3723e-13   9225.71 0 
  9226.30 2.3285e-13   9246.98 0 
  9247.57 2.3658e-13   9268.30 0 
  9268.88 2.3872e-13   9289.66 0 
  9290.25 2.3270e-13   9311.08 0 
  9311.67 2.5102e-13   9332.54 0 
  9333.13 2.5212e-13   9354.06 0 
  9354.64 2.5149e-13   9375.62 0 
  9376.21 2.4685e-13   9397.23 0 
  9397.83 2.5081e-13   9418.90 0 
  9419.49 2.4618e-13   9440.61 0 
  9441.21 2.4955e-13   9462.37 0 
  9462.97 2.5531e-13   9484.18 0 
  9484.78 2.5584e-13   9506.05 0 
  9506.65 2.4939e-13   9527.96 0 
  9528.56 2.5164e-13   9549.93 0 
  9550.53 2.4529e-13   9571.94 0 
  9572.55 2.4980e-13   9594.01 0 
  9594.61 2.5439e-13   9616.12 0 
  9616.73 2.5084e-13   9638.29 0 
  9638.90 2.5195e-13   9660.51 0 
  9661.12 2.4786e-13   9682.78 0 
  9683.39 2.5126e-13   9705.10 0 
  9705.71 2.4662e-13   9727.47 0 
  9728.09 2.4374e-13   9749.90 0 
  9750.51 2.4312e-13   9772.37 0 
  9772.99 2.4476e-13   9794.90 0 
  9795.52 2.4079e-13   9817.48 0 
  9818.10 2.4748e-13   9840.11 0 
  9840.73 2.4516e-13   9862.79 0 
  9863.41 2.4454e-13   9885.53 0 
  9886.16 2.4448e-13   9908.32 0 
  9908.94 2.4107e-13   9931.16 0 
  9931.78 2.4381e-13   9954.05 0 
  9954.68 2.4488e-13   9977.00 0 
  9977.63 2.4482e-13  10000.00 0 
 10000.63 2.4420e-13  10023.05 0 
 10023.68 2.4471e-13  10046.15 0 
 10069.96 2.4180e-13  10092.53 0 
 10116.43 2.4618e-13  10139.12 0 
 10186.55 2.4376e-13  10209.39 0 
 10233.58 2.4533e-13  10256.52 0 
 10280.81 2.4635e-13  10303.86 0 
 10304.51 2.4572e-13  10327.61 0 
 10496.08 2.3693e-13  10519.62 0 
 10691.23 2.2586e-13  10715.20 0 
 10889.99 2.2021e-13  10914.41 0 
 11092.45 2.0837e-13  11117.32 0 
 11298.67 2.0599e-13  11324.00 0 
 11508.72 2.0599e-13  11534.53 0 
 11695.73 2.0084e-13  11721.95 0 
 11913.18 1.9092e-13  11939.88 0 
 12106.75 1.8916e-13  12133.89 0 
 12303.47 1.8700e-13  12331.05 0 
 12503.38 1.8065e-13  12531.41 0 
 12706.54 1.7695e-13  12735.03 0 
 12913.01 1.7292e-13  12941.96 0 
 13092.65 1.7015e-13  13122.00 0 
 13305.38 1.6438e-13  13335.21 0 
 13490.48 1.6027e-13  13520.73 0 
 13709.68 1.5734e-13  13740.42 0 
 13900.40 1.5061e-13  13931.57 0 
 14093.78 1.4317e-13  14125.38 0 
 14289.85 1.4120e-13  14321.88 0 
 14488.64 1.4251e-13  14521.12 0 
 14690.20 1.3704e-13  14723.13 0 
 14894.54 1.3926e-13  14927.94 0 
 15101.75 1.4023e-13  15135.61 0 
 15311.84 1.4317e-13  15346.17 0 
 15489.14 1.4153e-13  15523.87 0 
 15704.62 1.3894e-13  15739.83 0 
 15886.48 1.3392e-13  15922.09 0 
 16107.48 1.3392e-13  16143.59 0 
 16293.98 1.3330e-13  16330.51 0 
 16482.66 1.3178e-13  16519.62 0 
 16711.96 1.3087e-13  16749.43 0 
 16905.48 1.2937e-13  16943.38 0 
 17101.24 1.2672e-13  17139.58 0 
 17299.25 1.2185e-13  17338.03 0 
 17499.57 1.1745e-13  17538.80 0 
 17702.21 1.1216e-13  17741.90 0 
 17907.20 1.0711e-13  17947.34 0 
 18114.54 1.0159e-13  18155.15 0 
 18282.16 9.8819e-14  18323.14 0 
 18493.86 9.5026e-14  18535.32 0 
 18707.99 9.0540e-14  18749.94 0 
 18881.10 8.8073e-14  18923.43 0 
 19099.74 8.6664e-14  19142.56 0 
 19320.91 8.3915e-14  19364.23 0 
 19499.67 8.0694e-14  19543.39 0 
 19680.11 7.7775e-14  19724.23 0 
 19908.00 7.5135e-14  19952.63 0 
 20092.19 7.3933e-14  20137.24 0 
 20278.11 7.1423e-14  20323.57 0 
 20512.93 7.0606e-14  20558.92 0 
 20702.72 6.8999e-14  20749.13 0 
 20894.28 6.7428e-14  20941.13 0 
 21087.60 6.6350e-14  21134.88 0 
 21282.73 6.4989e-14  21330.45 0 
 21479.67 6.3803e-14  21527.83 0 
 21678.40 6.1637e-14  21727.01 0 
 21879.00 6.0651e-14  21928.05 0 
 22081.43 5.8727e-14  22130.94 0 
 22285.76 5.7127e-14  22335.72 0 
 22491.97 5.5827e-14  22542.40 0 
 22700.07 5.4305e-14  22750.97 0 
 22910.13 4.8511e-14  22961.49 0 
 23122.09 4.7845e-14  23173.93 0 
 23282.38 4.1672e-14  23334.58 0 
 23497.82 3.9160e-14  23550.50 0 
 23715.23 3.9613e-14  23768.40 0 
 23879.63 3.6294e-14  23933.17 0 
 24100.57 3.4901e-14  24154.60 0 
 24323.58 3.4264e-14  24378.11 0 
 24492.17 3.1611e-14  24547.08 0 
 24718.80 3.0892e-14  24774.22 0 
 24890.13 2.5754e-14  24945.94 0 
 25120.45 2.5226e-14  25176.77 0 
 25294.56 2.5342e-14  25351.28 0 
 25528.62 2.5110e-14  25585.86 0 
 25705.57 2.5518e-14  25763.20 0 
 25883.76 2.5110e-14  25941.79 0 
 26123.28 2.5052e-14  26181.84 0 
 26304.34 2.4369e-14  26363.31 0 
 26486.66 2.4090e-14  26546.04 0 
 26670.27 2.3650e-14  26730.07 0 
 26917.06 2.3272e-14  26977.41 0 
 27103.63 2.2900e-14  27164.39 0 
 27291.49 2.2379e-14  27352.67 0 
 27480.68 2.2021e-14  27542.29 0 
 27671.15 2.1520e-14  27733.19 0 
 27927.20 2.1225e-14  27989.81 0 
 28120.77 2.0789e-14  28183.82 0 
 28315.71 2.0457e-14  28379.20 0 
 28511.97 2.0037e-14  28575.90 0 
 28709.63 1.9626e-14  28773.99 0 
 28908.62 1.9313e-14  28973.43 0 
 29109.02 1.8960e-14  29174.28 0 
 29310.78 1.8529e-14  29376.49 0 
 29513.97 1.8190e-14  29580.14 0 
 29718.53 1.7899e-14  29785.16 0 
 29924.55 1.7532e-14  29991.64 0 
 30131.96 1.7252e-14  30199.52 0 
 30271.03 1.6937e-14  30338.90 0 
 30480.88 1.6743e-14  30549.22 0 
 30692.15 1.6552e-14  30760.96 0 
 30904.92 1.6287e-14  30974.21 0 
 31119.12 1.6064e-14  31188.89 0 
 31334.85 1.5880e-14  31405.10 0 
 31479.47 1.5626e-14  31550.05 0 
 31697.66 1.5411e-14  31768.73 0 
 31917.40 1.5235e-14  31988.96 0 
 32064.71 1.5026e-14  32136.60 0 
 32287.00 1.4820e-14  32359.38 0 
 32510.78 1.4650e-14  32583.67 0 
 32736.12 1.4549e-14  32809.52 0 
 32887.25 1.4516e-14  32960.98 0 
 33115.19 1.4350e-14  33189.44 0 
 33268.04 1.3862e-14  33342.62 0 
 33498.66 1.3578e-14  33573.76 0 
 33730.84 1.3330e-14  33806.47 0 
 33886.57 1.3087e-14  33962.54 0 
 34121.44 1.2819e-14  34197.94 0 
 34278.92 1.2643e-14  34355.78 0 
 34516.56 1.2412e-14  34593.94 0 
 34675.86 1.2185e-14  34753.61 0 
 34916.25 1.1991e-14  34994.53 0 
 35077.40 1.1772e-14  35156.04 0 
 35320.53 1.1557e-14  35399.71 0 
 35483.59 1.1346e-14  35563.14 0 
 35729.53 1.1139e-14  35809.64 0 
 35894.48 1.0936e-14  35974.95 0 
 36060.15 1.0761e-14  36140.99 0 
 36310.08 1.0564e-14  36391.49 0 
 36477.71 1.0348e-14  36559.50 0 
 36730.54 1.0159e-14  36812.89 0 
 36900.07 9.9504e-15  36982.80 0 
 37070.43 9.7688e-15  37153.54 0 
 37327.37 9.6126e-15  37411.05 0 
 37499.65 9.3938e-15  37583.72 0 
 37672.77 9.2649e-15  37757.23 0 
 37933.89 9.0958e-15  38018.93 0 
 38108.97 8.9298e-15  38194.41 0 
 38284.90 8.7870e-15  38370.73 0 
 38461.60 8.6266e-15  38547.83 0 
 38728.23 8.4497e-15  38815.06 0 
 38906.98 8.2955e-15  38994.21 0 
 39086.55 8.1628e-15  39174.18 0 
 39266.95 8.0138e-15  39354.99 0 
 39539.16 7.8314e-15  39627.81 0 
 39721.65 7.7062e-15  39810.71 0 
 39905.03 7.5308e-15  39994.50 0 
 40089.21 7.4104e-15  40179.09 0 
 40274.24 7.2919e-15  40364.54 0 
 40460.12 7.1423e-15  40550.84 0 
 40740.60 7.0281e-15  40831.95 0 
 40928.64 6.8999e-15  41020.40 0 
 41117.54 6.7895e-15  41209.73 0 
 41307.37 6.6810e-15  41399.98 0 
 41498.02 6.5590e-15  41591.06 0 
 41689.55 6.4542e-15  41783.02 0 
 41882.01 6.3364e-15  41975.91 0 
 42075.32 6.2207e-15  42169.65 0 
 42269.51 6.1495e-15  42364.28 0 
 42464.65 6.0373e-15  42559.86 0 
 42660.65 5.9544e-15  42756.29 0 
 42857.55 5.7127e-15  42953.63 0 
 43055.40 5.4556e-15  43151.93 0 
 43254.12 5.4430e-15  43351.10 0 
 43453.76 5.2341e-15  43551.18 0 
 43654.32 5.1149e-15  43752.19 0 
 43855.85 5.0216e-15  43954.18 0 
 44058.26 4.8623e-15  44157.04 0 
 44261.61 4.7735e-15  44360.85 0 
 44465.95 4.6972e-15  44565.64 0 
 44671.18 4.5903e-15  44771.33 0 
 44877.36 4.5482e-15  44977.97 0 
 45084.54 4.4652e-15  45185.62 0 
 45292.62 4.3837e-15  45394.17 0 
 45501.67 4.3335e-15  45603.68 0 
 45711.68 4.2741e-15  45814.16 0 
 45922.71 4.1576e-15  46025.67 0 
 46134.66 4.1480e-15  46238.10 0 
 46347.60 4.0817e-15  46451.51 0 
 46454.48 4.0257e-15  46558.63 0 
 46668.89 3.9980e-15  46773.52 0 
 46884.29 3.9250e-15  46989.40 0 
 47100.68 3.8712e-15  47206.28 0 
 47318.12 3.8534e-15  47424.21 0 
 47536.52 3.7743e-15  47643.10 0 
 47646.10 3.7311e-15  47752.92 0 
 47866.06 3.6884e-15  47973.37 0 
 48086.98 3.6128e-15  48194.79 0 
 48308.92 3.6128e-15  48417.23 0 
 48531.89 3.5387e-15  48640.70 0 
 48755.94 3.4821e-15  48865.25 0 
 48868.32 3.4343e-15  48977.89 0 
 49093.88 3.3794e-15  49203.95 0 
 49320.47 3.3561e-15  49431.04 0 
 49548.16 3.2949e-15  49659.24 0 
 49662.37 3.2797e-15  49773.71 0 
 49891.58 3.2123e-15  50003.44 0 
 50121.91 3.1652e-15  50234.29 0 
 50353.24 3.1187e-15  50466.14 0 
 50469.31 3.0567e-15  50582.46 0 
 50702.25 3.0186e-15  50815.93 0 
 50819.13 2.9928e-15  50933.06 0 
 50936.32 2.9672e-15  51050.52 0 
 51053.73 2.9418e-15  51168.20 0 
 51171.42 2.9098e-15  51286.14 0 
 51289.37 2.8849e-15  51404.36 0 
 51407.60 2.8601e-15  51522.85 0 
 51526.10 2.8356e-15  51641.62 0 
 51644.92 2.8112e-15  51760.71 0 
 51763.97 2.7934e-15  51880.02 0 
 51883.29 2.7630e-15  51999.61 0 
 52002.88 2.7392e-15  52119.47 0 
 52122.75 2.7156e-15  52239.61 0 
 52242.90 2.6860e-15  52360.03 0 
 52363.32 2.6628e-15  52480.72 0 
 52484.08 2.6397e-15  52601.75 0 
 52605.06 2.6290e-15  52723.00 0 
 52726.32 2.6122e-15  52844.53 0 
 52847.85 2.5836e-15  52966.34 0 
 52969.68 2.5495e-15  53088.43 0 
 53091.77 2.5273e-15  53210.80 0 
 53214.21 2.5111e-15  53333.52 0 
 53336.88 2.4951e-15  53456.46 0 
 53459.82 2.4733e-15  53579.68 0 
 53583.05 2.4462e-15  53703.18 0 
 53706.56 2.4304e-15  53826.97 0 
 53830.36 2.4092e-15  53951.05 0 
 53954.44 2.3882e-15  54075.41 0 
 54078.87 2.3727e-15  54200.11 0 
 54203.53 2.3466e-15  54325.05 0 
 54328.47 2.3207e-15  54450.27 0 
 54453.70 2.3056e-15  54575.79 0 
 54579.22 2.2907e-15  54701.59 0 
 54705.03 2.2653e-15  54827.68 0 
 54831.13 2.2403e-15  54954.06 0 
 54957.58 2.2206e-15  55080.79 0 
 55084.26 2.2010e-15  55207.76 0 
 55211.23 2.1866e-15  55335.02 0 
 55338.50 2.1774e-15  55462.57 0 
 55466.06 2.1482e-15  55590.41 0 
 55593.91 2.1292e-15  55718.55 0 
 55722.12 2.1153e-15  55847.05 0 
 55850.56 2.0965e-15  55975.78 0 
 55979.30 2.0780e-15  56104.81 0 
 56108.34 2.0643e-15  56234.13 0 
 56237.67 2.0412e-15  56363.76 0 
 56367.30 2.0231e-15  56493.68 0 
 56497.24 2.0097e-15  56623.90 0 
 56627.53 1.9964e-15  56754.48 0 
 56758.06 1.9786e-15  56885.31 0 
 56888.89 1.9609e-15  57016.43 0 
 57020.02 1.9434e-15  57147.86 0 
 57151.46 1.9349e-15  57279.59 0 
 57283.19 1.9176e-15  57411.62 0 
 57415.30 1.9048e-15  57544.02 0 
 57547.65 1.8921e-15  57676.67 0 
 57680.30 1.8751e-15  57809.62 0 
 57813.25 1.8625e-15  57942.87 0 
 57946.52 1.8543e-15  58076.43 0 
 58080.09 1.8376e-15  58210.30 0 
 58213.97 1.8210e-15  58344.48 0 
 58348.22 1.8129e-15  58479.04 0 
 58482.71 1.8007e-15  58613.83 0 
 58617.52 1.7885e-15  58748.94 0 
 58752.64 1.7764e-15  58884.36 0 
 58888.07 1.7684e-15  59020.09 0 
 59112.42 1.9882e-15  59244.95 3 
 59421.59 1.8164e-15  59554.81 3 
 59730.74 1.7531e-15  59864.66 3 
 60039.90 1.9658e-15  60174.51 3 
 60349.07 1.6806e-15  60484.37 3 
 60658.22 1.8354e-15  60794.22 3 
 60967.38 1.7531e-15  61104.07 3 
 61276.55 2.0717e-15  61413.93 3 
 61585.71 2.4354e-15  61723.78 3 
 61894.86 2.3128e-15  62033.63 3 
 62204.03 2.3250e-15  62343.49 3 
 62513.19 2.0601e-15  62653.34 3 
 62822.34 2.2042e-15  62963.19 3 
 63131.51 1.7838e-15  63273.05 3 
 63440.67 1.9132e-15  63582.90 3 
 63749.83 1.7888e-15  63892.76 3 
 64058.99 1.7396e-15  64202.61 3 
 64368.14 1.8752e-15  64512.46 3 
 64677.31 1.5531e-15  64822.32 3 
 64986.47 1.4936e-15  65132.17 3 
 65295.63 1.6891e-15  65442.02 3 
 65604.80 1.5190e-15  65751.88 3 
 65913.95 1.3654e-15  66061.73 3 
 66223.11 1.3183e-15  66371.58 3 
 66532.28 1.5995e-15  66681.45 3 
 66841.43 1.3905e-15  66991.29 3 
 67150.59 1.4868e-15  67301.14 3 
 67459.76 1.5318e-15  67611.00 3 
 67768.91 1.5006e-15  67920.85 3 
 68078.08 1.5555e-15  68230.71 3 
 68387.24 1.6511e-15  68540.56 3 
 68696.40 1.6049e-15  68850.41 3 
 69005.56 1.5962e-15  69160.27 3 
 69314.71 1.4339e-15  69470.12 3 
 69623.88 1.4563e-15  69779.98 3 
 69933.04 1.4531e-15  70089.83 3 
 70242.20 1.3167e-15  70399.68 3 
 70551.36 1.5111e-15  70709.54 3 
 70860.52 1.4559e-15  71019.39 3 
 71169.68 1.4784e-15  71329.24 3 
 71478.85 1.3924e-15  71639.10 3 
 71788.00 1.3375e-15  71948.95 3 
 72097.17 1.3324e-15  72258.81 3 
 72406.32 1.4801e-15  72568.66 3 
 72715.48 1.3799e-15  72878.51 3 
 73024.65 1.4712e-15  73188.38 3 
 73333.80 1.4570e-15  73498.22 3 
 73642.96 1.6865e-15  73808.07 3 
 73952.13 1.4772e-15  74117.93 3 
 74261.29 1.5769e-15  74427.78 3 
 74570.45 1.6075e-15  74737.63 3 
 74879.60 1.5831e-15  75047.48 3 
 75168.53 1.6689e-15  75337.06 3 
 75188.77 1.9218e-15  75357.34 3 
 75497.94 2.1997e-15  75667.20 3 
 75788.08 2.0201e-15  75957.99 3 
 75807.09 2.0415e-15  75977.05 3 
 76407.63 1.9970e-15  76578.94 3 
 77027.18 1.9529e-15  77199.88 3 
 77646.74 1.8987e-15  77820.82 3 
 78266.28 1.7663e-15  78441.76 3 
 78885.85 1.8150e-15  79062.71 3 
 79505.40 1.5817e-15  79683.65 3 
 80124.95 1.4943e-15  80304.59 3 
 80744.51 1.3050e-15  80925.54 3 
 81364.06 1.1398e-15  81546.48 3 
 81983.61 1.1498e-15  82167.41 3 
 82603.16 1.1799e-15  82788.36 3 
 83222.71 1.1482e-15  83409.30 3 
 83842.28 1.0364e-15  84030.25 3 
 84461.82 1.0854e-15  84651.19 3 
 85081.38 1.0399e-15  85272.13 3 
 85700.93 9.8700e-16  85893.07 3 
 86320.49 1.0445e-15  86514.02 3 
 86940.03 9.7356e-16  87134.95 3 
 87559.59 8.7247e-16  87755.90 3 
 88179.15 7.4567e-16  88376.84 3 
 88798.69 6.1962e-16  88997.78 3 
 89418.24 6.3192e-16  89618.72 3 
 90037.80 6.0094e-16  90239.66 3 
 90657.35 5.9317e-16  90860.60 3 
 91276.91 5.2624e-16  91481.55 3 
 91896.46 5.5218e-16  92102.49 3 
 92516.02 5.9617e-16  92723.44 3 
 93135.57 5.0321e-16  93344.38 3 
 93755.12 5.9023e-16  93965.32 3 
 94374.67 5.1862e-16  94586.26 3 
 94994.22 4.9957e-16  95207.20 3 
 95613.78 4.5723e-16  95828.15 3 
 96233.33 5.5759e-16  96449.09 3 
 96852.88 5.4818e-16  97070.02 3 
 97472.44 4.6302e-16  97690.98 3 
 98092.00 4.3087e-16  98311.92 3 
 98711.55 4.7534e-16  98932.86 3 
 99331.10 4.3681e-16  99553.80 3 
 99950.61 4.3208e-16 100174.70 3 
100570.22 4.2713e-16 100795.70 3 
101189.73 4.2835e-16 101416.59 3 
101809.35 4.4230e-16 102037.60 3 
102428.85 3.9102e-16 102658.50 3 
103048.46 3.9372e-16 103279.49 3 
103667.98 4.1314e-16 103900.41 3 
104287.49 4.3380e-16 104521.30 3 
104907.10 4.2060e-16 105142.30 3 
105526.60 4.1916e-16 105763.20 3 
106146.22 4.6603e-16 106384.20 3 
106765.73 4.8572e-16 107005.10 3 
107385.24 4.5480e-16 107626.00 3 
108004.85 4.5217e-16 108247.00 3 
108624.37 4.1425e-16 108867.91 3 
109243.97 4.8541e-16 109488.90 3 
109863.48 4.7155e-16 110109.80 3 
110483.09 5.5649e-16 110730.80 3 
111102.61 6.7957e-16 111351.70 3 
111722.12 9.9752e-16 111972.60 3 
112341.73 1.2791e-15 112593.60 3 
112961.24 1.2493e-15 113214.50 3 
113580.85 1.0981e-15 113835.50 3 
114200.36 8.6830e-16 114456.40 3 
114819.97 8.1248e-16 115077.40 3 
115439.48 7.2262e-16 115698.30 3 
116058.99 6.3709e-16 116319.20 3 
116678.61 5.7619e-16 116940.20 3 
117298.12 5.7511e-16 117561.10 3 
117917.72 5.2883e-16 118182.09 3 
118537.23 5.7824e-16 118802.99 3 
119156.85 5.9854e-16 119424.00 3 
119776.36 6.1998e-16 120044.90 3 
120395.87 5.9409e-16 120665.80 3 
121015.49 5.8401e-16 121286.80 3 
121635.00 5.4333e-16 121907.70 3 
122254.60 5.7550e-16 122528.70 3 
122874.11 6.3814e-16 123149.59 3 
123493.64 6.0449e-16 123770.51 3 
124113.24 6.0621e-16 124391.50 3 
124732.75 6.5801e-16 125012.40 3 
125352.36 7.0061e-16 125633.40 3 
125971.88 6.7836e-16 126254.30 3 
126591.48 6.9232e-16 126875.30 3 
127211.00 6.9558e-16 127496.20 3 
127830.51 7.4327e-16 128117.10 3 
128450.12 6.8212e-16 128738.10 3 
129069.63 5.3000e-16 129359.00 3 
129689.24 4.3835e-16 129980.00 3 
130308.75 4.4101e-16 130600.90 3 
130928.26 4.3847e-16 131221.80 3 
131547.87 4.2963e-16 131842.80 3 
132167.38 4.1721e-16 132463.70 3 
132786.99 4.3437e-16 133084.70 3 
133406.50 3.8944e-16 133705.59 3 
134026.11 4.2055e-16 134326.59 3 
134645.62 3.6700e-16 134947.50 3 
135265.14 3.6376e-16 135568.41 3 
135884.75 3.8070e-16 136189.41 3 
136504.25 3.6465e-16 136810.30 3 
137123.87 3.2670e-16 137431.30 3 
137743.38 3.1502e-16 138052.20 3 
138362.99 3.3954e-16 138673.20 3 
138982.49 3.5438e-16 139294.09 3 
139602.01 3.3031e-16 139915.00 3 
140221.62 3.1360e-16 140536.00 3 
140841.14 3.2405e-16 141156.91 3 
141460.74 3.1556e-16 141777.89 3 
142080.25 3.2172e-16 142398.80 3 
142699.86 3.0267e-16 143019.80 3 
143319.38 2.9976e-16 143640.70 3 
143938.88 2.5865e-16 144261.59 3 
144558.51 2.5487e-16 144882.61 3 
145091.61 2.8378e-16 145416.91 3 
146006.45 2.7099e-16 146333.80 3 
146921.40 2.5701e-16 147250.80 3 
147836.25 2.7514e-16 148167.70 3 
148751.09 2.5619e-16 149084.59 3 
149665.95 2.5093e-16 150001.50 3 
150580.90 2.4150e-16 150918.50 3 
151495.75 2.4149e-16 151835.41 3 
152410.59 2.4626e-16 152752.30 3 
153325.54 2.4328e-16 153669.30 3 
154240.40 2.3307e-16 154586.20 3 
155155.24 2.9310e-16 155503.09 3 
156070.09 3.0081e-16 156420.00 3 
156985.04 2.5107e-16 157337.00 3 
157899.89 2.3936e-16 158253.91 3 
158814.73 2.4118e-16 159170.80 3 
159729.68 2.5037e-16 160087.80 3 
160644.54 2.4558e-16 161004.70 3 
161559.38 2.5020e-16 161921.59 3 
162474.33 2.5567e-16 162838.59 3 
163389.18 2.8025e-16 163755.50 3 
164304.02 3.2110e-16 164672.39 3 
165218.88 3.1312e-16 165589.30 3 
166133.84 2.9898e-16 166506.31 3 
167048.66 3.0028e-16 167423.19 3 
167963.52 3.1665e-16 168340.09 3 
168878.37 3.2523e-16 169257.00 3 
169793.32 4.0650e-16 170174.00 3 
170708.18 4.3966e-16 171090.91 3 
171623.03 3.4629e-16 172007.81 3 
172537.98 2.9872e-16 172924.81 3 
173452.82 2.9514e-16 173841.70 3 
174367.68 2.6837e-16 174758.61 3 
175282.63 2.4231e-16 175675.61 3 
176197.47 2.3338e-16 176592.50 3 
177112.32 2.2699e-16 177509.41 3 
178027.16 2.2402e-16 178426.30 3 
178942.11 2.1330e-16 179343.30 3 
179856.96 2.0181e-16 180260.20 3 
180771.80 1.8455e-16 181177.09 3 
181686.75 1.6548e-16 182094.09 3 
182601.61 1.6480e-16 183011.00 3 
183516.45 1.7146e-16 183927.89 3 
184431.40 1.7776e-16 184844.89 3 
185346.25 1.7777e-16 185761.80 3 
186261.11 1.8221e-16 186678.70 3 
187175.95 2.0935e-16 187595.59 3 
188090.89 1.9498e-16 188512.59 3 
189005.75 1.7821e-16 189429.50 3 
189920.59 1.5326e-16 190346.39 3 
190835.55 1.6581e-16 191263.41 3 
191750.41 1.6671e-16 192180.31 3 
192665.23 1.6020e-16 193097.19 3 
193580.09 1.4386e-16 194014.09 3 
194495.05 1.4839e-16 194931.11 3 
195409.89 1.6209e-16 195848.00 3 
196324.75 1.2552e-16 196764.91 3 
197239.69 1.5246e-16 197681.91 3 
198154.53 1.3230e-16 198598.80 3 
199069.39 1.1801e-16 199515.70 3 
199984.24 1.3310e-16 200432.61 3 
200899.19 1.3875e-16 201349.61 3 
201814.03 1.2672e-16 202266.50 3 
202728.89 1.2570e-16 203183.41 3 
203643.84 1.3409e-16 204100.41 3 
204741.47 1.2099e-16 205200.50 3 
206502.83 1.2825e-16 206965.81 3 
208265.27 1.1957e-16 208732.20 3 
210028.62 1.1637e-16 210499.50 3 
211793.05 1.2140e-16 212267.89 3 
213558.50 1.1568e-16 214037.30 3 
215325.04 1.1369e-16 215807.80 3 
217092.47 1.1093e-16 217579.19 3 
218861.00 1.1510e-16 219351.69 3 
220630.55 1.0787e-16 221125.20 3 
222401.17 1.0785e-16 222899.80 3 
224172.81 1.1012e-16 224675.41 3 
225945.43 1.1259e-16 226452.00 3 
227719.14 1.1256e-16 228229.69 3 
229493.87 1.0851e-16 230008.39 3 
231269.59 1.0465e-16 231788.09 3 
233046.40 1.0229e-16 233568.89 3 
234824.23 1.0702e-16 235350.70 3 
236603.13 1.0924e-16 237133.59 3 
238383.14 1.1213e-16 238917.59 3 
240164.15 1.0769e-16 240702.59 3 
241946.15 1.0629e-16 242488.59 3 
243729.26 1.0355e-16 244275.70 3 
245513.36 1.0579e-16 246063.80 3 
247298.67 1.0017e-16 247853.11 3 
249084.86 1.0295e-16 249643.31 3 
250872.14 1.0438e-16 251434.59 3 
252660.54 1.0633e-16 253227.00 3 
254450.02 1.0407e-16 255020.50 3 
256240.51 1.0746e-16 256815.00 3 
258032.09 1.1738e-16 258610.59 3 
259824.77 1.2741e-16 260407.30 3 
261618.54 1.1128e-16 262205.09 3 
263413.33 1.0047e-16 264003.91 3 
265209.18 1.0396e-16 265803.78 3 
267006.18 1.0173e-16 267604.81 3 
268804.12 1.0040e-16 269406.78 3 
270603.31 9.9794e-17 271210.00 3 
272403.46 9.9230e-17 273014.19 3 
274204.73 1.0083e-16 274819.50 3 
276007.10 9.9249e-17 276625.91 3 
277810.55 9.5209e-17 278433.41 3 
279615.10 1.0225e-16 280242.00 3 
281420.74 1.1423e-16 282051.69 3 
283227.50 1.1310e-16 283862.50 3 
285035.36 1.0411e-16 285674.41 3 
286844.30 9.8284e-17 287487.41 3 
288654.34 1.0291e-16 289301.50 3 
290465.46 9.9972e-17 291116.69 3 
292277.71 9.8892e-17 292933.00 3 
294091.05 1.0148e-16 294750.41 3 
295905.49 1.0689e-16 296568.91 3 
297721.10 1.0051e-16 298388.59 3 
299537.84 1.0517e-16 300209.41 3 
301355.55 1.0433e-16 302031.19 3 
303174.47 1.0873e-16 303854.19 3 
304994.48 1.0611e-16 305678.28 3 
306815.71 1.1006e-16 307503.59 3 
308637.94 1.1213e-16 309329.91 3 
310461.35 1.0871e-16 311157.41 3 
312285.95 1.0774e-16 312986.09 3 
314111.57 1.0589e-16 314815.81 3 
315938.38 1.0857e-16 316646.72 3 
317766.35 1.1024e-16 318478.78 3 
319595.34 1.1035e-16 320311.88 3 
321425.55 1.0876e-16 322146.19 3 
323256.98 1.1857e-16 323981.72 3 
325089.43 1.1663e-16 325818.28 3 
326923.01 1.2526e-16 327655.97 3 
328757.83 1.1976e-16 329494.91 3 
330593.81 1.1854e-16 331335.00 3 
332430.88 1.3052e-16 333176.19 3 
334269.07 1.5352e-16 335018.50 3 
336108.44 1.5745e-16 336862.00 3 
337949.04 1.2783e-16 338706.72 3 
339790.78 1.2378e-16 340552.59 3 
341633.65 1.1489e-16 342399.59 3 
343477.64 1.1272e-16 344247.72 3 
345322.88 1.3537e-16 346097.09 3 
347169.27 1.9841e-16 347947.62 3 
349016.82 2.5178e-16 349799.31 3 
