# An Atlas of Galaxy Spectral Energy Distributions from the Ultraviolet to the Mid-Infrared
# Brown et al. (2014)
# http://dx.doi.org/10.5072/03/529D3551F0117
# 
# Column 1 : Restframe Wavelength (Angstrom)
# Column 2 : Flux per unit wavelength (ergs/s/cm^2/Angstrom)
# Column 3 : Observed wavelength (Angstrom)
# Column 4 : Source (0 = model, 1 = Optical Spectrum, 2 = Akari, 3 = Spitzer IRS)
# 
   100.09 8.9066e-23    100.46 0 
   101.95 1.3481e-22    102.33 0 
   104.08 1.8566e-22    104.47 0 
   106.02 2.5925e-22    106.41 0 
   107.99 3.6788e-22    108.39 0 
   110.00 5.8172e-22    110.41 0 
   114.13 1.0226e-21    114.55 0 
   117.87 1.6777e-21    118.30 0 
   120.89 7.0911e-21    121.34 0 
   125.14 1.0561e-20    125.60 0 
   126.88 1.2466e-20    127.35 0 
   128.05 1.3763e-20    128.53 0 
   131.03 1.7247e-20    131.52 0 
   131.94 2.1218e-20    132.43 0 
   134.09 2.4418e-20    134.59 0 
   136.89 3.4651e-20    137.40 0 
   140.08 4.2142e-20    140.60 0 
   143.02 1.3388e-19    143.55 0 
   147.02 3.9968e-19    147.57 0 
   151.14 4.8497e-19    151.71 0 
   155.02 5.9117e-19    155.60 0 
   159.00 7.2063e-19    159.59 0 
   161.95 8.2739e-19    162.55 0 
   166.11 1.0063e-18    166.72 0 
   169.98 1.1877e-18    170.61 0 
   173.14 1.3512e-18    173.78 0 
   177.17 1.5802e-18    177.83 0 
   180.05 1.7689e-18    180.72 0 
   182.13 1.9086e-18    182.81 0 
   185.95 2.2015e-18    186.64 0 
   191.16 2.6164e-18    191.87 0 
   193.81 2.9155e-18    194.54 0 
   197.87 3.3015e-18    198.61 0 
   202.02 3.7559e-18    202.77 0 
   204.83 4.1182e-18    205.59 0 
   210.08 4.5469e-18    210.86 0 
   215.97 5.6197e-18    216.77 0 
   219.98 6.2909e-18    220.80 0 
   223.04 6.7253e-18    223.87 0 
   227.19 7.5112e-18    228.03 0 
   229.82 1.2042e-17    230.67 0 
   234.09 2.1513e-17    234.96 0 
   240.10 2.8623e-17    240.99 0 
   246.26 2.9357e-17    247.17 0 
   251.99 3.3474e-17    252.93 0 
   257.27 3.0110e-17    258.23 0 
   260.25 3.5786e-17    261.22 0 
   263.87 3.9148e-17    264.85 0 
   268.77 4.1277e-17    269.77 0 
   273.77 4.3322e-17    274.79 0 
   278.86 4.5469e-17    279.90 0 
   284.04 4.7611e-17    285.10 0 
   289.99 4.7831e-17    291.07 0 
   296.06 5.1370e-17    297.17 0 
   300.88 5.3053e-17    302.00 0 
   307.88 5.6586e-17    309.03 0 
   317.97 6.2189e-17    319.15 0 
   327.63 6.6330e-17    328.85 0 
   338.37 7.0099e-17    339.63 0 
   347.85 7.3572e-17    349.14 0 
   356.77 7.6862e-17    358.10 0 
   365.92 8.0484e-17    367.28 0 
   375.31 8.3313e-17    376.70 0 
   384.93 8.3697e-17    386.37 0 
   394.81 8.9271e-17    396.28 0 
   404.94 9.2835e-17    406.44 0 
   414.37 9.4997e-17    415.91 0 
   422.07 9.6097e-17    423.64 0 
   429.92 9.7659e-17    431.52 0 
   440.95 1.0063e-16    442.59 0 
   451.22 1.0179e-16    452.90 0 
   459.61 1.0273e-16    461.32 0 
   470.31 1.0440e-16    472.06 0 
   480.16 1.0659e-16    481.95 0 
   490.21 1.0610e-16    492.04 0 
   500.48 1.0882e-16    502.34 0 
   506.27 1.0807e-16    508.16 0 
   512.14 1.1474e-16    514.04 0 
   520.46 1.1580e-16    522.40 0 
   530.13 1.1580e-16    532.11 0 
   539.99 1.1421e-16    542.00 0 
   550.03 1.1687e-16    552.08 0 
   560.26 1.2154e-16    562.34 0 
   569.36 1.2610e-16    571.48 0 
   579.94 1.2466e-16    582.10 0 
   589.37 1.2993e-16    591.56 0 
   600.32 1.2874e-16    602.56 0 
   610.08 1.2182e-16    612.35 0 
   619.99 1.3922e-16    622.30 0 
   630.07 1.4149e-16    632.41 0 
   640.30 1.4345e-16    642.69 0 
   650.71 1.4849e-16    653.13 0 
   658.24 1.5126e-16    660.69 0 
   664.33 1.5585e-16    666.81 0 
   675.13 1.5657e-16    677.64 0 
   684.52 1.5336e-16    687.07 0 
   695.64 1.7366e-16    698.23 0 
   705.32 1.6816e-16    707.95 0 
   716.78 1.8523e-16    719.45 0 
   726.75 1.8998e-16    729.46 0 
   735.17 1.9441e-16    737.90 0 
   745.39 2.0879e-16    748.17 0 
   755.76 2.1813e-16    758.58 0 
   764.52 2.1863e-16    767.36 0 
   775.15 2.4028e-16    778.04 0 
   784.13 2.5102e-16    787.05 0 
   795.03 2.6104e-16    797.99 0 
   804.24 2.7146e-16    807.24 0 
   815.43 2.7971e-16    818.46 0 
   824.87 3.0179e-16    827.94 0 
   834.42 2.5334e-16    837.53 0 
   844.08 3.1529e-16    847.23 0 
   855.83 3.2263e-16    859.01 0 
   865.74 3.4571e-16    868.96 0 
   875.76 3.6958e-16    879.02 0 
   885.90 4.0152e-16    889.20 0 
   894.10 4.2336e-16    897.43 0 
   904.45 4.1755e-16    907.82 0 
   914.93 6.7719e-16    918.33 0 
   925.52 4.9741e-15    928.97 0 
   934.08 1.0983e-14    937.56 0 
   944.90 2.1713e-14    948.42 0 
   955.84 3.2712e-14    959.40 0 
   964.69 3.3397e-14    968.28 0 
   975.86 4.5364e-15    979.49 0 
   984.89 2.3212e-14    988.55 0 
   994.00 2.8689e-14    997.70 0 
  1005.51 4.9398e-14   1009.25 0 
  1014.81 5.0201e-14   1018.59 0 
  1024.20 2.2424e-14   1028.02 0 
  1036.06 3.1240e-14   1039.92 0 
  1045.65 7.0747e-14   1049.54 0 
  1055.32 7.0099e-14   1059.25 0 
  1065.09 5.0085e-14   1069.05 0 
  1074.94 6.3931e-14   1078.95 0 
  1084.89 4.5995e-14   1088.93 0 
  1094.93 6.9777e-14   1099.01 0 
  1105.06 6.7253e-14   1109.18 0 
  1115.29 6.2476e-14   1119.44 0 
  1125.61 5.4917e-14   1129.80 0 
  1136.02 7.8111e-14   1140.25 0 
  1143.89 6.9616e-14   1148.15 0 
  1154.48 7.7217e-14   1158.78 0 
  1165.16 7.9746e-14   1169.50 0 
  1175.94 5.0201e-14   1180.32 0 
  1184.09 7.8111e-14   1188.50 0 
  1195.05 4.6314e-14   1199.50 0 
  1206.11 2.9289e-14   1210.60 0 
  1214.47 2.5044e-14   1218.99 0 
  1225.71 5.3544e-14   1230.27 0 
  1234.20 8.9890e-14   1238.80 0 
  1245.62 1.0016e-13   1250.26 0 
  1254.26 9.3049e-14   1258.93 0 
  1265.86 7.6509e-14   1270.57 0 
  1274.64 1.0857e-13   1279.38 0 
  1286.43 1.1660e-13   1291.22 0 
  1295.35 8.2359e-14   1300.17 0 
  1304.33 8.1042e-14   1309.18 0 
  1316.39 1.1264e-13   1321.30 0 
  1325.52 1.0708e-13   1330.45 0 
  1334.71 8.8861e-14   1339.68 0 
  1343.96 1.1714e-13   1348.96 0 
  1356.39 1.1316e-13   1361.44 0 
  1365.80 9.6763e-14   1370.88 0 
  1375.26 1.0488e-13   1380.38 0 
  1384.80 1.0659e-13   1389.95 0 
  1394.40 9.1772e-14   1399.59 0 
  1404.06 9.5876e-14   1409.29 0 
  1413.79 9.6763e-14   1419.06 0 
  1423.59 1.0273e-13   1428.89 0 
  1433.46 1.0132e-13   1438.80 0 
  1443.40 1.0932e-13   1448.77 0 
  1446.73 1.1239e-13   1452.11 0 
  1453.40 1.0807e-13   1458.81 0 
  1463.48 9.6986e-14   1468.93 0 
  1473.62 9.7884e-14   1479.11 0 
  1483.84 1.0179e-13   1489.36 0 
  1494.12 1.0488e-13   1499.69 0 
  1504.48 9.7659e-14   1510.08 0 
  1511.42 8.3505e-14   1517.05 0 
  1518.40 9.2408e-14   1524.05 0 
  1525.41 8.8046e-14   1531.09 0 
  1535.98 7.3402e-14   1541.70 0 
  1546.63 8.5844e-14   1552.39 0 
  1553.77 8.0484e-14   1559.55 0 
  1564.54 8.1229e-14   1570.36 0 
  1575.38 8.7642e-14   1581.25 0 
  1586.30 9.4779e-14   1592.21 0 
  1593.62 9.6763e-14   1599.56 0 
  1604.67 9.5656e-14   1610.65 0 
  1615.79 9.6986e-14   1621.81 0 
  1623.25 9.0097e-14   1629.30 0 
  1634.50 9.8336e-14   1640.59 0 
  1645.83 1.0039e-13   1651.96 0 
  1653.43 9.0931e-14   1659.59 0 
  1664.89 1.0179e-13   1671.09 0 
  1672.58 8.6638e-14   1678.80 0 
  1676.43 1.0226e-13   1682.67 0 
  1684.17 1.0983e-13   1690.44 0 
  1695.84 1.0179e-13   1702.16 0 
  1703.67 9.6763e-14   1710.02 0 
  1715.48 8.9890e-14   1721.87 0 
  1723.40 8.9683e-14   1729.82 0 
  1735.35 9.7884e-14   1741.81 0 
  1743.36 9.5436e-14   1749.85 0 
  1755.44 1.0464e-13   1761.98 0 
  1763.54 9.3263e-14   1770.11 0 
  1775.77 9.6319e-14   1782.38 0 
  1783.96 9.9017e-14   1790.61 0 
  1796.33 1.0857e-13   1803.02 0 
  1804.62 1.0807e-13   1811.34 0 
  1812.95 9.7210e-14   1819.70 0 
  1825.52 1.0039e-13   1832.31 0 
  1833.94 9.5436e-14   1840.77 0 
  1846.66 8.6240e-14   1853.53 0 
  1855.18 8.5844e-14   1862.09 0 
  1863.74 8.9683e-14   1870.68 0 
  1876.66 1.0063e-13   1883.65 0 
  1885.32 9.0931e-14   1892.34 0 
  1894.03 8.7038e-14   1901.08 0 
  1907.16 9.3478e-14   1914.26 0 
  1915.96 8.9066e-14   1923.09 0 
  1924.80 8.8046e-14   1931.97 0 
  1933.69 9.1351e-14   1940.89 0 
  1947.09 9.5656e-14   1954.34 0 
  1956.08 8.9066e-14   1963.36 0 
  1965.11 1.0039e-13   1972.42 0 
  1974.18 1.0392e-13   1981.53 0 
  1983.29 9.7210e-14   1990.67 0 
  1997.04 9.3910e-14   2004.47 0 
  2006.25 9.7884e-14   2013.72 0 
  2015.52 9.3049e-14   2023.02 0 
  2024.82 9.9245e-14   2032.36 0 
  2034.16 9.2835e-14   2041.74 0 
  2043.55 9.8109e-14   2051.16 0 
  2052.99 9.3263e-14   2060.63 0 
  2067.22 9.3049e-14   2074.91 0 
  2071.98 1.0156e-13   2079.70 0 
  2076.76 9.5656e-14   2084.49 0 
  2086.35 1.0063e-13   2094.11 0 
  2095.98 9.4343e-14   2103.78 0 
  2105.65 9.4561e-14   2113.49 0 
  2115.37 9.5876e-14   2123.24 0 
  2125.13 9.7659e-14   2133.04 0 
  2134.94 8.9066e-14   2142.89 0 
  2144.80 9.2621e-14   2152.78 0 
  2154.70 9.7210e-14   2162.72 0 
  2164.64 9.3694e-14   2172.70 0 
  2174.63 9.2835e-14   2182.73 0 
  2184.67 9.0722e-14   2192.81 0 
  2194.75 9.6097e-14   2202.93 0 
  2204.89 9.3049e-14   2213.09 0 
  2215.06 8.7440e-14   2223.31 0 
  2225.29 8.4083e-14   2233.57 0 
  2235.56 9.1351e-14   2243.88 0 
  2245.88 8.6638e-14   2254.24 0 
  2256.24 8.1792e-14   2264.64 0 
  2266.66 8.4666e-14   2275.10 0 
  2277.12 8.7642e-14   2285.60 0 
  2287.63 9.0722e-14   2296.15 0 
  2292.91 8.5063e-14   2301.44 0 
  2303.49 8.4713e-14   2312.07 0 
  2314.12 7.9645e-14   2322.74 0 
  2324.80 5.8126e-14   2333.46 0 
  2335.53 7.2373e-14   2344.23 0 
  2346.31 7.0273e-14   2355.05 0 
  2357.14 7.7626e-14   2365.92 0 
  2362.58 6.9681e-14   2371.37 0 
  2373.48 7.2331e-14   2382.32 0 
  2384.44 6.6457e-14   2393.32 0 
  2395.44 7.2237e-14   2404.36 0 
  2406.50 6.8703e-14   2415.46 0 
  2417.61 7.1317e-14   2426.61 0 
  2423.18 7.6790e-14   2432.20 0 
  2434.37 7.3371e-14   2443.43 0 
  2445.60 7.8839e-14   2454.71 0 
  2456.89 7.7618e-14   2466.04 0 
  2462.56 7.6926e-14   2471.72 0 
  2473.92 7.3671e-14   2483.13 0 
  2485.34 7.6124e-14   2494.60 0 
  2496.81 7.1572e-14   2506.11 0 
  2502.57 8.1069e-14   2511.89 0 
  2514.12 7.0321e-14   2523.48 0 
  2519.92 7.2979e-14   2529.30 0 
  2525.73 6.9073e-14   2535.13 0 
  2537.38 7.0882e-14   2546.83 0 
  2543.23 6.9127e-14   2552.70 0 
  2554.97 7.6012e-14   2564.48 0 
  2566.77 7.3132e-14   2576.32 0 
  2572.68 7.8745e-14   2582.26 0 
  2584.56 7.7349e-14   2594.18 0 
  2596.49 7.5978e-14   2606.15 0 
  2602.47 7.2913e-14   2612.16 0 
  2614.48 7.1786e-14   2624.22 0 
  2626.55 7.6080e-14   2636.33 0 
  2632.61 8.0055e-14   2642.41 0 
  2644.76 8.8435e-14   2654.61 0 
  2656.97 9.2016e-14   2666.86 0 
  2663.09 8.0165e-14   2673.01 0 
  2675.38 8.5353e-14   2685.34 0 
  2687.73 8.5204e-14   2697.74 0 
  2693.93 8.0460e-14   2703.96 0 
  2706.36 8.4105e-14   2716.44 0 
  2712.60 7.8333e-14   2722.70 0 
  2725.12 7.7837e-14   2735.27 0 
  2737.70 8.2876e-14   2747.89 0 
  2744.01 6.9430e-14   2754.23 0 
  2756.68 7.1580e-14   2766.94 0 
  2763.03 7.5148e-14   2773.32 0 
  2775.79 7.9463e-14   2786.12 0 
  2782.19 7.4009e-14   2792.54 0 
  2795.03 5.8148e-14   2805.43 0 
  2807.93 6.3210e-14   2818.38 0 
  2814.40 7.8507e-14   2824.88 0 
  2827.39 8.4364e-14   2837.92 0 
  2833.91 8.0776e-14   2844.46 0 
  2846.99 7.7900e-14   2857.59 0 
  2853.55 7.3903e-14   2864.18 0 
  2866.73 8.4512e-14   2877.40 0 
  2873.33 8.6108e-14   2884.03 0 
  2886.60 8.4781e-14   2897.34 0 
  2893.25 8.4806e-14   2904.02 0 
  2913.31 9.5019e-14   2924.15 0 
  2926.75 9.0379e-14   2937.65 0 
  2947.04 8.8605e-14   2958.01 0 
  2967.47 9.1169e-14   2978.52 0 
  2988.04 9.1673e-14   2999.16 0 
  3008.75 9.3248e-14   3019.95 0 
  3029.61 9.3549e-14   3040.89 0 
  3050.61 9.3635e-14   3061.96 0 
  3071.75 9.4807e-14   3083.19 0 
  3093.04 9.5774e-14   3104.56 0 
  3107.32 9.6720e-14   3118.89 0 
  3128.86 9.5045e-14   3140.51 0 
  3150.55 9.5574e-14   3162.28 0 
  3172.39 9.6328e-14   3184.20 0 
  3187.03 9.0164e-14   3198.90 0 
  3209.12 9.4940e-14   3221.07 0 
  3231.37 8.8894e-14   3243.40 0 
  3246.28 9.7309e-14   3258.37 0 
  3268.78 1.0247e-13   3280.95 0 
  3291.44 1.0139e-13   3303.70 0 
  3306.63 1.0076e-13   3318.94 0 
  3321.90 9.9445e-14   3334.26 0 
  3329.55 1.0513e-13   3341.95 0 
  3337.23 1.0183e-13   3349.66 0 
  3344.92 1.0047e-13   3357.38 0 
  3352.63 9.7760e-14   3365.12 0 
  3360.36 1.0193e-13   3372.87 0 
  3368.11 1.0150e-13   3380.65 0 
  3375.87 9.0907e-14   3388.44 0 
  3383.65 9.3056e-14   3396.25 0 
  3391.46 1.0325e-13   3404.08 0 
  3399.27 1.0569e-13   3411.93 0 
  3407.11 1.0050e-13   3419.79 0 
  3414.96 1.0147e-13   3427.68 0 
  3422.84 1.0801e-13   3435.58 0 
  3430.73 1.0462e-13   3443.50 0 
  3438.64 1.0611e-13   3451.44 0 
  3446.56 9.0976e-14   3459.39 0 
  3454.51 1.0306e-13   3467.37 0 
  3462.47 9.4021e-14   3475.36 0 
  3470.45 1.0078e-13   3483.37 0 
  3478.45 9.1944e-14   3491.40 0 
  3486.47 9.8101e-14   3499.45 0 
  3494.51 9.6344e-14   3507.52 0 
  3502.56 1.0327e-13   3515.60 0 
  3510.64 1.0189e-13   3523.71 0 
  3518.73 9.8918e-14   3531.83 0 
  3526.84 9.6923e-14   3539.97 0 
  3534.97 1.0437e-13   3548.13 0 
  3543.12 1.1034e-13   3556.31 0 
  3551.29 1.1012e-13   3564.51 0 
  3559.48 1.0741e-13   3572.73 0 
  3567.68 1.0476e-13   3580.96 0 
  3575.91 9.4917e-14   3589.22 0 
  3584.15 8.8817e-14   3597.49 0 
  3592.41 9.3036e-14   3605.79 0 
  3600.69 1.0834e-13   3614.10 0 
  3608.99 9.9074e-14   3622.43 0 
  3617.31 1.0330e-13   3630.78 0 
  3625.65 1.0722e-13   3639.15 0 
  3627.30 1.2163e-13   3640.80 1 
  3630.04 1.0613e-13   3643.55 1 
  3632.78 1.1287e-13   3646.30 1 
  3635.52 1.2636e-13   3649.05 1 
  3638.25 8.8028e-14   3651.80 1 
  3640.99 1.3317e-13   3654.55 1 
  3643.73 1.0501e-13   3657.30 1 
  3646.47 5.3851e-14   3660.05 1 
  3649.21 1.2583e-13   3662.80 1 
  3651.95 9.7683e-14   3665.55 1 
  3654.69 1.2845e-13   3668.30 1 
  3657.43 7.7563e-14   3671.05 1 
  3660.17 8.7818e-14   3673.80 1 
  3662.91 9.3099e-14   3676.55 1 
  3665.65 5.6149e-14   3679.30 1 
  3668.39 1.0782e-13   3682.05 1 
  3671.13 1.3236e-13   3684.80 1 
  3673.87 8.3256e-14   3687.55 1 
  3676.61 1.1189e-13   3690.30 1 
  3679.35 1.2007e-13   3693.05 1 
  3682.09 1.1680e-13   3695.80 1 
  3684.83 7.9345e-14   3698.55 1 
  3687.57 1.0136e-13   3701.30 1 
  3690.31 1.3441e-13   3704.05 1 
  3693.05 1.2283e-13   3706.80 1 
  3695.79 1.3881e-13   3709.55 1 
  3698.53 1.2585e-13   3712.30 1 
  3701.27 8.5578e-14   3715.05 1 
  3704.01 1.1154e-13   3717.80 1 
  3706.75 9.7201e-14   3720.55 1 
  3709.49 7.7553e-14   3723.30 1 
  3712.23 1.0328e-13   3726.05 1 
  3714.97 1.1632e-13   3728.80 1 
  3717.71 1.3386e-13   3731.55 1 
  3720.45 1.8355e-13   3734.30 1 
  3723.19 3.0390e-13   3737.05 1 
  3725.93 3.5614e-13   3739.80 1 
  3728.67 3.0785e-13   3742.55 1 
  3731.41 2.4826e-13   3745.30 1 
  3734.15 1.6389e-13   3748.05 1 
  3736.89 1.1990e-13   3750.80 1 
  3739.63 1.1634e-13   3753.55 1 
  3742.37 9.0762e-14   3756.30 1 
  3745.11 1.3041e-13   3759.05 1 
  3747.85 1.3320e-13   3761.80 1 
  3750.59 1.2129e-13   3764.55 1 
  3753.33 1.1537e-13   3767.30 1 
  3756.07 1.1015e-13   3770.05 1 
  3758.81 1.0222e-13   3772.80 1 
  3761.55 1.3918e-13   3775.55 1 
  3764.29 1.1401e-13   3778.30 1 
  3767.03 1.2604e-13   3781.05 1 
  3769.77 1.3618e-13   3783.80 1 
  3772.51 1.2648e-13   3786.55 1 
  3775.24 1.1750e-13   3789.30 1 
  3777.98 8.3875e-14   3792.05 1 
  3780.72 1.5222e-13   3794.80 1 
  3783.46 1.5406e-13   3797.55 1 
  3786.20 1.4293e-13   3800.30 1 
  3788.94 1.6381e-13   3803.05 1 
  3791.68 1.5363e-13   3805.80 1 
  3794.42 1.5187e-13   3808.55 1 
  3797.16 1.1765e-13   3811.30 1 
  3799.90 1.3729e-13   3814.05 1 
  3802.64 1.7964e-13   3816.80 1 
  3805.38 1.6277e-13   3819.55 1 
  3808.12 1.4953e-13   3822.30 1 
  3810.86 1.9294e-13   3825.05 1 
  3813.60 1.6855e-13   3827.80 1 
  3816.34 1.7488e-13   3830.55 1 
  3819.08 1.5315e-13   3833.30 1 
  3821.82 1.1864e-13   3836.05 1 
  3824.56 1.2635e-13   3838.80 1 
  3827.30 1.1163e-13   3841.55 1 
  3830.04 1.5858e-13   3844.30 1 
  3832.78 8.4791e-14   3847.05 1 
  3835.52 1.1650e-13   3849.80 1 
  3838.26 1.0039e-13   3852.55 1 
  3841.00 1.4385e-13   3855.30 1 
  3843.74 1.3916e-13   3858.05 1 
  3846.48 1.5636e-13   3860.80 1 
  3849.22 1.2525e-13   3863.55 1 
  3851.96 1.5346e-13   3866.30 1 
  3854.70 1.2723e-13   3869.05 1 
  3857.44 1.5734e-13   3871.80 1 
  3860.18 1.6166e-13   3874.55 1 
  3862.92 1.5920e-13   3877.30 1 
  3865.66 1.5618e-13   3880.05 1 
  3868.40 1.5791e-13   3882.80 1 
  3871.14 1.7013e-13   3885.55 1 
  3873.88 1.6231e-13   3888.30 1 
  3876.62 1.5754e-13   3891.05 1 
  3879.36 1.5434e-13   3893.80 1 
  3882.10 1.4727e-13   3896.55 1 
  3884.84 1.2105e-13   3899.30 1 
  3887.58 1.4921e-13   3902.05 1 
  3890.32 1.3117e-13   3904.80 1 
  3893.06 1.3883e-13   3907.55 1 
  3895.80 1.2055e-13   3910.30 1 
  3898.54 1.4697e-13   3913.05 1 
  3901.28 1.5797e-13   3915.80 1 
  3904.02 1.4302e-13   3918.55 1 
  3906.76 1.6031e-13   3921.30 1 
  3909.49 1.5923e-13   3924.05 1 
  3912.23 1.6134e-13   3926.80 1 
  3914.97 1.3385e-13   3929.55 1 
  3917.71 1.4810e-13   3932.30 1 
  3920.45 1.6540e-13   3935.05 1 
  3923.19 1.7633e-13   3937.80 1 
  3925.93 1.4999e-13   3940.55 1 
  3928.67 1.2469e-13   3943.30 1 
  3931.41 1.3289e-13   3946.05 1 
  3934.15 1.2332e-13   3948.80 1 
  3936.89 1.2419e-13   3951.55 1 
  3939.63 1.3175e-13   3954.30 1 
  3942.37 1.5096e-13   3957.05 1 
  3945.11 1.4260e-13   3959.80 1 
  3947.85 1.6399e-13   3962.55 1 
  3950.59 1.7215e-13   3965.30 1 
  3953.33 1.6059e-13   3968.05 1 
  3956.07 1.4625e-13   3970.80 1 
  3958.81 1.3131e-13   3973.55 1 
  3961.55 1.2974e-13   3976.30 1 
  3964.29 1.2334e-13   3979.05 1 
  3967.03 9.3518e-14   3981.80 1 
  3969.77 1.0232e-13   3984.55 1 
  3972.51 1.0916e-13   3987.30 1 
  3975.25 1.2412e-13   3990.05 1 
  3977.99 1.5572e-13   3992.80 1 
  3980.73 1.7389e-13   3995.55 1 
  3983.47 1.6680e-13   3998.30 1 
  3986.21 1.5484e-13   4001.05 1 
  3988.95 1.6705e-13   4003.80 1 
  3991.69 1.7301e-13   4006.55 1 
  3994.43 1.7197e-13   4009.30 1 
  3997.17 1.7619e-13   4012.05 1 
  3999.91 1.6472e-13   4014.80 1 
  4002.65 1.8171e-13   4017.55 1 
  4005.39 1.8525e-13   4020.30 1 
  4008.13 1.8973e-13   4023.05 1 
  4010.87 1.9828e-13   4025.80 1 
  4013.61 2.0083e-13   4028.55 1 
  4016.35 2.0279e-13   4031.30 1 
  4019.09 1.9702e-13   4034.05 1 
  4021.83 1.9873e-13   4036.80 1 
  4024.57 2.0113e-13   4039.55 1 
  4027.31 1.9125e-13   4042.30 1 
  4030.05 1.9812e-13   4045.05 1 
  4032.79 1.9606e-13   4047.80 1 
  4035.53 1.9479e-13   4050.55 1 
  4038.27 1.6245e-13   4053.30 1 
  4041.01 1.6674e-13   4056.05 1 
  4043.75 1.9208e-13   4058.80 1 
  4046.48 1.9860e-13   4061.55 1 
  4049.22 1.8518e-13   4064.30 1 
  4051.96 1.8998e-13   4067.05 1 
  4054.70 1.8551e-13   4069.80 1 
  4057.44 1.8660e-13   4072.55 1 
  4060.18 2.0025e-13   4075.30 1 
  4062.92 2.0152e-13   4078.05 1 
  4065.66 1.8243e-13   4080.80 1 
  4068.40 1.8016e-13   4083.55 1 
  4071.14 1.8131e-13   4086.30 1 
  4073.88 1.8570e-13   4089.05 1 
  4076.62 1.6742e-13   4091.80 1 
  4079.36 1.8278e-13   4094.55 1 
  4082.10 1.7150e-13   4097.30 1 
  4084.84 1.5800e-13   4100.05 1 
  4087.58 1.7673e-13   4102.80 1 
  4090.32 1.8233e-13   4105.55 1 
  4093.06 1.6891e-13   4108.30 1 
  4095.80 1.5258e-13   4111.05 1 
  4098.54 1.4389e-13   4113.80 1 
  4101.28 1.5532e-13   4116.55 1 
  4104.02 1.6261e-13   4119.30 1 
  4106.76 1.5796e-13   4122.05 1 
  4109.50 1.4748e-13   4124.80 1 
  4112.24 1.7479e-13   4127.55 1 
  4114.98 2.0049e-13   4130.30 1 
  4117.72 1.9549e-13   4133.05 1 
  4120.46 1.7486e-13   4135.80 1 
  4123.20 1.5860e-13   4138.55 1 
  4125.94 1.7595e-13   4141.30 1 
  4128.68 1.9786e-13   4144.05 1 
  4131.42 1.7392e-13   4146.80 1 
  4134.16 1.7709e-13   4149.55 1 
  4136.90 1.8565e-13   4152.30 1 
  4139.64 1.8349e-13   4155.05 1 
  4142.38 1.6761e-13   4157.80 1 
  4145.12 1.7203e-13   4160.55 1 
  4147.86 2.0826e-13   4163.30 1 
  4150.60 2.0487e-13   4166.05 1 
  4153.34 1.7619e-13   4168.80 1 
  4156.08 1.6805e-13   4171.55 1 
  4158.82 1.8900e-13   4174.30 1 
  4161.56 1.9588e-13   4177.05 1 
  4164.30 1.7552e-13   4179.80 1 
  4167.04 1.8315e-13   4182.55 1 
  4169.78 1.7365e-13   4185.30 1 
  4172.52 1.7683e-13   4188.05 1 
  4175.26 1.7604e-13   4190.80 1 
  4178.00 1.6787e-13   4193.55 1 
  4180.73 1.8151e-13   4196.30 1 
  4183.47 1.9055e-13   4199.05 1 
  4186.21 1.8480e-13   4201.80 1 
  4188.95 1.8216e-13   4204.55 1 
  4191.69 1.7219e-13   4207.30 1 
  4194.43 1.7058e-13   4210.05 1 
  4197.17 1.8487e-13   4212.80 1 
  4199.91 1.7359e-13   4215.55 1 
  4202.65 1.8849e-13   4218.30 1 
  4205.39 1.8307e-13   4221.05 1 
  4208.13 1.8273e-13   4223.80 1 
  4210.87 1.6771e-13   4226.55 1 
  4213.61 1.7358e-13   4229.30 1 
  4216.35 1.8452e-13   4232.05 1 
  4219.09 1.9702e-13   4234.80 1 
  4221.83 1.7394e-13   4237.55 1 
  4224.57 1.6241e-13   4240.30 1 
  4227.31 1.8400e-13   4243.05 1 
  4230.05 1.5891e-13   4245.80 1 
  4232.79 1.8491e-13   4248.55 1 
  4235.53 1.8341e-13   4251.30 1 
  4238.27 1.7726e-13   4254.05 1 
  4241.01 1.7473e-13   4256.80 1 
  4243.75 1.7167e-13   4259.55 1 
  4246.49 1.7135e-13   4262.30 1 
  4249.23 1.9321e-13   4265.05 1 
  4251.97 1.6167e-13   4267.80 1 
  4254.71 1.7217e-13   4270.55 1 
  4257.45 1.8783e-13   4273.30 1 
  4260.19 1.7972e-13   4276.05 1 
  4262.93 1.8694e-13   4278.80 1 
  4265.67 1.7403e-13   4281.55 1 
  4268.41 1.5836e-13   4284.30 1 
  4271.15 1.8507e-13   4287.05 1 
  4273.89 1.7135e-13   4289.80 1 
  4276.63 1.6330e-13   4292.55 1 
  4279.37 1.6476e-13   4295.30 1 
  4282.11 1.7317e-13   4298.05 1 
  4284.85 1.7746e-13   4300.80 1 
  4287.59 1.6979e-13   4303.55 1 
  4290.33 1.7139e-13   4306.30 1 
  4293.07 1.8463e-13   4309.05 1 
  4295.81 1.3615e-13   4311.80 1 
  4298.55 1.6163e-13   4314.55 1 
  4301.29 1.3894e-13   4317.30 1 
  4304.03 1.5940e-13   4320.05 1 
  4306.77 1.3313e-13   4322.80 1 
  4309.51 1.5545e-13   4325.55 1 
  4312.25 1.7080e-13   4328.30 1 
  4314.99 1.7873e-13   4331.05 1 
  4317.72 1.7758e-13   4333.80 1 
  4320.46 1.8181e-13   4336.55 1 
  4323.20 1.7265e-13   4339.30 1 
  4325.94 1.7058e-13   4342.05 1 
  4328.68 1.6206e-13   4344.80 1 
  4331.42 1.6185e-13   4347.55 1 
  4334.16 1.7785e-13   4350.30 1 
  4336.90 1.8284e-13   4353.05 1 
  4339.64 1.6063e-13   4355.80 1 
  4342.38 1.5263e-13   4358.55 1 
  4345.12 1.5799e-13   4361.30 1 
  4347.86 1.8388e-13   4364.05 1 
  4350.60 1.7005e-13   4366.80 1 
  4353.34 1.7710e-13   4369.55 1 
  4356.08 1.8292e-13   4372.30 1 
  4358.82 1.9372e-13   4375.05 1 
  4361.56 1.8144e-13   4377.80 1 
  4364.30 1.8234e-13   4380.55 1 
  4367.04 1.8970e-13   4383.30 1 
  4369.78 1.8779e-13   4386.05 1 
  4372.52 1.6740e-13   4388.80 1 
  4375.26 1.6968e-13   4391.55 1 
  4378.00 1.7654e-13   4394.30 1 
  4380.74 1.6940e-13   4397.05 1 
  4383.48 1.7111e-13   4399.80 1 
  4386.22 1.7101e-13   4402.55 1 
  4388.96 1.7556e-13   4405.30 1 
  4391.70 2.0962e-13   4408.05 1 
  4394.44 1.9301e-13   4410.80 1 
  4397.18 1.8675e-13   4413.55 1 
  4399.92 1.6833e-13   4416.30 1 
  4402.66 1.7410e-13   4419.05 1 
  4405.40 1.7685e-13   4421.80 1 
  4408.14 1.8780e-13   4424.55 1 
  4410.88 1.7777e-13   4427.30 1 
  4413.62 1.8304e-13   4430.05 1 
  4416.36 1.8991e-13   4432.80 1 
  4419.10 1.8760e-13   4435.55 1 
  4421.84 1.7395e-13   4438.30 1 
  4424.58 1.8573e-13   4441.05 1 
  4427.32 1.9135e-13   4443.80 1 
  4430.06 1.9854e-13   4446.55 1 
  4432.80 1.9021e-13   4449.30 1 
  4435.54 1.9052e-13   4452.05 1 
  4438.28 1.9122e-13   4454.80 1 
  4441.02 1.8973e-13   4457.55 1 
  4443.76 1.8436e-13   4460.30 1 
  4446.50 1.7437e-13   4463.05 1 
  4449.24 1.8517e-13   4465.80 1 
  4451.98 1.9829e-13   4468.55 1 
  4454.71 1.9614e-13   4471.30 1 
  4457.45 1.8562e-13   4474.05 1 
  4460.19 1.9099e-13   4476.80 1 
  4462.93 1.7515e-13   4479.55 1 
  4465.67 1.8924e-13   4482.30 1 
  4468.41 1.9658e-13   4485.05 1 
  4471.15 1.9713e-13   4487.80 1 
  4473.89 1.8727e-13   4490.55 1 
  4476.63 1.8676e-13   4493.30 1 
  4479.37 1.8768e-13   4496.05 1 
  4482.11 2.0203e-13   4498.80 1 
  4484.85 2.0039e-13   4501.55 1 
  4487.59 1.8436e-13   4504.30 1 
  4490.33 1.9387e-13   4507.05 1 
  4493.07 1.8840e-13   4509.80 1 
  4495.81 1.9053e-13   4512.55 1 
  4498.55 1.9692e-13   4515.30 1 
  4501.29 2.0614e-13   4518.05 1 
  4504.03 2.0805e-13   4520.80 1 
  4506.77 2.0952e-13   4523.55 1 
  4509.51 2.0418e-13   4526.30 1 
  4512.25 2.0621e-13   4529.05 1 
  4514.99 2.0327e-13   4531.80 1 
  4517.73 1.9300e-13   4534.55 1 
  4520.47 2.0138e-13   4537.30 1 
  4523.21 1.9504e-13   4540.05 1 
  4525.95 1.8387e-13   4542.80 1 
  4528.69 1.7193e-13   4545.55 1 
  4531.43 1.7850e-13   4548.30 1 
  4534.17 1.9344e-13   4551.05 1 
  4536.91 2.0179e-13   4553.80 1 
  4539.65 1.9853e-13   4556.55 1 
  4542.39 1.9694e-13   4559.30 1 
  4545.13 1.9876e-13   4562.05 1 
  4547.87 1.9551e-13   4564.80 1 
  4550.61 1.9537e-13   4567.55 1 
  4553.35 1.9078e-13   4570.30 1 
  4556.09 1.9297e-13   4573.05 1 
  4558.83 2.0072e-13   4575.80 1 
  4561.57 2.0210e-13   4578.55 1 
  4564.31 2.0280e-13   4581.30 1 
  4567.05 2.0585e-13   4584.05 1 
  4569.79 2.0906e-13   4586.80 1 
  4572.53 2.0636e-13   4589.55 1 
  4575.27 2.0824e-13   4592.30 1 
  4578.01 2.0182e-13   4595.05 1 
  4580.75 1.9121e-13   4597.80 1 
  4583.49 1.8992e-13   4600.55 1 
  4586.23 2.0184e-13   4603.30 1 
  4588.97 2.0311e-13   4606.05 1 
  4591.70 1.9973e-13   4608.80 1 
  4594.44 1.9666e-13   4611.55 1 
  4597.18 1.9681e-13   4614.30 1 
  4599.92 1.9662e-13   4617.05 1 
  4602.66 1.9652e-13   4619.80 1 
  4605.40 2.0055e-13   4622.55 1 
  4608.14 2.0383e-13   4625.30 1 
  4610.88 2.0779e-13   4628.05 1 
  4613.62 2.1545e-13   4630.80 1 
  4616.36 2.1736e-13   4633.55 1 
  4619.10 2.0097e-13   4636.30 1 
  4621.84 2.0232e-13   4639.05 1 
  4624.58 2.0847e-13   4641.80 1 
  4627.32 2.0167e-13   4644.55 1 
  4630.06 2.1340e-13   4647.30 1 
  4632.80 2.0709e-13   4650.05 1 
  4635.54 2.1337e-13   4652.80 1 
  4638.28 2.0177e-13   4655.55 1 
  4641.02 1.8272e-13   4658.30 1 
  4643.76 1.8954e-13   4661.05 1 
  4646.50 1.9505e-13   4663.80 1 
  4649.24 1.8854e-13   4666.55 1 
  4651.98 1.8851e-13   4669.30 1 
  4654.72 1.9532e-13   4672.05 1 
  4657.46 2.0404e-13   4674.80 1 
  4660.20 1.9431e-13   4677.55 1 
  4662.94 1.8677e-13   4680.30 1 
  4665.68 1.8773e-13   4683.05 1 
  4668.42 1.9276e-13   4685.80 1 
  4671.16 1.8827e-13   4688.55 1 
  4673.90 1.8973e-13   4691.30 1 
  4676.64 1.8945e-13   4694.05 1 
  4679.38 1.9103e-13   4696.80 1 
  4682.12 1.9656e-13   4699.55 1 
  4684.86 2.1089e-13   4702.30 1 
  4687.60 1.9636e-13   4705.05 1 
  4690.34 1.9119e-13   4707.80 1 
  4693.08 2.1071e-13   4710.55 1 
  4695.82 2.0256e-13   4713.30 1 
  4698.56 1.9105e-13   4716.05 1 
  4701.30 1.9022e-13   4718.80 1 
  4704.04 2.0158e-13   4721.55 1 
  4706.78 1.9957e-13   4724.30 1 
  4709.52 1.9715e-13   4727.05 1 
  4712.26 1.9814e-13   4729.80 1 
  4715.00 1.9809e-13   4732.55 1 
  4717.74 1.9932e-13   4735.30 1 
  4720.48 1.9856e-13   4738.05 1 
  4723.22 2.0720e-13   4740.80 1 
  4725.96 1.9185e-13   4743.55 1 
  4728.69 1.7492e-13   4746.30 1 
  4731.43 1.9684e-13   4749.05 1 
  4734.17 2.0772e-13   4751.80 1 
  4736.91 2.0234e-13   4754.55 1 
  4739.65 2.1219e-13   4757.30 1 
  4742.39 1.9477e-13   4760.05 1 
  4745.13 1.8819e-13   4762.80 1 
  4747.87 1.9736e-13   4765.55 1 
  4750.61 2.0571e-13   4768.30 1 
  4753.35 2.1524e-13   4771.05 1 
  4756.09 2.0979e-13   4773.80 1 
  4758.83 1.7822e-13   4776.55 1 
  4761.57 2.0011e-13   4779.30 1 
  4764.31 1.8509e-13   4782.05 1 
  4767.05 1.9411e-13   4784.80 1 
  4769.79 2.0746e-13   4787.55 1 
  4772.53 2.1050e-13   4790.30 1 
  4775.27 2.1657e-13   4793.05 1 
  4778.01 2.1370e-13   4795.80 1 
  4780.75 1.9539e-13   4798.55 1 
  4783.49 1.9449e-13   4801.30 1 
  4786.23 1.8408e-13   4804.05 1 
  4788.97 1.8691e-13   4806.80 1 
  4791.71 1.9983e-13   4809.55 1 
  4794.45 1.9213e-13   4812.30 1 
  4797.19 1.9448e-13   4815.05 1 
  4799.93 1.9730e-13   4817.80 1 
  4802.67 1.8918e-13   4820.55 1 
  4805.41 1.9914e-13   4823.30 1 
  4808.15 1.9185e-13   4826.05 1 
  4810.89 2.1404e-13   4828.80 1 
  4813.63 2.1282e-13   4831.55 1 
  4816.37 2.0792e-13   4834.30 1 
  4819.11 1.9966e-13   4837.05 1 
  4821.85 2.0505e-13   4839.80 1 
  4824.59 2.1728e-13   4842.55 1 
  4827.33 2.1654e-13   4845.30 1 
  4830.07 2.0776e-13   4848.05 1 
  4832.81 1.9743e-13   4850.80 1 
  4835.55 1.9329e-13   4853.55 1 
  4838.29 2.0056e-13   4856.30 1 
  4841.03 1.9590e-13   4859.05 1 
  4843.77 1.9077e-13   4861.80 1 
  4846.51 1.9322e-13   4864.55 1 
  4849.25 1.9085e-13   4867.30 1 
  4851.99 1.8901e-13   4870.05 1 
  4854.73 2.1003e-13   4872.80 1 
  4857.47 2.4217e-13   4875.55 1 
  4860.21 2.3687e-13   4878.30 1 
  4862.95 2.2600e-13   4881.05 1 
  4865.68 2.0830e-13   4883.80 1 
  4868.42 1.7161e-13   4886.55 1 
  4871.16 1.7784e-13   4889.30 1 
  4873.90 1.8249e-13   4892.05 1 
  4876.64 1.8224e-13   4894.80 1 
  4879.38 1.8501e-13   4897.55 1 
  4882.12 1.8742e-13   4900.30 1 
  4884.86 1.8323e-13   4903.05 1 
  4887.60 1.7709e-13   4905.80 1 
  4890.34 1.8547e-13   4908.55 1 
  4893.08 1.8325e-13   4911.30 1 
  4895.82 1.8282e-13   4914.05 1 
  4898.56 1.8511e-13   4916.80 1 
  4901.30 1.9305e-13   4919.55 1 
  4904.04 1.8819e-13   4922.30 1 
  4906.78 1.9327e-13   4925.05 1 
  4909.52 1.9844e-13   4927.80 1 
  4912.26 2.0325e-13   4930.55 1 
  4915.00 1.9067e-13   4933.30 1 
  4917.74 1.9585e-13   4936.05 1 
  4920.48 1.7366e-13   4938.80 1 
  4923.22 1.9731e-13   4941.55 1 
  4925.96 1.8792e-13   4944.30 1 
  4928.70 1.9886e-13   4947.05 1 
  4931.44 1.8775e-13   4949.80 1 
  4934.18 2.1370e-13   4952.55 1 
  4936.92 1.9626e-13   4955.30 1 
  4939.66 2.0618e-13   4958.05 1 
  4942.40 1.9533e-13   4960.80 1 
  4945.14 2.0791e-13   4963.55 1 
  4947.88 2.1116e-13   4966.30 1 
  4950.62 1.9879e-13   4969.05 1 
  4953.36 2.3197e-13   4971.80 1 
  4956.10 2.3512e-13   4974.55 1 
  4958.84 2.3293e-13   4977.30 1 
  4961.58 2.2022e-13   4980.05 1 
  4964.32 2.2079e-13   4982.80 1 
  4967.06 1.9464e-13   4985.55 1 
  4969.80 2.0096e-13   4988.30 1 
  4972.54 1.9870e-13   4991.05 1 
  4975.28 2.0131e-13   4993.80 1 
  4978.02 1.8114e-13   4996.55 1 
  4980.76 1.9982e-13   4999.30 1 
  4983.50 1.9595e-13   5002.05 1 
  4986.24 1.9268e-13   5004.80 1 
  4988.98 1.8916e-13   5007.55 1 
  4991.72 2.0171e-13   5010.30 1 
  4994.46 1.9647e-13   5013.05 1 
  4997.20 2.1976e-13   5015.80 1 
  4999.94 2.4254e-13   5018.55 1 
  5002.67 2.7680e-13   5021.30 1 
  5005.41 2.7213e-13   5024.05 1 
  5008.15 2.5472e-13   5026.80 1 
  5010.89 2.2963e-13   5029.55 1 
  5013.63 1.9359e-13   5032.30 1 
  5016.37 1.9757e-13   5035.05 1 
  5019.11 1.9044e-13   5037.80 1 
  5021.85 1.7352e-13   5040.55 1 
  5024.59 1.7799e-13   5043.30 1 
  5027.33 1.9277e-13   5046.05 1 
  5030.07 1.9419e-13   5048.80 1 
  5032.81 1.8929e-13   5051.55 1 
  5035.55 1.6872e-13   5054.30 1 
  5038.29 1.8362e-13   5057.05 1 
  5041.03 1.8355e-13   5059.80 1 
  5043.77 1.8905e-13   5062.55 1 
  5046.51 1.9349e-13   5065.30 1 
  5049.25 1.9260e-13   5068.05 1 
  5051.99 1.9112e-13   5070.80 1 
  5054.73 1.9033e-13   5073.55 1 
  5057.47 1.9599e-13   5076.30 1 
  5060.21 2.0111e-13   5079.05 1 
  5062.95 1.8458e-13   5081.80 1 
  5065.69 1.9353e-13   5084.55 1 
  5068.43 1.9857e-13   5087.30 1 
  5071.17 1.9819e-13   5090.05 1 
  5073.91 1.8422e-13   5092.80 1 
  5076.65 1.8916e-13   5095.55 1 
  5079.39 1.8445e-13   5098.30 1 
  5082.13 2.0193e-13   5101.05 1 
  5084.87 1.9769e-13   5103.80 1 
  5087.61 2.0473e-13   5106.55 1 
  5090.35 1.8750e-13   5109.30 1 
  5093.09 1.8569e-13   5112.05 1 
  5095.83 1.7201e-13   5114.80 1 
  5098.57 1.9645e-13   5117.55 1 
  5101.31 1.8326e-13   5120.30 1 
  5104.05 1.8677e-13   5123.05 1 
  5106.79 1.8163e-13   5125.80 1 
  5109.53 1.8380e-13   5128.55 1 
  5112.27 1.8420e-13   5131.30 1 
  5115.01 1.8879e-13   5134.05 1 
  5117.75 1.9635e-13   5136.80 1 
  5120.49 1.8516e-13   5139.55 1 
  5123.23 1.9067e-13   5142.30 1 
  5125.97 1.9955e-13   5145.05 1 
  5128.71 1.8154e-13   5147.80 1 
  5131.45 1.9214e-13   5150.55 1 
  5134.19 1.8230e-13   5153.30 1 
  5136.93 1.8137e-13   5156.05 1 
  5139.66 1.9294e-13   5158.80 1 
  5142.40 1.8482e-13   5161.55 1 
  5145.14 1.7661e-13   5164.30 1 
  5147.88 1.8470e-13   5167.05 1 
  5150.62 1.9141e-13   5169.80 1 
  5153.36 1.8899e-13   5172.55 1 
  5156.10 1.9282e-13   5175.30 1 
  5158.84 1.7804e-13   5178.05 1 
  5161.58 1.8810e-13   5180.80 1 
  5164.32 1.9514e-13   5183.55 1 
  5167.06 1.6956e-13   5186.30 1 
  5169.80 1.6097e-13   5189.05 1 
  5172.54 1.7912e-13   5191.80 1 
  5175.28 1.6861e-13   5194.55 1 
  5178.02 1.6937e-13   5197.30 1 
  5180.76 1.6264e-13   5200.05 1 
  5183.50 1.5607e-13   5202.80 1 
  5186.24 1.7858e-13   5205.55 1 
  5188.98 1.7925e-13   5208.30 1 
  5191.72 1.9751e-13   5211.05 1 
  5194.46 1.7765e-13   5213.80 1 
  5197.20 1.8704e-13   5216.55 1 
  5199.94 1.8108e-13   5219.30 1 
  5202.68 1.9774e-13   5222.05 1 
  5205.42 1.6078e-13   5224.80 1 
  5208.16 1.7835e-13   5227.55 1 
  5210.90 1.8307e-13   5230.30 1 
  5213.64 1.8987e-13   5233.05 1 
  5216.38 1.8898e-13   5235.80 1 
  5219.12 1.7707e-13   5238.55 1 
  5221.86 1.7949e-13   5241.30 1 
  5224.60 1.8005e-13   5244.05 1 
  5227.34 1.8663e-13   5246.80 1 
  5230.08 1.8415e-13   5249.55 1 
  5232.82 1.8398e-13   5252.30 1 
  5235.56 2.0085e-13   5255.05 1 
  5238.30 1.9024e-13   5257.80 1 
  5241.04 2.0041e-13   5260.55 1 
  5243.78 1.9147e-13   5263.30 1 
  5246.52 1.9188e-13   5266.05 1 
  5249.26 1.9896e-13   5268.80 1 
  5252.00 1.9806e-13   5271.55 1 
  5254.74 1.7948e-13   5274.30 1 
  5257.48 1.9141e-13   5277.05 1 
  5260.22 1.6981e-13   5279.80 1 
  5262.96 1.9180e-13   5282.55 1 
  5265.70 1.7428e-13   5285.30 1 
  5268.44 1.6419e-13   5288.05 1 
  5271.18 1.7514e-13   5290.80 1 
  5273.92 1.9441e-13   5293.55 1 
  5276.65 1.8430e-13   5296.30 1 
  5279.39 1.8096e-13   5299.05 1 
  5282.13 1.8979e-13   5301.80 1 
  5284.87 1.8700e-13   5304.55 1 
  5287.61 1.8597e-13   5307.30 1 
  5290.35 1.9401e-13   5310.05 1 
  5293.09 2.1068e-13   5312.80 1 
  5295.83 2.0032e-13   5315.55 1 
  5298.57 1.9140e-13   5318.30 1 
  5301.31 1.9695e-13   5321.05 1 
  5304.05 2.0704e-13   5323.80 1 
  5306.79 2.0218e-13   5326.55 1 
  5309.53 2.1052e-13   5329.30 1 
  5312.27 1.9250e-13   5332.05 1 
  5315.01 1.9924e-13   5334.80 1 
  5317.75 2.1517e-13   5337.55 1 
  5320.49 2.0106e-13   5340.30 1 
  5323.23 1.8321e-13   5343.05 1 
  5325.97 1.7803e-13   5345.80 1 
  5328.71 1.8202e-13   5348.55 1 
  5331.45 1.9513e-13   5351.30 1 
  5334.19 1.8883e-13   5354.05 1 
  5336.93 1.9124e-13   5356.80 1 
  5339.67 1.7954e-13   5359.55 1 
  5342.41 1.9764e-13   5362.30 1 
  5345.15 1.9136e-13   5365.05 1 
  5347.89 1.9807e-13   5367.80 1 
  5350.63 1.9488e-13   5370.55 1 
  5353.37 2.1878e-13   5373.30 1 
  5356.11 2.2512e-13   5376.05 1 
  5358.85 2.0942e-13   5378.80 1 
  5361.59 2.0316e-13   5381.55 1 
  5364.33 1.9921e-13   5384.30 1 
  5367.07 1.8148e-13   5387.05 1 
  5369.81 1.8641e-13   5389.80 1 
  5372.55 1.9336e-13   5392.55 1 
  5375.29 2.0519e-13   5395.30 1 
  5378.03 1.9031e-13   5398.05 1 
  5380.77 2.1403e-13   5400.80 1 
  5383.51 1.9864e-13   5403.55 1 
  5386.25 1.9615e-13   5406.30 1 
  5388.99 1.9353e-13   5409.05 1 
  5391.73 1.9655e-13   5411.80 1 
  5394.47 1.9002e-13   5414.55 1 
  5397.21 1.8753e-13   5417.30 1 
  5399.95 1.9646e-13   5420.05 1 
  5402.69 1.9363e-13   5422.80 1 
  5405.43 1.9157e-13   5425.55 1 
  5408.17 1.8294e-13   5428.30 1 
  5410.91 1.8066e-13   5431.05 1 
  5413.64 1.8040e-13   5433.80 1 
  5416.38 2.0444e-13   5436.55 1 
  5419.12 1.9324e-13   5439.30 1 
  5421.86 1.9453e-13   5442.05 1 
  5424.60 2.0499e-13   5444.80 1 
  5427.34 1.8967e-13   5447.55 1 
  5430.08 1.9011e-13   5450.30 1 
  5432.82 1.9860e-13   5453.05 1 
  5435.56 1.8739e-13   5455.80 1 
  5438.30 1.9183e-13   5458.55 1 
  5441.04 1.8489e-13   5461.30 1 
  5443.78 2.1163e-13   5464.05 1 
  5446.52 1.8970e-13   5466.80 1 
  5449.26 2.0043e-13   5469.55 1 
  5452.00 1.7717e-13   5472.30 1 
  5454.74 1.8673e-13   5475.05 1 
  5457.48 1.9402e-13   5477.80 1 
  5460.22 1.9314e-13   5480.55 1 
  5462.96 2.0340e-13   5483.30 1 
  5465.70 1.9201e-13   5486.05 1 
  5468.44 2.0600e-13   5488.80 1 
  5471.18 2.0388e-13   5491.55 1 
  5473.92 2.0461e-13   5494.30 1 
  5476.66 1.9460e-13   5497.05 1 
  5479.40 1.9399e-13   5499.80 1 
  5482.14 2.0189e-13   5502.55 1 
  5484.88 1.9757e-13   5505.30 1 
  5487.62 1.9905e-13   5508.05 1 
  5490.36 1.9861e-13   5510.80 1 
  5493.10 2.0696e-13   5513.55 1 
  5495.84 2.0156e-13   5516.30 1 
  5498.58 1.9112e-13   5519.05 1 
  5501.32 1.8751e-13   5521.80 1 
  5504.06 1.9699e-13   5524.55 1 
  5506.80 1.8339e-13   5527.30 1 
  5509.54 2.1699e-13   5530.05 1 
  5512.28 2.0024e-13   5532.80 1 
  5515.02 2.0554e-13   5535.55 1 
  5517.76 1.8919e-13   5538.30 1 
  5520.50 2.0133e-13   5541.05 1 
  5523.24 2.0026e-13   5543.80 1 
  5525.98 1.8202e-13   5546.55 1 
  5528.72 1.9316e-13   5549.30 1 
  5531.46 1.9377e-13   5552.05 1 
  5534.20 1.9152e-13   5554.80 1 
  5536.94 2.0624e-13   5557.55 1 
  5539.68 2.0653e-13   5560.30 1 
  5542.42 2.0130e-13   5563.05 1 
  5545.16 2.0544e-13   5565.80 1 
  5547.89 1.9079e-13   5568.55 1 
  5550.63 2.0873e-13   5571.30 1 
  5553.37 2.1014e-13   5574.05 1 
  5556.11 2.0091e-13   5576.80 1 
  5558.85 1.9997e-13   5579.55 1 
  5561.59 1.9157e-13   5582.30 1 
  5564.33 1.9650e-13   5585.05 1 
  5567.07 1.9054e-13   5587.80 1 
  5569.81 1.9703e-13   5590.55 1 
  5572.55 1.9232e-13   5593.30 1 
  5575.29 1.9472e-13   5596.05 1 
  5578.03 1.8842e-13   5598.80 1 
  5580.77 1.8222e-13   5601.55 1 
  5583.51 1.8655e-13   5604.30 1 
  5586.25 1.8129e-13   5607.05 1 
  5588.99 1.9455e-13   5609.80 1 
  5591.73 1.8438e-13   5612.55 1 
  5594.47 1.9173e-13   5615.30 1 
  5597.21 1.8376e-13   5618.05 1 
  5599.95 1.8756e-13   5620.80 1 
  5602.69 1.9472e-13   5623.55 1 
  5605.43 1.8661e-13   5626.30 1 
  5608.17 1.9612e-13   5629.05 1 
  5610.91 2.0608e-13   5631.80 1 
  5613.65 1.9846e-13   5634.55 1 
  5616.39 1.9244e-13   5637.30 1 
  5619.13 2.0032e-13   5640.05 1 
  5621.87 1.9466e-13   5642.80 1 
  5624.61 1.9854e-13   5645.55 1 
  5627.35 1.9139e-13   5648.30 1 
  5630.09 1.9367e-13   5651.05 1 
  5632.83 1.9414e-13   5653.80 1 
  5635.57 2.1396e-13   5656.55 1 
  5638.31 2.0108e-13   5659.30 1 
  5641.05 2.0714e-13   5662.05 1 
  5643.79 1.9200e-13   5664.80 1 
  5646.53 1.7423e-13   5667.55 1 
  5649.27 1.9087e-13   5670.30 1 
  5652.01 1.9882e-13   5673.05 1 
  5654.75 2.0728e-13   5675.80 1 
  5657.49 2.0973e-13   5678.55 1 
  5660.23 2.0160e-13   5681.30 1 
  5662.97 1.9151e-13   5684.05 1 
  5665.71 2.0482e-13   5686.80 1 
  5668.45 1.9678e-13   5689.55 1 
  5671.19 1.9433e-13   5692.30 1 
  5673.93 1.8365e-13   5695.05 1 
  5676.67 1.9083e-13   5697.80 1 
  5679.41 1.9412e-13   5700.55 1 
  5682.15 2.0453e-13   5703.30 1 
  5684.88 2.0868e-13   5706.05 1 
  5687.62 2.0300e-13   5708.80 1 
  5690.36 1.9893e-13   5711.55 1 
  5693.10 1.9299e-13   5714.30 1 
  5695.84 1.9436e-13   5717.05 1 
  5698.58 1.9385e-13   5719.80 1 
  5701.32 1.8968e-13   5722.55 1 
  5704.06 1.9051e-13   5725.30 1 
  5706.80 1.9723e-13   5728.05 1 
  5709.54 1.9369e-13   5730.80 1 
  5712.28 1.9195e-13   5733.55 1 
  5715.02 1.9580e-13   5736.30 1 
  5717.76 2.0426e-13   5739.05 1 
  5720.50 2.0794e-13   5741.80 1 
  5723.24 2.0117e-13   5744.55 1 
  5725.98 1.9955e-13   5747.30 1 
  5728.72 2.0209e-13   5750.05 1 
  5731.46 2.0800e-13   5752.80 1 
  5734.20 2.0667e-13   5755.55 1 
  5736.94 1.9977e-13   5758.30 1 
  5739.68 2.0854e-13   5761.05 1 
  5742.42 2.0845e-13   5763.80 1 
  5745.16 1.9935e-13   5766.55 1 
  5747.90 1.9331e-13   5769.30 1 
  5750.64 1.9378e-13   5772.05 1 
  5753.38 1.9048e-13   5774.80 1 
  5756.12 1.8775e-13   5777.55 1 
  5758.86 1.9853e-13   5780.30 1 
  5761.60 2.0584e-13   5783.05 1 
  5764.34 2.0553e-13   5785.80 1 
  5767.08 1.9234e-13   5788.55 1 
  5769.82 2.0012e-13   5791.30 1 
  5772.56 2.0564e-13   5794.05 1 
  5775.30 1.9380e-13   5796.80 1 
  5778.04 1.8883e-13   5799.55 1 
  5780.78 1.8768e-13   5802.30 1 
  5783.52 1.9586e-13   5805.05 1 
  5786.26 2.0303e-13   5807.80 1 
  5789.00 1.9446e-13   5810.55 1 
  5791.74 1.8756e-13   5813.30 1 
  5794.48 2.0194e-13   5816.05 1 
  5797.22 2.0561e-13   5818.80 1 
  5799.96 1.9287e-13   5821.55 1 
  5802.70 1.8939e-13   5824.30 1 
  5805.44 1.9083e-13   5827.05 1 
  5808.18 1.8801e-13   5829.80 1 
  5810.92 2.0671e-13   5832.55 1 
  5813.66 2.0676e-13   5835.30 1 
  5816.40 2.0778e-13   5838.05 1 
  5819.14 2.0427e-13   5840.80 1 
  5821.87 2.0474e-13   5843.55 1 
  5824.61 1.9425e-13   5846.30 1 
  5827.35 1.9494e-13   5849.05 1 
  5830.09 2.0441e-13   5851.80 1 
  5832.83 2.0172e-13   5854.55 1 
  5835.57 1.9558e-13   5857.30 1 
  5838.31 2.0141e-13   5860.05 1 
  5841.05 2.0980e-13   5862.80 1 
  5843.79 1.9621e-13   5865.55 1 
  5846.53 2.0049e-13   5868.30 1 
  5849.27 1.9718e-13   5871.05 1 
  5852.01 1.9169e-13   5873.80 1 
  5854.75 1.9131e-13   5876.55 1 
  5857.49 1.8565e-13   5879.30 1 
  5860.23 1.9308e-13   5882.05 1 
  5862.97 2.0008e-13   5884.80 1 
  5865.71 2.0179e-13   5887.55 1 
  5868.45 1.9236e-13   5890.30 1 
  5871.19 1.8483e-13   5893.05 1 
  5873.93 1.5086e-13   5895.80 1 
  5876.67 1.7260e-13   5898.55 1 
  5879.41 1.8530e-13   5901.30 1 
  5882.15 1.8393e-13   5904.05 1 
  5884.89 1.7037e-13   5906.80 1 
  5887.63 1.8117e-13   5909.55 1 
  5890.37 1.6375e-13   5912.30 1 
  5893.11 1.5537e-13   5915.05 1 
  5895.85 1.6860e-13   5917.80 1 
  5898.59 1.7828e-13   5920.55 1 
  5901.33 1.9276e-13   5923.30 1 
  5904.07 2.0454e-13   5926.05 1 
  5906.81 2.1167e-13   5928.80 1 
  5909.55 1.8945e-13   5931.55 1 
  5912.29 1.9515e-13   5934.30 1 
  5915.03 1.8800e-13   5937.05 1 
  5917.77 2.0854e-13   5939.80 1 
  5920.51 2.0111e-13   5942.55 1 
  5923.25 1.9177e-13   5945.30 1 
  5925.99 1.8875e-13   5948.05 1 
  5928.73 1.9007e-13   5950.80 1 
  5931.47 2.0279e-13   5953.55 1 
  5934.21 1.9413e-13   5956.30 1 
  5936.95 2.0019e-13   5959.05 1 
  5939.69 1.9677e-13   5961.80 1 
  5942.43 1.8941e-13   5964.55 1 
  5945.17 1.7564e-13   5967.30 1 
  5947.91 2.0183e-13   5970.05 1 
  5950.65 1.9412e-13   5972.80 1 
  5953.39 1.8947e-13   5975.55 1 
  5956.13 2.0093e-13   5978.30 1 
  5958.86 2.1353e-13   5981.05 1 
  5961.60 1.9766e-13   5983.80 1 
  5964.34 1.9639e-13   5986.55 1 
  5967.08 1.8019e-13   5989.30 1 
  5969.82 1.9827e-13   5992.05 1 
  5972.56 1.8862e-13   5994.80 1 
  5975.30 1.9583e-13   5997.55 1 
  5978.04 1.9424e-13   6000.30 1 
  5980.78 1.9476e-13   6003.05 1 
  5983.52 1.9038e-13   6005.80 1 
  5986.26 1.7968e-13   6008.55 1 
  5989.00 1.8983e-13   6011.30 1 
  5991.74 2.0147e-13   6014.05 1 
  5994.48 2.0478e-13   6016.80 1 
  5997.22 2.0269e-13   6019.55 1 
  5999.96 1.8774e-13   6022.30 1 
  6002.70 1.9344e-13   6025.05 1 
  6005.44 2.0581e-13   6027.80 1 
  6008.18 2.0012e-13   6030.55 1 
  6010.92 1.8870e-13   6033.30 1 
  6013.66 1.8443e-13   6036.05 1 
  6016.40 1.9424e-13   6038.80 1 
  6019.14 1.9156e-13   6041.55 1 
  6021.88 1.9466e-13   6044.30 1 
  6024.62 1.9628e-13   6047.05 1 
  6027.36 1.8526e-13   6049.80 1 
  6030.10 2.0182e-13   6052.55 1 
  6032.84 1.9436e-13   6055.30 1 
  6035.58 1.9099e-13   6058.05 1 
  6038.32 2.0860e-13   6060.80 1 
  6041.06 1.9149e-13   6063.55 1 
  6043.80 2.0087e-13   6066.30 1 
  6046.54 2.0072e-13   6069.05 1 
  6049.28 1.8518e-13   6071.80 1 
  6052.02 1.8694e-13   6074.55 1 
  6054.76 1.9652e-13   6077.30 1 
  6057.50 1.9494e-13   6080.05 1 
  6060.24 1.8918e-13   6082.80 1 
  6062.98 1.8347e-13   6085.55 1 
  6065.72 1.8741e-13   6088.30 1 
  6068.46 1.9749e-13   6091.05 1 
  6071.20 2.0925e-13   6093.80 1 
  6073.94 1.8798e-13   6096.55 1 
  6076.68 1.9767e-13   6099.30 1 
  6079.42 1.8153e-13   6102.05 1 
  6082.16 1.9879e-13   6104.80 1 
  6084.90 1.7201e-13   6107.55 1 
  6087.64 1.9665e-13   6110.30 1 
  6090.38 1.8896e-13   6113.05 1 
  6093.12 1.9159e-13   6115.80 1 
  6095.85 1.8287e-13   6118.55 1 
  6098.59 2.0493e-13   6121.30 1 
  6101.33 1.8982e-13   6124.05 1 
  6104.07 1.9307e-13   6126.80 1 
  6106.81 1.7852e-13   6129.55 1 
  6109.55 1.8636e-13   6132.30 1 
  6112.29 1.8743e-13   6135.05 1 
  6115.03 1.8752e-13   6137.80 1 
  6117.77 1.9678e-13   6140.55 1 
  6120.51 1.9358e-13   6143.30 1 
  6123.25 1.8510e-13   6146.05 1 
  6125.99 1.8498e-13   6148.80 1 
  6128.73 1.9096e-13   6151.55 1 
  6131.47 2.0070e-13   6154.30 1 
  6134.21 1.8030e-13   6157.05 1 
  6136.95 1.7911e-13   6159.80 1 
  6139.69 1.7816e-13   6162.55 1 
  6142.43 1.8457e-13   6165.30 1 
  6145.17 1.8524e-13   6168.05 1 
  6147.91 1.7712e-13   6170.80 1 
  6150.65 1.8018e-13   6173.55 1 
  6153.39 1.8933e-13   6176.30 1 
  6156.13 1.7700e-13   6179.05 1 
  6158.87 1.8378e-13   6181.80 1 
  6161.61 1.8729e-13   6184.55 1 
  6164.35 1.8548e-13   6187.30 1 
  6167.09 1.7500e-13   6190.05 1 
  6169.83 1.6547e-13   6192.80 1 
  6172.57 1.7915e-13   6195.55 1 
  6175.31 1.9432e-13   6198.30 1 
  6178.05 1.9008e-13   6201.05 1 
  6180.79 1.8194e-13   6203.80 1 
  6183.53 1.8762e-13   6206.55 1 
  6186.27 1.8759e-13   6209.30 1 
  6189.01 1.8920e-13   6212.05 1 
  6191.75 1.8911e-13   6214.80 1 
  6194.49 1.8438e-13   6217.55 1 
  6197.23 1.8217e-13   6220.30 1 
  6199.97 1.8846e-13   6223.05 1 
  6202.71 2.0750e-13   6225.80 1 
  6205.45 1.9789e-13   6228.55 1 
  6208.19 2.0843e-13   6231.30 1 
  6210.93 2.0297e-13   6234.05 1 
  6213.67 1.6443e-13   6236.80 1 
  6216.41 1.7462e-13   6239.55 1 
  6219.15 1.8366e-13   6242.30 1 
  6221.89 1.8922e-13   6245.05 1 
  6224.63 1.8691e-13   6247.80 1 
  6227.37 1.8691e-13   6250.55 1 
  6230.11 1.9324e-13   6253.30 1 
  6232.84 1.8013e-13   6256.05 1 
  6235.58 1.7455e-13   6258.80 1 
  6238.32 1.5425e-13   6261.55 1 
  6241.06 1.6654e-13   6264.30 1 
  6243.80 1.7876e-13   6267.05 1 
  6246.54 1.9076e-13   6269.80 1 
  6249.28 1.7775e-13   6272.55 1 
  6252.02 1.7787e-13   6275.30 1 
  6254.76 1.7901e-13   6278.05 1 
  6257.50 1.7853e-13   6280.80 1 
  6260.24 1.8320e-13   6283.55 1 
  6262.98 1.8026e-13   6286.30 1 
  6265.72 1.8735e-13   6289.05 1 
  6268.46 1.8560e-13   6291.80 1 
  6271.20 1.8915e-13   6294.55 1 
  6273.94 1.7885e-13   6297.30 1 
  6276.68 1.7666e-13   6300.05 1 
  6279.42 1.7663e-13   6302.80 1 
  6282.16 1.8221e-13   6305.55 1 
  6284.90 1.7724e-13   6308.30 1 
  6287.64 1.8623e-13   6311.05 1 
  6290.38 1.5304e-13   6313.80 1 
  6293.12 2.1533e-13   6316.55 1 
  6295.86 1.9669e-13   6319.30 1 
  6298.60 2.0690e-13   6322.05 1 
  6301.34 2.0214e-13   6324.80 1 
  6304.08 1.9426e-13   6327.55 1 
  6306.82 1.8102e-13   6330.30 1 
  6309.56 1.6735e-13   6333.05 1 
  6312.30 1.9087e-13   6335.80 1 
  6315.04 1.9007e-13   6338.55 1 
  6317.78 1.8766e-13   6341.30 1 
  6320.52 1.8802e-13   6344.05 1 
  6323.26 1.8629e-13   6346.80 1 
  6326.00 1.9023e-13   6349.55 1 
  6328.74 1.7368e-13   6352.30 1 
  6331.48 1.8777e-13   6355.05 1 
  6334.22 1.9165e-13   6357.80 1 
  6336.96 1.8651e-13   6360.55 1 
  6339.70 1.8959e-13   6363.30 1 
  6342.44 1.9259e-13   6366.05 1 
  6345.18 1.8672e-13   6368.80 1 
  6347.92 1.8464e-13   6371.55 1 
  6350.66 1.8762e-13   6374.30 1 
  6353.40 1.8573e-13   6377.05 1 
  6356.14 1.9008e-13   6379.80 1 
  6358.88 1.8524e-13   6382.55 1 
  6361.62 1.7188e-13   6385.30 1 
  6364.36 1.8909e-13   6388.05 1 
  6367.10 1.8623e-13   6390.80 1 
  6369.83 1.8992e-13   6393.55 1 
  6372.57 1.8465e-13   6396.30 1 
  6375.31 1.7922e-13   6399.05 1 
  6378.05 2.0307e-13   6401.80 1 
  6380.79 1.8291e-13   6404.55 1 
  6383.53 1.9814e-13   6407.30 1 
  6386.27 1.9241e-13   6410.05 1 
  6389.01 1.9203e-13   6412.80 1 
  6391.75 1.7013e-13   6415.55 1 
  6394.49 1.8062e-13   6418.30 1 
  6397.23 1.8218e-13   6421.05 1 
  6399.97 1.8791e-13   6423.80 1 
  6402.71 1.8580e-13   6426.55 1 
  6405.45 1.9142e-13   6429.30 1 
  6408.19 1.8375e-13   6432.05 1 
  6410.93 1.8564e-13   6434.80 1 
  6413.67 1.8857e-13   6437.55 1 
  6416.41 1.8561e-13   6440.30 1 
  6419.15 2.0008e-13   6443.05 1 
  6421.89 1.9039e-13   6445.80 1 
  6424.63 1.8187e-13   6448.55 1 
  6427.37 1.8951e-13   6451.30 1 
  6430.11 1.9263e-13   6454.05 1 
  6432.85 1.8975e-13   6456.80 1 
  6435.59 1.9372e-13   6459.55 1 
  6438.33 1.9036e-13   6462.30 1 
  6441.07 1.7986e-13   6465.05 1 
  6443.81 1.6861e-13   6467.80 1 
  6446.55 1.6851e-13   6470.55 1 
  6449.29 1.9160e-13   6473.30 1 
  6452.03 1.9171e-13   6476.05 1 
  6454.77 1.8243e-13   6478.80 1 
  6457.51 1.8771e-13   6481.55 1 
  6460.25 1.8665e-13   6484.30 1 
  6462.99 1.9378e-13   6487.05 1 
  6465.73 1.9065e-13   6489.80 1 
  6468.47 1.9048e-13   6492.55 1 
  6471.21 2.0232e-13   6495.30 1 
  6473.95 1.7508e-13   6498.05 1 
  6476.69 2.0134e-13   6500.80 1 
  6479.43 1.8687e-13   6503.55 1 
  6482.17 1.9546e-13   6506.30 1 
  6484.91 1.8284e-13   6509.05 1 
  6487.65 1.8596e-13   6511.80 1 
  6490.39 1.8470e-13   6514.55 1 
  6493.13 1.8528e-13   6517.30 1 
  6495.87 1.7056e-13   6520.05 1 
  6498.61 1.9611e-13   6522.80 1 
  6501.35 1.7712e-13   6525.55 1 
  6504.09 1.7934e-13   6528.30 1 
  6506.82 1.9829e-13   6531.05 1 
  6509.56 1.8056e-13   6533.80 1 
  6512.30 1.9711e-13   6536.55 1 
  6515.04 1.9147e-13   6539.30 1 
  6517.78 2.0139e-13   6542.05 1 
  6520.52 1.9752e-13   6544.80 1 
  6523.26 2.0045e-13   6547.55 1 
  6526.00 2.0751e-13   6550.30 1 
  6528.74 1.7337e-13   6553.05 1 
  6531.48 1.9918e-13   6555.80 1 
  6534.22 2.0063e-13   6558.55 1 
  6536.96 1.9208e-13   6561.30 1 
  6539.70 2.1028e-13   6564.05 1 
  6542.44 2.1552e-13   6566.80 1 
  6545.18 2.3389e-13   6569.55 1 
  6547.92 2.3710e-13   6572.30 1 
  6550.66 2.7657e-13   6575.05 1 
  6553.40 2.9736e-13   6577.80 1 
  6556.14 3.9088e-13   6580.55 1 
  6558.88 4.5143e-13   6583.30 1 
  6561.62 4.7085e-13   6586.05 1 
  6564.36 4.4166e-13   6588.80 1 
  6567.10 3.6500e-13   6591.55 1 
  6569.84 2.7168e-13   6594.30 1 
  6572.58 2.2105e-13   6597.05 1 
  6575.32 2.5050e-13   6599.80 1 
  6578.06 2.8037e-13   6602.55 1 
  6580.80 3.0188e-13   6605.30 1 
  6583.54 3.0366e-13   6608.05 1 
  6586.28 2.7380e-13   6610.80 1 
  6589.02 2.4965e-13   6613.55 1 
  6591.76 2.1507e-13   6616.30 1 
  6594.50 2.1535e-13   6619.05 1 
  6597.24 1.8496e-13   6621.80 1 
  6599.98 1.9109e-13   6624.55 1 
  6602.72 1.7774e-13   6627.30 1 
  6605.46 2.0235e-13   6630.05 1 
  6608.20 1.8457e-13   6632.80 1 
  6610.94 1.8977e-13   6635.55 1 
  6613.68 1.7653e-13   6638.30 1 
  6616.42 1.7936e-13   6641.05 1 
  6619.16 1.9075e-13   6643.80 1 
  6621.90 1.9189e-13   6646.55 1 
  6624.64 1.9177e-13   6649.30 1 
  6627.38 1.9652e-13   6652.05 1 
  6630.12 1.8330e-13   6654.80 1 
  6632.86 1.8779e-13   6657.55 1 
  6635.60 1.9270e-13   6660.30 1 
  6638.34 1.8768e-13   6663.05 1 
  6641.08 2.0016e-13   6665.80 1 
  6643.81 1.9719e-13   6668.55 1 
  6646.55 1.8470e-13   6671.30 1 
  6649.29 1.8238e-13   6674.05 1 
  6652.03 1.9042e-13   6676.80 1 
  6654.77 1.9529e-13   6679.55 1 
  6657.51 1.9141e-13   6682.30 1 
  6660.25 1.9587e-13   6685.05 1 
  6662.99 1.9107e-13   6687.80 1 
  6665.73 1.8585e-13   6690.55 1 
  6668.47 1.8427e-13   6693.30 1 
  6671.21 1.7247e-13   6696.05 1 
  6673.95 1.8561e-13   6698.80 1 
  6676.69 1.9086e-13   6701.55 1 
  6679.43 1.8837e-13   6704.30 1 
  6682.17 1.7917e-13   6707.05 1 
  6684.91 1.7256e-13   6709.80 1 
  6687.65 1.8973e-13   6712.55 1 
  6690.39 1.8852e-13   6715.30 1 
  6693.13 1.9887e-13   6718.05 1 
  6695.87 1.8406e-13   6720.80 1 
  6698.61 1.8595e-13   6723.55 1 
  6701.35 1.9436e-13   6726.30 1 
  6704.09 1.9048e-13   6729.05 1 
  6706.83 1.9419e-13   6731.80 1 
  6709.57 2.1923e-13   6734.55 1 
  6712.31 2.5292e-13   6737.30 1 
  6715.05 2.5903e-13   6740.05 1 
  6717.79 2.5656e-13   6742.80 1 
  6720.53 2.4330e-13   6745.55 1 
  6723.27 2.3863e-13   6748.30 1 
  6726.01 2.2551e-13   6751.05 1 
  6728.75 2.4276e-13   6753.80 1 
  6731.49 2.4412e-13   6756.55 1 
  6734.23 2.4142e-13   6759.30 1 
  6736.97 1.9725e-13   6762.05 1 
  6739.71 1.7692e-13   6764.80 1 
  6742.45 1.8379e-13   6767.55 1 
  6745.19 1.8398e-13   6770.30 1 
  6747.93 1.8080e-13   6773.05 1 
  6750.67 1.7019e-13   6775.80 1 
  6753.41 1.9043e-13   6778.55 1 
  6756.15 1.8196e-13   6781.30 1 
  6758.89 1.8579e-13   6784.05 1 
  6761.63 1.8647e-13   6786.80 1 
  6764.37 1.8343e-13   6789.55 1 
  6767.11 1.8703e-13   6792.30 1 
  6769.85 1.6196e-13   6795.05 1 
  6772.59 1.7326e-13   6797.80 1 
  6775.33 1.7758e-13   6800.55 1 
  6778.07 1.7834e-13   6803.30 1 
  6780.80 1.8336e-13   6806.05 1 
  6783.54 1.8793e-13   6808.80 1 
  6786.28 1.8419e-13   6811.55 1 
  6789.02 1.8496e-13   6814.30 1 
  6791.76 1.8978e-13   6817.05 1 
  6794.50 1.7206e-13   6819.80 1 
  6797.24 1.6975e-13   6822.55 1 
  6799.98 1.9049e-13   6825.30 1 
  6802.72 2.0164e-13   6828.05 1 
  6813.75 1.8432e-13   6839.12 0 
  6829.46 1.8644e-13   6854.88 0 
  6845.20 1.8302e-13   6870.68 0 
  6860.98 1.8175e-13   6886.52 0 
  6876.80 1.8216e-13   6902.40 0 
  6892.65 1.7759e-13   6918.31 0 
  6908.54 1.8129e-13   6934.26 0 
  6924.46 1.8086e-13   6950.24 0 
  6940.42 1.8634e-13   6966.26 0 
  6956.43 1.8936e-13   6982.33 0 
  6972.46 1.8847e-13   6998.42 0 
  6988.53 1.8587e-13   7014.55 0 
  7004.64 1.8758e-13   7030.72 0 
  7020.79 1.8627e-13   7046.93 0 
  7036.98 1.8798e-13   7063.18 0 
  7053.20 1.9457e-13   7079.46 0 
  7069.46 1.7908e-13   7095.78 0 
  7085.75 1.8536e-13   7112.14 0 
  7102.09 1.7417e-13   7128.53 0 
  7118.46 1.7256e-13   7144.96 0 
  7134.87 1.6901e-13   7161.43 0 
  7151.32 1.7214e-13   7177.94 0 
  7167.81 1.7292e-13   7194.49 0 
  7184.33 1.7093e-13   7211.08 0 
  7200.89 1.6664e-13   7227.70 0 
  7217.49 1.7488e-13   7244.36 0 
  7234.13 1.7936e-13   7261.06 0 
  7250.80 1.7526e-13   7277.80 0 
  7267.52 1.7646e-13   7294.57 0 
  7284.27 1.7849e-13   7311.39 0 
  7301.06 1.7603e-13   7328.25 0 
  7317.89 1.8053e-13   7345.14 0 
  7334.77 1.8303e-13   7362.07 0 
  7351.67 1.8428e-13   7379.04 0 
  7368.62 1.8342e-13   7396.05 0 
  7385.60 1.9338e-13   7413.10 0 
  7402.63 1.8983e-13   7430.19 0 
  7419.70 1.8765e-13   7447.32 0 
  7436.80 1.9112e-13   7464.49 0 
  7453.95 1.8590e-13   7481.70 0 
  7471.13 1.8545e-13   7498.94 0 
  7488.35 1.9020e-13   7516.23 0 
  7505.61 1.8974e-13   7533.56 0 
  7522.92 1.9281e-13   7550.92 0 
  7540.26 1.9147e-13   7568.33 0 
  7557.64 1.9412e-13   7585.78 0 
  7575.06 1.9144e-13   7603.26 0 
  7592.52 1.9098e-13   7620.79 0 
  7610.02 1.8748e-13   7638.36 0 
  7627.57 1.8110e-13   7655.97 0 
  7645.15 1.8318e-13   7673.61 0 
  7662.77 1.8317e-13   7691.30 0 
  7680.44 1.7734e-13   7709.04 0 
  7698.15 1.7856e-13   7726.81 0 
  7715.89 1.7690e-13   7744.62 0 
  7733.68 1.7608e-13   7762.47 0 
  7751.51 1.7525e-13   7780.37 0 
  7769.37 1.7605e-13   7798.30 0 
  7787.28 1.7282e-13   7816.28 0 
  7805.24 1.7281e-13   7834.30 0 
  7823.23 1.8052e-13   7852.36 0 
  7841.26 1.7159e-13   7870.46 0 
  7859.34 1.7638e-13   7888.60 0 
  7877.46 1.7800e-13   7906.79 0 
  7895.62 1.8004e-13   7925.01 0 
  7913.82 1.7674e-13   7943.28 0 
  7932.06 1.7350e-13   7961.59 0 
  7950.35 1.6915e-13   7979.95 0 
  7968.68 1.7508e-13   7998.34 0 
  7987.05 1.7506e-13   8016.78 0 
  8005.46 1.7304e-13   8035.26 0 
  8023.91 1.8118e-13   8053.78 0 
  8042.41 1.8326e-13   8072.35 0 
  8060.95 1.8241e-13   8090.96 0 
  8079.53 1.7498e-13   8109.61 0 
  8098.16 1.7822e-13   8128.31 0 
  8116.82 1.8027e-13   8147.04 0 
  8135.53 1.8192e-13   8165.82 0 
  8154.29 1.7859e-13   8184.65 0 
  8173.09 1.6897e-13   8203.52 0 
  8191.93 1.6741e-13   8222.43 0 
  8210.81 1.7488e-13   8241.38 0 
  8229.74 1.7406e-13   8260.38 0 
  8248.71 1.8351e-13   8279.42 0 
  8267.73 1.7931e-13   8298.51 0 
  8286.79 1.7684e-13   8317.64 0 
  8305.89 1.7520e-13   8336.81 0 
  8325.04 1.7721e-13   8356.03 0 
  8344.23 1.7158e-13   8375.29 0 
  8363.46 1.7637e-13   8394.60 0 
  8382.74 1.7514e-13   8413.95 0 
  8402.07 1.7797e-13   8433.35 0 
  8421.44 1.7073e-13   8452.79 0 
  8440.85 1.7753e-13   8472.27 0 
  8460.31 1.7148e-13   8491.80 0 
  8479.81 1.6795e-13   8511.38 0 
  8499.36 1.7424e-13   8531.00 0 
  8518.95 1.7183e-13   8550.67 0 
  8538.59 1.6985e-13   8570.38 0 
  8558.27 1.5960e-13   8590.14 0 
  8578.00 1.7218e-13   8609.94 0 
  8597.78 1.7098e-13   8629.79 0 
  8617.60 1.6979e-13   8649.68 0 
  8637.46 1.7213e-13   8669.62 0 
  8657.37 1.6399e-13   8689.60 0 
  8677.33 1.5804e-13   8709.64 0 
  8697.33 1.5372e-13   8729.71 0 
  8717.38 1.6893e-13   8749.84 0 
  8737.48 1.6813e-13   8770.01 0 
  8757.62 1.6467e-13   8790.23 0 
  8777.81 1.6927e-13   8810.49 0 
  8798.05 1.7240e-13   8830.80 0 
  8818.33 1.6349e-13   8851.16 0 
  8838.65 1.7079e-13   8871.56 0 
  8859.03 1.6881e-13   8892.01 0 
  8879.45 1.6083e-13   8912.51 0 
  8899.92 1.6418e-13   8933.05 0 
  8920.43 1.6454e-13   8953.65 0 
  8941.00 1.6340e-13   8974.29 0 
  8961.61 1.6376e-13   8994.98 0 
  8982.27 1.5673e-13   9015.71 0 
  9002.98 1.5105e-13   9036.50 0 
  9023.73 1.4930e-13   9057.33 0 
  9044.53 1.7101e-13   9078.20 0 
  9065.38 1.7418e-13   9099.13 0 
  9086.28 1.6902e-13   9120.11 0 
  9107.23 1.6669e-13   9141.13 0 
  9128.22 1.4854e-13   9162.20 0 
  9149.26 1.6026e-13   9183.33 0 
  9170.35 1.6473e-13   9204.50 0 
  9191.49 1.6320e-13   9225.71 0 
  9212.68 1.6356e-13   9246.98 0 
  9233.92 1.5334e-13   9268.30 0 
  9255.20 1.5581e-13   9289.66 0 
  9276.54 1.7122e-13   9311.08 0 
  9297.93 1.5506e-13   9332.54 0 
  9319.36 1.6729e-13   9354.06 0 
  9340.84 1.6804e-13   9375.62 0 
  9362.38 1.6496e-13   9397.23 0 
  9383.96 1.6762e-13   9418.90 0 
  9405.59 1.6417e-13   9440.61 0 
  9427.28 1.6992e-13   9462.37 0 
  9449.01 1.6757e-13   9484.18 0 
  9470.79 1.7225e-13   9506.05 0 
  9492.62 1.7223e-13   9527.96 0 
  9514.50 1.6713e-13   9549.93 0 
  9536.44 1.6789e-13   9571.94 0 
  9558.42 1.6217e-13   9594.01 0 
  9580.46 1.6785e-13   9616.12 0 
  9602.54 1.6900e-13   9638.29 0 
  9624.67 1.7015e-13   9660.51 0 
  9646.86 1.6780e-13   9682.78 0 
  9669.10 1.6778e-13   9705.10 0 
  9691.39 1.7010e-13   9727.47 0 
  9713.73 1.6659e-13   9749.90 0 
  9736.12 1.6429e-13   9772.37 0 
  9758.57 1.6390e-13   9794.90 0 
  9781.07 1.6539e-13   9817.48 0 
  9803.61 1.6768e-13   9840.11 0 
  9826.21 1.6574e-13   9862.79 0 
  9848.86 1.6726e-13   9885.53 0 
  9871.57 1.6609e-13   9908.32 0 
  9894.32 1.6607e-13   9931.16 0 
  9917.13 1.6491e-13   9954.05 0 
  9940.00 1.6680e-13   9977.00 0 
  9962.91 1.6794e-13  10000.00 0 
  9985.87 1.6753e-13  10023.05 0 
 10031.96 1.6866e-13  10069.31 0 
 10078.28 1.6631e-13  10115.80 0 
 10124.79 1.7251e-13  10162.49 0 
 10171.52 1.7168e-13  10209.39 0 
 10218.48 1.7483e-13  10256.52 0 
 10265.64 1.7682e-13  10303.86 0 
 10289.31 1.7720e-13  10327.61 0 
 10504.75 1.7023e-13  10543.86 0 
 10700.06 1.6096e-13  10739.90 0 
 10898.99 1.5838e-13  10939.56 0 
 11101.61 1.4713e-13  11142.94 0 
 11308.00 1.4884e-13  11350.10 0 
 11491.74 1.5160e-13  11534.53 0 
 11705.40 1.4884e-13  11748.98 0 
 11895.60 1.3826e-13  11939.88 0 
 12088.88 1.4019e-13  12133.89 0 
 12313.63 1.3987e-13  12359.47 0 
 12513.71 1.3419e-13  12560.30 0 
 12687.79 1.3174e-13  12735.03 0 
 12893.95 1.3023e-13  12941.96 0 
 13103.46 1.2844e-13  13152.25 0 
 13285.75 1.2380e-13  13335.21 0 
 13501.63 1.2015e-13  13551.89 0 
 13689.45 1.1823e-13  13740.42 0 
 13911.89 1.1213e-13  13963.68 0 
 14105.42 1.0488e-13  14157.94 0 
 14301.65 1.0392e-13  14354.90 0 
 14500.61 1.0585e-13  14554.59 0 
 14702.33 1.0132e-13  14757.07 0 
 14906.87 1.0440e-13  14962.36 0 
 15114.24 1.0634e-13  15170.51 0 
 15289.24 1.0957e-13  15346.17 0 
 15501.94 1.0857e-13  15559.65 0 
 15717.59 1.0610e-13  15776.11 0 
 15899.60 1.0156e-13  15958.79 0 
 16083.71 1.0109e-13  16143.59 0 
 16307.46 1.0109e-13  16368.17 0 
 16496.28 1.0063e-13  16557.70 0 
 16687.30 1.0179e-13  16749.43 0 
 16919.45 1.0226e-13  16982.44 0 
 17115.37 1.0156e-13  17179.09 0 
 17313.54 9.8336e-14  17378.00 0 
 17514.03 9.4779e-14  17579.23 0 
 17716.84 8.9890e-14  17782.79 0 
 17880.77 8.5253e-14  17947.34 0 
 18087.81 8.0114e-14  18155.15 0 
 18297.26 7.7931e-14  18365.38 0 
 18509.14 7.4940e-14  18578.05 0 
 18680.39 7.0747e-14  18749.94 0 
 18896.70 6.9296e-14  18967.05 0 
 19115.52 6.8978e-14  19186.69 0 
 19292.40 6.7408e-14  19364.23 0 
 19515.78 6.4970e-14  19588.44 0 
 19696.37 6.2332e-14  19769.70 0 
 19878.62 6.0355e-14  19952.63 0 
 20108.79 5.9801e-14  20183.66 0 
 20294.86 5.8172e-14  20370.42 0 
 20482.66 5.8038e-14  20558.92 0 
 20719.82 5.7241e-14  20796.96 0 
 20911.55 5.6586e-14  20989.40 0 
 21105.05 5.6197e-14  21183.62 0 
 21300.32 5.5298e-14  21379.62 0 
 21497.41 5.4665e-14  21577.45 0 
 21696.31 5.3175e-14  21777.09 0 
 21897.08 5.2325e-14  21978.60 0 
 22099.70 5.1017e-14  22181.97 0 
 22304.17 4.9741e-14  22387.21 0 
 22510.56 4.8720e-14  22594.36 0 
 22718.83 4.7502e-14  22803.41 0 
 22876.32 4.2531e-14  22961.49 0 
 23087.98 4.1948e-14  23173.93 0 
 23301.62 3.6704e-14  23388.37 0 
 23517.24 3.4254e-14  23604.79 0 
 23680.24 3.4730e-14  23768.40 0 
 23899.36 3.1968e-14  23988.34 0 
 24120.48 3.0459e-14  24210.28 0 
 24287.69 2.9629e-14  24378.11 0 
 24512.40 2.7084e-14  24603.66 0 
 24682.33 2.6044e-14  24774.22 0 
 24910.70 2.1663e-14  25003.44 0 
 25083.39 2.1170e-14  25176.77 0 
 25315.49 2.1170e-14  25409.74 0 
 25490.96 2.1024e-14  25585.86 0 
 25726.83 2.1464e-14  25822.61 0 
 25905.15 2.1121e-14  26001.59 0 
 26084.73 2.1121e-14  26181.84 0 
 26326.07 2.0593e-14  26424.08 0 
 26508.57 2.0404e-14  26607.26 0 
 26692.31 2.0031e-14  26791.68 0 
 26877.34 1.9757e-14  26977.41 0 
 27126.02 1.9485e-14  27227.01 0 
 27314.06 1.9086e-14  27415.75 0 
 27503.38 1.8824e-14  27605.78 0 
 27694.01 1.8395e-14  27797.12 0 
 27885.99 1.8185e-14  27989.81 0 
 28079.28 1.7853e-14  28183.82 0 
 28273.93 1.7608e-14  28379.20 0 
 28469.90 1.7326e-14  28575.90 0 
 28667.26 1.7010e-14  28773.99 0 
 28932.50 1.6777e-14  29040.21 0 
 29133.07 1.6547e-14  29241.53 0 
 29267.53 1.6245e-14  29376.49 0 
 29470.42 1.5985e-14  29580.14 0 
 29674.68 1.5802e-14  29785.16 0 
 29880.40 1.5514e-14  29991.64 0 
 30087.50 1.5336e-14  30199.52 0 
 30296.04 1.5126e-14  30408.84 0 
 30506.06 1.5056e-14  30619.64 0 
 30717.51 1.4952e-14  30831.87 0 
 30930.45 1.4815e-14  31045.60 0 
 31073.21 1.4747e-14  31188.89 0 
 31288.62 1.4646e-14  31405.10 0 
 31505.48 1.4545e-14  31622.78 0 
 31723.85 1.4445e-14  31841.96 0 
 31870.31 1.4445e-14  31988.96 0 
 32091.20 1.4478e-14  32210.68 0 
 32313.67 1.4612e-14  32433.97 0 
 32462.81 1.5091e-14  32583.67 0 
 32687.82 1.6433e-14  32809.52 0 
 32914.42 2.0263e-14  33036.96 0 
 33066.33 2.0124e-14  33189.44 0 
 33295.56 1.6022e-14  33419.52 0 
 33526.33 1.4445e-14  33651.15 0 
 33681.07 1.3731e-14  33806.47 0 
 33914.56 1.3296e-14  34040.82 0 
 34071.09 1.2993e-14  34197.94 0 
 34307.28 1.2756e-14  34435.01 0 
 34465.63 1.2523e-14  34593.94 0 
 34704.51 1.2323e-14  34833.72 0 
 34864.73 1.2126e-14  34994.53 0 
 35106.38 1.1959e-14  35237.08 0 
 35268.41 1.1741e-14  35399.71 0 
 35512.90 1.1580e-14  35645.12 0 
 35676.81 1.1395e-14  35809.64 0 
 35924.13 1.1213e-14  36057.88 0 
 36089.94 1.1059e-14  36224.30 0 
 36340.08 1.0882e-14  36475.38 0 
 36507.85 1.0708e-14  36643.77 0 
 36676.35 1.0537e-14  36812.89 0 
 36930.56 1.0345e-14  37068.05 0 
 37101.05 1.0179e-14  37239.18 0 
 37272.29 1.0039e-14  37411.05 0 
 37530.67 9.8336e-15  37670.40 0 
 37703.89 9.7210e-15  37844.27 0 
 37877.91 9.5656e-15  38018.93 0 
 38140.50 9.4126e-15  38282.49 0 
 38316.53 9.2835e-15  38459.18 0 
 38493.38 9.1351e-15  38636.69 0 
 38671.09 8.9683e-15  38815.06 0 
 38939.12 8.8249e-15  39084.09 0 
 39118.84 8.6838e-15  39264.48 0 
 39299.43 8.5450e-15  39445.75 0 
 39480.82 8.3890e-15  39627.81 0 
 39663.04 8.2549e-15  39810.71 0 
 39938.00 8.0856e-15  40086.69 0 
 40122.33 7.9746e-15  40271.71 0 
 40307.51 7.8652e-15  40457.58 0 
 40493.59 7.7217e-15  40644.35 0 
 40680.49 7.6157e-15  40831.95 0 
 40868.25 7.4940e-15  41020.40 0 
 41056.88 7.3911e-15  41209.73 0 
 41341.49 7.2897e-15  41495.41 0 
 41532.30 7.1732e-15  41686.93 0 
 41724.04 7.0747e-15  41879.38 0 
 41916.61 6.9616e-15  42072.67 0 
 42110.08 6.8661e-15  42266.86 0 
 42304.43 6.7875e-15  42461.93 0 
 42499.74 6.6790e-15  42657.96 0 
 42695.89 6.6025e-15  42854.85 0 
 42892.95 6.3931e-15  43052.64 0 
 43090.97 6.1761e-15  43251.40 0 
 43289.86 6.1477e-15  43451.02 0 
 43489.66 5.9664e-15  43651.57 0 
 43690.43 5.8575e-15  43853.09 0 
 43892.08 5.7771e-15  44055.49 0 
 44094.66 5.6326e-15  44258.83 0 
 44298.18 5.5681e-15  44463.10 0 
 44502.68 5.4917e-15  44668.37 0 
 44708.09 5.3791e-15  44874.54 0 
 44914.43 5.3421e-15  45081.65 0 
 45121.79 5.2688e-15  45289.77 0 
 45330.04 5.1845e-15  45498.80 0 
 45539.26 5.1370e-15  45708.80 0 
 45749.49 5.0782e-15  45919.82 0 
 45854.95 4.9741e-15  46025.67 0 
 46066.59 4.9626e-15  46238.10 0 
 46279.21 4.8945e-15  46451.51 0 
 46492.86 4.8385e-15  46665.95 0 
 46707.45 4.8052e-15  46881.34 0 
 46923.02 4.7502e-15  47097.72 0 
 47139.65 4.6958e-15  47315.15 0 
 47248.31 4.6742e-15  47424.21 0 
 47466.38 4.5995e-15  47643.10 0 
 47685.46 4.5678e-15  47862.99 0 
 47905.60 4.5260e-15  48083.95 0 
 48126.71 4.4536e-15  48305.88 0 
 48348.83 4.4536e-15  48528.84 0 
 48460.28 4.3925e-15  48640.70 0 
 48684.00 4.3422e-15  48865.25 0 
 48908.70 4.3024e-15  49090.79 0 
 49134.44 4.2532e-15  49317.36 0 
 49247.69 4.2239e-15  49431.04 0 
 49475.05 4.1755e-15  49659.24 0 
 49703.40 4.1563e-15  49888.45 0 
 49932.80 4.1211e-15  50118.70 0 
 50047.96 4.1046e-15  50234.29 0 
 50278.95 4.0907e-15  50466.14 0 
 50511.01 4.0674e-15  50699.06 0 
 50744.14 4.0722e-15  50933.06 0 
 50861.17 4.0652e-15  51050.52 0 
 50978.40 4.0583e-15  51168.20 0 
 51095.91 4.0513e-15  51286.14 0 
 51213.69 4.0444e-15  51404.36 0 
 51331.74 4.0374e-15  51522.85 0 
 51450.07 4.0305e-15  51641.62 0 
 51568.72 4.0235e-15  51760.71 0 
 51687.59 4.0259e-15  51880.02 0 
 51806.73 4.0282e-15  51999.61 0 
 51926.15 4.0212e-15  52119.47 0 
 52045.84 4.0143e-15  52239.61 0 
 52165.81 4.0166e-15  52360.03 0 
 52286.06 4.0096e-15  52480.72 0 
 52406.64 4.0027e-15  52601.75 0 
 52527.44 4.0142e-15  52723.00 0 
 52648.52 4.0165e-15  52844.53 0 
 52769.88 4.0187e-15  52966.34 0 
 52891.52 4.0117e-15  53088.43 0 
 53013.44 4.0048e-15  53210.80 0 
 53135.70 4.0070e-15  53333.52 0 
 53258.18 4.0092e-15  53456.46 0 
 53380.94 4.0207e-15  53579.68 0 
 53503.99 4.0229e-15  53703.18 0 
 53627.32 4.0252e-15  53826.97 0 
 53750.93 4.0274e-15  53951.05 0 
 53874.83 4.0389e-15  54075.41 0 
 53999.07 4.0411e-15  54200.11 0 
 54123.55 4.0526e-15  54325.05 0 
 54248.31 4.0455e-15  54450.27 0 
 54373.35 4.0571e-15  54575.79 0 
 54498.69 4.0686e-15  54701.59 0 
 54624.31 4.0802e-15  54827.68 0 
 54750.22 4.0824e-15  54954.06 0 
 54876.49 4.0940e-15  55080.79 0 
 55002.98 4.1056e-15  55207.76 0 
 55129.77 4.1173e-15  55335.02 0 
 55256.85 4.1385e-15  55462.57 0 
 55384.21 4.1598e-15  55590.41 0 
 55511.88 4.1716e-15  55718.55 0 
 55639.90 4.1834e-15  55847.05 0 
 55768.15 4.2147e-15  55975.78 0 
 55896.71 4.2363e-15  56104.81 0 
 56025.55 4.2581e-15  56234.13 0 
 56154.69 4.2899e-15  56363.76 0 
 56284.13 4.3119e-15  56493.68 0 
 56413.87 4.3441e-15  56623.90 0 
 56543.97 4.3765e-15  56754.48 0 
 56674.31 4.4091e-15  56885.31 0 
 56804.95 4.4521e-15  57016.43 0 
 56935.89 4.4853e-15  57147.86 0 
 57067.13 4.5291e-15  57279.59 0 
 57198.67 4.5945e-15  57411.62 0 
 57330.58 4.6394e-15  57544.02 0 
 57462.73 4.6955e-15  57676.67 0 
 57595.19 4.7522e-15  57809.62 0 
 57727.95 4.8208e-15  57942.87 0 
 57861.02 4.9016e-15  58076.43 0 
 57994.39 4.9723e-15  58210.30 0 
 58128.07 5.0672e-15  58344.48 0 
 58262.13 5.1640e-15  58479.04 0 
 58396.42 5.2627e-15  58613.83 0 
 58531.03 5.3879e-15  58748.94 0 
 58665.95 5.4908e-15  58884.36 0 
 58801.18 5.6344e-15  59020.09 0 
 58936.72 5.7818e-15  59156.14 0 
 59025.20 6.6290e-15  59244.95 3 
 59333.91 6.1023e-15  59554.81 3 
 59642.61 6.5943e-15  59864.66 3 
 59951.31 7.5036e-15  60174.51 3 
 60260.02 8.7908e-15  60484.37 3 
 60568.72 9.2210e-15  60794.22 3 
 60877.42 1.0084e-14  61104.07 3 
 61186.14 1.2747e-14  61413.93 3 
 61494.84 1.7319e-14  61723.78 3 
 61803.53 2.2127e-14  62033.63 3 
 62112.24 2.4332e-14  62343.49 3 
 62420.95 2.2697e-14  62653.34 3 
 62729.65 1.8932e-14  62963.19 3 
 63038.36 1.5647e-14  63273.05 3 
 63347.06 1.3495e-14  63582.90 3 
 63655.77 1.1589e-14  63892.76 3 
 63964.47 1.0647e-14  64202.61 3 
 64273.17 9.6823e-15  64512.46 3 
 64581.88 8.7286e-15  64822.32 3 
 64890.58 8.7322e-15  65132.17 3 
 65199.28 7.7602e-15  65442.02 3 
 65508.00 7.7532e-15  65751.88 3 
 65816.69 7.8032e-15  66061.73 3 
 66125.39 8.3397e-15  66371.58 3 
 66434.11 8.1438e-15  66681.45 3 
 66742.81 8.5621e-15  66991.29 3 
 67051.51 8.2792e-15  67301.14 3 
 67360.22 8.3031e-15  67611.00 3 
 67668.92 8.3074e-15  67920.85 3 
 67977.63 8.5339e-15  68230.71 3 
 68286.33 8.7327e-15  68540.56 3 
 68595.03 8.5787e-15  68850.41 3 
 68903.74 9.7811e-15  69160.27 3 
 69212.44 1.0611e-14  69470.12 3 
 69521.15 9.7020e-15  69779.98 3 
 69829.85 1.1117e-14  70089.83 3 
 70138.55 1.0755e-14  70399.68 3 
 70447.26 9.7211e-15  70709.54 3 
 70755.97 1.0013e-14  71019.39 3 
 71064.67 1.0372e-14  71329.24 3 
 71373.38 1.0917e-14  71639.10 3 
 71682.07 1.0935e-14  71948.95 3 
 71990.79 1.1710e-14  72258.81 3 
 72299.49 1.3283e-14  72568.66 3 
 72608.19 1.3358e-14  72878.51 3 
 72916.91 1.3509e-14  73188.38 3 
 73225.60 1.4637e-14  73498.22 3 
 73534.30 1.5245e-14  73808.07 3 
 73843.01 1.6531e-14  74117.93 3 
 74151.71 1.7766e-14  74427.78 3 
 74460.42 1.9848e-14  74737.63 3 
 74769.12 2.1569e-14  75047.48 3 
 75057.62 2.2443e-14  75337.06 3 
 75077.83 2.2946e-14  75357.34 3 
 75386.54 2.4694e-14  75667.20 3 
 75676.25 2.6742e-14  75957.99 3 
 75695.23 2.5970e-14  75977.05 3 
 76294.89 2.7083e-14  76578.94 3 
 76913.53 2.5972e-14  77199.88 3 
 77532.17 2.5253e-14  77820.82 3 
 78150.80 2.4065e-14  78441.76 3 
 78769.45 2.2290e-14  79062.71 3 
 79388.09 1.9825e-14  79683.65 3 
 80006.72 1.6987e-14  80304.59 3 
 80625.37 1.4662e-14  80925.54 3 
 81244.01 1.2974e-14  81546.48 3 
 81862.64 1.1710e-14  82167.41 3 
 82481.28 1.0999e-14  82788.36 3 
 83099.92 1.0922e-14  83409.30 3 
 83718.57 1.0549e-14  84030.25 3 
 84337.20 1.0563e-14  84651.19 3 
 84955.84 1.1234e-14  85272.13 3 
 85574.48 1.1637e-14  85893.07 3 
 86193.13 1.0759e-14  86514.02 3 
 86811.75 9.1280e-15  87134.95 3 
 87430.40 7.0397e-15  87755.90 3 
 88049.04 5.5703e-15  88376.84 3 
 88667.67 4.5260e-15  88997.78 3 
 89286.31 3.7187e-15  89618.72 3 
 89904.95 3.0406e-15  90239.66 3 
 90523.58 2.7169e-15  90860.60 3 
 91142.23 2.4076e-15  91481.55 3 
 91760.87 2.2210e-15  92102.49 3 
 92379.51 2.0824e-15  92723.44 3 
 92998.15 2.1887e-15  93344.38 3 
 93616.79 2.0338e-15  93965.32 3 
 94235.42 1.9071e-15  94586.26 3 
 94854.05 1.7525e-15  95207.20 3 
 95472.70 1.6412e-15  95828.15 3 
 96091.34 2.0093e-15  96449.09 3 
 96709.97 2.3568e-15  97070.02 3 
 97328.62 1.8255e-15  97690.98 3 
 97947.26 1.3897e-15  98311.92 3 
 98565.90 1.3113e-15  98932.86 3 
 99184.54 1.4461e-15  99553.80 3 
 99803.14 1.5236e-15 100174.70 3 
100421.82 1.5500e-15 100795.70 3 
101040.42 1.4217e-15 101416.59 3 
101659.12 1.4683e-15 102037.60 3 
102277.72 1.3834e-15 102658.50 3 
102896.41 1.2853e-15 103279.49 3 
103515.02 1.3254e-15 103900.41 3 
104133.62 1.5876e-15 104521.30 3 
104752.30 1.7452e-15 105142.30 3 
105370.90 1.9462e-15 105763.20 3 
105989.60 2.0369e-15 106384.20 3 
106608.20 2.1290e-15 107005.10 3 
107226.79 2.0997e-15 107626.00 3 
107845.49 2.2434e-15 108247.00 3 
108464.09 2.3819e-15 108867.91 3 
109082.78 2.7398e-15 109488.90 3 
109701.38 3.4497e-15 110109.80 3 
110320.08 3.9938e-15 110730.80 3 
110938.68 4.6896e-15 111351.70 3 
111557.27 7.6547e-15 111972.60 3 
112175.97 1.1302e-14 112593.60 3 
112794.57 1.1556e-14 113214.50 3 
113413.26 9.2894e-15 113835.50 3 
114031.86 7.5390e-15 114456.40 3 
114650.55 6.3419e-15 115077.40 3 
115269.15 5.4497e-15 115698.30 3 
115887.75 4.9684e-15 116319.20 3 
116506.45 4.5087e-15 116940.20 3 
117125.05 4.3232e-15 117561.10 3 
117743.73 4.3293e-15 118182.09 3 
118362.33 4.3907e-15 118802.99 3 
118981.03 4.8136e-15 119424.00 3 
119599.63 5.1612e-15 120044.90 3 
120218.22 5.2189e-15 120665.80 3 
120836.93 5.1058e-15 121286.80 3 
121455.52 4.8877e-15 121907.70 3 
122074.21 4.9811e-15 122528.70 3 
122692.81 5.7879e-15 123149.59 3 
123311.42 5.8413e-15 123770.51 3 
123930.11 5.8236e-15 124391.50 3 
124548.70 6.1931e-15 125012.40 3 
125167.40 6.6054e-15 125633.40 3 
125786.00 7.1189e-15 126254.30 3 
126404.69 7.6056e-15 126875.30 3 
127023.30 8.0614e-15 127496.20 3 
127641.89 9.5312e-15 128117.10 3 
128260.59 9.6637e-15 128738.10 3 
128879.18 6.2204e-15 129359.00 3 
129497.88 4.5863e-15 129980.00 3 
130116.47 4.1551e-15 130600.90 3 
130735.07 3.9164e-15 131221.80 3 
131353.77 3.8672e-15 131842.80 3 
131972.37 3.8842e-15 132463.70 3 
132591.07 3.7295e-15 133084.70 3 
133209.65 3.7194e-15 133705.59 3 
133828.35 3.6253e-15 134326.59 3 
134446.95 3.6091e-15 134947.50 3 
135065.56 3.6889e-15 135568.41 3 
135684.25 3.6837e-15 136189.41 3 
136302.84 3.5024e-15 136810.30 3 
136921.54 3.2332e-15 137431.30 3 
137540.14 3.0359e-15 138052.20 3 
138158.84 2.8199e-15 138673.20 3 
138777.43 2.8103e-15 139294.09 3 
139396.03 2.7916e-15 139915.00 3 
140014.73 2.7661e-15 140536.00 3 
140633.33 2.8243e-15 141156.91 3 
141252.01 2.9086e-15 141777.89 3 
141870.61 2.9555e-15 142398.80 3 
142489.31 2.9243e-15 143019.80 3 
143107.91 2.8264e-15 143640.70 3 
143726.50 2.7700e-15 144261.59 3 
144345.21 2.5881e-15 144882.61 3 
144877.53 2.3019e-15 145416.91 3 
145791.02 2.2429e-15 146333.80 3 
146704.62 2.2153e-15 147250.80 3 
147618.12 2.0365e-15 148167.70 3 
148531.61 2.0816e-15 149084.59 3 
149445.12 2.0002e-15 150001.50 3 
150358.71 1.9644e-15 150918.50 3 
151272.22 1.9427e-15 151835.41 3 
152185.71 1.9672e-15 152752.30 3 
153099.31 2.0277e-15 153669.30 3 
154012.81 1.9484e-15 154586.20 3 
154926.30 2.3364e-15 155503.09 3 
155839.81 2.5848e-15 156420.00 3 
156753.41 2.0561e-15 157337.00 3 
157666.91 1.9402e-15 158253.91 3 
158580.40 2.0357e-15 159170.80 3 
159494.00 1.9655e-15 160087.80 3 
160407.51 1.9145e-15 161004.70 3 
161321.00 1.8742e-15 161921.59 3 
162234.59 1.9782e-15 162838.59 3 
163148.10 2.4892e-15 163755.50 3 
164061.59 3.1700e-15 164672.39 3 
164975.09 3.0598e-15 165589.30 3 
165888.71 2.6567e-15 166506.31 3 
166802.18 2.5512e-15 167423.19 3 
167715.69 2.6215e-15 168340.09 3 
168629.19 2.6015e-15 169257.00 3 
169542.79 3.3719e-15 170174.00 3 
170456.30 4.3747e-15 171090.91 3 
171369.80 3.2077e-15 172007.81 3 
172283.40 2.6693e-15 172924.81 3 
173196.89 2.6324e-15 173841.70 3 
174110.40 2.5198e-15 174758.61 3 
175024.00 2.1645e-15 175675.61 3 
175937.48 1.9145e-15 176592.50 3 
176850.99 1.8300e-15 177509.41 3 
177764.48 1.7549e-15 178426.30 3 
178678.08 1.6517e-15 179343.30 3 
179591.58 1.5265e-15 180260.20 3 
180505.07 1.4040e-15 181177.09 3 
181418.67 1.2859e-15 182094.09 3 
182332.18 1.3313e-15 183011.00 3 
183245.67 1.2655e-15 183927.89 3 
184159.27 1.2284e-15 184844.89 3 
185072.77 1.1727e-15 185761.80 3 
185986.28 1.4061e-15 186678.70 3 
186899.77 1.7614e-15 187595.59 3 
187813.36 1.7121e-15 188512.59 3 
188726.87 1.3138e-15 189429.50 3 
189640.36 1.2456e-15 190346.39 3 
190553.97 1.2453e-15 191263.41 3 
191467.48 1.2154e-15 192180.31 3 
192380.95 1.1760e-15 193097.19 3 
193294.46 1.1534e-15 194014.09 3 
194208.07 1.1614e-15 194931.11 3 
195121.56 1.2031e-15 195848.00 3 
196035.07 1.1737e-15 196764.91 3 
196948.67 1.2284e-15 197681.91 3 
197862.16 1.2241e-15 198598.80 3 
198775.66 1.2856e-15 199515.70 3 
199689.17 1.2245e-15 200432.61 3 
200602.77 1.2747e-15 201349.61 3 
201516.25 1.2561e-15 202266.50 3 
202429.76 1.1972e-15 203183.41 3 
203343.36 1.2926e-15 204100.41 3 
204789.97 1.1707e-15 205552.41 3 
206538.45 1.3577e-15 207307.39 3 
208287.93 1.2828e-15 209063.39 3 
210038.43 1.2273e-15 210820.41 3 
211789.80 1.3010e-15 212578.30 3 
213542.08 1.2988e-15 214337.09 3 
215295.35 1.2524e-15 216096.89 3 
217049.53 1.3501e-15 217857.61 3 
218804.69 1.3969e-15 219619.30 3 
220560.85 1.3111e-15 221382.00 3 
222317.90 1.2941e-15 223145.59 3 
224075.97 1.4108e-15 224910.20 3 
225834.92 1.4238e-15 226675.70 3 
227594.85 1.3991e-15 228442.19 3 
229355.80 1.3684e-15 230209.69 3 
231117.64 1.4252e-15 231978.09 3 
232880.49 1.4769e-15 233747.50 3 
234644.33 1.5106e-15 235517.91 3 
236409.05 1.5135e-15 237289.20 3 
238174.88 1.5257e-15 239061.61 3 
239941.51 1.6251e-15 240834.81 3 
241709.21 1.6737e-15 242609.09 3 
243477.94 1.6540e-15 244384.41 3 
245247.55 1.6482e-15 246160.61 3 
247018.15 1.7385e-15 247937.80 3 
248789.76 1.8133e-15 249716.00 3 
250562.25 1.8974e-15 251495.09 3 
252335.85 1.8479e-15 253275.30 3 
254110.35 1.9078e-15 255056.41 3 
255885.95 1.9713e-15 256838.61 3 
257662.41 2.0609e-15 258621.69 3 
259439.92 2.1987e-15 260405.81 3 
261218.39 2.1098e-15 262190.91 3 
262997.86 2.0067e-15 263977.00 3 
264778.32 2.0339e-15 265764.09 3 
266559.82 2.0716e-15 267552.22 3 
268342.27 2.0727e-15 269341.31 3 
270125.73 2.1250e-15 271131.41 3 
271910.18 2.1199e-15 272922.50 3 
273695.62 2.1442e-15 274714.59 3 
275482.19 2.1526e-15 276507.81 3 
277269.63 2.2011e-15 278301.91 3 
279058.07 2.2841e-15 280097.00 3 
280847.59 2.4402e-15 281893.19 3 
282638.14 2.4656e-15 283690.41 3 
284429.57 2.3380e-15 285488.50 3 
286222.08 2.3293e-15 287287.69 3 
288015.62 2.3785e-15 289087.91 3 
289810.26 2.4523e-15 290889.22 3 
291605.85 2.5419e-15 292691.50 3 
293402.38 2.4984e-15 294494.72 3 
295200.06 2.5873e-15 296299.09 3 
296998.68 2.6136e-15 298104.41 3 
298798.35 2.6299e-15 299910.78 3 
300599.06 2.6162e-15 301718.19 3 
302400.76 2.7992e-15 303526.59 3 
304203.54 2.7298e-15 305336.09 3 
306007.33 2.8108e-15 307146.59 3 
307812.11 2.8205e-15 308958.09 3 
309617.98 2.8769e-15 310770.69 3 
311424.97 2.8118e-15 312584.41 3 
313232.93 2.8256e-15 314399.09 3 
315041.91 2.9347e-15 316214.81 3 
316851.86 3.0515e-15 318031.50 3 
318663.02 2.9894e-15 319849.41 3 
320475.09 3.0771e-15 321668.22 3 
322288.31 3.1884e-15 323488.19 3 
324102.46 3.0728e-15 325309.09 3 
325917.80 3.2346e-15 327131.19 3 
327734.16 3.2531e-15 328954.31 3 
329551.45 3.1992e-15 330778.38 3 
331369.90 3.2821e-15 332603.59 3 
333189.44 3.5859e-15 334429.91 3 
335010.04 4.0864e-15 336257.28 3 
336831.69 3.5062e-15 338085.72 3 
338654.38 3.5363e-15 339915.19 3 
340478.09 3.2707e-15 341745.69 3 
342302.92 3.2811e-15 343577.31 3 
344128.93 3.4486e-15 345410.12 3 
345955.82 4.1612e-15 347243.81 3 
347783.92 5.4065e-15 349078.72 3 
