# An Atlas of Galaxy Spectral Energy Distributions from the Ultraviolet to the Mid-Infrared
# Brown et al. (2014)
# http://dx.doi.org/10.5072/03/529D3551F0117
# 
# Column 1 : Restframe Wavelength (Angstrom)
# Column 2 : Flux per unit wavelength (ergs/s/cm^2/Angstrom)
# Column 3 : Observed wavelength (Angstrom)
# Column 4 : Source (0 = model, 1 = Optical Spectrum, 2 = Akari, 3 = Spitzer IRS)
# 
   102.05 9.4615e-20    102.57 0 
   103.95 1.1667e-19    104.47 0 
   105.88 1.4688e-19    106.41 0 
   108.10 1.8835e-19    108.64 0 
   110.11 2.7731e-19    110.66 0 
   113.97 4.0734e-19    114.55 0 
   117.98 5.6488e-19    118.58 0 
   121.01 1.9905e-18    121.62 0 
   124.97 2.5939e-18    125.60 0 
   127.00 2.8838e-18    127.64 0 
   127.88 3.0900e-18    128.53 0 
   130.86 3.5560e-18    131.52 0 
   132.07 4.2069e-18    132.74 0 
   133.91 4.5915e-18    134.59 0 
   137.03 5.9287e-18    137.72 0 
   139.90 6.7136e-18    140.60 0 
   143.16 1.7457e-17    143.88 0 
   147.17 4.1875e-17    147.91 0 
   150.94 4.7093e-17    151.71 0 
   155.17 5.3328e-17    155.96 0 
   159.15 6.0389e-17    159.96 0 
   162.11 6.5911e-17    162.93 0 
   165.89 7.4638e-17    166.72 0 
   170.14 8.2786e-17    171.00 0 
   172.91 8.9734e-17    173.78 0 
   176.93 9.9074e-17    177.83 0 
   179.81 1.0616e-16    180.72 0 
   181.89 1.1168e-16    182.81 0 
   186.13 1.2217e-16    187.07 0 
   190.90 1.3582e-16    191.87 0 
   194.00 1.4587e-16    194.98 0 
   198.07 1.5738e-16    199.07 0 
   202.21 1.7099e-16    203.24 0 
   205.03 1.8112e-16    206.06 0 
   209.80 1.9009e-16    210.86 0 
   216.18 2.1976e-16    217.27 0 
   220.20 2.3603e-16    221.31 0 
   222.74 2.4545e-16    223.87 0 
   226.89 2.6361e-16    228.03 0 
   230.04 4.0640e-16    231.21 0 
   233.78 7.0463e-16    234.96 0 
   239.78 8.9117e-16    240.99 0 
   245.93 8.7490e-16    247.17 0 
   252.24 9.4833e-16    253.51 0 
   256.93 8.1650e-16    258.23 0 
   259.90 9.5270e-16    261.22 0 
   264.12 1.0138e-15    265.46 0 
   269.03 1.0303e-15    270.40 0 
   274.04 1.0446e-15    275.42 0 
   279.13 1.0592e-15    280.54 0 
   284.32 1.0764e-15    285.76 0 
   290.27 1.0446e-15    291.74 0 
   295.67 1.0788e-15    297.17 0 
   301.17 1.0764e-15    302.69 0 
   308.18 1.1065e-15    309.74 0 
   318.28 1.1480e-15    319.89 0 
   327.95 1.1667e-15    329.61 0 
   337.92 1.1721e-15    339.63 0 
   348.18 1.1748e-15    349.95 0 
   357.11 1.1802e-15    358.92 0 
   366.28 1.1884e-15    368.13 0 
   374.81 1.1857e-15    376.70 0 
   385.31 1.1480e-15    387.26 0 
   395.19 1.1775e-15    397.19 0 
   405.33 1.1775e-15    407.38 0 
   413.82 1.1667e-15    415.91 0 
   422.48 1.1533e-15    424.62 0 
   430.34 1.1401e-15    432.51 0 
   441.38 1.1349e-15    443.61 0 
   450.62 1.1142e-15    452.90 0 
   460.05 1.0989e-15    462.38 0 
   469.69 1.0838e-15    472.06 0 
   479.52 1.0739e-15    481.95 0 
   489.56 1.0470e-15    492.04 0 
   499.81 1.0422e-15    502.34 0 
   505.60 1.0256e-15    508.16 0 
   511.46 1.0543e-15    514.04 0 
   519.77 1.0422e-15    522.40 0 
   529.43 1.0185e-15    532.11 0 
   540.52 9.8392e-16    543.25 0 
   550.56 9.6818e-16    553.35 0 
   559.51 9.7265e-16    562.34 0 
   569.91 9.7042e-16    572.80 0 
   580.51 9.4397e-16    583.45 0 
   589.94 9.3963e-16    592.93 0 
   599.53 9.0773e-16    602.56 0 
   610.67 8.1839e-16    613.76 0 
   620.59 9.0356e-16    623.73 0 
   630.68 8.8300e-16    633.87 0 
   639.45 8.7692e-16    642.69 0 
   649.84 8.6489e-16    653.13 0 
   657.37 8.4715e-16    660.69 0 
   664.98 8.5106e-16    668.34 0 
   674.23 8.4131e-16    677.64 0 
   685.19 8.0716e-16    688.65 0 
   694.72 8.2596e-16    698.23 0 
   704.38 7.8878e-16    707.95 0 
   715.83 8.1088e-16    719.45 0 
   725.78 8.0160e-16    729.46 0 
   734.19 7.9425e-16    737.90 0 
   744.40 7.9060e-16    748.17 0 
   754.76 7.8335e-16    758.58 0 
   765.26 7.3107e-16    769.13 0 
   774.12 7.7439e-16    778.04 0 
   784.89 7.6376e-16    788.86 0 
   795.81 7.6552e-16    799.83 0 
   805.02 7.6376e-16    809.10 0 
   814.34 7.5850e-16    818.46 0 
   825.67 7.6376e-16    829.85 0 
   835.23 6.9496e-16    839.46 0 
   844.91 7.4982e-16    849.18 0 
   854.69 7.4295e-16    859.01 0 
   864.59 7.4982e-16    868.96 0 
   874.60 7.5676e-16    879.02 0 
   884.72 7.6552e-16    889.20 0 
   894.97 7.7083e-16    899.50 0 
   905.33 7.5850e-16    909.91 0 
   915.82 9.7940e-16    920.45 0 
   924.29 3.7407e-15    928.97 0 
   934.99 7.6025e-15    939.72 0 
   945.82 1.4027e-14    950.60 0 
   954.57 1.9542e-14    959.40 0 
   965.62 2.2180e-14    970.51 0 
   974.56 4.2654e-15    979.49 0 
   985.84 1.9273e-14    990.83 0 
   994.97 2.0135e-14   1000.00 0 
  1004.17 2.8705e-14   1009.25 0 
  1015.80 2.7350e-14   1020.94 0 
  1025.20 1.1694e-14   1030.39 0 
  1034.68 1.9318e-14   1039.92 0 
  1044.26 3.6388e-14   1049.54 0 
  1053.92 3.5724e-14   1059.25 0 
  1066.12 2.8442e-14   1071.52 0 
  1075.99 3.3648e-14   1081.43 0 
  1085.95 2.6605e-14   1091.44 0 
  1095.99 3.5072e-14   1101.54 0 
  1106.13 3.3648e-14   1111.73 0 
  1113.80 3.2356e-14   1119.44 0 
  1124.11 2.9171e-14   1129.80 0 
  1134.51 3.6640e-14   1140.25 0 
  1145.01 3.3263e-14   1150.80 0 
  1155.60 3.5234e-14   1161.45 0 
  1166.29 3.6304e-14   1172.20 0 
  1174.38 2.5466e-14   1180.32 0 
  1185.24 3.4991e-14   1191.24 0 
  1196.21 2.4041e-14   1202.26 0 
  1204.50 1.7376e-14   1210.60 0 
  1215.65 1.1142e-14   1221.80 0 
  1224.07 2.3225e-14   1230.27 0 
  1235.40 3.5234e-14   1241.65 0 
  1243.96 3.8811e-14   1250.26 0 
  1255.48 3.7150e-14   1261.83 0 
  1264.18 3.1766e-14   1270.57 0 
  1275.87 4.1016e-14   1282.33 0 
  1284.72 4.2949e-14   1291.22 0 
  1293.62 3.4116e-14   1300.17 0 
  1305.59 3.3493e-14   1312.20 0 
  1314.64 4.1779e-14   1321.30 0 
  1323.76 3.9899e-14   1330.45 0 
  1336.00 3.5315e-14   1342.77 0 
  1345.27 4.1875e-14   1352.07 0 
  1354.59 4.0454e-14   1361.44 0 
  1363.98 3.6138e-14   1370.88 0 
  1373.44 3.7928e-14   1380.38 0 
  1386.14 3.8279e-14   1393.16 0 
  1395.75 3.3493e-14   1402.81 0 
  1405.43 3.4750e-14   1412.54 0 
  1415.17 3.5315e-14   1422.33 0 
  1424.98 3.6138e-14   1432.19 0 
  1434.85 3.5806e-14   1442.12 0 
  1441.48 3.7754e-14   1448.77 0 
  1448.13 3.8367e-14   1455.46 0 
  1454.82 3.7236e-14   1462.18 0 
  1464.90 3.4273e-14   1472.31 0 
  1475.05 3.4116e-14   1482.52 0 
  1485.28 3.4670e-14   1492.79 0 
  1495.57 3.5234e-14   1503.14 0 
  1505.94 3.3339e-14   1513.56 0 
  1512.89 2.9645e-14   1520.55 0 
  1516.38 3.1693e-14   1524.05 0 
  1523.38 3.0687e-14   1531.09 0 
  1533.94 2.6727e-14   1541.70 0 
  1544.57 2.9441e-14   1552.39 0 
  1555.28 2.7731e-14   1563.15 0 
  1566.06 2.8052e-14   1573.98 0 
  1573.29 2.9851e-14   1581.25 0 
  1584.19 3.1258e-14   1592.21 0 
  1595.17 3.1912e-14   1603.25 0 
  1606.23 3.1114e-14   1614.36 0 
  1613.65 3.1186e-14   1621.81 0 
  1624.83 2.9374e-14   1633.05 0 
  1636.09 3.1186e-14   1644.37 0 
  1643.64 3.1620e-14   1651.96 0 
  1655.04 2.9037e-14   1663.41 0 
  1666.51 3.1766e-14   1674.94 0 
  1670.35 2.8246e-14   1678.80 0 
  1678.06 3.1912e-14   1686.55 0 
  1685.81 3.3263e-14   1694.34 0 
  1693.59 3.1114e-14   1702.16 0 
  1705.33 2.9851e-14   1713.96 0 
  1713.20 2.8442e-14   1721.87 0 
  1725.08 2.8246e-14   1733.80 0 
  1733.04 3.0058e-14   1741.81 0 
  1745.05 2.9306e-14   1753.88 0 
  1753.11 3.1258e-14   1761.98 0 
  1765.26 2.8442e-14   1774.19 0 
  1773.40 2.9306e-14   1782.38 0 
  1785.70 2.9714e-14   1794.73 0 
  1793.94 3.1839e-14   1803.02 0 
  1806.38 3.1402e-14   1815.52 0 
  1814.71 2.9104e-14   1823.90 0 
  1823.09 2.9577e-14   1832.31 0 
  1835.73 2.8311e-14   1845.02 0 
  1844.20 2.5939e-14   1853.53 0 
  1856.98 2.6179e-14   1866.38 0 
  1865.55 2.7099e-14   1874.99 0 
  1874.17 2.9104e-14   1883.65 0 
  1887.16 2.6913e-14   1896.71 0 
  1895.87 2.5999e-14   1905.46 0 
  1904.62 2.7287e-14   1914.26 0 
  1913.41 2.6422e-14   1923.09 0 
  1926.67 2.5761e-14   1936.42 0 
  1935.57 2.5939e-14   1945.36 0 
  1944.50 2.7731e-14   1954.34 0 
  1953.48 2.6119e-14   1963.36 0 
  1967.02 2.8573e-14   1976.97 0 
  1976.10 2.9037e-14   1986.10 0 
  1985.22 2.7794e-14   1995.26 0 
  1994.38 2.7037e-14   2004.47 0 
  2003.59 2.7476e-14   2013.72 0 
  2012.83 2.6666e-14   2023.02 0 
  2026.79 2.7413e-14   2037.04 0 
  2036.14 2.6605e-14   2046.45 0 
  2045.54 2.7731e-14   2055.89 0 
  2054.98 2.6482e-14   2065.38 0 
  2064.47 2.6422e-14   2074.91 0 
  2074.00 2.8376e-14   2084.49 0 
  2078.78 2.9171e-14   2089.30 0 
  2083.57 3.0900e-14   2094.11 0 
  2093.19 2.9037e-14   2103.78 0 
  2102.85 2.8838e-14   2113.49 0 
  2117.43 2.9577e-14   2128.14 0 
  2127.20 2.9374e-14   2137.96 0 
  2137.02 2.7162e-14   2147.83 0 
  2146.88 2.9037e-14   2157.74 0 
  2156.79 2.9851e-14   2167.70 0 
  2166.75 2.8246e-14   2177.71 0 
  2176.75 2.8116e-14   2187.76 0 
  2186.79 2.9037e-14   2197.86 0 
  2196.89 3.0058e-14   2208.01 0 
  2207.03 2.9104e-14   2218.20 0 
  2217.22 2.6544e-14   2228.44 0 
  2227.45 2.6544e-14   2238.72 0 
  2232.59 2.9920e-14   2243.88 0 
  2242.89 2.8442e-14   2254.24 0 
  2253.24 2.5880e-14   2264.64 0 
  2263.64 2.5939e-14   2275.10 0 
  2274.09 2.7099e-14   2285.60 0 
  2284.59 2.9509e-14   2296.15 0 
  2295.13 2.6983e-14   2306.75 0 
  2305.73 2.8398e-14   2317.39 0 
  2316.37 2.6272e-14   2328.09 0 
  2327.06 2.0782e-14   2338.84 0 
  2332.43 2.2898e-14   2344.23 0 
  2343.19 2.0749e-14   2355.05 0 
  2354.01 2.5131e-14   2365.92 0 
  2364.87 2.0961e-14   2376.84 0 
  2375.79 2.2679e-14   2387.81 0 
  2386.76 1.9401e-14   2398.83 0 
  2392.26 2.1229e-14   2404.36 0 
  2403.30 2.0518e-14   2415.46 0 
  2414.39 2.1545e-14   2426.61 0 
  2425.54 2.5678e-14   2437.81 0 
  2436.73 2.5048e-14   2449.06 0 
  2442.35 2.7472e-14   2454.71 0 
  2453.62 2.7740e-14   2466.04 0 
  2464.95 2.6261e-14   2477.42 0 
  2476.33 2.4634e-14   2488.86 0 
  2487.76 2.2477e-14   2500.35 0 
  2493.49 2.2431e-14   2506.11 0 
  2505.00 2.7484e-14   2517.68 0 
  2510.78 2.0473e-14   2523.48 0 
  2516.56 2.0012e-14   2529.30 0 
  2522.37 1.9652e-14   2535.13 0 
  2534.01 2.1959e-14   2546.83 0 
  2545.70 2.2123e-14   2558.59 0 
  2557.46 2.8188e-14   2570.40 0 
  2563.35 2.4841e-14   2576.32 0 
  2575.18 2.8080e-14   2588.21 0 
  2587.07 2.6645e-14   2600.16 0 
  2593.03 2.5394e-14   2606.15 0 
  2605.00 2.3657e-14   2618.18 0 
  2617.03 2.2656e-14   2630.27 0 
  2623.06 2.5960e-14   2636.33 0 
  2635.17 3.3077e-14   2648.50 0 
  2647.33 4.0249e-14   2660.72 0 
  2653.43 4.8626e-14   2666.86 0 
  2665.68 3.6066e-14   2679.17 0 
  2677.98 3.9567e-14   2691.54 0 
  2684.16 4.2800e-14   2697.74 0 
  2696.55 3.5455e-14   2710.19 0 
  2702.76 4.0253e-14   2716.44 0 
  2715.24 3.3115e-14   2728.98 0 
  2727.77 3.0079e-14   2741.57 0 
  2734.06 3.4386e-14   2747.89 0 
  2746.68 2.4413e-14   2760.58 0 
  2753.01 2.8167e-14   2766.94 0 
  2765.72 3.2732e-14   2779.71 0 
  2772.09 3.4761e-14   2786.12 0 
  2784.89 2.6505e-14   2798.98 0 
  2797.74 1.7481e-14   2811.90 0 
  2804.19 1.9440e-14   2818.38 0 
  2817.14 3.2579e-14   2831.39 0 
  2823.63 4.1120e-14   2837.92 0 
  2836.66 3.9564e-14   2851.02 0 
  2843.20 3.3375e-14   2857.59 0 
  2856.33 2.5684e-14   2870.78 0 
  2862.91 4.0624e-14   2877.40 0 
  2876.13 4.8088e-14   2890.68 0 
  2882.76 4.4891e-14   2897.34 0 
  2896.06 5.0513e-14   2910.72 0 
  2909.43 6.3629e-14   2924.15 0 
  2929.60 5.7151e-14   2944.42 0 
  2949.90 5.4250e-14   2964.83 0 
  2970.35 5.6857e-14   2985.38 0 
  2990.94 5.7566e-14   3006.08 0 
  3011.67 5.8418e-14   3026.91 0 
  3032.55 6.0804e-14   3047.89 0 
  3046.55 6.2834e-14   3061.96 0 
  3067.67 6.6617e-14   3083.19 0 
  3088.93 6.6218e-14   3104.56 0 
  3110.34 7.3008e-14   3126.08 0 
  3131.90 6.9146e-14   3147.75 0 
  3153.61 6.9209e-14   3169.57 0 
  3168.17 7.4205e-14   3184.20 0 
  3190.13 6.5893e-14   3206.27 0 
  3212.24 7.2151e-14   3228.49 0 
  3227.07 6.2736e-14   3243.40 0 
  3249.44 8.1832e-14   3265.88 0 
  3271.96 9.3183e-14   3288.52 0 
  3287.06 9.1540e-14   3303.70 0 
  3309.85 8.7706e-14   3326.60 0 
  3325.12 8.4588e-14   3341.95 0 
  3332.79 8.6387e-14   3349.66 0 
  3340.47 7.9724e-14   3357.38 0 
  3348.17 9.7214e-14   3365.12 0 
  3355.89 9.3297e-14   3372.87 0 
  3363.63 6.5014e-14   3380.65 0 
  3371.38 7.3139e-14   3388.44 0 
  3379.15 9.3388e-14   3396.25 0 
  3386.94 8.9214e-14   3404.08 0 
  3394.75 8.6811e-14   3411.93 0 
  3402.58 1.0416e-13   3419.79 0 
  3410.42 8.6072e-14   3427.68 0 
  3418.28 8.1097e-14   3435.58 0 
  3426.16 9.0396e-14   3443.50 0 
  3434.06 1.0076e-13   3451.44 0 
  3441.98 7.9147e-14   3459.39 0 
  3449.91 8.2524e-14   3467.37 0 
  3457.86 9.1775e-14   3475.36 0 
  3465.84 8.2389e-14   3483.37 0 
  3473.83 9.7727e-14   3491.40 0 
  3481.83 8.6728e-14   3499.45 0 
  3489.86 9.4690e-14   3507.52 0 
  3497.91 8.5595e-14   3515.60 0 
  3505.97 1.0271e-13   3523.71 0 
  3514.05 8.8459e-14   3531.83 0 
  3522.15 1.0067e-13   3539.97 0 
  3530.27 8.4535e-14   3548.13 0 
  3538.41 1.0237e-13   3556.31 0 
  3546.57 1.0503e-13   3564.51 0 
  3554.74 1.0411e-13   3572.73 0 
  3562.94 9.7415e-14   3580.96 0 
  3571.15 8.1054e-14   3589.22 0 
  3579.38 8.9315e-14   3597.49 0 
  3587.63 6.9195e-14   3605.79 0 
  3595.90 9.4021e-14   3614.10 0 
  3604.19 1.0577e-13   3622.43 0 
  3612.50 8.1194e-14   3630.78 0 
  3620.80 8.8468e-14   3639.12 1 
  3623.54 8.4603e-14   3641.87 1 
  3626.27 8.9285e-14   3644.62 1 
  3629.01 1.0229e-13   3647.37 1 
  3631.74 9.9313e-14   3650.12 1 
  3634.48 1.0024e-13   3652.87 1 
  3637.22 1.0619e-13   3655.62 1 
  3639.95 1.0107e-13   3658.37 1 
  3642.69 1.0572e-13   3661.12 1 
  3645.42 9.3762e-14   3663.87 1 
  3648.16 9.5784e-14   3666.62 1 
  3650.90 9.8911e-14   3669.37 1 
  3653.63 1.1378e-13   3672.12 1 
  3656.37 1.1565e-13   3674.87 1 
  3659.11 1.2329e-13   3677.62 1 
  3661.84 1.2289e-13   3680.37 1 
  3664.58 1.2059e-13   3683.12 1 
  3667.31 1.1952e-13   3685.87 1 
  3670.05 1.1967e-13   3688.62 1 
  3672.79 1.1456e-13   3691.37 1 
  3675.52 1.0878e-13   3694.12 1 
  3678.26 1.1828e-13   3696.87 1 
  3680.99 1.0486e-13   3699.62 1 
  3683.73 1.0164e-13   3702.37 1 
  3686.47 1.0098e-13   3705.12 1 
  3689.20 1.0177e-13   3707.87 1 
  3691.94 1.0531e-13   3710.62 1 
  3694.68 1.1562e-13   3713.37 1 
  3697.41 1.1942e-13   3716.12 1 
  3700.15 1.1947e-13   3718.87 1 
  3702.88 1.1323e-13   3721.62 1 
  3705.62 1.0705e-13   3724.37 1 
  3708.36 1.0293e-13   3727.12 1 
  3711.09 1.1227e-13   3729.87 1 
  3713.83 1.0884e-13   3732.62 1 
  3716.56 1.1529e-13   3735.37 1 
  3719.30 1.2657e-13   3738.12 1 
  3722.04 1.3986e-13   3740.87 1 
  3724.77 1.5919e-13   3743.62 1 
  3727.51 1.8267e-13   3746.37 1 
  3730.25 1.6980e-13   3749.12 1 
  3732.98 1.3289e-13   3751.87 1 
  3735.72 1.1365e-13   3754.62 1 
  3738.45 9.7063e-14   3757.37 1 
  3741.19 1.0760e-13   3760.12 1 
  3743.93 9.5220e-14   3762.87 1 
  3746.66 9.3775e-14   3765.62 1 
  3749.40 9.2826e-14   3768.37 1 
  3752.13 9.5798e-14   3771.12 1 
  3754.87 1.0883e-13   3773.87 1 
  3757.61 1.1156e-13   3776.62 1 
  3760.34 1.0908e-13   3779.37 1 
  3763.08 1.0452e-13   3782.12 1 
  3765.82 1.0404e-13   3784.87 1 
  3768.55 1.0764e-13   3787.62 1 
  3771.29 1.0692e-13   3790.37 1 
  3774.02 1.1897e-13   3793.12 1 
  3776.76 1.2787e-13   3795.87 1 
  3779.50 1.3305e-13   3798.62 1 
  3782.23 1.3872e-13   3801.37 1 
  3784.97 1.2762e-13   3804.12 1 
  3787.70 1.2303e-13   3806.87 1 
  3790.44 1.1495e-13   3809.62 1 
  3793.18 1.0716e-13   3812.37 1 
  3795.91 1.0403e-13   3815.12 1 
  3798.65 1.0307e-13   3817.87 1 
  3801.39 1.1111e-13   3820.62 1 
  3804.12 1.1305e-13   3823.37 1 
  3806.86 1.2269e-13   3826.12 1 
  3809.59 1.1986e-13   3828.87 1 
  3812.33 1.1513e-13   3831.62 1 
  3815.07 1.1411e-13   3834.37 1 
  3817.80 1.0103e-13   3837.12 1 
  3820.54 9.5069e-14   3839.87 1 
  3823.27 9.2235e-14   3842.62 1 
  3826.01 8.9724e-14   3845.37 1 
  3828.75 8.3974e-14   3848.12 1 
  3831.48 7.4915e-14   3850.87 1 
  3834.22 7.5404e-14   3853.62 1 
  3836.96 7.9727e-14   3856.37 1 
  3839.69 8.2067e-14   3859.12 1 
  3842.43 9.6698e-14   3861.87 1 
  3845.16 1.0379e-13   3864.62 1 
  3847.90 1.0800e-13   3867.37 1 
  3850.64 1.1081e-13   3870.12 1 
  3853.37 1.1037e-13   3872.87 1 
  3856.11 1.0732e-13   3875.62 1 
  3858.84 1.0503e-13   3878.37 1 
  3861.58 1.1144e-13   3881.12 1 
  3864.32 1.1846e-13   3883.87 1 
  3867.05 1.1867e-13   3886.62 1 
  3869.79 1.1683e-13   3889.37 1 
  3872.53 1.1331e-13   3892.12 1 
  3875.26 1.0892e-13   3894.87 1 
  3878.00 1.0677e-13   3897.62 1 
  3880.73 1.0773e-13   3900.37 1 
  3883.47 1.0501e-13   3903.12 1 
  3886.21 1.0649e-13   3905.87 1 
  3888.94 1.0825e-13   3908.62 1 
  3891.68 1.1421e-13   3911.37 1 
  3894.41 1.1991e-13   3914.12 1 
  3897.15 1.2199e-13   3916.87 1 
  3899.89 1.2683e-13   3919.62 1 
  3902.62 1.2766e-13   3922.37 1 
  3905.36 1.3035e-13   3925.12 1 
  3908.10 1.3609e-13   3927.87 1 
  3910.83 1.3784e-13   3930.62 1 
  3913.57 1.4159e-13   3933.37 1 
  3916.30 1.3862e-13   3936.12 1 
  3919.04 1.3187e-13   3938.87 1 
  3921.78 1.2140e-13   3941.62 1 
  3924.51 1.1350e-13   3944.37 1 
  3927.25 9.8183e-14   3947.12 1 
  3929.98 8.1906e-14   3949.87 1 
  3932.72 7.5250e-14   3952.62 1 
  3935.46 7.2127e-14   3955.37 1 
  3938.19 8.0327e-14   3958.12 1 
  3940.93 9.3742e-14   3960.87 1 
  3943.67 1.1097e-13   3963.62 1 
  3946.40 1.2083e-13   3966.37 1 
  3949.14 1.3290e-13   3969.12 1 
  3951.87 1.3654e-13   3971.87 1 
  3954.61 1.3862e-13   3974.62 1 
  3957.35 1.2811e-13   3977.37 1 
  3960.08 1.2114e-13   3980.12 1 
  3962.82 1.0222e-13   3982.87 1 
  3965.55 8.0076e-14   3985.62 1 
  3968.29 7.2439e-14   3988.37 1 
  3971.03 7.6774e-14   3991.12 1 
  3973.76 9.1122e-14   3993.87 1 
  3976.50 1.1357e-13   3996.62 1 
  3979.24 1.3321e-13   3999.37 1 
  3981.97 1.4440e-13   4002.12 1 
  3984.71 1.5407e-13   4004.87 1 
  3987.44 1.5840e-13   4007.62 1 
  3990.18 1.6402e-13   4010.37 1 
  3992.92 1.6589e-13   4013.12 1 
  3995.65 1.6993e-13   4015.87 1 
  3998.39 1.7177e-13   4018.62 1 
  4001.12 1.7424e-13   4021.37 1 
  4003.86 1.7389e-13   4024.12 1 
  4006.60 1.7672e-13   4026.87 1 
  4009.33 1.7792e-13   4029.62 1 
  4012.07 1.8359e-13   4032.37 1 
  4014.81 1.8853e-13   4035.12 1 
  4017.54 1.8951e-13   4037.87 1 
  4020.28 1.8865e-13   4040.62 1 
  4023.01 1.8651e-13   4043.37 1 
  4025.75 1.8823e-13   4046.12 1 
  4028.49 1.8499e-13   4048.87 1 
  4031.22 1.7627e-13   4051.62 1 
  4033.96 1.7343e-13   4054.37 1 
  4036.69 1.7917e-13   4057.12 1 
  4039.43 1.8074e-13   4059.87 1 
  4042.17 1.8021e-13   4062.62 1 
  4044.90 1.7626e-13   4065.37 1 
  4047.64 1.7622e-13   4068.12 1 
  4050.38 1.7755e-13   4070.87 1 
  4053.11 1.7952e-13   4073.62 1 
  4055.85 1.7888e-13   4076.37 1 
  4058.58 1.7271e-13   4079.12 1 
  4061.32 1.7139e-13   4081.87 1 
  4064.06 1.6984e-13   4084.62 1 
  4066.79 1.7193e-13   4087.37 1 
  4069.53 1.7587e-13   4090.12 1 
  4072.26 1.7577e-13   4092.87 1 
  4075.00 1.7364e-13   4095.62 1 
  4077.74 1.7312e-13   4098.37 1 
  4080.47 1.7701e-13   4101.12 1 
  4083.21 1.8169e-13   4103.87 1 
  4085.95 1.8794e-13   4106.62 1 
  4088.68 1.9297e-13   4109.37 1 
  4091.42 1.9157e-13   4112.12 1 
  4094.15 1.8323e-13   4114.87 1 
  4096.89 1.7443e-13   4117.62 1 
  4099.63 1.6467e-13   4120.37 1 
  4102.36 1.6328e-13   4123.12 1 
  4105.10 1.6708e-13   4125.87 1 
  4107.83 1.7171e-13   4128.62 1 
  4110.57 1.7905e-13   4131.37 1 
  4113.31 1.8543e-13   4134.12 1 
  4116.04 1.8393e-13   4136.87 1 
  4118.78 1.8510e-13   4139.62 1 
  4121.52 1.8569e-13   4142.37 1 
  4124.25 1.8376e-13   4145.12 1 
  4126.99 1.8407e-13   4147.87 1 
  4129.72 1.7917e-13   4150.62 1 
  4132.46 1.7747e-13   4153.37 1 
  4135.20 1.8108e-13   4156.12 1 
  4137.93 1.8404e-13   4158.87 1 
  4140.67 1.8393e-13   4161.62 1 
  4143.40 1.8071e-13   4164.37 1 
  4146.14 1.7984e-13   4167.12 1 
  4148.88 1.7595e-13   4169.87 1 
  4151.61 1.7770e-13   4172.62 1 
  4154.35 1.8046e-13   4175.37 1 
  4157.09 1.7967e-13   4178.12 1 
  4159.82 1.7997e-13   4180.87 1 
  4162.56 1.8415e-13   4183.62 1 
  4165.29 1.8477e-13   4186.37 1 
  4168.03 1.7891e-13   4189.12 1 
  4170.77 1.7431e-13   4191.87 1 
  4173.50 1.6866e-13   4194.62 1 
  4176.24 1.7061e-13   4197.37 1 
  4178.97 1.7419e-13   4200.12 1 
  4181.71 1.7319e-13   4202.87 1 
  4184.45 1.7906e-13   4205.62 1 
  4187.18 1.8144e-13   4208.37 1 
  4189.92 1.7823e-13   4211.12 1 
  4192.66 1.8056e-13   4213.87 1 
  4195.39 1.7925e-13   4216.62 1 
  4198.13 1.7500e-13   4219.37 1 
  4200.86 1.7068e-13   4222.12 1 
  4203.60 1.7786e-13   4224.87 1 
  4206.34 1.8401e-13   4227.62 1 
  4209.07 1.9059e-13   4230.37 1 
  4211.81 1.9007e-13   4233.12 1 
  4214.54 1.8929e-13   4235.87 1 
  4217.28 1.9001e-13   4238.62 1 
  4220.02 1.8650e-13   4241.37 1 
  4222.75 1.8057e-13   4244.12 1 
  4225.49 1.7113e-13   4246.87 1 
  4228.23 1.6709e-13   4249.62 1 
  4230.96 1.7516e-13   4252.37 1 
  4233.70 1.8204e-13   4255.12 1 
  4236.43 1.8789e-13   4257.87 1 
  4239.17 1.9036e-13   4260.62 1 
  4241.91 1.9141e-13   4263.37 1 
  4244.64 1.9475e-13   4266.12 1 
  4247.38 1.9082e-13   4268.87 1 
  4250.11 1.8646e-13   4271.62 1 
  4252.85 1.8520e-13   4274.37 1 
  4255.59 1.8928e-13   4277.12 1 
  4258.32 1.8802e-13   4279.87 1 
  4261.06 1.9022e-13   4282.62 1 
  4263.80 1.9195e-13   4285.37 1 
  4266.53 1.9379e-13   4288.12 1 
  4269.27 1.8618e-13   4290.87 1 
  4272.00 1.7796e-13   4293.62 1 
  4274.74 1.8013e-13   4296.37 1 
  4277.48 1.8395e-13   4299.12 1 
  4280.21 1.8755e-13   4301.87 1 
  4282.95 1.8849e-13   4304.62 1 
  4285.68 1.8453e-13   4307.37 1 
  4288.42 1.7745e-13   4310.12 1 
  4291.16 1.7313e-13   4312.87 1 
  4293.89 1.7357e-13   4315.62 1 
  4296.63 1.6650e-13   4318.37 1 
  4299.37 1.5702e-13   4321.12 1 
  4302.10 1.4888e-13   4323.87 1 
  4304.84 1.4309e-13   4326.62 1 
  4307.57 1.4212e-13   4329.37 1 
  4310.31 1.5348e-13   4332.12 1 
  4313.05 1.6878e-13   4334.87 1 
  4315.78 1.8742e-13   4337.62 1 
  4318.52 2.0358e-13   4340.37 1 
  4321.25 2.0101e-13   4343.12 1 
  4323.99 1.9400e-13   4345.87 1 
  4326.73 1.8723e-13   4348.62 1 
  4329.46 1.9670e-13   4351.37 1 
  4332.20 2.0433e-13   4354.12 1 
  4334.94 2.0876e-13   4356.87 1 
  4337.67 1.9513e-13   4359.62 1 
  4340.41 1.8855e-13   4362.37 1 
  4343.14 1.9055e-13   4365.12 1 
  4345.88 1.9770e-13   4367.87 1 
  4348.62 2.0087e-13   4370.62 1 
  4351.35 2.0664e-13   4373.37 1 
  4354.09 2.0378e-13   4376.12 1 
  4356.82 2.0999e-13   4378.87 1 
  4359.56 2.1560e-13   4381.62 1 
  4362.30 2.2146e-13   4384.37 1 
  4365.03 2.2308e-13   4387.12 1 
  4367.77 2.2205e-13   4389.87 1 
  4370.51 2.1648e-13   4392.62 1 
  4373.24 2.1132e-13   4395.37 1 
  4375.98 2.0688e-13   4398.12 1 
  4378.71 2.0697e-13   4400.87 1 
  4381.45 1.9403e-13   4403.62 1 
  4384.19 1.8888e-13   4406.37 1 
  4386.92 1.9057e-13   4409.12 1 
  4389.66 1.9480e-13   4411.87 1 
  4392.39 2.0187e-13   4414.62 1 
  4395.13 2.0856e-13   4417.37 1 
  4397.87 2.0679e-13   4420.12 1 
  4400.60 2.0570e-13   4422.87 1 
  4403.34 2.0391e-13   4425.62 1 
  4406.08 2.0245e-13   4428.37 1 
  4408.81 2.0541e-13   4431.12 1 
  4411.55 2.1025e-13   4433.87 1 
  4414.28 2.1240e-13   4436.62 1 
  4417.02 2.1965e-13   4439.37 1 
  4419.76 2.1858e-13   4442.12 1 
  4422.49 2.2085e-13   4444.87 1 
  4425.23 2.2073e-13   4447.62 1 
  4427.96 2.2002e-13   4450.37 1 
  4430.70 2.1877e-13   4453.12 1 
  4433.44 2.1864e-13   4455.87 1 
  4436.17 2.2296e-13   4458.62 1 
  4438.91 2.2129e-13   4461.37 1 
  4441.65 2.2787e-13   4464.12 1 
  4444.38 2.2934e-13   4466.87 1 
  4447.12 2.3086e-13   4469.62 1 
  4449.85 2.3322e-13   4472.37 1 
  4452.59 2.3215e-13   4475.12 1 
  4455.33 2.1763e-13   4477.87 1 
  4458.06 2.1152e-13   4480.62 1 
  4460.80 2.1311e-13   4483.37 1 
  4463.53 2.1562e-13   4486.12 1 
  4466.27 2.2110e-13   4488.87 1 
  4469.01 2.2610e-13   4491.62 1 
  4471.74 2.3056e-13   4494.37 1 
  4474.48 2.4128e-13   4497.12 1 
  4477.22 2.4280e-13   4499.87 1 
  4479.95 2.4188e-13   4502.62 1 
  4482.69 2.3882e-13   4505.37 1 
  4485.42 2.3867e-13   4508.12 1 
  4488.16 2.4192e-13   4510.87 1 
  4490.90 2.3820e-13   4513.62 1 
  4493.63 2.3550e-13   4516.37 1 
  4496.37 2.3674e-13   4519.12 1 
  4499.10 2.4236e-13   4521.87 1 
  4501.84 2.4831e-13   4524.62 1 
  4504.58 2.5623e-13   4527.37 1 
  4507.31 2.5966e-13   4530.12 1 
  4510.05 2.5651e-13   4532.87 1 
  4512.79 2.5336e-13   4535.62 1 
  4515.52 2.4925e-13   4538.37 1 
  4518.26 2.4784e-13   4541.12 1 
  4520.99 2.4534e-13   4543.87 1 
  4523.73 2.3687e-13   4546.62 1 
  4526.47 2.3280e-13   4549.37 1 
  4529.20 2.2374e-13   4552.12 1 
  4531.94 2.2155e-13   4554.87 1 
  4534.67 2.2648e-13   4557.62 1 
  4537.41 2.3413e-13   4560.37 1 
  4540.15 2.3753e-13   4563.12 1 
  4542.88 2.3918e-13   4565.87 1 
  4545.62 2.3802e-13   4568.62 1 
  4548.36 2.3893e-13   4571.37 1 
  4551.09 2.3975e-13   4574.12 1 
  4553.83 2.4121e-13   4576.87 1 
  4556.56 2.4634e-13   4579.62 1 
  4559.30 2.5250e-13   4582.37 1 
  4562.04 2.5397e-13   4585.12 1 
  4564.77 2.5362e-13   4587.87 1 
  4567.51 2.5480e-13   4590.62 1 
  4570.24 2.5203e-13   4593.37 1 
  4572.98 2.5202e-13   4596.12 1 
  4575.72 2.5156e-13   4598.87 1 
  4578.45 2.4687e-13   4601.62 1 
  4581.19 2.4573e-13   4604.37 1 
  4583.93 2.4302e-13   4607.12 1 
  4586.66 2.4793e-13   4609.87 1 
  4589.40 2.4906e-13   4612.62 1 
  4592.13 2.4720e-13   4615.37 1 
  4594.87 2.4444e-13   4618.12 1 
  4597.61 2.4430e-13   4620.87 1 
  4600.34 2.4600e-13   4623.62 1 
  4603.08 2.4751e-13   4626.37 1 
  4605.81 2.5140e-13   4629.12 1 
  4608.55 2.5724e-13   4631.87 1 
  4611.29 2.6019e-13   4634.62 1 
  4614.02 2.6194e-13   4637.37 1 
  4616.76 2.6169e-13   4640.12 1 
  4619.50 2.6065e-13   4642.87 1 
  4622.23 2.6084e-13   4645.62 1 
  4624.97 2.6143e-13   4648.37 1 
  4627.70 2.6317e-13   4651.12 1 
  4630.44 2.6334e-13   4653.87 1 
  4633.18 2.5838e-13   4656.62 1 
  4635.91 2.5220e-13   4659.37 1 
  4638.65 2.4843e-13   4662.12 1 
  4641.38 2.4552e-13   4664.87 1 
  4644.12 2.4256e-13   4667.62 1 
  4646.86 2.3919e-13   4670.37 1 
  4649.59 2.4115e-13   4673.12 1 
  4652.33 2.4124e-13   4675.87 1 
  4655.07 2.4598e-13   4678.62 1 
  4657.80 2.4961e-13   4681.37 1 
  4660.54 2.4773e-13   4684.12 1 
  4663.27 2.4799e-13   4686.87 1 
  4666.01 2.4104e-13   4689.62 1 
  4668.75 2.3398e-13   4692.37 1 
  4671.48 2.3653e-13   4695.12 1 
  4674.22 2.4045e-13   4697.87 1 
  4676.95 2.4303e-13   4700.62 1 
  4679.69 2.4392e-13   4703.37 1 
  4682.43 2.4460e-13   4706.12 1 
  4685.16 2.4578e-13   4708.87 1 
  4687.90 2.4526e-13   4711.62 1 
  4690.64 2.4455e-13   4714.37 1 
  4693.37 2.4428e-13   4717.12 1 
  4696.11 2.4213e-13   4719.87 1 
  4698.84 2.4027e-13   4722.62 1 
  4701.58 2.3656e-13   4725.37 1 
  4704.32 2.3501e-13   4728.12 1 
  4707.05 2.3763e-13   4730.87 1 
  4709.79 2.4026e-13   4733.62 1 
  4712.52 2.4296e-13   4736.37 1 
  4715.26 2.4731e-13   4739.12 1 
  4718.00 2.5228e-13   4741.87 1 
  4720.73 2.5639e-13   4744.62 1 
  4723.47 2.5625e-13   4747.37 1 
  4726.21 2.5207e-13   4750.12 1 
  4728.94 2.4706e-13   4752.87 1 
  4731.68 2.4342e-13   4755.62 1 
  4734.41 2.4445e-13   4758.37 1 
  4737.15 2.4714e-13   4761.12 1 
  4739.89 2.5239e-13   4763.87 1 
  4742.62 2.5658e-13   4766.62 1 
  4745.36 2.5741e-13   4769.37 1 
  4748.09 2.5825e-13   4772.12 1 
  4750.83 2.5844e-13   4774.87 1 
  4753.57 2.5784e-13   4777.62 1 
  4756.30 2.5546e-13   4780.37 1 
  4759.04 2.5208e-13   4783.12 1 
  4761.78 2.4733e-13   4785.87 1 
  4764.51 2.4549e-13   4788.62 1 
  4767.25 2.4711e-13   4791.37 1 
  4769.98 2.4864e-13   4794.12 1 
  4772.72 2.5525e-13   4796.87 1 
  4775.46 2.5991e-13   4799.62 1 
  4778.19 2.6182e-13   4802.37 1 
  4780.93 2.6093e-13   4805.12 1 
  4783.66 2.5650e-13   4807.87 1 
  4786.40 2.5579e-13   4810.62 1 
  4789.14 2.5425e-13   4813.37 1 
  4791.87 2.5823e-13   4816.12 1 
  4794.61 2.6281e-13   4818.87 1 
  4797.35 2.6106e-13   4821.62 1 
  4800.08 2.6418e-13   4824.37 1 
  4802.82 2.6606e-13   4827.12 1 
  4805.55 2.6458e-13   4829.87 1 
  4808.29 2.6389e-13   4832.62 1 
  4811.03 2.6530e-13   4835.37 1 
  4813.76 2.6716e-13   4838.12 1 
  4816.50 2.6830e-13   4840.87 1 
  4819.23 2.7238e-13   4843.62 1 
  4821.97 2.7187e-13   4846.37 1 
  4824.71 2.6547e-13   4849.12 1 
  4827.44 2.6318e-13   4851.87 1 
  4830.18 2.6407e-13   4854.62 1 
  4832.92 2.6249e-13   4857.37 1 
  4835.65 2.5977e-13   4860.12 1 
  4838.39 2.5893e-13   4862.87 1 
  4841.12 2.5919e-13   4865.62 1 
  4843.86 2.5750e-13   4868.37 1 
  4846.60 2.5537e-13   4871.12 1 
  4849.33 2.5372e-13   4873.87 1 
  4852.07 2.5092e-13   4876.62 1 
  4854.80 2.4889e-13   4879.37 1 
  4857.54 2.4304e-13   4882.12 1 
  4860.28 2.3786e-13   4884.87 1 
  4863.01 2.3510e-13   4887.62 1 
  4865.75 2.3301e-13   4890.37 1 
  4868.49 2.3507e-13   4893.12 1 
  4871.22 2.3594e-13   4895.87 1 
  4873.96 2.3903e-13   4898.62 1 
  4876.69 2.4256e-13   4901.37 1 
  4879.43 2.4837e-13   4904.12 1 
  4882.17 2.5174e-13   4906.87 1 
  4884.90 2.4851e-13   4909.62 1 
  4887.64 2.4641e-13   4912.37 1 
  4890.37 2.4613e-13   4915.12 1 
  4893.11 2.5098e-13   4917.87 1 
  4895.85 2.5849e-13   4920.62 1 
  4898.58 2.6372e-13   4923.37 1 
  4901.32 2.6452e-13   4926.12 1 
  4904.06 2.6285e-13   4928.87 1 
  4906.79 2.6077e-13   4931.62 1 
  4909.53 2.5895e-13   4934.37 1 
  4912.26 2.5866e-13   4937.12 1 
  4915.00 2.5562e-13   4939.87 1 
  4917.74 2.4545e-13   4942.62 1 
  4920.47 2.3965e-13   4945.37 1 
  4923.21 2.4348e-13   4948.12 1 
  4925.94 2.5102e-13   4950.87 1 
  4928.68 2.5806e-13   4953.62 1 
  4931.42 2.6231e-13   4956.37 1 
  4934.15 2.6072e-13   4959.12 1 
  4936.89 2.5660e-13   4961.87 1 
  4939.63 2.5571e-13   4964.62 1 
  4942.36 2.6079e-13   4967.37 1 
  4945.10 2.6684e-13   4970.12 1 
  4947.83 2.7111e-13   4972.87 1 
  4950.57 2.7168e-13   4975.62 1 
  4953.31 2.6871e-13   4978.37 1 
  4956.04 2.6570e-13   4981.12 1 
  4958.78 2.6316e-13   4983.87 1 
  4961.51 2.6366e-13   4986.62 1 
  4964.25 2.6323e-13   4989.37 1 
  4966.99 2.5774e-13   4992.12 1 
  4969.72 2.5835e-13   4994.87 1 
  4972.46 2.5859e-13   4997.62 1 
  4975.20 2.5658e-13   5000.37 1 
  4977.93 2.5318e-13   5003.12 1 
  4980.67 2.4748e-13   5005.87 1 
  4983.40 2.4157e-13   5008.62 1 
  4986.14 2.4423e-13   5011.37 1 
  4988.88 2.4976e-13   5014.12 1 
  4991.61 2.5193e-13   5016.87 1 
  4994.35 2.5458e-13   5019.62 1 
  4997.08 2.5586e-13   5022.37 1 
  4999.82 2.5751e-13   5025.12 1 
  5002.56 2.5813e-13   5027.87 1 
  5005.29 2.5993e-13   5030.62 1 
  5008.03 2.5970e-13   5033.37 1 
  5010.77 2.5309e-13   5036.12 1 
  5013.50 2.4630e-13   5038.87 1 
  5016.24 2.3692e-13   5041.62 1 
  5018.97 2.3690e-13   5044.37 1 
  5021.71 2.3902e-13   5047.12 1 
  5024.45 2.4129e-13   5049.87 1 
  5027.18 2.4319e-13   5052.62 1 
  5029.92 2.4715e-13   5055.37 1 
  5032.65 2.5049e-13   5058.12 1 
  5035.39 2.4750e-13   5060.87 1 
  5038.13 2.4360e-13   5063.62 1 
  5040.86 2.3916e-13   5066.37 1 
  5043.60 2.4166e-13   5069.12 1 
  5046.34 2.4627e-13   5071.87 1 
  5049.07 2.5176e-13   5074.62 1 
  5051.81 2.5261e-13   5077.37 1 
  5054.54 2.5398e-13   5080.12 1 
  5057.28 2.5776e-13   5082.87 1 
  5060.02 2.5862e-13   5085.62 1 
  5062.75 2.5827e-13   5088.37 1 
  5065.49 2.5530e-13   5091.12 1 
  5068.22 2.5146e-13   5093.87 1 
  5070.96 2.4822e-13   5096.62 1 
  5073.70 2.4521e-13   5099.37 1 
  5076.43 2.4410e-13   5102.12 1 
  5079.17 2.4046e-13   5104.87 1 
  5081.91 2.3646e-13   5107.62 1 
  5084.64 2.3940e-13   5110.37 1 
  5087.38 2.4608e-13   5113.12 1 
  5090.11 2.5104e-13   5115.87 1 
  5092.85 2.5144e-13   5118.62 1 
  5095.59 2.4921e-13   5121.37 1 
  5098.32 2.4900e-13   5124.12 1 
  5101.06 2.4484e-13   5126.87 1 
  5103.79 2.4090e-13   5129.62 1 
  5106.53 2.4341e-13   5132.37 1 
  5109.27 2.4153e-13   5135.12 1 
  5112.00 2.4516e-13   5137.87 1 
  5114.74 2.4821e-13   5140.62 1 
  5117.48 2.5122e-13   5143.37 1 
  5120.21 2.4811e-13   5146.12 1 
  5122.95 2.4079e-13   5148.87 1 
  5125.68 2.3729e-13   5151.62 1 
  5128.42 2.3729e-13   5154.37 1 
  5131.16 2.3690e-13   5157.12 1 
  5133.89 2.4060e-13   5159.87 1 
  5136.63 2.3769e-13   5162.62 1 
  5139.36 2.4105e-13   5165.37 1 
  5142.10 2.3434e-13   5168.12 1 
  5144.84 2.3109e-13   5170.87 1 
  5147.57 2.3235e-13   5173.62 1 
  5150.31 2.3216e-13   5176.37 1 
  5153.05 2.3629e-13   5179.12 1 
  5155.78 2.4058e-13   5181.87 1 
  5158.52 2.4196e-13   5184.62 1 
  5161.25 2.3845e-13   5187.37 1 
  5163.99 2.2565e-13   5190.12 1 
  5166.73 2.1272e-13   5192.87 1 
  5169.46 1.9985e-13   5195.62 1 
  5172.20 1.9435e-13   5198.37 1 
  5174.93 2.0048e-13   5201.12 1 
  5177.67 2.0962e-13   5203.87 1 
  5180.41 2.1102e-13   5206.62 1 
  5183.14 2.1089e-13   5209.37 1 
  5185.88 2.1136e-13   5212.12 1 
  5188.62 2.1771e-13   5214.87 1 
  5191.35 2.3052e-13   5217.62 1 
  5194.09 2.3763e-13   5220.37 1 
  5196.82 2.4201e-13   5223.12 1 
  5199.56 2.4207e-13   5225.87 1 
  5202.30 2.4358e-13   5228.62 1 
  5205.03 2.3705e-13   5231.37 1 
  5207.77 2.3049e-13   5234.12 1 
  5210.50 2.3192e-13   5236.87 1 
  5213.24 2.3627e-13   5239.62 1 
  5215.98 2.4412e-13   5242.37 1 
  5218.71 2.4651e-13   5245.12 1 
  5221.45 2.4691e-13   5247.87 1 
  5224.19 2.4442e-13   5250.62 1 
  5226.92 2.4296e-13   5253.37 1 
  5229.66 2.4454e-13   5256.12 1 
  5232.39 2.4696e-13   5258.87 1 
  5235.13 2.5107e-13   5261.62 1 
  5237.87 2.5818e-13   5264.37 1 
  5240.60 2.6081e-13   5267.12 1 
  5243.34 2.6175e-13   5269.87 1 
  5246.07 2.5911e-13   5272.62 1 
  5248.81 2.5400e-13   5275.37 1 
  5251.55 2.5196e-13   5278.12 1 
  5254.28 2.5364e-13   5280.87 1 
  5257.02 2.5359e-13   5283.62 1 
  5259.76 2.5093e-13   5286.37 1 
  5262.49 2.4339e-13   5289.12 1 
  5265.23 2.2944e-13   5291.87 1 
  5267.96 2.2525e-13   5294.62 1 
  5270.70 2.2939e-13   5297.37 1 
  5273.44 2.3694e-13   5300.12 1 
  5276.17 2.5048e-13   5302.87 1 
  5278.91 2.5688e-13   5305.62 1 
  5281.64 2.6349e-13   5308.37 1 
  5284.38 2.6746e-13   5311.12 1 
  5287.12 2.7097e-13   5313.87 1 
  5289.85 2.7730e-13   5316.62 1 
  5292.59 2.7461e-13   5319.37 1 
  5295.33 2.7193e-13   5322.12 1 
  5298.06 2.6989e-13   5324.87 1 
  5300.80 2.6875e-13   5327.62 1 
  5303.53 2.7096e-13   5330.37 1 
  5306.27 2.7724e-13   5333.12 1 
  5309.01 2.8343e-13   5335.87 1 
  5311.74 2.8579e-13   5338.62 1 
  5314.48 2.8310e-13   5341.37 1 
  5317.22 2.7991e-13   5344.12 1 
  5319.95 2.7372e-13   5346.87 1 
  5322.69 2.6968e-13   5349.62 1 
  5325.42 2.6138e-13   5352.37 1 
  5328.16 2.5659e-13   5355.12 1 
  5330.90 2.5729e-13   5357.87 1 
  5333.63 2.6502e-13   5360.62 1 
  5336.37 2.6992e-13   5363.37 1 
  5339.10 2.6995e-13   5366.12 1 
  5341.84 2.6745e-13   5368.87 1 
  5344.58 2.6734e-13   5371.62 1 
  5347.31 2.7116e-13   5374.37 1 
  5350.05 2.7533e-13   5377.12 1 
  5352.79 2.8116e-13   5379.87 1 
  5355.52 2.8761e-13   5382.62 1 
  5358.26 2.8874e-13   5385.37 1 
  5360.99 2.8504e-13   5388.12 1 
  5363.73 2.8081e-13   5390.87 1 
  5366.47 2.7444e-13   5393.62 1 
  5369.20 2.6874e-13   5396.37 1 
  5371.94 2.6549e-13   5399.12 1 
  5374.67 2.6794e-13   5401.87 1 
  5377.41 2.7359e-13   5404.62 1 
  5380.15 2.7740e-13   5407.37 1 
  5382.88 2.7733e-13   5410.12 1 
  5385.62 2.7603e-13   5412.87 1 
  5388.36 2.7244e-13   5415.62 1 
  5391.09 2.6889e-13   5418.37 1 
  5393.83 2.6276e-13   5421.12 1 
  5396.56 2.6040e-13   5423.87 1 
  5399.30 2.5660e-13   5426.62 1 
  5402.04 2.5472e-13   5429.37 1 
  5404.77 2.5561e-13   5432.12 1 
  5407.51 2.5482e-13   5434.87 1 
  5410.24 2.5898e-13   5437.62 1 
  5412.98 2.6528e-13   5440.37 1 
  5415.72 2.6950e-13   5443.12 1 
  5418.45 2.7053e-13   5445.87 1 
  5421.19 2.7250e-13   5448.62 1 
  5423.93 2.7168e-13   5451.37 1 
  5426.66 2.6892e-13   5454.12 1 
  5429.40 2.6871e-13   5456.87 1 
  5432.13 2.6621e-13   5459.62 1 
  5434.87 2.6599e-13   5462.37 1 
  5437.61 2.7049e-13   5465.12 1 
  5440.34 2.7450e-13   5467.87 1 
  5443.08 2.7633e-13   5470.62 1 
  5445.81 2.7260e-13   5473.37 1 
  5448.55 2.7034e-13   5476.12 1 
  5451.29 2.6915e-13   5478.87 1 
  5454.02 2.6918e-13   5481.62 1 
  5456.76 2.6580e-13   5484.37 1 
  5459.50 2.6635e-13   5487.12 1 
  5462.23 2.6816e-13   5489.87 1 
  5464.97 2.6979e-13   5492.62 1 
  5467.70 2.7135e-13   5495.37 1 
  5470.44 2.6987e-13   5498.12 1 
  5473.18 2.6660e-13   5500.87 1 
  5475.91 2.6347e-13   5503.62 1 
  5478.65 2.6256e-13   5506.37 1 
  5481.38 2.6478e-13   5509.12 1 
  5484.12 2.6595e-13   5511.87 1 
  5486.86 2.6816e-13   5514.62 1 
  5489.59 2.7184e-13   5517.37 1 
  5492.33 2.7243e-13   5520.12 1 
  5495.07 2.7100e-13   5522.87 1 
  5497.80 2.7230e-13   5525.62 1 
  5500.54 2.7274e-13   5528.37 1 
  5503.27 2.6944e-13   5531.12 1 
  5506.01 2.6699e-13   5533.87 1 
  5508.75 2.6629e-13   5536.62 1 
  5511.48 2.6516e-13   5539.37 1 
  5514.22 2.6704e-13   5542.12 1 
  5516.95 2.6981e-13   5544.87 1 
  5519.69 2.7098e-13   5547.62 1 
  5522.43 2.7248e-13   5550.37 1 
  5525.16 2.6969e-13   5553.12 1 
  5527.90 2.6430e-13   5555.87 1 
  5530.64 2.6918e-13   5558.62 1 
  5533.37 2.6839e-13   5561.37 1 
  5536.11 2.7124e-13   5564.12 1 
  5538.84 2.7118e-13   5566.87 1 
  5541.58 2.7940e-13   5569.62 1 
  5544.32 2.7485e-13   5572.37 1 
  5547.05 2.8053e-13   5575.12 1 
  5549.79 2.7388e-13   5577.87 1 
  5552.52 2.7744e-13   5580.62 1 
  5555.26 2.7525e-13   5583.37 1 
  5558.00 2.7636e-13   5586.12 1 
  5560.73 2.7026e-13   5588.87 1 
  5563.47 2.7199e-13   5591.62 1 
  5566.21 2.7184e-13   5594.37 1 
  5568.94 2.7245e-13   5597.12 1 
  5571.68 2.6468e-13   5599.87 1 
  5574.41 2.6890e-13   5602.62 1 
  5577.15 2.6898e-13   5605.37 1 
  5579.89 2.6953e-13   5608.12 1 
  5582.62 2.6878e-13   5610.87 1 
  5585.36 2.6458e-13   5613.62 1 
  5588.09 2.6200e-13   5616.37 1 
  5590.83 2.6137e-13   5619.12 1 
  5593.57 2.6343e-13   5621.87 1 
  5596.30 2.6550e-13   5624.62 1 
  5599.04 2.6599e-13   5627.37 1 
  5601.78 2.6396e-13   5630.12 1 
  5604.51 2.6779e-13   5632.87 1 
  5607.25 2.7451e-13   5635.62 1 
  5609.98 2.7563e-13   5638.37 1 
  5612.72 2.7495e-13   5641.12 1 
  5615.46 2.7163e-13   5643.87 1 
  5618.19 2.6683e-13   5646.62 1 
  5620.93 2.6677e-13   5649.37 1 
  5623.66 2.6737e-13   5652.12 1 
  5626.40 2.6936e-13   5654.87 1 
  5629.14 2.7314e-13   5657.62 1 
  5631.87 2.7537e-13   5660.37 1 
  5634.61 2.7321e-13   5663.12 1 
  5637.35 2.7220e-13   5665.87 1 
  5640.08 2.6999e-13   5668.62 1 
  5642.82 2.7160e-13   5671.37 1 
  5645.55 2.7417e-13   5674.12 1 
  5648.29 2.7533e-13   5676.87 1 
  5651.03 2.7241e-13   5679.62 1 
  5653.76 2.7301e-13   5682.37 1 
  5656.50 2.7064e-13   5685.12 1 
  5659.23 2.6443e-13   5687.87 1 
  5661.97 2.6443e-13   5690.62 1 
  5664.71 2.6659e-13   5693.37 1 
  5667.44 2.7112e-13   5696.12 1 
  5670.18 2.7453e-13   5698.87 1 
  5672.92 2.7839e-13   5701.62 1 
  5675.65 2.8195e-13   5704.37 1 
  5678.39 2.7923e-13   5707.12 1 
  5681.12 2.7822e-13   5709.87 1 
  5683.86 2.7556e-13   5712.62 1 
  5686.60 2.7577e-13   5715.37 1 
  5689.33 2.7258e-13   5718.12 1 
  5692.07 2.7589e-13   5720.87 1 
  5694.80 2.7761e-13   5723.62 1 
  5697.54 2.7952e-13   5726.37 1 
  5700.28 2.7570e-13   5729.12 1 
  5703.01 2.6801e-13   5731.87 1 
  5705.75 2.6645e-13   5734.62 1 
  5708.49 2.6469e-13   5737.37 1 
  5711.22 2.6659e-13   5740.12 1 
  5713.96 2.7090e-13   5742.87 1 
  5716.69 2.7379e-13   5745.62 1 
  5719.43 2.8244e-13   5748.37 1 
  5722.17 2.8432e-13   5751.12 1 
  5724.90 2.8547e-13   5753.87 1 
  5727.64 2.8398e-13   5756.62 1 
  5730.37 2.8427e-13   5759.37 1 
  5733.11 2.8259e-13   5762.12 1 
  5735.85 2.8301e-13   5764.87 1 
  5738.58 2.8543e-13   5767.62 1 
  5741.32 2.8469e-13   5770.37 1 
  5744.06 2.8419e-13   5773.12 1 
  5746.79 2.8386e-13   5775.87 1 
  5749.53 2.8164e-13   5778.62 1 
  5752.26 2.7812e-13   5781.37 1 
  5755.00 2.7938e-13   5784.12 1 
  5757.74 2.7787e-13   5786.87 1 
  5760.47 2.7902e-13   5789.62 1 
  5763.21 2.7883e-13   5792.37 1 
  5765.94 2.8163e-13   5795.12 1 
  5768.68 2.8308e-13   5797.87 1 
  5771.42 2.8319e-13   5800.62 1 
  5774.15 2.8097e-13   5803.37 1 
  5776.89 2.7898e-13   5806.12 1 
  5779.63 2.7496e-13   5808.87 1 
  5782.36 2.7087e-13   5811.62 1 
  5785.10 2.6824e-13   5814.37 1 
  5787.83 2.7062e-13   5817.12 1 
  5790.57 2.7479e-13   5819.87 1 
  5793.31 2.8051e-13   5822.62 1 
  5796.04 2.8202e-13   5825.37 1 
  5798.78 2.8591e-13   5828.12 1 
  5801.51 2.8930e-13   5830.87 1 
  5804.25 2.8660e-13   5833.62 1 
  5806.99 2.8211e-13   5836.37 1 
  5809.72 2.8604e-13   5839.12 1 
  5812.46 2.8449e-13   5841.87 1 
  5815.20 2.8534e-13   5844.62 1 
  5817.93 2.8480e-13   5847.37 1 
  5820.67 2.8564e-13   5850.12 1 
  5823.40 2.9017e-13   5852.87 1 
  5826.14 2.8858e-13   5855.62 1 
  5828.88 2.8844e-13   5858.37 1 
  5831.61 2.9288e-13   5861.12 1 
  5834.35 2.8897e-13   5863.87 1 
  5837.08 2.8833e-13   5866.62 1 
  5839.82 2.8971e-13   5869.37 1 
  5842.56 2.9338e-13   5872.12 1 
  5845.29 2.8958e-13   5874.87 1 
  5848.03 2.8685e-13   5877.62 1 
  5850.77 2.8143e-13   5880.37 1 
  5853.50 2.7315e-13   5883.12 1 
  5856.24 2.7321e-13   5885.87 1 
  5858.97 2.6975e-13   5888.62 1 
  5861.71 2.6929e-13   5891.37 1 
  5864.45 2.6545e-13   5894.12 1 
  5867.18 2.6630e-13   5896.87 1 
  5869.92 2.7323e-13   5899.62 1 
  5872.65 2.7561e-13   5902.37 1 
  5875.39 2.7813e-13   5905.12 1 
  5878.13 2.7892e-13   5907.87 1 
  5880.86 2.6983e-13   5910.62 1 
  5883.60 2.6621e-13   5913.37 1 
  5886.34 2.5795e-13   5916.12 1 
  5889.07 2.4735e-13   5918.87 1 
  5891.81 2.3811e-13   5921.62 1 
  5894.54 2.3714e-13   5924.37 1 
  5897.28 2.4471e-13   5927.12 1 
  5900.02 2.5553e-13   5929.87 1 
  5902.75 2.6435e-13   5932.62 1 
  5905.49 2.6793e-13   5935.37 1 
  5908.22 2.7077e-13   5938.12 1 
  5910.96 2.7417e-13   5940.87 1 
  5913.70 2.7346e-13   5943.62 1 
  5916.43 2.7401e-13   5946.37 1 
  5919.17 2.7458e-13   5949.12 1 
  5921.91 2.7322e-13   5951.87 1 
  5924.64 2.7443e-13   5954.62 1 
  5927.38 2.7502e-13   5957.37 1 
  5930.11 2.7203e-13   5960.12 1 
  5932.85 2.7254e-13   5962.87 1 
  5935.59 2.7402e-13   5965.62 1 
  5938.32 2.7666e-13   5968.37 1 
  5941.06 2.7872e-13   5971.12 1 
  5943.79 2.7749e-13   5973.87 1 
  5946.53 2.7372e-13   5976.62 1 
  5949.27 2.7337e-13   5979.37 1 
  5952.00 2.7124e-13   5982.12 1 
  5954.74 2.7075e-13   5984.87 1 
  5957.48 2.7193e-13   5987.62 1 
  5960.21 2.7444e-13   5990.37 1 
  5962.95 2.7821e-13   5993.12 1 
  5965.68 2.8133e-13   5995.87 1 
  5968.42 2.8332e-13   5998.62 1 
  5971.16 2.8250e-13   6001.37 1 
  5973.89 2.8147e-13   6004.12 1 
  5976.63 2.7762e-13   6006.87 1 
  5979.36 2.7433e-13   6009.62 1 
  5982.10 2.7325e-13   6012.37 1 
  5984.84 2.7257e-13   6015.12 1 
  5987.57 2.7282e-13   6017.87 1 
  5990.31 2.7435e-13   6020.62 1 
  5993.05 2.7419e-13   6023.37 1 
  5995.78 2.7489e-13   6026.12 1 
  5998.52 2.7473e-13   6028.87 1 
  6001.25 2.7368e-13   6031.62 1 
  6003.99 2.7092e-13   6034.37 1 
  6006.73 2.6927e-13   6037.12 1 
  6009.46 2.6823e-13   6039.87 1 
  6012.20 2.6962e-13   6042.62 1 
  6014.93 2.6923e-13   6045.37 1 
  6017.67 2.6709e-13   6048.12 1 
  6020.41 2.6817e-13   6050.87 1 
  6023.14 2.7209e-13   6053.62 1 
  6025.88 2.7421e-13   6056.37 1 
  6028.62 2.7501e-13   6059.12 1 
  6031.35 2.7886e-13   6061.87 1 
  6034.09 2.8211e-13   6064.62 1 
  6036.82 2.8082e-13   6067.37 1 
  6039.56 2.8017e-13   6070.12 1 
  6042.30 2.8045e-13   6072.87 1 
  6045.03 2.8089e-13   6075.62 1 
  6047.77 2.8171e-13   6078.37 1 
  6050.50 2.8178e-13   6081.12 1 
  6053.24 2.8115e-13   6083.87 1 
  6055.98 2.7929e-13   6086.62 1 
  6058.71 2.7754e-13   6089.37 1 
  6061.45 2.7606e-13   6092.12 1 
  6064.19 2.7640e-13   6094.87 1 
  6066.92 2.7879e-13   6097.62 1 
  6069.66 2.8227e-13   6100.37 1 
  6072.39 2.8398e-13   6103.12 1 
  6075.13 2.8358e-13   6105.87 1 
  6077.87 2.8052e-13   6108.62 1 
  6080.60 2.7916e-13   6111.37 1 
  6083.34 2.7306e-13   6114.12 1 
  6086.07 2.7560e-13   6116.87 1 
  6088.81 2.7323e-13   6119.62 1 
  6091.55 2.7421e-13   6122.37 1 
  6094.28 2.7525e-13   6125.12 1 
  6097.02 2.7511e-13   6127.87 1 
  6099.76 2.7581e-13   6130.62 1 
  6102.49 2.7130e-13   6133.37 1 
  6105.23 2.7453e-13   6136.12 1 
  6107.96 2.7483e-13   6138.87 1 
  6110.70 2.7251e-13   6141.62 1 
  6113.44 2.7643e-13   6144.37 1 
  6116.17 2.7368e-13   6147.12 1 
  6118.91 2.7212e-13   6149.87 1 
  6121.64 2.7136e-13   6152.62 1 
  6124.38 2.7174e-13   6155.37 1 
  6127.12 2.7364e-13   6158.12 1 
  6129.85 2.7416e-13   6160.87 1 
  6132.59 2.7100e-13   6163.62 1 
  6135.33 2.6894e-13   6166.37 1 
  6138.06 2.7017e-13   6169.12 1 
  6140.80 2.6889e-13   6171.87 1 
  6143.53 2.7180e-13   6174.62 1 
  6146.27 2.7147e-13   6177.37 1 
  6149.01 2.7544e-13   6180.12 1 
  6151.74 2.7023e-13   6182.87 1 
  6154.48 2.6811e-13   6185.62 1 
  6157.21 2.6358e-13   6188.37 1 
  6159.95 2.5551e-13   6191.12 1 
  6162.69 2.5149e-13   6193.87 1 
  6165.42 2.5266e-13   6196.62 1 
  6168.16 2.5310e-13   6199.37 1 
  6170.90 2.5634e-13   6202.12 1 
  6173.63 2.5963e-13   6204.87 1 
  6176.37 2.6287e-13   6207.62 1 
  6179.10 2.6456e-13   6210.37 1 
  6181.84 2.6360e-13   6213.12 1 
  6184.58 2.6518e-13   6215.87 1 
  6187.31 2.6282e-13   6218.62 1 
  6190.05 2.6230e-13   6221.37 1 
  6192.78 2.6199e-13   6224.12 1 
  6195.52 2.6244e-13   6226.87 1 
  6198.26 2.6326e-13   6229.62 1 
  6200.99 2.7027e-13   6232.37 1 
  6203.73 2.7092e-13   6235.12 1 
  6206.47 2.6965e-13   6237.87 1 
  6209.20 2.6190e-13   6240.62 1 
  6211.94 2.6024e-13   6243.37 1 
  6214.67 2.5640e-13   6246.12 1 
  6217.41 2.5511e-13   6248.87 1 
  6220.15 2.5828e-13   6251.62 1 
  6222.88 2.6037e-13   6254.37 1 
  6225.62 2.6103e-13   6257.12 1 
  6228.35 2.5885e-13   6259.87 1 
  6231.09 2.5389e-13   6262.62 1 
  6233.83 2.5485e-13   6265.37 1 
  6236.56 2.5608e-13   6268.12 1 
  6239.30 2.5269e-13   6270.87 1 
  6242.04 2.5204e-13   6273.62 1 
  6244.77 2.5252e-13   6276.37 1 
  6247.51 2.5571e-13   6279.12 1 
  6250.24 2.4706e-13   6281.87 1 
  6252.98 2.5070e-13   6284.62 1 
  6255.72 2.5359e-13   6287.37 1 
  6258.45 2.5298e-13   6290.12 1 
  6261.19 2.4929e-13   6292.87 1 
  6263.92 2.5783e-13   6295.62 1 
  6266.66 2.6045e-13   6298.37 1 
  6269.40 2.6017e-13   6301.12 1 
  6272.13 2.6612e-13   6303.87 1 
  6274.87 2.6043e-13   6306.62 1 
  6277.61 2.6067e-13   6309.37 1 
  6280.34 2.5862e-13   6312.12 1 
  6283.08 2.5877e-13   6314.87 1 
  6285.81 2.6651e-13   6317.62 1 
  6288.55 2.7102e-13   6320.37 1 
  6291.29 2.7023e-13   6323.12 1 
  6294.02 2.7271e-13   6325.87 1 
  6296.76 2.7171e-13   6328.62 1 
  6299.49 2.7300e-13   6331.37 1 
  6302.23 2.7071e-13   6334.12 1 
  6304.97 2.6648e-13   6336.87 1 
  6307.70 2.6760e-13   6339.62 1 
  6310.44 2.6988e-13   6342.37 1 
  6313.18 2.6629e-13   6345.12 1 
  6315.91 2.7074e-13   6347.87 1 
  6318.65 2.5702e-13   6350.62 1 
  6321.38 2.6517e-13   6353.37 1 
  6324.12 2.6196e-13   6356.12 1 
  6326.86 2.6837e-13   6358.87 1 
  6329.59 2.7218e-13   6361.62 1 
  6332.33 2.7012e-13   6364.37 1 
  6335.06 2.6753e-13   6367.12 1 
  6337.80 2.6615e-13   6369.87 1 
  6340.54 2.6556e-13   6372.62 1 
  6343.27 2.6917e-13   6375.37 1 
  6346.01 2.6860e-13   6378.12 1 
  6348.75 2.6860e-13   6380.87 1 
  6351.48 2.6951e-13   6383.62 1 
  6354.22 2.7515e-13   6386.37 1 
  6356.95 2.6488e-13   6389.12 1 
  6359.69 2.6132e-13   6391.87 1 
  6362.43 2.6129e-13   6394.62 1 
  6365.16 2.6351e-13   6397.37 1 
  6367.90 2.6946e-13   6400.12 1 
  6370.63 2.7347e-13   6402.87 1 
  6373.37 2.7464e-13   6405.62 1 
  6376.11 2.7643e-13   6408.37 1 
  6378.84 2.7434e-13   6411.12 1 
  6381.58 2.7352e-13   6413.87 1 
  6384.32 2.7509e-13   6416.62 1 
  6387.05 2.7656e-13   6419.37 1 
  6389.79 2.7489e-13   6422.12 1 
  6392.52 2.7248e-13   6424.87 1 
  6395.26 2.7043e-13   6427.62 1 
  6398.00 2.6718e-13   6430.37 1 
  6400.73 2.6573e-13   6433.12 1 
  6403.47 2.7227e-13   6435.87 1 
  6406.20 2.7365e-13   6438.62 1 
  6408.94 2.7241e-13   6441.37 1 
  6411.68 2.6751e-13   6444.12 1 
  6414.41 2.6755e-13   6446.87 1 
  6417.15 2.6928e-13   6449.62 1 
  6419.89 2.6641e-13   6452.37 1 
  6422.62 2.7284e-13   6455.12 1 
  6425.36 2.7293e-13   6457.87 1 
  6428.09 2.7428e-13   6460.62 1 
  6430.83 2.7596e-13   6463.37 1 
  6433.57 2.7190e-13   6466.12 1 
  6436.30 2.7065e-13   6468.87 1 
  6439.04 2.7259e-13   6471.62 1 
  6441.77 2.7458e-13   6474.37 1 
  6444.51 2.7193e-13   6477.12 1 
  6447.25 2.7348e-13   6479.87 1 
  6449.98 2.7124e-13   6482.62 1 
  6452.72 2.6817e-13   6485.37 1 
  6455.46 2.7241e-13   6488.12 1 
  6458.19 2.7650e-13   6490.87 1 
  6460.93 2.7708e-13   6493.62 1 
  6463.66 2.7988e-13   6496.37 1 
  6466.40 2.7644e-13   6499.12 1 
  6469.14 2.7574e-13   6501.87 1 
  6471.87 2.7695e-13   6504.62 1 
  6474.61 2.7965e-13   6507.37 1 
  6477.34 2.7648e-13   6510.12 1 
  6480.08 2.7866e-13   6512.87 1 
  6482.82 2.7449e-13   6515.62 1 
  6485.55 2.7352e-13   6518.37 1 
  6488.29 2.7295e-13   6521.12 1 
  6491.03 2.6728e-13   6523.87 1 
  6493.76 2.5996e-13   6526.62 1 
  6496.50 2.5889e-13   6529.37 1 
  6499.23 2.6091e-13   6532.12 1 
  6501.97 2.6150e-13   6534.87 1 
  6504.71 2.6617e-13   6537.62 1 
  6507.44 2.7487e-13   6540.37 1 
  6510.18 2.7756e-13   6543.12 1 
  6512.91 2.7761e-13   6545.87 1 
  6515.65 2.7766e-13   6548.62 1 
  6518.39 2.8010e-13   6551.37 1 
  6521.12 2.7850e-13   6554.12 1 
  6523.86 2.7532e-13   6556.87 1 
  6526.60 2.7569e-13   6559.62 1 
  6529.33 2.7929e-13   6562.37 1 
  6532.07 2.7718e-13   6565.12 1 
  6534.80 2.7743e-13   6567.87 1 
  6537.54 2.8262e-13   6570.62 1 
  6540.28 2.9093e-13   6573.37 1 
  6543.01 2.9547e-13   6576.12 1 
  6545.75 2.9927e-13   6578.87 1 
  6548.48 2.9760e-13   6581.62 1 
  6551.22 2.9560e-13   6584.37 1 
  6553.96 2.9151e-13   6587.12 1 
  6556.69 2.9388e-13   6589.87 1 
  6559.43 3.0311e-13   6592.62 1 
  6562.17 3.1520e-13   6595.37 1 
  6564.90 3.1262e-13   6598.12 1 
  6567.64 2.9393e-13   6600.87 1 
  6570.37 2.8622e-13   6603.62 1 
  6573.11 2.8111e-13   6606.37 1 
  6575.85 2.9278e-13   6609.12 1 
  6578.58 3.1016e-13   6611.87 1 
  6581.32 3.4169e-13   6614.62 1 
  6584.05 3.5026e-13   6617.37 1 
  6586.79 3.4180e-13   6620.12 1 
  6589.53 3.1347e-13   6622.87 1 
  6592.26 2.9425e-13   6625.62 1 
  6595.00 2.7935e-13   6628.37 1 
  6597.74 2.7409e-13   6631.12 1 
  6600.47 2.7355e-13   6633.87 1 
  6603.21 2.7356e-13   6636.62 1 
  6605.94 2.6867e-13   6639.37 1 
  6608.68 2.6991e-13   6642.12 1 
  6611.42 2.7179e-13   6644.87 1 
  6614.15 2.7259e-13   6647.62 1 
  6616.89 2.7596e-13   6650.37 1 
  6619.62 2.7673e-13   6653.12 1 
  6622.36 2.7564e-13   6655.87 1 
  6625.10 2.7283e-13   6658.62 1 
  6627.83 2.7329e-13   6661.37 1 
  6630.57 2.6938e-13   6664.12 1 
  6633.31 2.6562e-13   6666.87 1 
  6636.04 2.6601e-13   6669.62 1 
  6638.78 2.6550e-13   6672.37 1 
  6641.51 2.7126e-13   6675.12 1 
  6644.25 2.7022e-13   6677.87 1 
  6646.99 2.6991e-13   6680.62 1 
  6649.72 2.6830e-13   6683.37 1 
  6652.46 2.6525e-13   6686.12 1 
  6655.19 2.6723e-13   6688.87 1 
  6657.93 2.7127e-13   6691.62 1 
  6660.67 2.6567e-13   6694.37 1 
  6663.40 2.6516e-13   6697.12 1 
  6666.14 2.6619e-13   6699.87 1 
  6668.88 2.6522e-13   6702.62 1 
  6671.61 2.6421e-13   6705.37 1 
  6674.35 2.6460e-13   6708.12 1 
  6677.08 2.6458e-13   6710.87 1 
  6679.82 2.6445e-13   6713.62 1 
  6682.56 2.6583e-13   6716.37 1 
  6685.29 2.6674e-13   6719.12 1 
  6688.03 2.6532e-13   6721.87 1 
  6690.76 2.6654e-13   6724.62 1 
  6693.50 2.6684e-13   6727.37 1 
  6696.24 2.6724e-13   6730.12 1 
  6698.97 2.6796e-13   6732.87 1 
  6701.71 2.6635e-13   6735.62 1 
  6704.45 2.6523e-13   6738.37 1 
  6707.18 2.6850e-13   6741.12 1 
  6709.92 2.7573e-13   6743.87 1 
  6712.65 2.8343e-13   6746.62 1 
  6715.39 2.8749e-13   6749.37 1 
  6718.13 2.8680e-13   6752.12 1 
  6720.86 2.8409e-13   6754.87 1 
  6723.60 2.8033e-13   6757.62 1 
  6726.33 2.8202e-13   6760.37 1 
  6729.07 2.8484e-13   6763.12 1 
  6731.81 2.8465e-13   6765.87 1 
  6734.54 2.7684e-13   6768.62 1 
  6737.28 2.6993e-13   6771.37 1 
  6740.02 2.6613e-13   6774.12 1 
  6742.75 2.6234e-13   6776.87 1 
  6745.49 2.5837e-13   6779.62 1 
  6748.22 2.5904e-13   6782.37 1 
  6750.96 2.5719e-13   6785.12 1 
  6753.70 2.5487e-13   6787.87 1 
  6756.43 2.5667e-13   6790.62 1 
  6759.17 2.5963e-13   6793.37 1 
  6761.90 2.6060e-13   6796.12 1 
  6764.64 2.6121e-13   6798.87 1 
  6767.38 2.5861e-13   6801.62 1 
  6770.11 2.5794e-13   6804.37 1 
  6772.85 2.6053e-13   6807.12 1 
  6775.59 2.6006e-13   6809.87 1 
  6778.32 2.6204e-13   6812.62 1 
  6781.06 2.6254e-13   6815.37 1 
  6783.79 2.5644e-13   6818.12 1 
  6786.53 2.5413e-13   6820.87 1 
  6789.27 2.5650e-13   6823.62 1 
  6792.00 2.6799e-13   6826.37 1 
  6794.74 2.6289e-13   6829.12 1 
  6804.69 2.6365e-13   6839.12 0 
  6820.37 2.6363e-13   6854.88 0 
  6836.09 2.6482e-13   6870.68 0 
  6851.85 2.6419e-13   6886.52 0 
  6867.65 2.5345e-13   6902.40 0 
  6883.48 2.5992e-13   6918.31 0 
  6899.35 2.6291e-13   6934.26 0 
  6915.25 2.6228e-13   6950.24 0 
  6931.19 2.6408e-13   6966.26 0 
  6947.17 2.6897e-13   6982.33 0 
  6963.19 2.6771e-13   6998.42 0 
  6979.24 2.7203e-13   7014.55 0 
  6995.32 2.6766e-13   7030.72 0 
  7011.45 2.6155e-13   7046.93 0 
  7027.62 2.7196e-13   7063.18 0 
  7043.81 2.6821e-13   7079.46 0 
  7060.05 2.6511e-13   7095.78 0 
  7076.33 2.5609e-13   7112.14 0 
  7092.64 2.5198e-13   7128.53 0 
  7108.99 2.5312e-13   7144.96 0 
  7125.38 2.5309e-13   7161.43 0 
  7141.80 2.4960e-13   7177.94 0 
  7158.27 2.5131e-13   7194.49 0 
  7174.77 2.4955e-13   7211.08 0 
  7191.31 2.4106e-13   7227.70 0 
  7207.89 2.4159e-13   7244.36 0 
  7224.50 2.5648e-13   7261.06 0 
  7241.16 2.5294e-13   7277.80 0 
  7257.85 2.5233e-13   7294.57 0 
  7274.58 2.6481e-13   7311.39 0 
  7291.35 2.5229e-13   7328.25 0 
  7308.16 2.5873e-13   7345.14 0 
  7325.01 2.6050e-13   7362.07 0 
  7341.89 2.6839e-13   7379.04 0 
  7358.82 2.6530e-13   7396.05 0 
  7375.78 2.7083e-13   7413.10 0 
  7392.78 2.6342e-13   7430.19 0 
  7409.83 2.7581e-13   7447.32 0 
  7426.91 2.7075e-13   7464.49 0 
  7444.03 2.7831e-13   7481.70 0 
  7461.19 2.8022e-13   7498.94 0 
  7478.39 2.7318e-13   7516.23 0 
  7495.63 2.7696e-13   7533.56 0 
  7512.91 2.7376e-13   7550.92 0 
  7530.23 2.7437e-13   7568.33 0 
  7547.59 2.8073e-13   7585.78 0 
  7564.98 2.7306e-13   7603.26 0 
  7582.42 2.7619e-13   7620.79 0 
  7599.90 2.6679e-13   7638.36 0 
  7617.42 2.6615e-13   7655.97 0 
  7634.98 2.7358e-13   7673.61 0 
  7652.58 2.6794e-13   7691.30 0 
  7670.22 2.4661e-13   7709.04 0 
  7687.91 2.5880e-13   7726.81 0 
  7705.63 2.5877e-13   7744.62 0 
  7723.39 2.5286e-13   7762.47 0 
  7741.20 2.5694e-13   7780.37 0 
  7759.04 2.4992e-13   7798.30 0 
  7776.92 2.5630e-13   7816.28 0 
  7794.86 2.5160e-13   7834.30 0 
  7812.82 2.5803e-13   7852.36 0 
  7830.83 2.6159e-13   7870.46 0 
  7848.89 2.5917e-13   7888.60 0 
  7866.98 2.6335e-13   7906.79 0 
  7885.11 2.5793e-13   7925.01 0 
  7903.29 2.4915e-13   7943.28 0 
  7921.51 2.4458e-13   7961.59 0 
  7939.77 2.4625e-13   7979.95 0 
  7958.08 2.4965e-13   7998.34 0 
  7976.42 2.5662e-13   8016.78 0 
  7994.81 2.5133e-13   8035.26 0 
  8013.24 2.5716e-13   8053.78 0 
  8031.71 2.5772e-13   8072.35 0 
  8050.22 2.6309e-13   8090.96 0 
  8068.78 2.6367e-13   8109.61 0 
  8087.38 2.5705e-13   8128.31 0 
  8106.03 2.5002e-13   8147.04 0 
  8124.71 2.5289e-13   8165.82 0 
  8143.44 2.5638e-13   8184.65 0 
  8162.21 2.5342e-13   8203.52 0 
  8181.03 2.6110e-13   8222.43 0 
  8199.89 2.5987e-13   8241.38 0 
  8218.79 2.6104e-13   8260.38 0 
  8237.74 2.2629e-13   8279.42 0 
  8256.73 2.6584e-13   8298.51 0 
  8275.76 2.6704e-13   8317.64 0 
  8294.84 2.5441e-13   8336.81 0 
  8313.96 2.4182e-13   8356.03 0 
  8333.13 2.5377e-13   8375.29 0 
  8352.34 2.5492e-13   8394.60 0 
  8371.59 2.5314e-13   8413.95 0 
  8390.89 2.4061e-13   8433.35 0 
  8410.23 2.5192e-13   8452.79 0 
  8429.62 2.5189e-13   8472.27 0 
  8449.05 2.4276e-13   8491.80 0 
  8468.53 2.4554e-13   8511.38 0 
  8488.05 2.4608e-13   8531.00 0 
  8507.62 1.8115e-13   8550.67 0 
  8527.23 2.3768e-13   8570.38 0 
  8546.89 2.0274e-13   8590.14 0 
  8566.59 2.4093e-13   8609.94 0 
  8586.34 2.4595e-13   8629.79 0 
  8606.13 2.3757e-13   8649.68 0 
  8625.97 2.4420e-13   8669.62 0 
  8645.85 2.4587e-13   8689.60 0 
  8665.79 2.3103e-13   8709.64 0 
  8685.76 2.3153e-13   8729.71 0 
  8705.78 2.4075e-13   8749.84 0 
  8725.86 2.4520e-13   8770.01 0 
  8745.97 2.3794e-13   8790.23 0 
  8766.13 2.4067e-13   8810.49 0 
  8786.34 2.4796e-13   8830.80 0 
  8806.59 2.4622e-13   8851.16 0 
  8826.90 2.4847e-13   8871.56 0 
  8847.24 2.3672e-13   8892.01 0 
  8867.64 2.4109e-13   8912.51 0 
  8888.08 2.2706e-13   8933.05 0 
  8908.57 2.3339e-13   8953.65 0 
  8929.11 2.3123e-13   8974.29 0 
  8949.69 2.3334e-13   8994.98 0 
  8970.32 2.2800e-13   9015.71 0 
  8991.00 2.3062e-13   9036.50 0 
  9011.73 2.2021e-13   9057.33 0 
  9032.50 2.1617e-13   9078.20 0 
  9053.32 2.4817e-13   9099.13 0 
  9074.19 2.4138e-13   9120.11 0 
  9095.11 2.2732e-13   9141.13 0 
  9116.08 2.2470e-13   9162.20 0 
  9137.09 2.3744e-13   9183.33 0 
  9158.15 2.3200e-13   9204.50 0 
  9179.27 2.2001e-13   9225.71 0 
  9200.43 2.3302e-13   9246.98 0 
  9221.64 2.2098e-13   9268.30 0 
  9242.89 2.2454e-13   9289.66 0 
  9264.20 2.2503e-13   9311.08 0 
  9285.56 2.3399e-13   9332.54 0 
  9306.96 2.0756e-13   9354.06 0 
  9328.42 2.3719e-13   9375.62 0 
  9349.92 2.3661e-13   9397.23 0 
  9371.48 2.3280e-13   9418.90 0 
  9393.08 2.3601e-13   9440.61 0 
  9414.73 2.3168e-13   9462.37 0 
  9436.44 2.3705e-13   9484.18 0 
  9458.19 2.3431e-13   9506.05 0 
  9480.00 2.3863e-13   9527.96 0 
  9501.85 2.3425e-13   9549.93 0 
  9523.75 2.3530e-13   9571.94 0 
  9545.71 2.3045e-13   9594.01 0 
  9567.71 2.3417e-13   9616.12 0 
  9589.76 2.3740e-13   9638.29 0 
  9611.87 2.3465e-13   9660.51 0 
  9634.03 2.3570e-13   9682.78 0 
  9656.24 2.3191e-13   9705.10 0 
  9678.50 2.3188e-13   9727.47 0 
  9700.81 2.3454e-13   9749.90 0 
  9723.17 2.2864e-13   9772.37 0 
  9745.59 2.2809e-13   9794.90 0 
  9768.06 2.2911e-13   9817.48 0 
  9790.57 2.2594e-13   9840.11 0 
  9813.14 2.3064e-13   9862.79 0 
  9835.76 2.2903e-13   9885.53 0 
  9858.44 2.2953e-13   9908.32 0 
  9881.16 2.2792e-13   9931.16 0 
  9903.94 2.2528e-13   9954.05 0 
  9926.77 2.2681e-13   9977.00 0 
  9949.65 2.2731e-13  10000.00 0 
  9972.59 2.2728e-13  10023.05 0 
  9995.58 2.2621e-13  10046.15 0 
 10018.62 2.2618e-13  10069.31 0 
 10064.87 2.2302e-13  10115.80 0 
 10134.63 2.2500e-13  10185.91 0 
 10181.42 2.2288e-13  10232.94 0 
 10228.41 2.2282e-13  10280.17 0 
 10275.62 2.2328e-13  10327.61 0 
 10299.30 2.2171e-13  10351.42 0 
 10490.78 2.1495e-13  10543.86 0 
 10710.46 2.0652e-13  10764.65 0 
 10909.58 1.9951e-13  10964.78 0 
 11112.40 1.9141e-13  11168.63 0 
 11292.96 1.8705e-13  11350.10 0 
 11502.92 1.8534e-13  11561.13 0 
 11689.83 1.8028e-13  11748.98 0 
 11907.16 1.7416e-13  11967.41 0 
 12100.63 1.7059e-13  12161.86 0 
 12297.25 1.6748e-13  12359.47 0 
 12497.06 1.6291e-13  12560.30 0 
 12700.12 1.5921e-13  12764.39 0 
 12906.48 1.5558e-13  12971.79 0 
 13086.03 1.5239e-13  13152.25 0 
 13298.66 1.4824e-13  13365.95 0 
 13514.75 1.4553e-13  13583.13 0 
 13702.76 1.4288e-13  13772.09 0 
 13893.38 1.3803e-13  13963.68 0 
 14086.66 1.3273e-13  14157.94 0 
 14315.55 1.3060e-13  14387.99 0 
 14514.70 1.3091e-13  14588.14 0 
 14716.62 1.2675e-13  14791.09 0 
 14887.03 1.2763e-13  14962.36 0 
 15094.14 1.2793e-13  15170.51 0 
 15304.10 1.2971e-13  15381.54 0 
 15517.00 1.2852e-13  15595.52 0 
 15696.69 1.2646e-13  15776.11 0 
 15915.05 1.2217e-13  15995.58 0 
 16099.34 1.2273e-13  16180.80 0 
 16285.77 1.2161e-13  16368.17 0 
 16512.31 1.1966e-13  16595.86 0 
 16703.52 1.1802e-13  16788.04 0 
 16896.94 1.1560e-13  16982.44 0 
 17092.60 1.1271e-13  17179.09 0 
 17290.51 1.0838e-13  17378.00 0 
 17490.73 1.0494e-13  17579.23 0 
 17693.27 1.0092e-13  17782.79 0 
 17898.15 9.7490e-14  17988.71 0 
 18105.40 9.3102e-14  18197.02 0 
 18315.04 9.0565e-14  18407.71 0 
 18484.52 8.7490e-14  18578.05 0 
 18698.56 8.3938e-14  18793.18 0 
 18915.06 8.1463e-14  19010.77 0 
 19090.09 7.9792e-14  19186.69 0 
 19311.15 7.7083e-14  19408.86 0 
 19489.82 7.3953e-14  19588.44 0 
 19715.51 7.1607e-14  19815.27 0 
 19897.94 6.9336e-14  19998.62 0 
 20082.04 6.8070e-14  20183.66 0 
 20314.59 6.5608e-14  20417.38 0 
 20502.56 6.4559e-14  20606.30 0 
 20692.26 6.2800e-14  20796.96 0 
 20883.73 6.1088e-14  20989.40 0 
 21076.97 5.9973e-14  21183.62 0 
 21321.01 5.8473e-14  21428.90 0 
 21518.30 5.7142e-14  21627.19 0 
 21717.42 5.5202e-14  21827.31 0 
 21918.35 5.4070e-14  22029.26 0 
 22121.17 5.2476e-14  22233.11 0 
 22274.50 5.1046e-14  22387.21 0 
 22480.61 4.9769e-14  22594.36 0 
 22688.61 4.8413e-14  22803.41 0 
 22898.55 4.3447e-14  23014.42 0 
 23110.44 4.2949e-14  23227.38 0 
 23324.26 3.7580e-14  23442.28 0 
 23485.95 3.5478e-14  23604.79 0 
 23703.25 3.5971e-14  23823.19 0 
 23922.58 3.3034e-14  24043.63 0 
 24088.39 3.1986e-14  24210.28 0 
 24311.29 3.1620e-14  24434.31 0 
 24479.80 2.9577e-14  24603.66 0 
 24706.32 2.9171e-14  24831.33 0 
 24877.56 2.4658e-14  25003.44 0 
 25107.76 2.4320e-14  25234.80 0 
 25281.81 2.4488e-14  25409.74 0 
 25515.73 2.4264e-14  25644.84 0 
 25692.61 2.4658e-14  25822.61 0 
 25870.69 2.4152e-14  26001.59 0 
 26110.08 2.4097e-14  26242.20 0 
 26291.05 2.3440e-14  26424.08 0 
 26473.31 2.3172e-14  26607.26 0 
 26718.24 2.2749e-14  26853.44 0 
 26903.46 2.2385e-14  27039.59 0 
 27089.93 2.2027e-14  27227.01 0 
 27277.73 2.1526e-14  27415.75 0 
 27530.11 2.1230e-14  27669.41 0 
 27720.95 2.0699e-14  27861.22 0 
 27913.09 2.0415e-14  28054.33 0 
 28106.60 1.9997e-14  28248.81 0 
 28301.41 1.9677e-14  28444.61 0 
 28497.57 1.9229e-14  28641.77 0 
 28695.12 1.8835e-14  28840.32 0 
 28894.01 1.8534e-14  29040.21 0 
 29094.31 1.8153e-14  29241.53 0 
 29295.97 1.7740e-14  29444.21 0 
 29499.06 1.7416e-14  29648.32 0 
 29703.52 1.7099e-14  29853.82 0 
 29909.43 1.6748e-14  30060.77 0 
 30116.74 1.6442e-14  30269.13 0 
 30325.52 1.6142e-14  30478.96 0 
 30465.48 1.5921e-14  30619.64 0 
 30676.65 1.5666e-14  30831.87 0 
 30889.30 1.5380e-14  31045.60 0 
 31103.40 1.5134e-14  31260.79 0 
 31319.02 1.4927e-14  31477.49 0 
 31536.10 1.4654e-14  31695.67 0 
 31681.65 1.4387e-14  31841.96 0 
 31901.28 1.4189e-14  32062.70 0 
 32122.39 1.3962e-14  32284.93 0 
 32270.68 1.3739e-14  32433.97 0 
 32494.36 1.3551e-14  32658.78 0 
 32719.62 1.3426e-14  32885.18 0 
 32870.63 1.3426e-14  33036.96 0 
 33098.46 1.3242e-14  33265.94 0 
 33327.91 1.2705e-14  33496.55 0 
 33481.73 1.2387e-14  33651.15 0 
 33713.84 1.2105e-14  33884.43 0 
 33869.44 1.1857e-14  34040.82 0 
 34104.20 1.1613e-14  34276.77 0 
 34261.64 1.1401e-14  34435.01 0 
 34499.12 1.1193e-14  34673.68 0 
 34738.28 1.0989e-14  34914.05 0 
 34898.61 1.0764e-14  35075.20 0 
 35059.68 1.0567e-14  35237.08 0 
 35302.72 1.0350e-14  35481.36 0 
 35465.66 1.0162e-14  35645.12 0 
 35711.48 9.9760e-15  35892.18 0 
 35876.34 9.7714e-15  36057.88 0 
 36125.01 9.6152e-15  36307.80 0 
 36291.74 9.4180e-15  36475.38 0 
 36459.29 9.2248e-15  36643.77 0 
 36711.99 9.0565e-15  36897.75 0 
 36881.43 8.8503e-15  37068.05 0 
 37137.11 8.6888e-15  37325.02 0 
 37308.51 8.5498e-15  37497.29 0 
 37480.75 8.3360e-15  37670.40 0 
 37740.53 8.2216e-15  37931.50 0 
 37914.72 8.0716e-15  38106.57 0 
 38089.76 7.9243e-15  38282.49 0 
 38265.56 7.7796e-15  38459.18 0 
 38530.78 7.6552e-15  38725.75 0 
 38708.66 7.4810e-15  38904.53 0 
 38887.32 7.3614e-15  39084.09 0 
 39066.80 7.2270e-15  39264.48 0 
 39337.62 7.0951e-15  39536.67 0 
 39519.19 6.9496e-15  39719.15 0 
 39701.59 6.8227e-15  39902.48 0 
 39884.87 6.6674e-15  40086.69 0 
 40068.96 6.5759e-15  40271.71 0 
 40253.89 6.4708e-15  40457.58 0 
 40532.94 6.3381e-15  40738.04 0 
 40720.02 6.2367e-15  40926.07 0 
 40907.96 6.1229e-15  41114.96 0 
 41096.82 6.0250e-15  41304.77 0 
 41286.50 5.9287e-15  41495.41 0 
 41477.05 5.8339e-15  41686.93 0 
 41668.54 5.7274e-15  41879.38 0 
 41860.85 5.6358e-15  42072.67 0 
 42054.06 5.5330e-15  42266.86 0 
 42345.59 5.4571e-15  42559.86 0 
 42541.04 5.3575e-15  42756.29 0 
 42737.38 5.2839e-15  42953.63 0 
 42934.68 5.0694e-15  43151.93 0 
 43132.85 4.8524e-15  43351.10 0 
 43331.92 4.8413e-15  43551.18 0 
 43531.92 4.6447e-15  43752.19 0 
 43732.89 4.5390e-15  43954.18 0 
 43934.73 4.4561e-15  44157.04 0 
 44137.51 4.3148e-15  44360.85 0 
 44341.27 4.2360e-15  44565.64 0 
 44545.93 4.1683e-15  44771.33 0 
 44648.61 4.0640e-15  44874.54 0 
 44854.68 4.0268e-15  45081.65 0 
 45061.76 3.9624e-15  45289.77 0 
 45269.74 3.8811e-15  45498.80 0 
 45478.68 3.8455e-15  45708.80 0 
 45688.64 3.7928e-15  45919.82 0 
 45899.51 3.6894e-15  46131.76 0 
 46111.36 3.6809e-15  46344.68 0 
 46324.23 3.6221e-15  46558.63 0 
 46538.04 3.5724e-15  46773.52 0 
 46752.83 3.5560e-15  46989.40 0 
 46860.60 3.4911e-15  47097.72 0 
 47076.94 3.4353e-15  47315.15 0 
 47294.22 3.4273e-15  47533.53 0 
 47512.50 3.3571e-15  47752.92 0 
 47731.85 3.3263e-15  47973.37 0 
 47952.15 3.2882e-15  48194.79 0 
 48062.69 3.2134e-15  48305.88 0 
 48284.52 3.2208e-15  48528.84 0 
 48507.42 3.1547e-15  48752.87 0 
 48731.31 3.1043e-15  48977.89 0 
 48956.23 3.0687e-15  49203.95 0 
 49069.07 3.0197e-15  49317.36 0 
 49295.60 2.9989e-15  49545.04 0 
 49523.12 2.9509e-15  49773.71 0 
 49751.70 2.9306e-15  50003.44 0 
 49866.38 2.8771e-15  50118.70 0 
 50096.59 2.8507e-15  50350.08 0 
 50327.81 2.8116e-15  50582.46 0 
 50443.82 2.7667e-15  50699.06 0 
 50676.64 2.7413e-15  50933.06 0 
 50793.51 2.7224e-15  51050.52 0 
 50910.59 2.7162e-15  51168.20 0 
 51027.94 2.6913e-15  51286.14 0 
 51145.56 2.6666e-15  51404.36 0 
 51263.46 2.6544e-15  51522.85 0 
 51381.63 2.6361e-15  51641.62 0 
 51500.12 2.6119e-15  51760.71 0 
 51618.83 2.5999e-15  51880.02 0 
 51737.82 2.5939e-15  51999.61 0 
 51857.08 2.5642e-15  52119.47 0 
 51976.61 2.5466e-15  52239.61 0 
 52096.42 2.5349e-15  52360.03 0 
 52216.50 2.5116e-15  52480.72 0 
 52336.93 2.4944e-15  52601.75 0 
 52457.56 2.4772e-15  52723.00 0 
 52578.48 2.4715e-15  52844.53 0 
 52699.68 2.4658e-15  52966.34 0 
 52821.16 2.4432e-15  53088.43 0 
 52942.91 2.4208e-15  53210.80 0 
 53065.01 2.4041e-15  53333.52 0 
 53187.33 2.3876e-15  53456.46 0 
 53309.93 2.3766e-15  53579.68 0 
 53432.81 2.3657e-15  53703.18 0 
 53555.98 2.3494e-15  53826.97 0 
 53679.43 2.3332e-15  53951.05 0 
 53803.16 2.3225e-15  54075.41 0 
 53927.24 2.3118e-15  54200.11 0 
 54051.55 2.2959e-15  54325.05 0 
 54176.14 2.2801e-15  54450.27 0 
 54301.02 2.2592e-15  54575.79 0 
 54426.19 2.2488e-15  54701.59 0 
 54551.64 2.2385e-15  54827.68 0 
 54677.39 2.2231e-15  54954.06 0 
 54803.49 2.2027e-15  55080.79 0 
 54929.81 2.1926e-15  55207.76 0 
 55056.43 2.1775e-15  55335.02 0 
 55183.34 2.1675e-15  55462.57 0 
 55310.54 2.1675e-15  55590.41 0 
 55438.03 2.1476e-15  55718.55 0 
 55565.88 2.1230e-15  55847.05 0 
 55693.97 2.1230e-15  55975.78 0 
 55822.35 2.1084e-15  56104.81 0 
 55951.02 2.0939e-15  56234.13 0 
 56079.99 2.0843e-15  56363.76 0 
 56209.26 2.0747e-15  56493.68 0 
 56338.83 2.0557e-15  56623.90 0 
 56468.75 2.0510e-15  56754.48 0 
 56598.92 2.0462e-15  56885.31 0 
 56729.38 2.0322e-15  57016.43 0 
 56860.15 2.0182e-15  57147.86 0 
 56991.21 2.0043e-15  57279.59 0 
 57122.58 2.0043e-15  57411.62 0 
 57254.32 1.9951e-15  57544.02 0 
 57386.29 1.9859e-15  57676.67 0 
 57518.57 1.9768e-15  57809.62 0 
 57651.16 1.9677e-15  57942.87 0 
 57784.05 1.9587e-15  58076.43 0 
 57917.24 1.9542e-15  58210.30 0 
 58050.75 1.9452e-15  58344.48 0 
 58184.62 1.9362e-15  58479.04 0 
 58318.74 1.9318e-15  58613.83 0 
 58453.17 1.9273e-15  58748.94 0 
 58587.91 1.9229e-15  58884.36 0 
 58722.96 1.9185e-15  59020.09 0 
 58858.32 1.9141e-15  59156.14 0 
 58993.99 1.9141e-15  59292.50 0 
 59130.04 1.9097e-15  59429.24 0 
 59266.34 1.9141e-15  59566.23 0 
 59402.95 1.9141e-15  59703.53 0 
 59539.88 1.9141e-15  59841.15 0 
 59677.12 1.9229e-15  59979.09 0 
 59814.69 1.9318e-15  60117.35 0 
 59952.63 1.9362e-15  60255.99 0 
 60090.82 1.9497e-15  60394.88 0 
 60229.34 1.9632e-15  60534.10 0 
 60368.17 1.9813e-15  60673.63 0 
 60507.32 1.9951e-15  60813.49 0 
 60646.80 2.0182e-15  60953.67 0 
 60786.59 2.0510e-15  61094.17 0 
 60926.77 2.0843e-15  61235.06 0 
 61067.21 2.1230e-15  61376.21 0 
 61207.98 2.1725e-15  61517.69 0 
 61349.07 2.2385e-15  61659.50 0 
 61490.48 2.2959e-15  61801.62 0 
 61632.22 2.3766e-15  61944.08 0 
 61774.36 2.4601e-15  62086.93 0 
 61916.75 2.5525e-15  62230.05 0 
 62059.48 2.6544e-15  62373.50 0 
 62202.52 2.7540e-15  62517.27 0 
 62345.90 2.8376e-15  62661.38 0 
 62489.62 2.9104e-15  62805.82 0 
 62633.66 2.9577e-15  62950.59 0 
 62778.10 2.9782e-15  63095.76 0 
 62922.81 2.9509e-15  63241.20 0 
 63067.85 2.8971e-15  63386.98 0 
 63213.23 2.8181e-15  63533.09 0 
 63358.94 2.7476e-15  63679.54 0 
 63504.99 2.6544e-15  63826.32 0 
 63651.44 2.5701e-15  63973.52 0 
 63798.16 2.4772e-15  64120.98 0 
 63945.22 2.3931e-15  64268.79 0 
 64092.62 2.3118e-15  64416.93 0 
 64240.36 2.2592e-15  64565.41 0 
 64388.44 2.1976e-15  64714.24 0 
 64536.86 2.1427e-15  64863.41 0 
 64685.69 2.0939e-15  65013.00 0 
 64834.80 2.0415e-15  65162.86 0 
 64984.24 1.9997e-15  65313.06 0 
 65134.04 1.9587e-15  65463.61 0 
 65284.18 1.9229e-15  65614.52 0 
 65434.66 1.8922e-15  65765.76 0 
 65585.49 1.8662e-15  65917.35 0 
 65736.74 1.8491e-15  66069.37 0 
 65888.27 1.8321e-15  66221.66 0 
 66040.15 1.8153e-15  66374.31 0 
 66192.38 1.8028e-15  66527.31 0 
 66344.95 1.7904e-15  66680.66 0 
 66497.88 1.7781e-15  66834.36 0 
 66651.24 1.7659e-15  66988.49 0 
 66804.87 1.7578e-15  67142.91 0 
 66958.87 1.7457e-15  67297.68 0 
 67113.21 1.7376e-15  67452.80 0 
 67267.91 1.7296e-15  67608.29 0 
 67422.96 1.7177e-15  67764.12 0 
 67578.38 1.7099e-15  67920.33 0 
 67734.23 1.6981e-15  68076.96 0 
 67890.37 1.6864e-15  68233.89 0 
 68046.85 1.6786e-15  68391.17 0 
 68203.71 1.6671e-15  68548.82 0 
 68360.92 1.6594e-15  68706.83 0 
 68518.50 1.6518e-15  68865.20 0 
 68676.51 1.6442e-15  69024.02 0 
 68834.82 1.6404e-15  69183.12 0 
 68993.49 1.6329e-15  69342.59 0 
 69152.52 1.6291e-15  69502.43 0 
 69311.92 1.6254e-15  69662.64 0 
 69471.69 1.6217e-15  69823.22 0 
 69631.83 1.6179e-15  69984.16 0 
 69792.41 1.6142e-15  70145.56 0 
 69953.29 1.6105e-15  70307.25 0 
 70114.53 1.6068e-15  70469.31 0 
 70276.15 1.6068e-15  70631.75 0 
 70438.15 1.6031e-15  70794.56 0 
 70600.51 1.6031e-15  70957.75 0 
 70763.33 1.6068e-15  71121.39 0 
 70926.44 1.6068e-15  71285.33 0 
 71089.93 1.6142e-15  71449.65 0 
 71253.80 1.6179e-15  71614.34 0 
 71418.05 1.6254e-15  71779.42 0 
 71582.67 1.6329e-15  71944.88 0 
 71747.68 1.6442e-15  72110.72 0 
 71913.14 1.6556e-15  72277.02 0 
 72078.90 1.6671e-15  72443.62 0 
 72245.05 1.6786e-15  72610.61 0 
 72411.57 1.6981e-15  72777.98 0 
 72578.49 1.7177e-15  72945.73 0 
 72745.79 1.7457e-15  73113.88 0 
 72913.47 1.7781e-15  73282.41 0 
 73081.62 1.8153e-15  73451.41 0 
 73250.08 1.8534e-15  73620.73 0 
 73418.93 1.8965e-15  73790.43 0 
 73588.17 1.9362e-15  73960.52 0 
 73757.79 1.9859e-15  74131.01 0 
 73927.81 2.0415e-15  74301.88 0 
 74098.30 2.0939e-15  74473.23 0 
 74269.10 2.1526e-15  74644.90 0 
 74440.29 2.2078e-15  74816.96 0 
 74611.89 2.2592e-15  74989.42 0 
 74783.87 2.3225e-15  75162.27 0 
 74956.25 2.4097e-15  75335.53 0 
 75129.03 2.5001e-15  75509.19 0 
 75302.29 2.5761e-15  75683.32 0 
 75475.87 2.6361e-15  75857.78 0 
 75649.84 2.6851e-15  76032.63 0 
 75824.23 2.7224e-15  76207.90 0 
 75999.01 2.7603e-15  76383.56 0 
 76174.19 2.7923e-15  76559.63 0 
 76349.86 2.8116e-15  76736.19 0 
 76525.85 2.8181e-15  76913.07 0 
 76702.25 2.8116e-15  77090.36 0 
 76879.05 2.7923e-15  77268.06 0 
 77056.27 2.7731e-15  77446.17 0 
 77233.88 2.7476e-15  77624.69 0 
 77411.91 2.7162e-15  77803.62 0 
 77590.44 2.6727e-15  77983.05 0 
 77769.29 2.6361e-15  78162.80 0 
 77948.56 2.5939e-15  78342.98 0 
 78128.23 2.5525e-15  78523.56 0 
 78308.32 2.5116e-15  78704.56 0 
 78488.83 2.4715e-15  78885.98 0 
 78669.75 2.4264e-15  79067.82 0 
 78851.18 2.3821e-15  79250.16 0 
 79032.94 2.3332e-15  79432.84 0 
 79215.11 2.2801e-15  79615.94 0 
 79397.71 2.2231e-15  79799.46 0 
 79580.73 2.1526e-15  79983.41 0 
 79900.29 1.9349e-15  80304.59 3 
 80518.12 1.9662e-15  80925.54 3 
 81135.93 1.4909e-15  81546.48 3 
 81753.74 1.5668e-15  82167.41 3 
 82371.56 1.4281e-15  82788.36 3 
 82989.37 1.2335e-15  83409.30 3 
 83607.20 1.2571e-15  84030.25 3 
 84225.01 1.0588e-15  84651.19 3 
 84842.83 9.0136e-16  85272.13 3 
 85460.64 1.0694e-15  85893.07 3 
 86078.47 1.0238e-15  86514.02 3 
 86696.27 1.0007e-15  87134.95 3 
 87314.09 1.0041e-15  87755.90 3 
 87931.91 8.7213e-16  88376.84 3 
 88549.72 9.0327e-16  88997.78 3 
 89167.53 7.8967e-16  89618.72 3 
 89785.35 8.5492e-16  90239.66 3 
 90403.16 8.2162e-16  90860.60 3 
 91020.99 8.3262e-16  91481.55 3 
 91638.80 7.7818e-16  92102.49 3 
 92256.62 8.0084e-16  92723.44 3 
 92874.44 8.3484e-16  93344.38 3 
 93492.25 9.1726e-16  93965.32 3 
 94110.06 8.3130e-16  94586.26 3 
 94727.87 8.4316e-16  95207.20 3 
 95345.70 8.5114e-16  95828.15 3 
 95963.51 1.0310e-15  96449.09 3 
 96581.32 1.6583e-15  97070.02 3 
 97199.15 1.3019e-15  97690.98 3 
 97816.97 9.0836e-16  98311.92 3 
 98434.78 8.0326e-16  98932.86 3 
 99052.60 7.5217e-16  99553.80 3 
 99670.37 8.1965e-16 100174.70 3 
100288.24 7.4715e-16 100795.70 3 
100906.01 7.1480e-16 101416.59 3 
101523.89 7.1985e-16 102037.60 3 
102141.66 7.4286e-16 102658.50 3 
102759.53 7.6780e-16 103279.49 3 
103377.32 7.6203e-16 103900.41 3 
103995.09 8.0618e-16 104521.30 3 
104612.96 8.0843e-16 105142.30 3 
105230.73 8.6592e-16 105763.20 3 
105848.61 7.4910e-16 106384.20 3 
106466.38 7.9438e-16 107005.10 3 
107084.15 7.7076e-16 107626.00 3 
107702.03 7.7331e-16 108247.00 3 
108319.81 7.5713e-16 108867.91 3 
108937.67 7.3307e-16 109488.90 3 
109555.45 6.6762e-16 110109.80 3 
110173.32 6.6074e-16 110730.80 3 
110791.10 7.4196e-16 111351.70 3 
111408.87 8.7592e-16 111972.60 3 
112026.75 1.1763e-15 112593.60 3 
112644.52 1.3030e-15 113214.50 3 
113262.39 1.2379e-15 113835.50 3 
113880.16 1.0003e-15 114456.40 3 
114498.04 9.0528e-16 115077.40 3 
115115.81 7.7218e-16 115698.30 3 
115733.58 7.3359e-16 116319.20 3 
116351.46 6.3472e-16 116940.20 3 
116969.24 5.9843e-16 117561.10 3 
117587.10 6.9474e-16 118182.09 3 
118204.88 7.0325e-16 118802.99 3 
118822.76 7.8010e-16 119424.00 3 
119440.53 7.0945e-16 120044.90 3 
120058.30 7.4225e-16 120665.80 3 
120676.18 7.8185e-16 121286.80 3 
121293.96 7.0375e-16 121907.70 3 
121911.82 7.3862e-16 122528.70 3 
122529.59 9.0902e-16 123149.59 3 
123147.38 8.8234e-16 123770.51 3 
123765.25 6.6932e-16 124391.50 3 
124383.02 5.9421e-16 125012.40 3 
125000.89 7.1348e-16 125633.40 3 
125618.67 6.8446e-16 126254.30 3 
126236.54 6.7620e-16 126875.30 3 
126854.32 6.7811e-16 127496.20 3 
127472.09 7.9771e-16 128117.10 3 
128089.97 1.0003e-15 128738.10 3 
128707.74 7.3124e-16 129359.00 3 
129325.61 5.6820e-16 129980.00 3 
129943.38 4.8992e-16 130600.90 3 
130561.16 4.8961e-16 131221.80 3 
131179.03 4.8487e-16 131842.80 3 
131796.81 4.8446e-16 132463.70 3 
132414.68 4.8367e-16 133084.70 3 
133032.45 4.7856e-16 133705.59 3 
133650.32 4.6091e-16 134326.59 3 
134268.10 4.7754e-16 134947.50 3 
134885.88 4.6142e-16 135568.41 3 
135503.76 4.6215e-16 136189.41 3 
136121.52 4.8971e-16 136810.30 3 
136739.40 4.1174e-16 137431.30 3 
137357.18 4.1356e-16 138052.20 3 
137975.05 3.8487e-16 138673.20 3 
138592.81 3.8334e-16 139294.09 3 
139210.59 4.0793e-16 139915.00 3 
139828.47 4.8658e-16 140536.00 3 
140446.25 5.0521e-16 141156.91 3 
141064.11 4.6343e-16 141777.89 3 
141681.89 4.4176e-16 142398.80 3 
142299.76 4.4998e-16 143019.80 3 
142917.54 4.0679e-16 143640.70 3 
143535.31 3.9886e-16 144261.59 3 
144153.19 3.5251e-16 144882.61 3 
144684.80 4.2243e-16 145416.91 3 
145597.08 3.8065e-16 146333.80 3 
146509.46 3.6918e-16 147250.80 3 
147421.75 3.3557e-16 148167.70 3 
148334.02 3.6293e-16 149084.59 3 
149246.31 3.5307e-16 150001.50 3 
150158.70 3.4089e-16 150918.50 3 
151070.99 3.4555e-16 151835.41 3 
151983.26 3.6375e-16 152752.30 3 
152895.64 3.5186e-16 153669.30 3 
153807.93 3.5741e-16 154586.20 3 
154720.21 4.1181e-16 155503.09 3 
155632.50 4.6934e-16 156420.00 3 
156544.88 4.1016e-16 157337.00 3 
157457.17 3.9825e-16 158253.91 3 
158369.45 3.8504e-16 159170.80 3 
159281.83 4.3403e-16 160087.80 3 
160194.12 3.8948e-16 161004.70 3 
161106.40 3.7658e-16 161921.59 3 
162018.78 3.9033e-16 162838.59 3 
162931.07 4.5459e-16 163755.50 3 
163843.34 5.2716e-16 164672.39 3 
164755.63 5.6527e-16 165589.30 3 
165668.03 5.1491e-16 166506.31 3 
166580.29 4.7625e-16 167423.19 3 
167492.58 5.1418e-16 168340.09 3 
168404.87 5.3694e-16 169257.00 3 
169317.25 6.5353e-16 170174.00 3 
170229.54 9.3800e-16 171090.91 3 
171141.83 7.9235e-16 172007.81 3 
172054.22 5.9328e-16 172924.81 3 
172966.49 5.2820e-16 173841.70 3 
173878.78 4.9732e-16 174758.61 3 
174791.17 4.7338e-16 175675.61 3 
175703.44 4.2718e-16 176592.50 3 
176615.73 3.9794e-16 177509.41 3 
177528.01 4.0913e-16 178426.30 3 
178440.39 3.7786e-16 179343.30 3 
179352.68 3.8732e-16 180260.20 3 
180264.95 3.5980e-16 181177.09 3 
181177.34 3.3280e-16 182094.09 3 
182089.63 2.9928e-16 183011.00 3 
183001.90 3.1519e-16 183927.89 3 
183914.28 3.0379e-16 184844.89 3 
184826.57 3.1193e-16 185761.80 3 
185738.86 3.3091e-16 186678.70 3 
186651.14 3.8965e-16 187595.59 3 
187563.52 4.5456e-16 188512.59 3 
188475.81 3.3516e-16 189429.50 3 
189388.09 3.3014e-16 190346.39 3 
190300.49 3.3671e-16 191263.41 3 
191212.78 3.0759e-16 192180.31 3 
192125.03 2.6692e-16 193097.19 3 
193037.32 2.8965e-16 194014.09 3 
193949.72 2.8761e-16 194931.11 3 
194862.00 3.1725e-16 195848.00 3 
195774.29 2.7300e-16 196764.91 3 
196686.67 2.7281e-16 197681.91 3 
197598.95 2.6165e-16 198598.80 3 
198511.24 2.6126e-16 199515.70 3 
199423.53 2.7009e-16 200432.61 3 
200335.91 2.4723e-16 201349.61 3 
201248.18 2.3300e-16 202266.50 3 
202160.47 2.5525e-16 203183.41 3 
203072.86 2.6099e-16 204100.41 3 
204167.41 2.5172e-16 205200.50 3 
205923.84 2.5089e-16 206965.81 3 
207681.34 2.4603e-16 208732.20 3 
209439.73 2.4005e-16 210499.50 3 
211199.22 2.5545e-16 212267.89 3 
212959.72 2.2616e-16 214037.30 3 
214721.31 2.3421e-16 215807.80 3 
216483.78 2.3730e-16 217579.19 3 
218247.36 2.5395e-16 219351.69 3 
220011.94 2.3511e-16 221125.20 3 
221777.60 2.1569e-16 222899.80 3 
223544.27 2.2723e-16 224675.41 3 
225311.92 2.3909e-16 226452.00 3 
227080.66 2.1701e-16 228229.69 3 
228850.41 2.2231e-16 230008.39 3 
230621.15 2.2177e-16 231788.09 3 
232392.98 2.1917e-16 233568.89 3 
234165.82 2.2289e-16 235350.70 3 
235939.74 2.3212e-16 237133.59 3 
237714.76 2.2357e-16 238917.59 3 
239490.77 2.1636e-16 240702.59 3 
241267.78 2.1265e-16 242488.59 3 
243045.89 2.1086e-16 244275.70 3 
244824.98 2.0360e-16 246063.80 3 
246605.29 2.0237e-16 247853.11 3 
248386.48 1.9984e-16 249643.31 3 
250168.74 1.9800e-16 251434.59 3 
251952.12 2.0405e-16 253227.00 3 
253736.59 1.9436e-16 255020.50 3 
255522.06 1.9238e-16 256815.00 3 
257308.61 2.1198e-16 258610.59 3 
259096.27 2.3775e-16 260407.30 3 
260885.02 2.2530e-16 262205.09 3 
262674.77 1.9723e-16 264003.91 3 
264465.59 1.8412e-16 265803.78 3 
266257.55 1.8456e-16 267604.81 3 
268050.45 1.8699e-16 269406.78 3 
269844.59 1.9426e-16 271210.00 3 
271639.69 1.8970e-16 273014.19 3 
273435.91 1.8501e-16 274819.50 3 
275233.23 1.8303e-16 276625.91 3 
277031.63 1.8768e-16 278433.41 3 
278831.11 1.8561e-16 280242.00 3 
280631.69 2.0045e-16 282051.69 3 
282433.39 2.1149e-16 283862.50 3 
284236.17 1.9256e-16 285674.41 3 
286040.04 1.7772e-16 287487.41 3 
287845.00 1.8120e-16 289301.50 3 
289651.05 1.8655e-16 291116.69 3 
291458.22 1.7882e-16 292933.00 3 
293266.48 1.7713e-16 294750.41 3 
295075.82 1.7135e-16 296568.91 3 
296886.35 1.7059e-16 298388.59 3 
298697.99 1.7683e-16 300209.41 3 
300510.60 1.7969e-16 302031.19 3 
302324.43 1.8152e-16 303854.19 3 
304139.34 1.8428e-16 305678.28 3 
305955.46 1.8071e-16 307503.59 3 
307772.58 1.8356e-16 309329.91 3 
309590.88 1.8440e-16 311157.41 3 
311410.36 1.8098e-16 312986.09 3 
313230.86 1.6977e-16 314815.81 3 
315052.55 1.7648e-16 316646.72 3 
316875.39 1.7823e-16 318478.78 3 
318699.26 1.7681e-16 320311.88 3 
320524.33 1.9315e-16 322146.19 3 
322350.62 1.8651e-16 323981.72 3 
324177.94 1.8174e-16 325818.28 3 
326006.38 1.8297e-16 327655.97 3 
327836.06 1.7978e-16 329494.91 3 
329666.89 1.8412e-16 331335.00 3 
331498.80 1.8136e-16 333176.19 3 
333331.84 2.1411e-16 335018.50 3 
335166.06 2.5073e-16 336862.00 3 
337001.49 2.1067e-16 338706.72 3 
338838.07 1.8430e-16 340552.59 3 
340675.77 1.6844e-16 342399.59 3 
342514.59 1.8097e-16 344247.72 3 
344354.66 1.8675e-16 346097.09 3 
346195.87 2.3178e-16 347947.62 3 
348038.24 3.7163e-16 349799.31 3 
