# An Atlas of Galaxy Spectral Energy Distributions from the Ultraviolet to the Mid-Infrared
# Brown et al. (2014)
# http://dx.doi.org/10.5072/03/529D3551F0117
# 
# Column 1 : Restframe Wavelength (Angstrom)
# Column 2 : Flux per unit wavelength (ergs/s/cm^2/Angstrom)
# Column 3 : Observed wavelength (Angstrom)
# Column 4 : Source (0 = model, 1 = Optical Spectrum, 2 = Akari, 3 = Spitzer IRS)
# 
   100.01 7.5491e-22    100.23 0 
   102.10 1.0912e-21    102.33 0 
   104.00 1.4352e-21    104.23 0 
   105.94 1.9138e-21    106.17 0 
   107.90 2.6055e-21    108.14 0 
   109.91 3.9710e-21    110.15 0 
   114.04 6.4550e-21    114.29 0 
   118.04 9.8152e-21    118.30 0 
   121.07 3.9801e-20    121.34 0 
   125.04 5.5449e-20    125.31 0 
   127.07 6.3372e-20    127.35 0 
   127.95 6.9008e-20    128.23 0 
   130.93 8.2394e-20    131.22 0 
   132.14 9.9976e-20    132.43 0 
   133.98 1.1166e-19    134.28 0 
   137.10 1.5202e-19    137.40 0 
   139.97 1.7779e-19    140.28 0 
   142.90 5.4187e-19    143.22 0 
   146.91 1.5097e-18    147.23 0 
   151.02 1.7494e-18    151.36 0 
   154.90 2.0413e-18    155.24 0 
   158.87 2.3818e-18    159.22 0 
   161.82 2.6540e-18    162.18 0 
   165.97 3.0967e-18    166.34 0 
   169.84 3.5229e-18    170.22 0 
   173.00 3.8895e-18    173.38 0 
   177.03 4.3944e-18    177.42 0 
   179.90 4.7962e-18    180.30 0 
   181.99 5.0921e-18    182.39 0 
   185.80 5.6872e-18    186.21 0 
   191.00 6.4998e-18    191.43 0 
   194.11 7.0778e-18    194.54 0 
   198.17 7.7965e-18    198.61 0 
   201.86 8.6278e-18    202.30 0 
   205.14 9.2661e-18    205.59 0 
   209.91 9.9060e-18    210.38 0 
   215.79 1.1773e-17    216.27 0 
   219.81 1.2850e-17    220.29 0 
   222.86 1.3486e-17    223.36 0 
   227.01 1.4720e-17    227.51 0 
   230.17 2.3115e-17    230.67 0 
   233.91 4.0541e-17    234.42 0 
   239.91 5.2589e-17    240.44 0 
   246.06 5.2348e-17    246.60 0 
   251.79 5.8197e-17    252.35 0 
   257.06 5.0921e-17    257.63 0 
   260.04 5.9965e-17    260.62 0 
   264.27 6.4550e-17    264.85 0 
   269.18 6.6665e-17    269.77 0 
   274.18 6.8533e-17    274.79 0 
   279.28 7.0453e-17    279.90 0 
   283.82 7.2427e-17    284.45 0 
   289.76 7.1269e-17    290.40 0 
   295.83 7.4799e-17    296.48 0 
   301.33 7.5840e-17    302.00 0 
   308.35 7.9231e-17    309.03 0 
   317.72 8.4314e-17    318.42 0 
   328.13 8.7478e-17    328.85 0 
   338.10 8.9722e-17    338.84 0 
   348.37 9.1600e-17    349.14 0 
   357.31 9.3518e-17    358.10 0 
   365.63 9.5917e-17    366.44 0 
   375.01 9.7028e-17    375.84 0 
   384.63 9.5477e-17    385.48 0 
   395.40 9.9746e-17    396.28 0 
   404.61 1.0160e-16    405.51 0 
   414.04 1.0207e-16    414.95 0 
   421.74 1.0160e-16    422.67 0 
   429.58 1.0184e-16    430.53 0 
   440.60 1.0278e-16    441.57 0 
   450.86 1.0231e-16    451.86 0 
   460.30 1.0184e-16    461.32 0 
   469.94 1.0160e-16    470.98 0 
   479.78 1.0207e-16    480.84 0 
   489.82 1.0021e-16    490.91 0 
   500.08 1.0137e-16    501.19 0 
   505.87 9.9976e-17    506.99 0 
   511.73 1.0590e-16    512.86 0 
   520.04 1.0566e-16    521.19 0 
   529.71 1.0421e-16    530.88 0 
   539.56 1.0113e-16    540.75 0 
   549.59 1.0207e-16    550.81 0 
   559.81 1.0517e-16    561.05 0 
   570.22 1.0762e-16    571.48 0 
   579.48 1.0541e-16    580.76 0 
   590.26 1.0812e-16    591.56 0 
   599.85 1.0541e-16    601.17 0 
   609.59 9.8152e-17    610.94 0 
   619.50 1.1140e-16    620.87 0 
   629.56 1.1166e-16    630.96 0 
   639.79 1.1218e-16    641.21 0 
   650.19 1.1426e-16    651.63 0 
   657.72 1.1452e-16    659.17 0 
   665.33 1.1746e-16    666.81 0 
   674.59 1.1746e-16    676.08 0 
   685.55 1.1347e-16    687.07 0 
   695.09 1.2557e-16    696.63 0 
   704.76 1.1992e-16    706.32 0 
   716.21 1.3089e-16    717.79 0 
   726.17 1.3240e-16    727.78 0 
   734.58 1.3455e-16    736.21 0 
   744.80 1.4122e-16    746.45 0 
   755.16 1.4551e-16    756.83 0 
   765.67 1.4319e-16    767.36 0 
   774.53 1.5592e-16    776.25 0 
   785.31 1.6066e-16    787.05 0 
   794.40 1.6554e-16    796.16 0 
   805.45 1.7057e-16    807.24 0 
   814.78 1.7414e-16    816.58 0 
   824.21 1.8531e-16    826.04 0 
   835.68 1.5772e-16    837.53 0 
   845.36 1.9050e-16    847.23 0 
   855.15 1.9404e-16    857.04 0 
   865.05 2.0507e-16    866.96 0 
   875.07 2.1672e-16    877.00 0 
   885.20 2.3222e-16    887.16 0 
   895.45 2.4205e-16    897.43 0 
   905.82 2.4038e-16    907.82 0 
   914.20 3.6383e-16    916.22 0 
   924.78 2.3763e-15    926.83 0 
   935.49 5.2348e-15    937.56 0 
   944.15 1.0184e-14    946.24 0 
   955.08 1.4924e-14    957.19 0 
   963.92 1.5992e-14    966.05 0 
   975.08 2.3491e-15    977.24 0 
   984.10 1.2187e-14    986.28 0 
   995.50 1.3928e-14    997.70 0 
  1004.71 2.2177e-14   1006.93 0 
  1014.01 2.1973e-14   1016.25 0 
  1025.75 9.5697e-15   1028.02 0 
  1035.24 1.4352e-14   1037.53 0 
  1044.82 3.0123e-14   1047.13 0 
  1054.48 2.9641e-14   1056.82 0 
  1064.24 2.2126e-14   1066.60 0 
  1074.09 2.7409e-14   1076.47 0 
  1084.03 2.0507e-14   1086.43 0 
  1094.06 2.9302e-14   1096.48 0 
  1104.18 2.8177e-14   1106.62 0 
  1114.40 2.6601e-14   1116.86 0 
  1124.71 2.3545e-14   1127.20 0 
  1135.12 3.1834e-14   1137.63 0 
  1145.62 2.8503e-14   1148.15 0 
  1156.22 3.1038e-14   1158.78 0 
  1164.23 3.1981e-14   1166.81 0 
  1175.01 2.0984e-14   1177.61 0 
  1185.88 3.1110e-14   1188.50 0 
  1194.10 1.9720e-14   1196.74 0 
  1205.15 1.3271e-14   1207.81 0 
  1216.30 1.0044e-14   1218.99 0 
  1224.73 2.1081e-14   1227.44 0 
  1236.06 3.3799e-14   1238.80 0 
  1244.63 3.7402e-14   1247.38 0 
  1256.15 3.5148e-14   1258.93 0 
  1264.85 2.9437e-14   1267.65 0 
  1273.62 4.0077e-14   1276.44 0 
  1285.41 4.2452e-14   1288.25 0 
  1294.32 3.1543e-14   1297.18 0 
  1306.29 3.1110e-14   1309.18 0 
  1315.35 4.1200e-14   1318.26 0 
  1324.46 3.9165e-14   1327.39 0 
  1333.65 3.3489e-14   1336.60 0 
  1345.99 4.2063e-14   1348.96 0 
  1355.32 4.0635e-14   1358.31 0 
  1364.71 3.5391e-14   1367.73 0 
  1374.17 3.7835e-14   1377.21 0 
  1383.70 3.8273e-14   1386.76 0 
  1396.50 3.2953e-14   1399.59 0 
  1406.18 3.4269e-14   1409.29 0 
  1415.93 3.4986e-14   1419.06 0 
  1425.74 3.6467e-14   1428.89 0 
  1435.62 3.6132e-14   1438.80 0 
  1442.25 3.8539e-14   1445.44 0 
  1445.57 3.9436e-14   1448.77 0 
  1455.59 3.8010e-14   1458.81 0 
  1465.68 3.4586e-14   1468.93 0 
  1475.84 3.4666e-14   1479.11 0 
  1486.07 3.5637e-14   1489.36 0 
  1496.38 3.6551e-14   1499.69 0 
  1503.28 3.4190e-14   1506.61 0 
  1513.70 2.9778e-14   1517.05 0 
  1517.19 3.2426e-14   1520.55 0 
  1524.19 3.1182e-14   1527.57 0 
  1534.76 2.6479e-14   1538.15 0 
  1545.40 2.9916e-14   1548.82 0 
  1556.11 2.8177e-14   1559.55 0 
  1563.29 2.8635e-14   1566.75 0 
  1574.13 3.0754e-14   1577.61 0 
  1585.04 3.2726e-14   1588.55 0 
  1596.03 3.3412e-14   1599.56 0 
  1603.39 3.2877e-14   1606.94 0 
  1614.51 3.3182e-14   1618.08 0 
  1625.70 3.1110e-14   1629.30 0 
  1633.20 3.3489e-14   1636.82 0 
  1644.52 3.4111e-14   1648.16 0 
  1655.92 3.1253e-14   1659.59 0 
  1663.57 3.4506e-14   1667.25 0 
  1671.25 3.0054e-14   1674.94 0 
  1675.10 3.4666e-14   1678.80 0 
  1686.71 3.6635e-14   1690.44 0 
  1694.50 3.4111e-14   1698.24 0 
  1706.24 3.2651e-14   1710.02 0 
  1714.12 3.0612e-14   1717.91 0 
  1726.00 3.0472e-14   1729.82 0 
  1733.97 3.2877e-14   1737.80 0 
  1745.98 3.2055e-14   1749.85 0 
  1754.04 3.4586e-14   1757.92 0 
  1766.20 3.1325e-14   1770.11 0 
  1774.35 3.2203e-14   1778.28 0 
  1786.65 3.2877e-14   1790.61 0 
  1794.90 3.5555e-14   1798.87 0 
  1803.19 3.5310e-14   1807.17 0 
  1815.68 3.2129e-14   1819.70 0 
  1824.07 3.3029e-14   1828.10 0 
  1836.71 3.1615e-14   1840.77 0 
  1845.19 2.8767e-14   1849.27 0 
  1853.70 2.8834e-14   1857.80 0 
  1866.55 2.9847e-14   1870.68 0 
  1875.17 3.2877e-14   1879.32 0 
  1883.82 2.9916e-14   1887.99 0 
  1896.88 2.8701e-14   1901.08 0 
  1905.64 3.0612e-14   1909.85 0 
  1914.43 2.9302e-14   1918.67 0 
  1923.27 2.8834e-14   1927.53 0 
  1936.60 2.9847e-14   1940.89 0 
  1945.54 3.1182e-14   1949.84 0 
  1954.52 2.9033e-14   1958.84 0 
  1968.07 3.2203e-14   1972.42 0 
  1977.15 3.3182e-14   1981.53 0 
  1986.28 3.1253e-14   1990.67 0 
  1995.45 3.0332e-14   1999.86 0 
  2004.66 3.1398e-14   2009.09 0 
  2013.91 3.0123e-14   2018.37 0 
  2023.21 3.1834e-14   2027.68 0 
  2037.23 2.9916e-14   2041.74 0 
  2046.64 3.1325e-14   2051.16 0 
  2056.08 2.9641e-14   2060.63 0 
  2065.57 2.9778e-14   2070.14 0 
  2075.11 3.2277e-14   2079.70 0 
  2079.89 3.0612e-14   2084.49 0 
  2084.68 3.1981e-14   2089.30 0 
  2094.31 3.0123e-14   2098.94 0 
  2103.97 3.0332e-14   2108.63 0 
  2113.69 3.0683e-14   2118.36 0 
  2123.44 3.1182e-14   2128.14 0 
  2133.24 2.8834e-14   2137.96 0 
  2143.09 2.9641e-14   2147.83 0 
  2152.98 3.0967e-14   2157.74 0 
  2162.92 2.9916e-14   2167.70 0 
  2172.90 2.9641e-14   2177.71 0 
  2182.93 2.9100e-14   2187.76 0 
  2193.01 3.0612e-14   2197.86 0 
  2203.13 2.9710e-14   2208.01 0 
  2213.30 2.8177e-14   2218.20 0 
  2223.52 2.7283e-14   2228.44 0 
  2233.78 2.9235e-14   2238.72 0 
  2244.09 2.7983e-14   2249.05 0 
  2254.45 2.6662e-14   2259.44 0 
  2264.85 2.7346e-14   2269.86 0 
  2275.31 2.8112e-14   2280.34 0 
  2285.81 2.8967e-14   2290.87 0 
  2296.36 2.7229e-14   2301.44 0 
  2306.96 2.7352e-14   2312.07 0 
  2317.61 2.5998e-14   2322.74 0 
  2322.95 2.0203e-14   2328.09 0 
  2333.67 2.4120e-14   2338.84 0 
  2344.45 2.3515e-14   2349.63 0 
  2355.27 2.5545e-14   2360.48 0 
  2366.14 2.3403e-14   2371.37 0 
  2377.06 2.4169e-14   2382.32 0 
  2382.54 2.2425e-14   2387.81 0 
  2393.54 2.4083e-14   2398.83 0 
  2404.59 2.3157e-14   2409.91 0 
  2415.69 2.3805e-14   2421.03 0 
  2426.84 2.5389e-14   2432.20 0 
  2432.43 2.4442e-14   2437.81 0 
  2443.66 2.6009e-14   2449.06 0 
  2454.94 2.5710e-14   2460.37 0 
  2466.27 2.5474e-14   2471.72 0 
  2477.65 2.4552e-14   2483.13 0 
  2483.36 2.5095e-14   2488.86 0 
  2494.83 2.3366e-14   2500.35 0 
  2506.34 2.6459e-14   2511.89 0 
  2512.12 2.3446e-14   2517.68 0 
  2517.91 2.4242e-14   2523.48 0 
  2523.72 2.3285e-14   2529.30 0 
  2535.36 2.3773e-14   2540.97 0 
  2547.07 2.3339e-14   2552.70 0 
  2552.94 2.5327e-14   2558.59 0 
  2564.72 2.4581e-14   2570.40 0 
  2576.56 2.6158e-14   2582.26 0 
  2582.50 2.5770e-14   2588.21 0 
  2594.42 2.5417e-14   2600.16 0 
  2606.40 2.4555e-14   2612.16 0 
  2612.40 2.4247e-14   2618.18 0 
  2624.46 2.5508e-14   2630.27 0 
  2636.58 2.6773e-14   2642.41 0 
  2642.66 2.9121e-14   2648.50 0 
  2654.85 3.0425e-14   2660.72 0 
  2667.11 2.6932e-14   2673.01 0 
  2673.25 2.8365e-14   2679.17 0 
  2685.59 2.8563e-14   2691.54 0 
  2697.99 2.6968e-14   2703.96 0 
  2704.21 2.8013e-14   2710.19 0 
  2716.69 2.6388e-14   2722.70 0 
  2722.96 2.6057e-14   2728.98 0 
  2735.52 2.7540e-14   2741.57 0 
  2748.15 2.3823e-14   2754.23 0 
  2754.48 2.4577e-14   2760.58 0 
  2767.20 2.5679e-14   2773.32 0 
  2773.58 2.6921e-14   2779.71 0 
  2786.38 2.5185e-14   2792.54 0 
  2792.80 2.0543e-14   2798.98 0 
  2805.69 2.2066e-14   2811.90 0 
  2812.16 2.6684e-14   2818.38 0 
  2825.14 2.8399e-14   2831.39 0 
  2838.18 2.7313e-14   2844.46 0 
  2844.73 2.6297e-14   2851.02 0 
  2857.86 2.5059e-14   2864.18 0 
  2864.44 2.8281e-14   2870.78 0 
  2877.67 2.9011e-14   2884.03 0 
  2884.30 2.8648e-14   2890.68 0 
  2897.61 2.9051e-14   2904.02 0 
  2910.99 3.2154e-14   2917.43 0 
  2931.17 3.0750e-14   2937.65 0 
  2951.48 3.0162e-14   2958.01 0 
  2971.94 3.0838e-14   2978.52 0 
  2992.54 3.1025e-14   2999.16 0 
  3013.29 3.1358e-14   3019.95 0 
  3027.20 3.1655e-14   3033.89 0 
  3048.18 3.1848e-14   3054.92 0 
  3069.31 3.2488e-14   3076.10 0 
  3090.58 3.2612e-14   3097.42 0 
  3112.01 3.3422e-14   3118.89 0 
  3133.58 3.2711e-14   3140.51 0 
  3148.04 3.2946e-14   3155.01 0 
  3169.86 3.3533e-14   3176.87 0 
  3191.84 3.1488e-14   3198.90 0 
  3206.57 3.2906e-14   3213.66 0 
  3228.79 3.0971e-14   3235.94 0 
  3251.18 3.4407e-14   3258.37 0 
  3273.71 3.6336e-14   3280.95 0 
  3288.82 3.6014e-14   3296.10 0 
  3311.62 3.5659e-14   3318.94 0 
  3319.25 3.5542e-14   3326.60 0 
  3326.91 3.6167e-14   3334.26 0 
  3334.57 3.7573e-14   3341.95 0 
  3342.26 3.5518e-14   3349.66 0 
  3349.97 3.7413e-14   3357.38 0 
  3357.69 3.6694e-14   3365.12 0 
  3365.43 3.2822e-14   3372.87 0 
  3373.19 3.1970e-14   3380.65 0 
  3380.96 3.5100e-14   3388.44 0 
  3388.76 3.7315e-14   3396.25 0 
  3396.57 3.4951e-14   3404.08 0 
  3404.40 3.7673e-14   3411.93 0 
  3412.25 3.5286e-14   3419.79 0 
  3420.11 3.6744e-14   3427.68 0 
  3428.00 3.6793e-14   3435.58 0 
  3435.90 3.7268e-14   3443.50 0 
  3443.82 3.3030e-14   3451.44 0 
  3451.76 3.7196e-14   3459.39 0 
  3459.72 3.6147e-14   3467.37 0 
  3467.69 3.5863e-14   3475.36 0 
  3475.69 3.6495e-14   3483.37 0 
  3483.70 3.6209e-14   3491.40 0 
  3491.73 3.6761e-14   3499.45 0 
  3499.78 3.3960e-14   3507.52 0 
  3507.85 3.7893e-14   3515.60 0 
  3515.93 3.4925e-14   3523.71 0 
  3524.04 3.7215e-14   3531.83 0 
  3532.16 3.7784e-14   3539.97 0 
  3540.30 3.8895e-14   3548.13 0 
  3548.47 4.0130e-14   3556.31 0 
  3556.64 3.8024e-14   3564.51 0 
  3564.84 3.8962e-14   3572.73 0 
  3573.06 3.4453e-14   3580.96 0 
  3581.30 3.4580e-14   3589.22 0 
  3589.55 3.0648e-14   3597.49 0 
  3597.83 3.6728e-14   3605.79 0 
  3606.12 3.7375e-14   3614.10 0 
  3614.44 3.5989e-14   3622.43 0 
  3622.77 3.4337e-14   3630.78 0 
  3627.31 3.9402e-14   3635.33 1 
  3630.05 3.2593e-14   3638.08 1 
  3632.79 2.8383e-14   3640.83 1 
  3635.54 3.9644e-14   3643.58 1 
  3638.28 4.5421e-14   3646.33 1 
  3641.03 4.1250e-14   3649.08 1 
  3643.77 2.9085e-14   3651.83 1 
  3646.51 4.0777e-14   3654.58 1 
  3649.26 3.9139e-14   3657.33 1 
  3652.00 4.1578e-14   3660.08 1 
  3654.75 4.4029e-14   3662.83 1 
  3657.49 4.2163e-14   3665.58 1 
  3660.23 3.8462e-14   3668.33 1 
  3662.98 4.0477e-14   3671.08 1 
  3665.72 3.5868e-14   3673.83 1 
  3668.47 3.8703e-14   3676.58 1 
  3671.21 4.0177e-14   3679.33 1 
  3673.95 4.0559e-14   3682.08 1 
  3676.70 4.1883e-14   3684.83 1 
  3679.44 4.1261e-14   3687.58 1 
  3682.19 3.7896e-14   3690.33 1 
  3684.93 3.7151e-14   3693.08 1 
  3687.67 3.3186e-14   3695.83 1 
  3690.42 4.2255e-14   3698.58 1 
  3693.16 4.1607e-14   3701.33 1 
  3695.90 4.1423e-14   3704.08 1 
  3698.65 3.8211e-14   3706.83 1 
  3701.39 3.7330e-14   3709.58 1 
  3704.14 4.1117e-14   3712.33 1 
  3706.88 4.1655e-14   3715.08 1 
  3709.62 3.8633e-14   3717.83 1 
  3712.37 4.0527e-14   3720.58 1 
  3715.11 4.0204e-14   3723.33 1 
  3717.86 4.4852e-14   3726.08 1 
  3720.60 5.2177e-14   3728.83 1 
  3723.34 7.4594e-14   3731.58 1 
  3726.09 8.6885e-14   3734.33 1 
  3728.83 8.4689e-14   3737.08 1 
  3731.58 6.4398e-14   3739.83 1 
  3734.32 4.6809e-14   3742.58 1 
  3737.06 3.9058e-14   3745.33 1 
  3739.81 4.3047e-14   3748.08 1 
  3742.55 3.1144e-14   3750.83 1 
  3745.30 3.9716e-14   3753.58 1 
  3748.04 3.1354e-14   3756.33 1 
  3750.78 3.9182e-14   3759.08 1 
  3753.53 4.3216e-14   3761.83 1 
  3756.27 4.3270e-14   3764.58 1 
  3759.02 4.1459e-14   3767.33 1 
  3761.76 4.1399e-14   3770.08 1 
  3764.50 4.2762e-14   3772.83 1 
  3767.25 4.0079e-14   3775.58 1 
  3769.99 3.9597e-14   3778.33 1 
  3772.73 4.1882e-14   3781.08 1 
  3775.48 4.3449e-14   3783.83 1 
  3778.22 4.5361e-14   3786.58 1 
  3780.97 5.0732e-14   3789.33 1 
  3783.71 5.0768e-14   3792.08 1 
  3786.45 5.0999e-14   3794.83 1 
  3789.20 4.7193e-14   3797.58 1 
  3791.94 4.0601e-14   3800.33 1 
  3794.69 3.8529e-14   3803.08 1 
  3797.43 4.1024e-14   3805.83 1 
  3800.17 4.4026e-14   3808.58 1 
  3802.92 4.4866e-14   3811.33 1 
  3805.66 4.9656e-14   3814.08 1 
  3808.41 5.0939e-14   3816.83 1 
  3811.15 5.1468e-14   3819.58 1 
  3813.89 4.9263e-14   3822.33 1 
  3816.64 4.7800e-14   3825.08 1 
  3819.38 4.8193e-14   3827.83 1 
  3822.13 4.4961e-14   3830.58 1 
  3824.87 3.9875e-14   3833.33 1 
  3827.61 3.9967e-14   3836.08 1 
  3830.36 3.9205e-14   3838.83 1 
  3833.10 3.5368e-14   3841.58 1 
  3835.85 3.3470e-14   3844.33 1 
  3838.59 3.5746e-14   3847.08 1 
  3841.33 4.3541e-14   3849.83 1 
  3844.08 4.6055e-14   3852.58 1 
  3846.82 4.9544e-14   3855.33 1 
  3849.56 4.7369e-14   3858.08 1 
  3852.31 4.7308e-14   3860.83 1 
  3855.05 4.9295e-14   3863.58 1 
  3857.80 4.9510e-14   3866.33 1 
  3860.54 5.3109e-14   3869.08 1 
  3863.28 5.5176e-14   3871.83 1 
  3866.03 5.3473e-14   3874.58 1 
  3868.77 5.2585e-14   3877.33 1 
  3871.52 5.3049e-14   3880.08 1 
  3874.26 5.0462e-14   3882.83 1 
  3877.00 4.8204e-14   3885.58 1 
  3879.75 4.6187e-14   3888.33 1 
  3882.49 4.2060e-14   3891.08 1 
  3885.24 3.9489e-14   3893.83 1 
  3887.98 4.2501e-14   3896.58 1 
  3890.72 4.3700e-14   3899.33 1 
  3893.47 4.5341e-14   3902.08 1 
  3896.21 5.1017e-14   3904.83 1 
  3898.96 5.2984e-14   3907.58 1 
  3901.70 4.9989e-14   3910.33 1 
  3904.44 5.0556e-14   3913.08 1 
  3907.19 5.2896e-14   3915.83 1 
  3909.93 5.4054e-14   3918.58 1 
  3912.68 5.4882e-14   3921.33 1 
  3915.42 5.3404e-14   3924.08 1 
  3918.16 5.1534e-14   3926.83 1 
  3920.91 5.2199e-14   3929.58 1 
  3923.65 4.8110e-14   3932.33 1 
  3926.39 4.4513e-14   3935.08 1 
  3929.14 3.8752e-14   3937.83 1 
  3931.88 3.2792e-14   3940.58 1 
  3934.63 3.5493e-14   3943.33 1 
  3937.37 4.0957e-14   3946.08 1 
  3940.11 4.6660e-14   3948.83 1 
  3942.86 5.0731e-14   3951.58 1 
  3945.60 4.9800e-14   3954.33 1 
  3948.35 5.1707e-14   3957.08 1 
  3951.09 5.3586e-14   3959.83 1 
  3953.83 5.0486e-14   3962.58 1 
  3956.58 4.5357e-14   3965.33 1 
  3959.32 4.2102e-14   3968.08 1 
  3962.07 3.8181e-14   3970.83 1 
  3964.81 3.4050e-14   3973.58 1 
  3967.55 3.4265e-14   3976.33 1 
  3970.30 3.4775e-14   3979.08 1 
  3973.04 4.2721e-14   3981.83 1 
  3975.79 4.6750e-14   3984.58 1 
  3978.53 5.2230e-14   3987.33 1 
  3981.27 5.4040e-14   3990.08 1 
  3984.02 5.4653e-14   3992.83 1 
  3986.76 5.7292e-14   3995.58 1 
  3989.51 5.8989e-14   3998.33 1 
  3992.25 5.9304e-14   4001.08 1 
  3994.99 6.1525e-14   4003.83 1 
  3997.74 5.8605e-14   4006.58 1 
  4000.48 6.4485e-14   4009.33 1 
  4003.22 6.1532e-14   4012.08 1 
  4005.97 6.1079e-14   4014.83 1 
  4008.71 6.2855e-14   4017.58 1 
  4011.46 6.3230e-14   4020.33 1 
  4014.20 6.0920e-14   4023.08 1 
  4016.94 6.3869e-14   4025.83 1 
  4019.69 6.1523e-14   4028.58 1 
  4022.43 6.2347e-14   4031.33 1 
  4025.18 6.3437e-14   4034.08 1 
  4027.92 6.3012e-14   4036.83 1 
  4030.66 6.0447e-14   4039.58 1 
  4033.41 6.4831e-14   4042.33 1 
  4036.15 6.4906e-14   4045.08 1 
  4038.90 6.2897e-14   4047.83 1 
  4041.64 6.3377e-14   4050.58 1 
  4044.38 5.9148e-14   4053.33 1 
  4047.13 6.3240e-14   4056.08 1 
  4049.87 6.2880e-14   4058.83 1 
  4052.62 6.6516e-14   4061.58 1 
  4055.36 6.4835e-14   4064.33 1 
  4058.10 6.3834e-14   4067.08 1 
  4060.85 5.9876e-14   4069.83 1 
  4063.59 6.0572e-14   4072.58 1 
  4066.34 5.8768e-14   4075.33 1 
  4069.08 6.1566e-14   4078.08 1 
  4071.82 5.8564e-14   4080.83 1 
  4074.57 6.2135e-14   4083.58 1 
  4077.31 5.8693e-14   4086.33 1 
  4080.05 6.3451e-14   4089.08 1 
  4082.80 5.9192e-14   4091.83 1 
  4085.54 5.9300e-14   4094.58 1 
  4088.29 5.9771e-14   4097.33 1 
  4091.03 5.8030e-14   4100.08 1 
  4093.77 5.2455e-14   4102.83 1 
  4096.52 5.1377e-14   4105.58 1 
  4099.26 5.1507e-14   4108.33 1 
  4102.01 5.1626e-14   4111.08 1 
  4104.75 5.0489e-14   4113.83 1 
  4107.49 5.4365e-14   4116.58 1 
  4110.24 5.5777e-14   4119.33 1 
  4112.98 5.8656e-14   4122.08 1 
  4115.73 5.8204e-14   4124.83 1 
  4118.47 5.7724e-14   4127.58 1 
  4121.21 5.9720e-14   4130.33 1 
  4123.96 6.1657e-14   4133.08 1 
  4126.70 6.0573e-14   4135.83 1 
  4129.45 6.0613e-14   4138.58 1 
  4132.19 6.2390e-14   4141.33 1 
  4134.93 5.9064e-14   4144.08 1 
  4137.68 6.1516e-14   4146.83 1 
  4140.42 6.1827e-14   4149.58 1 
  4143.17 6.0054e-14   4152.33 1 
  4145.91 6.2804e-14   4155.08 1 
  4148.65 6.1326e-14   4157.83 1 
  4151.40 6.2210e-14   4160.58 1 
  4154.14 6.2736e-14   4163.33 1 
  4156.89 6.1296e-14   4166.08 1 
  4159.63 6.3388e-14   4168.83 1 
  4162.37 6.5200e-14   4171.58 1 
  4165.12 6.5732e-14   4174.33 1 
  4167.86 6.0648e-14   4177.08 1 
  4170.60 6.2297e-14   4179.83 1 
  4173.35 5.8039e-14   4182.58 1 
  4176.09 5.8549e-14   4185.33 1 
  4178.84 5.9506e-14   4188.08 1 
  4181.58 6.0720e-14   4190.83 1 
  4184.32 6.0701e-14   4193.58 1 
  4187.07 6.3515e-14   4196.33 1 
  4189.81 6.4695e-14   4199.08 1 
  4192.56 6.2510e-14   4201.83 1 
  4195.30 5.9592e-14   4204.58 1 
  4198.04 6.0194e-14   4207.33 1 
  4200.79 5.9484e-14   4210.08 1 
  4203.53 6.1524e-14   4212.83 1 
  4206.28 6.2050e-14   4215.58 1 
  4209.02 6.1538e-14   4218.33 1 
  4211.76 6.1228e-14   4221.08 1 
  4214.51 6.1780e-14   4223.83 1 
  4217.25 6.1522e-14   4226.58 1 
  4220.00 6.3467e-14   4229.33 1 
  4222.74 5.9271e-14   4232.08 1 
  4225.48 5.9818e-14   4234.83 1 
  4228.23 6.0895e-14   4237.58 1 
  4230.97 6.1853e-14   4240.33 1 
  4233.72 5.9183e-14   4243.08 1 
  4236.46 6.1112e-14   4245.83 1 
  4239.20 6.0616e-14   4248.58 1 
  4241.95 6.4140e-14   4251.33 1 
  4244.69 6.3589e-14   4254.08 1 
  4247.43 6.1940e-14   4256.83 1 
  4250.18 6.0229e-14   4259.58 1 
  4252.92 6.0350e-14   4262.33 1 
  4255.67 6.1294e-14   4265.08 1 
  4258.41 6.1250e-14   4267.83 1 
  4261.15 6.3674e-14   4270.58 1 
  4263.90 6.3579e-14   4273.33 1 
  4266.64 6.0756e-14   4276.08 1 
  4269.39 5.8764e-14   4278.83 1 
  4272.13 5.7630e-14   4281.58 1 
  4274.87 5.8278e-14   4284.33 1 
  4277.62 6.1893e-14   4287.08 1 
  4280.36 6.1287e-14   4289.83 1 
  4283.11 6.1171e-14   4292.58 1 
  4285.85 5.9842e-14   4295.33 1 
  4288.59 5.9679e-14   4298.08 1 
  4291.34 5.6492e-14   4300.83 1 
  4294.08 5.6008e-14   4303.58 1 
  4296.83 5.3794e-14   4306.33 1 
  4299.57 5.1435e-14   4309.08 1 
  4302.31 5.0291e-14   4311.83 1 
  4305.06 5.3118e-14   4314.58 1 
  4307.80 5.4361e-14   4317.33 1 
  4310.55 5.5433e-14   4320.08 1 
  4313.29 5.8315e-14   4322.83 1 
  4316.03 6.0549e-14   4325.58 1 
  4318.78 6.0680e-14   4328.33 1 
  4321.52 5.9392e-14   4331.08 1 
  4324.26 5.9853e-14   4333.83 1 
  4327.01 6.0234e-14   4336.58 1 
  4329.75 6.1243e-14   4339.33 1 
  4332.50 5.9389e-14   4342.08 1 
  4335.24 5.9695e-14   4344.83 1 
  4337.98 5.8882e-14   4347.58 1 
  4340.73 5.9498e-14   4350.33 1 
  4343.47 5.7917e-14   4353.08 1 
  4346.22 5.8072e-14   4355.83 1 
  4348.96 5.7587e-14   4358.58 1 
  4351.70 5.9465e-14   4361.33 1 
  4354.45 6.0322e-14   4364.08 1 
  4357.19 6.2407e-14   4366.83 1 
  4359.94 6.4476e-14   4369.58 1 
  4362.68 6.5463e-14   4372.33 1 
  4365.42 6.4944e-14   4375.08 1 
  4368.17 6.3955e-14   4377.83 1 
  4370.91 6.2537e-14   4380.58 1 
  4373.66 6.1361e-14   4383.33 1 
  4376.40 6.1117e-14   4386.08 1 
  4379.14 6.0157e-14   4388.83 1 
  4381.89 5.7433e-14   4391.58 1 
  4384.63 5.8170e-14   4394.33 1 
  4387.38 5.9562e-14   4397.08 1 
  4390.12 6.1529e-14   4399.83 1 
  4392.86 6.1845e-14   4402.58 1 
  4395.61 6.1740e-14   4405.33 1 
  4398.35 6.1192e-14   4408.08 1 
  4401.09 6.0998e-14   4410.83 1 
  4403.84 6.2994e-14   4413.58 1 
  4406.58 6.3971e-14   4416.33 1 
  4409.33 6.4498e-14   4419.08 1 
  4412.07 6.1755e-14   4421.83 1 
  4414.81 6.3781e-14   4424.58 1 
  4417.56 6.6216e-14   4427.33 1 
  4420.30 6.6043e-14   4430.08 1 
  4423.05 6.6326e-14   4432.83 1 
  4425.79 6.5480e-14   4435.58 1 
  4428.53 6.3878e-14   4438.33 1 
  4431.28 6.4228e-14   4441.08 1 
  4434.02 6.6440e-14   4443.83 1 
  4436.77 6.6838e-14   4446.58 1 
  4439.51 6.5999e-14   4449.33 1 
  4442.25 6.6593e-14   4452.08 1 
  4445.00 6.8022e-14   4454.83 1 
  4447.74 6.7892e-14   4457.58 1 
  4450.49 6.6464e-14   4460.33 1 
  4453.23 6.4743e-14   4463.08 1 
  4455.97 6.3300e-14   4465.83 1 
  4458.72 6.3537e-14   4468.58 1 
  4461.46 6.5793e-14   4471.33 1 
  4464.21 6.6188e-14   4474.08 1 
  4466.95 6.6762e-14   4476.83 1 
  4469.69 6.8357e-14   4479.58 1 
  4472.44 7.2532e-14   4482.33 1 
  4475.18 7.1573e-14   4485.08 1 
  4477.92 6.8887e-14   4487.83 1 
  4480.67 6.8875e-14   4490.58 1 
  4483.41 6.9446e-14   4493.33 1 
  4486.16 6.7968e-14   4496.08 1 
  4488.90 6.6280e-14   4498.83 1 
  4491.64 6.7641e-14   4501.58 1 
  4494.39 6.8680e-14   4504.33 1 
  4497.13 6.8511e-14   4507.08 1 
  4499.88 7.0357e-14   4509.83 1 
  4502.62 7.1705e-14   4512.58 1 
  4505.36 7.3598e-14   4515.33 1 
  4508.11 7.2603e-14   4518.08 1 
  4510.85 6.8905e-14   4520.83 1 
  4513.60 6.8960e-14   4523.58 1 
  4516.34 7.0637e-14   4526.33 1 
  4519.08 6.9483e-14   4529.08 1 
  4521.83 6.5114e-14   4531.83 1 
  4524.57 6.5024e-14   4534.58 1 
  4527.32 6.5870e-14   4537.33 1 
  4530.06 6.6143e-14   4540.08 1 
  4532.80 6.7391e-14   4542.83 1 
  4535.55 6.7879e-14   4545.58 1 
  4538.29 7.0112e-14   4548.33 1 
  4541.04 6.7914e-14   4551.08 1 
  4543.78 6.8182e-14   4553.83 1 
  4546.52 6.7709e-14   4556.58 1 
  4549.27 6.8047e-14   4559.33 1 
  4552.01 6.6701e-14   4562.08 1 
  4554.75 6.9824e-14   4564.83 1 
  4557.50 6.8695e-14   4567.58 1 
  4560.24 6.9733e-14   4570.33 1 
  4562.99 7.0482e-14   4573.08 1 
  4565.73 7.0889e-14   4575.83 1 
  4568.47 7.2855e-14   4578.58 1 
  4571.22 7.2960e-14   4581.33 1 
  4573.96 7.1357e-14   4584.08 1 
  4576.71 6.8512e-14   4586.83 1 
  4579.45 6.7589e-14   4589.58 1 
  4582.19 6.8846e-14   4592.33 1 
  4584.94 6.9588e-14   4595.08 1 
  4587.68 6.8235e-14   4597.83 1 
  4590.43 6.7415e-14   4600.58 1 
  4593.17 6.8437e-14   4603.33 1 
  4595.91 6.7990e-14   4606.08 1 
  4598.66 7.0454e-14   4608.83 1 
  4601.40 6.9298e-14   4611.58 1 
  4604.15 7.1424e-14   4614.33 1 
  4606.89 7.1646e-14   4617.08 1 
  4609.63 6.9550e-14   4619.83 1 
  4612.38 7.0366e-14   4622.58 1 
  4615.12 7.3445e-14   4625.33 1 
  4617.87 6.9914e-14   4628.08 1 
  4620.61 7.1285e-14   4630.83 1 
  4623.35 7.3641e-14   4633.58 1 
  4626.10 7.3974e-14   4636.33 1 
  4628.84 7.2353e-14   4639.08 1 
  4631.59 7.1259e-14   4641.83 1 
  4634.33 7.1054e-14   4644.58 1 
  4637.07 7.1016e-14   4647.33 1 
  4639.82 6.9872e-14   4650.08 1 
  4642.56 7.0605e-14   4652.83 1 
  4645.30 6.9429e-14   4655.58 1 
  4648.05 7.0055e-14   4658.33 1 
  4650.79 7.0429e-14   4661.08 1 
  4653.54 7.1703e-14   4663.83 1 
  4656.28 6.9856e-14   4666.58 1 
  4659.02 6.9478e-14   4669.33 1 
  4661.77 7.1740e-14   4672.08 1 
  4664.51 6.6519e-14   4674.83 1 
  4667.26 6.8088e-14   4677.58 1 
  4670.00 6.9272e-14   4680.33 1 
  4672.74 6.8258e-14   4683.08 1 
  4675.49 6.9296e-14   4685.83 1 
  4678.23 6.9748e-14   4688.58 1 
  4680.98 7.1954e-14   4691.33 1 
  4683.72 6.9042e-14   4694.08 1 
  4686.46 6.8375e-14   4696.83 1 
  4689.21 6.7543e-14   4699.58 1 
  4691.95 6.6626e-14   4702.33 1 
  4694.70 7.0058e-14   4705.08 1 
  4697.44 6.6071e-14   4707.83 1 
  4700.18 6.9456e-14   4710.58 1 
  4702.93 6.6330e-14   4713.33 1 
  4705.67 6.6469e-14   4716.08 1 
  4708.42 6.7346e-14   4718.83 1 
  4711.16 6.7875e-14   4721.58 1 
  4713.90 6.8380e-14   4724.33 1 
  4716.65 6.8774e-14   4727.08 1 
  4719.39 6.9418e-14   4729.83 1 
  4722.13 6.9640e-14   4732.58 1 
  4724.88 6.9118e-14   4735.33 1 
  4727.62 6.8357e-14   4738.08 1 
  4730.37 6.8167e-14   4740.83 1 
  4733.11 6.9117e-14   4743.58 1 
  4735.85 6.8985e-14   4746.33 1 
  4738.60 7.0628e-14   4749.08 1 
  4741.34 6.9280e-14   4751.83 1 
  4744.09 7.2110e-14   4754.58 1 
  4746.83 7.2764e-14   4757.33 1 
  4749.57 6.7893e-14   4760.08 1 
  4752.32 7.0790e-14   4762.83 1 
  4755.06 6.5957e-14   4765.58 1 
  4757.81 6.8197e-14   4768.33 1 
  4760.55 6.6668e-14   4771.08 1 
  4763.29 6.6183e-14   4773.83 1 
  4766.04 6.7904e-14   4776.58 1 
  4768.78 6.9523e-14   4779.33 1 
  4771.53 7.0991e-14   4782.08 1 
  4774.27 7.1781e-14   4784.83 1 
  4777.01 7.4352e-14   4787.58 1 
  4779.76 7.0399e-14   4790.33 1 
  4782.50 6.9935e-14   4793.08 1 
  4785.25 6.6436e-14   4795.83 1 
  4787.99 6.9448e-14   4798.58 1 
  4790.73 6.8803e-14   4801.33 1 
  4793.48 7.1293e-14   4804.08 1 
  4796.22 7.1118e-14   4806.83 1 
  4798.96 6.9838e-14   4809.58 1 
  4801.71 7.0740e-14   4812.33 1 
  4804.45 7.1519e-14   4815.08 1 
  4807.20 6.9630e-14   4817.83 1 
  4809.94 7.2353e-14   4820.58 1 
  4812.68 7.1557e-14   4823.33 1 
  4815.43 7.0423e-14   4826.08 1 
  4818.17 7.1770e-14   4828.83 1 
  4820.92 6.9925e-14   4831.58 1 
  4823.66 6.9980e-14   4834.33 1 
  4826.40 7.0694e-14   4837.08 1 
  4829.15 6.7980e-14   4839.83 1 
  4831.89 6.9683e-14   4842.58 1 
  4834.64 6.6887e-14   4845.33 1 
  4837.38 6.8138e-14   4848.08 1 
  4840.12 6.6666e-14   4850.83 1 
  4842.87 6.7159e-14   4853.58 1 
  4845.61 6.6754e-14   4856.33 1 
  4848.36 6.6954e-14   4859.08 1 
  4851.10 6.6712e-14   4861.83 1 
  4853.84 6.6460e-14   4864.58 1 
  4856.59 7.1581e-14   4867.33 1 
  4859.33 7.7587e-14   4870.08 1 
  4862.08 7.4946e-14   4872.83 1 
  4864.82 6.8271e-14   4875.58 1 
  4867.56 6.2585e-14   4878.33 1 
  4870.31 6.1108e-14   4881.08 1 
  4873.05 6.2792e-14   4883.83 1 
  4875.79 6.4101e-14   4886.58 1 
  4878.54 6.6695e-14   4889.33 1 
  4881.28 6.6404e-14   4892.08 1 
  4884.03 6.2502e-14   4894.83 1 
  4886.77 6.5794e-14   4897.58 1 
  4889.51 6.6238e-14   4900.33 1 
  4892.26 6.7674e-14   4903.08 1 
  4895.00 7.0459e-14   4905.83 1 
  4897.75 6.9846e-14   4908.58 1 
  4900.49 7.0337e-14   4911.33 1 
  4903.23 7.0317e-14   4914.08 1 
  4905.98 6.9266e-14   4916.83 1 
  4908.72 6.8475e-14   4919.58 1 
  4911.47 6.7185e-14   4922.33 1 
  4914.21 6.8772e-14   4925.08 1 
  4916.95 6.6208e-14   4927.83 1 
  4919.70 6.7749e-14   4930.58 1 
  4922.44 6.7351e-14   4933.33 1 
  4925.19 6.7313e-14   4936.08 1 
  4927.93 6.9707e-14   4938.83 1 
  4930.67 7.0883e-14   4941.58 1 
  4933.42 6.8219e-14   4944.33 1 
  4936.16 6.9029e-14   4947.08 1 
  4938.91 6.7517e-14   4949.83 1 
  4941.65 6.9945e-14   4952.58 1 
  4944.39 7.1371e-14   4955.33 1 
  4947.14 7.2032e-14   4958.08 1 
  4949.88 7.2292e-14   4960.83 1 
  4952.62 7.1105e-14   4963.58 1 
  4955.37 7.2479e-14   4966.33 1 
  4958.11 7.4968e-14   4969.08 1 
  4960.86 7.4183e-14   4971.83 1 
  4963.60 7.1543e-14   4974.58 1 
  4966.34 7.0461e-14   4977.33 1 
  4969.09 6.9699e-14   4980.08 1 
  4971.83 6.9848e-14   4982.83 1 
  4974.58 7.2597e-14   4985.58 1 
  4977.32 7.0246e-14   4988.33 1 
  4980.06 6.6664e-14   4991.08 1 
  4982.81 6.4330e-14   4993.83 1 
  4985.55 6.6997e-14   4996.58 1 
  4988.30 6.8037e-14   4999.33 1 
  4991.04 6.9416e-14   5002.08 1 
  4993.78 7.0212e-14   5004.83 1 
  4996.53 6.9488e-14   5007.58 1 
  4999.27 7.1794e-14   5010.33 1 
  5002.02 7.5642e-14   5013.08 1 
  5004.76 8.3136e-14   5015.83 1 
  5007.50 8.5434e-14   5018.58 1 
  5010.25 7.5665e-14   5021.33 1 
  5012.99 6.8019e-14   5024.08 1 
  5015.74 6.5431e-14   5026.83 1 
  5018.48 6.6660e-14   5029.58 1 
  5021.22 6.6657e-14   5032.33 1 
  5023.97 6.7397e-14   5035.08 1 
  5026.71 6.7346e-14   5037.83 1 
  5029.45 6.7021e-14   5040.58 1 
  5032.20 6.6889e-14   5043.33 1 
  5034.94 6.6373e-14   5046.08 1 
  5037.69 6.6743e-14   5048.83 1 
  5040.43 6.7102e-14   5051.58 1 
  5043.17 6.5834e-14   5054.33 1 
  5045.92 6.8181e-14   5057.08 1 
  5048.66 6.7834e-14   5059.83 1 
  5051.41 7.0123e-14   5062.58 1 
  5054.15 6.8257e-14   5065.33 1 
  5056.89 7.0378e-14   5068.08 1 
  5059.64 7.1305e-14   5070.83 1 
  5062.38 7.0154e-14   5073.58 1 
  5065.13 6.6592e-14   5076.33 1 
  5067.87 6.5577e-14   5079.08 1 
  5070.61 6.6638e-14   5081.83 1 
  5073.36 6.8423e-14   5084.58 1 
  5076.10 6.5183e-14   5087.33 1 
  5078.85 6.2671e-14   5090.08 1 
  5081.59 6.3310e-14   5092.83 1 
  5084.33 6.8572e-14   5095.58 1 
  5087.08 6.8679e-14   5098.33 1 
  5089.82 6.9050e-14   5101.08 1 
  5092.57 6.9402e-14   5103.83 1 
  5095.31 6.7888e-14   5106.58 1 
  5098.05 6.6874e-14   5109.33 1 
  5100.80 6.6651e-14   5112.08 1 
  5103.54 6.6003e-14   5114.83 1 
  5106.28 6.5498e-14   5117.58 1 
  5109.03 6.4134e-14   5120.33 1 
  5111.77 6.7646e-14   5123.08 1 
  5114.52 6.7203e-14   5125.83 1 
  5117.26 6.8559e-14   5128.58 1 
  5120.00 6.7718e-14   5131.33 1 
  5122.75 6.6172e-14   5134.08 1 
  5125.49 6.4371e-14   5136.83 1 
  5128.24 6.5532e-14   5139.58 1 
  5130.98 6.5007e-14   5142.33 1 
  5133.72 6.6202e-14   5145.08 1 
  5136.47 6.4582e-14   5147.83 1 
  5139.21 6.3446e-14   5150.58 1 
  5141.96 6.4415e-14   5153.33 1 
  5144.70 6.3437e-14   5156.08 1 
  5147.44 6.4269e-14   5158.83 1 
  5150.19 6.5660e-14   5161.58 1 
  5152.93 6.6972e-14   5164.33 1 
  5155.68 6.6216e-14   5167.08 1 
  5158.42 6.6836e-14   5169.83 1 
  5161.16 6.4073e-14   5172.58 1 
  5163.91 6.1293e-14   5175.33 1 
  5166.65 6.0329e-14   5178.08 1 
  5169.40 5.7342e-14   5180.83 1 
  5172.14 5.9268e-14   5183.58 1 
  5174.88 6.1817e-14   5186.33 1 
  5177.63 6.3123e-14   5189.08 1 
  5180.37 6.1596e-14   5191.83 1 
  5183.12 6.2739e-14   5194.58 1 
  5185.86 6.1450e-14   5197.33 1 
  5188.60 6.2359e-14   5200.08 1 
  5191.35 6.3773e-14   5202.83 1 
  5194.09 6.3473e-14   5205.58 1 
  5196.83 6.5922e-14   5208.33 1 
  5199.58 6.5410e-14   5211.08 1 
  5202.32 6.4681e-14   5213.83 1 
  5205.07 6.2919e-14   5216.58 1 
  5207.81 6.2019e-14   5219.33 1 
  5210.55 6.5766e-14   5222.08 1 
  5213.30 6.3871e-14   5224.83 1 
  5216.04 6.5586e-14   5227.58 1 
  5218.79 6.6217e-14   5230.33 1 
  5221.53 6.6536e-14   5233.08 1 
  5224.27 6.5901e-14   5235.83 1 
  5227.02 6.3786e-14   5238.58 1 
  5229.76 6.4366e-14   5241.33 1 
  5232.51 6.6281e-14   5244.08 1 
  5235.25 6.6862e-14   5246.83 1 
  5237.99 6.9869e-14   5249.58 1 
  5240.74 6.9099e-14   5252.33 1 
  5243.48 6.7278e-14   5255.08 1 
  5246.23 6.7261e-14   5257.83 1 
  5248.97 6.6717e-14   5260.58 1 
  5251.71 6.7776e-14   5263.33 1 
  5254.46 6.7333e-14   5266.08 1 
  5257.20 6.8716e-14   5268.83 1 
  5259.95 6.4498e-14   5271.58 1 
  5262.69 6.3429e-14   5274.33 1 
  5265.43 6.1121e-14   5277.08 1 
  5268.18 6.2110e-14   5279.83 1 
  5270.92 6.1477e-14   5282.58 1 
  5273.66 6.4381e-14   5285.33 1 
  5276.41 6.6410e-14   5288.08 1 
  5279.15 6.8645e-14   5290.83 1 
  5281.90 6.7697e-14   5293.58 1 
  5284.64 6.9523e-14   5296.33 1 
  5287.38 6.9278e-14   5299.08 1 
  5290.13 6.9797e-14   5301.83 1 
  5292.87 6.9348e-14   5304.58 1 
  5295.62 6.9121e-14   5307.33 1 
  5298.36 6.7590e-14   5310.08 1 
  5301.10 6.8155e-14   5312.83 1 
  5303.85 6.9545e-14   5315.58 1 
  5306.59 7.2103e-14   5318.33 1 
  5309.34 7.2144e-14   5321.08 1 
  5312.08 7.1684e-14   5323.83 1 
  5314.82 7.0120e-14   5326.58 1 
  5317.57 7.0102e-14   5329.33 1 
  5320.31 6.9202e-14   5332.08 1 
  5323.06 6.6743e-14   5334.83 1 
  5325.80 6.7113e-14   5337.58 1 
  5328.54 6.5554e-14   5340.33 1 
  5331.29 6.6871e-14   5343.08 1 
  5334.03 7.0768e-14   5345.83 1 
  5336.78 6.9166e-14   5348.58 1 
  5339.52 6.9163e-14   5351.33 1 
  5342.26 7.0308e-14   5354.08 1 
  5345.01 6.9645e-14   5356.83 1 
  5347.75 7.1087e-14   5359.58 1 
  5350.49 7.1462e-14   5362.33 1 
  5353.24 7.1636e-14   5365.08 1 
  5355.98 7.2104e-14   5367.83 1 
  5358.73 7.2298e-14   5370.58 1 
  5361.47 7.1769e-14   5373.33 1 
  5364.21 6.8079e-14   5376.08 1 
  5366.96 6.7792e-14   5378.83 1 
  5369.70 6.9578e-14   5381.58 1 
  5372.45 6.8309e-14   5384.33 1 
  5375.19 6.8501e-14   5387.08 1 
  5377.93 7.0905e-14   5389.83 1 
  5380.68 6.8505e-14   5392.58 1 
  5383.42 7.0923e-14   5395.33 1 
  5386.17 7.1053e-14   5398.08 1 
  5388.91 6.8776e-14   5400.83 1 
  5391.65 6.7567e-14   5403.58 1 
  5394.40 6.7247e-14   5406.33 1 
  5397.14 6.8871e-14   5409.08 1 
  5399.89 6.6127e-14   5411.83 1 
  5402.63 6.5776e-14   5414.58 1 
  5405.37 6.4921e-14   5417.33 1 
  5408.12 6.4782e-14   5420.08 1 
  5410.86 6.7961e-14   5422.83 1 
  5413.61 7.1604e-14   5425.58 1 
  5416.35 7.1543e-14   5428.33 1 
  5419.09 7.1829e-14   5431.08 1 
  5421.84 6.7580e-14   5433.83 1 
  5424.58 6.7817e-14   5436.58 1 
  5427.32 6.8157e-14   5439.33 1 
  5430.07 6.7467e-14   5442.08 1 
  5432.81 6.8141e-14   5444.83 1 
  5435.56 6.9893e-14   5447.58 1 
  5438.30 7.0115e-14   5450.33 1 
  5441.04 7.2294e-14   5453.08 1 
  5443.79 6.8909e-14   5455.83 1 
  5446.53 6.8125e-14   5458.58 1 
  5449.28 6.9057e-14   5461.33 1 
  5452.02 7.0124e-14   5464.08 1 
  5454.76 6.8397e-14   5466.83 1 
  5457.51 7.0862e-14   5469.58 1 
  5460.25 6.6677e-14   5472.33 1 
  5463.00 6.7611e-14   5475.08 1 
  5465.74 6.7602e-14   5477.83 1 
  5468.48 6.9631e-14   5480.58 1 
  5471.23 7.0073e-14   5483.33 1 
  5473.97 6.7274e-14   5486.08 1 
  5476.72 6.7147e-14   5488.83 1 
  5479.46 6.9170e-14   5491.58 1 
  5482.20 6.8813e-14   5494.33 1 
  5484.95 6.9371e-14   5497.08 1 
  5487.69 7.0158e-14   5499.83 1 
  5490.44 6.6405e-14   5502.58 1 
  5493.18 7.0807e-14   5505.33 1 
  5495.92 6.7818e-14   5508.08 1 
  5498.67 6.9248e-14   5510.83 1 
  5501.41 6.8186e-14   5513.58 1 
  5504.15 6.9321e-14   5516.33 1 
  5506.90 6.9030e-14   5519.08 1 
  5509.64 6.7187e-14   5521.83 1 
  5512.39 6.8169e-14   5524.58 1 
  5515.13 6.8117e-14   5527.33 1 
  5517.87 7.0545e-14   5530.08 1 
  5520.62 7.1505e-14   5532.83 1 
  5523.36 6.9547e-14   5535.58 1 
  5526.11 6.9298e-14   5538.33 1 
  5528.85 6.7409e-14   5541.08 1 
  5531.59 6.8508e-14   5543.83 1 
  5534.34 7.0178e-14   5546.58 1 
  5537.08 6.9235e-14   5549.33 1 
  5539.83 6.9528e-14   5552.08 1 
  5542.57 6.8898e-14   5554.83 1 
  5545.31 7.1674e-14   5557.58 1 
  5548.06 6.7264e-14   5560.33 1 
  5550.80 7.1054e-14   5563.08 1 
  5553.55 7.0866e-14   5565.83 1 
  5556.29 7.1826e-14   5568.58 1 
  5559.03 6.8474e-14   5571.33 1 
  5561.78 6.9231e-14   5574.08 1 
  5564.52 6.8592e-14   5576.83 1 
  5567.27 6.8700e-14   5579.58 1 
  5570.01 6.9910e-14   5582.33 1 
  5572.75 6.8683e-14   5585.08 1 
  5575.50 6.6628e-14   5587.83 1 
  5578.24 7.0100e-14   5590.58 1 
  5580.98 6.8149e-14   5593.33 1 
  5583.73 6.6323e-14   5596.08 1 
  5586.47 6.6319e-14   5598.83 1 
  5589.22 6.5653e-14   5601.58 1 
  5591.96 6.6136e-14   5604.33 1 
  5594.70 6.9304e-14   5607.08 1 
  5597.45 6.7028e-14   5609.83 1 
  5600.19 6.8421e-14   5612.58 1 
  5602.94 6.9674e-14   5615.33 1 
  5605.68 7.0653e-14   5618.08 1 
  5608.42 6.9961e-14   5620.83 1 
  5611.17 6.9503e-14   5623.58 1 
  5613.91 6.7852e-14   5626.33 1 
  5616.66 6.5961e-14   5629.08 1 
  5619.40 6.7249e-14   5631.83 1 
  5622.14 6.7209e-14   5634.58 1 
  5624.89 6.9911e-14   5637.33 1 
  5627.63 6.9555e-14   5640.08 1 
  5630.38 7.1052e-14   5642.83 1 
  5633.12 6.9590e-14   5645.58 1 
  5635.86 6.8264e-14   5648.33 1 
  5638.61 6.8715e-14   5651.08 1 
  5641.35 7.0091e-14   5653.83 1 
  5644.10 6.8709e-14   5656.58 1 
  5646.84 6.8019e-14   5659.33 1 
  5649.58 6.7699e-14   5662.08 1 
  5652.33 6.6402e-14   5664.83 1 
  5655.07 6.7723e-14   5667.58 1 
  5657.81 6.6786e-14   5670.33 1 
  5660.56 6.7232e-14   5673.08 1 
  5663.30 6.7252e-14   5675.83 1 
  5666.05 6.8924e-14   5678.58 1 
  5668.79 7.1138e-14   5681.33 1 
  5671.53 7.0831e-14   5684.08 1 
  5674.28 7.0549e-14   5686.83 1 
  5677.02 7.0217e-14   5689.58 1 
  5679.77 6.7639e-14   5692.33 1 
  5682.51 6.7574e-14   5695.08 1 
  5685.25 6.8253e-14   5697.83 1 
  5688.00 6.6891e-14   5700.58 1 
  5690.74 7.0895e-14   5703.33 1 
  5693.49 6.9679e-14   5706.08 1 
  5696.23 6.7962e-14   5708.83 1 
  5698.97 6.9439e-14   5711.58 1 
  5701.72 6.8674e-14   5714.33 1 
  5704.46 6.8034e-14   5717.08 1 
  5707.21 6.6382e-14   5719.83 1 
  5709.95 6.6561e-14   5722.58 1 
  5712.69 6.6838e-14   5725.33 1 
  5715.44 6.7907e-14   5728.08 1 
  5718.18 7.1138e-14   5730.83 1 
  5720.93 7.0566e-14   5733.58 1 
  5723.67 7.0983e-14   5736.33 1 
  5726.41 7.0627e-14   5739.08 1 
  5729.16 7.1539e-14   5741.83 1 
  5731.90 7.0126e-14   5744.58 1 
  5734.65 7.1974e-14   5747.33 1 
  5737.39 7.0209e-14   5750.08 1 
  5740.13 6.9847e-14   5752.83 1 
  5742.88 6.9688e-14   5755.58 1 
  5745.62 6.9548e-14   5758.33 1 
  5748.36 7.0591e-14   5761.08 1 
  5751.11 7.0677e-14   5763.83 1 
  5753.85 7.1389e-14   5766.58 1 
  5756.60 6.8885e-14   5769.33 1 
  5759.34 7.0254e-14   5772.08 1 
  5762.08 7.0261e-14   5774.83 1 
  5764.83 7.1836e-14   5777.58 1 
  5767.57 7.1358e-14   5780.33 1 
  5770.32 7.0098e-14   5783.08 1 
  5773.06 7.1371e-14   5785.83 1 
  5775.80 6.9288e-14   5788.58 1 
  5778.55 6.8090e-14   5791.33 1 
  5781.29 6.7153e-14   5794.08 1 
  5784.04 6.7177e-14   5796.83 1 
  5786.78 6.8759e-14   5799.58 1 
  5789.52 6.9801e-14   5802.33 1 
  5792.27 6.9808e-14   5805.08 1 
  5795.01 7.0566e-14   5807.83 1 
  5797.76 6.9882e-14   5810.58 1 
  5800.50 6.9076e-14   5813.33 1 
  5803.24 7.0777e-14   5816.08 1 
  5805.99 7.0620e-14   5818.83 1 
  5808.73 7.0754e-14   5821.58 1 
  5811.48 7.0493e-14   5824.33 1 
  5814.22 6.9547e-14   5827.08 1 
  5816.96 7.0379e-14   5829.83 1 
  5819.71 7.2286e-14   5832.58 1 
  5822.45 7.2649e-14   5835.33 1 
  5825.19 7.2181e-14   5838.08 1 
  5827.94 7.2081e-14   5840.83 1 
  5830.68 7.0134e-14   5843.58 1 
  5833.43 7.1069e-14   5846.33 1 
  5836.17 7.2171e-14   5849.08 1 
  5838.91 6.9526e-14   5851.83 1 
  5841.66 6.9746e-14   5854.58 1 
  5844.40 6.8969e-14   5857.33 1 
  5847.15 6.9339e-14   5860.08 1 
  5849.89 7.1978e-14   5862.83 1 
  5852.63 6.7326e-14   5865.58 1 
  5855.38 6.8318e-14   5868.33 1 
  5858.12 6.8847e-14   5871.08 1 
  5860.87 6.8738e-14   5873.83 1 
  5863.61 6.9073e-14   5876.58 1 
  5866.35 6.9872e-14   5879.33 1 
  5869.10 7.0809e-14   5882.08 1 
  5871.84 6.9561e-14   5884.83 1 
  5874.59 6.9325e-14   5887.58 1 
  5877.33 6.9674e-14   5890.33 1 
  5880.07 6.9437e-14   5893.08 1 
  5882.82 6.4356e-14   5895.83 1 
  5885.56 6.3027e-14   5898.58 1 
  5888.31 6.0650e-14   5901.33 1 
  5891.05 6.0471e-14   5904.08 1 
  5893.79 6.0758e-14   5906.83 1 
  5896.54 6.4149e-14   5909.58 1 
  5899.28 6.5799e-14   5912.33 1 
  5902.02 6.8344e-14   5915.08 1 
  5904.77 6.8546e-14   5917.83 1 
  5907.51 6.7735e-14   5920.58 1 
  5910.26 6.7611e-14   5923.33 1 
  5913.00 6.8496e-14   5926.08 1 
  5915.74 6.9271e-14   5928.83 1 
  5918.49 6.9827e-14   5931.58 1 
  5921.23 6.6281e-14   5934.33 1 
  5923.98 6.7541e-14   5937.08 1 
  5926.72 6.8976e-14   5939.83 1 
  5929.46 6.9247e-14   5942.58 1 
  5932.21 6.8614e-14   5945.33 1 
  5934.95 6.8105e-14   5948.08 1 
  5937.70 6.7870e-14   5950.83 1 
  5940.44 6.8278e-14   5953.58 1 
  5943.18 6.6769e-14   5956.33 1 
  5945.93 6.7287e-14   5959.08 1 
  5948.67 6.8820e-14   5961.83 1 
  5951.42 7.0600e-14   5964.58 1 
  5954.16 6.9901e-14   5967.33 1 
  5956.90 6.9596e-14   5970.08 1 
  5959.65 6.8561e-14   5972.83 1 
  5962.39 6.8986e-14   5975.58 1 
  5965.14 7.1370e-14   5978.33 1 
  5967.88 7.2276e-14   5981.08 1 
  5970.62 7.1723e-14   5983.83 1 
  5973.37 6.8866e-14   5986.58 1 
  5976.11 7.0246e-14   5989.33 1 
  5978.85 6.5804e-14   5992.08 1 
  5981.60 6.5299e-14   5994.83 1 
  5984.34 6.5834e-14   5997.58 1 
  5987.09 6.8527e-14   6000.33 1 
  5989.83 6.8211e-14   6003.08 1 
  5992.57 6.8270e-14   6005.83 1 
  5995.32 6.7374e-14   6008.58 1 
  5998.06 6.8165e-14   6011.33 1 
  6000.81 6.5582e-14   6014.08 1 
  6003.55 6.5941e-14   6016.83 1 
  6006.29 6.7121e-14   6019.58 1 
  6009.04 6.7463e-14   6022.33 1 
  6011.78 6.6521e-14   6025.08 1 
  6014.53 6.6191e-14   6027.83 1 
  6017.27 6.4596e-14   6030.58 1 
  6020.01 6.7923e-14   6033.33 1 
  6022.76 6.9636e-14   6036.08 1 
  6025.50 6.8536e-14   6038.83 1 
  6028.25 6.7895e-14   6041.58 1 
  6030.99 6.8317e-14   6044.33 1 
  6033.73 6.6483e-14   6047.08 1 
  6036.48 6.7449e-14   6049.83 1 
  6039.22 6.7872e-14   6052.58 1 
  6041.97 6.8016e-14   6055.33 1 
  6044.71 6.8461e-14   6058.08 1 
  6047.45 6.7945e-14   6060.83 1 
  6050.20 7.0071e-14   6063.58 1 
  6052.94 6.9214e-14   6066.33 1 
  6055.68 6.8597e-14   6069.08 1 
  6058.43 6.9065e-14   6071.83 1 
  6061.17 6.8329e-14   6074.58 1 
  6063.92 6.8697e-14   6077.33 1 
  6066.66 6.9432e-14   6080.08 1 
  6069.40 7.0802e-14   6082.83 1 
  6072.15 6.8458e-14   6085.58 1 
  6074.89 6.8178e-14   6088.33 1 
  6077.64 6.6743e-14   6091.08 1 
  6080.38 6.7993e-14   6093.83 1 
  6083.12 6.7951e-14   6096.58 1 
  6085.87 6.8762e-14   6099.33 1 
  6088.61 6.7308e-14   6102.08 1 
  6091.36 6.7678e-14   6104.83 1 
  6094.10 6.6747e-14   6107.58 1 
  6096.84 6.7133e-14   6110.33 1 
  6099.59 6.5733e-14   6113.08 1 
  6102.33 6.6486e-14   6115.83 1 
  6105.08 6.7309e-14   6118.58 1 
  6107.82 6.8421e-14   6121.33 1 
  6110.56 6.9360e-14   6124.08 1 
  6113.31 6.8912e-14   6126.83 1 
  6116.05 6.7572e-14   6129.58 1 
  6118.80 6.7749e-14   6132.33 1 
  6121.54 6.7876e-14   6135.08 1 
  6124.28 6.6441e-14   6137.83 1 
  6127.03 6.9215e-14   6140.58 1 
  6129.77 6.7419e-14   6143.33 1 
  6132.51 6.5798e-14   6146.08 1 
  6135.26 6.4832e-14   6148.83 1 
  6138.00 6.5285e-14   6151.58 1 
  6140.75 6.6091e-14   6154.33 1 
  6143.49 6.6589e-14   6157.08 1 
  6146.23 6.7627e-14   6159.83 1 
  6148.98 6.7201e-14   6162.58 1 
  6151.72 6.7837e-14   6165.33 1 
  6154.47 6.7120e-14   6168.08 1 
  6157.21 6.4242e-14   6170.83 1 
  6159.95 6.3928e-14   6173.58 1 
  6162.70 6.4588e-14   6176.33 1 
  6165.44 6.3837e-14   6179.08 1 
  6168.19 6.1887e-14   6181.83 1 
  6170.93 6.3874e-14   6184.58 1 
  6173.67 6.4611e-14   6187.33 1 
  6176.42 6.3811e-14   6190.08 1 
  6179.16 6.6300e-14   6192.83 1 
  6181.91 6.6397e-14   6195.58 1 
  6184.65 6.4378e-14   6198.33 1 
  6187.39 6.4048e-14   6201.08 1 
  6190.14 6.3542e-14   6203.83 1 
  6192.88 6.5201e-14   6206.58 1 
  6195.63 6.5501e-14   6209.33 1 
  6198.37 6.4822e-14   6212.08 1 
  6201.11 6.5507e-14   6214.83 1 
  6203.86 6.7336e-14   6217.58 1 
  6206.60 6.6672e-14   6220.33 1 
  6209.35 6.5863e-14   6223.08 1 
  6212.09 6.3779e-14   6225.83 1 
  6214.83 6.5170e-14   6228.58 1 
  6217.58 6.5336e-14   6231.33 1 
  6220.32 6.3865e-14   6234.08 1 
  6223.06 6.3341e-14   6236.83 1 
  6225.81 6.3385e-14   6239.58 1 
  6228.55 6.4730e-14   6242.33 1 
  6231.30 6.3903e-14   6245.08 1 
  6234.04 6.4460e-14   6247.83 1 
  6236.78 6.4789e-14   6250.58 1 
  6239.53 6.4672e-14   6253.33 1 
  6242.27 6.4040e-14   6256.08 1 
  6245.02 6.3556e-14   6258.83 1 
  6247.76 6.4064e-14   6261.58 1 
  6250.50 6.3071e-14   6264.33 1 
  6253.25 6.4048e-14   6267.08 1 
  6255.99 6.1905e-14   6269.83 1 
  6258.74 6.0997e-14   6272.58 1 
  6261.48 6.3702e-14   6275.33 1 
  6264.22 6.5600e-14   6278.08 1 
  6266.97 6.2956e-14   6280.83 1 
  6269.71 6.5833e-14   6283.58 1 
  6272.46 6.3424e-14   6286.33 1 
  6275.20 6.7073e-14   6289.08 1 
  6277.94 6.3734e-14   6291.83 1 
  6280.69 6.6559e-14   6294.58 1 
  6283.43 6.5751e-14   6297.33 1 
  6286.18 6.7932e-14   6300.08 1 
  6288.92 5.8115e-14   6302.83 1 
  6291.66 5.6519e-14   6305.58 1 
  6294.41 6.8372e-14   6308.33 1 
  6297.15 6.4339e-14   6311.08 1 
  6299.89 6.8798e-14   6313.83 1 
  6302.64 6.8133e-14   6316.58 1 
  6305.38 6.7175e-14   6319.33 1 
  6308.13 6.8565e-14   6322.08 1 
  6310.87 6.6871e-14   6324.83 1 
  6313.61 6.4759e-14   6327.58 1 
  6316.36 6.3635e-14   6330.33 1 
  6319.10 6.5478e-14   6333.08 1 
  6321.85 6.6497e-14   6335.83 1 
  6324.59 6.5240e-14   6338.58 1 
  6327.33 6.6652e-14   6341.33 1 
  6330.08 6.5825e-14   6344.08 1 
  6332.82 6.7658e-14   6346.83 1 
  6335.57 6.8242e-14   6349.58 1 
  6338.31 6.4464e-14   6352.33 1 
  6341.05 6.4133e-14   6355.08 1 
  6343.80 6.5435e-14   6357.83 1 
  6346.54 6.7428e-14   6360.58 1 
  6349.29 6.5188e-14   6363.33 1 
  6352.03 6.7003e-14   6366.08 1 
  6354.77 6.6246e-14   6368.83 1 
  6357.52 6.3351e-14   6371.58 1 
  6360.26 6.6555e-14   6374.33 1 
  6363.01 6.8056e-14   6377.08 1 
  6365.75 6.3555e-14   6379.83 1 
  6368.49 6.6633e-14   6382.58 1 
  6371.24 6.5854e-14   6385.33 1 
  6373.98 6.3991e-14   6388.08 1 
  6376.72 6.9400e-14   6390.83 1 
  6379.47 6.6725e-14   6393.58 1 
  6382.21 6.6954e-14   6396.33 1 
  6384.96 6.7075e-14   6399.08 1 
  6387.70 6.7810e-14   6401.83 1 
  6390.44 6.5094e-14   6404.58 1 
  6393.19 6.5420e-14   6407.33 1 
  6395.93 6.6770e-14   6410.08 1 
  6398.68 6.7289e-14   6412.83 1 
  6401.42 6.8001e-14   6415.58 1 
  6404.16 6.6597e-14   6418.33 1 
  6406.91 6.5256e-14   6421.08 1 
  6409.65 6.5693e-14   6423.83 1 
  6412.40 6.5865e-14   6426.58 1 
  6415.14 6.5567e-14   6429.33 1 
  6417.88 6.5756e-14   6432.08 1 
  6420.63 6.6833e-14   6434.83 1 
  6423.37 6.7146e-14   6437.58 1 
  6426.12 6.7052e-14   6440.33 1 
  6428.86 6.5637e-14   6443.08 1 
  6431.60 6.5165e-14   6445.83 1 
  6434.35 6.5795e-14   6448.58 1 
  6437.09 6.5566e-14   6451.33 1 
  6439.84 6.5801e-14   6454.08 1 
  6442.58 6.6425e-14   6456.83 1 
  6445.32 6.6475e-14   6459.58 1 
  6448.07 6.5090e-14   6462.33 1 
  6450.81 6.6150e-14   6465.08 1 
  6453.55 6.6598e-14   6467.83 1 
  6456.30 6.4078e-14   6470.58 1 
  6459.04 6.3841e-14   6473.33 1 
  6461.79 6.5151e-14   6476.08 1 
  6464.53 6.8597e-14   6478.83 1 
  6467.27 6.7310e-14   6481.58 1 
  6470.02 6.8146e-14   6484.33 1 
  6472.76 6.7910e-14   6487.08 1 
  6475.51 6.7914e-14   6489.83 1 
  6478.25 6.8038e-14   6492.58 1 
  6480.99 6.8170e-14   6495.33 1 
  6483.74 6.5171e-14   6498.08 1 
  6486.48 6.6819e-14   6500.83 1 
  6489.23 6.3408e-14   6503.58 1 
  6491.97 6.2794e-14   6506.33 1 
  6494.71 6.1645e-14   6509.08 1 
  6497.46 6.2433e-14   6511.83 1 
  6500.20 6.3232e-14   6514.58 1 
  6502.95 6.4462e-14   6517.33 1 
  6505.69 6.7537e-14   6520.08 1 
  6508.43 6.6268e-14   6522.83 1 
  6511.18 6.7766e-14   6525.58 1 
  6513.92 6.6727e-14   6528.33 1 
  6516.67 6.3908e-14   6531.08 1 
  6519.41 6.7418e-14   6533.83 1 
  6522.15 6.5165e-14   6536.58 1 
  6524.90 6.6701e-14   6539.33 1 
  6527.64 6.5790e-14   6542.08 1 
  6530.38 6.6335e-14   6544.83 1 
  6533.13 6.7487e-14   6547.58 1 
  6535.87 6.7841e-14   6550.33 1 
  6538.62 7.0929e-14   6553.08 1 
  6541.36 6.9999e-14   6555.83 1 
  6544.10 7.3736e-14   6558.58 1 
  6546.85 7.3051e-14   6561.33 1 
  6549.59 7.6044e-14   6564.08 1 
  6552.34 6.9546e-14   6566.83 1 
  6555.08 7.7215e-14   6569.58 1 
  6557.82 1.1351e-13   6572.33 1 
  6560.57 1.5087e-13   6575.08 1 
  6563.31 1.4659e-13   6577.83 1 
  6566.06 1.0483e-13   6580.58 1 
  6568.80 7.4185e-14   6583.33 1 
  6571.54 6.7128e-14   6586.08 1 
  6574.29 6.6825e-14   6588.83 1 
  6577.03 7.4567e-14   6591.58 1 
  6579.78 8.9596e-14   6594.33 1 
  6582.52 9.7211e-14   6597.08 1 
  6585.26 8.7653e-14   6599.83 1 
  6588.01 7.3723e-14   6602.58 1 
  6590.75 6.8392e-14   6605.33 1 
  6593.50 6.4035e-14   6608.08 1 
  6596.24 6.3938e-14   6610.83 1 
  6598.98 6.5708e-14   6613.58 1 
  6601.73 6.4561e-14   6616.33 1 
  6604.47 6.4537e-14   6619.08 1 
  6607.21 6.4736e-14   6621.83 1 
  6609.96 6.5354e-14   6624.58 1 
  6612.70 6.7804e-14   6627.33 1 
  6615.45 6.7205e-14   6630.08 1 
  6618.19 6.6673e-14   6632.83 1 
  6620.93 6.5327e-14   6635.58 1 
  6623.68 6.5502e-14   6638.33 1 
  6626.42 6.6249e-14   6641.08 1 
  6629.17 6.5835e-14   6643.83 1 
  6631.91 6.4877e-14   6646.58 1 
  6634.65 6.5318e-14   6649.33 1 
  6637.40 6.5754e-14   6652.08 1 
  6640.14 6.6268e-14   6654.83 1 
  6642.89 6.4966e-14   6657.58 1 
  6645.63 6.3612e-14   6660.33 1 
  6648.37 6.5618e-14   6663.08 1 
  6651.12 6.5752e-14   6665.83 1 
  6653.86 6.5903e-14   6668.58 1 
  6656.61 6.5890e-14   6671.33 1 
  6659.35 6.5470e-14   6674.08 1 
  6662.09 6.6607e-14   6676.83 1 
  6664.84 6.5570e-14   6679.58 1 
  6667.58 6.6132e-14   6682.33 1 
  6670.33 6.5359e-14   6685.08 1 
  6673.07 6.6237e-14   6687.83 1 
  6675.81 6.7152e-14   6690.58 1 
  6678.56 6.7771e-14   6693.33 1 
  6681.30 6.6647e-14   6696.08 1 
  6684.04 6.6427e-14   6698.83 1 
  6686.79 6.5267e-14   6701.58 1 
  6689.53 6.6639e-14   6704.33 1 
  6692.28 6.3532e-14   6707.08 1 
  6695.02 6.5395e-14   6709.83 1 
  6697.76 6.7276e-14   6712.58 1 
  6700.51 6.5375e-14   6715.33 1 
  6703.25 6.5022e-14   6718.08 1 
  6706.00 6.6126e-14   6720.83 1 
  6708.74 6.6956e-14   6723.58 1 
  6711.48 7.6003e-14   6726.33 1 
  6714.23 8.4237e-14   6729.08 1 
  6716.97 8.2399e-14   6731.83 1 
  6719.72 7.4308e-14   6734.58 1 
  6722.46 6.9749e-14   6737.33 1 
  6725.20 7.1862e-14   6740.08 1 
  6727.95 7.6266e-14   6742.83 1 
  6730.69 7.4615e-14   6745.58 1 
  6733.44 7.1529e-14   6748.33 1 
  6736.18 6.3927e-14   6751.08 1 
  6738.92 6.4297e-14   6753.83 1 
  6741.67 6.0981e-14   6756.58 1 
  6744.41 6.3646e-14   6759.33 1 
  6747.16 6.3306e-14   6762.08 1 
  6749.90 6.2982e-14   6764.83 1 
  6752.64 6.3145e-14   6767.58 1 
  6755.39 6.4668e-14   6770.33 1 
  6758.13 6.3409e-14   6773.08 1 
  6760.88 6.6668e-14   6775.83 1 
  6763.62 6.4056e-14   6778.58 1 
  6766.36 6.4119e-14   6781.33 1 
  6769.11 6.2955e-14   6784.08 1 
  6771.85 6.3222e-14   6786.83 1 
  6774.59 6.3618e-14   6789.58 1 
  6777.34 6.4830e-14   6792.33 1 
  6780.08 6.3722e-14   6795.08 1 
  6782.83 6.2378e-14   6797.83 1 
  6785.57 6.4930e-14   6800.58 1 
  6788.31 6.3836e-14   6803.33 1 
  6791.06 6.1239e-14   6806.08 1 
  6793.80 6.1255e-14   6808.83 1 
  6796.55 6.2274e-14   6811.58 1 
  6799.29 6.4160e-14   6814.33 1 
  6802.03 6.3212e-14   6817.08 1 
  6804.78 6.2054e-14   6819.83 1 
  6807.52 6.3379e-14   6822.58 1 
  6810.27 6.4733e-14   6825.33 1 
  6813.01 6.5119e-14   6828.08 1 
  6824.02 6.4601e-14   6839.12 0 
  6839.75 6.4707e-14   6854.88 0 
  6855.52 6.4515e-14   6870.68 0 
  6871.32 6.1428e-14   6886.52 0 
  6887.16 6.3252e-14   6902.40 0 
  6903.04 6.3502e-14   6918.31 0 
  6918.95 6.3899e-14   6934.26 0 
  6934.90 6.2834e-14   6950.24 0 
  6950.89 6.5298e-14   6966.26 0 
  6966.91 6.4804e-14   6982.33 0 
  6982.97 6.3872e-14   6998.42 0 
  6999.07 6.5164e-14   7014.55 0 
  7015.20 6.4522e-14   7030.72 0 
  7031.38 6.2721e-14   7046.93 0 
  7047.59 6.6544e-14   7063.18 0 
  7063.83 6.2778e-14   7079.46 0 
  7080.12 6.3315e-14   7095.78 0 
  7096.44 5.9184e-14   7112.14 0 
  7112.80 6.0380e-14   7128.53 0 
  7129.20 6.0199e-14   7144.96 0 
  7145.63 5.8652e-14   7161.43 0 
  7162.10 5.9563e-14   7177.94 0 
  7178.61 5.9521e-14   7194.49 0 
  7195.16 5.5000e-14   7211.08 0 
  7211.74 5.8083e-14   7227.70 0 
  7228.37 5.9943e-14   7244.36 0 
  7245.03 6.0454e-14   7261.06 0 
  7261.73 6.0411e-14   7277.80 0 
  7278.47 6.1066e-14   7294.57 0 
  7295.25 6.0463e-14   7311.39 0 
  7312.07 6.2398e-14   7328.25 0 
  7328.93 6.3658e-14   7345.14 0 
  7345.82 6.5243e-14   7362.07 0 
  7362.76 6.0984e-14   7379.04 0 
  7379.73 6.5448e-14   7396.05 0 
  7396.74 6.2456e-14   7413.10 0 
  7413.79 6.4752e-14   7430.19 0 
  7430.88 6.2364e-14   7447.32 0 
  7448.01 6.3330e-14   7464.49 0 
  7465.18 6.5206e-14   7481.70 0 
  7482.39 6.4115e-14   7498.94 0 
  7499.64 6.3188e-14   7516.23 0 
  7516.93 6.4019e-14   7533.56 0 
  7534.26 6.5460e-14   7550.92 0 
  7551.62 6.6321e-14   7568.33 0 
  7569.04 6.4762e-14   7585.78 0 
  7586.48 6.4712e-14   7603.26 0 
  7603.97 6.3337e-14   7620.79 0 
  7621.50 6.2997e-14   7638.36 0 
  7639.07 6.1942e-14   7655.97 0 
  7656.68 6.1752e-14   7673.61 0 
  7674.33 5.4490e-14   7691.30 0 
  7692.02 6.0392e-14   7709.04 0 
  7709.75 5.5162e-14   7726.81 0 
  7727.52 5.9607e-14   7744.62 0 
  7745.34 6.0528e-14   7762.47 0 
  7763.19 5.9240e-14   7780.37 0 
  7781.09 5.7846e-14   7798.30 0 
  7799.02 5.8739e-14   7816.28 0 
  7817.01 5.8558e-14   7834.30 0 
  7835.02 6.0012e-14   7852.36 0 
  7853.09 6.0380e-14   7870.46 0 
  7871.19 6.0192e-14   7888.60 0 
  7889.33 5.9046e-14   7906.79 0 
  7907.52 5.8593e-14   7925.01 0 
  7925.75 5.6427e-14   7943.28 0 
  7944.02 5.7828e-14   7961.59 0 
  7962.33 5.8450e-14   7979.95 0 
  7980.69 5.9079e-14   7998.34 0 
  7999.09 5.9576e-14   8016.78 0 
  8017.53 5.8982e-14   8035.26 0 
  8036.01 5.6151e-14   8053.78 0 
  8054.53 5.7810e-14   8072.35 0 
  8073.10 6.0484e-14   8090.96 0 
  8091.71 5.8382e-14   8109.61 0 
  8110.37 5.9692e-14   8128.31 0 
  8129.06 5.9505e-14   8147.04 0 
  8147.80 5.9729e-14   8165.82 0 
  8166.59 5.9816e-14   8184.65 0 
  8185.41 5.8003e-14   8203.52 0 
  8204.28 5.3344e-14   8222.43 0 
  8223.19 5.8441e-14   8241.38 0 
  8242.15 5.6020e-14   8260.38 0 
  8261.15 5.9837e-14   8279.42 0 
  8280.19 5.9786e-14   8298.51 0 
  8299.28 5.6523e-14   8317.64 0 
  8318.41 5.6604e-14   8336.81 0 
  8337.59 5.6295e-14   8356.03 0 
  8356.81 5.6246e-14   8375.29 0 
  8376.07 5.8441e-14   8394.60 0 
  8395.38 5.4744e-14   8413.95 0 
  8414.74 5.8070e-14   8433.35 0 
  8434.13 5.5026e-14   8452.79 0 
  8453.57 5.4978e-14   8472.27 0 
  8473.06 5.4929e-14   8491.80 0 
  8492.60 5.5516e-14   8511.38 0 
  8512.17 5.3214e-14   8531.00 0 
  8531.79 5.5289e-14   8550.67 0 
  8551.46 3.2155e-14   8570.38 0 
  8571.18 5.5190e-14   8590.14 0 
  8590.93 5.4009e-14   8609.94 0 
  8610.74 5.4585e-14   8629.79 0 
  8630.59 5.4285e-14   8649.68 0 
  8650.48 5.5243e-14   8669.62 0 
  8670.42 3.5228e-14   8689.60 0 
  8690.41 5.2660e-14   8709.64 0 
  8710.45 5.3344e-14   8729.71 0 
  8730.52 5.5806e-14   8749.84 0 
  8750.65 5.3614e-14   8770.01 0 
  8770.82 5.5319e-14   8790.23 0 
  8791.04 5.5395e-14   8810.49 0 
  8811.31 5.4710e-14   8830.80 0 
  8831.62 5.3661e-14   8851.16 0 
  8851.98 5.4733e-14   8871.56 0 
  8872.38 4.9185e-14   8892.01 0 
  8892.84 5.1692e-14   8912.51 0 
  8913.34 5.2846e-14   8933.05 0 
  8933.88 5.2432e-14   8953.65 0 
  8954.48 5.0487e-14   8974.29 0 
  8975.12 4.8838e-14   8994.98 0 
  8995.81 4.8122e-14   9015.71 0 
  9016.55 4.9536e-14   9036.50 0 
  9037.34 4.9716e-14   9057.33 0 
  9058.17 5.5345e-14   9078.20 0 
  9079.05 5.0194e-14   9099.13 0 
  9099.98 4.9457e-14   9120.11 0 
  9120.96 5.3432e-14   9141.13 0 
  9141.98 5.0046e-14   9162.20 0 
  9163.06 4.6020e-14   9183.33 0 
  9184.18 4.4413e-14   9204.50 0 
  9205.35 4.9213e-14   9225.71 0 
  9226.57 4.8044e-14   9246.98 0 
  9247.84 4.8776e-14   9268.30 0 
  9269.16 4.9291e-14   9289.66 0 
  9290.53 4.8121e-14   9311.08 0 
  9311.95 5.1867e-14   9332.54 0 
  9333.41 5.2054e-14   9354.06 0 
  9354.92 5.1881e-14   9375.62 0 
  9376.49 5.0882e-14   9397.23 0 
  9398.11 5.1656e-14   9418.90 0 
  9419.77 5.0661e-14   9440.61 0 
  9441.49 5.1312e-14   9462.37 0 
  9463.25 5.2574e-14   9484.18 0 
  9485.06 5.2519e-14   9506.05 0 
  9506.93 5.1152e-14   9527.96 0 
  9528.85 5.1335e-14   9549.93 0 
  9550.81 4.9768e-14   9571.94 0 
  9572.83 5.1109e-14   9594.01 0 
  9594.90 5.2124e-14   9616.12 0 
  9617.02 5.1354e-14   9638.29 0 
  9639.18 5.1536e-14   9660.51 0 
  9661.41 5.0658e-14   9682.78 0 
  9683.68 5.1308e-14   9705.10 0 
  9706.00 5.0317e-14   9727.47 0 
  9728.38 4.9687e-14   9749.90 0 
  9750.80 4.9519e-14   9772.37 0 
  9773.28 4.9809e-14   9794.90 0 
  9795.81 4.9072e-14   9817.48 0 
  9818.39 5.0275e-14   9840.11 0 
  9841.03 4.9760e-14   9862.79 0 
  9863.71 4.9705e-14   9885.53 0 
  9886.45 4.9650e-14   9908.32 0 
  9909.24 4.9027e-14   9931.16 0 
  9932.08 4.9540e-14   9954.05 0 
  9954.98 4.9713e-14   9977.00 0 
  9977.93 4.9657e-14  10000.00 0 
 10000.93 4.9373e-14  10023.05 0 
 10023.98 4.9545e-14  10046.15 0 
 10070.26 4.8755e-14  10092.53 0 
 10116.74 4.9891e-14  10139.12 0 
 10163.43 4.9320e-14  10185.91 0 
 10233.89 4.9718e-14  10256.52 0 
 10281.12 4.9946e-14  10303.86 0 
 10304.82 4.9772e-14  10327.61 0 
 10496.40 4.7625e-14  10519.62 0 
 10691.55 4.4864e-14  10715.20 0 
 10890.32 4.3843e-14  10914.41 0 
 11092.78 4.1390e-14  11117.32 0 
 11299.01 4.1105e-14  11324.00 0 
 11509.07 4.1295e-14  11534.53 0 
 11696.08 4.0355e-14  11721.95 0 
 11913.53 3.8185e-14  11939.88 0 
 12107.11 3.8098e-14  12133.89 0 
 12303.83 3.7748e-14  12331.05 0 
 12503.75 3.6467e-14  12531.41 0 
 12706.92 3.5719e-14  12735.03 0 
 12913.39 3.4986e-14  12941.96 0 
 13093.04 3.4427e-14  13122.00 0 
 13305.78 3.3258e-14  13335.21 0 
 13490.88 3.2426e-14  13520.73 0 
 13710.09 3.1834e-14  13740.42 0 
 13900.82 3.0472e-14  13931.57 0 
 14094.20 2.8834e-14  14125.38 0 
 14290.27 2.8438e-14  14321.88 0 
 14489.07 2.8767e-14  14521.12 0 
 14690.64 2.7663e-14  14723.13 0 
 14894.99 2.8242e-14  14927.94 0 
 15102.20 2.8503e-14  15135.61 0 
 15312.29 2.9167e-14  15346.17 0 
 15489.61 2.8900e-14  15523.87 0 
 15705.09 2.8373e-14  15739.83 0 
 15886.95 2.7283e-14  15922.09 0 
 16107.96 2.7283e-14  16143.59 0 
 16294.47 2.7158e-14  16330.51 0 
 16483.15 2.6909e-14  16519.62 0 
 16712.46 2.6909e-14  16749.43 0 
 16905.98 2.6724e-14  16943.38 0 
 17101.75 2.6296e-14  17139.58 0 
 17299.77 2.5287e-14  17338.03 0 
 17500.09 2.4429e-14  17538.80 0 
 17702.74 2.3222e-14  17741.90 0 
 17907.73 2.2177e-14  17947.34 0 
 18115.08 2.0984e-14  18155.15 0 
 18282.70 2.0366e-14  18323.14 0 
 18494.41 1.9629e-14  18535.32 0 
 18708.55 1.8659e-14  18749.94 0 
 18881.67 1.8193e-14  18923.43 0 
 19100.31 1.7984e-14  19142.56 0 
 19321.49 1.7454e-14  19364.23 0 
 19500.25 1.6784e-14  19543.39 0 
 19680.70 1.6177e-14  19724.23 0 
 19908.60 1.5664e-14  19952.63 0 
 20092.79 1.5449e-14  20137.24 0 
 20278.72 1.4959e-14  20323.57 0 
 20513.54 1.4822e-14  20558.92 0 
 20703.34 1.4518e-14  20749.13 0 
 20894.91 1.4253e-14  20941.13 0 
 21088.23 1.4057e-14  21134.88 0 
 21283.37 1.3801e-14  21330.45 0 
 21480.31 1.3580e-14  21527.83 0 
 21679.05 1.3149e-14  21727.01 0 
 21879.65 1.2939e-14  21928.05 0 
 22082.09 1.2586e-14  22130.94 0 
 22286.42 1.2243e-14  22335.72 0 
 22492.65 1.1965e-14  22542.40 0 
 22700.75 1.1639e-14  22750.97 0 
 22910.81 1.0421e-14  22961.49 0 
 23122.79 1.0301e-14  23173.93 0 
 23283.08 8.9929e-15  23334.58 0 
 23498.53 8.4314e-15  23550.50 0 
 23715.94 8.5290e-15  23768.40 0 
 23880.34 7.8325e-15  23933.17 0 
 24101.29 7.5145e-15  24154.60 0 
 24324.31 7.3603e-15  24378.11 0 
 24492.90 6.7748e-15  24547.08 0 
 24719.54 6.6054e-15  24774.22 0 
 24890.88 5.5322e-15  24945.94 0 
 25121.20 5.4312e-15  25176.77 0 
 25295.32 5.4437e-15  25351.28 0 
 25470.68 5.4063e-15  25527.02 0 
 25706.33 5.5068e-15  25763.20 0 
 25884.54 5.4063e-15  25941.79 0 
 26124.06 5.3938e-15  26181.84 0 
 26305.13 5.2589e-15  26363.31 0 
 26487.45 5.1987e-15  26546.04 0 
 26671.07 5.1038e-15  26730.07 0 
 26917.87 5.0338e-15  26977.41 0 
 27104.44 4.9533e-15  27164.39 0 
 27292.30 4.8517e-15  27352.67 0 
 27481.50 4.7742e-15  27542.29 0 
 27671.98 4.6655e-15  27733.19 0 
 27928.04 4.6121e-15  27989.81 0 
 28121.61 4.5175e-15  28183.82 0 
 28316.56 4.4453e-15  28379.20 0 
 28512.83 4.3641e-15  28575.90 0 
 28710.48 4.2746e-15  28773.99 0 
 28909.48 4.2160e-15  28973.43 0 
 29109.89 4.1390e-15  29174.28 0 
 29311.65 4.0541e-15  29376.49 0 
 29514.85 3.9893e-15  29580.14 0 
 29719.42 3.9255e-15  29785.16 0 
 29925.45 3.8450e-15  29991.64 0 
 30132.86 3.7923e-15  30199.52 0 
 30271.94 3.7316e-15  30338.90 0 
 30481.79 3.6974e-15  30549.22 0 
 30693.07 3.6551e-15  30760.96 0 
 30905.84 3.6132e-15  30974.21 0 
 31120.06 3.5719e-15  31188.89 0 
 31335.79 3.5391e-15  31405.10 0 
 31480.42 3.4906e-15  31550.05 0 
 31698.61 3.4506e-15  31768.73 0 
 31918.36 3.4269e-15  31988.96 0 
 32065.67 3.4033e-15  32136.60 0 
 32287.96 3.3955e-15  32359.38 0 
 32511.76 3.4269e-15  32583.67 0 
 32737.10 3.5555e-15  32809.52 0 
 32888.23 3.9893e-15  32960.98 0 
 33116.18 3.9527e-15  33189.44 0 
 33269.03 3.4269e-15  33342.62 0 
 33499.66 3.2129e-15  33573.76 0 
 33731.85 3.0967e-15  33806.47 0 
 33887.58 3.0192e-15  33962.54 0 
 34122.46 2.9505e-15  34197.94 0 
 34279.95 2.9033e-15  34355.78 0 
 34517.59 2.8503e-15  34593.94 0 
 34676.90 2.7983e-15  34753.61 0 
 34917.29 2.7536e-15  34994.53 0 
 35078.45 2.7096e-15  35156.04 0 
 35321.58 2.6601e-15  35399.71 0 
 35484.65 2.6176e-15  35563.14 0 
 35730.60 2.5698e-15  35809.64 0 
 35895.55 2.5287e-15  35974.95 0 
 36061.22 2.4883e-15  36140.99 0 
 36311.17 2.4485e-15  36391.49 0 
 36478.80 2.4038e-15  36559.50 0 
 36731.64 2.3599e-15  36812.89 0 
 36901.18 2.3168e-15  36982.80 0 
 37071.54 2.2746e-15  37153.54 0 
 37328.48 2.2382e-15  37411.05 0 
 37500.77 2.1923e-15  37583.72 0 
 37673.90 2.1672e-15  37757.23 0 
 37935.02 2.1276e-15  38018.93 0 
 38110.11 2.0888e-15  38194.41 0 
 38286.05 2.0601e-15  38370.73 0 
 38462.75 2.0225e-15  38547.83 0 
 38729.39 1.9856e-15  38815.06 0 
 38908.14 1.9494e-15  38994.21 0 
 39087.72 1.9182e-15  39174.18 0 
 39268.13 1.8875e-15  39354.99 0 
 39540.35 1.8488e-15  39627.81 0 
 39722.84 1.8193e-15  39810.71 0 
 39906.22 1.7779e-15  39994.50 0 
 40090.41 1.7535e-15  40179.09 0 
 40275.45 1.7254e-15  40364.54 0 
 40461.34 1.6939e-15  40550.84 0 
 40741.82 1.6669e-15  40831.95 0 
 40929.87 1.6402e-15  41020.40 0 
 41118.78 1.6177e-15  41209.73 0 
 41308.60 1.5918e-15  41399.98 0 
 41499.26 1.5664e-15  41591.06 0 
 41690.80 1.5413e-15  41783.02 0 
 41883.27 1.5167e-15  41975.91 0 
 42076.58 1.4890e-15  42169.65 0 
 42270.78 1.4754e-15  42364.28 0 
 42465.92 1.4484e-15  42559.86 0 
 42661.92 1.4286e-15  42756.29 0 
 42858.83 1.3769e-15  42953.63 0 
 43056.69 1.3210e-15  43151.93 0 
 43255.42 1.3179e-15  43351.10 0 
 43455.06 1.2703e-15  43551.18 0 
 43655.63 1.2442e-15  43752.19 0 
 43857.16 1.2243e-15  43954.18 0 
 44059.58 1.1910e-15  44157.04 0 
 44262.94 1.1719e-15  44360.85 0 
 44467.28 1.1558e-15  44565.64 0 
 44672.52 1.1295e-15  44771.33 0 
 44878.70 1.1192e-15  44977.97 0 
 45085.89 1.1013e-15  45185.62 0 
 45293.98 1.0812e-15  45394.17 0 
 45503.03 1.0737e-15  45603.68 0 
 45713.05 1.0590e-15  45814.16 0 
 45924.08 1.0325e-15  46025.67 0 
 46136.04 1.0301e-15  46238.10 0 
 46348.98 1.0160e-15  46451.51 0 
 46455.87 1.0021e-15  46558.63 0 
 46670.29 9.9746e-16  46773.52 0 
 46885.69 9.8152e-16  46989.40 0 
 47102.09 9.6805e-16  47206.28 0 
 47319.54 9.6360e-16  47424.21 0 
 47537.94 9.4601e-16  47643.10 0 
 47647.52 9.3734e-16  47752.92 0 
 47867.49 9.2875e-16  47973.37 0 
 48088.42 9.1180e-16  48194.79 0 
 48310.37 9.1180e-16  48417.23 0 
 48533.34 8.9515e-16  48640.70 0 
 48645.27 8.8287e-16  48752.87 0 
 48869.79 8.7277e-16  48977.89 0 
 49095.35 8.6278e-16  49203.95 0 
 49321.94 8.5487e-16  49431.04 0 
 49549.64 8.4314e-16  49659.24 0 
 49663.85 8.3926e-16  49773.71 0 
 49893.08 8.2578e-16  50003.44 0 
 50123.41 8.1418e-16  50234.29 0 
 50354.75 8.0269e-16  50466.14 0 
 50470.82 7.8788e-16  50582.46 0 
 50703.77 7.7850e-16  50815.93 0 
 50820.65 7.7295e-16  50933.06 0 
 50937.85 7.6743e-16  51050.52 0 
 51055.26 7.6018e-16  51168.20 0 
 51172.95 7.5300e-16  51286.14 0 
 51290.90 7.4759e-16  51404.36 0 
 51409.13 7.4221e-16  51522.85 0 
 51527.64 7.3517e-16  51641.62 0 
 51646.47 7.2986e-16  51760.71 0 
 51765.52 7.2458e-16  51880.02 0 
 51884.84 7.1934e-16  51999.61 0 
 52004.44 7.1247e-16  52119.47 0 
 52124.31 7.0729e-16  52239.61 0 
 52244.46 7.0052e-16  52360.03 0 
 52364.89 6.9541e-16  52480.72 0 
 52485.65 6.9033e-16  52601.75 0 
 52606.63 6.8685e-16  52723.00 0 
 52727.90 6.8338e-16  52844.53 0 
 52849.44 6.7679e-16  52966.34 0 
 52971.26 6.7026e-16  53088.43 0 
 53093.36 6.6378e-16  53210.80 0 
 53215.81 6.6039e-16  53333.52 0 
 53338.47 6.5701e-16  53456.46 0 
 53461.42 6.5213e-16  53579.68 0 
 53584.65 6.4728e-16  53703.18 0 
 53708.17 6.4394e-16  53826.97 0 
 53831.97 6.3913e-16  53951.05 0 
 53956.06 6.3581e-16  54075.41 0 
 54080.49 6.3104e-16  54200.11 0 
 54205.15 6.2630e-16  54325.05 0 
 54330.10 6.2158e-16  54450.27 0 
 54455.33 6.1831e-16  54575.79 0 
 54580.85 6.1505e-16  54701.59 0 
 54706.66 6.1039e-16  54827.68 0 
 54832.77 6.0576e-16  54954.06 0 
 54959.22 6.0254e-16  55080.79 0 
 55085.91 5.9932e-16  55207.76 0 
 55212.88 5.9611e-16  55335.02 0 
 55340.15 5.9565e-16  55462.57 0 
 55467.72 5.9108e-16  55590.41 0 
 55595.57 5.8653e-16  55718.55 0 
 55723.79 5.8604e-16  55847.05 0 
 55852.23 5.8286e-16  55975.78 0 
 55980.98 5.7968e-16  56104.81 0 
 56110.02 5.7784e-16  56234.13 0 
 56239.36 5.7599e-16  56363.76 0 
 56368.99 5.7282e-16  56493.68 0 
 56498.93 5.7228e-16  56623.90 0 
 56629.22 5.7174e-16  56754.48 0 
 56759.76 5.6987e-16  56885.31 0 
 56890.59 5.6800e-16  57016.43 0 
 57021.73 5.6743e-16  57147.86 0 
 57153.17 5.6815e-16  57279.59 0 
 57284.91 5.6887e-16  57411.62 0 
 57417.02 5.6957e-16  57544.02 0 
 57549.37 5.6896e-16  57676.67 0 
 57682.02 5.6964e-16  57809.62 0 
 57814.98 5.7163e-16  57942.87 0 
 57948.25 5.7493e-16  58076.43 0 
 58081.83 5.7692e-16  58210.30 0 
 58215.71 5.7890e-16  58344.48 0 
 58349.97 5.8355e-16  58479.04 0 
 58484.46 5.8823e-16  58613.83 0 
 58619.28 5.9294e-16  58748.94 0 
 58754.40 5.9767e-16  58884.36 0 
 58889.83 6.0520e-16  59020.09 0 
 59114.19 5.7779e-16  59244.95 3 
 59423.36 7.1322e-16  59554.81 3 
 59732.53 9.0375e-16  59864.66 3 
 60041.70 4.5641e-16  60174.51 3 
 60350.87 7.2736e-16  60484.37 3 
 60660.04 5.0638e-16  60794.22 3 
 60969.21 1.0459e-15  61104.07 3 
 61278.39 8.3665e-16  61413.93 3 
 61587.55 1.5326e-15  61723.78 3 
 61896.71 2.2243e-15  62033.63 3 
 62205.89 2.3921e-15  62343.49 3 
 62515.06 2.2265e-15  62653.34 3 
 62824.22 1.7287e-15  62963.19 3 
 63133.40 1.8770e-15  63273.05 3 
 63442.57 1.3207e-15  63582.90 3 
 63751.74 1.2580e-15  63892.76 3 
 64060.91 1.2174e-15  64202.61 3 
 64370.07 1.0729e-15  64512.46 3 
 64679.25 1.1675e-15  64822.32 3 
 64988.41 1.1594e-15  65132.17 3 
 65297.58 9.8888e-16  65442.02 3 
 65606.76 9.2988e-16  65751.88 3 
 65915.92 1.0618e-15  66061.73 3 
 66225.09 1.1160e-15  66371.58 3 
 66534.27 1.2982e-15  66681.45 3 
 66843.43 1.2735e-15  66991.29 3 
 67152.60 1.2959e-15  67301.14 3 
 67461.77 1.1615e-15  67611.00 3 
 67770.94 1.0069e-15  67920.85 3 
 68080.12 8.4605e-16  68230.71 3 
 68389.29 1.0391e-15  68540.56 3 
 68698.45 1.1353e-15  68850.41 3 
 69007.63 1.2053e-15  69160.27 3 
 69316.79 1.1095e-15  69470.12 3 
 69625.96 1.1897e-15  69779.98 3 
 69935.13 1.5105e-15  70089.83 3 
 70244.30 9.7874e-16  70399.68 3 
 70553.47 9.4748e-16  70709.54 3 
 70862.64 1.0580e-15  71019.39 3 
 71171.81 1.4098e-15  71329.24 3 
 71480.99 1.4744e-15  71639.10 3 
 71790.15 1.3147e-15  71948.95 3 
 72099.33 1.2948e-15  72258.81 3 
 72408.49 1.5854e-15  72568.66 3 
 72717.66 1.4466e-15  72878.51 3 
 73026.84 1.7959e-15  73188.38 3 
 73336.00 1.5880e-15  73498.22 3 
 73645.17 1.8611e-15  73808.07 3 
 73954.34 2.0135e-15  74117.93 3 
 74263.51 1.8714e-15  74427.78 3 
 74572.68 1.7262e-15  74737.63 3 
 74881.85 2.0111e-15  75047.48 3 
 75170.78 1.6714e-15  75337.06 3 
 75790.34 2.0510e-15  75957.99 3 
 76409.92 1.9958e-15  76578.94 3 
 77029.49 1.9698e-15  77199.88 3 
 77649.06 1.9455e-15  77820.82 3 
 78268.63 1.9659e-15  78441.76 3 
 78888.21 1.8188e-15  79062.71 3 
 79507.78 1.5388e-15  79683.65 3 
 80127.34 1.5453e-15  80304.59 3 
 80746.93 1.2753e-15  80925.54 3 
 81366.49 1.0690e-15  81546.48 3 
 81986.06 1.1358e-15  82167.41 3 
 82605.64 9.8283e-16  82788.36 3 
 83225.20 8.2393e-16  83409.30 3 
 83844.79 9.3967e-16  84030.25 3 
 84464.35 8.2155e-16  84651.19 3 
 85083.93 9.0266e-16  85272.13 3 
 85703.49 1.0847e-15  85893.07 3 
 86323.08 1.0080e-15  86514.02 3 
 86942.64 9.1172e-16  87134.95 3 
 87562.21 6.7827e-16  87755.90 3 
 88181.79 6.5519e-16  88376.84 3 
 88801.35 4.9858e-16  88997.78 3 
 89420.92 4.6171e-16  89618.72 3 
 90040.49 4.4889e-16  90239.66 3 
 90660.06 4.3693e-16  90860.60 3 
 91279.64 2.6431e-16  91481.55 3 
 91899.21 3.1881e-16  92102.49 3 
 92518.79 3.2688e-16  92723.44 3 
 93138.36 2.0683e-16  93344.38 3 
 93757.93 2.3897e-16  93965.32 3 
 94377.49 2.3126e-16  94586.26 3 
 94997.06 2.9477e-16  95207.20 3 
 95616.64 2.6318e-16  95828.15 3 
 96236.21 2.9035e-16  96449.09 3 
 96855.78 2.3462e-16  97070.02 3 
 97475.36 2.3365e-16  97690.98 3 
 98094.94 2.9075e-16  98311.92 3 
 98714.50 1.9339e-16  98932.86 3 
 99334.08 2.2185e-16  99553.80 3 
 99953.61 2.3725e-16 100174.70 3 
100573.23 2.8183e-16 100795.70 3 
101192.76 2.1084e-16 101416.59 3 
101812.39 1.2652e-16 102037.60 3 
102431.92 1.2713e-16 102658.50 3 
103051.54 2.0918e-16 103279.49 3 
103671.09 2.4536e-16 103900.41 3 
104290.61 1.7185e-16 104521.30 3 
104910.24 1.8487e-16 105142.30 3 
105529.76 2.5638e-16 105763.20 3 
106149.40 2.1214e-16 106384.20 3 
106768.93 2.3055e-16 107005.10 3 
107388.46 2.0327e-16 107626.00 3 
108008.09 2.3252e-16 108247.00 3 
108627.62 2.2622e-16 108867.91 3 
109247.24 3.6683e-16 109488.90 3 
109866.77 4.2005e-16 110109.80 3 
110486.40 4.7285e-16 110730.80 3 
111105.94 5.7799e-16 111351.70 3 
111725.46 9.4556e-16 111972.60 3 
112345.09 1.1413e-15 112593.60 3 
112964.62 1.0640e-15 113214.50 3 
113584.25 8.3611e-16 113835.50 3 
114203.78 6.9742e-16 114456.40 3 
114823.41 5.8727e-16 115077.40 3 
115442.94 5.1093e-16 115698.30 3 
116062.47 4.8550e-16 116319.20 3 
116682.10 4.8814e-16 116940.20 3 
117301.63 4.7443e-16 117561.10 3 
117921.25 3.7482e-16 118182.09 3 
118540.78 4.3665e-16 118802.99 3 
119160.42 4.8128e-16 119424.00 3 
119779.95 5.3605e-16 120044.90 3 
120399.47 5.3070e-16 120665.80 3 
121019.11 5.1037e-16 121286.80 3 
121638.64 5.8184e-16 121907.70 3 
122258.26 5.4929e-16 122528.70 3 
122877.79 6.1867e-16 123149.59 3 
123497.33 6.1185e-16 123770.51 3 
124116.95 6.2842e-16 124391.50 3 
124736.48 6.8175e-16 125012.40 3 
125356.11 7.3289e-16 125633.40 3 
125975.65 7.2920e-16 126254.30 3 
126595.27 7.5770e-16 126875.30 3 
127214.80 7.9364e-16 127496.20 3 
127834.33 9.0205e-16 128117.10 3 
128453.96 8.5789e-16 128738.10 3 
129073.49 6.5469e-16 129359.00 3 
129693.12 6.0802e-16 129980.00 3 
130312.65 5.7679e-16 130600.90 3 
130932.17 5.7912e-16 131221.80 3 
131551.80 5.3214e-16 131842.80 3 
132171.34 5.4185e-16 132463.70 3 
132790.97 5.3149e-16 133084.70 3 
133410.49 5.3678e-16 133705.59 3 
134030.12 5.4190e-16 134326.59 3 
134649.65 5.5624e-16 134947.50 3 
135269.19 5.6122e-16 135568.41 3 
135888.82 5.7581e-16 136189.41 3 
136508.34 5.0222e-16 136810.30 3 
137127.97 5.1218e-16 137431.30 3 
137747.51 5.2997e-16 138052.20 3 
138367.14 5.7092e-16 138673.20 3 
138986.66 5.8086e-16 139294.09 3 
139606.19 5.6223e-16 139915.00 3 
140225.82 5.0564e-16 140536.00 3 
140845.36 5.2317e-16 141156.91 3 
141464.97 5.9876e-16 141777.89 3 
142084.51 5.8248e-16 142398.80 3 
142704.14 5.5707e-16 143019.80 3 
143323.67 5.0414e-16 143640.70 3 
143943.19 4.5972e-16 144261.59 3 
144562.84 4.6948e-16 144882.61 3 
145095.95 5.4865e-16 145416.91 3 
146010.82 5.0425e-16 146333.80 3 
146925.80 5.1843e-16 147250.80 3 
147840.68 4.9763e-16 148167.70 3 
148755.55 5.0697e-16 149084.59 3 
149670.43 4.8245e-16 150001.50 3 
150585.41 4.6828e-16 150918.50 3 
151500.29 4.1371e-16 151835.41 3 
152415.15 4.7430e-16 152752.30 3 
153330.13 4.4837e-16 153669.30 3 
154245.01 4.3551e-16 154586.20 3 
155159.88 5.0501e-16 155503.09 3 
156074.76 4.8186e-16 156420.00 3 
156989.74 4.1620e-16 157337.00 3 
157904.62 4.1678e-16 158253.91 3 
158819.49 4.1867e-16 159170.80 3 
159734.46 4.0086e-16 160087.80 3 
160649.35 3.7100e-16 161004.70 3 
161564.21 3.8073e-16 161921.59 3 
162479.19 3.9385e-16 162838.59 3 
163394.07 4.5463e-16 163755.50 3 
164308.94 5.3763e-16 164672.39 3 
165223.82 5.1335e-16 165589.30 3 
166138.81 4.8301e-16 166506.31 3 
167053.66 4.5882e-16 167423.19 3 
167968.55 4.6417e-16 168340.09 3 
168883.43 4.3588e-16 169257.00 3 
169798.41 5.3709e-16 170174.00 3 
170713.29 5.7421e-16 171090.91 3 
171628.17 4.7835e-16 172007.81 3 
172543.15 4.6157e-16 172924.81 3 
173458.01 4.5828e-16 173841.70 3 
174372.90 4.4107e-16 174758.61 3 
175287.87 3.6617e-16 175675.61 3 
176202.74 3.2020e-16 176592.50 3 
177117.62 3.4771e-16 177509.41 3 
178032.49 3.6627e-16 178426.30 3 
178947.47 3.2895e-16 179343.30 3 
179862.35 2.7531e-16 180260.20 3 
180777.21 2.6673e-16 181177.09 3 
181692.19 2.6755e-16 182094.09 3 
182607.07 2.7952e-16 183011.00 3 
183521.94 2.7771e-16 183927.89 3 
184436.92 2.9496e-16 184844.89 3 
185351.80 2.9841e-16 185761.80 3 
186266.68 3.2472e-16 186678.70 3 
187181.55 4.4145e-16 187595.59 3 
188096.52 3.6339e-16 188512.59 3 
189011.41 3.0184e-16 189429.50 3 
189926.27 2.8793e-16 190346.39 3 
190841.27 2.8221e-16 191263.41 3 
191756.15 2.8411e-16 192180.31 3 
192671.00 2.9062e-16 193097.19 3 
193585.88 2.8754e-16 194014.09 3 
194500.87 3.2584e-16 194931.11 3 
195415.74 2.8565e-16 195848.00 3 
196330.62 2.5567e-16 196764.91 3 
197245.60 2.8362e-16 197681.91 3 
198160.47 2.7175e-16 198598.80 3 
199075.35 2.9381e-16 199515.70 3 
199990.23 2.5701e-16 200432.61 3 
200905.21 2.3766e-16 201349.61 3 
201820.07 2.4735e-16 202266.50 3 
202734.96 2.7569e-16 203183.41 3 
203649.93 2.8880e-16 204100.41 3 
204747.60 2.5766e-16 205200.50 3 
206509.01 2.6979e-16 206965.81 3 
208271.51 2.6842e-16 208732.20 3 
210034.90 2.6293e-16 210499.50 3 
211799.39 2.8351e-16 212267.89 3 
213564.89 2.8047e-16 214037.30 3 
215331.48 2.6888e-16 215807.80 3 
217098.96 2.6945e-16 217579.19 3 
218867.55 2.8960e-16 219351.69 3 
220637.15 2.8738e-16 221125.20 3 
222407.83 2.7454e-16 222899.80 3 
224179.52 2.9134e-16 224675.41 3 
225952.19 2.8578e-16 226452.00 3 
227725.96 2.8973e-16 228229.69 3 
229500.73 2.7679e-16 230008.39 3 
231276.51 2.8449e-16 231788.09 3 
233053.38 2.8370e-16 233568.89 3 
234831.26 2.9663e-16 235350.70 3 
236610.21 2.9515e-16 237133.59 3 
238390.27 2.9440e-16 238917.59 3 
240171.33 2.9969e-16 240702.59 3 
241953.39 3.0453e-16 242488.59 3 
243736.56 3.0404e-16 244275.70 3 
245520.71 3.0815e-16 246063.80 3 
247306.07 3.0939e-16 247853.11 3 
249092.32 3.1728e-16 249643.31 3 
250879.65 3.2566e-16 251434.59 3 
252668.10 3.1531e-16 253227.00 3 
254457.64 3.2235e-16 255020.50 3 
256248.18 3.2580e-16 256815.00 3 
258039.81 3.3351e-16 258610.59 3 
259832.55 3.4000e-16 260407.30 3 
261626.38 3.3305e-16 262205.09 3 
263421.22 3.2390e-16 264003.91 3 
265217.12 3.2308e-16 265803.78 3 
267014.18 3.3065e-16 267604.81 3 
268812.17 3.3046e-16 269406.78 3 
270611.41 3.2625e-16 271210.00 3 
272411.61 3.2562e-16 273014.19 3 
274212.94 3.3003e-16 274819.50 3 
276015.36 3.3030e-16 276625.91 3 
277818.87 3.2645e-16 278433.41 3 
279623.47 3.3521e-16 280242.00 3 
281429.17 3.5417e-16 282051.69 3 
283235.98 3.5851e-16 283862.50 3 
285043.89 3.3711e-16 285674.41 3 
286852.89 3.3452e-16 287487.41 3 
288662.98 3.3611e-16 289301.50 3 
290474.16 3.3738e-16 291116.69 3 
292286.46 3.4256e-16 292933.00 3 
294099.86 3.3823e-16 294750.41 3 
295914.34 3.3972e-16 296568.91 3 
297730.01 3.3523e-16 298388.59 3 
299546.81 3.4522e-16 300209.41 3 
301364.57 3.4643e-16 302031.19 3 
303183.55 3.4096e-16 303854.19 3 
305003.61 3.3320e-16 305678.28 3 
306824.90 3.3859e-16 307503.59 3 
308647.18 3.4349e-16 309329.91 3 
310470.65 3.4142e-16 311157.41 3 
312295.30 3.4702e-16 312986.09 3 
314120.98 3.5121e-16 314815.81 3 
315947.84 3.4433e-16 316646.72 3 
317775.86 3.4556e-16 318478.78 3 
319604.91 3.3631e-16 320311.88 3 
321435.17 3.4654e-16 322146.19 3 
323266.65 3.6054e-16 323981.72 3 
325099.16 3.5363e-16 325818.28 3 
326932.79 3.4959e-16 327655.97 3 
328767.67 3.5185e-16 329494.91 3 
330603.70 3.4901e-16 331335.00 3 
332440.83 3.6772e-16 333176.19 3 
334279.07 4.4617e-16 335018.50 3 
336118.51 4.2620e-16 336862.00 3 
337959.15 3.6820e-16 338706.72 3 
339800.95 3.6418e-16 340552.59 3 
341643.88 3.3109e-16 342399.59 3 
343487.92 3.4076e-16 344247.72 3 
345333.22 3.5284e-16 346097.09 3 
347179.66 4.4677e-16 347947.62 3 
349027.26 5.2411e-16 349799.31 3 
