# An Atlas of Galaxy Spectral Energy Distributions from the Ultraviolet to the Mid-Infrared
# Brown et al. (2014)
# http://dx.doi.org/10.5072/03/529D3551F0117
# 
# Column 1 : Restframe Wavelength (Angstrom)
# Column 2 : Flux per unit wavelength (ergs/s/cm^2/Angstrom)
# Column 3 : Observed wavelength (Angstrom)
# Column 4 : Source (0 = model, 1 = Optical Spectrum, 2 = Akari, 3 = Spitzer IRS)
# 
   102.07 1.9600e-24    103.75 0 
   103.96 2.7622e-24    105.68 0 
   105.90 3.9560e-24    107.65 0 
   108.11 5.7445e-24    109.90 0 
   110.12 9.3595e-24    111.94 0 
   113.99 1.7229e-23    115.88 0 
   118.00 2.9461e-23    119.95 0 
   121.03 1.2684e-22    123.03 0 
   124.99 1.9736e-22    127.06 0 
   127.02 2.3782e-22    129.12 0 
   127.90 2.6562e-22    130.02 0 
   130.88 3.4297e-22    133.05 0 
   132.09 4.2585e-22    134.28 0 
   133.93 4.9918e-22    136.14 0 
   137.05 7.2653e-22    139.32 0 
   139.92 9.1044e-22    142.23 0 
   142.85 2.8659e-21    145.21 0 
   146.85 8.6150e-21    149.28 0 
   150.97 1.0846e-20    153.46 0 
   154.84 1.3717e-20    157.40 0 
   159.18 1.7268e-20    161.81 0 
   162.14 2.0289e-20    164.82 0 
   165.91 2.5425e-20    168.66 0 
   170.17 3.0921e-20    172.98 0 
   172.93 3.5913e-20    175.79 0 
   176.96 4.3078e-20    179.89 0 
   179.84 4.9233e-20    182.81 0 
   181.92 5.3858e-20    184.93 0 
   186.16 6.3717e-20    189.23 0 
   190.93 7.8029e-20    194.09 0 
   194.03 8.8563e-20    197.24 0 
   198.10 1.0263e-19    201.37 0 
   201.78 1.1919e-19    205.12 0 
   205.06 1.3282e-19    208.45 0 
   209.84 1.5040e-19    213.30 0 
   216.21 1.9154e-19    219.79 0 
   220.23 2.1840e-19    223.87 0 
   222.78 2.3619e-19    226.46 0 
   226.92 2.6869e-19    230.67 0 
   230.08 4.3677e-19    233.88 0 
   233.82 7.8932e-19    237.68 0 
   239.82 1.0771e-18    243.78 0 
   245.97 1.1305e-18    250.03 0 
   252.28 1.3221e-18    256.45 0 
   256.97 1.2113e-18    261.22 0 
   259.94 1.4530e-18    264.24 0 
   264.17 1.6153e-18    268.53 0 
   269.08 1.7308e-18    273.53 0 
   274.08 1.8461e-18    278.61 0 
   279.18 1.9645e-18    283.79 0 
   283.71 2.0905e-18    288.40 0 
   290.32 2.1441e-18    295.12 0 
   295.72 2.3402e-18    300.61 0 
   301.22 2.4449e-18    306.20 0 
   308.23 2.6623e-18    313.33 0 
   318.33 2.9940e-18    323.59 0 
   328.00 3.2753e-18    333.43 0 
   337.97 3.5420e-18    343.56 0 
   348.24 3.7954e-18    354.00 0 
   357.17 4.0388e-18    363.08 0 
   366.34 4.3177e-18    372.39 0 
   374.87 4.5421e-18    381.07 0 
   385.37 4.6479e-18    391.74 0 
   395.26 5.0496e-18    401.79 0 
   405.40 5.3365e-18    412.10 0 
   413.88 5.5367e-18    420.73 0 
   421.58 5.6788e-18    428.55 0 
   430.41 5.8244e-18    437.52 0 
   441.45 6.0989e-18    448.75 0 
   450.69 6.2698e-18    458.14 0 
   460.13 6.4158e-18    467.74 0 
   469.76 6.5804e-18    477.53 0 
   479.60 6.7960e-18    487.53 0 
   489.64 6.8747e-18    497.74 0 
   499.90 7.1163e-18    508.16 0 
   505.68 7.1987e-18    514.04 0 
   511.54 7.9114e-18    520.00 0 
   519.85 8.0771e-18    528.45 0 
   529.52 8.2083e-18    538.27 0 
   540.60 8.1706e-18    549.54 0 
   549.39 8.6747e-18    558.47 0 
   559.60 9.2099e-18    568.85 0 
   570.01 9.6884e-18    579.43 0 
   580.60 9.6439e-18    590.20 0 
   590.04 1.0334e-17    599.79 0 
   599.62 1.0453e-17    609.54 0 
   609.37 1.0334e-17    619.44 0 
   620.70 1.1892e-17    630.96 0 
   629.33 1.2310e-17    639.73 0 
   639.56 1.2597e-17    650.13 0 
   649.95 1.3405e-17    660.69 0 
   657.48 1.3844e-17    668.34 0 
   665.09 1.4430e-17    676.08 0 
   674.34 1.4664e-17    685.49 0 
   685.30 1.4597e-17    696.63 0 
   694.83 1.6992e-17    706.32 0 
   704.50 1.6567e-17    716.14 0 
   715.94 1.8804e-17    727.78 0 
   725.90 1.9510e-17    737.90 0 
   734.31 2.0149e-17    746.45 0 
   744.53 2.2042e-17    756.83 0 
   754.88 2.3295e-17    767.36 0 
   765.38 2.3947e-17    778.04 0 
   774.25 2.6379e-17    787.05 0 
   785.02 2.8071e-17    797.99 0 
   794.11 2.9326e-17    807.24 0 
   805.15 3.0708e-17    818.46 0 
   814.48 3.1861e-17    827.94 0 
   825.81 3.4694e-17    839.46 0 
   835.37 2.9666e-17    849.18 0 
   845.04 3.6834e-17    859.01 0 
   854.83 3.8129e-17    868.96 0 
   864.73 4.0950e-17    879.02 0 
   874.74 4.3980e-17    889.20 0 
   884.87 4.7891e-17    899.50 0 
   895.12 5.0729e-17    909.91 0 
   905.48 5.1080e-17    920.45 0 
   915.97 7.8751e-17    931.11 0 
   924.44 5.3611e-16    939.72 0 
   935.15 1.2057e-15    950.60 0 
   945.97 2.3564e-15    961.61 0 
   954.73 3.4061e-15    970.51 0 
   965.78 3.8748e-15    981.75 0 
   974.72 6.0152e-16    990.83 0 
   986.01 3.3209e-15   1002.31 0 
   995.13 3.5831e-15   1011.58 0 
  1004.34 5.3611e-15   1020.94 0 
  1015.97 5.2030e-15   1032.76 0 
  1025.37 2.2042e-15   1042.32 0 
  1034.85 3.6329e-15   1051.96 0 
  1044.43 7.2153e-15   1061.70 0 
  1054.09 7.1491e-15   1071.52 0 
  1063.85 5.6267e-15   1081.43 0 
  1076.17 6.8117e-15   1093.96 0 
  1086.12 5.3735e-15   1104.08 0 
  1096.17 7.2820e-15   1114.29 0 
  1103.77 7.0510e-15   1122.02 0 
  1113.98 6.7960e-15   1132.40 0 
  1124.29 6.1412e-15   1142.88 0 
  1134.70 7.9479e-15   1153.45 0 
  1145.19 7.2319e-15   1164.13 0 
  1155.79 7.7849e-15   1174.90 0 
  1163.80 8.1143e-15   1183.04 0 
  1174.57 5.5880e-15   1193.99 0 
  1185.44 7.9479e-15   1205.04 0 
  1193.66 5.3858e-15   1213.39 0 
  1204.70 3.8217e-15   1224.62 0 
  1215.85 2.5542e-15   1235.95 0 
  1224.28 5.4232e-15   1244.51 0 
  1235.60 8.4577e-15   1256.03 0 
  1244.17 9.4244e-15   1264.74 0 
  1255.68 9.0210e-15   1276.44 0 
  1264.39 7.7135e-15   1285.29 0 
  1276.08 1.0215e-14   1297.18 0 
  1284.93 1.0796e-14   1306.17 0 
  1293.84 8.4772e-15   1315.22 0 
  1305.81 8.3995e-15   1327.39 0 
  1314.86 1.0721e-14   1336.60 0 
  1323.97 1.0286e-14   1345.86 0 
  1336.22 9.1044e-15   1358.31 0 
  1345.49 1.1022e-14   1367.73 0 
  1354.81 1.0697e-14   1377.21 0 
  1364.20 9.5335e-15   1386.76 0 
  1373.66 1.0122e-14   1396.37 0 
  1386.37 1.0286e-14   1409.29 0 
  1395.98 9.0210e-15   1419.06 0 
  1405.66 9.4244e-15   1428.89 0 
  1415.40 9.6217e-15   1438.80 0 
  1425.21 9.9828e-15   1448.77 0 
  1435.09 9.9370e-15   1458.81 0 
  1441.71 1.0550e-14   1465.55 0 
  1448.37 1.0771e-14   1472.31 0 
  1455.06 1.0502e-14   1479.11 0 
  1465.14 9.6662e-15   1489.36 0 
  1475.30 9.6884e-15   1499.69 0 
  1485.52 9.9370e-15   1510.08 0 
  1495.82 1.0168e-14   1520.55 0 
  1506.19 9.6439e-15   1531.09 0 
  1513.14 8.5557e-15   1538.15 0 
  1516.63 9.2311e-15   1541.70 0 
  1523.63 8.9383e-15   1548.82 0 
  1534.19 7.7849e-15   1559.55 0 
  1544.83 8.6947e-15   1570.36 0 
  1555.53 8.2083e-15   1581.25 0 
  1566.32 8.3609e-15   1592.21 0 
  1573.55 8.9795e-15   1599.56 0 
  1584.45 9.4897e-15   1610.65 0 
  1595.44 9.7556e-15   1621.81 0 
  1606.50 9.5775e-15   1633.05 0 
  1613.91 9.6439e-15   1640.59 0 
  1625.10 9.1044e-15   1651.96 0 
  1636.36 9.7781e-15   1663.41 0 
  1643.92 9.9828e-15   1671.09 0 
  1655.31 9.1887e-15   1682.67 0 
  1666.78 1.0122e-14   1694.34 0 
  1670.63 8.9795e-15   1698.24 0 
  1678.34 1.0239e-14   1706.08 0 
  1686.08 1.0721e-14   1713.96 0 
  1693.87 1.0075e-14   1721.87 0 
  1705.61 9.6884e-15   1733.80 0 
  1713.48 9.2099e-15   1741.81 0 
  1725.36 9.2099e-15   1753.88 0 
  1733.32 9.8686e-15   1761.98 0 
  1745.34 9.6662e-15   1774.19 0 
  1753.39 1.0381e-14   1782.38 0 
  1765.55 9.4679e-15   1794.73 0 
  1773.70 9.7781e-15   1803.02 0 
  1785.99 9.9828e-15   1815.52 0 
  1794.23 1.0746e-14   1823.90 0 
  1806.67 1.0672e-14   1836.54 0 
  1815.01 9.8913e-15   1845.02 0 
  1823.39 1.0098e-14   1853.53 0 
  1836.03 9.7108e-15   1866.38 0 
  1844.50 8.9177e-15   1874.99 0 
  1853.02 9.0210e-15   1883.65 0 
  1865.86 9.3380e-15   1896.71 0 
  1874.47 1.0122e-14   1905.46 0 
  1883.13 9.3595e-15   1914.26 0 
  1896.18 9.0418e-15   1927.53 0 
  1904.93 9.5775e-15   1936.42 0 
  1913.72 9.2737e-15   1945.36 0 
  1926.99 9.1044e-15   1958.84 0 
  1935.88 9.3165e-15   1967.89 0 
  1944.82 9.8686e-15   1976.97 0 
  1953.80 9.2737e-15   1986.10 0 
  1967.34 1.0192e-14   1999.86 0 
  1976.42 1.0477e-14   2009.09 0 
  1985.54 9.9370e-15   2018.37 0 
  1994.71 9.6884e-15   2027.68 0 
  2003.92 9.9599e-15   2037.04 0 
  2013.17 9.6439e-15   2046.45 0 
  2027.12 1.0075e-14   2060.63 0 
  2036.48 9.6439e-15   2070.14 0 
  2045.88 1.0052e-14   2079.70 0 
  2055.32 9.5996e-15   2089.30 0 
  2064.81 9.6662e-15   2098.94 0 
  2074.34 1.0405e-14   2108.63 0 
  2079.12 1.0075e-14   2113.49 0 
  2083.91 1.0502e-14   2118.36 0 
  2093.53 9.9370e-15   2128.14 0 
  2103.19 9.9828e-15   2137.96 0 
  2112.90 1.0122e-14   2147.83 0 
  2122.66 1.0263e-14   2157.74 0 
  2137.37 9.5116e-15   2172.70 0 
  2147.23 9.8913e-15   2182.73 0 
  2157.15 1.0263e-14   2192.81 0 
  2167.10 9.9141e-15   2202.93 0 
  2177.11 9.8459e-15   2213.09 0 
  2187.15 9.8006e-15   2223.31 0 
  2197.25 1.0286e-14   2233.57 0 
  2207.39 1.0006e-14   2243.88 0 
  2212.48 9.4461e-15   2249.05 0 
  2222.69 9.2099e-15   2259.44 0 
  2232.95 9.9599e-15   2269.86 0 
  2243.26 9.5335e-15   2280.34 0 
  2253.61 9.0835e-15   2290.87 0 
  2264.02 9.2729e-15   2301.44 0 
  2274.47 9.5709e-15   2312.07 0 
  2284.96 9.9239e-15   2322.74 0 
  2295.51 9.3199e-15   2333.46 0 
  2306.11 9.4437e-15   2344.23 0 
  2316.75 8.9923e-15   2355.05 0 
  2327.45 7.1219e-15   2365.92 0 
  2332.81 8.2691e-15   2371.37 0 
  2343.58 7.9101e-15   2382.32 0 
  2354.39 8.7479e-15   2393.32 0 
  2365.26 7.9182e-15   2404.36 0 
  2376.18 8.2290e-15   2415.46 0 
  2387.15 7.5347e-15   2426.61 0 
  2392.65 8.0709e-15   2432.20 0 
  2403.70 7.7739e-15   2443.43 0 
  2414.79 8.0049e-15   2454.71 0 
  2425.94 8.6510e-15   2466.04 0 
  2437.13 8.3518e-15   2477.42 0 
  2442.75 8.8845e-15   2483.13 0 
  2454.03 8.7769e-15   2494.60 0 
  2465.35 8.6706e-15   2506.11 0 
  2476.73 8.3130e-15   2517.68 0 
  2482.44 8.4064e-15   2523.48 0 
  2493.90 7.9307e-15   2535.13 0 
  2505.41 9.0160e-15   2546.83 0 
  2511.19 7.8138e-15   2552.70 0 
  2516.98 7.9564e-15   2558.59 0 
  2522.78 7.6659e-15   2564.48 0 
  2534.42 7.8752e-15   2576.32 0 
  2546.12 7.7796e-15   2588.21 0 
  2557.88 8.5242e-15   2600.16 0 
  2563.77 8.2130e-15   2606.15 0 
  2575.61 8.7537e-15   2618.18 0 
  2587.49 8.6076e-15   2630.27 0 
  2593.46 8.4475e-15   2636.33 0 
  2605.43 8.1174e-15   2648.50 0 
  2617.46 7.9819e-15   2660.72 0 
  2623.49 8.4712e-15   2666.86 0 
  2635.60 8.9873e-15   2679.17 0 
  2647.76 9.9612e-15   2691.54 0 
  2653.87 1.0427e-14   2697.74 0 
  2666.12 9.1587e-15   2710.19 0 
  2672.26 9.6755e-15   2716.44 0 
  2684.60 9.7803e-15   2728.98 0 
  2696.99 9.1207e-15   2741.57 0 
  2703.21 9.5469e-15   2747.89 0 
  2715.68 8.8621e-15   2760.58 0 
  2721.94 8.7775e-15   2766.94 0 
  2734.51 9.2906e-15   2779.71 0 
  2747.13 7.8291e-15   2792.54 0 
  2753.46 8.1573e-15   2798.98 0 
  2766.17 8.5943e-15   2811.90 0 
  2772.55 9.0374e-15   2818.38 0 
  2785.35 8.2358e-15   2831.39 0 
  2798.20 6.5068e-15   2844.46 0 
  2804.65 7.0016e-15   2851.02 0 
  2817.60 8.8687e-15   2864.18 0 
  2824.10 9.6535e-15   2870.78 0 
  2837.13 9.3184e-15   2884.03 0 
  2843.67 8.9365e-15   2890.68 0 
  2856.80 8.2951e-15   2904.02 0 
  2863.38 9.6305e-15   2910.72 0 
  2876.60 9.8469e-15   2924.15 0 
  2883.23 9.6855e-15   2930.89 0 
  2896.54 9.7897e-15   2944.42 0 
  2909.91 1.0925e-14   2958.01 0 
  2930.08 1.0372e-14   2978.52 0 
  2950.39 1.0170e-14   2999.16 0 
  2970.84 1.0442e-14   3019.95 0 
  2991.43 1.0477e-14   3040.89 0 
  3012.17 1.0658e-14   3061.96 0 
  3033.05 1.0694e-14   3083.19 0 
  3047.05 1.0759e-14   3097.42 0 
  3068.17 1.0919e-14   3118.89 0 
  3089.44 1.0981e-14   3140.51 0 
  3110.85 1.1144e-14   3162.28 0 
  3132.42 1.0926e-14   3184.20 0 
  3146.88 1.0967e-14   3198.90 0 
  3168.69 1.1130e-14   3221.07 0 
  3190.65 1.0421e-14   3243.40 0 
  3212.77 1.0947e-14   3265.88 0 
  3227.60 1.0231e-14   3280.95 0 
  3249.97 1.1306e-14   3303.70 0 
  3272.50 1.1931e-14   3326.60 0 
  3287.60 1.1811e-14   3341.95 0 
  3310.39 1.1713e-14   3365.12 0 
  3325.67 1.1756e-14   3380.65 0 
  3333.34 1.2079e-14   3388.44 0 
  3341.02 1.1451e-14   3396.25 0 
  3348.72 1.2520e-14   3404.08 0 
  3356.44 1.2006e-14   3411.93 0 
  3364.18 1.0356e-14   3419.79 0 
  3371.94 1.0544e-14   3427.68 0 
  3379.71 1.2016e-14   3435.58 0 
  3387.50 1.1955e-14   3443.50 0 
  3395.31 1.1544e-14   3451.44 0 
  3403.14 1.2593e-14   3459.39 0 
  3410.98 1.1400e-14   3467.37 0 
  3418.84 1.1395e-14   3475.36 0 
  3426.73 1.1871e-14   3483.37 0 
  3434.63 1.2684e-14   3491.40 0 
  3442.54 1.1378e-14   3499.45 0 
  3450.48 1.1772e-14   3507.52 0 
  3458.43 1.1820e-14   3515.60 0 
  3466.41 1.1519e-14   3523.71 0 
  3474.40 1.2139e-14   3531.83 0 
  3482.41 1.1640e-14   3539.97 0 
  3490.43 1.2155e-14   3548.13 0 
  3498.48 1.1105e-14   3556.31 0 
  3506.55 1.2255e-14   3564.51 0 
  3514.63 1.1457e-14   3572.73 0 
  3522.73 1.2270e-14   3580.96 0 
  3530.85 1.1314e-14   3589.22 0 
  3538.99 1.2343e-14   3597.49 0 
  3547.15 1.2740e-14   3605.79 0 
  3555.33 1.2472e-14   3614.10 0 
  3563.52 1.2267e-14   3622.43 0 
  3571.74 1.1233e-14   3630.78 0 
  3579.97 1.1279e-14   3639.15 0 
  3588.22 1.0001e-14   3647.54 0 
  3596.49 1.1556e-14   3655.95 0 
  3604.78 1.2291e-14   3664.37 0 
  3608.80 1.4128e-14   3668.46 1 
  3611.51 1.2447e-14   3671.21 1 
  3614.21 9.3523e-15   3673.96 1 
  3616.92 9.6722e-15   3676.71 1 
  3619.62 1.2408e-14   3679.46 1 
  3622.33 1.0288e-14   3682.21 1 
  3625.03 1.1552e-14   3684.96 1 
  3627.74 1.3077e-14   3687.71 1 
  3630.45 1.1640e-14   3690.46 1 
  3633.15 1.1460e-14   3693.21 1 
  3635.86 1.3151e-14   3695.96 1 
  3638.56 1.4867e-14   3698.71 1 
  3641.27 1.4162e-14   3701.46 1 
  3643.97 1.6097e-14   3704.21 1 
  3646.68 1.1114e-14   3706.96 1 
  3649.38 8.1744e-15   3709.71 1 
  3652.09 1.0916e-14   3712.46 1 
  3654.79 1.1836e-14   3715.21 1 
  3657.50 1.3012e-14   3717.96 1 
  3660.20 1.3013e-14   3720.71 1 
  3662.91 1.5028e-14   3723.46 1 
  3665.61 1.6786e-14   3726.21 1 
  3668.32 1.2645e-14   3728.96 1 
  3671.02 1.1625e-14   3731.71 1 
  3673.73 1.3908e-14   3734.46 1 
  3676.43 1.2870e-14   3737.21 1 
  3679.14 1.0377e-14   3739.96 1 
  3681.85 6.8841e-15   3742.71 1 
  3684.55 1.0891e-14   3745.46 1 
  3687.26 7.3956e-15   3748.21 1 
  3689.96 7.9877e-15   3750.96 1 
  3692.67 1.3900e-14   3753.71 1 
  3695.37 1.4139e-14   3756.46 1 
  3698.08 1.3410e-14   3759.21 1 
  3700.78 1.4249e-14   3761.96 1 
  3703.49 1.3400e-14   3764.71 1 
  3706.19 1.2850e-14   3767.46 1 
  3708.90 1.2811e-14   3770.21 1 
  3711.60 1.1642e-14   3772.96 1 
  3714.31 1.4017e-14   3775.71 1 
  3717.01 1.2019e-14   3778.46 1 
  3719.72 9.9965e-15   3781.21 1 
  3722.42 1.3584e-14   3783.96 1 
  3725.13 1.6866e-14   3786.71 1 
  3727.84 2.2116e-14   3789.46 1 
  3730.54 2.3207e-14   3792.21 1 
  3733.25 2.4140e-14   3794.96 1 
  3735.95 1.6049e-14   3797.71 1 
  3738.66 1.1947e-14   3800.46 1 
  3741.36 1.3503e-14   3803.21 1 
  3744.07 1.2814e-14   3805.96 1 
  3746.77 1.1755e-14   3808.71 1 
  3749.48 1.1514e-14   3811.46 1 
  3752.18 1.4927e-14   3814.21 1 
  3754.89 1.3903e-14   3816.96 1 
  3757.59 1.3060e-14   3819.71 1 
  3760.30 1.6548e-14   3822.46 1 
  3763.00 1.6400e-14   3825.21 1 
  3765.71 1.6898e-14   3827.96 1 
  3768.41 1.3809e-14   3830.71 1 
  3771.12 1.6353e-14   3833.46 1 
  3773.82 1.1027e-14   3836.21 1 
  3776.53 1.3321e-14   3838.96 1 
  3779.24 1.5991e-14   3841.71 1 
  3781.94 1.5779e-14   3844.46 1 
  3784.65 1.8222e-14   3847.21 1 
  3787.35 1.5938e-14   3849.96 1 
  3790.06 1.6271e-14   3852.71 1 
  3792.76 1.6171e-14   3855.46 1 
  3795.47 1.5278e-14   3858.21 1 
  3798.17 1.2700e-14   3860.96 1 
  3800.88 1.5128e-14   3863.71 1 
  3803.58 1.2280e-14   3866.46 1 
  3806.29 1.5644e-14   3869.21 1 
  3808.99 1.7118e-14   3871.96 1 
  3811.70 1.7355e-14   3874.71 1 
  3814.40 1.9225e-14   3877.46 1 
  3817.11 1.5972e-14   3880.21 1 
  3819.81 1.6552e-14   3882.96 1 
  3822.52 1.7342e-14   3885.71 1 
  3825.23 1.7097e-14   3888.46 1 
  3827.93 1.5352e-14   3891.21 1 
  3830.64 1.5063e-14   3893.96 1 
  3833.34 1.2816e-14   3896.71 1 
  3836.05 9.9948e-15   3899.46 1 
  3838.75 1.2336e-14   3902.21 1 
  3841.46 1.5132e-14   3904.96 1 
  3844.16 1.5132e-14   3907.71 1 
  3846.87 1.7809e-14   3910.46 1 
  3849.57 1.6965e-14   3913.21 1 
  3852.28 1.6809e-14   3915.96 1 
  3854.98 1.8218e-14   3918.71 1 
  3857.69 1.9235e-14   3921.46 1 
  3860.39 1.9120e-14   3924.21 1 
  3863.10 1.6023e-14   3926.96 1 
  3865.80 1.9943e-14   3929.71 1 
  3868.51 1.9106e-14   3932.46 1 
  3871.21 1.6678e-14   3935.21 1 
  3873.92 1.9235e-14   3937.96 1 
  3876.63 1.9061e-14   3940.71 1 
  3879.33 1.8300e-14   3943.46 1 
  3882.04 1.6408e-14   3946.21 1 
  3884.74 1.6137e-14   3948.96 1 
  3887.45 1.5027e-14   3951.71 1 
  3890.15 1.3107e-14   3954.46 1 
  3892.86 1.2351e-14   3957.21 1 
  3895.56 1.4201e-14   3959.96 1 
  3898.27 1.5336e-14   3962.71 1 
  3900.97 1.7558e-14   3965.46 1 
  3903.68 1.6776e-14   3968.21 1 
  3906.38 1.7656e-14   3970.96 1 
  3909.09 1.9274e-14   3973.71 1 
  3911.79 2.0284e-14   3976.46 1 
  3914.50 1.8687e-14   3979.21 1 
  3917.20 1.9251e-14   3981.96 1 
  3919.91 1.9978e-14   3984.71 1 
  3922.62 1.9291e-14   3987.46 1 
  3925.32 1.8644e-14   3990.21 1 
  3928.03 1.7862e-14   3992.96 1 
  3930.73 1.5875e-14   3995.71 1 
  3933.44 1.6084e-14   3998.46 1 
  3936.14 1.6108e-14   4001.21 1 
  3938.85 1.6401e-14   4003.96 1 
  3941.55 1.4982e-14   4006.71 1 
  3944.26 1.6557e-14   4009.46 1 
  3946.96 1.8419e-14   4012.21 1 
  3949.67 1.7212e-14   4014.96 1 
  3952.37 1.8502e-14   4017.71 1 
  3955.08 1.7296e-14   4020.46 1 
  3957.78 1.8993e-14   4023.21 1 
  3960.49 1.7138e-14   4025.96 1 
  3963.19 1.4906e-14   4028.71 1 
  3965.90 1.2793e-14   4031.46 1 
  3968.60 1.2834e-14   4034.21 1 
  3971.31 1.1092e-14   4036.96 1 
  3974.02 1.2309e-14   4039.71 1 
  3976.72 1.3224e-14   4042.46 1 
  3979.43 1.6452e-14   4045.21 1 
  3982.13 1.6680e-14   4047.96 1 
  3984.84 1.4951e-14   4050.71 1 
  3987.54 1.8471e-14   4053.46 1 
  3990.25 1.9430e-14   4056.21 1 
  3992.95 1.9863e-14   4058.96 1 
  3995.66 2.0972e-14   4061.71 1 
  3998.36 2.0882e-14   4064.46 1 
  4001.07 2.0246e-14   4067.21 1 
  4003.77 2.0579e-14   4069.96 1 
  4006.48 2.1046e-14   4072.71 1 
  4009.18 2.2640e-14   4075.46 1 
  4011.89 2.2898e-14   4078.21 1 
  4014.59 2.2150e-14   4080.96 1 
  4017.30 2.2248e-14   4083.71 1 
  4020.01 2.3087e-14   4086.46 1 
  4022.71 2.3457e-14   4089.21 1 
  4025.42 2.2794e-14   4091.96 1 
  4028.12 2.5563e-14   4094.71 1 
  4030.83 2.2663e-14   4097.46 1 
  4033.53 2.3772e-14   4100.21 1 
  4036.24 2.1482e-14   4102.96 1 
  4038.94 2.2291e-14   4105.71 1 
  4041.65 2.3909e-14   4108.46 1 
  4044.35 2.2926e-14   4111.21 1 
  4047.06 2.5259e-14   4113.96 1 
  4049.76 2.4689e-14   4116.71 1 
  4052.47 2.4169e-14   4119.46 1 
  4055.17 2.3220e-14   4122.21 1 
  4057.88 2.2792e-14   4124.96 1 
  4060.58 2.3299e-14   4127.71 1 
  4063.29 2.2530e-14   4130.46 1 
  4065.99 2.2833e-14   4133.21 1 
  4068.70 2.2017e-14   4135.96 1 
  4071.41 2.2269e-14   4138.71 1 
  4074.11 2.4108e-14   4141.46 1 
  4076.82 2.1714e-14   4144.21 1 
  4079.52 2.0846e-14   4146.96 1 
  4082.23 2.2405e-14   4149.71 1 
  4084.93 2.1975e-14   4152.46 1 
  4087.64 1.9936e-14   4155.21 1 
  4090.34 2.1030e-14   4157.96 1 
  4093.05 2.0717e-14   4160.71 1 
  4095.75 1.9085e-14   4163.46 1 
  4098.46 1.8625e-14   4166.21 1 
  4101.16 1.8600e-14   4168.96 1 
  4103.87 1.7656e-14   4171.71 1 
  4106.57 1.7883e-14   4174.46 1 
  4109.28 1.8533e-14   4177.21 1 
  4111.98 1.7779e-14   4179.96 1 
  4114.69 1.9200e-14   4182.71 1 
  4117.40 1.9938e-14   4185.46 1 
  4120.10 2.0806e-14   4188.21 1 
  4122.81 2.0378e-14   4190.96 1 
  4125.51 2.2454e-14   4193.71 1 
  4128.22 2.0723e-14   4196.46 1 
  4130.92 2.0816e-14   4199.21 1 
  4133.63 2.1942e-14   4201.96 1 
  4136.33 2.1839e-14   4204.71 1 
  4139.04 2.1189e-14   4207.46 1 
  4141.74 2.2792e-14   4210.21 1 
  4144.45 2.2948e-14   4212.96 1 
  4147.15 2.2793e-14   4215.71 1 
  4149.86 2.1963e-14   4218.46 1 
  4152.56 2.3696e-14   4221.21 1 
  4155.27 2.3339e-14   4223.96 1 
  4157.97 2.2234e-14   4226.71 1 
  4160.68 2.2067e-14   4229.46 1 
  4163.39 2.2277e-14   4232.21 1 
  4166.09 2.2073e-14   4234.96 1 
  4168.80 2.2127e-14   4237.71 1 
  4171.50 2.1940e-14   4240.46 1 
  4174.21 2.3167e-14   4243.21 1 
  4176.91 2.1199e-14   4245.96 1 
  4179.62 2.2184e-14   4248.71 1 
  4182.32 2.0939e-14   4251.46 1 
  4185.03 2.0742e-14   4254.21 1 
  4187.73 2.2407e-14   4256.96 1 
  4190.44 2.3441e-14   4259.71 1 
  4193.14 2.2953e-14   4262.46 1 
  4195.85 2.1933e-14   4265.21 1 
  4198.55 2.1127e-14   4267.96 1 
  4201.26 2.0979e-14   4270.71 1 
  4203.96 2.1678e-14   4273.46 1 
  4206.67 2.1814e-14   4276.21 1 
  4209.37 2.3006e-14   4278.96 1 
  4212.08 2.3711e-14   4281.71 1 
  4214.79 2.2911e-14   4284.46 1 
  4217.49 2.3295e-14   4287.21 1 
  4220.20 2.1912e-14   4289.96 1 
  4222.90 2.1871e-14   4292.71 1 
  4225.61 2.1945e-14   4295.46 1 
  4228.31 2.2608e-14   4298.21 1 
  4231.02 2.0685e-14   4300.96 1 
  4233.72 2.2279e-14   4303.71 1 
  4236.43 2.2589e-14   4306.46 1 
  4239.13 2.2998e-14   4309.21 1 
  4241.84 2.1917e-14   4311.96 1 
  4244.54 2.3638e-14   4314.71 1 
  4247.25 2.4312e-14   4317.46 1 
  4249.95 2.3327e-14   4320.21 1 
  4252.66 2.3014e-14   4322.96 1 
  4255.36 2.0290e-14   4325.71 1 
  4258.07 2.2340e-14   4328.46 1 
  4260.78 2.3022e-14   4331.21 1 
  4263.48 2.2713e-14   4333.96 1 
  4266.19 2.1948e-14   4336.71 1 
  4268.89 2.2543e-14   4339.46 1 
  4271.60 2.1585e-14   4342.21 1 
  4274.30 2.2673e-14   4344.96 1 
  4277.01 2.4539e-14   4347.71 1 
  4279.71 2.2769e-14   4350.46 1 
  4282.42 2.1923e-14   4353.21 1 
  4285.12 2.3331e-14   4355.96 1 
  4287.83 2.2424e-14   4358.71 1 
  4290.53 2.2378e-14   4361.46 1 
  4293.24 2.1835e-14   4364.21 1 
  4295.94 2.2846e-14   4366.96 1 
  4298.65 2.1231e-14   4369.71 1 
  4301.35 2.0504e-14   4372.46 1 
  4304.06 1.9398e-14   4375.21 1 
  4306.76 1.7914e-14   4377.96 1 
  4309.47 1.9587e-14   4380.71 1 
  4312.18 1.9594e-14   4383.46 1 
  4314.88 2.1410e-14   4386.21 1 
  4317.59 2.2497e-14   4388.96 1 
  4320.29 2.1876e-14   4391.71 1 
  4323.00 2.2416e-14   4394.46 1 
  4325.70 2.2546e-14   4397.21 1 
  4328.41 2.0537e-14   4399.96 1 
  4331.11 2.1349e-14   4402.71 1 
  4333.82 2.2277e-14   4405.46 1 
  4336.52 1.9393e-14   4408.21 1 
  4339.23 2.0877e-14   4410.96 1 
  4341.93 2.1064e-14   4413.71 1 
  4344.64 2.1030e-14   4416.46 1 
  4347.34 2.0682e-14   4419.21 1 
  4350.05 1.9411e-14   4421.96 1 
  4352.75 1.9333e-14   4424.71 1 
  4355.46 2.1057e-14   4427.46 1 
  4358.17 2.0553e-14   4430.21 1 
  4360.87 2.3461e-14   4432.96 1 
  4363.58 2.3029e-14   4435.71 1 
  4366.28 2.3572e-14   4438.46 1 
  4368.99 2.3956e-14   4441.21 1 
  4371.69 2.4172e-14   4443.96 1 
  4374.40 2.3790e-14   4446.71 1 
  4377.10 2.3960e-14   4449.46 1 
  4379.81 2.2689e-14   4452.21 1 
  4382.51 2.3374e-14   4454.96 1 
  4385.22 2.4026e-14   4457.71 1 
  4387.92 2.3671e-14   4460.46 1 
  4390.63 2.2194e-14   4463.21 1 
  4393.33 2.2229e-14   4465.96 1 
  4396.04 2.2769e-14   4468.71 1 
  4398.74 2.4058e-14   4471.46 1 
  4401.45 2.3207e-14   4474.21 1 
  4404.15 2.3026e-14   4476.96 1 
  4406.86 2.3175e-14   4479.71 1 
  4409.57 2.3139e-14   4482.46 1 
  4412.27 2.3665e-14   4485.21 1 
  4414.98 2.4214e-14   4487.96 1 
  4417.68 2.3188e-14   4490.71 1 
  4420.39 2.3356e-14   4493.46 1 
  4423.09 2.4016e-14   4496.21 1 
  4425.80 2.4246e-14   4498.96 1 
  4428.50 2.4719e-14   4501.71 1 
  4431.21 2.4969e-14   4504.46 1 
  4433.91 2.3295e-14   4507.21 1 
  4436.62 2.3242e-14   4509.96 1 
  4439.32 2.3590e-14   4512.71 1 
  4442.03 2.3412e-14   4515.46 1 
  4444.73 2.5335e-14   4518.21 1 
  4447.44 2.4264e-14   4520.96 1 
  4450.14 2.4084e-14   4523.71 1 
  4452.85 2.4157e-14   4526.46 1 
  4455.56 2.5389e-14   4529.21 1 
  4458.26 2.5041e-14   4531.96 1 
  4460.97 2.4661e-14   4534.71 1 
  4463.67 2.5126e-14   4537.46 1 
  4466.38 2.4214e-14   4540.21 1 
  4469.08 2.4151e-14   4542.96 1 
  4471.79 2.5276e-14   4545.71 1 
  4474.49 2.5106e-14   4548.46 1 
  4477.20 2.4901e-14   4551.21 1 
  4479.90 2.5673e-14   4553.96 1 
  4482.61 2.4840e-14   4556.71 1 
  4485.31 2.5073e-14   4559.46 1 
  4488.02 2.6511e-14   4562.21 1 
  4490.72 2.7024e-14   4564.96 1 
  4493.43 2.6647e-14   4567.71 1 
  4496.13 2.5510e-14   4570.46 1 
  4498.84 2.4799e-14   4573.21 1 
  4501.54 2.5866e-14   4575.96 1 
  4504.25 2.6698e-14   4578.71 1 
  4506.96 2.7219e-14   4581.46 1 
  4509.66 2.7610e-14   4584.21 1 
  4512.37 2.7541e-14   4586.96 1 
  4515.07 2.7177e-14   4589.71 1 
  4517.78 2.5632e-14   4592.46 1 
  4520.48 2.4964e-14   4595.21 1 
  4523.19 2.4232e-14   4597.96 1 
  4525.89 2.5083e-14   4600.71 1 
  4528.60 2.4182e-14   4603.46 1 
  4531.30 2.3420e-14   4606.21 1 
  4534.01 2.4599e-14   4608.96 1 
  4536.71 2.5463e-14   4611.71 1 
  4539.42 2.5223e-14   4614.46 1 
  4542.12 2.5568e-14   4617.21 1 
  4544.83 2.5767e-14   4619.96 1 
  4547.53 2.5246e-14   4622.71 1 
  4550.24 2.4769e-14   4625.46 1 
  4552.95 2.3861e-14   4628.21 1 
  4555.65 2.3320e-14   4630.96 1 
  4558.36 2.5049e-14   4633.71 1 
  4561.06 2.5837e-14   4636.46 1 
  4563.77 2.6349e-14   4639.21 1 
  4566.47 2.6483e-14   4641.96 1 
  4569.18 2.6070e-14   4644.71 1 
  4571.88 2.6621e-14   4647.46 1 
  4574.59 2.6315e-14   4650.21 1 
  4577.29 2.6191e-14   4652.96 1 
  4580.00 2.5843e-14   4655.71 1 
  4582.70 2.6168e-14   4658.46 1 
  4585.41 2.6020e-14   4661.21 1 
  4588.11 2.6010e-14   4663.96 1 
  4590.82 2.4649e-14   4666.71 1 
  4593.52 2.4576e-14   4669.46 1 
  4596.23 2.5684e-14   4672.21 1 
  4598.93 2.4859e-14   4674.96 1 
  4601.64 2.5140e-14   4677.71 1 
  4604.35 2.5270e-14   4680.46 1 
  4607.05 2.5767e-14   4683.21 1 
  4609.76 2.6921e-14   4685.96 1 
  4612.46 2.6374e-14   4688.71 1 
  4615.17 2.6663e-14   4691.46 1 
  4617.87 2.7502e-14   4694.21 1 
  4620.58 2.5145e-14   4696.96 1 
  4623.28 2.5739e-14   4699.71 1 
  4625.99 2.6928e-14   4702.46 1 
  4628.69 2.7166e-14   4705.21 1 
  4631.40 2.6306e-14   4707.96 1 
  4634.10 2.5014e-14   4710.71 1 
  4636.81 2.5646e-14   4713.46 1 
  4639.51 2.6671e-14   4716.21 1 
  4642.22 2.6568e-14   4718.96 1 
  4644.92 2.6086e-14   4721.71 1 
  4647.63 2.4687e-14   4724.46 1 
  4650.34 2.3623e-14   4727.21 1 
  4653.04 2.4973e-14   4729.96 1 
  4655.75 2.5190e-14   4732.71 1 
  4658.45 2.5920e-14   4735.46 1 
  4661.16 2.7228e-14   4738.21 1 
  4663.86 2.6396e-14   4740.96 1 
  4666.57 2.6230e-14   4743.71 1 
  4669.27 2.5735e-14   4746.46 1 
  4671.98 2.5737e-14   4749.21 1 
  4674.68 2.5938e-14   4751.96 1 
  4677.39 2.6237e-14   4754.71 1 
  4680.09 2.6374e-14   4757.46 1 
  4682.80 2.6792e-14   4760.21 1 
  4685.50 2.7201e-14   4762.96 1 
  4688.21 2.7719e-14   4765.71 1 
  4690.91 2.6309e-14   4768.46 1 
  4693.62 2.4382e-14   4771.21 1 
  4696.33 2.6095e-14   4773.96 1 
  4699.03 2.7355e-14   4776.71 1 
  4701.74 2.6200e-14   4779.46 1 
  4704.44 2.5333e-14   4782.21 1 
  4707.15 2.4763e-14   4784.96 1 
  4709.85 2.4899e-14   4787.71 1 
  4712.56 2.6283e-14   4790.46 1 
  4715.26 2.6003e-14   4793.21 1 
  4717.97 2.5794e-14   4795.96 1 
  4720.67 2.5582e-14   4798.71 1 
  4723.38 2.6785e-14   4801.46 1 
  4726.08 2.5951e-14   4804.21 1 
  4728.79 2.5340e-14   4806.96 1 
  4731.49 2.5859e-14   4809.71 1 
  4734.20 2.4368e-14   4812.46 1 
  4736.90 2.4621e-14   4815.21 1 
  4739.61 2.4895e-14   4817.96 1 
  4742.31 2.6698e-14   4820.71 1 
  4745.02 2.6055e-14   4823.46 1 
  4747.73 2.6051e-14   4826.21 1 
  4750.43 2.7703e-14   4828.96 1 
  4753.14 2.5728e-14   4831.71 1 
  4755.84 2.5749e-14   4834.46 1 
  4758.55 2.5961e-14   4837.21 1 
  4761.25 2.5147e-14   4839.96 1 
  4763.96 2.4177e-14   4842.71 1 
  4766.66 2.5487e-14   4845.46 1 
  4769.37 2.5959e-14   4848.21 1 
  4772.07 2.6160e-14   4850.96 1 
  4774.78 2.5584e-14   4853.71 1 
  4777.48 2.6543e-14   4856.46 1 
  4780.19 2.7102e-14   4859.21 1 
  4782.89 2.5961e-14   4861.96 1 
  4785.60 2.5734e-14   4864.71 1 
  4788.30 2.5925e-14   4867.46 1 
  4791.01 2.5956e-14   4870.21 1 
  4793.72 2.6001e-14   4872.96 1 
  4796.42 2.5823e-14   4875.71 1 
  4799.13 2.7349e-14   4878.46 1 
  4801.83 2.6471e-14   4881.21 1 
  4804.54 2.6629e-14   4883.96 1 
  4807.24 2.5332e-14   4886.71 1 
  4809.95 2.5977e-14   4889.46 1 
  4812.65 2.6253e-14   4892.21 1 
  4815.36 2.4928e-14   4894.96 1 
  4818.06 2.6059e-14   4897.71 1 
  4820.77 2.6178e-14   4900.46 1 
  4823.47 2.6603e-14   4903.21 1 
  4826.18 2.5637e-14   4905.96 1 
  4828.88 2.5050e-14   4908.71 1 
  4831.59 2.5796e-14   4911.46 1 
  4834.29 2.5771e-14   4914.21 1 
  4837.00 2.5690e-14   4916.96 1 
  4839.70 2.5092e-14   4919.71 1 
  4842.41 2.5651e-14   4922.46 1 
  4845.12 2.4548e-14   4925.21 1 
  4847.82 2.5127e-14   4927.96 1 
  4850.53 2.5245e-14   4930.71 1 
  4853.23 2.3908e-14   4933.46 1 
  4855.94 2.3915e-14   4936.21 1 
  4858.64 2.5670e-14   4938.96 1 
  4861.35 2.6572e-14   4941.71 1 
  4864.05 2.6559e-14   4944.46 1 
  4866.76 2.5694e-14   4947.21 1 
  4869.46 2.4911e-14   4949.96 1 
  4872.17 2.4223e-14   4952.71 1 
  4874.87 2.3534e-14   4955.46 1 
  4877.58 2.4264e-14   4958.21 1 
  4880.28 2.5245e-14   4960.96 1 
  4882.99 2.5465e-14   4963.71 1 
  4885.69 2.4770e-14   4966.46 1 
  4888.40 2.4413e-14   4969.21 1 
  4891.11 2.4959e-14   4971.96 1 
  4893.81 2.5021e-14   4974.71 1 
  4896.52 2.6347e-14   4977.46 1 
  4899.22 2.5328e-14   4980.21 1 
  4901.93 2.4654e-14   4982.96 1 
  4904.63 2.6131e-14   4985.71 1 
  4907.34 2.5372e-14   4988.46 1 
  4910.04 2.6052e-14   4991.21 1 
  4912.75 2.5835e-14   4993.96 1 
  4915.45 2.5686e-14   4996.71 1 
  4918.16 2.4677e-14   4999.46 1 
  4920.86 2.4683e-14   5002.21 1 
  4923.57 2.4885e-14   5004.96 1 
  4926.27 2.4743e-14   5007.71 1 
  4928.98 2.5133e-14   5010.46 1 
  4931.68 2.5651e-14   5013.21 1 
  4934.39 2.4253e-14   5015.96 1 
  4937.09 2.5056e-14   5018.71 1 
  4939.80 2.4143e-14   5021.46 1 
  4942.51 2.5840e-14   5024.21 1 
  4945.21 2.6317e-14   5026.96 1 
  4947.92 2.7697e-14   5029.71 1 
  4950.62 2.6915e-14   5032.46 1 
  4953.33 2.7576e-14   5035.21 1 
  4956.03 2.6899e-14   5037.96 1 
  4958.74 2.7281e-14   5040.71 1 
  4961.44 2.7237e-14   5043.46 1 
  4964.15 2.6745e-14   5046.21 1 
  4966.85 2.4561e-14   5048.96 1 
  4969.56 2.6535e-14   5051.71 1 
  4972.26 2.4957e-14   5054.46 1 
  4974.97 2.4784e-14   5057.21 1 
  4977.67 2.5194e-14   5059.96 1 
  4980.38 2.5154e-14   5062.71 1 
  4983.08 2.4770e-14   5065.46 1 
  4985.79 2.5327e-14   5068.21 1 
  4988.50 2.5008e-14   5070.96 1 
  4991.20 2.5729e-14   5073.71 1 
  4993.91 2.4765e-14   5076.46 1 
  4996.61 2.6260e-14   5079.21 1 
  4999.32 2.6121e-14   5081.96 1 
  5002.02 2.6234e-14   5084.71 1 
  5004.73 2.6488e-14   5087.46 1 
  5007.43 2.6478e-14   5090.21 1 
  5010.14 2.7754e-14   5092.96 1 
  5012.84 2.7023e-14   5095.71 1 
  5015.55 2.5252e-14   5098.46 1 
  5018.25 2.4305e-14   5101.21 1 
  5020.96 2.4210e-14   5103.96 1 
  5023.66 2.4412e-14   5106.71 1 
  5026.37 2.4859e-14   5109.46 1 
  5029.07 2.4782e-14   5112.21 1 
  5031.78 2.5351e-14   5114.96 1 
  5034.48 2.6520e-14   5117.71 1 
  5037.19 2.4663e-14   5120.46 1 
  5039.90 2.3525e-14   5123.21 1 
  5042.60 2.2510e-14   5125.96 1 
  5045.31 2.3360e-14   5128.71 1 
  5048.01 2.4820e-14   5131.46 1 
  5050.72 2.5017e-14   5134.21 1 
  5053.42 2.5286e-14   5136.96 1 
  5056.13 2.4820e-14   5139.71 1 
  5058.83 2.5156e-14   5142.46 1 
  5061.54 2.4433e-14   5145.21 1 
  5064.24 2.5714e-14   5147.96 1 
  5066.95 2.5164e-14   5150.71 1 
  5069.65 2.5420e-14   5153.46 1 
  5072.36 2.4248e-14   5156.21 1 
  5075.06 2.4140e-14   5158.96 1 
  5077.77 2.5074e-14   5161.71 1 
  5080.47 2.3657e-14   5164.46 1 
  5083.18 2.3907e-14   5167.21 1 
  5085.89 2.5438e-14   5169.96 1 
  5088.59 2.5415e-14   5172.71 1 
  5091.30 2.4810e-14   5175.46 1 
  5094.00 2.5635e-14   5178.21 1 
  5096.71 2.4762e-14   5180.96 1 
  5099.41 2.5501e-14   5183.71 1 
  5102.12 2.5757e-14   5186.46 1 
  5104.82 2.5863e-14   5189.21 1 
  5107.53 2.5054e-14   5191.96 1 
  5110.23 2.4943e-14   5194.71 1 
  5112.94 2.4647e-14   5197.46 1 
  5115.64 2.5644e-14   5200.21 1 
  5118.35 2.5549e-14   5202.96 1 
  5121.05 2.4940e-14   5205.71 1 
  5123.76 2.3821e-14   5208.46 1 
  5126.46 2.4155e-14   5211.21 1 
  5129.17 2.4613e-14   5213.96 1 
  5131.87 2.5182e-14   5216.71 1 
  5134.58 2.4589e-14   5219.46 1 
  5137.29 2.4378e-14   5222.21 1 
  5139.99 2.4452e-14   5224.96 1 
  5142.70 2.5274e-14   5227.71 1 
  5145.40 2.3548e-14   5230.46 1 
  5148.11 2.4310e-14   5233.21 1 
  5150.81 2.3011e-14   5235.96 1 
  5153.52 2.2241e-14   5238.71 1 
  5156.22 2.2466e-14   5241.46 1 
  5158.93 2.3657e-14   5244.21 1 
  5161.63 2.5288e-14   5246.96 1 
  5164.34 2.5515e-14   5249.71 1 
  5167.04 2.5030e-14   5252.46 1 
  5169.75 2.4137e-14   5255.21 1 
  5172.45 2.1923e-14   5257.96 1 
  5175.16 2.1996e-14   5260.71 1 
  5177.86 2.2884e-14   5263.46 1 
  5180.57 2.3688e-14   5266.21 1 
  5183.28 2.3134e-14   5268.96 1 
  5185.98 2.3164e-14   5271.71 1 
  5188.69 2.3823e-14   5274.46 1 
  5191.39 2.2856e-14   5277.21 1 
  5194.10 2.3407e-14   5279.96 1 
  5196.80 2.4764e-14   5282.71 1 
  5199.51 2.3866e-14   5285.46 1 
  5202.21 2.4798e-14   5288.21 1 
  5204.92 2.4708e-14   5290.96 1 
  5207.62 2.3667e-14   5293.71 1 
  5210.33 2.4088e-14   5296.46 1 
  5213.03 2.4776e-14   5299.21 1 
  5215.74 2.5025e-14   5301.96 1 
  5218.44 2.4647e-14   5304.71 1 
  5221.15 2.4682e-14   5307.46 1 
  5223.85 2.4402e-14   5310.21 1 
  5226.56 2.4374e-14   5312.96 1 
  5229.26 2.4324e-14   5315.71 1 
  5231.97 2.4990e-14   5318.46 1 
  5234.68 2.5408e-14   5321.21 1 
  5237.38 2.4604e-14   5323.96 1 
  5240.09 2.5246e-14   5326.71 1 
  5242.79 2.5952e-14   5329.46 1 
  5245.50 2.6176e-14   5332.21 1 
  5248.20 2.5454e-14   5334.96 1 
  5250.91 2.5171e-14   5337.71 1 
  5253.61 2.5235e-14   5340.46 1 
  5256.32 2.5763e-14   5343.21 1 
  5259.02 2.4819e-14   5345.96 1 
  5261.73 2.5146e-14   5348.71 1 
  5264.43 2.5851e-14   5351.46 1 
  5267.14 2.3716e-14   5354.21 1 
  5269.84 2.3153e-14   5356.96 1 
  5272.55 2.3980e-14   5359.71 1 
  5275.25 2.4067e-14   5362.46 1 
  5277.96 2.4072e-14   5365.21 1 
  5280.67 2.5115e-14   5367.96 1 
  5283.37 2.5619e-14   5370.71 1 
  5286.08 2.5690e-14   5373.46 1 
  5288.78 2.6705e-14   5376.21 1 
  5291.49 2.7347e-14   5378.96 1 
  5294.19 2.6569e-14   5381.71 1 
  5296.90 2.6500e-14   5384.46 1 
  5299.60 2.6613e-14   5387.21 1 
  5302.31 2.5808e-14   5389.96 1 
  5305.01 2.6026e-14   5392.71 1 
  5307.72 2.6451e-14   5395.46 1 
  5310.42 2.8752e-14   5398.21 1 
  5313.13 2.8602e-14   5400.96 1 
  5315.83 2.7619e-14   5403.71 1 
  5318.54 2.6001e-14   5406.46 1 
  5321.24 2.5089e-14   5409.21 1 
  5323.95 2.5627e-14   5411.96 1 
  5326.66 2.5650e-14   5414.71 1 
  5329.36 2.5568e-14   5417.46 1 
  5332.07 2.5672e-14   5420.21 1 
  5334.77 2.5265e-14   5422.96 1 
  5337.48 2.5866e-14   5425.71 1 
  5340.18 2.5468e-14   5428.46 1 
  5342.89 2.5583e-14   5431.21 1 
  5345.59 2.5518e-14   5433.96 1 
  5348.30 2.6078e-14   5436.71 1 
  5351.00 2.6696e-14   5439.46 1 
  5353.71 2.6341e-14   5442.21 1 
  5356.41 2.6555e-14   5444.96 1 
  5359.12 2.7612e-14   5447.71 1 
  5361.82 2.8010e-14   5450.46 1 
  5364.53 2.6976e-14   5453.21 1 
  5367.23 2.6424e-14   5455.96 1 
  5369.94 2.6221e-14   5458.71 1 
  5372.64 2.6297e-14   5461.46 1 
  5375.35 2.6832e-14   5464.21 1 
  5378.06 2.5473e-14   5466.96 1 
  5380.76 2.5398e-14   5469.71 1 
  5383.47 2.5362e-14   5472.46 1 
  5386.17 2.6622e-14   5475.21 1 
  5388.88 2.6020e-14   5477.96 1 
  5391.58 2.6602e-14   5480.71 1 
  5394.29 2.5915e-14   5483.46 1 
  5396.99 2.6262e-14   5486.21 1 
  5399.70 2.5020e-14   5488.96 1 
  5402.40 2.5272e-14   5491.71 1 
  5405.11 2.5762e-14   5494.46 1 
  5407.81 2.5778e-14   5497.21 1 
  5410.52 2.5905e-14   5499.96 1 
  5413.22 2.7089e-14   5502.71 1 
  5415.93 2.6959e-14   5505.46 1 
  5418.63 2.7546e-14   5508.21 1 
  5421.34 2.6369e-14   5510.96 1 
  5424.05 2.6178e-14   5513.71 1 
  5426.75 2.5616e-14   5516.46 1 
  5429.46 2.6446e-14   5519.21 1 
  5432.16 2.5837e-14   5521.96 1 
  5434.87 2.5618e-14   5524.71 1 
  5437.57 2.4627e-14   5527.46 1 
  5440.28 2.4826e-14   5530.21 1 
  5442.98 2.6246e-14   5532.96 1 
  5445.69 2.8342e-14   5535.71 1 
  5448.39 2.6555e-14   5538.46 1 
  5451.10 2.6759e-14   5541.21 1 
  5453.80 2.6275e-14   5543.96 1 
  5456.51 2.6010e-14   5546.71 1 
  5459.21 2.5302e-14   5549.46 1 
  5461.92 2.5596e-14   5552.21 1 
  5464.62 2.6232e-14   5554.96 1 
  5467.33 2.5838e-14   5557.71 1 
  5470.03 2.5646e-14   5560.46 1 
  5472.74 2.4854e-14   5563.21 1 
  5475.45 2.5238e-14   5565.96 1 
  5478.15 2.5869e-14   5568.71 1 
  5480.86 2.6857e-14   5571.46 1 
  5483.56 2.4509e-14   5574.21 1 
  5486.27 2.3566e-14   5576.96 1 
  5488.97 2.6066e-14   5579.71 1 
  5491.68 2.5946e-14   5582.46 1 
  5494.38 2.6091e-14   5585.21 1 
  5497.09 2.5590e-14   5587.96 1 
  5499.79 2.5718e-14   5590.71 1 
  5502.50 2.6099e-14   5593.46 1 
  5505.20 2.5385e-14   5596.21 1 
  5507.91 2.5577e-14   5598.96 1 
  5510.61 2.5194e-14   5601.71 1 
  5513.32 2.4759e-14   5604.46 1 
  5516.02 2.7004e-14   5607.21 1 
  5518.73 2.6013e-14   5609.96 1 
  5521.44 2.6006e-14   5612.71 1 
  5524.14 2.6346e-14   5615.46 1 
  5526.85 2.5515e-14   5618.21 1 
  5529.55 2.6840e-14   5620.96 1 
  5532.26 2.6876e-14   5623.71 1 
  5534.96 2.6860e-14   5626.46 1 
  5537.67 2.6625e-14   5629.21 1 
  5540.37 2.6968e-14   5631.96 1 
  5543.08 2.6167e-14   5634.71 1 
  5545.78 2.6301e-14   5637.46 1 
  5548.49 2.8186e-14   5640.21 1 
  5551.19 2.7494e-14   5642.96 1 
  5553.90 2.7203e-14   5645.71 1 
  5556.60 2.7295e-14   5648.46 1 
  5559.31 2.7199e-14   5651.21 1 
  5562.01 2.7995e-14   5653.96 1 
  5564.72 2.8493e-14   5656.71 1 
  5567.42 2.8151e-14   5659.46 1 
  5570.13 2.7602e-14   5662.21 1 
  5572.84 2.7747e-14   5664.96 1 
  5575.54 2.6773e-14   5667.71 1 
  5578.25 2.5946e-14   5670.46 1 
  5580.95 2.6759e-14   5673.21 1 
  5583.66 2.6123e-14   5675.96 1 
  5586.36 2.5407e-14   5678.71 1 
  5589.07 2.6760e-14   5681.46 1 
  5591.77 2.5823e-14   5684.21 1 
  5594.48 2.6275e-14   5686.96 1 
  5597.18 2.5305e-14   5689.71 1 
  5599.89 2.5156e-14   5692.46 1 
  5602.59 2.5132e-14   5695.21 1 
  5605.30 2.4890e-14   5697.96 1 
  5608.00 2.5607e-14   5700.71 1 
  5610.71 2.5982e-14   5703.46 1 
  5613.41 2.6155e-14   5706.21 1 
  5616.12 2.7002e-14   5708.96 1 
  5618.83 2.6943e-14   5711.71 1 
  5621.53 2.6842e-14   5714.46 1 
  5624.24 2.5789e-14   5717.21 1 
  5626.94 2.6066e-14   5719.96 1 
  5629.65 2.5321e-14   5722.71 1 
  5632.35 2.7018e-14   5725.46 1 
  5635.06 2.6007e-14   5728.21 1 
  5637.76 2.6365e-14   5730.96 1 
  5640.47 2.6508e-14   5733.71 1 
  5643.17 2.5924e-14   5736.46 1 
  5645.88 2.6872e-14   5739.21 1 
  5648.58 2.5824e-14   5741.96 1 
  5651.29 2.5513e-14   5744.71 1 
  5653.99 2.6108e-14   5747.46 1 
  5656.70 2.6806e-14   5750.21 1 
  5659.40 2.5217e-14   5752.96 1 
  5662.11 2.5512e-14   5755.71 1 
  5664.81 2.5911e-14   5758.46 1 
  5667.52 2.5851e-14   5761.21 1 
  5670.23 2.6744e-14   5763.96 1 
  5672.93 2.7216e-14   5766.71 1 
  5675.64 2.6497e-14   5769.46 1 
  5678.34 2.6488e-14   5772.21 1 
  5681.05 2.6796e-14   5774.96 1 
  5683.75 2.5416e-14   5777.71 1 
  5686.46 2.6112e-14   5780.46 1 
  5689.16 2.6510e-14   5783.21 1 
  5691.87 2.5471e-14   5785.96 1 
  5694.57 2.6269e-14   5788.71 1 
  5697.28 2.7794e-14   5791.46 1 
  5699.98 2.6359e-14   5794.21 1 
  5702.69 2.6182e-14   5796.96 1 
  5705.39 2.6870e-14   5799.71 1 
  5708.10 2.5939e-14   5802.46 1 
  5710.80 2.6282e-14   5805.21 1 
  5713.51 2.5900e-14   5807.96 1 
  5716.22 2.5677e-14   5810.71 1 
  5718.92 2.6528e-14   5813.46 1 
  5721.63 2.6390e-14   5816.21 1 
  5724.33 2.5459e-14   5818.96 1 
  5727.04 2.6723e-14   5821.71 1 
  5729.74 2.7643e-14   5824.46 1 
  5732.45 2.5905e-14   5827.21 1 
  5735.15 2.5594e-14   5829.96 1 
  5737.86 2.6453e-14   5832.71 1 
  5740.56 2.6288e-14   5835.46 1 
  5743.27 2.6960e-14   5838.21 1 
  5745.97 2.6244e-14   5840.96 1 
  5748.68 2.6713e-14   5843.71 1 
  5751.38 2.5973e-14   5846.46 1 
  5754.09 2.6861e-14   5849.21 1 
  5756.79 2.7029e-14   5851.96 1 
  5759.50 2.6322e-14   5854.71 1 
  5762.20 2.6692e-14   5857.46 1 
  5764.91 2.7910e-14   5860.21 1 
  5767.62 2.6493e-14   5862.96 1 
  5770.32 2.6725e-14   5865.71 1 
  5773.03 2.7069e-14   5868.46 1 
  5775.73 2.5879e-14   5871.21 1 
  5778.44 2.6182e-14   5873.96 1 
  5781.14 2.6554e-14   5876.71 1 
  5783.85 2.5702e-14   5879.46 1 
  5786.55 2.5761e-14   5882.21 1 
  5789.26 2.6205e-14   5884.96 1 
  5791.96 2.4867e-14   5887.71 1 
  5794.67 2.6892e-14   5890.46 1 
  5797.37 2.5523e-14   5893.21 1 
  5800.08 2.6347e-14   5895.96 1 
  5802.78 2.7402e-14   5898.71 1 
  5805.49 2.5518e-14   5901.46 1 
  5808.19 2.7306e-14   5904.21 1 
  5810.90 2.7332e-14   5906.96 1 
  5813.61 2.6700e-14   5909.71 1 
  5816.31 2.6787e-14   5912.46 1 
  5819.02 2.6640e-14   5915.21 1 
  5821.72 2.5767e-14   5917.96 1 
  5824.43 2.6619e-14   5920.71 1 
  5827.13 2.6016e-14   5923.46 1 
  5829.84 2.6537e-14   5926.21 1 
  5832.54 2.7856e-14   5928.96 1 
  5835.25 2.8552e-14   5931.71 1 
  5837.95 2.6924e-14   5934.46 1 
  5840.66 2.5559e-14   5937.21 1 
  5843.36 2.5527e-14   5939.96 1 
  5846.07 2.5895e-14   5942.71 1 
  5848.77 2.6958e-14   5945.46 1 
  5851.48 2.5936e-14   5948.21 1 
  5854.18 2.4862e-14   5950.96 1 
  5856.89 2.4803e-14   5953.71 1 
  5859.59 2.6703e-14   5956.46 1 
  5862.30 2.3939e-14   5959.21 1 
  5865.01 2.5633e-14   5961.96 1 
  5867.71 2.6649e-14   5964.71 1 
  5870.42 2.6518e-14   5967.46 1 
  5873.12 2.7235e-14   5970.21 1 
  5875.83 2.7066e-14   5972.96 1 
  5878.53 2.7909e-14   5975.71 1 
  5881.24 2.4816e-14   5978.46 1 
  5883.94 2.5516e-14   5981.21 1 
  5886.65 2.3927e-14   5983.96 1 
  5889.35 2.1964e-14   5986.71 1 
  5892.06 2.4717e-14   5989.46 1 
  5894.76 2.3157e-14   5992.21 1 
  5897.47 2.3593e-14   5994.96 1 
  5900.17 2.3632e-14   5997.71 1 
  5902.88 2.4422e-14   6000.46 1 
  5905.58 2.6188e-14   6003.21 1 
  5908.29 2.6637e-14   6005.96 1 
  5911.00 2.5178e-14   6008.71 1 
  5913.70 2.5444e-14   6011.46 1 
  5916.41 2.4884e-14   6014.21 1 
  5919.11 2.5259e-14   6016.96 1 
  5921.82 2.5339e-14   6019.71 1 
  5924.52 2.5481e-14   6022.46 1 
  5927.23 2.5791e-14   6025.21 1 
  5929.93 2.5461e-14   6027.96 1 
  5932.64 2.6020e-14   6030.71 1 
  5935.34 2.5192e-14   6033.46 1 
  5938.05 2.6179e-14   6036.21 1 
  5940.75 2.6913e-14   6038.96 1 
  5943.46 2.5966e-14   6041.71 1 
  5946.16 2.4899e-14   6044.46 1 
  5948.87 2.5689e-14   6047.21 1 
  5951.57 2.5340e-14   6049.96 1 
  5954.28 2.6044e-14   6052.71 1 
  5956.99 2.6734e-14   6055.46 1 
  5959.69 2.7229e-14   6058.21 1 
  5962.40 2.6446e-14   6060.96 1 
  5965.10 2.5326e-14   6063.71 1 
  5967.81 2.6528e-14   6066.46 1 
  5970.51 2.6307e-14   6069.21 1 
  5973.22 2.5226e-14   6071.96 1 
  5975.92 2.5713e-14   6074.71 1 
  5978.63 2.5835e-14   6077.46 1 
  5981.33 2.5630e-14   6080.21 1 
  5984.04 2.5812e-14   6082.96 1 
  5986.74 2.5601e-14   6085.71 1 
  5989.45 2.5983e-14   6088.46 1 
  5992.15 2.6510e-14   6091.21 1 
  5994.86 2.6860e-14   6093.96 1 
  5997.56 2.6860e-14   6096.71 1 
  6000.27 2.6452e-14   6099.46 1 
  6002.97 2.6379e-14   6102.21 1 
  6005.68 2.6389e-14   6104.96 1 
  6008.39 2.5388e-14   6107.71 1 
  6011.09 2.5576e-14   6110.46 1 
  6013.80 2.5382e-14   6113.21 1 
  6016.50 2.5668e-14   6115.96 1 
  6019.21 2.5085e-14   6118.71 1 
  6021.91 2.4556e-14   6121.46 1 
  6024.62 2.5117e-14   6124.21 1 
  6027.32 2.5467e-14   6126.96 1 
  6030.03 2.7501e-14   6129.71 1 
  6032.73 2.8132e-14   6132.46 1 
  6035.44 2.6720e-14   6135.21 1 
  6038.14 2.6327e-14   6137.96 1 
  6040.85 2.6298e-14   6140.71 1 
  6043.55 2.6996e-14   6143.46 1 
  6046.26 2.6954e-14   6146.21 1 
  6048.96 2.6283e-14   6148.96 1 
  6051.67 2.6067e-14   6151.71 1 
  6054.38 2.6454e-14   6154.46 1 
  6057.08 2.6594e-14   6157.21 1 
  6059.79 2.7603e-14   6159.96 1 
  6062.49 2.6165e-14   6162.71 1 
  6065.20 2.5910e-14   6165.46 1 
  6067.90 2.5860e-14   6168.21 1 
  6070.61 2.5240e-14   6170.96 1 
  6073.31 2.6136e-14   6173.71 1 
  6076.02 2.5735e-14   6176.46 1 
  6078.72 2.4846e-14   6179.21 1 
  6081.43 2.5200e-14   6181.96 1 
  6084.13 2.5547e-14   6184.71 1 
  6086.84 2.7026e-14   6187.46 1 
  6089.54 2.7347e-14   6190.21 1 
  6092.25 2.7274e-14   6192.96 1 
  6094.95 2.8051e-14   6195.71 1 
  6097.66 2.6926e-14   6198.46 1 
  6100.36 2.6262e-14   6201.21 1 
  6103.07 2.4939e-14   6203.96 1 
  6105.78 2.5050e-14   6206.71 1 
  6108.48 2.4595e-14   6209.46 1 
  6111.19 2.5410e-14   6212.21 1 
  6113.89 2.5891e-14   6214.96 1 
  6116.60 2.6106e-14   6217.71 1 
  6119.30 2.5335e-14   6220.46 1 
  6122.01 2.4642e-14   6223.21 1 
  6124.71 2.5595e-14   6225.96 1 
  6127.42 2.5777e-14   6228.71 1 
  6130.12 2.6104e-14   6231.46 1 
  6132.83 2.7870e-14   6234.21 1 
  6135.53 2.7476e-14   6236.96 1 
  6138.24 2.6112e-14   6239.71 1 
  6140.94 2.4455e-14   6242.46 1 
  6143.65 2.5192e-14   6245.21 1 
  6146.35 2.3735e-14   6247.96 1 
  6149.06 2.5414e-14   6250.71 1 
  6151.77 2.6201e-14   6253.46 1 
  6154.47 2.7686e-14   6256.21 1 
  6157.18 2.7390e-14   6258.96 1 
  6159.88 2.6269e-14   6261.71 1 
  6162.59 2.2755e-14   6264.46 1 
  6165.29 2.3862e-14   6267.21 1 
  6168.00 2.3844e-14   6269.96 1 
  6170.70 2.4353e-14   6272.71 1 
  6173.41 2.4434e-14   6275.46 1 
  6176.11 2.5272e-14   6278.21 1 
  6178.82 2.5710e-14   6280.96 1 
  6181.52 2.4590e-14   6283.71 1 
  6184.23 2.6314e-14   6286.46 1 
  6186.93 2.7289e-14   6289.21 1 
  6189.64 2.5687e-14   6291.96 1 
  6192.34 2.5477e-14   6294.71 1 
  6195.05 2.5931e-14   6297.46 1 
  6197.75 2.6372e-14   6300.21 1 
  6200.46 2.5777e-14   6302.96 1 
  6203.17 2.6517e-14   6305.71 1 
  6205.87 2.5407e-14   6308.46 1 
  6208.58 2.6031e-14   6311.21 1 
  6211.28 2.6042e-14   6313.96 1 
  6213.99 2.4820e-14   6316.71 1 
  6216.69 2.6015e-14   6319.46 1 
  6219.40 2.4576e-14   6322.21 1 
  6222.10 2.4525e-14   6324.96 1 
  6224.81 2.4251e-14   6327.71 1 
  6227.51 2.4099e-14   6330.46 1 
  6230.22 2.4185e-14   6333.21 1 
  6232.92 2.4777e-14   6335.96 1 
  6235.63 2.4951e-14   6338.71 1 
  6238.33 2.4564e-14   6341.46 1 
  6241.04 2.4436e-14   6344.21 1 
  6243.74 2.4078e-14   6346.96 1 
  6246.45 2.3798e-14   6349.71 1 
  6249.16 2.4249e-14   6352.46 1 
  6251.86 2.5159e-14   6355.21 1 
  6254.57 2.4323e-14   6357.96 1 
  6257.27 2.4147e-14   6360.71 1 
  6259.98 2.4334e-14   6363.46 1 
  6262.68 2.3615e-14   6366.21 1 
  6265.39 2.4942e-14   6368.96 1 
  6268.09 2.4535e-14   6371.71 1 
  6270.80 2.5068e-14   6374.46 1 
  6273.50 2.4071e-14   6377.21 1 
  6276.21 2.4666e-14   6379.96 1 
  6278.91 2.4707e-14   6382.71 1 
  6281.62 2.5026e-14   6385.46 1 
  6284.32 2.4398e-14   6388.21 1 
  6287.03 2.5800e-14   6390.96 1 
  6289.73 2.4166e-14   6393.71 1 
  6292.44 2.4835e-14   6396.46 1 
  6295.14 2.5354e-14   6399.21 1 
  6297.85 2.5042e-14   6401.96 1 
  6300.56 2.5635e-14   6404.71 1 
  6303.26 2.6712e-14   6407.46 1 
  6305.97 2.6960e-14   6410.21 1 
  6308.67 2.6644e-14   6412.96 1 
  6311.38 2.6549e-14   6415.71 1 
  6314.08 2.6061e-14   6418.46 1 
  6316.79 2.4437e-14   6421.21 1 
  6319.49 2.3164e-14   6423.96 1 
  6322.20 2.5688e-14   6426.71 1 
  6324.90 2.5698e-14   6429.46 1 
  6327.61 2.6722e-14   6432.21 1 
  6330.31 2.5483e-14   6434.96 1 
  6333.02 2.5890e-14   6437.71 1 
  6335.72 2.5356e-14   6440.46 1 
  6338.43 2.5330e-14   6443.21 1 
  6341.13 2.4274e-14   6445.96 1 
  6343.84 2.4531e-14   6448.71 1 
  6346.55 2.5001e-14   6451.46 1 
  6349.25 2.4075e-14   6454.21 1 
  6351.96 2.6130e-14   6456.96 1 
  6354.66 2.6563e-14   6459.71 1 
  6357.37 2.6147e-14   6462.46 1 
  6360.07 2.4883e-14   6465.21 1 
  6362.78 2.5207e-14   6467.96 1 
  6365.48 2.5027e-14   6470.71 1 
  6368.19 2.4381e-14   6473.46 1 
  6370.89 2.3904e-14   6476.21 1 
  6373.60 2.5028e-14   6478.96 1 
  6376.30 2.5767e-14   6481.71 1 
  6379.01 2.4252e-14   6484.46 1 
  6381.71 2.4735e-14   6487.21 1 
  6384.42 2.3694e-14   6489.96 1 
  6387.12 2.4918e-14   6492.71 1 
  6389.83 2.7601e-14   6495.46 1 
  6392.53 2.6568e-14   6498.21 1 
  6395.24 2.5960e-14   6500.96 1 
  6397.95 2.5099e-14   6503.71 1 
  6400.65 2.2710e-14   6506.46 1 
  6403.36 2.5075e-14   6509.21 1 
  6406.06 2.5310e-14   6511.96 1 
  6408.77 2.6130e-14   6514.71 1 
  6411.47 2.3693e-14   6517.46 1 
  6414.18 2.5354e-14   6520.21 1 
  6416.88 2.5181e-14   6522.96 1 
  6419.59 2.3820e-14   6525.71 1 
  6422.29 2.7397e-14   6528.46 1 
  6425.00 2.6875e-14   6531.21 1 
  6427.70 2.5336e-14   6533.96 1 
  6430.41 2.4139e-14   6536.71 1 
  6433.11 2.4443e-14   6539.46 1 
  6435.82 2.5195e-14   6542.21 1 
  6438.52 2.7140e-14   6544.96 1 
  6441.23 2.4878e-14   6547.71 1 
  6443.94 2.5127e-14   6550.46 1 
  6446.64 2.5546e-14   6553.21 1 
  6449.35 2.4172e-14   6555.96 1 
  6452.05 2.3900e-14   6558.71 1 
  6454.76 2.4170e-14   6561.46 1 
  6457.46 2.4560e-14   6564.21 1 
  6460.17 2.5761e-14   6566.96 1 
  6462.87 2.4526e-14   6569.71 1 
  6465.58 2.3601e-14   6572.46 1 
  6468.28 2.4608e-14   6575.21 1 
  6470.99 2.4588e-14   6577.96 1 
  6473.69 2.3520e-14   6580.71 1 
  6476.40 2.3736e-14   6583.46 1 
  6479.10 2.4009e-14   6586.21 1 
  6481.81 2.4114e-14   6588.96 1 
  6484.51 2.4504e-14   6591.71 1 
  6487.22 2.4371e-14   6594.46 1 
  6489.93 2.5540e-14   6597.21 1 
  6492.63 2.4659e-14   6599.96 1 
  6495.34 2.3913e-14   6602.71 1 
  6498.04 2.3466e-14   6605.46 1 
  6500.75 2.4633e-14   6608.21 1 
  6503.45 2.4271e-14   6610.96 1 
  6506.16 2.4424e-14   6613.71 1 
  6508.86 2.5151e-14   6616.46 1 
  6511.57 2.5389e-14   6619.21 1 
  6514.27 2.5021e-14   6621.96 1 
  6516.98 2.4926e-14   6624.71 1 
  6519.68 2.5071e-14   6627.46 1 
  6522.39 2.5481e-14   6630.21 1 
  6525.09 2.4514e-14   6632.96 1 
  6527.80 2.4637e-14   6635.71 1 
  6530.50 2.6291e-14   6638.46 1 
  6533.21 2.6846e-14   6641.21 1 
  6535.91 2.5660e-14   6643.96 1 
  6538.62 2.6190e-14   6646.71 1 
  6541.33 2.5889e-14   6649.46 1 
  6544.03 2.6676e-14   6652.21 1 
  6546.74 2.8297e-14   6654.96 1 
  6549.44 3.0108e-14   6657.71 1 
  6552.15 2.9492e-14   6660.46 1 
  6554.85 3.1157e-14   6663.21 1 
  6557.56 3.4052e-14   6665.96 1 
  6560.26 4.4016e-14   6668.71 1 
  6562.97 5.5907e-14   6671.46 1 
  6565.67 5.7058e-14   6674.21 1 
  6568.38 5.0420e-14   6676.96 1 
  6571.08 4.0395e-14   6679.71 1 
  6573.79 3.0199e-14   6682.46 1 
  6576.49 2.8491e-14   6685.21 1 
  6579.20 3.1556e-14   6687.96 1 
  6581.90 3.7270e-14   6690.71 1 
  6584.61 4.2041e-14   6693.46 1 
  6587.32 3.9648e-14   6696.21 1 
  6590.02 3.6358e-14   6698.96 1 
  6592.73 3.2253e-14   6701.71 1 
  6595.43 2.6661e-14   6704.46 1 
  6598.14 2.5361e-14   6707.21 1 
  6600.84 2.4928e-14   6709.96 1 
  6603.55 2.4819e-14   6712.71 1 
  6606.25 2.4609e-14   6715.46 1 
  6608.96 2.3739e-14   6718.21 1 
  6611.66 2.4153e-14   6720.96 1 
  6614.37 2.4363e-14   6723.71 1 
  6617.07 2.5278e-14   6726.46 1 
  6619.78 2.5276e-14   6729.21 1 
  6622.48 2.4515e-14   6731.96 1 
  6625.19 2.5039e-14   6734.71 1 
  6627.89 2.6383e-14   6737.46 1 
  6630.60 2.4142e-14   6740.21 1 
  6633.30 2.4752e-14   6742.96 1 
  6636.01 2.4576e-14   6745.71 1 
  6638.72 2.4958e-14   6748.46 1 
  6641.42 2.6024e-14   6751.21 1 
  6644.13 2.5156e-14   6753.96 1 
  6646.83 2.4571e-14   6756.71 1 
  6649.54 2.5612e-14   6759.46 1 
  6652.24 2.5283e-14   6762.21 1 
  6654.95 2.5163e-14   6764.96 1 
  6657.65 2.5609e-14   6767.71 1 
  6660.36 2.4644e-14   6770.46 1 
  6663.06 2.4168e-14   6773.21 1 
  6665.77 2.4218e-14   6775.96 1 
  6668.47 2.4604e-14   6778.71 1 
  6671.18 2.4835e-14   6781.46 1 
  6673.88 2.4835e-14   6784.21 1 
  6676.59 2.5928e-14   6786.96 1 
  6679.29 2.5332e-14   6789.71 1 
  6682.00 2.4213e-14   6792.46 1 
  6684.71 2.4620e-14   6795.21 1 
  6687.41 2.4085e-14   6797.96 1 
  6690.12 2.4720e-14   6800.71 1 
  6692.82 2.4813e-14   6803.46 1 
  6695.53 2.5059e-14   6806.21 1 
  6698.23 2.4283e-14   6808.96 1 
  6700.94 2.4120e-14   6811.71 1 
  6703.64 2.5281e-14   6814.46 1 
  6706.35 2.5575e-14   6817.21 1 
  6709.05 2.6757e-14   6819.96 1 
  6711.76 2.7571e-14   6822.71 1 
  6714.46 2.9001e-14   6825.46 1 
  6717.17 3.2068e-14   6828.21 1 
  6727.90 2.4590e-14   6839.12 0 
  6743.41 2.4651e-14   6854.88 0 
  6758.95 2.4094e-14   6870.68 0 
  6774.53 2.4210e-14   6886.52 0 
  6790.15 2.3992e-14   6902.40 0 
  6805.80 2.4555e-14   6918.31 0 
  6821.49 2.4503e-14   6934.26 0 
  6837.22 2.4849e-14   6950.24 0 
  6852.98 2.4853e-14   6966.26 0 
  6868.78 2.3848e-14   6982.33 0 
  6884.61 2.4240e-14   6998.42 0 
  6900.48 2.4469e-14   7014.55 0 
  6916.39 2.4417e-14   7030.72 0 
  6932.33 2.4422e-14   7046.93 0 
  6948.31 2.4823e-14   7063.18 0 
  6964.33 2.4770e-14   7079.46 0 
  6980.39 2.5004e-14   7095.78 0 
  6996.48 2.4666e-14   7112.14 0 
  7012.60 2.4053e-14   7128.53 0 
  7028.77 2.4789e-14   7144.96 0 
  7044.97 2.4341e-14   7161.43 0 
  7061.21 2.4178e-14   7177.94 0 
  7077.49 2.4182e-14   7194.49 0 
  7093.81 2.3636e-14   7211.08 0 
  7110.16 2.3586e-14   7227.70 0 
  7126.55 2.3428e-14   7244.36 0 
  7142.98 2.3486e-14   7261.06 0 
  7159.45 2.3599e-14   7277.80 0 
  7175.95 2.3334e-14   7294.57 0 
  7192.49 2.1881e-14   7311.39 0 
  7209.07 2.2395e-14   7328.25 0 
  7225.69 2.3891e-14   7345.14 0 
  7242.35 2.3298e-14   7362.07 0 
  7259.04 2.3088e-14   7379.04 0 
  7275.78 2.4405e-14   7396.05 0 
  7292.55 2.3909e-14   7413.10 0 
  7309.36 2.3804e-14   7430.19 0 
  7326.21 2.4028e-14   7447.32 0 
  7343.10 2.4878e-14   7464.49 0 
  7360.03 2.4428e-14   7481.70 0 
  7376.99 2.5002e-14   7498.94 0 
  7394.00 2.4047e-14   7516.23 0 
  7411.05 2.5418e-14   7533.56 0 
  7428.13 2.4617e-14   7550.92 0 
  7445.25 2.5311e-14   7568.33 0 
  7462.42 2.5550e-14   7585.78 0 
  7479.62 2.4916e-14   7603.26 0 
  7496.86 2.5152e-14   7620.79 0 
  7514.14 2.5099e-14   7638.36 0 
  7531.46 2.5046e-14   7655.97 0 
  7548.83 2.5634e-14   7673.61 0 
  7566.23 2.4998e-14   7691.30 0 
  7583.67 2.5234e-14   7709.04 0 
  7601.15 2.4665e-14   7726.81 0 
  7618.67 2.4444e-14   7744.62 0 
  7636.24 2.5018e-14   7762.47 0 
  7653.84 2.4510e-14   7780.37 0 
  7671.48 2.2878e-14   7798.30 0 
  7689.17 2.3906e-14   7816.28 0 
  7706.89 2.3046e-14   7834.30 0 
  7724.66 2.3372e-14   7852.36 0 
  7742.47 2.3811e-14   7870.46 0 
  7760.32 2.3435e-14   7888.60 0 
  7778.20 2.3332e-14   7906.79 0 
  7796.13 2.3017e-14   7925.01 0 
  7814.11 2.3612e-14   7943.28 0 
  7832.12 2.4167e-14   7961.59 0 
  7850.17 2.4005e-14   7979.95 0 
  7868.27 2.4288e-14   7998.34 0 
  7886.41 2.3795e-14   8016.78 0 
  7904.59 2.3098e-14   8035.26 0 
  7922.81 2.2838e-14   8053.78 0 
  7941.08 2.2738e-14   8072.35 0 
  7959.38 2.3272e-14   8090.96 0 
  7977.73 2.3547e-14   8109.61 0 
  7996.12 2.3069e-14   8128.31 0 
  8014.55 2.3611e-14   8147.04 0 
  8033.03 2.3292e-14   8165.82 0 
  8051.55 2.3730e-14   8184.65 0 
  8070.11 2.4065e-14   8203.52 0 
  8088.71 2.3360e-14   8222.43 0 
  8107.36 2.3204e-14   8241.38 0 
  8126.05 2.3424e-14   8260.38 0 
  8144.78 2.3700e-14   8279.42 0 
  8163.55 2.3219e-14   8298.51 0 
  8182.38 2.4318e-14   8317.64 0 
  8201.24 2.3498e-14   8336.81 0 
  8220.14 2.3775e-14   8356.03 0 
  8239.09 2.1097e-14   8375.29 0 
  8258.09 2.4395e-14   8394.60 0 
  8277.12 2.4570e-14   8413.95 0 
  8296.21 2.2882e-14   8433.35 0 
  8315.33 2.2521e-14   8452.79 0 
  8334.50 2.3371e-14   8472.27 0 
  8353.71 2.3269e-14   8491.80 0 
  8372.97 2.3007e-14   8511.38 0 
  8392.27 2.2385e-14   8531.00 0 
  8411.61 2.3445e-14   8550.67 0 
  8431.01 2.3343e-14   8570.38 0 
  8450.44 2.2764e-14   8590.14 0 
  8469.92 2.3299e-14   8609.94 0 
  8489.45 2.2879e-14   8629.79 0 
  8509.02 1.9794e-14   8649.68 0 
  8528.63 2.2575e-14   8669.62 0 
  8548.29 1.7771e-14   8689.60 0 
  8568.00 2.2899e-14   8709.64 0 
  8587.75 2.3223e-14   8729.71 0 
  8607.54 2.1878e-14   8749.84 0 
  8627.39 2.2967e-14   8770.01 0 
  8647.28 2.3185e-14   8790.23 0 
  8667.21 2.0059e-14   8810.49 0 
  8687.19 2.2049e-14   8830.80 0 
  8707.22 2.2310e-14   8851.16 0 
  8727.29 2.3046e-14   8871.56 0 
  8747.41 2.2840e-14   8892.01 0 
  8767.57 2.2688e-14   8912.51 0 
  8787.78 2.3168e-14   8933.05 0 
  8808.04 2.3280e-14   8953.65 0 
  8828.35 2.3125e-14   8974.29 0 
  8848.70 2.2397e-14   8994.98 0 
  8869.09 2.1691e-14   9015.71 0 
  8889.54 2.1696e-14   9036.50 0 
  8910.03 2.2258e-14   9057.33 0 
  8930.57 2.2212e-14   9078.20 0 
  8951.16 2.2064e-14   9099.13 0 
  8971.80 2.1124e-14   9120.11 0 
  8992.48 2.2536e-14   9141.13 0 
  9013.21 2.0988e-14   9162.20 0 
  9033.99 2.0141e-14   9183.33 0 
  9054.81 2.3560e-14   9204.50 0 
  9075.68 2.3243e-14   9225.71 0 
  9096.61 1.9924e-14   9246.98 0 
  9117.58 2.1701e-14   9268.30 0 
  9138.59 2.0970e-14   9289.66 0 
  9159.66 2.1463e-14   9311.08 0 
  9180.78 2.0692e-14   9332.54 0 
  9201.94 2.1772e-14   9354.06 0 
  9223.15 2.0845e-14   9375.62 0 
  9244.41 2.1237e-14   9397.23 0 
  9265.72 2.1291e-14   9418.90 0 
  9287.08 2.0956e-14   9440.61 0 
  9308.49 1.9926e-14   9462.37 0 
  9329.95 2.2311e-14   9484.18 0 
  9351.46 2.2265e-14   9506.05 0 
  9373.02 2.1914e-14   9527.96 0 
  9394.62 2.2224e-14   9549.93 0 
  9416.28 2.1774e-14   9571.94 0 
  9437.99 2.2338e-14   9594.01 0 
  9459.74 2.2036e-14   9616.12 0 
  9481.55 2.2451e-14   9638.29 0 
  9503.41 2.1996e-14   9660.51 0 
  9525.32 2.2002e-14   9682.78 0 
  9547.27 2.1260e-14   9705.10 0 
  9569.28 2.1962e-14   9727.47 0 
  9591.34 2.2376e-14   9749.90 0 
  9613.45 2.2176e-14   9772.37 0 
  9635.61 2.2232e-14   9794.90 0 
  9657.83 2.2034e-14   9817.48 0 
  9680.09 2.1989e-14   9840.11 0 
  9702.40 2.1944e-14   9862.79 0 
  9724.77 2.1748e-14   9885.53 0 
  9747.19 2.1653e-14   9908.32 0 
  9769.66 2.1759e-14   9931.16 0 
  9792.18 2.1515e-14   9954.05 0 
  9814.75 2.1920e-14   9977.00 0 
  9837.38 2.1725e-14  10000.00 0 
  9860.05 2.1831e-14  10023.05 0 
  9882.78 2.1636e-14  10046.15 0 
  9905.56 2.1542e-14  10069.31 0 
  9928.41 2.1697e-14  10092.53 0 
  9951.29 2.1702e-14  10115.80 0 
  9974.23 2.1708e-14  10139.12 0 
  9997.22 2.1663e-14  10162.49 0 
 10020.27 2.1520e-14  10185.91 0 
 10066.53 2.1186e-14  10232.94 0 
 10136.30 2.1647e-14  10303.86 0 
 10183.08 2.1459e-14  10351.42 0 
 10230.09 2.1570e-14  10399.21 0 
 10277.31 2.1581e-14  10447.20 0 
 10301.00 2.1487e-14  10471.29 0 
 10492.51 2.0946e-14  10665.96 0 
 10712.22 2.0149e-14  10889.31 0 
 10911.37 1.9376e-14  11091.75 0 
 11088.67 1.8675e-14  11271.98 0 
 11294.82 1.8334e-14  11481.54 0 
 11504.80 1.8250e-14  11694.99 0 
 11691.74 1.7793e-14  11885.02 0 
 11909.12 1.7189e-14  12105.99 0 
 12102.62 1.6914e-14  12302.69 0 
 12299.27 1.6644e-14  12502.59 0 
 12499.12 1.6228e-14  12705.74 0 
 12702.21 1.5858e-14  12912.19 0 
 12908.61 1.5533e-14  13122.00 0 
 13088.19 1.5249e-14  13304.55 0 
 13300.85 1.4834e-14  13520.73 0 
 13485.89 1.4563e-14  13708.82 0 
 13705.01 1.4297e-14  13931.57 0 
 13895.67 1.3812e-14  14125.38 0 
 14088.98 1.3251e-14  14321.88 0 
 14284.98 1.3039e-14  14521.12 0 
 14483.70 1.3099e-14  14723.13 0 
 14685.18 1.2684e-14  14927.94 0 
 14889.47 1.2801e-14  15135.61 0 
 15096.60 1.2860e-14  15346.17 0 
 15306.62 1.3039e-14  15559.65 0 
 15483.87 1.2920e-14  15739.83 0 
 15699.27 1.2684e-14  15958.79 0 
 15917.67 1.2253e-14  16180.80 0 
 16101.99 1.2282e-14  16368.17 0 
 16288.43 1.2225e-14  16557.70 0 
 16515.03 1.2057e-14  16788.04 0 
 16706.27 1.1974e-14  16982.44 0 
 16899.72 1.1756e-14  17179.09 0 
 17095.40 1.1541e-14  17378.00 0 
 17293.36 1.1098e-14  17579.23 0 
 17493.61 1.0771e-14  17782.79 0 
 17696.18 1.0357e-14  17988.71 0 
 17901.09 9.9828e-15  18197.02 0 
 18108.37 9.5335e-15  18407.71 0 
 18318.06 9.2737e-15  18620.87 0 
 18487.56 8.9795e-15  18793.18 0 
 18701.62 8.5754e-15  19010.77 0 
 18918.18 8.3609e-15  19230.91 0 
 19093.23 8.2272e-15  19408.86 0 
 19314.33 7.9662e-15  19633.61 0 
 19493.03 7.6604e-15  19815.27 0 
 19718.75 7.4345e-15  20044.72 0 
 19901.22 7.2153e-15  20230.20 0 
 20085.35 7.0836e-15  20417.38 0 
 20317.93 6.8431e-15  20653.80 0 
 20505.92 6.7648e-15  20844.90 0 
 20695.66 6.5956e-15  21037.78 0 
 20887.17 6.4455e-15  21232.45 0 
 21080.42 6.3278e-15  21428.90 0 
 21324.52 6.1980e-15  21677.04 0 
 21521.85 6.0569e-15  21877.62 0 
 21720.97 5.8648e-15  22080.04 0 
 21921.96 5.7710e-15  22284.35 0 
 22124.81 5.6138e-15  22490.56 0 
 22278.16 5.4608e-15  22646.44 0 
 22484.31 5.3365e-15  22856.00 0 
 22692.34 5.1807e-15  23067.47 0 
 22902.32 4.6412e-15  23280.92 0 
 23114.22 4.5796e-15  23496.32 0 
 23274.45 4.0151e-15  23659.20 0 
 23489.79 3.7568e-15  23878.10 0 
 23707.15 3.7834e-15  24099.05 0 
 23926.52 3.4667e-15  24322.05 0 
 24092.36 3.3393e-15  24490.63 0 
 24315.29 3.2854e-15  24717.25 0 
 24483.83 3.0498e-15  24888.57 0 
 24710.38 2.9862e-15  25118.87 0 
 24881.65 2.5394e-15  25292.97 0 
 25111.89 2.4916e-15  25527.02 0 
 25135.58 2.7031e-15  25551.10 2 
 25230.71 2.6456e-15  25647.80 2 
 25325.94 2.5664e-15  25744.60 2 
 25421.16 2.5399e-15  25841.40 2 
 25516.29 2.5070e-15  25938.10 2 
 25611.52 2.5091e-15  26034.90 2 
 25706.64 2.4757e-15  26131.60 2 
 25801.87 2.4479e-15  26228.40 2 
 25897.09 2.4243e-15  26325.20 2 
 25992.22 2.4737e-15  26421.90 2 
 26087.45 2.5009e-15  26518.70 2 
 26182.67 2.4905e-15  26615.50 2 
 26277.80 2.4019e-15  26712.20 2 
 26373.03 2.3786e-15  26809.00 2 
 26468.16 2.3901e-15  26905.70 2 
 26563.38 2.3922e-15  27002.50 2 
 26658.61 2.3409e-15  27099.30 2 
 26753.73 2.3156e-15  27196.00 2 
 26848.96 2.3286e-15  27292.80 2 
 26944.19 2.3355e-15  27389.60 2 
 27039.31 2.2703e-15  27486.30 2 
 27134.54 2.2451e-15  27583.10 2 
 27229.67 2.1859e-15  27679.80 2 
 27324.89 2.1973e-15  27776.60 2 
 27420.12 2.1750e-15  27873.40 2 
 27515.25 2.1986e-15  27970.10 2 
 27610.47 2.1832e-15  28066.90 2 
 27705.70 2.1319e-15  28163.70 2 
 27800.82 1.9550e-15  28260.40 2 
 27896.05 1.9159e-15  28357.20 2 
 27991.18 1.9411e-15  28453.90 2 
 28086.40 2.0294e-15  28550.70 2 
 28181.63 2.0019e-15  28647.50 2 
 28276.76 1.9853e-15  28744.20 2 
 28371.98 1.9310e-15  28841.00 2 
 28467.21 1.9283e-15  28937.80 2 
 28562.34 1.8701e-15  29034.50 2 
 28657.56 1.8587e-15  29131.30 2 
 28752.69 1.8287e-15  29228.00 2 
 28847.92 1.8180e-15  29324.80 2 
 28943.14 1.7894e-15  29421.60 2 
 29038.27 1.7776e-15  29518.30 2 
 29133.49 1.7851e-15  29615.10 2 
 29228.72 1.8058e-15  29711.90 2 
 29323.85 1.8337e-15  29808.60 2 
 29419.07 1.8484e-15  29905.40 2 
 29514.20 1.8348e-15  30002.10 2 
 29609.43 1.8288e-15  30098.90 2 
 29704.65 1.7707e-15  30195.70 2 
 29799.78 1.7614e-15  30292.40 2 
 29895.00 1.6861e-15  30389.20 2 
 29990.23 1.6652e-15  30486.00 2 
 30085.36 1.5836e-15  30582.70 2 
 30180.58 1.5359e-15  30679.50 2 
 30275.71 1.4685e-15  30776.20 2 
 30370.94 1.4663e-15  30873.00 2 
 30466.16 1.4536e-15  30969.80 2 
 30561.29 1.4618e-15  31066.50 2 
 30656.52 1.4509e-15  31163.30 2 
 30751.74 1.4507e-15  31260.10 2 
 30846.87 1.4851e-15  31356.80 2 
 30942.10 1.5094e-15  31453.60 2 
 31037.22 1.5930e-15  31550.30 2 
 31132.45 1.6559e-15  31647.10 2 
 31227.68 1.7321e-15  31743.90 2 
 31322.80 1.7133e-15  31840.60 2 
 31418.03 1.6856e-15  31937.40 2 
 31513.25 1.6677e-15  32034.20 2 
 31608.38 1.6915e-15  32130.90 2 
 31703.61 1.7286e-15  32227.70 2 
 31798.74 1.7864e-15  32324.40 2 
 31893.96 1.8475e-15  32421.20 2 
 31989.19 1.8442e-15  32518.00 2 
 32084.32 1.8106e-15  32614.70 2 
 32179.54 1.7690e-15  32711.50 2 
 32274.77 1.7877e-15  32808.30 2 
 32369.89 1.8431e-15  32905.00 2 
 32465.12 1.9172e-15  33001.80 2 
 32560.25 1.9551e-15  33098.50 2 
 32655.47 1.9900e-15  33195.30 2 
 32750.70 1.9664e-15  33292.10 2 
 32845.83 1.9668e-15  33388.80 2 
 32941.05 1.9121e-15  33485.60 2 
 33036.28 1.8821e-15  33582.40 2 
 33131.40 1.8037e-15  33679.10 2 
 33226.63 1.7031e-15  33775.90 2 
 33321.76 1.6301e-15  33872.60 2 
 33416.98 1.5886e-15  33969.40 2 
 33512.21 1.5635e-15  34066.20 2 
 33607.34 1.5431e-15  34162.90 2 
 33702.56 1.5272e-15  34259.70 2 
 33797.79 1.5353e-15  34356.50 2 
 33892.92 1.5360e-15  34453.20 2 
 33988.14 1.5115e-15  34550.00 2 
 34083.27 1.4710e-15  34646.70 2 
 34178.50 1.4418e-15  34743.50 2 
 34273.72 1.4384e-15  34840.30 2 
 34368.85 1.4487e-15  34937.00 2 
 34464.08 1.4212e-15  35033.80 2 
 34559.30 1.4109e-15  35130.60 2 
 34654.43 1.4047e-15  35227.30 2 
 34749.65 1.3681e-15  35324.10 2 
 34844.78 1.3195e-15  35420.80 2 
 34940.00 1.2863e-15  35517.60 2 
 35035.23 1.2724e-15  35614.40 2 
 35130.36 1.3196e-15  35711.10 2 
 35225.59 1.3157e-15  35807.90 2 
 35320.81 1.3027e-15  35904.70 2 
 35415.94 1.2402e-15  36001.40 2 
 35511.16 1.2183e-15  36098.20 2 
 35606.29 1.2040e-15  36194.90 2 
 35701.52 1.1866e-15  36291.70 2 
 35796.74 1.1539e-15  36388.50 2 
 35891.87 1.1514e-15  36485.20 2 
 35987.10 1.1321e-15  36582.00 2 
 36082.32 1.0717e-15  36678.80 2 
 36177.45 1.0536e-15  36775.50 2 
 36272.68 1.1116e-15  36872.30 2 
 36367.80 1.1373e-15  36969.00 2 
 36463.03 1.1189e-15  37065.80 2 
 36558.25 1.0741e-15  37162.60 2 
 36653.38 1.0612e-15  37259.30 2 
 36748.61 1.0827e-15  37356.10 2 
 36843.84 1.0894e-15  37452.90 2 
 36938.96 1.0747e-15  37549.60 2 
 37034.19 1.0956e-15  37646.40 2 
 37129.32 1.1105e-15  37743.10 2 
 37224.54 1.1306e-15  37839.90 2 
 37319.77 1.0975e-15  37936.70 2 
 37414.89 1.0934e-15  38033.40 2 
 37510.12 1.1104e-15  38130.20 2 
 37605.35 1.1466e-15  38227.00 2 
 37700.47 1.1594e-15  38323.70 2 
 37795.70 1.1520e-15  38420.50 2 
 37890.83 1.1423e-15  38517.20 2 
 37986.05 1.1370e-15  38614.00 2 
 38081.28 1.1253e-15  38710.80 2 
 38176.41 1.0977e-15  38807.50 2 
 38271.63 1.0362e-15  38904.30 2 
 38366.86 1.0026e-15  39001.10 2 
 38461.99 9.6359e-16  39097.80 2 
 38557.21 9.4830e-16  39194.60 2 
 38652.34 9.2620e-16  39291.30 2 
 38747.57 9.1279e-16  39388.10 2 
 38842.79 9.1025e-16  39484.90 2 
 38937.91 8.9347e-16  39581.60 2 
 39033.14 8.9703e-16  39678.40 2 
 39128.37 9.0677e-16  39775.20 2 
 39223.49 9.3079e-16  39871.90 2 
 39318.72 9.3552e-16  39968.70 2 
 39413.85 9.0978e-16  40065.40 2 
 39509.07 8.9303e-16  40162.20 2 
 39604.30 9.1006e-16  40259.00 2 
 39699.43 9.4922e-16  40355.70 2 
 39794.65 9.7167e-16  40452.50 2 
 39889.88 9.6210e-16  40549.30 2 
 39985.01 9.3831e-16  40646.00 2 
 40080.23 9.0430e-16  40742.80 2 
 40175.36 9.1842e-16  40839.50 2 
 40270.58 9.0739e-16  40936.30 2 
 40365.81 8.9672e-16  41033.10 2 
 40460.94 8.6704e-16  41129.80 2 
 40556.17 8.3901e-16  41226.60 2 
 40651.39 7.9813e-16  41323.40 2 
 40746.52 7.6315e-16  41420.10 2 
 40841.74 7.7568e-16  41516.90 2 
 40936.87 7.7312e-16  41613.60 2 
 41032.10 7.8274e-16  41710.40 2 
 41127.32 7.7817e-16  41807.20 2 
 41222.45 7.7042e-16  41903.90 2 
 41317.68 7.6999e-16  42000.70 2 
 41412.90 7.5300e-16  42097.50 2 
 41508.03 7.3283e-16  42194.20 2 
 41603.26 7.0944e-16  42291.00 2 
 41698.38 6.7639e-16  42387.70 2 
 41793.61 6.3434e-16  42484.50 2 
 41888.84 6.1917e-16  42581.30 2 
 41983.96 6.3737e-16  42678.00 2 
 42079.19 6.5079e-16  42774.80 2 
 42174.41 6.3937e-16  42871.60 2 
 42269.54 6.2448e-16  42968.30 2 
 42364.77 6.4158e-16  43065.10 2 
 42459.90 6.6405e-16  43161.80 2 
 42555.12 6.5866e-16  43258.60 2 
 42650.35 6.5111e-16  43355.40 2 
 42745.48 6.4757e-16  43452.10 2 
 42840.70 6.5934e-16  43548.90 2 
 42935.93 6.8012e-16  43645.70 2 
 43031.05 7.0022e-16  43742.40 2 
 43126.28 6.9878e-16  43839.20 2 
 43221.41 6.6969e-16  43935.90 2 
 43316.63 6.3908e-16  44032.70 2 
 43411.86 5.8549e-16  44129.50 2 
 43506.99 5.7166e-16  44226.20 2 
 43602.21 5.4516e-16  44323.00 2 
 43697.44 5.5563e-16  44419.80 2 
 43792.57 5.4657e-16  44516.50 2 
 43887.79 5.2864e-16  44613.30 2 
 43982.92 4.9533e-16  44710.00 2 
 44078.14 5.1133e-16  44806.80 2 
 44173.37 5.5021e-16  44903.60 2 
 44268.50 5.7064e-16  45000.30 2 
 44363.72 5.4493e-16  45097.10 2 
 44458.95 5.1046e-16  45193.90 2 
 44554.07 4.8399e-16  45290.60 2 
 44649.30 4.9055e-16  45387.40 2 
 44744.43 5.1489e-16  45484.10 2 
 44839.66 5.0896e-16  45580.90 2 
 44934.88 5.3292e-16  45677.70 2 
 45030.01 5.4422e-16  45774.40 2 
 45125.23 5.7624e-16  45871.20 2 
 45220.46 5.5750e-16  45968.00 2 
 45315.59 5.3612e-16  46064.70 2 
 45410.81 5.1647e-16  46161.50 2 
 45505.94 4.9782e-16  46258.20 2 
 45601.17 4.6709e-16  46355.00 2 
 45696.39 4.4742e-16  46451.80 2 
 45791.52 4.5506e-16  46548.50 2 
 45886.74 4.5720e-16  46645.30 2 
 45981.97 4.5712e-16  46742.10 2 
 46077.10 4.5309e-16  46838.80 2 
 46172.33 4.4385e-16  46935.60 2 
 46267.45 4.3228e-16  47032.30 2 
 46362.68 4.1217e-16  47129.10 2 
 46457.90 3.9954e-16  47225.90 2 
 46553.03 3.9052e-16  47322.60 2 
 46648.26 4.2139e-16  47419.40 2 
 46743.48 4.8736e-16  47516.20 2 
 46838.61 5.1447e-16  47612.90 2 
 46933.84 4.9026e-16  47709.70 2 
 47028.97 4.4295e-16  47806.40 2 
 47124.19 4.3589e-16  47903.20 2 
 47219.42 4.3119e-16  48000.00 2 
 47314.54 4.3021e-16  48096.70 2 
 47409.77 4.2658e-16  48193.50 2 
 47505.00 4.3622e-16  48290.30 2 
 47600.12 4.3508e-16  48387.00 2 
 47695.35 4.1289e-16  48483.80 2 
 47790.48 3.6618e-16  48580.50 2 
 47885.70 3.6196e-16  48677.30 2 
 47980.92 4.0450e-16  48774.10 2 
 48076.06 4.3384e-16  48870.80 2 
 48171.28 4.5331e-16  48967.60 2 
 48266.50 4.9116e-16  49064.40 2 
 48361.64 5.2439e-16  49161.10 2 
 48456.86 5.0275e-16  49257.90 2 
 48551.99 4.7468e-16  49354.60 2 
 48648.20 4.4688e-16  49452.40 2 
 49134.68 4.4865e-16  49946.92 0 
 49626.02 4.5044e-16  50446.39 0 
 50122.28 4.5225e-16  50950.86 0 
 50623.51 4.5407e-16  51460.36 0 
 51129.74 4.5592e-16  51974.97 0 
 51641.04 4.5778e-16  52494.72 0 
 52157.45 4.5966e-16  53019.66 0 
 52679.02 4.6156e-16  53549.86 0 
 53205.81 4.6348e-16  54085.36 0 
 53737.87 4.6542e-16  54626.21 0 
 54275.25 4.6737e-16  55172.48 0 
 54623.71 4.6864e-16  55526.70 3 
 54928.53 4.8662e-16  55836.56 3 
 55233.35 4.6675e-16  56146.41 3 
 55538.17 5.6080e-16  56456.27 3 
 55842.98 5.4660e-16  56766.12 3 
 56147.80 5.5052e-16  57075.98 3 
 56452.61 6.8410e-16  57385.83 3 
 56757.42 6.9792e-16  57695.68 3 
 57062.23 8.2435e-16  58005.53 3 
 57367.06 7.4920e-16  58315.39 3 
 57671.88 5.2094e-16  58625.25 3 
 57976.69 5.7073e-16  58935.10 3 
 58281.50 6.9281e-16  59244.95 3 
 58586.32 6.4349e-16  59554.81 3 
 58891.13 6.4144e-16  59864.66 3 
 59195.94 6.7830e-16  60174.51 3 
 59500.76 6.4663e-16  60484.37 3 
 59805.57 9.0435e-16  60794.22 3 
 60110.39 9.5481e-16  61104.07 3 
 60415.21 1.0106e-15  61413.93 3 
 60720.02 9.5707e-16  61723.78 3 
 61024.83 1.0901e-15  62033.63 3 
 61329.65 1.5051e-15  62343.49 3 
 61634.46 2.1556e-15  62653.34 3 
 61939.27 2.6790e-15  62963.19 3 
 62244.09 2.6765e-15  63273.05 3 
 62548.91 2.3771e-15  63582.90 3 
 62853.73 2.0102e-15  63892.76 3 
 63158.54 1.6662e-15  64202.61 3 
 63463.34 1.3717e-15  64512.46 3 
 63768.17 1.2527e-15  64822.32 3 
 64072.98 1.1511e-15  65132.17 3 
 64377.79 1.0517e-15  65442.02 3 
 64682.61 9.5290e-16  65751.88 3 
 64987.42 8.4654e-16  66061.73 3 
 65292.23 8.7589e-16  66371.58 3 
 65597.06 9.5252e-16  66681.45 3 
 65901.87 8.9290e-16  66991.29 3 
 66206.68 8.0808e-16  67301.14 3 
 66511.50 8.5726e-16  67611.00 3 
 66816.31 9.0082e-16  67920.85 3 
 67121.13 8.8946e-16  68230.71 3 
 67425.94 8.3452e-16  68540.56 3 
 67730.76 8.3882e-16  68850.41 3 
 68035.58 8.0228e-16  69160.27 3 
 68340.38 9.0986e-16  69470.12 3 
 68645.20 1.0314e-15  69779.98 3 
 68950.02 1.0863e-15  70089.83 3 
 69254.83 1.0603e-15  70399.68 3 
 69559.65 1.1741e-15  70709.54 3 
 69864.46 1.4522e-15  71019.39 3 
 70169.27 1.2877e-15  71329.24 3 
 70474.09 1.1633e-15  71639.10 3 
 70778.90 1.1979e-15  71948.95 3 
 71083.73 1.1775e-15  72258.81 3 
 71388.53 1.1929e-15  72568.66 3 
 71693.35 1.2272e-15  72878.51 3 
 71998.17 1.2024e-15  73188.38 3 
 72302.98 1.1888e-15  73498.22 3 
 72607.79 1.2281e-15  73808.07 3 
 72912.61 1.3703e-15  74117.93 3 
 73217.42 1.4609e-15  74427.78 3 
 73522.24 1.5360e-15  74737.63 3 
 73827.05 1.8237e-15  75047.48 3 
 74111.92 1.7574e-15  75337.06 3 
 74131.87 1.9680e-15  75357.34 3 
 74436.69 1.9764e-15  75667.20 3 
 74722.75 2.1625e-15  75957.99 3 
 74741.50 2.2259e-15  75977.05 3 
 75333.60 2.5743e-15  76578.94 3 
 75944.44 2.8753e-15  77199.88 3 
 76555.28 2.8077e-15  77820.82 3 
 77166.12 2.6411e-15  78441.76 3 
 77776.98 2.6538e-15  79062.71 3 
 78387.82 2.5180e-15  79683.65 3 
 78998.66 2.2312e-15  80304.59 3 
 79609.51 1.9071e-15  80925.54 3 
 80220.35 1.6796e-15  81546.48 3 
 80831.19 1.4352e-15  82167.41 3 
 81442.04 1.2826e-15  82788.36 3 
 82052.88 1.2441e-15  83409.30 3 
 82663.74 1.1954e-15  84030.25 3 
 83274.58 1.1951e-15  84651.19 3 
 83885.42 1.1929e-15  85272.13 3 
 84496.26 1.2434e-15  85893.07 3 
 85107.12 1.2656e-15  86514.02 3 
 85717.95 1.3937e-15  87134.95 3 
 86328.80 1.2863e-15  87755.90 3 
 86939.64 1.1019e-15  88376.84 3 
 87550.48 9.0039e-16  88997.78 3 
 88161.32 7.2562e-16  89618.72 3 
 88772.17 6.0828e-16  90239.66 3 
 89383.01 5.2293e-16  90860.60 3 
 89993.87 4.7589e-16  91481.55 3 
 90604.71 4.4687e-16  92102.49 3 
 91215.55 3.9788e-16  92723.44 3 
 91826.40 3.8247e-16  93344.38 3 
 92437.24 3.6677e-16  93965.32 3 
 93048.08 3.3940e-16  94586.26 3 
 93658.92 3.4474e-16  95207.20 3 
 94269.77 3.2675e-16  95828.15 3 
 94880.61 3.2902e-16  96449.09 3 
 95491.45 3.2283e-16  97070.02 3 
 96102.31 3.9158e-16  97690.98 3 
 96713.16 3.8138e-16  98311.92 3 
 97324.00 3.1299e-16  98932.86 3 
 97934.84 2.8768e-16  99553.80 3 
 98545.65 2.8417e-16 100174.70 3 
 99156.54 2.7909e-16 100795.70 3 
 99767.34 2.9820e-16 101416.59 3 
100378.25 2.6294e-16 102037.60 3 
100989.05 2.6411e-16 102658.50 3 
101599.94 2.4809e-16 103279.49 3 
102210.76 2.5263e-16 103900.41 3 
102821.56 2.6155e-16 104521.30 3 
103432.45 2.5346e-16 105142.30 3 
104043.26 2.7665e-16 105763.20 3 
104654.17 2.9777e-16 106384.20 3 
105264.97 3.2573e-16 107005.10 3 
105875.77 3.4418e-16 107626.00 3 
106486.67 3.5263e-16 108247.00 3 
107097.48 3.6028e-16 108867.91 3 
107708.37 3.7479e-16 109488.90 3 
108319.17 3.6665e-16 110109.80 3 
108930.07 4.2710e-16 110730.80 3 
109540.88 4.7836e-16 111351.70 3 
110151.68 5.5991e-16 111972.60 3 
110762.59 6.3818e-16 112593.60 3 
111373.39 9.1804e-16 113214.50 3 
111984.29 1.4186e-15 113835.50 3 
112595.09 1.5657e-15 114456.40 3 
113205.99 1.3198e-15 115077.40 3 
113816.79 1.0615e-15 115698.30 3 
114427.59 8.6116e-16 116319.20 3 
115038.50 7.3474e-16 116940.20 3 
115649.30 6.5482e-16 117561.10 3 
116260.20 5.7873e-16 118182.09 3 
116871.00 5.3152e-16 118802.99 3 
117481.91 5.2050e-16 119424.00 3 
118092.71 5.3255e-16 120044.90 3 
118703.51 5.7014e-16 120665.80 3 
119314.42 5.9532e-16 121286.80 3 
119925.22 6.0506e-16 121907.70 3 
120536.11 5.9434e-16 122528.70 3 
121146.91 5.5090e-16 123149.59 3 
121757.73 5.5559e-16 123770.51 3 
122368.62 5.9659e-16 124391.50 3 
122979.43 6.3252e-16 125012.40 3 
123590.33 6.2103e-16 125633.40 3 
124201.14 6.3483e-16 126254.30 3 
124812.03 6.7268e-16 126875.30 3 
125422.84 7.1923e-16 127496.20 3 
126033.64 7.5379e-16 128117.10 3 
126644.54 7.8248e-16 128738.10 3 
127255.34 8.6621e-16 129359.00 3 
127866.24 1.0871e-15 129980.00 3 
128477.04 1.0191e-15 130600.90 3 
129087.85 5.7478e-16 131221.80 3 
129698.75 4.7973e-16 131842.80 3 
130309.56 4.3531e-16 132463.70 3 
130920.46 4.2366e-16 133084.70 3 
131531.25 4.3051e-16 133705.59 3 
132142.15 4.1973e-16 134326.59 3 
132752.96 4.1566e-16 134947.50 3 
133363.77 4.0449e-16 135568.41 3 
133974.67 4.0113e-16 136189.41 3 
134585.46 4.1417e-16 136810.30 3 
135196.37 4.1000e-16 137431.30 3 
135807.17 4.2421e-16 138052.20 3 
136418.08 4.0234e-16 138673.20 3 
137028.87 3.7718e-16 139294.09 3 
137639.68 3.8641e-16 139915.00 3 
138250.58 3.7745e-16 140536.00 3 
138861.39 3.8255e-16 141156.91 3 
139472.27 3.5999e-16 141777.89 3 
140083.08 3.7737e-16 142398.80 3 
140693.98 3.5883e-16 143019.80 3 
141304.79 3.6755e-16 143640.70 3 
141915.59 3.7428e-16 144261.59 3 
142526.50 3.5489e-16 144882.61 3 
143052.11 3.3827e-16 145416.91 3 
143954.09 3.2372e-16 146333.80 3 
144856.18 3.1951e-16 147250.80 3 
145758.17 3.0612e-16 148167.70 3 
146660.15 3.0026e-16 149084.59 3 
147562.15 2.8143e-16 150001.50 3 
148464.24 3.0031e-16 150918.50 3 
149366.23 2.9254e-16 151835.41 3 
150268.21 2.8752e-16 152752.30 3 
151170.30 3.0615e-16 153669.30 3 
152072.30 2.7759e-16 154586.20 3 
152974.28 2.7533e-16 155503.09 3 
153876.27 2.8404e-16 156420.00 3 
154778.36 3.0447e-16 157337.00 3 
155680.35 3.4091e-16 158253.91 3 
156582.33 3.2196e-16 159170.80 3 
157484.42 2.8434e-16 160087.80 3 
158386.42 3.1332e-16 161004.70 3 
159288.40 3.2018e-16 161921.59 3 
160190.48 3.4354e-16 162838.59 3 
161092.48 3.2166e-16 163755.50 3 
161994.46 3.1830e-16 164672.39 3 
162896.46 3.5352e-16 165589.30 3 
163798.56 4.2531e-16 166506.31 3 
164700.52 4.7197e-16 167423.19 3 
165602.52 4.1439e-16 168340.09 3 
166504.51 3.9866e-16 169257.00 3 
167406.60 3.8863e-16 170174.00 3 
168308.60 4.0751e-16 171090.91 3 
169210.59 4.1270e-16 172007.81 3 
170112.68 5.0750e-16 172924.81 3 
171014.66 4.8819e-16 173841.70 3 
171916.66 4.1931e-16 174758.61 3 
172818.74 4.2166e-16 175675.61 3 
173720.72 4.0881e-16 176592.50 3 
174622.72 4.0298e-16 177509.41 3 
175524.70 3.5169e-16 178426.30 3 
176426.79 3.4581e-16 179343.30 3 
177328.78 3.4793e-16 180260.20 3 
178230.76 3.2661e-16 181177.09 3 
179132.85 3.3539e-16 182094.09 3 
180034.84 3.3441e-16 183011.00 3 
180936.82 3.2368e-16 183927.89 3 
181838.91 3.0982e-16 184844.89 3 
182740.91 3.0861e-16 185761.80 3 
183642.90 3.1060e-16 186678.70 3 
184544.88 2.9807e-16 187595.59 3 
185446.97 3.3251e-16 188512.59 3 
186348.97 3.4730e-16 189429.50 3 
187250.95 4.3476e-16 190346.39 3 
188153.05 3.5467e-16 191263.41 3 
189055.04 3.1552e-16 192180.31 3 
189957.01 3.2654e-16 193097.19 3 
190859.00 3.2890e-16 194014.09 3 
191761.11 2.9343e-16 194931.11 3 
192663.09 2.9724e-16 195848.00 3 
193565.08 3.1440e-16 196764.91 3 
194467.17 3.2052e-16 197681.91 3 
195369.15 3.1620e-16 198598.80 3 
196271.14 3.2830e-16 199515.70 3 
197173.14 3.4172e-16 200432.61 3 
198075.23 3.1463e-16 201349.61 3 
198977.21 3.4061e-16 202266.50 3 
199879.20 3.2850e-16 203183.41 3 
200781.29 3.3243e-16 204100.41 3 
202209.68 3.0551e-16 205552.41 3 
203936.12 3.6237e-16 207307.39 3 
205663.57 3.4043e-16 209063.39 3 
207392.01 3.1485e-16 210820.41 3 
209121.31 3.5213e-16 212578.30 3 
210851.51 3.4925e-16 214337.09 3 
212582.69 3.3354e-16 216096.89 3 
214314.77 3.5129e-16 217857.61 3 
216047.81 3.6998e-16 219619.30 3 
217781.85 3.5297e-16 221382.00 3 
219516.76 3.3565e-16 223145.59 3 
221252.68 3.6205e-16 224910.20 3 
222989.46 3.8018e-16 226675.70 3 
224727.22 3.6764e-16 228442.19 3 
226465.98 3.5498e-16 230209.69 3 
228205.63 3.6585e-16 231978.09 3 
229946.26 3.8336e-16 233747.50 3 
231687.87 3.8413e-16 235517.91 3 
233430.37 3.7535e-16 237289.20 3 
235173.95 3.8391e-16 239061.61 3 
236918.32 3.9690e-16 240834.81 3 
238663.74 4.0530e-16 242609.09 3 
240410.19 3.9450e-16 244384.41 3 
242157.50 3.8689e-16 246160.61 3 
243905.79 3.9345e-16 247937.80 3 
245655.08 4.0283e-16 249716.00 3 
247405.24 4.1102e-16 251495.09 3 
249156.49 4.0949e-16 253275.30 3 
250908.64 4.0579e-16 255056.41 3 
252661.86 4.1545e-16 256838.61 3 
254415.94 4.1932e-16 258621.69 3 
256171.05 4.2554e-16 260405.81 3 
257927.11 4.3322e-16 262190.91 3 
259684.16 4.3550e-16 263977.00 3 
261442.19 4.3487e-16 265764.09 3 
263201.24 4.3784e-16 267552.22 3 
264961.24 4.3011e-16 269341.31 3 
266722.22 4.3125e-16 271131.41 3 
268484.19 4.3867e-16 272922.50 3 
270247.14 4.3491e-16 274714.59 3 
272011.20 4.1551e-16 276507.81 3 
273776.11 4.3843e-16 278301.91 3 
275542.01 4.5037e-16 280097.00 3 
277308.99 4.5700e-16 281893.19 3 
279076.98 4.4266e-16 283690.41 3 
280845.84 4.5947e-16 285488.50 3 
282615.77 4.6417e-16 287287.69 3 
284386.71 4.5661e-16 289087.91 3 
286158.73 4.5677e-16 290889.22 3 
287931.70 4.6124e-16 292691.50 3 
289705.60 4.4397e-16 294494.72 3 
291480.63 4.7070e-16 296299.09 3 
293256.58 4.8122e-16 298104.41 3 
295033.58 4.6765e-16 299910.78 3 
296811.60 4.6095e-16 301718.19 3 
298590.59 4.7953e-16 303526.59 3 
300370.67 4.8486e-16 305336.09 3 
302151.72 4.7543e-16 307146.59 3 
303933.76 4.7239e-16 308958.09 3 
305716.88 4.8897e-16 310770.69 3 
307501.11 4.8503e-16 312584.41 3 
309286.28 4.7055e-16 314399.09 3 
311072.47 4.9203e-16 316214.81 3 
312859.62 5.0672e-16 318031.50 3 
314647.96 4.9486e-16 319849.41 3 
316437.20 4.9161e-16 321668.22 3 
318227.57 5.0766e-16 323488.19 3 
320018.86 4.9746e-16 325309.09 3 
321811.32 5.2003e-16 327131.19 3 
323604.80 5.1572e-16 328954.31 3 
325399.20 5.1337e-16 330778.38 3 
327194.74 5.2451e-16 332603.59 3 
328991.35 5.0850e-16 334429.91 3 
330789.01 5.3886e-16 336257.28 3 
332587.71 5.1562e-16 338085.72 3 
334387.43 6.3579e-16 339915.19 3 
336188.16 5.5189e-16 341745.69 3 
337990.00 5.0491e-16 343577.31 3 
339793.01 5.0072e-16 345410.12 3 
341596.87 5.2602e-16 347243.81 3 
343401.94 5.3378e-16 349078.72 3 
