# An Atlas of Galaxy Spectral Energy Distributions from the Ultraviolet to the Mid-Infrared
# Brown et al. (2014)
# http://dx.doi.org/10.5072/03/529D3551F0117
# 
# Column 1 : Restframe Wavelength (Angstrom)
# Column 2 : Flux per unit wavelength (ergs/s/cm^2/Angstrom)
# Column 3 : Observed wavelength (Angstrom)
# Column 4 : Source (0 = model, 1 = Optical Spectrum, 2 = Akari, 3 = Spitzer IRS)
# 
   101.98 3.3794e-22    104.23 0 
   104.12 4.4447e-22    106.41 0 
   106.05 5.9271e-22    108.39 0 
   108.03 8.0694e-22    110.41 0 
   110.03 1.2214e-21    112.46 0 
   113.90 1.9808e-21    116.41 0 
   117.90 3.0188e-21    120.50 0 
   120.93 1.1991e-20    123.59 0 
   124.89 1.6705e-20    127.64 0 
   126.92 1.9092e-20    129.72 0 
   128.09 2.0742e-20    130.92 0 
   131.08 2.4822e-20    133.97 0 
   131.99 3.0119e-20    134.90 0 
   134.13 3.3639e-20    137.09 0 
   136.94 4.5692e-20    139.96 0 
   140.13 5.3437e-20    143.22 0 
   143.06 1.6362e-19    146.22 0 
   147.07 4.6542e-19    150.31 0 
   150.84 5.3683e-19    154.17 0 
   155.07 6.2494e-19    158.49 0 
   159.05 7.2751e-19    162.55 0 
   162.00 8.0694e-19    165.58 0 
   166.16 9.4154e-19    169.82 0 
   170.03 1.0662e-18    173.78 0 
   173.19 1.1772e-18    177.01 0 
   176.82 1.3239e-18    180.72 0 
   180.11 1.4416e-18    184.08 0 
   182.19 1.5305e-18    186.21 0 
   186.01 1.7055e-18    190.11 0 
   191.22 1.9446e-18    195.43 0 
   193.88 2.1176e-18    198.15 0 
   197.94 2.3272e-18    202.30 0 
   202.08 2.5695e-18    206.54 0 
   204.89 2.7532e-18    209.41 0 
   210.15 2.9366e-18    214.78 0 
   216.04 3.4901e-18    220.80 0 
   220.05 3.8005e-18    224.91 0 
   223.11 3.9888e-18    228.03 0 
   226.74 4.3435e-18    231.74 0 
   229.89 6.8366e-18    234.96 0 
   234.17 1.2102e-17    239.33 0 
   240.18 1.5554e-17    245.47 0 
   245.77 1.5447e-17    251.19 0 
   252.07 1.7055e-17    257.63 0 
   256.76 1.4991e-17    262.42 0 
   259.73 1.7492e-17    265.46 0 
   263.95 1.8786e-17    269.77 0 
   268.86 1.9357e-17    274.79 0 
   273.86 1.9854e-17    279.90 0 
   278.95 2.0363e-17    285.10 0 
   284.14 2.0885e-17    290.40 0 
   290.09 2.0504e-17    296.48 0 
   296.16 2.1470e-17    302.69 0 
   300.97 2.1819e-17    307.61 0 
   307.98 2.2690e-17    314.77 0 
   318.07 2.3980e-17    325.09 0 
   327.74 2.4822e-17    334.97 0 
   337.70 2.5400e-17    345.14 0 
   347.96 2.5873e-17    355.63 0 
   356.89 2.6293e-17    364.75 0 
   366.04 2.6782e-17    374.11 0 
   375.43 2.7030e-17    383.71 0 
   385.06 2.6536e-17    393.55 0 
   394.94 2.7532e-17    403.65 0 
   405.07 2.7915e-17    414.00 0 
   413.55 2.7915e-17    422.67 0 
   422.21 2.7851e-17    431.52 0 
   430.06 2.7787e-17    439.54 0 
   441.09 2.7915e-17    450.82 0 
   451.37 2.7723e-17    461.32 0 
   459.76 2.7596e-17    469.89 0 
   470.47 2.7469e-17    480.84 0 
   480.32 2.7469e-17    490.91 0 
   490.38 2.6967e-17    501.19 0 
   499.49 2.7092e-17    510.50 0 
   506.44 2.6782e-17    517.61 0 
   512.30 2.7596e-17    523.60 0 
   519.43 2.7469e-17    530.88 0 
   530.31 2.7092e-17    542.00 0 
   540.17 2.6414e-17    552.08 0 
   550.21 2.6354e-17    562.34 0 
   560.44 2.6659e-17    572.80 0 
   569.55 2.6967e-17    582.10 0 
   580.13 2.6354e-17    592.93 0 
   589.56 2.6659e-17    602.56 0 
   600.52 2.5992e-17    613.76 0 
   610.28 2.3705e-17    623.73 0 
   620.20 2.6536e-17    633.87 0 
   630.27 2.6293e-17    644.17 0 
   640.51 2.6233e-17    654.64 0 
   649.42 2.6293e-17    663.74 0 
   658.46 2.6172e-17    672.98 0 
   664.55 2.6475e-17    679.20 0 
   675.35 2.6293e-17    690.24 0 
   684.74 2.5459e-17    699.84 0 
   694.27 2.7030e-17    709.58 0 
   705.55 2.5932e-17    721.11 0 
   715.37 2.7343e-17    731.14 0 
   725.32 2.7343e-17    741.31 0 
   735.41 2.7469e-17    751.62 0 
   745.64 2.8173e-17    762.08 0 
   754.27 2.8500e-17    770.90 0 
   764.77 2.7406e-17    781.63 0 
   775.40 2.9501e-17    792.50 0 
   784.38 2.9843e-17    801.68 0 
   795.30 3.0328e-17    812.83 0 
   804.50 3.0821e-17    822.24 0 
   815.70 3.1106e-17    833.68 0 
   825.14 3.2347e-17    843.33 0 
   834.70 2.8238e-17    853.10 0 
   844.36 3.2647e-17    862.98 0 
   854.14 3.2797e-17    872.97 0 
   864.03 3.4028e-17    883.08 0 
   874.03 3.5387e-17    893.31 0 
   884.15 3.7140e-17    903.65 0 
   894.39 3.8268e-17    914.11 0 
   904.75 3.7657e-17    924.70 0 
   915.23 5.5188e-17    935.41 0 
   925.82 3.2422e-16    946.24 0 
   934.39 6.9798e-16    954.99 0 
   945.21 1.3361e-15    966.05 0 
   953.96 1.9536e-15    974.99 0 
   965.00 2.0599e-15    986.28 0 
   973.93 3.0679e-16    995.41 0 
   985.21 1.5235e-15   1006.93 0 
   994.32 1.7695e-15   1016.25 0 
  1005.84 2.8631e-15   1028.02 0 
  1015.15 2.8500e-15   1037.53 0 
  1024.54 1.2643e-15   1047.13 0 
  1034.02 1.8443e-15   1056.82 0 
  1045.99 3.9070e-15   1069.05 0 
  1055.67 3.8445e-15   1078.95 0 
  1065.44 2.8369e-15   1088.93 0 
  1075.30 3.5305e-15   1099.01 0 
  1085.25 2.6172e-15   1109.18 0 
  1095.29 3.7830e-15   1119.44 0 
  1105.42 3.6294e-15   1129.80 0 
  1115.65 3.4107e-15   1140.25 0 
  1125.97 3.0119e-15   1150.80 0 
  1133.78 4.1100e-15   1158.78 0 
  1144.27 3.6799e-15   1169.50 0 
  1154.86 4.0072e-15   1180.32 0 
  1165.54 4.1290e-15   1191.24 0 
  1176.33 2.6720e-15   1202.26 0 
  1184.48 4.0164e-15   1210.60 0 
  1195.44 2.4994e-15   1221.80 0 
  1203.73 1.6552e-15   1230.27 0 
  1214.87 1.2937e-15   1241.65 0 
  1226.11 2.7154e-15   1253.14 0 
  1234.61 4.3938e-15   1261.83 0 
  1246.03 4.8623e-15   1273.50 0 
  1254.67 4.5482e-15   1282.33 0 
  1266.28 3.7830e-15   1294.20 0 
  1275.05 5.2100e-15   1303.17 0 
  1283.89 5.5315e-15   1312.20 0 
  1295.77 4.0536e-15   1324.34 0 
  1304.75 3.9796e-15   1333.52 0 
  1313.80 5.3437e-15   1342.77 0 
  1325.95 5.0680e-15   1355.19 0 
  1335.14 4.2938e-15   1364.58 0 
  1344.40 5.4556e-15   1374.04 0 
  1353.72 5.2704e-15   1383.57 0 
  1366.24 4.5587e-15   1396.37 0 
  1375.71 4.8847e-15   1406.05 0 
  1385.25 4.9413e-15   1415.79 0 
  1394.85 4.2544e-15   1425.61 0 
  1404.52 4.4345e-15   1435.49 0 
  1414.26 4.4858e-15   1445.44 0 
  1424.06 4.6972e-15   1455.46 0 
  1433.93 4.6434e-15   1465.55 0 
  1440.55 4.9641e-15   1472.31 0 
  1447.20 5.0797e-15   1479.11 0 
  1453.88 4.8960e-15   1485.94 0 
  1463.96 4.4243e-15   1496.24 0 
  1474.10 4.4345e-15   1506.61 0 
  1484.32 4.5797e-15   1517.05 0 
  1494.61 4.6972e-15   1527.57 0 
  1504.97 4.3837e-15   1538.15 0 
  1511.92 3.7918e-15   1545.25 0 
  1515.40 4.1480e-15   1548.82 0 
  1525.91 3.9705e-15   1559.55 0 
  1536.49 3.3484e-15   1570.36 0 
  1543.58 3.8357e-15   1577.61 0 
  1554.28 3.5962e-15   1588.55 0 
  1565.05 3.6378e-15   1599.56 0 
  1575.90 3.9070e-15   1610.65 0 
  1586.82 4.1768e-15   1621.81 0 
  1594.15 4.2642e-15   1629.30 0 
  1605.20 4.1961e-15   1640.59 0 
  1616.32 4.2251e-15   1651.96 0 
  1623.78 3.9431e-15   1659.59 0 
  1635.04 4.2544e-15   1671.09 0 
  1646.37 4.3335e-15   1682.67 0 
  1653.97 3.9431e-15   1690.44 0 
  1665.44 4.3736e-15   1702.16 0 
  1673.12 3.7743e-15   1710.02 0 
  1676.98 4.3938e-15   1713.96 0 
  1684.72 4.6649e-15   1721.87 0 
  1696.40 4.3335e-15   1733.80 0 
  1704.23 4.1290e-15   1741.81 0 
  1716.04 3.8623e-15   1753.88 0 
  1723.96 3.8445e-15   1761.98 0 
  1735.91 4.1576e-15   1774.19 0 
  1743.93 4.0536e-15   1782.38 0 
  1756.02 4.3938e-15   1794.73 0 
  1764.12 3.9522e-15   1803.02 0 
  1776.35 4.0723e-15   1815.52 0 
  1784.55 4.1576e-15   1823.90 0 
  1796.92 4.5273e-15   1836.54 0 
  1805.21 4.4858e-15   1845.02 0 
  1813.54 4.0629e-15   1853.53 0 
  1826.12 4.1768e-15   1866.38 0 
  1834.54 3.9796e-15   1874.99 0 
  1843.01 3.6045e-15   1883.65 0 
  1855.79 3.6128e-15   1896.71 0 
  1864.35 3.7570e-15   1905.46 0 
  1872.96 4.1480e-15   1914.26 0 
  1885.94 3.7743e-15   1927.53 0 
  1894.65 3.6211e-15   1936.42 0 
  1903.39 3.8623e-15   1945.36 0 
  1916.59 3.6884e-15   1958.84 0 
  1925.43 3.6294e-15   1967.89 0 
  1934.32 3.7311e-15   1976.97 0 
  1943.25 3.9250e-15   1986.10 0 
  1956.72 3.6630e-15   1999.86 0 
  1965.75 4.0817e-15   2009.09 0 
  1974.82 4.1961e-15   2018.37 0 
  1983.94 3.9522e-15   2027.68 0 
  1993.10 3.8268e-15   2037.04 0 
  2006.91 3.9613e-15   2051.16 0 
  2016.17 3.7830e-15   2060.63 0 
  2025.48 3.9888e-15   2070.14 0 
  2034.83 3.7657e-15   2079.70 0 
  2044.22 3.9613e-15   2089.30 0 
  2053.66 3.7570e-15   2098.94 0 
  2063.14 3.7570e-15   2108.63 0 
  2072.66 4.0723e-15   2118.36 0 
  2077.44 3.9250e-15   2123.24 0 
  2087.03 4.1290e-15   2133.04 0 
  2096.66 3.8712e-15   2142.89 0 
  2106.34 3.8801e-15   2152.78 0 
  2116.06 3.9341e-15   2162.72 0 
  2125.83 3.9796e-15   2172.70 0 
  2135.64 3.6462e-15   2182.73 0 
  2145.50 3.8093e-15   2192.81 0 
  2155.40 3.9705e-15   2202.93 0 
  2165.35 3.8180e-15   2213.09 0 
  2175.35 3.7830e-15   2223.31 0 
  2185.39 3.7484e-15   2233.57 0 
  2195.47 3.9341e-15   2243.88 0 
  2205.61 3.8093e-15   2254.24 0 
  2215.79 3.5632e-15   2264.64 0 
  2226.02 3.4581e-15   2275.10 0 
  2236.29 3.7830e-15   2285.60 0 
  2246.61 3.5962e-15   2296.15 0 
  2256.98 3.3703e-15   2306.75 0 
  2267.40 3.4466e-15   2317.39 0 
  2272.63 3.5748e-15   2322.74 0 
  2283.12 3.7409e-15   2333.46 0 
  2293.66 3.4809e-15   2344.23 0 
  2304.24 3.5190e-15   2355.05 0 
  2314.88 3.2895e-15   2365.92 0 
  2325.56 2.4766e-15   2376.84 0 
  2336.30 2.9619e-15   2387.81 0 
  2347.08 2.8202e-15   2398.83 0 
  2352.49 3.1706e-15   2404.36 0 
  2363.35 2.8044e-15   2415.46 0 
  2374.26 2.9346e-15   2426.61 0 
  2385.22 2.6501e-15   2437.81 0 
  2396.23 2.8706e-15   2449.06 0 
  2407.29 2.7395e-15   2460.37 0 
  2412.84 2.8479e-15   2466.04 0 
  2423.98 3.1349e-15   2477.42 0 
  2435.16 3.0125e-15   2488.86 0 
  2446.40 3.2406e-15   2500.35 0 
  2457.70 3.2087e-15   2511.89 0 
  2463.36 3.1346e-15   2517.68 0 
  2474.73 2.9914e-15   2529.30 0 
  2486.16 2.9824e-15   2540.97 0 
  2497.63 2.8331e-15   2552.70 0 
  2503.39 3.2742e-15   2558.59 0 
  2514.94 2.7403e-15   2570.40 0 
  2520.74 2.7967e-15   2576.32 0 
  2526.55 2.6760e-15   2582.26 0 
  2532.38 2.7946e-15   2588.21 0 
  2544.07 2.7543e-15   2600.16 0 
  2555.81 3.1455e-15   2612.16 0 
  2567.60 2.9470e-15   2624.22 0 
  2573.52 3.2005e-15   2630.27 0 
  2585.40 3.1110e-15   2642.41 0 
  2597.34 3.0240e-15   2654.61 0 
  2603.32 2.8801e-15   2660.72 0 
  2615.34 2.8125e-15   2673.01 0 
  2627.41 3.0392e-15   2685.34 0 
  2633.47 3.3775e-15   2691.54 0 
  2645.62 3.8572e-15   2703.96 0 
  2657.84 4.2261e-15   2716.44 0 
  2663.96 3.4576e-15   2722.70 0 
  2676.26 3.7191e-15   2735.27 0 
  2682.43 3.8131e-15   2741.57 0 
  2694.81 3.4589e-15   2754.23 0 
  2707.25 3.7119e-15   2766.94 0 
  2713.49 3.3146e-15   2773.32 0 
  2726.01 3.1922e-15   2786.12 0 
  2732.30 3.4588e-15   2792.54 0 
  2744.91 2.7515e-15   2805.43 0 
  2757.58 2.9257e-15   2818.38 0 
  2763.94 3.1627e-15   2824.88 0 
  2776.70 3.3397e-15   2837.92 0 
  2783.10 2.9345e-15   2844.46 0 
  2795.94 2.2039e-15   2857.59 0 
  2802.39 2.3989e-15   2864.18 0 
  2815.32 3.2408e-15   2877.40 0 
  2821.81 3.6853e-15   2884.03 0 
  2834.84 3.5573e-15   2897.34 0 
  2847.92 3.3019e-15   2910.72 0 
  2854.49 2.9213e-15   2917.43 0 
  2867.66 3.7344e-15   2930.89 0 
  2874.27 4.0090e-15   2937.65 0 
  2887.54 3.8342e-15   2951.21 0 
  2894.20 3.9856e-15   2958.01 0 
  2907.56 4.6572e-15   2971.67 0 
  2927.71 4.3308e-15   2992.27 0 
  2948.01 4.1977e-15   3013.01 0 
  2968.44 4.3696e-15   3033.89 0 
  2989.02 4.3942e-15   3054.92 0 
  3009.73 4.4802e-15   3076.10 0 
  3030.60 4.5365e-15   3097.42 0 
  3051.60 4.5829e-15   3118.89 0 
  3072.76 4.7049e-15   3140.51 0 
  3086.94 4.7441e-15   3155.01 0 
  3108.34 4.9154e-15   3176.87 0 
  3129.89 4.7749e-15   3198.90 0 
  3151.58 4.7572e-15   3221.07 0 
  3173.42 4.9062e-15   3243.40 0 
  3188.07 4.4703e-15   3258.37 0 
  3210.17 4.8052e-15   3280.95 0 
  3232.42 4.3062e-15   3303.70 0 
  3247.34 5.0777e-15   3318.94 0 
  3269.85 5.5212e-15   3341.95 0 
  3292.52 5.4125e-15   3365.12 0 
  3307.72 5.3330e-15   3380.65 0 
  3322.98 5.2910e-15   3396.25 0 
  3330.65 5.6406e-15   3404.08 0 
  3338.32 5.1417e-15   3411.93 0 
  3346.02 5.5832e-15   3419.79 0 
  3353.73 5.1365e-15   3427.68 0 
  3361.46 5.2414e-15   3435.58 0 
  3369.21 5.2873e-15   3443.50 0 
  3376.98 5.0700e-15   3451.44 0 
  3384.76 4.9407e-15   3459.39 0 
  3392.57 5.6049e-15   3467.37 0 
  3400.39 5.9203e-15   3475.36 0 
  3408.23 5.3842e-15   3483.37 0 
  3416.08 5.2348e-15   3491.40 0 
  3423.96 5.8435e-15   3499.45 0 
  3431.85 5.8271e-15   3507.52 0 
  3439.76 5.7707e-15   3515.60 0 
  3447.69 4.7643e-15   3523.71 0 
  3455.64 5.3799e-15   3531.83 0 
  3463.60 4.8255e-15   3539.97 0 
  3471.59 5.5248e-15   3548.13 0 
  3479.59 4.7434e-15   3556.31 0 
  3487.61 5.1744e-15   3564.51 0 
  3495.65 5.0773e-15   3572.73 0 
  3503.71 5.7597e-15   3580.96 0 
  3511.79 5.5869e-15   3589.22 0 
  3519.88 5.5968e-15   3597.49 0 
  3528.00 4.8945e-15   3605.79 0 
  3536.13 5.6425e-15   3614.10 0 
  3544.28 5.9599e-15   3622.43 0 
  3552.45 6.0814e-15   3630.78 0 
  3560.64 5.8853e-15   3639.15 0 
  3568.85 5.1468e-15   3647.54 0 
  3577.08 5.0501e-15   3655.95 0 
  3585.32 4.4469e-15   3664.37 0 
  3593.59 5.1383e-15   3672.82 0 
  3598.85 7.2363e-15   3678.20 1 
  3601.54 5.2885e-15   3680.95 1 
  3604.23 6.7665e-15   3683.70 1 
  3606.92 5.7893e-15   3686.45 1 
  3609.61 4.7667e-15   3689.20 1 
  3612.30 6.6307e-15   3691.95 1 
  3614.99 5.0827e-15   3694.70 1 
  3617.68 5.5379e-15   3697.45 1 
  3620.37 5.4736e-15   3700.20 1 
  3623.06 5.8619e-15   3702.95 1 
  3625.76 4.3634e-15   3705.70 1 
  3628.45 7.3366e-15   3708.45 1 
  3631.14 9.4658e-15   3711.20 1 
  3633.83 7.0500e-15   3713.95 1 
  3636.52 4.0942e-15   3716.70 1 
  3639.21 6.0799e-15   3719.45 1 
  3641.90 7.2677e-15   3722.20 1 
  3644.59 6.4433e-15   3724.95 1 
  3647.28 7.5286e-15   3727.70 1 
  3649.97 7.2899e-15   3730.45 1 
  3652.66 8.3026e-15   3733.20 1 
  3655.35 9.1930e-15   3735.95 1 
  3658.04 5.9212e-15   3738.70 1 
  3660.73 6.8972e-15   3741.45 1 
  3663.43 7.5106e-15   3744.20 1 
  3666.12 7.2527e-15   3746.95 1 
  3668.81 8.9387e-15   3749.70 1 
  3671.50 6.9527e-15   3752.45 1 
  3674.19 8.6206e-15   3755.20 1 
  3676.88 7.3092e-15   3757.95 1 
  3679.57 7.2695e-15   3760.70 1 
  3682.26 6.2834e-15   3763.45 1 
  3684.95 4.4309e-15   3766.20 1 
  3687.64 5.6466e-15   3768.95 1 
  3690.33 6.1394e-15   3771.70 1 
  3693.02 6.3560e-15   3774.45 1 
  3695.71 6.2494e-15   3777.20 1 
  3698.40 8.7145e-15   3779.95 1 
  3701.09 6.6696e-15   3782.70 1 
  3703.79 6.4979e-15   3785.45 1 
  3706.48 5.3957e-15   3788.20 1 
  3709.17 6.6433e-15   3790.95 1 
  3711.86 8.0117e-15   3793.70 1 
  3714.55 6.9478e-15   3796.45 1 
  3717.24 5.2050e-15   3799.20 1 
  3719.93 6.6342e-15   3801.95 1 
  3722.62 9.4447e-15   3804.70 1 
  3725.31 1.1944e-14   3807.45 1 
  3728.00 1.2633e-14   3810.20 1 
  3730.69 1.2740e-14   3812.95 1 
  3733.38 1.0947e-14   3815.70 1 
  3736.07 7.8097e-15   3818.45 1 
  3738.76 4.8818e-15   3821.20 1 
  3741.45 5.7800e-15   3823.95 1 
  3744.15 8.7092e-15   3826.70 1 
  3746.84 9.1804e-15   3829.45 1 
  3749.53 7.8812e-15   3832.20 1 
  3752.22 7.8368e-15   3834.95 1 
  3754.91 8.1706e-15   3837.70 1 
  3757.60 6.7039e-15   3840.45 1 
  3760.29 6.4502e-15   3843.20 1 
  3762.98 7.3413e-15   3845.95 1 
  3765.67 7.8448e-15   3848.70 1 
  3768.36 7.4499e-15   3851.45 1 
  3771.05 6.6136e-15   3854.20 1 
  3773.74 8.8633e-15   3856.95 1 
  3776.43 9.9863e-15   3859.70 1 
  3779.12 7.7785e-15   3862.45 1 
  3781.81 8.3638e-15   3865.20 1 
  3784.51 7.7823e-15   3867.95 1 
  3787.20 8.7263e-15   3870.70 1 
  3789.89 7.4813e-15   3873.45 1 
  3792.58 7.4820e-15   3876.20 1 
  3795.27 7.5547e-15   3878.95 1 
  3797.96 8.7391e-15   3881.70 1 
  3800.65 6.6907e-15   3884.45 1 
  3803.34 7.0055e-15   3887.20 1 
  3806.03 7.8531e-15   3889.95 1 
  3808.72 8.0452e-15   3892.70 1 
  3811.41 8.6038e-15   3895.45 1 
  3814.10 8.7863e-15   3898.20 1 
  3816.79 6.4959e-15   3900.95 1 
  3819.48 7.4128e-15   3903.70 1 
  3822.17 6.5818e-15   3906.45 1 
  3824.87 6.5181e-15   3909.20 1 
  3827.56 5.8125e-15   3911.95 1 
  3830.25 5.8612e-15   3914.70 1 
  3832.94 3.6055e-15   3917.45 1 
  3835.63 3.1637e-15   3920.20 1 
  3838.32 4.2916e-15   3922.95 1 
  3841.01 6.6848e-15   3925.70 1 
  3843.70 7.2823e-15   3928.45 1 
  3846.39 8.9838e-15   3931.20 1 
  3849.08 7.1822e-15   3933.95 1 
  3851.77 8.2254e-15   3936.70 1 
  3854.46 8.3884e-15   3939.45 1 
  3857.15 8.1023e-15   3942.20 1 
  3859.84 7.5232e-15   3944.95 1 
  3862.53 7.1660e-15   3947.70 1 
  3865.23 9.6076e-15   3950.45 1 
  3867.92 9.1628e-15   3953.20 1 
  3870.61 9.1867e-15   3955.95 1 
  3873.30 7.3668e-15   3958.70 1 
  3875.99 6.4119e-15   3961.45 1 
  3878.68 5.5352e-15   3964.20 1 
  3881.37 6.7141e-15   3966.95 1 
  3884.06 6.3502e-15   3969.70 1 
  3886.75 6.4762e-15   3972.45 1 
  3889.44 7.7188e-15   3975.20 1 
  3892.13 6.7827e-15   3977.95 1 
  3894.82 7.6249e-15   3980.70 1 
  3897.51 8.2693e-15   3983.45 1 
  3900.20 7.6037e-15   3986.20 1 
  3902.90 8.3026e-15   3988.95 1 
  3905.59 1.0377e-14   3991.70 1 
  3908.28 8.8827e-15   3994.45 1 
  3910.97 7.9303e-15   3997.20 1 
  3913.66 9.3739e-15   3999.95 1 
  3916.35 9.6169e-15   4002.70 1 
  3919.04 9.1308e-15   4005.45 1 
  3921.73 9.4295e-15   4008.20 1 
  3924.42 8.3985e-15   4010.95 1 
  3927.11 9.1884e-15   4013.70 1 
  3929.80 6.8457e-15   4016.45 1 
  3932.49 5.3894e-15   4019.20 1 
  3935.18 4.2348e-15   4021.95 1 
  3937.87 5.0325e-15   4024.70 1 
  3940.56 7.2623e-15   4027.45 1 
  3943.26 9.3442e-15   4030.20 1 
  3945.95 7.3737e-15   4032.95 1 
  3948.64 8.2472e-15   4035.70 1 
  3951.33 8.3460e-15   4038.45 1 
  3954.02 7.5119e-15   4041.20 1 
  3956.71 8.0448e-15   4043.95 1 
  3959.40 8.0961e-15   4046.70 1 
  3962.09 7.0773e-15   4049.45 1 
  3964.78 5.5530e-15   4052.20 1 
  3967.47 3.9298e-15   4054.95 1 
  3970.16 5.7034e-15   4057.70 1 
  3972.85 6.6954e-15   4060.45 1 
  3975.54 9.3609e-15   4063.20 1 
  3978.23 8.1952e-15   4065.95 1 
  3980.92 6.5145e-15   4068.70 1 
  3983.62 8.7045e-15   4071.45 1 
  3986.31 1.0971e-14   4074.20 1 
  3989.00 1.1819e-14   4076.95 1 
  3991.69 1.1293e-14   4079.70 1 
  3994.38 1.3434e-14   4082.45 1 
  3997.07 1.1717e-14   4085.20 1 
  3999.76 1.1403e-14   4087.95 1 
  4002.45 1.2191e-14   4090.70 1 
  4005.14 1.1263e-14   4093.45 1 
  4007.83 1.0649e-14   4096.20 1 
  4010.52 1.0399e-14   4098.95 1 
  4013.21 1.1409e-14   4101.70 1 
  4015.90 1.2299e-14   4104.45 1 
  4018.59 1.2206e-14   4107.20 1 
  4021.28 1.2019e-14   4109.95 1 
  4023.98 1.2295e-14   4112.70 1 
  4026.67 1.2378e-14   4115.45 1 
  4029.36 1.2135e-14   4118.20 1 
  4032.05 1.2039e-14   4120.95 1 
  4034.74 1.1969e-14   4123.70 1 
  4037.43 1.1343e-14   4126.45 1 
  4040.12 1.2016e-14   4129.20 1 
  4042.81 1.1168e-14   4131.95 1 
  4045.50 1.1428e-14   4134.70 1 
  4048.19 1.0971e-14   4137.45 1 
  4050.88 1.1656e-14   4140.20 1 
  4053.57 1.1594e-14   4142.95 1 
  4056.26 1.0991e-14   4145.70 1 
  4058.95 1.1130e-14   4148.45 1 
  4061.64 1.0994e-14   4151.20 1 
  4064.34 1.0067e-14   4153.95 1 
  4067.03 1.0617e-14   4156.70 1 
  4069.72 1.0428e-14   4159.45 1 
  4072.41 1.1570e-14   4162.20 1 
  4075.10 1.1104e-14   4164.95 1 
  4077.79 1.0366e-14   4167.70 1 
  4080.48 1.1115e-14   4170.45 1 
  4083.17 1.1944e-14   4173.20 1 
  4085.86 1.0830e-14   4175.95 1 
  4088.55 1.0258e-14   4178.70 1 
  4091.24 1.1069e-14   4181.45 1 
  4093.93 9.6794e-15   4184.20 1 
  4096.62 9.1967e-15   4186.95 1 
  4099.31 8.6206e-15   4189.70 1 
  4102.01 1.0268e-14   4192.45 1 
  4104.70 1.0429e-14   4195.20 1 
  4107.39 9.1728e-15   4197.95 1 
  4110.08 9.5271e-15   4200.70 1 
  4112.77 1.0942e-14   4203.45 1 
  4115.46 1.0517e-14   4206.20 1 
  4118.15 1.1396e-14   4208.95 1 
  4120.84 1.2770e-14   4211.70 1 
  4123.53 1.2416e-14   4214.45 1 
  4126.22 1.1856e-14   4217.20 1 
  4128.91 1.2097e-14   4219.95 1 
  4131.60 1.2123e-14   4222.70 1 
  4134.29 1.1736e-14   4225.45 1 
  4136.98 1.1814e-14   4228.20 1 
  4139.67 1.1396e-14   4230.95 1 
  4142.37 1.1146e-14   4233.70 1 
  4145.06 1.0707e-14   4236.45 1 
  4147.75 1.0863e-14   4239.20 1 
  4150.44 9.7274e-15   4241.95 1 
  4153.13 1.0052e-14   4244.70 1 
  4155.82 1.0601e-14   4247.45 1 
  4158.51 1.1318e-14   4250.20 1 
  4161.20 1.1272e-14   4252.95 1 
  4163.89 1.1091e-14   4255.70 1 
  4166.58 1.1131e-14   4258.45 1 
  4169.27 1.1195e-14   4261.20 1 
  4171.96 1.0989e-14   4263.95 1 
  4174.65 1.0318e-14   4266.70 1 
  4177.34 1.0663e-14   4269.45 1 
  4180.03 1.1014e-14   4272.20 1 
  4182.73 1.1042e-14   4274.95 1 
  4185.42 1.0341e-14   4277.70 1 
  4188.11 1.0668e-14   4280.45 1 
  4190.80 1.1262e-14   4283.20 1 
  4193.49 1.0651e-14   4285.95 1 
  4196.18 1.0652e-14   4288.70 1 
  4198.87 1.0969e-14   4291.45 1 
  4201.56 1.1426e-14   4294.20 1 
  4204.25 1.2361e-14   4296.95 1 
  4206.94 1.1295e-14   4299.70 1 
  4209.63 1.0940e-14   4302.45 1 
  4212.32 1.1688e-14   4305.20 1 
  4215.01 1.2201e-14   4307.95 1 
  4217.70 1.1404e-14   4310.70 1 
  4220.39 1.1342e-14   4313.45 1 
  4223.09 1.0763e-14   4316.20 1 
  4225.78 1.0035e-14   4318.95 1 
  4228.47 1.0825e-14   4321.70 1 
  4231.16 1.0384e-14   4324.45 1 
  4233.85 1.0818e-14   4327.20 1 
  4236.54 1.1877e-14   4329.95 1 
  4239.23 1.2577e-14   4332.70 1 
  4241.92 1.1993e-14   4335.45 1 
  4244.61 1.1739e-14   4338.20 1 
  4247.30 1.1884e-14   4340.95 1 
  4249.99 1.2072e-14   4343.70 1 
  4252.68 1.1270e-14   4346.45 1 
  4255.37 1.1435e-14   4349.20 1 
  4258.06 1.0706e-14   4351.95 1 
  4260.75 1.1761e-14   4354.70 1 
  4263.45 1.2700e-14   4357.45 1 
  4266.14 1.2108e-14   4360.20 1 
  4268.83 1.1527e-14   4362.95 1 
  4271.52 1.0739e-14   4365.70 1 
  4274.21 9.7068e-15   4368.45 1 
  4276.90 1.0686e-14   4371.20 1 
  4279.59 1.1854e-14   4373.95 1 
  4282.28 1.1780e-14   4376.70 1 
  4284.97 1.0629e-14   4379.45 1 
  4287.66 1.0321e-14   4382.20 1 
  4290.35 1.0617e-14   4384.95 1 
  4293.04 1.0375e-14   4387.70 1 
  4295.73 1.0258e-14   4390.45 1 
  4298.42 1.0279e-14   4393.20 1 
  4301.11 8.3862e-15   4395.95 1 
  4303.81 8.2902e-15   4398.70 1 
  4306.50 9.1714e-15   4401.45 1 
  4309.19 9.0294e-15   4404.20 1 
  4311.88 1.0386e-14   4406.95 1 
  4314.57 1.1289e-14   4409.70 1 
  4317.26 1.2563e-14   4412.45 1 
  4319.95 1.1751e-14   4415.20 1 
  4322.64 1.2271e-14   4417.95 1 
  4325.33 1.1480e-14   4420.70 1 
  4328.02 1.1986e-14   4423.45 1 
  4330.71 1.1015e-14   4426.20 1 
  4333.40 1.0427e-14   4428.95 1 
  4336.09 1.0549e-14   4431.70 1 
  4338.78 9.3733e-15   4434.45 1 
  4341.48 1.0637e-14   4437.20 1 
  4344.17 1.1612e-14   4439.95 1 
  4346.86 1.0580e-14   4442.70 1 
  4349.55 1.0527e-14   4445.45 1 
  4352.24 1.0315e-14   4448.20 1 
  4354.93 1.1383e-14   4450.95 1 
  4357.62 1.1089e-14   4453.70 1 
  4360.31 1.2819e-14   4456.45 1 
  4363.00 1.2651e-14   4459.20 1 
  4365.69 1.2500e-14   4461.95 1 
  4368.38 1.3059e-14   4464.70 1 
  4371.07 1.2356e-14   4467.45 1 
  4373.76 1.1736e-14   4470.20 1 
  4376.45 1.1710e-14   4472.95 1 
  4379.14 1.1967e-14   4475.70 1 
  4381.84 1.1339e-14   4478.45 1 
  4384.53 1.0640e-14   4481.20 1 
  4387.22 1.1005e-14   4483.95 1 
  4389.91 1.1839e-14   4486.70 1 
  4392.60 1.2277e-14   4489.45 1 
  4395.29 1.2566e-14   4492.20 1 
  4397.98 1.2807e-14   4494.95 1 
  4400.67 1.2566e-14   4497.70 1 
  4403.36 1.2428e-14   4500.45 1 
  4406.05 1.2465e-14   4503.20 1 
  4408.74 1.1928e-14   4505.95 1 
  4411.43 1.2136e-14   4508.70 1 
  4414.12 1.3362e-14   4511.45 1 
  4416.81 1.2196e-14   4514.20 1 
  4419.50 1.1785e-14   4516.95 1 
  4422.20 1.1816e-14   4519.70 1 
  4424.89 1.3033e-14   4522.45 1 
  4427.58 1.2970e-14   4525.20 1 
  4430.27 1.2254e-14   4527.95 1 
  4432.96 1.3070e-14   4530.70 1 
  4435.65 1.3408e-14   4533.45 1 
  4438.34 1.2174e-14   4536.20 1 
  4441.03 1.2702e-14   4538.95 1 
  4443.72 1.3300e-14   4541.70 1 
  4446.41 1.3172e-14   4544.45 1 
  4449.10 1.2997e-14   4547.20 1 
  4451.79 1.2987e-14   4549.95 1 
  4454.48 1.2639e-14   4552.70 1 
  4457.17 1.1979e-14   4555.45 1 
  4459.86 1.2167e-14   4558.20 1 
  4462.56 1.2466e-14   4560.95 1 
  4465.25 1.2824e-14   4563.70 1 
  4467.94 1.1228e-14   4566.45 1 
  4470.63 1.2787e-14   4569.20 1 
  4473.32 1.2312e-14   4571.95 1 
  4476.01 1.2842e-14   4574.70 1 
  4478.70 1.3352e-14   4577.45 1 
  4481.39 1.3098e-14   4580.20 1 
  4484.08 1.3866e-14   4582.95 1 
  4486.77 1.4120e-14   4585.70 1 
  4489.46 1.2517e-14   4588.45 1 
  4492.15 1.3004e-14   4591.20 1 
  4494.84 1.3276e-14   4593.95 1 
  4497.53 1.3564e-14   4596.70 1 
  4500.22 1.3956e-14   4599.45 1 
  4502.92 1.3446e-14   4602.20 1 
  4505.61 1.4275e-14   4604.95 1 
  4508.30 1.5118e-14   4607.70 1 
  4510.99 1.3560e-14   4610.45 1 
  4513.68 1.3941e-14   4613.20 1 
  4516.37 1.4336e-14   4615.95 1 
  4519.06 1.4517e-14   4618.70 1 
  4521.75 1.3831e-14   4621.45 1 
  4524.44 1.3470e-14   4624.20 1 
  4527.13 1.2595e-14   4626.95 1 
  4529.82 1.1665e-14   4629.70 1 
  4532.51 1.2495e-14   4632.45 1 
  4535.20 1.2230e-14   4635.20 1 
  4537.89 1.3249e-14   4637.95 1 
  4540.58 1.3504e-14   4640.70 1 
  4543.28 1.3646e-14   4643.45 1 
  4545.97 1.3385e-14   4646.20 1 
  4548.66 1.3432e-14   4648.95 1 
  4551.35 1.3298e-14   4651.70 1 
  4554.04 1.3045e-14   4654.45 1 
  4556.73 1.4387e-14   4657.20 1 
  4559.42 1.3658e-14   4659.95 1 
  4562.11 1.3057e-14   4662.70 1 
  4564.80 1.4254e-14   4665.45 1 
  4567.49 1.3757e-14   4668.20 1 
  4570.18 1.4331e-14   4670.95 1 
  4572.87 1.4088e-14   4673.70 1 
  4575.56 1.3569e-14   4676.45 1 
  4578.25 1.4278e-14   4679.20 1 
  4580.94 1.4172e-14   4681.95 1 
  4583.64 1.3804e-14   4684.70 1 
  4586.33 1.3470e-14   4687.45 1 
  4589.02 1.4355e-14   4690.20 1 
  4591.71 1.3878e-14   4692.95 1 
  4594.40 1.3467e-14   4695.70 1 
  4597.09 1.3549e-14   4698.45 1 
  4599.78 1.3265e-14   4701.20 1 
  4602.47 1.3260e-14   4703.95 1 
  4605.16 1.4158e-14   4706.70 1 
  4607.85 1.3828e-14   4709.45 1 
  4610.54 1.3478e-14   4712.20 1 
  4613.23 1.4643e-14   4714.95 1 
  4615.92 1.4055e-14   4717.70 1 
  4618.61 1.4589e-14   4720.45 1 
  4621.31 1.4396e-14   4723.20 1 
  4624.00 1.4729e-14   4725.95 1 
  4626.69 1.4577e-14   4728.70 1 
  4629.38 1.4173e-14   4731.45 1 
  4632.07 1.3063e-14   4734.20 1 
  4634.76 1.4242e-14   4736.95 1 
  4637.45 1.4376e-14   4739.70 1 
  4640.14 1.4359e-14   4742.45 1 
  4642.83 1.3321e-14   4745.20 1 
  4645.52 1.3733e-14   4747.95 1 
  4648.21 1.4242e-14   4750.70 1 
  4650.90 1.3731e-14   4753.45 1 
  4653.59 1.3397e-14   4756.20 1 
  4656.28 1.4108e-14   4758.95 1 
  4658.97 1.3820e-14   4761.70 1 
  4661.67 1.4308e-14   4764.45 1 
  4664.36 1.4314e-14   4767.20 1 
  4667.05 1.3025e-14   4769.95 1 
  4669.74 1.3220e-14   4772.70 1 
  4672.43 1.3421e-14   4775.45 1 
  4675.12 1.3170e-14   4778.20 1 
  4677.81 1.3237e-14   4780.95 1 
  4680.50 1.3356e-14   4783.70 1 
  4683.19 1.3518e-14   4786.45 1 
  4685.88 1.3635e-14   4789.20 1 
  4688.57 1.3841e-14   4791.95 1 
  4691.26 1.3482e-14   4794.70 1 
  4693.95 1.3860e-14   4797.45 1 
  4696.64 1.3571e-14   4800.20 1 
  4699.33 1.3090e-14   4802.95 1 
  4702.03 1.2253e-14   4805.70 1 
  4704.72 1.2443e-14   4808.45 1 
  4707.41 1.2770e-14   4811.20 1 
  4710.10 1.3793e-14   4813.95 1 
  4712.79 1.3624e-14   4816.70 1 
  4715.48 1.2701e-14   4819.45 1 
  4718.17 1.3352e-14   4822.20 1 
  4720.86 1.4212e-14   4824.95 1 
  4723.55 1.4716e-14   4827.70 1 
  4726.24 1.4555e-14   4830.45 1 
  4728.93 1.4087e-14   4833.20 1 
  4731.62 1.4059e-14   4835.95 1 
  4734.31 1.3546e-14   4838.70 1 
  4737.00 1.3463e-14   4841.45 1 
  4739.69 1.4027e-14   4844.20 1 
  4742.39 1.4059e-14   4846.95 1 
  4745.08 1.4713e-14   4849.70 1 
  4747.77 1.5109e-14   4852.45 1 
  4750.46 1.4975e-14   4855.20 1 
  4753.15 1.5097e-14   4857.95 1 
  4755.84 1.4741e-14   4860.70 1 
  4758.53 1.4320e-14   4863.45 1 
  4761.22 1.4704e-14   4866.20 1 
  4763.91 1.4455e-14   4868.95 1 
  4766.60 1.4511e-14   4871.70 1 
  4769.29 1.3705e-14   4874.45 1 
  4771.98 1.3121e-14   4877.20 1 
  4774.67 1.3592e-14   4879.95 1 
  4777.36 1.4272e-14   4882.70 1 
  4780.05 1.3813e-14   4885.45 1 
  4782.75 1.4017e-14   4888.20 1 
  4785.44 1.4561e-14   4890.95 1 
  4788.13 1.4167e-14   4893.70 1 
  4790.82 1.4007e-14   4896.45 1 
  4793.51 1.4344e-14   4899.20 1 
  4796.20 1.4320e-14   4901.95 1 
  4798.89 1.4990e-14   4904.70 1 
  4801.58 1.4272e-14   4907.45 1 
  4804.27 1.4745e-14   4910.20 1 
  4806.96 1.4712e-14   4912.95 1 
  4809.65 1.4419e-14   4915.70 1 
  4812.34 1.4418e-14   4918.45 1 
  4815.03 1.4577e-14   4921.20 1 
  4817.72 1.4771e-14   4923.95 1 
  4820.41 1.4625e-14   4926.70 1 
  4823.11 1.4392e-14   4929.45 1 
  4825.80 1.4056e-14   4932.20 1 
  4828.49 1.3752e-14   4934.95 1 
  4831.18 1.3211e-14   4937.70 1 
  4833.87 1.3709e-14   4940.45 1 
  4836.56 1.4032e-14   4943.20 1 
  4839.25 1.4733e-14   4945.95 1 
  4841.94 1.3355e-14   4948.70 1 
  4844.63 1.3359e-14   4951.45 1 
  4847.32 1.3609e-14   4954.20 1 
  4850.01 1.3905e-14   4956.95 1 
  4852.70 1.3316e-14   4959.70 1 
  4855.39 1.3202e-14   4962.45 1 
  4858.08 1.3314e-14   4965.20 1 
  4860.77 1.3332e-14   4967.95 1 
  4863.47 1.3470e-14   4970.70 1 
  4866.16 1.3356e-14   4973.45 1 
  4868.85 1.3094e-14   4976.20 1 
  4871.54 1.3193e-14   4978.95 1 
  4874.23 1.3215e-14   4981.70 1 
  4876.92 1.2625e-14   4984.45 1 
  4879.61 1.3328e-14   4987.20 1 
  4882.30 1.3166e-14   4989.95 1 
  4884.99 1.3599e-14   4992.70 1 
  4887.68 1.3491e-14   4995.45 1 
  4890.37 1.3081e-14   4998.20 1 
  4893.06 1.3918e-14   5000.95 1 
  4895.75 1.5013e-14   5003.70 1 
  4898.44 1.4916e-14   5006.45 1 
  4901.14 1.4119e-14   5009.20 1 
  4903.83 1.4563e-14   5011.95 1 
  4906.52 1.4914e-14   5014.70 1 
  4909.21 1.4373e-14   5017.45 1 
  4911.90 1.4441e-14   5020.20 1 
  4914.59 1.4354e-14   5022.95 1 
  4917.28 1.3355e-14   5025.70 1 
  4919.97 1.3060e-14   5028.45 1 
  4922.66 1.3438e-14   5031.20 1 
  4925.35 1.3094e-14   5033.95 1 
  4928.04 1.3648e-14   5036.70 1 
  4930.73 1.4364e-14   5039.45 1 
  4933.42 1.4425e-14   5042.20 1 
  4936.11 1.4658e-14   5044.95 1 
  4938.80 1.4575e-14   5047.70 1 
  4941.50 1.4718e-14   5050.45 1 
  4944.19 1.4166e-14   5053.20 1 
  4946.88 1.4605e-14   5055.95 1 
  4949.57 1.5193e-14   5058.70 1 
  4952.26 1.5150e-14   5061.45 1 
  4954.95 1.4816e-14   5064.20 1 
  4957.64 1.4486e-14   5066.95 1 
  4960.33 1.4541e-14   5069.70 1 
  4963.02 1.4905e-14   5072.45 1 
  4965.71 1.4339e-14   5075.20 1 
  4968.40 1.4427e-14   5077.95 1 
  4971.09 1.3780e-14   5080.70 1 
  4973.78 1.3694e-14   5083.45 1 
  4976.47 1.4121e-14   5086.20 1 
  4979.16 1.3715e-14   5088.95 1 
  4981.86 1.3619e-14   5091.70 1 
  4984.55 1.2994e-14   5094.45 1 
  4987.24 1.3225e-14   5097.20 1 
  4989.93 1.3963e-14   5099.95 1 
  4992.62 1.3748e-14   5102.70 1 
  4995.31 1.4180e-14   5105.45 1 
  4998.00 1.4221e-14   5108.20 1 
  5000.69 1.4648e-14   5110.95 1 
  5003.38 1.5459e-14   5113.70 1 
  5006.07 1.6109e-14   5116.45 1 
  5008.76 1.6088e-14   5119.20 1 
  5011.45 1.5541e-14   5121.95 1 
  5014.14 1.4664e-14   5124.70 1 
  5016.83 1.3717e-14   5127.45 1 
  5019.52 1.3380e-14   5130.20 1 
  5022.22 1.3271e-14   5132.95 1 
  5024.91 1.3148e-14   5135.70 1 
  5027.60 1.3054e-14   5138.45 1 
  5030.29 1.3800e-14   5141.20 1 
  5032.98 1.4007e-14   5143.95 1 
  5035.67 1.3356e-14   5146.70 1 
  5038.36 1.3555e-14   5149.45 1 
  5041.05 1.3613e-14   5152.20 1 
  5043.74 1.3619e-14   5154.95 1 
  5046.43 1.3758e-14   5157.70 1 
  5049.12 1.3901e-14   5160.45 1 
  5051.81 1.4098e-14   5163.20 1 
  5054.50 1.4173e-14   5165.95 1 
  5057.19 1.4263e-14   5168.70 1 
  5059.88 1.4266e-14   5171.45 1 
  5062.58 1.4322e-14   5174.20 1 
  5065.27 1.4489e-14   5176.95 1 
  5067.96 1.4178e-14   5179.70 1 
  5070.65 1.4221e-14   5182.45 1 
  5073.34 1.3917e-14   5185.20 1 
  5076.03 1.3338e-14   5187.95 1 
  5078.72 1.3318e-14   5190.70 1 
  5081.41 1.3309e-14   5193.45 1 
  5084.10 1.2846e-14   5196.20 1 
  5086.79 1.3284e-14   5198.95 1 
  5089.48 1.3823e-14   5201.70 1 
  5092.17 1.3292e-14   5204.45 1 
  5094.86 1.3165e-14   5207.20 1 
  5097.55 1.3630e-14   5209.95 1 
  5100.24 1.3279e-14   5212.70 1 
  5102.94 1.3177e-14   5215.45 1 
  5105.63 1.3443e-14   5218.20 1 
  5108.32 1.2957e-14   5220.95 1 
  5111.01 1.3088e-14   5223.70 1 
  5113.70 1.3347e-14   5226.45 1 
  5116.39 1.3486e-14   5229.20 1 
  5119.08 1.3473e-14   5231.95 1 
  5121.77 1.3136e-14   5234.70 1 
  5124.46 1.2994e-14   5237.45 1 
  5127.15 1.2994e-14   5240.20 1 
  5129.84 1.2926e-14   5242.95 1 
  5132.53 1.2987e-14   5245.70 1 
  5135.22 1.3492e-14   5248.45 1 
  5137.91 1.3802e-14   5251.20 1 
  5140.60 1.3591e-14   5253.95 1 
  5143.30 1.3438e-14   5256.70 1 
  5145.99 1.3305e-14   5259.45 1 
  5148.68 1.3061e-14   5262.20 1 
  5151.37 1.3044e-14   5264.95 1 
  5154.06 1.3072e-14   5267.70 1 
  5156.75 1.3834e-14   5270.45 1 
  5159.44 1.3742e-14   5273.20 1 
  5162.13 1.3065e-14   5275.95 1 
  5164.82 1.2114e-14   5278.70 1 
  5167.51 1.1838e-14   5281.45 1 
  5170.20 1.1893e-14   5284.20 1 
  5172.89 1.1474e-14   5286.95 1 
  5175.58 1.1854e-14   5289.70 1 
  5178.27 1.1932e-14   5292.45 1 
  5180.97 1.1405e-14   5295.20 1 
  5183.66 1.1474e-14   5297.95 1 
  5186.35 1.2363e-14   5300.70 1 
  5189.04 1.2963e-14   5303.45 1 
  5191.73 1.2529e-14   5306.20 1 
  5194.42 1.3339e-14   5308.95 1 
  5197.11 1.4214e-14   5311.70 1 
  5199.80 1.3702e-14   5314.45 1 
  5202.49 1.3304e-14   5317.20 1 
  5205.18 1.3336e-14   5319.95 1 
  5207.87 1.2783e-14   5322.70 1 
  5210.56 1.2300e-14   5325.45 1 
  5213.25 1.2924e-14   5328.20 1 
  5215.94 1.3628e-14   5330.95 1 
  5218.63 1.4153e-14   5333.70 1 
  5221.33 1.3901e-14   5336.45 1 
  5224.02 1.4094e-14   5339.20 1 
  5226.71 1.3599e-14   5341.95 1 
  5229.40 1.3497e-14   5344.70 1 
  5232.09 1.3581e-14   5347.45 1 
  5234.78 1.3678e-14   5350.20 1 
  5237.47 1.4662e-14   5352.95 1 
  5240.16 1.4780e-14   5355.70 1 
  5242.85 1.4240e-14   5358.45 1 
  5245.54 1.3679e-14   5361.20 1 
  5248.23 1.3832e-14   5363.95 1 
  5250.92 1.3745e-14   5366.70 1 
  5253.61 1.4202e-14   5369.45 1 
  5256.30 1.3898e-14   5372.20 1 
  5258.99 1.4576e-14   5374.95 1 
  5261.69 1.3924e-14   5377.70 1 
  5264.38 1.3018e-14   5380.45 1 
  5267.07 1.3026e-14   5383.20 1 
  5269.76 1.3218e-14   5385.95 1 
  5272.45 1.2773e-14   5388.70 1 
  5275.14 1.3730e-14   5391.45 1 
  5277.83 1.3885e-14   5394.20 1 
  5280.52 1.3839e-14   5396.95 1 
  5283.21 1.4195e-14   5399.70 1 
  5285.90 1.4250e-14   5402.45 1 
  5288.59 1.4087e-14   5405.20 1 
  5291.28 1.4084e-14   5407.95 1 
  5293.97 1.3970e-14   5410.70 1 
  5296.66 1.4203e-14   5413.45 1 
  5299.35 1.3899e-14   5416.20 1 
  5302.05 1.3655e-14   5418.95 1 
  5304.74 1.4328e-14   5421.70 1 
  5307.43 1.4956e-14   5424.45 1 
  5310.12 1.4752e-14   5427.20 1 
  5312.81 1.4394e-14   5429.95 1 
  5315.50 1.4311e-14   5432.70 1 
  5318.19 1.4086e-14   5435.45 1 
  5320.88 1.4175e-14   5438.20 1 
  5323.57 1.3815e-14   5440.95 1 
  5326.26 1.3247e-14   5443.70 1 
  5328.95 1.2945e-14   5446.45 1 
  5331.64 1.3669e-14   5449.20 1 
  5334.33 1.3732e-14   5451.95 1 
  5337.02 1.3772e-14   5454.70 1 
  5339.71 1.4773e-14   5457.45 1 
  5342.41 1.4321e-14   5460.20 1 
  5345.10 1.3683e-14   5462.95 1 
  5347.79 1.3453e-14   5465.70 1 
  5350.48 1.4010e-14   5468.45 1 
  5353.17 1.4982e-14   5471.20 1 
  5355.86 1.4812e-14   5473.95 1 
  5358.55 1.4656e-14   5476.70 1 
  5361.24 1.5282e-14   5479.45 1 
  5363.93 1.4962e-14   5482.20 1 
  5366.62 1.5332e-14   5484.95 1 
  5369.31 1.4715e-14   5487.70 1 
  5372.00 1.4113e-14   5490.45 1 
  5374.69 1.4054e-14   5493.20 1 
  5377.38 1.4741e-14   5495.95 1 
  5380.07 1.5233e-14   5498.70 1 
  5382.77 1.4646e-14   5501.45 1 
  5385.46 1.5002e-14   5504.20 1 
  5388.15 1.4920e-14   5506.95 1 
  5390.84 1.3357e-14   5509.70 1 
  5393.53 1.4206e-14   5512.45 1 
  5396.22 1.3852e-14   5515.20 1 
  5398.91 1.3103e-14   5517.95 1 
  5401.60 1.3500e-14   5520.70 1 
  5404.29 1.2984e-14   5523.45 1 
  5406.98 1.2651e-14   5526.20 1 
  5409.67 1.3550e-14   5528.95 1 
  5412.36 1.3921e-14   5531.70 1 
  5415.05 1.4043e-14   5534.45 1 
  5417.74 1.4052e-14   5537.20 1 
  5420.44 1.4551e-14   5539.95 1 
  5423.13 1.5060e-14   5542.70 1 
  5425.82 1.4379e-14   5545.45 1 
  5428.51 1.4228e-14   5548.20 1 
  5431.20 1.3742e-14   5550.95 1 
  5433.89 1.3046e-14   5553.70 1 
  5436.58 1.3920e-14   5556.45 1 
  5439.27 1.2888e-14   5559.20 1 
  5441.96 1.4684e-14   5561.95 1 
  5444.65 1.4124e-14   5564.70 1 
  5447.34 1.4360e-14   5567.45 1 
  5450.03 1.4249e-14   5570.20 1 
  5452.72 1.3611e-14   5572.95 1 
  5455.41 1.3247e-14   5575.70 1 
  5458.10 1.4519e-14   5578.45 1 
  5460.80 1.4238e-14   5581.20 1 
  5463.49 1.4450e-14   5583.95 1 
  5466.18 1.3866e-14   5586.70 1 
  5468.87 1.3513e-14   5589.45 1 
  5471.56 1.4548e-14   5592.20 1 
  5474.25 1.4051e-14   5594.95 1 
  5476.94 1.3633e-14   5597.70 1 
  5479.63 1.4087e-14   5600.45 1 
  5482.32 1.3279e-14   5603.20 1 
  5485.01 1.3307e-14   5605.95 1 
  5487.70 1.4071e-14   5608.70 1 
  5490.39 1.3904e-14   5611.45 1 
  5493.08 1.3997e-14   5614.20 1 
  5495.77 1.3786e-14   5616.95 1 
  5498.46 1.4638e-14   5619.70 1 
  5501.16 1.4084e-14   5622.45 1 
  5503.85 1.4243e-14   5625.20 1 
  5506.54 1.3835e-14   5627.95 1 
  5509.23 1.3827e-14   5630.70 1 
  5511.92 1.4390e-14   5633.45 1 
  5514.61 1.3965e-14   5636.20 1 
  5517.30 1.3455e-14   5638.95 1 
  5519.99 1.4214e-14   5641.70 1 
  5522.68 1.4298e-14   5644.45 1 
  5525.37 1.3876e-14   5647.20 1 
  5528.06 1.3757e-14   5649.95 1 
  5530.75 1.3779e-14   5652.70 1 
  5533.44 1.4514e-14   5655.45 1 
  5536.13 1.5544e-14   5658.20 1 
  5538.82 1.3916e-14   5660.95 1 
  5541.52 1.5238e-14   5663.70 1 
  5544.21 1.4747e-14   5666.45 1 
  5546.90 1.4056e-14   5669.20 1 
  5549.59 1.5229e-14   5671.95 1 
  5552.28 1.4965e-14   5674.70 1 
  5554.97 1.5079e-14   5677.45 1 
  5557.66 1.4238e-14   5680.20 1 
  5560.35 1.3729e-14   5682.95 1 
  5563.04 1.4453e-14   5685.70 1 
  5565.73 1.4561e-14   5688.45 1 
  5568.42 1.3522e-14   5691.20 1 
  5571.11 1.4102e-14   5693.95 1 
  5573.80 1.3659e-14   5696.70 1 
  5576.49 1.4267e-14   5699.45 1 
  5579.18 1.4363e-14   5702.20 1 
  5581.88 1.4290e-14   5704.95 1 
  5584.57 1.4102e-14   5707.70 1 
  5587.26 1.5061e-14   5710.45 1 
  5589.95 1.3974e-14   5713.20 1 
  5592.64 1.3211e-14   5715.95 1 
  5595.33 1.3896e-14   5718.70 1 
  5598.02 1.3332e-14   5721.45 1 
  5600.71 1.3194e-14   5724.20 1 
  5603.40 1.3078e-14   5726.95 1 
  5606.09 1.3067e-14   5729.70 1 
  5608.78 1.3122e-14   5732.45 1 
  5611.47 1.4724e-14   5735.20 1 
  5614.16 1.4364e-14   5737.95 1 
  5616.85 1.4050e-14   5740.70 1 
  5619.54 1.3964e-14   5743.45 1 
  5622.24 1.4498e-14   5746.20 1 
  5624.93 1.4036e-14   5748.95 1 
  5627.62 1.4193e-14   5751.70 1 
  5630.31 1.4040e-14   5754.45 1 
  5633.00 1.4301e-14   5757.20 1 
  5635.69 1.4620e-14   5759.95 1 
  5638.38 1.3737e-14   5762.70 1 
  5641.07 1.3021e-14   5765.45 1 
  5643.76 1.4017e-14   5768.20 1 
  5646.45 1.4127e-14   5770.95 1 
  5649.14 1.4052e-14   5773.70 1 
  5651.83 1.3595e-14   5776.45 1 
  5654.52 1.4132e-14   5779.20 1 
  5657.21 1.4380e-14   5781.95 1 
  5659.90 1.3873e-14   5784.70 1 
  5662.60 1.3491e-14   5787.45 1 
  5665.29 1.4238e-14   5790.20 1 
  5667.98 1.4799e-14   5792.95 1 
  5670.67 1.3205e-14   5795.70 1 
  5673.36 1.4662e-14   5798.45 1 
  5676.05 1.4084e-14   5801.20 1 
  5678.74 1.4756e-14   5803.95 1 
  5681.43 1.4340e-14   5806.70 1 
  5684.12 1.4058e-14   5809.45 1 
  5686.81 1.4806e-14   5812.20 1 
  5689.50 1.4113e-14   5814.95 1 
  5692.19 1.3941e-14   5817.70 1 
  5694.88 1.4697e-14   5820.45 1 
  5697.57 1.4638e-14   5823.20 1 
  5700.27 1.5012e-14   5825.95 1 
  5702.96 1.5004e-14   5828.70 1 
  5705.65 1.3470e-14   5831.45 1 
  5708.34 1.3415e-14   5834.20 1 
  5711.03 1.3738e-14   5836.95 1 
  5713.72 1.3665e-14   5839.70 1 
  5716.41 1.3434e-14   5842.45 1 
  5719.10 1.3822e-14   5845.20 1 
  5721.79 1.4259e-14   5847.95 1 
  5724.48 1.4355e-14   5850.70 1 
  5727.17 1.4227e-14   5853.45 1 
  5729.86 1.4790e-14   5856.20 1 
  5732.55 1.4699e-14   5858.95 1 
  5735.24 1.4113e-14   5861.70 1 
  5737.93 1.3776e-14   5864.45 1 
  5740.63 1.5031e-14   5867.20 1 
  5743.32 1.5161e-14   5869.95 1 
  5746.01 1.4727e-14   5872.70 1 
  5748.70 1.3765e-14   5875.45 1 
  5751.39 1.4751e-14   5878.20 1 
  5754.08 1.4132e-14   5880.95 1 
  5756.77 1.4840e-14   5883.70 1 
  5759.46 1.3757e-14   5886.45 1 
  5762.15 1.4041e-14   5889.20 1 
  5764.84 1.4630e-14   5891.95 1 
  5767.53 1.4469e-14   5894.70 1 
  5770.22 1.5404e-14   5897.45 1 
  5772.91 1.4995e-14   5900.20 1 
  5775.60 1.4707e-14   5902.95 1 
  5778.29 1.4704e-14   5905.70 1 
  5780.99 1.4510e-14   5908.45 1 
  5783.68 1.4334e-14   5911.20 1 
  5786.37 1.4145e-14   5913.95 1 
  5789.06 1.4411e-14   5916.70 1 
  5791.75 1.3570e-14   5919.45 1 
  5794.44 1.4281e-14   5922.20 1 
  5797.13 1.4608e-14   5924.95 1 
  5799.82 1.5319e-14   5927.70 1 
  5802.51 1.4167e-14   5930.45 1 
  5805.20 1.3970e-14   5933.20 1 
  5807.89 1.3865e-14   5935.95 1 
  5810.58 1.4886e-14   5938.70 1 
  5813.27 1.4840e-14   5941.45 1 
  5815.96 1.4409e-14   5944.20 1 
  5818.65 1.4661e-14   5946.95 1 
  5821.35 1.4514e-14   5949.70 1 
  5824.04 1.4502e-14   5952.45 1 
  5826.73 1.3890e-14   5955.20 1 
  5829.42 1.4911e-14   5957.95 1 
  5832.11 1.5270e-14   5960.70 1 
  5834.80 1.5271e-14   5963.45 1 
  5837.49 1.5035e-14   5966.20 1 
  5840.18 1.4773e-14   5968.95 1 
  5842.87 1.4233e-14   5971.70 1 
  5845.56 1.4654e-14   5974.45 1 
  5848.25 1.5062e-14   5977.20 1 
  5850.94 1.4730e-14   5979.95 1 
  5853.63 1.4409e-14   5982.70 1 
  5856.32 1.3359e-14   5985.45 1 
  5859.01 1.3210e-14   5988.20 1 
  5861.71 1.3789e-14   5990.95 1 
  5864.40 1.3511e-14   5993.70 1 
  5867.09 1.3542e-14   5996.45 1 
  5869.78 1.4019e-14   5999.20 1 
  5872.47 1.4294e-14   6001.95 1 
  5875.16 1.4364e-14   6004.70 1 
  5877.85 1.4262e-14   6007.45 1 
  5880.54 1.4705e-14   6010.20 1 
  5883.23 1.4375e-14   6012.95 1 
  5885.92 1.4046e-14   6015.70 1 
  5888.61 1.3754e-14   6018.45 1 
  5891.30 1.3461e-14   6021.20 1 
  5893.99 1.3200e-14   6023.95 1 
  5896.68 1.2958e-14   6026.70 1 
  5899.37 1.3293e-14   6029.45 1 
  5902.07 1.4133e-14   6032.20 1 
  5904.76 1.3899e-14   6034.95 1 
  5907.45 1.3667e-14   6037.70 1 
  5910.14 1.3485e-14   6040.45 1 
  5912.83 1.3836e-14   6043.20 1 
  5915.52 1.4464e-14   6045.95 1 
  5918.21 1.3817e-14   6048.70 1 
  5920.90 1.3554e-14   6051.45 1 
  5923.59 1.4238e-14   6054.20 1 
  5926.28 1.4854e-14   6056.95 1 
  5928.97 1.4369e-14   6059.70 1 
  5931.66 1.4093e-14   6062.45 1 
  5934.35 1.5181e-14   6065.20 1 
  5937.04 1.4703e-14   6067.95 1 
  5939.73 1.4174e-14   6070.70 1 
  5942.43 1.3508e-14   6073.45 1 
  5945.12 1.3375e-14   6076.20 1 
  5947.81 1.4160e-14   6078.95 1 
  5950.50 1.4512e-14   6081.70 1 
  5953.19 1.3774e-14   6084.45 1 
  5955.88 1.3873e-14   6087.20 1 
  5958.57 1.4243e-14   6089.95 1 
  5961.26 1.3442e-14   6092.70 1 
  5963.95 1.3324e-14   6095.45 1 
  5966.64 1.4178e-14   6098.20 1 
  5969.33 1.5223e-14   6100.95 1 
  5972.02 1.3911e-14   6103.70 1 
  5974.71 1.4819e-14   6106.45 1 
  5977.40 1.4077e-14   6109.20 1 
  5980.10 1.3849e-14   6111.95 1 
  5982.79 1.4273e-14   6114.70 1 
  5985.48 1.3329e-14   6117.45 1 
  5988.17 1.3660e-14   6120.20 1 
  5990.86 1.4353e-14   6122.95 1 
  5993.55 1.4274e-14   6125.70 1 
  5996.24 1.5000e-14   6128.45 1 
  5998.93 1.5134e-14   6131.20 1 
  6001.62 1.4476e-14   6133.95 1 
  6004.31 1.4628e-14   6136.70 1 
  6007.00 1.3763e-14   6139.45 1 
  6009.69 1.3506e-14   6142.20 1 
  6012.38 1.3353e-14   6144.95 1 
  6015.07 1.3930e-14   6147.70 1 
  6017.76 1.3842e-14   6150.45 1 
  6020.46 1.3969e-14   6153.20 1 
  6023.15 1.4387e-14   6155.95 1 
  6025.84 1.4545e-14   6158.70 1 
  6028.53 1.5153e-14   6161.45 1 
  6031.22 1.4456e-14   6164.20 1 
  6033.91 1.5182e-14   6166.95 1 
  6036.60 1.5425e-14   6169.70 1 
  6039.29 1.4576e-14   6172.45 1 
  6041.98 1.3638e-14   6175.20 1 
  6044.67 1.3999e-14   6177.95 1 
  6047.36 1.5307e-14   6180.70 1 
  6050.05 1.4254e-14   6183.45 1 
  6052.74 1.4514e-14   6186.20 1 
  6055.43 1.4686e-14   6188.95 1 
  6058.12 1.5202e-14   6191.70 1 
  6060.82 1.4465e-14   6194.45 1 
  6063.51 1.4667e-14   6197.20 1 
  6066.20 1.5246e-14   6199.95 1 
  6068.89 1.5381e-14   6202.70 1 
  6071.58 1.4771e-14   6205.45 1 
  6074.27 1.4312e-14   6208.20 1 
  6076.96 1.4529e-14   6210.95 1 
  6079.65 1.4267e-14   6213.70 1 
  6082.34 1.4335e-14   6216.45 1 
  6085.03 1.2973e-14   6219.20 1 
  6087.72 1.3332e-14   6221.95 1 
  6090.41 1.3260e-14   6224.70 1 
  6093.10 1.4053e-14   6227.45 1 
  6095.79 1.3617e-14   6230.20 1 
  6098.48 1.4556e-14   6232.95 1 
  6101.18 1.3593e-14   6235.70 1 
  6103.87 1.2784e-14   6238.45 1 
  6106.56 1.3309e-14   6241.20 1 
  6109.25 1.3506e-14   6243.95 1 
  6111.94 1.3397e-14   6246.70 1 
  6114.63 1.4405e-14   6249.45 1 
  6117.32 1.4584e-14   6252.20 1 
  6120.01 1.5632e-14   6254.95 1 
  6122.70 1.5848e-14   6257.70 1 
  6125.39 1.4149e-14   6260.45 1 
  6128.08 1.3827e-14   6263.20 1 
  6130.77 1.4105e-14   6265.95 1 
  6133.46 1.3535e-14   6268.70 1 
  6136.15 1.3835e-14   6271.45 1 
  6138.84 1.3950e-14   6274.20 1 
  6141.54 1.3435e-14   6276.95 1 
  6144.23 1.4139e-14   6279.70 1 
  6146.92 1.4941e-14   6282.45 1 
  6149.61 1.4623e-14   6285.20 1 
  6152.30 1.3152e-14   6287.95 1 
  6154.99 1.3681e-14   6290.70 1 
  6157.68 1.2785e-14   6293.45 1 
  6160.37 1.3097e-14   6296.20 1 
  6163.06 1.3251e-14   6298.95 1 
  6165.75 1.3766e-14   6301.70 1 
  6168.44 1.3154e-14   6304.45 1 
  6171.13 1.3842e-14   6307.20 1 
  6173.82 1.2844e-14   6309.95 1 
  6176.51 1.3215e-14   6312.70 1 
  6179.20 1.4394e-14   6315.45 1 
  6181.90 1.3954e-14   6318.20 1 
  6184.59 1.3069e-14   6320.95 1 
  6187.28 1.3871e-14   6323.70 1 
  6189.97 1.3465e-14   6326.45 1 
  6192.66 1.4301e-14   6329.20 1 
  6195.35 1.2507e-14   6331.95 1 
  6198.04 1.2578e-14   6334.70 1 
  6200.73 1.3577e-14   6337.45 1 
  6203.42 1.4217e-14   6340.20 1 
  6206.11 1.4046e-14   6342.95 1 
  6208.80 1.3777e-14   6345.70 1 
  6211.49 1.3651e-14   6348.45 1 
  6214.18 1.4395e-14   6351.20 1 
  6216.87 1.4131e-14   6353.95 1 
  6219.57 1.3313e-14   6356.70 1 
  6222.26 1.3784e-14   6359.45 1 
  6224.95 1.3642e-14   6362.20 1 
  6227.64 1.3682e-14   6364.95 1 
  6230.33 1.3552e-14   6367.70 1 
  6233.02 1.2917e-14   6370.45 1 
  6235.71 1.2720e-14   6373.20 1 
  6238.40 1.3340e-14   6375.95 1 
  6241.09 1.2777e-14   6378.70 1 
  6243.78 1.2921e-14   6381.45 1 
  6246.47 1.3189e-14   6384.20 1 
  6249.16 1.3062e-14   6386.95 1 
  6251.85 1.2441e-14   6389.70 1 
  6254.54 1.2504e-14   6392.45 1 
  6257.23 1.3097e-14   6395.20 1 
  6259.93 1.2385e-14   6397.95 1 
  6262.62 1.3015e-14   6400.70 1 
  6265.31 1.2951e-14   6403.45 1 
  6268.00 1.2536e-14   6406.20 1 
  6270.69 1.3970e-14   6408.95 1 
  6273.38 1.3391e-14   6411.70 1 
  6276.07 1.3869e-14   6414.45 1 
  6278.76 1.4261e-14   6417.20 1 
  6281.45 1.3975e-14   6419.95 1 
  6284.14 1.3332e-14   6422.70 1 
  6286.83 1.3650e-14   6425.45 1 
  6289.52 1.3106e-14   6428.20 1 
  6292.21 1.4083e-14   6430.95 1 
  6294.90 1.3568e-14   6433.70 1 
  6297.59 1.3734e-14   6436.45 1 
  6300.29 1.3615e-14   6439.20 1 
  6302.98 1.4413e-14   6441.95 1 
  6305.67 1.4017e-14   6444.70 1 
  6308.36 1.3807e-14   6447.45 1 
  6311.05 1.5184e-14   6450.20 1 
  6313.74 1.3791e-14   6452.95 1 
  6316.43 1.3874e-14   6455.70 1 
  6319.12 1.3193e-14   6458.45 1 
  6321.81 1.4275e-14   6461.20 1 
  6324.50 1.3611e-14   6463.95 1 
  6327.19 1.5644e-14   6466.70 1 
  6329.88 1.3857e-14   6469.45 1 
  6332.57 1.3565e-14   6472.20 1 
  6335.26 1.3054e-14   6474.95 1 
  6337.95 1.2863e-14   6477.70 1 
  6340.65 1.3609e-14   6480.45 1 
  6343.34 1.3283e-14   6483.20 1 
  6346.03 1.4060e-14   6485.95 1 
  6348.72 1.4362e-14   6488.70 1 
  6351.41 1.4566e-14   6491.45 1 
  6354.10 1.3956e-14   6494.20 1 
  6356.79 1.4451e-14   6496.95 1 
  6359.48 1.4712e-14   6499.70 1 
  6362.17 1.3742e-14   6502.45 1 
  6364.86 1.3909e-14   6505.20 1 
  6367.55 1.3981e-14   6507.95 1 
  6370.24 1.3902e-14   6510.70 1 
  6372.93 1.3152e-14   6513.45 1 
  6375.62 1.3947e-14   6516.20 1 
  6378.31 1.4249e-14   6518.95 1 
  6381.01 1.3783e-14   6521.70 1 
  6383.70 1.3372e-14   6524.45 1 
  6386.39 1.5196e-14   6527.20 1 
  6389.08 1.5154e-14   6529.95 1 
  6391.77 1.4004e-14   6532.70 1 
  6394.46 1.3115e-14   6535.45 1 
  6397.15 1.3404e-14   6538.20 1 
  6399.84 1.3931e-14   6540.95 1 
  6402.53 1.3778e-14   6543.70 1 
  6405.22 1.4271e-14   6546.45 1 
  6407.91 1.3760e-14   6549.20 1 
  6410.60 1.3734e-14   6551.95 1 
  6413.29 1.2743e-14   6554.70 1 
  6415.98 1.2390e-14   6557.45 1 
  6418.67 1.3140e-14   6560.20 1 
  6421.37 1.3399e-14   6562.95 1 
  6424.06 1.4159e-14   6565.70 1 
  6426.75 1.2442e-14   6568.45 1 
  6429.44 1.3883e-14   6571.20 1 
  6432.13 1.4016e-14   6573.95 1 
  6434.82 1.5140e-14   6576.70 1 
  6437.51 1.3886e-14   6579.45 1 
  6440.20 1.3030e-14   6582.20 1 
  6442.89 1.2355e-14   6584.95 1 
  6445.58 1.4008e-14   6587.70 1 
  6448.27 1.3037e-14   6590.45 1 
  6450.96 1.2999e-14   6593.20 1 
  6453.65 1.2164e-14   6595.95 1 
  6456.34 1.3157e-14   6598.70 1 
  6459.03 1.4373e-14   6601.45 1 
  6461.73 1.4220e-14   6604.20 1 
  6464.42 1.3729e-14   6606.95 1 
  6467.11 1.3829e-14   6609.70 1 
  6469.80 1.4165e-14   6612.45 1 
  6472.49 1.3185e-14   6615.20 1 
  6475.18 1.3878e-14   6617.95 1 
  6477.87 1.4962e-14   6620.70 1 
  6480.56 1.4402e-14   6623.45 1 
  6483.25 1.3536e-14   6626.20 1 
  6485.94 1.3640e-14   6628.95 1 
  6488.63 1.3915e-14   6631.70 1 
  6491.32 1.3736e-14   6634.45 1 
  6494.01 1.3066e-14   6637.20 1 
  6496.70 1.3111e-14   6639.95 1 
  6499.40 1.3181e-14   6642.70 1 
  6502.09 1.3059e-14   6645.45 1 
  6504.78 1.2515e-14   6648.20 1 
  6507.47 1.4289e-14   6650.95 1 
  6510.16 1.4428e-14   6653.70 1 
  6512.85 1.4174e-14   6656.45 1 
  6515.54 1.2588e-14   6659.20 1 
  6518.23 1.3036e-14   6661.95 1 
  6520.92 1.3971e-14   6664.70 1 
  6523.61 1.4987e-14   6667.45 1 
  6526.30 1.4351e-14   6670.20 1 
  6528.99 1.3480e-14   6672.95 1 
  6531.68 1.3017e-14   6675.70 1 
  6534.37 1.4225e-14   6678.45 1 
  6537.06 1.4535e-14   6681.20 1 
  6539.76 1.4095e-14   6683.95 1 
  6542.45 1.4921e-14   6686.70 1 
  6545.14 1.5760e-14   6689.45 1 
  6547.83 1.5555e-14   6692.20 1 
  6550.52 1.5096e-14   6694.95 1 
  6553.21 1.5872e-14   6697.70 1 
  6555.90 1.7303e-14   6700.45 1 
  6558.59 1.9018e-14   6703.20 1 
  6561.28 2.0569e-14   6705.95 1 
  6563.97 2.0038e-14   6708.70 1 
  6566.66 1.8828e-14   6711.45 1 
  6569.35 1.6749e-14   6714.20 1 
  6572.04 1.4782e-14   6716.95 1 
  6574.73 1.4707e-14   6719.70 1 
  6577.42 1.5526e-14   6722.45 1 
  6580.12 1.7872e-14   6725.20 1 
  6582.81 1.8703e-14   6727.95 1 
  6585.50 1.9270e-14   6730.70 1 
  6588.19 1.7469e-14   6733.45 1 
  6590.88 1.5948e-14   6736.20 1 
  6593.57 1.5790e-14   6738.95 1 
  6596.26 1.4218e-14   6741.70 1 
  6598.95 1.2608e-14   6744.45 1 
  6601.64 1.2753e-14   6747.20 1 
  6604.33 1.2760e-14   6749.95 1 
  6607.02 1.3605e-14   6752.70 1 
  6609.71 1.3392e-14   6755.45 1 
  6612.40 1.3597e-14   6758.20 1 
  6615.09 1.3682e-14   6760.95 1 
  6617.78 1.3666e-14   6763.70 1 
  6620.48 1.3795e-14   6766.45 1 
  6623.17 1.3859e-14   6769.20 1 
  6625.86 1.3919e-14   6771.95 1 
  6628.55 1.3598e-14   6774.70 1 
  6631.24 1.3305e-14   6777.45 1 
  6633.93 1.3644e-14   6780.20 1 
  6636.62 1.3364e-14   6782.95 1 
  6639.31 1.3302e-14   6785.70 1 
  6642.00 1.3224e-14   6788.45 1 
  6644.69 1.2925e-14   6791.20 1 
  6647.38 1.2709e-14   6793.95 1 
  6650.07 1.3557e-14   6796.70 1 
  6652.76 1.3677e-14   6799.45 1 
  6655.45 1.2512e-14   6802.20 1 
  6658.14 1.2578e-14   6804.95 1 
  6660.84 1.2916e-14   6807.70 1 
  6663.53 1.3447e-14   6810.45 1 
  6666.22 1.3899e-14   6813.20 1 
  6668.91 1.3569e-14   6815.95 1 
  6671.60 1.3333e-14   6818.70 1 
  6674.29 1.3620e-14   6821.45 1 
  6676.98 1.2845e-14   6824.20 1 
  6679.67 1.4516e-14   6826.95 1 
  6682.36 1.3175e-14   6829.70 1 
  6691.57 1.3652e-14   6839.12 0 
  6707.00 1.3653e-14   6854.88 0 
  6722.46 1.3010e-14   6870.68 0 
  6737.96 1.3500e-14   6886.52 0 
  6753.49 1.3285e-14   6902.40 0 
  6769.06 1.3565e-14   6918.31 0 
  6784.66 1.3692e-14   6934.26 0 
  6800.30 1.3259e-14   6950.24 0 
  6815.98 1.3414e-14   6966.26 0 
  6831.69 1.3696e-14   6982.33 0 
  6847.44 1.2961e-14   6998.42 0 
  6863.22 1.3052e-14   7014.55 0 
  6879.05 1.3054e-14   7030.72 0 
  6894.91 1.3085e-14   7046.93 0 
  6910.80 1.3147e-14   7063.18 0 
  6926.73 1.3179e-14   7079.46 0 
  6942.70 1.3518e-14   7095.78 0 
  6958.70 1.3426e-14   7112.14 0 
  6974.74 1.3868e-14   7128.53 0 
  6990.82 1.3837e-14   7144.96 0 
  7006.94 1.3338e-14   7161.43 0 
  7023.09 1.2946e-14   7177.94 0 
  7039.28 1.3746e-14   7194.49 0 
  7055.51 1.4363e-14   7211.08 0 
  7071.77 1.3100e-14   7227.70 0 
  7088.07 1.3593e-14   7244.36 0 
  7104.42 1.2834e-14   7261.06 0 
  7120.79 1.2747e-14   7277.80 0 
  7137.21 1.2203e-14   7294.57 0 
  7153.66 1.2403e-14   7311.39 0 
  7170.15 1.2577e-14   7328.25 0 
  7186.68 1.2348e-14   7345.14 0 
  7203.25 1.2435e-14   7362.07 0 
  7219.85 1.2903e-14   7379.04 0 
  7236.49 1.3054e-14   7396.05 0 
  7253.18 1.2847e-14   7413.10 0 
  7269.90 1.2730e-14   7430.19 0 
  7286.66 1.3089e-14   7447.32 0 
  7303.45 1.3613e-14   7464.49 0 
  7320.29 1.3335e-14   7481.70 0 
  7337.16 1.3491e-14   7498.94 0 
  7354.08 1.3680e-14   7516.23 0 
  7371.03 1.3278e-14   7533.56 0 
  7388.02 1.4002e-14   7550.92 0 
  7405.05 1.3939e-14   7568.33 0 
  7422.13 1.3344e-14   7585.78 0 
  7439.24 1.3719e-14   7603.26 0 
  7456.38 1.3816e-14   7620.79 0 
  7473.57 1.4074e-14   7638.36 0 
  7490.80 1.3819e-14   7655.97 0 
  7508.07 1.4110e-14   7673.61 0 
  7525.38 1.4275e-14   7691.30 0 
  7542.73 1.4375e-14   7709.04 0 
  7560.11 1.4082e-14   7726.81 0 
  7577.54 1.3827e-14   7744.62 0 
  7595.01 1.3607e-14   7762.47 0 
  7612.52 1.3391e-14   7780.37 0 
  7630.06 1.3548e-14   7798.30 0 
  7647.65 1.3394e-14   7816.28 0 
  7665.29 1.2911e-14   7834.30 0 
  7682.95 1.3002e-14   7852.36 0 
  7700.66 1.2974e-14   7870.46 0 
  7718.42 1.2945e-14   7888.60 0 
  7736.21 1.2917e-14   7906.79 0 
  7754.04 1.2451e-14   7925.01 0 
  7771.92 1.2980e-14   7943.28 0 
  7789.84 1.2744e-14   7961.59 0 
  7807.79 1.2717e-14   7979.95 0 
  7825.79 1.3317e-14   7998.34 0 
  7843.83 1.2603e-14   8016.78 0 
  7861.91 1.3047e-14   8035.26 0 
  7880.04 1.3019e-14   8053.78 0 
  7898.20 1.3202e-14   8072.35 0 
  7916.41 1.2726e-14   8090.96 0 
  7934.66 1.2756e-14   8109.61 0 
  7952.95 1.2128e-14   8128.31 0 
  7971.28 1.2730e-14   8147.04 0 
  7989.66 1.2968e-14   8165.82 0 
  8008.08 1.2558e-14   8184.65 0 
  8026.54 1.3304e-14   8203.52 0 
  8045.04 1.3522e-14   8222.43 0 
  8063.58 1.3431e-14   8241.38 0 
  8082.18 1.2917e-14   8260.38 0 
  8100.81 1.2451e-14   8279.42 0 
  8119.48 1.3221e-14   8298.51 0 
  8138.20 1.3345e-14   8317.64 0 
  8156.96 1.2893e-14   8336.81 0 
  8175.76 1.2984e-14   8356.03 0 
  8194.61 1.2487e-14   8375.29 0 
  8213.50 1.3198e-14   8394.60 0 
  8232.43 1.2989e-14   8413.95 0 
  8251.41 1.3232e-14   8433.35 0 
  8270.43 1.3604e-14   8452.79 0 
  8289.50 1.3054e-14   8472.27 0 
  8308.61 1.2965e-14   8491.80 0 
  8327.76 1.2730e-14   8511.38 0 
  8346.96 1.2500e-14   8531.00 0 
  8366.20 1.3030e-14   8550.67 0 
  8385.49 1.2677e-14   8570.38 0 
  8404.82 1.2737e-14   8590.14 0 
  8424.19 1.3005e-14   8609.94 0 
  8443.61 1.2055e-14   8629.79 0 
  8463.08 1.2596e-14   8649.68 0 
  8482.59 1.2655e-14   8669.62 0 
  8502.14 1.2599e-14   8689.60 0 
  8521.74 1.2342e-14   8709.64 0 
  8541.38 1.2401e-14   8729.71 0 
  8561.07 1.2488e-14   8749.84 0 
  8580.81 1.2576e-14   8770.01 0 
  8600.59 1.2463e-14   8790.23 0 
  8620.42 1.2041e-14   8810.49 0 
  8640.29 1.2552e-14   8830.80 0 
  8660.21 1.2184e-14   8851.16 0 
  8680.17 1.2018e-14   8871.56 0 
  8700.18 1.1937e-14   8892.01 0 
  8720.24 1.2245e-14   8912.51 0 
  8740.34 1.2618e-14   8933.05 0 
  8760.49 1.1997e-14   8953.65 0 
  8780.68 1.2363e-14   8974.29 0 
  8800.92 1.2336e-14   8994.98 0 
  8821.21 1.2712e-14   9015.71 0 
  8841.55 1.2714e-14   9036.50 0 
  8861.93 1.2628e-14   9057.33 0 
  8882.36 1.1869e-14   9078.20 0 
  8902.84 1.2008e-14   9099.13 0 
  8923.36 1.2204e-14   9120.11 0 
  8943.93 1.2262e-14   9141.13 0 
  8964.54 1.1793e-14   9162.20 0 
  8985.21 1.1606e-14   9183.33 0 
  9005.92 1.2352e-14   9204.50 0 
  9026.68 1.0834e-14   9225.71 0 
  9047.50 1.2731e-14   9246.98 0 
  9068.35 1.2733e-14   9268.30 0 
  9089.25 1.1428e-14   9289.66 0 
  9110.21 1.1536e-14   9311.08 0 
  9131.21 1.2221e-14   9332.54 0 
  9152.26 1.1835e-14   9354.06 0 
  9173.35 1.2029e-14   9375.62 0 
  9194.50 1.1811e-14   9397.23 0 
  9215.70 1.1922e-14   9418.90 0 
  9236.94 1.1519e-14   9440.61 0 
  9258.24 1.1680e-14   9462.37 0 
  9279.58 1.2403e-14   9484.18 0 
  9300.97 1.1738e-14   9506.05 0 
  9322.41 1.2349e-14   9527.96 0 
  9343.90 1.2322e-14   9549.93 0 
  9365.44 1.2127e-14   9571.94 0 
  9387.03 1.2326e-14   9594.01 0 
  9408.67 1.2075e-14   9616.12 0 
  9430.36 1.2443e-14   9638.29 0 
  9452.10 1.2274e-14   9660.51 0 
  9473.89 1.2591e-14   9682.78 0 
  9495.73 1.2622e-14   9705.10 0 
  9517.62 1.2280e-14   9727.47 0 
  9539.56 1.2366e-14   9749.90 0 
  9561.55 1.2311e-14   9772.37 0 
  9583.59 1.2571e-14   9794.90 0 
  9605.69 1.2400e-14   9817.48 0 
  9627.83 1.2459e-14   9840.11 0 
  9650.02 1.2262e-14   9862.79 0 
  9672.26 1.2264e-14   9885.53 0 
  9694.56 1.2436e-14   9908.32 0 
  9716.91 1.2211e-14   9931.16 0 
  9739.31 1.2073e-14   9954.05 0 
  9761.76 1.2102e-14   9977.00 0 
  9784.27 1.1965e-14  10000.00 0 
  9806.82 1.2274e-14  10023.05 0 
  9829.43 1.2163e-14  10046.15 0 
  9852.08 1.2250e-14  10069.31 0 
  9874.80 1.2167e-14  10092.53 0 
  9897.57 1.2141e-14  10115.80 0 
  9920.38 1.2059e-14  10139.12 0 
  9943.25 1.2229e-14  10162.49 0 
  9966.17 1.2259e-14  10185.91 0 
  9989.14 1.2204e-14  10209.39 0 
 10035.26 1.2292e-14  10256.52 0 
 10081.57 1.2127e-14  10303.86 0 
 10128.10 1.2442e-14  10351.42 0 
 10174.86 1.2360e-14  10399.21 0 
 10221.82 1.2507e-14  10447.20 0 
 10269.00 1.2627e-14  10495.42 0 
 10292.67 1.2599e-14  10519.62 0 
 10508.20 1.2157e-14  10739.90 0 
 10703.56 1.1557e-14  10939.56 0 
 10902.55 1.1320e-14  11142.94 0 
 11105.24 1.0662e-14  11350.10 0 
 11311.72 1.0638e-14  11561.13 0 
 11495.52 1.0711e-14  11748.98 0 
 11709.23 1.0467e-14  11967.41 0 
 11899.49 9.8592e-15  12161.86 0 
 12092.84 9.8819e-15  12359.47 0 
 12289.33 9.7913e-15  12560.30 0 
 12489.02 9.4371e-15  12764.39 0 
 12691.95 9.2436e-15  12971.79 0 
 12898.17 9.0958e-15  13182.56 0 
 13107.75 8.9504e-15  13396.76 0 
 13290.10 8.6266e-15  13583.13 0 
 13506.04 8.4109e-15  13803.84 0 
 13693.93 8.2573e-15  13995.87 0 
 13884.44 7.8676e-15  14190.57 0 
 14110.04 7.4446e-15  14421.15 0 
 14306.33 7.3594e-15  14621.77 0 
 14505.35 7.4446e-15  14825.18 0 
 14707.14 7.1588e-15  15031.42 0 
 14911.74 7.2919e-15  15240.53 0 
 15084.42 7.3933e-15  15417.01 0 
 15294.24 7.5656e-15  15631.47 0 
 15507.01 7.4962e-15  15848.92 0 
 15686.58 7.3256e-15  16032.45 0 
 15904.80 7.0443e-15  16255.49 0 
 16088.97 7.0281e-15  16443.72 0 
 16312.80 7.0120e-15  16672.48 0 
 16501.69 6.9477e-15  16865.54 0 
 16692.76 6.9637e-15  17060.82 0 
 16886.06 6.9317e-15  17258.38 0 
 17081.59 6.8366e-15  17458.23 0 
 17319.22 6.5742e-15  17701.10 0 
 17519.76 6.3510e-15  17906.05 0 
 17681.87 6.0373e-15  18071.74 0 
 17886.62 5.7523e-15  18281.01 0 
 18093.75 5.4305e-15  18492.70 0 
 18303.25 5.2704e-15  18706.81 0 
 18515.19 5.0680e-15  18923.43 0 
 18686.52 4.8066e-15  19098.54 0 
 18902.88 4.6864e-15  19319.67 0 
 19121.77 4.6434e-15  19543.39 0 
 19298.71 4.5169e-15  19724.23 0 
 19522.19 4.3435e-15  19952.63 0 
 19702.81 4.1864e-15  20137.24 0 
 19885.13 4.0536e-15  20323.57 0 
 20115.39 3.9980e-15  20558.92 0 
 20301.50 3.8712e-15  20749.13 0 
 20489.36 3.8445e-15  20941.13 0 
 20678.93 3.7743e-15  21134.88 0 
 20918.39 3.7054e-15  21379.62 0 
 21111.95 3.6630e-15  21577.45 0 
 21307.28 3.5962e-15  21777.09 0 
 21504.45 3.5387e-15  21978.60 0 
 21703.44 3.4343e-15  22181.97 0 
 21904.24 3.3794e-15  22387.21 0 
 22106.93 3.2798e-15  22594.36 0 
 22311.46 3.1977e-15  22803.41 0 
 22517.92 3.1249e-15  23014.42 0 
 22673.99 3.0398e-15  23173.93 0 
 22883.81 2.7217e-15  23388.37 0 
 23095.56 2.6844e-15  23604.79 0 
 23309.24 2.3488e-15  23823.19 0 
 23524.93 2.1971e-15  24043.63 0 
 23687.98 2.2276e-15  24210.28 0 
 23907.18 2.0457e-15  24434.31 0 
 24072.88 1.9581e-15  24603.66 0 
 24295.64 1.9136e-15  24831.33 0 
 24520.45 1.7573e-15  25061.10 0 
 24690.41 1.7055e-15  25234.80 0 
 24918.87 1.4284e-15  25468.31 0 
 25091.59 1.4023e-15  25644.84 0 
 25323.77 1.4055e-15  25882.13 0 
 25499.30 1.3926e-15  26061.53 0 
 25676.06 1.4218e-15  26242.20 0 
 25913.62 1.3959e-15  26484.99 0 
 26093.26 1.3926e-15  26668.59 0 
 26274.12 1.3578e-15  26853.44 0 
 26517.24 1.3423e-15  27101.92 0 
 26701.04 1.3178e-15  27289.77 0 
 26886.14 1.2997e-15  27478.95 0 
 27072.49 1.2789e-15  27669.41 0 
 27323.00 1.2527e-15  27925.45 0 
 27512.38 1.2327e-15  28119.00 0 
 27703.10 1.2046e-15  28313.93 0 
 27895.12 1.1881e-15  28510.18 0 
 28088.50 1.1664e-15  28707.82 0 
 28283.18 1.1477e-15  28906.80 0 
 28479.25 1.1268e-15  29107.19 0 
 28676.64 1.1037e-15  29308.93 0 
 28875.40 1.0885e-15  29512.08 0 
 29075.58 1.0687e-15  29716.66 0 
 29277.10 1.0467e-15  29922.63 0 
 29480.06 1.0300e-15  30130.07 0 
 29684.39 1.0159e-15  30338.90 0 
 29890.17 9.9504e-16  30549.22 0 
 30097.35 9.8139e-16  30760.96 0 
 30305.99 9.6570e-16  30974.21 0 
 30516.04 9.5684e-16  31188.89 0 
 30727.59 9.4589e-16  31405.10 0 
 30869.41 9.3506e-16  31550.05 0 
 31083.37 9.2649e-16  31768.73 0 
 31298.85 9.1800e-16  31988.96 0 
 31515.79 9.0540e-16  32210.68 0 
 31734.26 8.9710e-16  32433.97 0 
 31880.73 8.9092e-16  32583.67 0 
 32101.71 8.8683e-16  32809.52 0 
 32324.24 8.8683e-16  33036.96 0 
 32473.43 8.9710e-16  33189.44 0 
 32698.55 9.3938e-16  33419.52 0 
 32925.18 1.0662e-15  33651.15 0 
 33077.15 1.0564e-15  33806.47 0 
 33306.45 9.0540e-16  34040.82 0 
 33537.30 8.4497e-16  34276.77 0 
 33692.13 8.1441e-16  34435.01 0 
 33925.66 7.9404e-16  34673.68 0 
 34082.24 7.7596e-16  34833.72 0 
 34318.51 7.6356e-16  35075.20 0 
 34476.90 7.4962e-16  35237.08 0 
 34715.90 7.3594e-16  35481.36 0 
 34876.13 7.2417e-16  35645.12 0 
 35117.87 7.1259e-16  35892.18 0 
 35279.99 6.9959e-16  36057.88 0 
 35524.52 6.8999e-16  36307.80 0 
 35688.48 6.7739e-16  36475.38 0 
 35935.88 6.6656e-16  36728.23 0 
 36101.75 6.5590e-16  36897.75 0 
 36268.37 6.4542e-16  37068.05 0 
 36519.79 6.3364e-16  37325.02 0 
 36688.35 6.2351e-16  37497.29 0 
 36857.72 6.1072e-16  37670.40 0 
 37113.19 5.9957e-16  37931.50 0 
 37284.48 5.9134e-16  38106.57 0 
 37542.95 5.7922e-16  38370.73 0 
 37716.23 5.7259e-16  38547.83 0 
 37890.31 5.6214e-16  38725.75 0 
 38065.23 5.5315e-16  38904.53 0 
 38329.07 5.4430e-16  39174.18 0 
 38505.97 5.3560e-16  39354.99 0 
 38683.73 5.2462e-16  39536.67 0 
 38862.28 5.1623e-16  39719.15 0 
 39131.68 5.0797e-16  39994.50 0 
 39312.29 4.9985e-16  40179.09 0 
 39493.74 4.8960e-16  40364.54 0 
 39676.02 4.8177e-16  40550.84 0 
 39859.18 4.7189e-16  40738.04 0 
 40135.46 4.6542e-16  41020.40 0 
 40320.70 4.5797e-16  41209.73 0 
 40506.84 4.4961e-16  41399.98 0 
 40693.80 4.4243e-16  41591.06 0 
 40881.62 4.3535e-16  41783.02 0 
 41070.35 4.2938e-16  41975.91 0 
 41259.91 4.2349e-16  42169.65 0 
 41545.89 4.1576e-16  42461.93 0 
 41737.69 4.1005e-16  42657.96 0 
 41930.33 4.0350e-16  42854.85 0 
 42123.86 3.9705e-16  43052.64 0 
 42318.32 3.9250e-16  43251.40 0 
 42513.64 3.8623e-16  43451.02 0 
 42709.86 3.8093e-16  43651.57 0 
 42907.03 3.6715e-16  43853.09 0 
 43105.07 3.5387e-16  44055.49 0 
 43304.02 3.5224e-16  44258.83 0 
 43503.88 3.4107e-16  44463.10 0 
 43704.72 3.3407e-16  44668.37 0 
 43906.44 3.2873e-16  44874.54 0 
 44109.09 3.1977e-16  45081.65 0 
 44312.72 3.1538e-16  45289.77 0 
 44517.24 3.1106e-16  45498.80 0 
 44722.71 3.0398e-16  45708.80 0 
 44929.18 3.0188e-16  45919.82 0 
 45136.55 2.9706e-16  46131.76 0 
 45344.87 2.9231e-16  46344.68 0 
 45449.39 2.8963e-16  46451.51 0 
 45659.21 2.8631e-16  46665.95 0 
 45869.95 2.7980e-16  46881.34 0 
 46081.66 2.7915e-16  47097.72 0 
 46294.40 2.7532e-16  47315.15 0 
 46508.07 2.7217e-16  47533.53 0 
 46722.73 2.7030e-16  47752.92 0 
 46938.43 2.6659e-16  47973.37 0 
 47046.62 2.6293e-16  48083.95 0 
 47263.76 2.6233e-16  48305.88 0 
 47481.91 2.5813e-16  48528.84 0 
 47701.11 2.5576e-16  48752.87 0 
 47921.27 2.5342e-16  48977.89 0 
 48142.45 2.4879e-16  49203.95 0 
 48253.42 2.4879e-16  49317.36 0 
 48476.19 2.4538e-16  49545.04 0 
 48699.93 2.4201e-16  49773.71 0 
 48924.70 2.3981e-16  50003.44 0 
 49150.56 2.3793e-16  50234.29 0 
 49263.86 2.3672e-16  50350.08 0 
 49491.23 2.3433e-16  50582.46 0 
 49719.66 2.3411e-16  50815.93 0 
 49949.19 2.3174e-16  51050.52 0 
 50064.33 2.3057e-16  51168.20 0 
 50295.40 2.2929e-16  51404.36 0 
 50527.54 2.2698e-16  51641.62 0 
 50644.06 2.2583e-16  51760.71 0 
 50760.80 2.2521e-16  51880.02 0 
 50877.80 2.2562e-16  51999.61 0 
 50995.08 2.2500e-16  52119.47 0 
 51112.63 2.2386e-16  52239.61 0 
 51230.45 2.2324e-16  52360.03 0 
 51348.53 2.2263e-16  52480.72 0 
 51466.96 2.2201e-16  52601.75 0 
 51585.59 2.2140e-16  52723.00 0 
 51704.50 2.2130e-16  52844.53 0 
 51823.68 2.2069e-16  52966.34 0 
 51943.14 2.1957e-16  53088.43 0 
 52062.87 2.1897e-16  53210.80 0 
 52182.94 2.1837e-16  53333.52 0 
 52303.22 2.1776e-16  53456.46 0 
 52423.78 2.1716e-16  53579.68 0 
 52544.63 2.1707e-16  53703.18 0 
 52665.75 2.1747e-16  53826.97 0 
 52787.14 2.1687e-16  53951.05 0 
 52908.82 2.1627e-16  54075.41 0 
 53030.84 2.1518e-16  54200.11 0 
 53153.08 2.1509e-16  54325.05 0 
 53275.60 2.1499e-16  54450.27 0 
 53398.40 2.1489e-16  54575.79 0 
 53521.49 2.1430e-16  54701.59 0 
 53644.86 2.1421e-16  54827.68 0 
 53768.52 2.1411e-16  54954.06 0 
 53892.52 2.1402e-16  55080.79 0 
 54016.74 2.1392e-16  55207.76 0 
 54141.26 2.1334e-16  55335.02 0 
 54266.05 2.1324e-16  55462.57 0 
 54391.14 2.1266e-16  55590.41 0 
 54516.52 2.1305e-16  55718.55 0 
 54642.24 2.1296e-16  55847.05 0 
 54768.19 2.1238e-16  55975.78 0 
 54894.44 2.1278e-16  56104.81 0 
 55020.98 2.1268e-16  56234.13 0 
 55147.80 2.1259e-16  56363.76 0 
 55274.92 2.1348e-16  56493.68 0 
 55402.34 2.1388e-16  56623.90 0 
 55530.10 2.1329e-16  56754.48 0 
 55658.10 2.1369e-16  56885.31 0 
 55786.40 2.1459e-16  57016.43 0 
 55914.99 2.1449e-16  57147.86 0 
 56043.88 2.1539e-16  57279.59 0 
 56173.06 2.1579e-16  57411.62 0 
 56302.61 2.1620e-16  57544.02 0 
 56432.39 2.1710e-16  57676.67 0 
 56562.47 2.1801e-16  57809.62 0 
 56692.85 2.1893e-16  57942.87 0 
 56823.53 2.1984e-16  58076.43 0 
 56954.51 2.2026e-16  58210.30 0 
 57085.80 2.2220e-16  58344.48 0 
 57217.45 2.2365e-16  58479.04 0 
 57349.34 2.2510e-16  58613.83 0 
 57481.53 2.2657e-16  58748.94 0 
 57614.03 2.2857e-16  58884.36 0 
 57746.83 2.3005e-16  59020.09 0 
 57879.95 2.3262e-16  59156.14 0 
 58013.36 2.3522e-16  59292.50 0 
 58147.15 2.3729e-16  59429.24 0 
 58281.18 2.4049e-16  59566.23 0 
 58415.53 2.4374e-16  59703.53 0 
 58550.18 2.4760e-16  59841.15 0 
 58685.14 2.5094e-16  59979.09 0 
 58820.42 2.5550e-16  60117.35 0 
 58956.07 2.5954e-16  60255.99 0 
 59179.52 2.3183e-16  60484.37 3 
 59482.69 2.8026e-16  60794.22 3 
 59785.85 3.1008e-16  61104.07 3 
 60089.03 3.3808e-16  61413.93 3 
 60392.19 3.3771e-16  61723.78 3 
 60695.36 3.5266e-16  62033.63 3 
 60998.53 4.1152e-16  62343.49 3 
 61301.70 5.4568e-16  62653.34 3 
 61604.87 7.5623e-16  62963.19 3 
 61908.04 9.5947e-16  63273.05 3 
 62211.21 1.0189e-15  63582.90 3 
 62514.38 9.1925e-16  63892.76 3 
 62817.55 7.5752e-16  64202.61 3 
 63120.71 6.2775e-16  64512.46 3 
 63423.89 5.5001e-16  64822.32 3 
 63727.05 4.8718e-16  65132.17 3 
 64030.22 4.2553e-16  65442.02 3 
 64333.40 3.7463e-16  65751.88 3 
 64636.56 3.5271e-16  66061.73 3 
 64939.72 3.3742e-16  66371.58 3 
 65242.90 3.2475e-16  66681.45 3 
 65546.06 3.1780e-16  66991.29 3 
 65849.23 3.3639e-16  67301.14 3 
 66152.41 3.3245e-16  67611.00 3 
 66455.57 3.3198e-16  67920.85 3 
 66758.75 3.3090e-16  68230.71 3 
 67061.91 3.2444e-16  68540.56 3 
 67365.08 3.3866e-16  68850.41 3 
 67668.26 3.3234e-16  69160.27 3 
 67971.42 3.1217e-16  69470.12 3 
 68274.59 3.3281e-16  69779.98 3 
 68577.76 3.4184e-16  70089.83 3 
 68880.92 3.7156e-16  70399.68 3 
 69184.10 3.7984e-16  70709.54 3 
 69487.27 3.9970e-16  71019.39 3 
 69790.43 5.2477e-16  71329.24 3 
 70093.61 4.9365e-16  71639.10 3 
 70396.77 4.1742e-16  71948.95 3 
 70699.95 4.2188e-16  72258.81 3 
 71003.11 4.3802e-16  72568.66 3 
 71306.28 4.2545e-16  72878.51 3 
 71609.46 4.4314e-16  73188.38 3 
 71912.62 4.6452e-16  73498.22 3 
 72215.78 4.4791e-16  73808.07 3 
 72518.96 4.8780e-16  74117.93 3 
 72822.13 5.2535e-16  74427.78 3 
 73125.29 5.4767e-16  74737.63 3 
 73428.46 6.0519e-16  75047.48 3 
 73711.79 5.4335e-16  75337.06 3 
 73731.63 6.5195e-16  75357.34 3 
 74034.81 7.0853e-16  75667.20 3 
 74319.33 6.4546e-16  75957.99 3 
 74337.97 7.7022e-16  75977.05 3 
 74926.87 7.7100e-16  76578.94 3 
 75534.42 9.1819e-16  77199.88 3 
 76141.97 9.5582e-16  77820.82 3 
 76749.51 9.3027e-16  78441.76 3 
 77357.07 9.0938e-16  79062.71 3 
 77964.61 8.8993e-16  79683.65 3 
 78572.15 8.2509e-16  80304.59 3 
 79179.71 7.2175e-16  80925.54 3 
 79787.25 6.2076e-16  81546.48 3 
 80394.79 5.2919e-16  82167.41 3 
 81002.34 4.5326e-16  82788.36 3 
 81609.88 4.1953e-16  83409.30 3 
 82217.44 3.9224e-16  84030.25 3 
 82824.98 3.8797e-16  84651.19 3 
 83432.53 3.8788e-16  85272.13 3 
 84040.07 3.8546e-16  85893.07 3 
 84647.63 4.0086e-16  86514.02 3 
 85255.16 4.3489e-16  87134.95 3 
 85862.71 4.3363e-16  87755.90 3 
 86470.26 3.9169e-16  88376.84 3 
 87077.80 3.2847e-16  88997.78 3 
 87685.34 2.6116e-16  89618.72 3 
 88292.89 2.0632e-16  90239.66 3 
 88900.44 1.6702e-16  90860.60 3 
 89507.99 1.4663e-16  91481.55 3 
 90115.53 1.3516e-16  92102.49 3 
 90723.08 1.1707e-16  92723.44 3 
 91330.63 1.0355e-16  93344.38 3 
 91938.18 9.9193e-17  93965.32 3 
 92545.72 9.8039e-17  94586.26 3 
 93153.26 9.1789e-17  95207.20 3 
 93760.82 8.8215e-17  95828.15 3 
 94368.36 8.8472e-17  96449.09 3 
 94975.90 8.5109e-17  97070.02 3 
 95583.46 8.4119e-17  97690.98 3 
 96191.01 9.2318e-17  98311.92 3 
 96798.55 9.5663e-17  98932.86 3 
 97406.10 8.1192e-17  99553.80 3 
 98013.60 7.6243e-17 100174.70 3 
 98621.20 7.3880e-17 100795.70 3 
 99228.70 7.2741e-17 101416.59 3 
 99836.31 7.4246e-17 102037.60 3 
100443.81 7.4720e-17 102658.50 3 
101051.41 7.4185e-17 103279.49 3 
101658.93 7.6410e-17 103900.41 3 
102266.43 7.5147e-17 104521.30 3 
102874.03 7.9361e-17 105142.30 3 
103481.53 7.9286e-17 105763.20 3 
104089.14 8.7616e-17 106384.20 3 
104696.65 9.3820e-17 107005.10 3 
105304.15 1.0691e-16 107626.00 3 
105911.75 1.0897e-16 108247.00 3 
106519.26 1.1087e-16 108867.91 3 
107126.86 1.1005e-16 109488.90 3 
107734.36 1.0501e-16 110109.80 3 
108341.96 1.0956e-16 110730.80 3 
108949.48 1.2187e-16 111351.70 3 
109556.98 1.4567e-16 111972.60 3 
110164.58 1.7286e-16 112593.60 3 
110772.09 2.0720e-16 113214.50 3 
111379.69 3.0157e-16 113835.50 3 
111987.19 4.3535e-16 114456.40 3 
112594.80 4.8152e-16 115077.40 3 
113202.30 4.2088e-16 115698.30 3 
113809.80 3.4363e-16 116319.20 3 
114417.41 2.8054e-16 116940.20 3 
115024.92 2.3344e-16 117561.10 3 
115632.51 2.0196e-16 118182.09 3 
116240.02 1.8654e-16 118802.99 3 
116847.63 1.7562e-16 119424.00 3 
117455.13 1.7336e-16 120044.90 3 
118062.63 1.7785e-16 120665.80 3 
118670.24 1.8604e-16 121286.80 3 
119277.75 1.9558e-16 121907.70 3 
119885.34 1.9988e-16 122528.70 3 
120492.85 1.9539e-16 123149.59 3 
121100.37 1.8916e-16 123770.51 3 
121707.96 1.8900e-16 124391.50 3 
122315.46 1.9725e-16 125012.40 3 
122923.07 2.1426e-16 125633.40 3 
123530.58 2.1470e-16 126254.30 3 
124138.17 2.2055e-16 126875.30 3 
124745.69 2.3079e-16 127496.20 3 
125353.19 2.4836e-16 128117.10 3 
125960.79 2.6514e-16 128738.10 3 
126568.30 2.7588e-16 129359.00 3 
127175.90 3.1800e-16 129980.00 3 
127783.40 4.2821e-16 130600.90 3 
128390.91 3.9909e-16 131221.80 3 
128998.51 2.4762e-16 131842.80 3 
129606.02 1.7123e-16 132463.70 3 
130213.62 1.5678e-16 133084.70 3 
130821.12 1.4959e-16 133705.59 3 
131428.72 1.4865e-16 134326.59 3 
132036.23 1.4669e-16 134947.50 3 
132643.74 1.4303e-16 135568.41 3 
133251.35 1.4099e-16 136189.41 3 
133858.84 1.4051e-16 136810.30 3 
134466.45 1.4086e-16 137431.30 3 
135073.96 1.4199e-16 138052.20 3 
135681.56 1.3887e-16 138673.20 3 
136289.06 1.4199e-16 139294.09 3 
136896.57 1.3450e-16 139915.00 3 
137504.17 1.2623e-16 140536.00 3 
138111.68 1.2362e-16 141156.91 3 
138719.27 1.2225e-16 141777.89 3 
139326.78 1.1837e-16 142398.80 3 
139934.38 1.2090e-16 143019.80 3 
140541.89 1.1424e-16 143640.70 3 
141149.39 1.1242e-16 144261.59 3 
141757.01 1.1646e-16 144882.61 3 
142279.78 1.1803e-16 145416.91 3 
143176.89 1.2075e-16 146333.80 3 
144074.11 1.1034e-16 147250.80 3 
144971.23 9.9634e-17 148167.70 3 
145868.34 8.9227e-17 149084.59 3 
146765.47 9.0854e-17 150001.50 3 
147662.69 8.3297e-17 150918.50 3 
148559.81 8.6644e-17 151835.41 3 
149456.92 9.0071e-17 152752.30 3 
150354.14 7.8060e-17 153669.30 3 
151251.26 9.3328e-17 154586.20 3 
152148.37 8.9137e-17 155503.09 3 
153045.50 7.6894e-17 156420.00 3 
153942.72 8.6749e-17 157337.00 3 
154839.84 1.0603e-16 158253.91 3 
155736.95 1.2399e-16 159170.80 3 
156634.17 1.0198e-16 160087.80 3 
157531.30 9.6317e-17 161004.70 3 
158428.41 9.3384e-17 161921.59 3 
159325.62 9.6270e-17 162838.59 3 
160222.75 9.5309e-17 163755.50 3 
161119.86 9.6296e-17 164672.39 3 
162016.98 9.8240e-17 165589.30 3 
162914.22 1.0362e-16 166506.31 3 
163811.31 1.2891e-16 167423.19 3 
164708.44 1.4897e-16 168340.09 3 
165605.56 1.2740e-16 169257.00 3 
166502.78 1.2045e-16 170174.00 3 
167399.91 1.2308e-16 171090.91 3 
168297.03 1.3130e-16 172007.81 3 
169194.25 1.3394e-16 172924.81 3 
170091.36 1.6439e-16 173841.70 3 
170988.48 1.6224e-16 174758.61 3 
171885.70 1.2676e-16 175675.61 3 
172782.81 1.2833e-16 176592.50 3 
173679.94 1.4201e-16 177509.41 3 
174577.05 1.2155e-16 178426.30 3 
175474.26 1.0428e-16 179343.30 3 
176371.39 9.6469e-17 180260.20 3 
177268.50 1.0806e-16 181177.09 3 
178165.72 9.9966e-17 182094.09 3 
179062.84 9.9433e-17 183011.00 3 
179959.95 9.8959e-17 183927.89 3 
180857.17 8.8871e-17 184844.89 3 
181754.30 8.8461e-17 185761.80 3 
182651.42 8.9921e-17 186678.70 3 
183548.53 8.8931e-17 187595.59 3 
184445.75 8.8828e-17 188512.59 3 
185342.87 1.1047e-16 189429.50 3 
186239.99 1.1053e-16 190346.39 3 
187137.22 1.6411e-16 191263.41 3 
188034.34 1.2553e-16 192180.31 3 
188931.44 9.7084e-17 193097.19 3 
189828.56 9.2516e-17 194014.09 3 
190725.80 8.3675e-17 194931.11 3 
191622.91 9.2499e-17 195848.00 3 
192520.03 9.3729e-17 196764.91 3 
193417.25 8.8700e-17 197681.91 3 
194314.36 8.2848e-17 198598.80 3 
195211.49 9.2863e-17 199515.70 3 
196108.61 9.1748e-17 200432.61 3 
197005.83 9.4119e-17 201349.61 3 
197902.94 1.0021e-16 202266.50 3 
198800.06 9.5800e-17 203183.41 3 
199697.28 9.5389e-17 204100.41 3 
201117.96 9.1135e-17 205552.41 3 
202835.08 1.0429e-16 207307.39 3 
204553.20 9.8619e-17 209063.39 3 
206272.31 9.4630e-17 210820.41 3 
207992.28 1.0434e-16 212578.30 3 
209713.13 1.0499e-16 214337.09 3 
211434.96 9.6258e-17 216096.89 3 
213157.70 1.0389e-16 217857.61 3 
214881.38 1.0301e-16 219619.30 3 
216606.05 9.0742e-17 221382.00 3 
218331.60 9.7126e-17 223145.59 3 
220058.14 1.0448e-16 224910.20 3 
221785.55 1.1023e-16 226675.70 3 
223513.93 1.0447e-16 228442.19 3 
225243.30 1.0120e-16 230209.69 3 
226973.55 1.0313e-16 231978.09 3 
228704.79 1.1216e-16 233747.50 3 
230437.00 1.1554e-16 235517.91 3 
232170.08 1.0679e-16 237289.20 3 
233904.25 1.0736e-16 239061.61 3 
235639.20 1.0595e-16 240834.81 3 
237375.21 1.1829e-16 242609.09 3 
239112.22 1.1654e-16 244384.41 3 
240850.11 1.1297e-16 246160.61 3 
242588.95 1.1494e-16 247937.80 3 
244328.79 1.1796e-16 249716.00 3 
246069.51 1.2322e-16 251495.09 3 
247811.31 1.1665e-16 253275.30 3 
249553.99 1.1777e-16 255056.41 3 
251297.75 1.2046e-16 256838.61 3 
253042.36 1.2395e-16 258621.69 3 
254787.99 1.2639e-16 260405.81 3 
256534.58 1.4862e-16 262190.91 3 
258282.14 1.3446e-16 263977.00 3 
260030.68 1.3272e-16 265764.09 3 
261780.23 1.2836e-16 267552.22 3 
263530.72 1.2699e-16 269341.31 3 
265282.20 1.5087e-16 271131.41 3 
267034.65 1.3050e-16 272922.50 3 
268788.09 1.3070e-16 274714.59 3 
270542.62 1.2890e-16 276507.81 3 
272298.01 1.3316e-16 278301.91 3 
274054.38 1.3572e-16 280097.00 3 
275811.81 1.3608e-16 281893.19 3 
277570.26 1.3683e-16 283690.41 3 
279329.56 1.3708e-16 285488.50 3 
281089.94 1.4136e-16 287287.69 3 
282851.32 1.4233e-16 289087.91 3 
284613.77 1.4072e-16 290889.22 3 
286377.17 1.4157e-16 292691.50 3 
288141.49 1.7777e-16 294494.72 3 
289906.94 1.4548e-16 296299.09 3 
291673.30 1.4166e-16 298104.41 3 
293440.71 1.4360e-16 299910.78 3 
295209.12 1.4005e-16 301718.19 3 
296978.51 1.4579e-16 303526.59 3 
298748.98 1.4764e-16 305336.09 3 
300520.42 1.5121e-16 307146.59 3 
302292.84 1.4953e-16 308958.09 3 
304066.33 1.5217e-16 310770.69 3 
305840.92 1.5115e-16 312584.41 3 
307616.46 1.5116e-16 314399.09 3 
309393.01 1.5087e-16 316214.81 3 
311170.50 1.5564e-16 318031.50 3 
312949.19 1.5606e-16 319849.41 3 
314728.76 1.5983e-16 321668.22 3 
316509.47 1.6026e-16 323488.19 3 
318291.09 1.6611e-16 325309.09 3 
320073.88 1.6126e-16 327131.19 3 
321857.67 1.6636e-16 328954.31 3 
323642.38 1.4842e-16 330778.38 3 
325428.23 1.6472e-16 332603.59 3 
327215.14 1.7395e-16 334429.91 3 
329003.09 1.7814e-16 336257.28 3 
330792.08 1.8287e-16 338085.72 3 
332582.09 2.1345e-16 339915.19 3 
334373.10 3.0401e-16 341745.69 3 
336165.21 1.9978e-16 343577.31 3 
337958.48 1.7925e-16 345410.12 3 
339752.61 1.7709e-16 347243.81 3 
341547.93 1.8610e-16 349078.72 3 
