# An Atlas of Galaxy Spectral Energy Distributions from the Ultraviolet to the Mid-Infrared
# Brown et al. (2014)
# http://dx.doi.org/10.5072/03/529D3551F0117
# 
# Column 1 : Restframe Wavelength (Angstrom)
# Column 2 : Flux per unit wavelength (ergs/s/cm^2/Angstrom)
# Column 3 : Observed wavelength (Angstrom)
# Column 4 : Source (0 = model, 1 = Optical Spectrum, 2 = Akari, 3 = Spitzer IRS)
# 
   102.05 2.1555e-18    102.33 0 
   103.95 2.5442e-18    104.23 0 
   105.88 3.0658e-18    106.17 0 
   108.10 3.7805e-18    108.39 0 
   110.11 5.2790e-18    110.41 0 
   113.98 7.1211e-18    114.29 0 
   117.99 9.0688e-18    118.30 0 
   121.01 3.1956e-17    121.34 0 
   124.98 3.8331e-17    125.31 0 
   127.01 4.0696e-17    127.35 0 
   127.89 4.2712e-17    128.23 0 
   130.87 4.6297e-17    131.22 0 
   132.08 5.4019e-17    132.43 0 
   133.92 5.6435e-17    134.28 0 
   137.04 6.9590e-17    137.40 0 
   139.90 7.4396e-17    140.28 0 
   143.16 1.9300e-16    143.55 0 
   146.84 4.6617e-16    147.23 0 
   150.95 4.8927e-16    151.36 0 
   154.82 5.2065e-16    155.24 0 
   159.16 5.5789e-16    159.59 0 
   162.12 5.8284e-16    162.55 0 
   165.89 6.2596e-16    166.34 0 
   170.15 6.5546e-16    170.61 0 
   172.91 6.8478e-16    173.38 0 
   176.94 7.1540e-16    177.42 0 
   179.82 7.3884e-16    180.30 0 
   181.90 7.5605e-16    182.39 0 
   186.14 7.8804e-16    186.64 0 
   190.91 8.2708e-16    191.43 0 
   194.01 8.5812e-16    194.54 0 
   198.08 8.8623e-16    198.61 0 
   202.22 9.2161e-16    202.77 0 
   205.04 9.4743e-16    205.59 0 
   209.81 9.4308e-16    210.38 0 
   216.19 1.0317e-15    216.77 0 
   220.21 1.0679e-15    220.80 0 
   222.76 1.0778e-15    223.36 0 
   226.90 1.1183e-15    227.51 0 
   230.06 1.7161e-15    230.67 0 
   233.79 2.7324e-15    234.42 0 
   239.79 3.3155e-15    240.44 0 
   245.94 3.0800e-15    246.60 0 
   252.25 3.2251e-15    252.93 0 
   256.94 2.6887e-15    257.63 0 
   259.92 3.0729e-15    260.62 0 
   264.14 3.1956e-15    264.85 0 
   269.05 3.1517e-15    269.77 0 
   274.05 3.0942e-15    274.79 0 
   279.15 3.0377e-15    279.90 0 
   283.68 3.0030e-15    284.45 0 
   290.29 2.8219e-15    291.07 0 
   295.69 2.8155e-15    296.48 0 
   301.18 2.7324e-15    302.00 0 
   308.20 2.7074e-15    309.03 0 
   318.30 2.6764e-15    319.15 0 
   327.97 2.5915e-15    328.85 0 
   337.93 2.4920e-15    338.84 0 
   348.20 2.3908e-15    349.14 0 
   357.13 2.3257e-15    358.10 0 
   366.30 2.2885e-15    367.28 0 
   374.83 2.2108e-15    375.84 0 
   385.33 2.0538e-15    386.37 0 
   395.21 2.0585e-15    396.28 0 
   405.35 2.0116e-15    406.44 0 
   413.84 1.9389e-15    414.95 0 
   421.53 1.8602e-15    422.67 0 
   430.36 1.7970e-15    431.52 0 
   441.40 1.7480e-15    442.59 0 
   450.64 1.6771e-15    451.86 0 
   460.08 1.6053e-15    461.32 0 
   469.71 1.5472e-15    470.98 0 
   479.55 1.5085e-15    480.84 0 
   489.59 1.4274e-15    490.91 0 
   499.84 1.4046e-15    501.19 0 
   505.63 1.3663e-15    506.99 0 
   511.48 1.5016e-15    512.86 0 
   519.80 1.4640e-15    521.19 0 
   529.46 1.4111e-15    530.88 0 
   540.55 1.3230e-15    542.00 0 
   550.60 1.3507e-15    552.08 0 
   559.54 1.3917e-15    561.05 0 
   569.94 1.4143e-15    571.48 0 
   580.54 1.3445e-15    582.10 0 
   589.97 1.3981e-15    591.56 0 
   599.56 1.3538e-15    601.17 0 
   609.30 1.3018e-15    610.94 0 
   620.63 1.4539e-15    622.30 0 
   630.71 1.4539e-15    632.41 0 
   639.49 1.4406e-15    641.21 0 
   649.88 1.4912e-15    651.63 0 
   657.40 1.5050e-15    659.17 0 
   665.02 1.5401e-15    666.81 0 
   674.27 1.5155e-15    676.08 0 
   685.22 1.4607e-15    687.07 0 
   694.76 1.6771e-15    696.63 0 
   704.42 1.5796e-15    706.32 0 
   715.87 1.7601e-15    717.79 0 
   725.83 1.7764e-15    727.78 0 
   734.23 1.7929e-15    736.21 0 
   744.44 1.9255e-15    746.45 0 
   754.80 1.9840e-15    756.83 0 
   765.30 2.0024e-15    767.36 0 
   774.16 2.1505e-15    776.25 0 
   784.93 2.2364e-15    787.05 0 
   795.85 2.2885e-15    797.99 0 
   805.07 2.3418e-15    807.24 0 
   814.39 2.3798e-15    816.58 0 
   825.72 2.5442e-15    827.94 0 
   835.28 2.1210e-15    837.53 0 
   844.95 2.5915e-15    847.23 0 
   854.74 2.6275e-15    857.04 0 
   864.63 2.7704e-15    866.96 0 
   874.65 2.9211e-15    877.00 0 
   884.77 3.1228e-15    887.16 0 
   895.02 3.2475e-15    897.43 0 
   905.38 3.2103e-15    907.82 0 
   915.87 4.8590e-15    918.33 0 
   924.34 3.2927e-14    926.83 0 
   935.04 7.3206e-14    937.56 0 
   945.87 1.4143e-13    948.42 0 
   954.62 2.0116e-13    957.19 0 
   965.68 2.2571e-13    968.28 0 
   974.61 3.4558e-14    977.24 0 
   985.90 1.8774e-13    988.55 0 
   995.02 1.9840e-13    997.70 0 
  1004.23 2.9010e-13   1006.93 0 
  1015.86 2.7577e-13   1018.59 0 
  1025.26 1.1364e-13   1028.02 0 
  1034.74 1.8602e-13   1037.53 0 
  1044.32 3.6270e-13   1047.13 0 
  1053.98 3.5282e-13   1056.82 0 
  1066.18 2.7450e-13   1069.05 0 
  1076.05 3.2625e-13   1078.95 0 
  1086.01 2.5325e-13   1088.93 0 
  1096.06 3.3771e-13   1099.01 0 
  1106.20 3.2103e-13   1109.18 0 
  1113.87 3.0517e-13   1116.86 0 
  1124.17 2.7199e-13   1127.20 0 
  1134.57 3.4558e-13   1137.63 0 
  1145.07 3.1013e-13   1148.15 0 
  1155.67 3.2851e-13   1158.78 0 
  1163.68 3.3771e-13   1166.81 0 
  1174.44 2.3044e-13   1177.61 0 
  1185.31 3.2251e-13   1188.50 0 
  1196.28 2.1654e-13   1199.50 0 
  1204.57 1.5190e-13   1207.81 0 
  1215.72 9.9208e-14   1218.99 0 
  1224.14 2.0871e-13   1227.44 0 
  1235.47 3.2029e-13   1238.80 0 
  1244.03 3.5119e-13   1247.38 0 
  1255.55 3.3231e-13   1258.93 0 
  1264.25 2.8155e-13   1267.65 0 
  1275.95 3.6521e-13   1279.38 0 
  1284.79 3.8155e-13   1288.25 0 
  1293.70 2.9617e-13   1297.18 0 
  1305.67 2.9077e-13   1309.18 0 
  1314.72 3.6521e-13   1318.26 0 
  1323.83 3.4638e-13   1327.39 0 
  1336.08 3.0307e-13   1339.68 0 
  1345.34 3.6103e-13   1348.96 0 
  1354.67 3.4718e-13   1358.31 0 
  1364.06 3.0729e-13   1367.73 0 
  1373.51 3.2177e-13   1377.21 0 
  1386.22 3.2400e-13   1389.95 0 
  1395.83 2.8025e-13   1399.59 0 
  1405.50 2.9010e-13   1409.29 0 
  1415.25 2.9414e-13   1419.06 0 
  1425.06 3.0099e-13   1428.89 0 
  1434.94 2.9686e-13   1438.80 0 
  1441.56 3.1300e-13   1445.44 0 
  1448.21 3.1736e-13   1452.11 0 
  1454.90 3.0658e-13   1458.81 0 
  1464.98 2.8090e-13   1468.93 0 
  1475.14 2.7832e-13   1479.11 0 
  1485.36 2.8219e-13   1489.36 0 
  1495.66 2.8612e-13   1499.69 0 
  1506.03 2.6887e-13   1510.08 0 
  1512.98 2.3798e-13   1517.05 0 
  1516.46 2.5442e-13   1520.55 0 
  1523.46 2.4578e-13   1527.57 0 
  1534.03 2.1210e-13   1538.15 0 
  1544.66 2.3310e-13   1548.82 0 
  1555.37 2.1855e-13   1559.55 0 
  1566.15 2.2159e-13   1570.36 0 
  1573.38 2.3580e-13   1577.61 0 
  1584.28 2.4635e-13   1588.55 0 
  1595.26 2.5035e-13   1599.56 0 
  1606.32 2.4409e-13   1610.65 0 
  1613.74 2.4409e-13   1618.08 0 
  1624.92 2.2938e-13   1629.30 0 
  1636.18 2.4353e-13   1640.59 0 
  1643.74 2.4635e-13   1648.16 0 
  1655.13 2.2623e-13   1659.59 0 
  1666.60 2.4635e-13   1671.09 0 
  1670.45 2.1905e-13   1674.94 0 
  1678.16 2.4692e-13   1682.67 0 
  1685.90 2.5677e-13   1690.44 0 
  1693.68 2.3963e-13   1698.24 0 
  1705.42 2.2885e-13   1710.02 0 
  1713.30 2.1654e-13   1717.91 0 
  1725.17 2.1456e-13   1729.82 0 
  1733.14 2.2832e-13   1737.80 0 
  1745.15 2.2159e-13   1749.85 0 
  1753.20 2.3635e-13   1757.92 0 
  1765.36 2.1505e-13   1770.11 0 
  1773.51 2.2006e-13   1778.28 0 
  1785.80 2.2312e-13   1790.61 0 
  1794.04 2.3798e-13   1798.87 0 
  1806.48 2.3472e-13   1811.34 0 
  1814.82 2.1605e-13   1819.70 0 
  1823.19 2.1956e-13   1828.10 0 
  1835.83 2.1016e-13   1840.77 0 
  1844.30 1.9167e-13   1849.27 0 
  1857.09 1.9255e-13   1862.09 0 
  1865.66 1.9840e-13   1870.68 0 
  1874.27 2.1357e-13   1879.32 0 
  1882.92 1.9613e-13   1887.99 0 
  1895.97 1.8817e-13   1901.08 0 
  1904.73 1.9840e-13   1909.85 0 
  1913.52 1.9079e-13   1918.67 0 
  1926.78 1.8602e-13   1931.97 0 
  1935.68 1.8904e-13   1940.89 0 
  1944.61 1.9932e-13   1949.84 0 
  1953.59 1.8644e-13   1958.84 0 
  1967.13 2.0349e-13   1972.42 0 
  1976.21 2.0775e-13   1981.53 0 
  1985.33 1.9658e-13   1990.67 0 
  1994.49 1.9035e-13   1999.86 0 
  2003.70 1.9478e-13   2009.09 0 
  2012.95 1.8774e-13   2018.37 0 
  2026.90 1.9478e-13   2032.36 0 
  2036.26 1.8559e-13   2041.74 0 
  2045.66 1.9255e-13   2051.16 0 
  2055.10 1.8262e-13   2060.63 0 
  2064.58 1.8304e-13   2070.14 0 
  2074.11 1.9613e-13   2079.70 0 
  2078.89 1.8947e-13   2084.49 0 
  2083.69 1.9658e-13   2089.30 0 
  2093.30 1.8516e-13   2098.94 0 
  2102.97 1.8516e-13   2108.63 0 
  2112.67 1.8687e-13   2118.36 0 
  2127.32 1.8817e-13   2133.04 0 
  2137.14 1.7440e-13   2142.89 0 
  2147.00 1.7970e-13   2152.78 0 
  2156.91 1.8559e-13   2162.72 0 
  2166.87 1.7846e-13   2172.70 0 
  2176.87 1.7683e-13   2182.73 0 
  2186.92 1.7480e-13   2192.81 0 
  2197.01 1.8220e-13   2202.93 0 
  2207.15 1.7642e-13   2213.09 0 
  2217.34 1.6655e-13   2223.31 0 
  2222.45 1.6164e-13   2228.44 0 
  2232.71 1.7360e-13   2238.72 0 
  2243.02 1.6540e-13   2249.05 0 
  2253.37 1.5723e-13   2259.44 0 
  2263.77 1.5979e-13   2269.86 0 
  2274.22 1.6427e-13   2280.34 0 
  2284.72 1.6887e-13   2290.87 0 
  2295.26 1.5833e-13   2301.44 0 
  2305.86 1.5986e-13   2312.07 0 
  2316.50 1.5202e-13   2322.74 0 
  2327.19 1.2080e-13   2333.46 0 
  2332.56 1.3937e-13   2338.84 0 
  2343.32 1.3315e-13   2349.63 0 
  2354.14 1.4605e-13   2360.48 0 
  2365.01 1.3203e-13   2371.37 0 
  2375.92 1.3704e-13   2382.32 0 
  2386.89 1.2503e-13   2393.32 0 
  2392.39 1.3338e-13   2398.83 0 
  2403.44 1.2802e-13   2409.91 0 
  2414.53 1.3135e-13   2421.03 0 
  2425.67 1.4113e-13   2432.20 0 
  2436.87 1.3577e-13   2443.43 0 
  2442.49 1.4351e-13   2449.06 0 
  2453.76 1.4160e-13   2460.37 0 
  2465.09 1.3971e-13   2471.72 0 
  2476.47 1.3379e-13   2483.13 0 
  2482.17 1.3505e-13   2488.86 0 
  2493.63 1.2667e-13   2500.35 0 
  2505.14 1.4350e-13   2511.89 0 
  2510.92 1.2444e-13   2517.68 0 
  2516.71 1.2620e-13   2523.48 0 
  2522.51 1.2194e-13   2529.30 0 
  2534.15 1.2454e-13   2540.97 0 
  2545.85 1.2289e-13   2552.70 0 
  2557.60 1.3295e-13   2564.48 0 
  2563.50 1.2817e-13   2570.40 0 
  2575.33 1.3551e-13   2582.26 0 
  2587.21 1.3340e-13   2594.18 0 
  2593.18 1.3069e-13   2600.16 0 
  2605.15 1.2573e-13   2612.16 0 
  2617.17 1.2292e-13   2624.22 0 
  2623.21 1.2993e-13   2630.27 0 
  2635.31 1.3611e-13   2642.41 0 
  2647.48 1.4931e-13   2654.61 0 
  2653.58 1.5423e-13   2660.72 0 
  2665.83 1.3720e-13   2673.01 0 
  2671.98 1.4403e-13   2679.17 0 
  2684.31 1.4443e-13   2691.54 0 
  2696.70 1.3578e-13   2703.96 0 
  2702.92 1.4059e-13   2710.19 0 
  2715.39 1.3156e-13   2722.70 0 
  2727.93 1.3072e-13   2735.27 0 
  2734.21 1.3722e-13   2741.57 0 
  2746.83 1.1658e-13   2754.23 0 
  2753.17 1.2043e-13   2760.58 0 
  2765.87 1.2616e-13   2773.32 0 
  2772.25 1.3214e-13   2779.71 0 
  2785.05 1.2140e-13   2792.54 0 
  2797.90 9.6698e-14   2805.43 0 
  2804.35 1.0340e-13   2811.90 0 
  2817.30 1.2874e-13   2824.88 0 
  2823.79 1.3830e-13   2831.39 0 
  2836.82 1.3336e-13   2844.46 0 
  2843.36 1.2916e-13   2851.02 0 
  2856.49 1.2115e-13   2864.18 0 
  2863.07 1.3691e-13   2870.78 0 
  2876.29 1.3792e-13   2884.03 0 
  2882.92 1.3637e-13   2890.68 0 
  2896.23 1.3612e-13   2904.02 0 
  2909.59 1.4933e-13   2917.43 0 
  2929.76 1.4205e-13   2937.65 0 
  2950.07 1.3892e-13   2958.01 0 
  2970.52 1.4193e-13   2978.52 0 
  2991.11 1.4171e-13   2999.16 0 
  3011.84 1.4345e-13   3019.95 0 
  3032.72 1.4290e-13   3040.89 0 
  3046.72 1.4330e-13   3054.92 0 
  3067.84 1.4407e-13   3076.10 0 
  3089.10 1.4484e-13   3097.42 0 
  3110.52 1.4495e-13   3118.89 0 
  3132.08 1.4209e-13   3140.51 0 
  3146.53 1.4249e-13   3155.01 0 
  3168.35 1.4325e-13   3176.87 0 
  3190.31 1.3472e-13   3198.90 0 
  3212.42 1.3989e-13   3221.07 0 
  3227.25 1.3152e-13   3235.94 0 
  3249.62 1.4169e-13   3258.37 0 
  3272.14 1.4781e-13   3280.95 0 
  3287.25 1.4585e-13   3296.10 0 
  3310.03 1.4530e-13   3318.94 0 
  3325.31 1.4605e-13   3334.26 0 
  3332.98 1.4984e-13   3341.95 0 
  3340.66 1.3891e-13   3349.66 0 
  3348.36 1.5341e-13   3357.38 0 
  3356.08 1.4722e-13   3365.12 0 
  3363.82 1.3124e-13   3372.87 0 
  3371.57 1.3250e-13   3380.65 0 
  3379.34 1.4734e-13   3388.44 0 
  3387.13 1.4670e-13   3396.25 0 
  3394.94 1.4143e-13   3404.08 0 
  3402.77 1.5476e-13   3411.93 0 
  3410.61 1.3861e-13   3419.79 0 
  3418.48 1.4025e-13   3427.68 0 
  3426.36 1.4389e-13   3435.58 0 
  3434.25 1.5246e-13   3443.50 0 
  3442.17 1.3940e-13   3451.44 0 
  3450.11 1.4368e-13   3459.39 0 
  3458.06 1.4207e-13   3467.37 0 
  3466.03 1.3952e-13   3475.36 0 
  3474.02 1.4613e-13   3483.37 0 
  3482.03 1.4024e-13   3491.40 0 
  3490.06 1.4588e-13   3499.45 0 
  3498.10 1.3431e-13   3507.52 0 
  3506.17 1.4529e-13   3515.60 0 
  3514.25 1.3720e-13   3523.71 0 
  3522.35 1.4571e-13   3531.83 0 
  3530.47 1.3633e-13   3539.97 0 
  3538.61 1.4612e-13   3548.13 0 
  3546.77 1.4923e-13   3556.31 0 
  3554.94 1.4961e-13   3564.51 0 
  3563.14 1.4558e-13   3572.73 0 
  3571.35 1.3465e-13   3580.96 0 
  3579.58 1.3376e-13   3589.22 0 
  3587.83 1.2344e-13   3597.49 0 
  3596.11 1.3633e-13   3605.79 0 
  3604.40 1.4345e-13   3614.10 0 
  3612.70 1.3208e-13   3622.43 0 
  3621.03 1.3963e-13   3630.78 0 
  3628.14 1.4859e-13   3637.91 1 
  3630.89 1.5538e-13   3640.66 1 
  3633.63 1.4067e-13   3643.41 1 
  3636.37 1.2638e-13   3646.16 1 
  3639.11 1.2335e-13   3648.91 1 
  3641.86 1.3375e-13   3651.66 1 
  3644.60 1.3128e-13   3654.41 1 
  3647.34 1.3459e-13   3657.16 1 
  3650.08 1.4305e-13   3659.91 1 
  3652.83 1.2909e-13   3662.66 1 
  3655.57 1.4942e-13   3665.41 1 
  3658.31 1.6287e-13   3668.16 1 
  3661.05 1.4474e-13   3670.91 1 
  3663.80 1.3864e-13   3673.66 1 
  3666.54 1.4087e-13   3676.41 1 
  3669.28 1.5309e-13   3679.16 1 
  3672.02 1.4908e-13   3681.91 1 
  3674.77 1.4949e-13   3684.66 1 
  3677.51 1.4212e-13   3687.41 1 
  3680.25 1.5128e-13   3690.16 1 
  3683.00 1.4395e-13   3692.91 1 
  3685.74 1.3738e-13   3695.66 1 
  3688.48 1.4226e-13   3698.41 1 
  3691.22 1.4952e-13   3701.16 1 
  3693.97 1.3653e-13   3703.91 1 
  3696.71 1.3863e-13   3706.66 1 
  3699.45 1.5456e-13   3709.41 1 
  3702.19 1.5098e-13   3712.16 1 
  3704.94 1.3841e-13   3714.91 1 
  3707.68 1.3138e-13   3717.66 1 
  3710.42 1.4701e-13   3720.41 1 
  3713.16 1.5981e-13   3723.16 1 
  3715.91 1.5626e-13   3725.91 1 
  3718.65 1.6290e-13   3728.66 1 
  3721.39 1.7355e-13   3731.41 1 
  3724.13 2.0261e-13   3734.16 1 
  3726.88 2.7372e-13   3736.91 1 
  3729.62 4.0868e-13   3739.66 1 
  3732.36 5.2174e-13   3742.41 1 
  3735.11 5.2928e-13   3745.16 1 
  3737.85 4.2686e-13   3747.91 1 
  3740.59 2.6283e-13   3750.66 1 
  3743.33 1.9426e-13   3753.41 1 
  3746.08 1.7665e-13   3756.16 1 
  3748.82 1.5377e-13   3758.91 1 
  3751.56 1.4961e-13   3761.66 1 
  3754.30 1.4313e-13   3764.41 1 
  3757.05 1.5013e-13   3767.16 1 
  3759.79 1.5498e-13   3769.91 1 
  3762.53 1.6091e-13   3772.66 1 
  3765.27 1.7539e-13   3775.41 1 
  3768.02 1.7513e-13   3778.16 1 
  3770.76 1.7638e-13   3780.91 1 
  3773.50 1.6029e-13   3783.66 1 
  3776.24 1.6093e-13   3786.41 1 
  3778.99 1.7090e-13   3789.16 1 
  3781.73 1.8042e-13   3791.91 1 
  3784.47 1.8537e-13   3794.66 1 
  3787.21 1.9067e-13   3797.41 1 
  3789.96 1.9706e-13   3800.16 1 
  3792.70 2.0961e-13   3802.91 1 
  3795.44 1.8746e-13   3805.66 1 
  3798.19 1.7875e-13   3808.41 1 
  3800.93 1.6585e-13   3811.16 1 
  3803.67 1.4799e-13   3813.91 1 
  3806.41 1.5348e-13   3816.66 1 
  3809.16 1.7389e-13   3819.41 1 
  3811.90 2.0055e-13   3822.16 1 
  3814.64 1.9152e-13   3824.91 1 
  3817.38 2.1298e-13   3827.66 1 
  3820.13 2.2405e-13   3830.41 1 
  3822.87 1.9846e-13   3833.16 1 
  3825.61 1.8320e-13   3835.91 1 
  3828.35 1.8550e-13   3838.66 1 
  3831.10 1.7389e-13   3841.41 1 
  3833.84 1.6947e-13   3844.16 1 
  3836.58 1.5113e-13   3846.91 1 
  3839.32 1.3219e-13   3849.66 1 
  3842.07 1.4464e-13   3852.41 1 
  3844.81 1.5493e-13   3855.16 1 
  3847.55 1.6626e-13   3857.91 1 
  3850.29 1.7284e-13   3860.66 1 
  3853.04 1.8752e-13   3863.41 1 
  3855.78 2.0525e-13   3866.16 1 
  3858.52 2.0940e-13   3868.91 1 
  3861.27 2.0191e-13   3871.66 1 
  3864.01 2.1289e-13   3874.41 1 
  3866.75 2.1660e-13   3877.16 1 
  3869.49 2.3437e-13   3879.91 1 
  3872.24 2.1921e-13   3882.66 1 
  3874.98 2.2093e-13   3885.41 1 
  3877.72 2.1751e-13   3888.16 1 
  3880.46 2.1353e-13   3890.91 1 
  3883.21 2.0474e-13   3893.66 1 
  3885.95 1.8685e-13   3896.41 1 
  3888.69 1.7672e-13   3899.16 1 
  3891.43 1.8400e-13   3901.91 1 
  3894.18 1.8207e-13   3904.66 1 
  3896.92 1.7814e-13   3907.41 1 
  3899.66 1.7987e-13   3910.16 1 
  3902.40 1.8318e-13   3912.91 1 
  3905.15 1.8892e-13   3915.66 1 
  3907.89 1.9840e-13   3918.41 1 
  3910.63 2.0582e-13   3921.16 1 
  3913.38 2.0249e-13   3923.91 1 
  3916.12 2.0346e-13   3926.66 1 
  3918.86 2.1758e-13   3929.41 1 
  3921.60 2.1522e-13   3932.16 1 
  3924.35 2.1379e-13   3934.91 1 
  3927.09 2.0724e-13   3937.66 1 
  3929.83 2.0568e-13   3940.41 1 
  3932.57 1.9645e-13   3943.16 1 
  3935.32 1.7245e-13   3945.91 1 
  3938.06 1.7445e-13   3948.66 1 
  3940.80 1.6623e-13   3951.41 1 
  3943.54 1.7628e-13   3954.16 1 
  3946.29 1.9466e-13   3956.91 1 
  3949.03 1.9850e-13   3959.66 1 
  3951.77 2.1279e-13   3962.41 1 
  3954.51 2.0435e-13   3965.16 1 
  3957.26 1.9784e-13   3967.91 1 
  3960.00 1.9365e-13   3970.66 1 
  3962.74 1.8774e-13   3973.41 1 
  3965.48 1.8018e-13   3976.16 1 
  3968.23 1.6952e-13   3978.91 1 
  3970.97 1.4576e-13   3981.66 1 
  3973.71 1.3700e-13   3984.41 1 
  3976.46 1.4987e-13   3987.16 1 
  3979.20 1.5384e-13   3989.91 1 
  3981.94 1.7078e-13   3992.66 1 
  3984.68 1.9271e-13   3995.41 1 
  3987.43 1.9847e-13   3998.16 1 
  3990.17 2.0678e-13   4000.91 1 
  3992.91 2.2389e-13   4003.66 1 
  3995.65 2.2523e-13   4006.41 1 
  3998.40 2.2391e-13   4009.16 1 
  4001.14 2.2382e-13   4011.91 1 
  4003.88 2.3391e-13   4014.66 1 
  4006.62 2.3802e-13   4017.41 1 
  4009.37 2.3515e-13   4020.16 1 
  4012.11 2.2547e-13   4022.91 1 
  4014.85 2.2817e-13   4025.66 1 
  4017.59 2.2701e-13   4028.41 1 
  4020.34 2.2876e-13   4031.16 1 
  4023.08 2.3533e-13   4033.91 1 
  4025.82 2.3448e-13   4036.66 1 
  4028.57 2.3382e-13   4039.41 1 
  4031.31 2.2736e-13   4042.16 1 
  4034.05 2.2402e-13   4044.91 1 
  4036.79 2.3306e-13   4047.66 1 
  4039.54 2.3160e-13   4050.41 1 
  4042.28 2.3226e-13   4053.16 1 
  4045.02 2.3875e-13   4055.91 1 
  4047.76 2.3362e-13   4058.66 1 
  4050.51 2.2613e-13   4061.41 1 
  4053.25 2.2811e-13   4064.16 1 
  4055.99 2.3717e-13   4066.91 1 
  4058.73 2.4544e-13   4069.66 1 
  4061.48 2.4139e-13   4072.41 1 
  4064.22 2.2785e-13   4075.16 1 
  4066.96 2.2255e-13   4077.91 1 
  4069.70 2.2034e-13   4080.66 1 
  4072.45 2.3165e-13   4083.41 1 
  4075.19 2.3618e-13   4086.16 1 
  4077.93 2.2864e-13   4088.91 1 
  4080.67 2.2340e-13   4091.66 1 
  4083.42 2.2503e-13   4094.41 1 
  4086.16 2.2402e-13   4097.16 1 
  4088.90 2.1999e-13   4099.91 1 
  4091.65 2.1754e-13   4102.66 1 
  4094.39 2.0898e-13   4105.41 1 
  4097.13 2.0127e-13   4108.16 1 
  4099.87 2.0594e-13   4110.91 1 
  4102.62 2.0411e-13   4113.66 1 
  4105.36 2.0033e-13   4116.41 1 
  4108.10 1.9904e-13   4119.16 1 
  4110.84 1.9257e-13   4121.91 1 
  4113.59 2.0006e-13   4124.66 1 
  4116.33 1.9919e-13   4127.41 1 
  4119.07 2.0781e-13   4130.16 1 
  4121.81 2.1111e-13   4132.91 1 
  4124.56 2.1118e-13   4135.66 1 
  4127.30 2.1826e-13   4138.41 1 
  4130.04 2.1610e-13   4141.16 1 
  4132.78 2.1544e-13   4143.91 1 
  4135.53 2.1468e-13   4146.66 1 
  4138.27 2.2511e-13   4149.41 1 
  4141.01 2.3117e-13   4152.16 1 
  4143.76 2.2644e-13   4154.91 1 
  4146.50 2.1986e-13   4157.66 1 
  4149.24 2.1855e-13   4160.41 1 
  4151.98 2.2875e-13   4163.16 1 
  4154.73 2.3571e-13   4165.91 1 
  4157.47 2.1765e-13   4168.66 1 
  4160.21 2.1568e-13   4171.41 1 
  4162.95 2.1815e-13   4174.16 1 
  4165.70 2.3223e-13   4176.91 1 
  4168.44 2.3188e-13   4179.66 1 
  4171.18 2.2905e-13   4182.41 1 
  4173.92 2.1728e-13   4185.16 1 
  4176.67 2.1376e-13   4187.91 1 
  4179.41 2.1671e-13   4190.66 1 
  4182.15 2.1925e-13   4193.41 1 
  4184.89 2.0748e-13   4196.16 1 
  4187.64 2.2559e-13   4198.91 1 
  4190.38 2.2051e-13   4201.66 1 
  4193.12 2.2035e-13   4204.41 1 
  4195.86 2.2088e-13   4207.16 1 
  4198.61 2.1411e-13   4209.91 1 
  4201.35 2.2409e-13   4212.66 1 
  4204.09 2.1321e-13   4215.41 1 
  4206.84 2.1755e-13   4218.16 1 
  4209.58 2.2173e-13   4220.91 1 
  4212.32 2.2750e-13   4223.66 1 
  4215.06 2.2456e-13   4226.41 1 
  4217.81 2.1916e-13   4229.16 1 
  4220.55 2.2901e-13   4231.91 1 
  4223.29 2.2327e-13   4234.66 1 
  4226.03 2.1886e-13   4237.41 1 
  4228.78 2.2154e-13   4240.16 1 
  4231.52 2.0771e-13   4242.91 1 
  4234.26 2.1721e-13   4245.66 1 
  4237.00 2.1604e-13   4248.41 1 
  4239.75 2.2336e-13   4251.16 1 
  4242.49 2.1083e-13   4253.91 1 
  4245.23 2.1721e-13   4256.66 1 
  4247.97 2.1015e-13   4259.41 1 
  4250.72 2.2051e-13   4262.16 1 
  4253.46 2.2251e-13   4264.91 1 
  4256.20 2.2139e-13   4267.66 1 
  4258.95 2.2216e-13   4270.41 1 
  4261.69 2.2148e-13   4273.16 1 
  4264.43 2.1639e-13   4275.91 1 
  4267.17 2.1508e-13   4278.66 1 
  4269.92 2.2820e-13   4281.41 1 
  4272.66 2.1936e-13   4284.16 1 
  4275.40 2.1320e-13   4286.91 1 
  4278.14 2.1654e-13   4289.66 1 
  4280.89 2.1282e-13   4292.41 1 
  4283.63 2.1019e-13   4295.16 1 
  4286.37 2.1391e-13   4297.91 1 
  4289.11 2.1803e-13   4300.66 1 
  4291.86 2.0640e-13   4303.41 1 
  4294.60 2.0373e-13   4306.16 1 
  4297.34 2.0375e-13   4308.91 1 
  4300.08 1.9932e-13   4311.66 1 
  4302.83 2.0211e-13   4314.41 1 
  4305.57 2.0356e-13   4317.16 1 
  4308.31 2.0366e-13   4319.91 1 
  4311.05 1.9246e-13   4322.66 1 
  4313.80 1.9050e-13   4325.41 1 
  4316.54 1.9843e-13   4328.16 1 
  4319.28 2.0040e-13   4330.91 1 
  4322.03 2.1134e-13   4333.66 1 
  4324.77 2.1035e-13   4336.41 1 
  4327.51 2.0973e-13   4339.16 1 
  4330.25 2.0798e-13   4341.91 1 
  4333.00 2.0493e-13   4344.66 1 
  4335.74 1.9795e-13   4347.41 1 
  4338.48 2.0128e-13   4350.16 1 
  4341.22 2.2243e-13   4352.91 1 
  4343.97 2.2313e-13   4355.66 1 
  4346.71 2.2654e-13   4358.41 1 
  4349.45 2.1099e-13   4361.16 1 
  4352.19 2.0280e-13   4363.91 1 
  4354.94 1.9050e-13   4366.66 1 
  4357.68 1.9473e-13   4369.41 1 
  4360.42 2.1351e-13   4372.16 1 
  4363.16 2.0453e-13   4374.91 1 
  4365.91 2.1484e-13   4377.66 1 
  4368.65 2.1998e-13   4380.41 1 
  4371.39 2.1390e-13   4383.16 1 
  4374.13 2.2008e-13   4385.91 1 
  4376.88 2.1340e-13   4388.66 1 
  4379.62 2.1393e-13   4391.41 1 
  4382.36 2.1276e-13   4394.16 1 
  4385.11 2.0618e-13   4396.91 1 
  4387.85 2.1280e-13   4399.66 1 
  4390.59 2.0462e-13   4402.41 1 
  4393.33 2.1155e-13   4405.16 1 
  4396.08 2.0930e-13   4407.91 1 
  4398.82 2.1211e-13   4410.66 1 
  4401.56 2.1133e-13   4413.41 1 
  4404.30 2.0998e-13   4416.16 1 
  4407.05 2.1381e-13   4418.91 1 
  4409.79 2.1888e-13   4421.66 1 
  4412.53 2.1455e-13   4424.41 1 
  4415.27 2.1223e-13   4427.16 1 
  4418.02 2.1358e-13   4429.91 1 
  4420.76 2.2052e-13   4432.66 1 
  4423.50 2.1428e-13   4435.41 1 
  4426.24 2.1230e-13   4438.16 1 
  4428.99 2.1843e-13   4440.91 1 
  4431.73 2.1111e-13   4443.66 1 
  4434.47 2.1010e-13   4446.41 1 
  4437.22 2.2123e-13   4449.16 1 
  4439.96 2.1606e-13   4451.91 1 
  4442.70 2.1531e-13   4454.66 1 
  4445.44 2.0924e-13   4457.41 1 
  4448.19 2.1533e-13   4460.16 1 
  4450.93 2.1944e-13   4462.91 1 
  4453.67 2.2801e-13   4465.66 1 
  4456.41 2.1899e-13   4468.41 1 
  4459.16 2.1409e-13   4471.16 1 
  4461.90 2.1317e-13   4473.91 1 
  4464.64 2.1692e-13   4476.66 1 
  4467.38 2.1736e-13   4479.41 1 
  4470.13 2.1278e-13   4482.16 1 
  4472.87 2.1579e-13   4484.91 1 
  4475.61 2.1356e-13   4487.66 1 
  4478.35 2.1762e-13   4490.41 1 
  4481.10 2.2298e-13   4493.16 1 
  4483.84 2.2220e-13   4495.91 1 
  4486.58 2.1696e-13   4498.66 1 
  4489.32 2.2258e-13   4501.41 1 
  4492.07 2.2420e-13   4504.16 1 
  4494.81 2.1953e-13   4506.91 1 
  4497.55 2.2204e-13   4509.66 1 
  4500.30 2.2118e-13   4512.41 1 
  4503.04 2.2410e-13   4515.16 1 
  4505.78 2.2884e-13   4517.91 1 
  4508.52 2.2627e-13   4520.66 1 
  4511.27 2.2879e-13   4523.41 1 
  4514.01 2.3205e-13   4526.16 1 
  4516.75 2.3361e-13   4528.91 1 
  4519.49 2.3077e-13   4531.66 1 
  4522.24 2.2609e-13   4534.41 1 
  4524.98 2.2544e-13   4537.16 1 
  4527.72 2.1841e-13   4539.91 1 
  4530.46 2.1978e-13   4542.66 1 
  4533.21 2.1042e-13   4545.41 1 
  4535.95 2.1424e-13   4548.16 1 
  4538.69 2.1163e-13   4550.91 1 
  4541.43 2.1153e-13   4553.66 1 
  4544.18 2.2092e-13   4556.41 1 
  4546.92 2.2001e-13   4559.16 1 
  4549.66 2.2071e-13   4561.91 1 
  4552.41 2.1802e-13   4564.66 1 
  4555.15 2.1283e-13   4567.41 1 
  4557.89 2.1151e-13   4570.16 1 
  4560.63 2.0725e-13   4572.91 1 
  4563.38 2.1455e-13   4575.66 1 
  4566.12 2.2084e-13   4578.41 1 
  4568.86 2.2469e-13   4581.16 1 
  4571.60 2.2471e-13   4583.91 1 
  4574.35 2.2464e-13   4586.66 1 
  4577.09 2.2469e-13   4589.41 1 
  4579.83 2.2351e-13   4592.16 1 
  4582.57 2.2572e-13   4594.91 1 
  4585.32 2.1636e-13   4597.66 1 
  4588.06 2.1410e-13   4600.41 1 
  4590.80 2.1554e-13   4603.16 1 
  4593.54 2.1649e-13   4605.91 1 
  4596.29 2.1891e-13   4608.66 1 
  4599.03 2.1960e-13   4611.41 1 
  4601.77 2.1665e-13   4614.16 1 
  4604.51 2.1810e-13   4616.91 1 
  4607.26 2.1827e-13   4619.66 1 
  4610.00 2.2033e-13   4622.41 1 
  4612.74 2.2354e-13   4625.16 1 
  4615.49 2.2837e-13   4627.91 1 
  4618.23 2.2224e-13   4630.66 1 
  4620.97 2.2058e-13   4633.41 1 
  4623.71 2.2609e-13   4636.16 1 
  4626.46 2.2320e-13   4638.91 1 
  4629.20 2.2372e-13   4641.66 1 
  4631.94 2.2280e-13   4644.41 1 
  4634.68 2.2471e-13   4647.16 1 
  4637.43 2.2136e-13   4649.91 1 
  4640.17 2.1934e-13   4652.66 1 
  4642.91 2.1824e-13   4655.41 1 
  4645.65 2.2007e-13   4658.16 1 
  4648.40 2.2444e-13   4660.91 1 
  4651.14 2.1845e-13   4663.66 1 
  4653.88 2.1430e-13   4666.41 1 
  4656.62 2.2074e-13   4669.16 1 
  4659.37 2.2116e-13   4671.91 1 
  4662.11 2.1878e-13   4674.66 1 
  4664.85 2.1949e-13   4677.41 1 
  4667.59 2.2081e-13   4680.16 1 
  4670.34 2.1806e-13   4682.91 1 
  4673.08 2.1543e-13   4685.66 1 
  4675.82 2.1214e-13   4688.41 1 
  4678.57 2.1515e-13   4691.16 1 
  4681.31 2.1719e-13   4693.91 1 
  4684.05 2.1847e-13   4696.66 1 
  4686.79 2.1711e-13   4699.41 1 
  4689.54 2.1669e-13   4702.16 1 
  4692.28 2.1666e-13   4704.91 1 
  4695.02 2.1990e-13   4707.66 1 
  4697.76 2.1706e-13   4710.41 1 
  4700.51 2.1312e-13   4713.16 1 
  4703.25 2.1347e-13   4715.91 1 
  4705.99 2.1476e-13   4718.66 1 
  4708.73 2.1235e-13   4721.41 1 
  4711.48 2.1075e-13   4724.16 1 
  4714.22 2.1209e-13   4726.91 1 
  4716.96 2.1446e-13   4729.66 1 
  4719.70 2.1681e-13   4732.41 1 
  4722.45 2.1930e-13   4735.16 1 
  4725.19 2.1819e-13   4737.91 1 
  4727.93 2.1360e-13   4740.66 1 
  4730.68 2.1415e-13   4743.41 1 
  4733.42 2.1447e-13   4746.16 1 
  4736.16 2.0781e-13   4748.91 1 
  4738.90 2.0490e-13   4751.66 1 
  4741.65 2.0996e-13   4754.41 1 
  4744.39 2.1007e-13   4757.16 1 
  4747.13 2.1606e-13   4759.91 1 
  4749.87 2.1740e-13   4762.66 1 
  4752.62 2.2163e-13   4765.41 1 
  4755.36 2.1852e-13   4768.16 1 
  4758.10 2.1048e-13   4770.91 1 
  4760.84 2.1089e-13   4773.66 1 
  4763.59 2.1055e-13   4776.41 1 
  4766.33 2.1086e-13   4779.16 1 
  4769.07 2.0939e-13   4781.91 1 
  4771.81 2.0838e-13   4784.66 1 
  4774.56 2.1140e-13   4787.41 1 
  4777.30 2.1410e-13   4790.16 1 
  4780.04 2.1839e-13   4792.91 1 
  4782.78 2.1860e-13   4795.66 1 
  4785.53 2.1322e-13   4798.41 1 
  4788.27 2.1253e-13   4801.16 1 
  4791.01 2.1471e-13   4803.91 1 
  4793.76 2.1267e-13   4806.66 1 
  4796.50 2.1533e-13   4809.41 1 
  4799.24 2.1777e-13   4812.16 1 
  4801.98 2.1361e-13   4814.91 1 
  4804.73 2.1334e-13   4817.66 1 
  4807.47 2.1474e-13   4820.41 1 
  4810.21 2.1298e-13   4823.16 1 
  4812.95 2.1693e-13   4825.91 1 
  4815.70 2.1574e-13   4828.66 1 
  4818.44 2.2022e-13   4831.41 1 
  4821.18 2.2421e-13   4834.16 1 
  4823.92 2.1860e-13   4836.91 1 
  4826.67 2.1714e-13   4839.66 1 
  4829.41 2.1499e-13   4842.41 1 
  4832.15 2.1831e-13   4845.16 1 
  4834.89 2.1653e-13   4847.91 1 
  4837.64 2.0981e-13   4850.66 1 
  4840.38 2.1351e-13   4853.41 1 
  4843.12 2.1367e-13   4856.16 1 
  4845.87 2.1078e-13   4858.91 1 
  4848.61 2.0436e-13   4861.66 1 
  4851.35 1.9932e-13   4864.41 1 
  4854.09 1.9592e-13   4867.16 1 
  4856.84 1.9595e-13   4869.91 1 
  4859.58 2.1109e-13   4872.66 1 
  4862.32 2.5035e-13   4875.41 1 
  4865.06 2.9556e-13   4878.16 1 
  4867.81 3.1133e-13   4880.91 1 
  4870.55 2.8440e-13   4883.66 1 
  4873.29 2.3802e-13   4886.41 1 
  4876.03 2.0472e-13   4889.16 1 
  4878.78 1.9798e-13   4891.91 1 
  4881.52 1.9268e-13   4894.66 1 
  4884.26 1.9118e-13   4897.41 1 
  4887.00 1.9644e-13   4900.16 1 
  4889.75 2.0313e-13   4902.91 1 
  4892.49 2.0054e-13   4905.66 1 
  4895.23 2.0080e-13   4908.41 1 
  4897.97 2.0100e-13   4911.16 1 
  4900.72 2.0718e-13   4913.91 1 
  4903.46 2.1387e-13   4916.66 1 
  4906.20 2.1533e-13   4919.41 1 
  4908.95 2.1163e-13   4922.16 1 
  4911.69 2.0812e-13   4924.91 1 
  4914.43 2.0857e-13   4927.66 1 
  4917.17 2.0799e-13   4930.41 1 
  4919.92 2.0780e-13   4933.16 1 
  4922.66 2.0705e-13   4935.91 1 
  4925.40 2.0497e-13   4938.66 1 
  4928.14 2.0030e-13   4941.41 1 
  4930.89 1.9864e-13   4944.16 1 
  4933.63 2.0629e-13   4946.91 1 
  4936.37 2.0794e-13   4949.66 1 
  4939.11 2.0825e-13   4952.41 1 
  4941.86 2.0753e-13   4955.16 1 
  4944.60 2.0566e-13   4957.91 1 
  4947.34 2.1144e-13   4960.66 1 
  4950.08 2.1327e-13   4963.41 1 
  4952.83 2.1464e-13   4966.16 1 
  4955.57 2.1624e-13   4968.91 1 
  4958.31 2.2575e-13   4971.66 1 
  4961.05 2.4195e-13   4974.41 1 
  4963.80 2.5042e-13   4977.16 1 
  4966.54 2.4834e-13   4979.91 1 
  4969.28 2.3311e-13   4982.66 1 
  4972.03 2.2388e-13   4985.41 1 
  4974.77 2.1734e-13   4988.16 1 
  4977.51 2.1213e-13   4990.91 1 
  4980.25 2.0980e-13   4993.66 1 
  4983.00 2.0719e-13   4996.41 1 
  4985.74 2.0804e-13   4999.16 1 
  4988.48 2.0568e-13   5001.91 1 
  4991.22 2.0073e-13   5004.66 1 
  4993.97 2.0228e-13   5007.41 1 
  4996.71 2.0534e-13   5010.16 1 
  4999.45 2.0886e-13   5012.91 1 
  5002.19 2.0933e-13   5015.66 1 
  5004.94 2.3161e-13   5018.41 1 
  5007.68 2.7692e-13   5021.16 1 
  5010.42 3.2079e-13   5023.91 1 
  5013.16 3.3179e-13   5026.66 1 
  5015.91 2.9771e-13   5029.41 1 
  5018.65 2.5211e-13   5032.16 1 
  5021.39 2.2050e-13   5034.91 1 
  5024.14 1.9982e-13   5037.66 1 
  5026.88 1.9317e-13   5040.41 1 
  5029.62 1.9787e-13   5043.16 1 
  5032.36 2.0116e-13   5045.91 1 
  5035.11 1.9571e-13   5048.66 1 
  5037.85 2.0218e-13   5051.41 1 
  5040.59 2.0438e-13   5054.16 1 
  5043.33 1.9988e-13   5056.91 1 
  5046.08 1.9327e-13   5059.66 1 
  5048.82 1.9461e-13   5062.41 1 
  5051.56 1.9892e-13   5065.16 1 
  5054.30 2.0167e-13   5067.91 1 
  5057.05 1.9974e-13   5070.66 1 
  5059.79 2.0274e-13   5073.41 1 
  5062.53 2.0369e-13   5076.16 1 
  5065.27 2.0298e-13   5078.91 1 
  5068.02 2.0303e-13   5081.66 1 
  5070.76 2.0445e-13   5084.41 1 
  5073.50 2.0590e-13   5087.16 1 
  5076.24 2.0279e-13   5089.91 1 
  5078.99 1.9946e-13   5092.66 1 
  5081.73 1.9572e-13   5095.41 1 
  5084.47 1.9299e-13   5098.16 1 
  5087.22 1.9547e-13   5100.91 1 
  5089.96 1.9827e-13   5103.66 1 
  5092.70 1.9871e-13   5106.41 1 
  5095.44 1.9875e-13   5109.16 1 
  5098.19 2.0328e-13   5111.91 1 
  5100.93 2.0192e-13   5114.66 1 
  5103.67 2.0048e-13   5117.41 1 
  5106.41 1.9806e-13   5120.16 1 
  5109.16 2.0163e-13   5122.91 1 
  5111.90 2.0259e-13   5125.66 1 
  5114.64 2.0110e-13   5128.41 1 
  5117.38 2.0077e-13   5131.16 1 
  5120.13 1.9797e-13   5133.91 1 
  5122.87 2.0214e-13   5136.66 1 
  5125.61 2.0207e-13   5139.41 1 
  5128.35 1.9585e-13   5142.16 1 
  5131.10 1.9075e-13   5144.91 1 
  5133.84 1.9218e-13   5147.66 1 
  5136.58 1.9034e-13   5150.41 1 
  5139.33 1.9164e-13   5153.16 1 
  5142.07 1.9463e-13   5155.91 1 
  5144.81 1.9241e-13   5158.66 1 
  5147.55 1.9224e-13   5161.41 1 
  5150.30 1.9442e-13   5164.16 1 
  5153.04 1.9500e-13   5166.91 1 
  5155.78 1.9438e-13   5169.66 1 
  5158.52 1.8797e-13   5172.41 1 
  5161.27 1.9101e-13   5175.16 1 
  5164.01 1.9683e-13   5177.91 1 
  5166.75 1.9307e-13   5180.66 1 
  5169.49 1.9019e-13   5183.41 1 
  5172.24 1.7463e-13   5186.16 1 
  5174.98 1.6387e-13   5188.91 1 
  5177.72 1.6690e-13   5191.66 1 
  5180.46 1.7655e-13   5194.41 1 
  5183.21 1.7853e-13   5197.16 1 
  5185.95 1.8300e-13   5199.91 1 
  5188.69 1.8376e-13   5202.66 1 
  5191.43 1.8281e-13   5205.41 1 
  5194.18 1.8739e-13   5208.16 1 
  5196.92 1.9009e-13   5210.91 1 
  5199.66 1.8912e-13   5213.66 1 
  5202.41 1.9258e-13   5216.41 1 
  5205.15 1.8861e-13   5219.16 1 
  5207.89 1.8973e-13   5221.91 1 
  5210.63 1.8579e-13   5224.66 1 
  5213.38 1.8225e-13   5227.41 1 
  5216.12 1.8854e-13   5230.16 1 
  5218.86 1.9223e-13   5232.91 1 
  5221.60 1.9301e-13   5235.66 1 
  5224.35 1.9356e-13   5238.41 1 
  5227.09 1.9513e-13   5241.16 1 
  5229.83 1.9017e-13   5243.91 1 
  5232.57 1.9099e-13   5246.66 1 
  5235.32 1.8773e-13   5249.41 1 
  5238.06 1.8793e-13   5252.16 1 
  5240.80 1.9234e-13   5254.91 1 
  5243.54 1.9371e-13   5257.66 1 
  5246.29 1.9200e-13   5260.41 1 
  5249.03 1.9436e-13   5263.16 1 
  5251.77 1.9411e-13   5265.91 1 
  5254.52 1.9158e-13   5268.66 1 
  5257.26 1.9084e-13   5271.41 1 
  5260.00 1.9287e-13   5274.16 1 
  5262.74 1.9543e-13   5276.91 1 
  5265.49 1.9446e-13   5279.66 1 
  5268.23 1.8782e-13   5282.41 1 
  5270.97 1.8356e-13   5285.16 1 
  5273.71 1.8280e-13   5287.91 1 
  5276.46 1.8348e-13   5290.66 1 
  5279.20 1.8942e-13   5293.41 1 
  5281.94 1.8820e-13   5296.16 1 
  5284.68 1.8968e-13   5298.91 1 
  5287.43 1.9350e-13   5301.66 1 
  5290.17 1.9588e-13   5304.41 1 
  5292.91 1.9463e-13   5307.16 1 
  5295.65 1.9722e-13   5309.91 1 
  5298.40 1.9981e-13   5312.66 1 
  5301.14 2.0175e-13   5315.41 1 
  5303.88 1.9618e-13   5318.16 1 
  5306.62 1.9580e-13   5320.91 1 
  5309.37 1.9853e-13   5323.66 1 
  5312.11 2.0032e-13   5326.41 1 
  5314.85 2.0488e-13   5329.16 1 
  5317.60 2.0484e-13   5331.91 1 
  5320.34 2.0068e-13   5334.66 1 
  5323.08 1.9454e-13   5337.41 1 
  5325.82 1.9015e-13   5340.16 1 
  5328.57 1.9693e-13   5342.91 1 
  5331.31 1.9210e-13   5345.66 1 
  5334.05 1.8922e-13   5348.41 1 
  5336.79 1.9429e-13   5351.16 1 
  5339.54 1.9517e-13   5353.91 1 
  5342.28 1.9736e-13   5356.66 1 
  5345.02 1.9997e-13   5359.41 1 
  5347.76 1.9546e-13   5362.16 1 
  5350.51 1.9549e-13   5364.91 1 
  5353.25 1.9939e-13   5367.66 1 
  5355.99 1.9845e-13   5370.41 1 
  5358.73 2.0495e-13   5373.16 1 
  5361.48 2.0690e-13   5375.91 1 
  5364.22 2.0798e-13   5378.66 1 
  5366.96 2.0326e-13   5381.41 1 
  5369.70 1.9585e-13   5384.16 1 
  5372.45 1.9478e-13   5386.91 1 
  5375.19 1.9080e-13   5389.66 1 
  5377.93 1.9378e-13   5392.41 1 
  5380.68 1.9948e-13   5395.16 1 
  5383.42 1.9805e-13   5397.91 1 
  5386.16 1.9619e-13   5400.66 1 
  5388.90 1.9806e-13   5403.41 1 
  5391.65 1.9700e-13   5406.16 1 
  5394.39 2.0121e-13   5408.91 1 
  5397.13 1.9679e-13   5411.66 1 
  5399.87 1.8821e-13   5414.41 1 
  5402.62 1.9076e-13   5417.16 1 
  5405.36 1.8966e-13   5419.91 1 
  5408.10 1.8637e-13   5422.66 1 
  5410.84 1.8682e-13   5425.41 1 
  5413.59 1.8701e-13   5428.16 1 
  5416.33 1.8463e-13   5430.91 1 
  5419.07 1.8758e-13   5433.66 1 
  5421.81 1.8846e-13   5436.41 1 
  5424.56 1.8709e-13   5439.16 1 
  5427.30 1.9401e-13   5441.91 1 
  5430.04 1.9767e-13   5444.66 1 
  5432.79 1.9156e-13   5447.41 1 
  5435.53 1.8755e-13   5450.16 1 
  5438.27 1.8727e-13   5452.91 1 
  5441.01 1.9181e-13   5455.66 1 
  5443.76 1.9911e-13   5458.41 1 
  5446.50 1.9792e-13   5461.16 1 
  5449.24 1.9536e-13   5463.91 1 
  5451.98 1.9406e-13   5466.66 1 
  5454.73 1.9392e-13   5469.41 1 
  5457.47 1.9260e-13   5472.16 1 
  5460.21 1.9418e-13   5474.91 1 
  5462.95 1.9257e-13   5477.66 1 
  5465.70 1.8663e-13   5480.41 1 
  5468.44 1.8391e-13   5483.16 1 
  5471.18 1.9055e-13   5485.91 1 
  5473.92 1.9570e-13   5488.66 1 
  5476.67 1.9443e-13   5491.41 1 
  5479.41 1.9233e-13   5494.16 1 
  5482.15 1.9179e-13   5496.91 1 
  5484.89 1.9365e-13   5499.66 1 
  5487.64 1.9301e-13   5502.41 1 
  5490.38 1.9460e-13   5505.16 1 
  5493.12 1.9070e-13   5507.91 1 
  5495.87 1.9325e-13   5510.66 1 
  5498.61 1.9755e-13   5513.41 1 
  5501.35 1.9496e-13   5516.16 1 
  5504.09 1.9326e-13   5518.91 1 
  5506.84 1.8953e-13   5521.66 1 
  5509.58 1.9087e-13   5524.41 1 
  5512.32 1.9510e-13   5527.16 1 
  5515.06 1.9596e-13   5529.91 1 
  5517.81 1.9513e-13   5532.66 1 
  5520.55 1.9524e-13   5535.41 1 
  5523.29 1.9488e-13   5538.16 1 
  5526.03 1.9565e-13   5540.91 1 
  5528.78 1.9568e-13   5543.66 1 
  5531.52 1.9045e-13   5546.41 1 
  5534.26 1.9525e-13   5549.16 1 
  5537.00 1.8643e-13   5551.91 1 
  5539.75 1.8963e-13   5554.66 1 
  5542.49 1.9292e-13   5557.41 1 
  5545.23 1.9784e-13   5560.16 1 
  5547.98 1.8932e-13   5562.91 1 
  5550.72 1.9432e-13   5565.66 1 
  5553.46 1.8929e-13   5568.41 1 
  5556.20 1.8947e-13   5571.16 1 
  5558.95 1.9404e-13   5573.91 1 
  5561.69 1.9899e-13   5576.66 1 
  5564.43 1.8878e-13   5579.41 1 
  5567.17 1.8826e-13   5582.16 1 
  5569.92 1.9351e-13   5584.91 1 
  5572.66 1.9538e-13   5587.66 1 
  5575.40 1.8790e-13   5590.41 1 
  5578.14 1.9618e-13   5593.16 1 
  5580.89 1.8697e-13   5595.91 1 
  5583.63 1.9080e-13   5598.66 1 
  5586.37 1.9643e-13   5601.41 1 
  5589.11 1.8558e-13   5604.16 1 
  5591.86 1.9004e-13   5606.91 1 
  5594.60 1.8999e-13   5609.66 1 
  5597.34 1.8897e-13   5612.41 1 
  5600.08 1.8633e-13   5615.16 1 
  5602.83 1.8541e-13   5617.91 1 
  5605.57 1.8804e-13   5620.66 1 
  5608.31 1.9074e-13   5623.41 1 
  5611.06 1.9275e-13   5626.16 1 
  5613.80 1.9336e-13   5628.91 1 
  5616.54 1.9321e-13   5631.66 1 
  5619.28 1.9508e-13   5634.41 1 
  5622.03 1.9186e-13   5637.16 1 
  5624.77 1.9011e-13   5639.91 1 
  5627.51 1.9250e-13   5642.66 1 
  5630.25 1.9257e-13   5645.41 1 
  5633.00 1.9378e-13   5648.16 1 
  5635.74 1.9321e-13   5650.91 1 
  5638.48 1.9447e-13   5653.66 1 
  5641.22 1.9297e-13   5656.41 1 
  5643.97 1.9082e-13   5659.16 1 
  5646.71 1.8993e-13   5661.91 1 
  5649.45 1.9090e-13   5664.66 1 
  5652.19 1.9507e-13   5667.41 1 
  5654.94 1.9098e-13   5670.16 1 
  5657.68 1.9233e-13   5672.91 1 
  5660.42 1.9550e-13   5675.66 1 
  5663.16 1.9168e-13   5678.41 1 
  5665.91 1.8577e-13   5681.16 1 
  5668.65 1.8852e-13   5683.91 1 
  5671.39 1.9116e-13   5686.66 1 
  5674.14 1.8939e-13   5689.41 1 
  5676.88 1.8826e-13   5692.16 1 
  5679.62 1.9200e-13   5694.91 1 
  5682.36 1.9580e-13   5697.66 1 
  5685.11 1.9496e-13   5700.41 1 
  5687.85 1.9198e-13   5703.16 1 
  5690.59 1.9050e-13   5705.91 1 
  5693.33 1.9004e-13   5708.66 1 
  5696.08 1.8434e-13   5711.41 1 
  5698.82 1.9095e-13   5714.16 1 
  5701.56 1.8619e-13   5716.91 1 
  5704.30 1.9084e-13   5719.66 1 
  5707.05 1.8669e-13   5722.41 1 
  5709.79 1.8852e-13   5725.16 1 
  5712.53 1.8806e-13   5727.91 1 
  5715.27 1.8770e-13   5730.66 1 
  5718.02 1.8826e-13   5733.41 1 
  5720.76 1.8853e-13   5736.16 1 
  5723.50 1.8845e-13   5738.91 1 
  5726.25 1.9193e-13   5741.66 1 
  5728.99 1.9146e-13   5744.41 1 
  5731.73 1.9581e-13   5747.16 1 
  5734.47 1.9238e-13   5749.91 1 
  5737.22 1.9271e-13   5752.66 1 
  5739.96 1.9105e-13   5755.41 1 
  5742.70 1.9167e-13   5758.16 1 
  5745.44 1.9029e-13   5760.91 1 
  5748.19 1.9215e-13   5763.66 1 
  5750.93 1.9382e-13   5766.41 1 
  5753.67 1.9208e-13   5769.16 1 
  5756.41 1.9405e-13   5771.91 1 
  5759.16 1.9007e-13   5774.66 1 
  5761.90 1.9065e-13   5777.41 1 
  5764.64 1.8569e-13   5780.16 1 
  5767.38 1.9078e-13   5782.91 1 
  5770.13 1.9178e-13   5785.66 1 
  5772.87 1.9121e-13   5788.41 1 
  5775.61 1.9047e-13   5791.16 1 
  5778.35 1.8528e-13   5793.91 1 
  5781.10 1.8610e-13   5796.66 1 
  5783.84 1.8817e-13   5799.41 1 
  5786.58 1.8638e-13   5802.16 1 
  5789.33 1.8493e-13   5804.91 1 
  5792.07 1.8208e-13   5807.66 1 
  5794.81 1.8349e-13   5810.41 1 
  5797.55 1.9163e-13   5813.16 1 
  5800.30 1.8988e-13   5815.91 1 
  5803.04 1.8695e-13   5818.66 1 
  5805.78 1.8449e-13   5821.41 1 
  5808.52 1.9264e-13   5824.16 1 
  5811.27 1.8750e-13   5826.91 1 
  5814.01 1.9095e-13   5829.66 1 
  5816.75 1.8752e-13   5832.41 1 
  5819.49 1.8336e-13   5835.16 1 
  5822.24 1.9038e-13   5837.91 1 
  5824.98 1.8981e-13   5840.66 1 
  5827.72 1.9547e-13   5843.41 1 
  5830.46 1.8842e-13   5846.16 1 
  5833.21 1.9174e-13   5848.91 1 
  5835.95 1.9407e-13   5851.66 1 
  5838.69 1.9065e-13   5854.41 1 
  5841.44 1.9603e-13   5857.16 1 
  5844.18 1.8668e-13   5859.91 1 
  5846.92 1.9552e-13   5862.66 1 
  5849.66 1.8995e-13   5865.41 1 
  5852.41 1.9086e-13   5868.16 1 
  5855.15 1.9159e-13   5870.91 1 
  5857.89 1.8328e-13   5873.66 1 
  5860.63 1.8575e-13   5876.41 1 
  5863.38 1.8690e-13   5879.16 1 
  5866.12 1.8640e-13   5881.91 1 
  5868.86 1.7878e-13   5884.66 1 
  5871.60 1.9004e-13   5887.41 1 
  5874.35 1.8376e-13   5890.16 1 
  5877.09 1.8561e-13   5892.91 1 
  5879.83 1.8354e-13   5895.66 1 
  5882.57 1.8430e-13   5898.41 1 
  5885.32 1.8292e-13   5901.16 1 
  5888.06 1.7736e-13   5903.91 1 
  5890.80 1.6290e-13   5906.66 1 
  5893.54 1.6323e-13   5909.41 1 
  5896.29 1.6823e-13   5912.16 1 
  5899.03 1.7554e-13   5914.91 1 
  5901.77 1.7253e-13   5917.66 1 
  5904.52 1.7469e-13   5920.41 1 
  5907.26 1.7903e-13   5923.16 1 
  5910.00 1.8316e-13   5925.91 1 
  5912.74 1.8054e-13   5928.66 1 
  5915.49 1.8333e-13   5931.41 1 
  5918.23 1.8868e-13   5934.16 1 
  5920.97 1.8640e-13   5936.91 1 
  5923.71 1.8034e-13   5939.66 1 
  5926.46 1.8017e-13   5942.41 1 
  5929.20 1.8122e-13   5945.16 1 
  5931.94 1.7777e-13   5947.91 1 
  5934.68 1.7380e-13   5950.66 1 
  5937.43 1.8172e-13   5953.41 1 
  5940.17 1.8328e-13   5956.16 1 
  5942.91 1.8468e-13   5958.91 1 
  5945.65 1.7849e-13   5961.66 1 
  5948.40 1.7890e-13   5964.41 1 
  5951.14 1.8121e-13   5967.16 1 
  5953.88 1.8241e-13   5969.91 1 
  5956.62 1.8437e-13   5972.66 1 
  5959.37 1.8532e-13   5975.41 1 
  5962.11 1.8820e-13   5978.16 1 
  5964.85 1.8809e-13   5980.91 1 
  5967.60 1.8391e-13   5983.66 1 
  5970.34 1.8307e-13   5986.41 1 
  5973.08 1.8617e-13   5989.16 1 
  5975.82 1.8861e-13   5991.91 1 
  5978.57 1.8648e-13   5994.66 1 
  5981.31 1.8661e-13   5997.41 1 
  5984.05 1.8532e-13   6000.16 1 
  5986.79 1.8389e-13   6002.91 1 
  5989.54 1.8241e-13   6005.66 1 
  5992.28 1.8113e-13   6008.41 1 
  5995.02 1.8426e-13   6011.16 1 
  5997.76 1.8408e-13   6013.91 1 
  6000.51 1.8145e-13   6016.66 1 
  6003.25 1.8119e-13   6019.41 1 
  6005.99 1.7879e-13   6022.16 1 
  6008.73 1.8060e-13   6024.91 1 
  6011.48 1.8408e-13   6027.66 1 
  6014.22 1.7732e-13   6030.41 1 
  6016.96 1.7481e-13   6033.16 1 
  6019.71 1.8354e-13   6035.91 1 
  6022.45 1.7709e-13   6038.66 1 
  6025.19 1.7892e-13   6041.41 1 
  6027.93 1.7944e-13   6044.16 1 
  6030.68 1.7574e-13   6046.91 1 
  6033.42 1.8227e-13   6049.66 1 
  6036.16 1.7960e-13   6052.41 1 
  6038.90 1.7796e-13   6055.16 1 
  6041.65 1.7910e-13   6057.91 1 
  6044.39 1.8115e-13   6060.66 1 
  6047.13 1.8635e-13   6063.41 1 
  6049.87 1.8595e-13   6066.16 1 
  6052.62 1.8524e-13   6068.91 1 
  6055.36 1.8655e-13   6071.66 1 
  6058.10 1.8135e-13   6074.41 1 
  6060.84 1.7713e-13   6077.16 1 
  6063.59 1.7890e-13   6079.91 1 
  6066.33 1.8423e-13   6082.66 1 
  6069.07 1.8601e-13   6085.41 1 
  6071.81 1.8520e-13   6088.16 1 
  6074.56 1.8003e-13   6090.91 1 
  6077.30 1.7965e-13   6093.66 1 
  6080.04 1.8207e-13   6096.41 1 
  6082.79 1.7969e-13   6099.16 1 
  6085.53 1.8227e-13   6101.91 1 
  6088.27 1.7948e-13   6104.66 1 
  6091.01 1.7861e-13   6107.41 1 
  6093.76 1.7516e-13   6110.16 1 
  6096.50 1.7250e-13   6112.91 1 
  6099.24 1.7799e-13   6115.66 1 
  6101.98 1.8210e-13   6118.41 1 
  6104.73 1.8028e-13   6121.16 1 
  6107.47 1.7688e-13   6123.91 1 
  6110.21 1.7365e-13   6126.66 1 
  6112.95 1.8136e-13   6129.41 1 
  6115.70 1.7999e-13   6132.16 1 
  6118.44 1.8237e-13   6134.91 1 
  6121.18 1.8372e-13   6137.66 1 
  6123.92 1.7642e-13   6140.41 1 
  6126.67 1.8150e-13   6143.16 1 
  6129.41 1.8000e-13   6145.91 1 
  6132.15 1.8167e-13   6148.66 1 
  6134.90 1.8066e-13   6151.41 1 
  6137.64 1.8314e-13   6154.16 1 
  6140.38 1.7944e-13   6156.91 1 
  6143.12 1.7357e-13   6159.66 1 
  6145.87 1.7091e-13   6162.41 1 
  6148.61 1.7482e-13   6165.16 1 
  6151.35 1.7947e-13   6167.91 1 
  6154.09 1.8008e-13   6170.66 1 
  6156.84 1.7728e-13   6173.41 1 
  6159.58 1.7867e-13   6176.16 1 
  6162.32 1.6943e-13   6178.91 1 
  6165.06 1.6976e-13   6181.66 1 
  6167.81 1.6916e-13   6184.41 1 
  6170.55 1.6496e-13   6187.16 1 
  6173.29 1.6845e-13   6189.91 1 
  6176.03 1.7744e-13   6192.66 1 
  6178.78 1.7622e-13   6195.41 1 
  6181.52 1.7465e-13   6198.16 1 
  6184.26 1.7539e-13   6200.91 1 
  6187.00 1.7452e-13   6203.66 1 
  6189.75 1.7922e-13   6206.41 1 
  6192.49 1.7192e-13   6209.16 1 
  6195.23 1.7307e-13   6211.91 1 
  6197.98 1.6945e-13   6214.66 1 
  6200.72 1.7072e-13   6217.41 1 
  6203.46 1.7197e-13   6220.16 1 
  6206.20 1.7109e-13   6222.91 1 
  6208.95 1.7540e-13   6225.66 1 
  6211.69 1.7844e-13   6228.41 1 
  6214.43 1.7549e-13   6231.16 1 
  6217.17 1.7023e-13   6233.91 1 
  6219.92 1.7438e-13   6236.66 1 
  6222.66 1.7534e-13   6239.41 1 
  6225.40 1.6984e-13   6242.16 1 
  6228.14 1.6439e-13   6244.91 1 
  6230.89 1.6515e-13   6247.66 1 
  6233.63 1.6415e-13   6250.41 1 
  6236.37 1.6277e-13   6253.16 1 
  6239.11 1.7342e-13   6255.91 1 
  6241.86 1.7935e-13   6258.66 1 
  6244.60 1.7617e-13   6261.41 1 
  6247.34 1.7076e-13   6264.16 1 
  6250.08 1.6708e-13   6266.91 1 
  6252.83 1.6736e-13   6269.66 1 
  6255.57 1.6875e-13   6272.41 1 
  6258.31 1.7788e-13   6275.16 1 
  6261.06 1.6706e-13   6277.91 1 
  6263.80 1.6796e-13   6280.66 1 
  6266.54 1.7260e-13   6283.41 1 
  6269.28 1.7662e-13   6286.16 1 
  6272.03 1.7379e-13   6288.91 1 
  6274.77 1.7296e-13   6291.66 1 
  6277.51 1.7172e-13   6294.41 1 
  6280.25 1.7358e-13   6297.16 1 
  6283.00 1.7348e-13   6299.91 1 
  6285.74 2.2847e-13   6302.66 1 
  6288.48 2.1158e-13   6305.41 1 
  6291.22 1.7641e-13   6308.16 1 
  6293.97 1.3343e-13   6310.91 1 
  6296.71 1.4039e-13   6313.66 1 
  6299.45 1.6033e-13   6316.41 1 
  6302.19 1.6942e-13   6319.16 1 
  6304.94 1.8173e-13   6321.91 1 
  6307.68 1.8391e-13   6324.66 1 
  6310.42 1.8448e-13   6327.41 1 
  6313.17 1.8561e-13   6330.16 1 
  6315.91 1.7174e-13   6332.91 1 
  6318.65 1.6618e-13   6335.66 1 
  6321.39 1.6573e-13   6338.41 1 
  6324.14 1.7025e-13   6341.16 1 
  6326.88 1.7648e-13   6343.91 1 
  6329.62 1.7139e-13   6346.66 1 
  6332.36 1.6628e-13   6349.41 1 
  6335.11 1.7059e-13   6352.16 1 
  6337.85 1.7182e-13   6354.91 1 
  6340.59 1.6857e-13   6357.66 1 
  6343.33 1.7584e-13   6360.41 1 
  6346.08 1.7185e-13   6363.16 1 
  6348.82 1.7987e-13   6365.91 1 
  6351.56 1.7428e-13   6368.66 1 
  6354.30 1.7592e-13   6371.41 1 
  6357.05 1.7005e-13   6374.16 1 
  6359.79 1.7280e-13   6376.91 1 
  6362.53 1.7635e-13   6379.66 1 
  6365.27 1.7210e-13   6382.41 1 
  6368.02 1.7485e-13   6385.16 1 
  6370.76 1.6685e-13   6387.91 1 
  6373.50 1.6613e-13   6390.66 1 
  6376.25 1.7793e-13   6393.41 1 
  6378.99 1.7258e-13   6396.16 1 
  6381.73 1.7418e-13   6398.91 1 
  6384.47 1.7239e-13   6401.66 1 
  6387.22 1.7138e-13   6404.41 1 
  6389.96 1.7453e-13   6407.16 1 
  6392.70 1.7442e-13   6409.91 1 
  6395.44 1.7278e-13   6412.66 1 
  6398.19 1.7223e-13   6415.41 1 
  6400.93 1.7620e-13   6418.16 1 
  6403.67 1.7486e-13   6420.91 1 
  6406.41 1.7120e-13   6423.66 1 
  6409.16 1.7482e-13   6426.41 1 
  6411.90 1.7282e-13   6429.16 1 
  6414.64 1.6882e-13   6431.91 1 
  6417.38 1.6940e-13   6434.66 1 
  6420.13 1.7282e-13   6437.41 1 
  6422.87 1.7681e-13   6440.16 1 
  6425.61 1.7113e-13   6442.91 1 
  6428.36 1.7611e-13   6445.66 1 
  6431.10 1.6967e-13   6448.41 1 
  6433.84 1.7071e-13   6451.16 1 
  6436.58 1.7859e-13   6453.91 1 
  6439.33 1.7071e-13   6456.66 1 
  6442.07 1.7193e-13   6459.41 1 
  6444.81 1.7036e-13   6462.16 1 
  6447.55 1.7092e-13   6464.91 1 
  6450.30 1.7112e-13   6467.66 1 
  6453.04 1.7664e-13   6470.41 1 
  6455.78 1.7546e-13   6473.16 1 
  6458.52 1.6819e-13   6475.91 1 
  6461.27 1.7100e-13   6478.66 1 
  6464.01 1.6939e-13   6481.41 1 
  6466.75 1.6191e-13   6484.16 1 
  6469.49 1.6923e-13   6486.91 1 
  6472.24 1.7177e-13   6489.66 1 
  6474.98 1.7310e-13   6492.41 1 
  6477.72 1.7427e-13   6495.16 1 
  6480.46 1.7897e-13   6497.91 1 
  6483.21 1.7761e-13   6500.66 1 
  6485.95 1.8167e-13   6503.41 1 
  6488.69 1.7485e-13   6506.16 1 
  6491.44 1.6187e-13   6508.91 1 
  6494.18 1.6390e-13   6511.66 1 
  6496.92 1.6395e-13   6514.41 1 
  6499.66 1.6690e-13   6517.16 1 
  6502.41 1.6281e-13   6519.91 1 
  6505.15 1.5856e-13   6522.66 1 
  6507.89 1.6530e-13   6525.41 1 
  6510.63 1.6956e-13   6528.16 1 
  6513.38 1.7072e-13   6530.91 1 
  6516.12 1.7960e-13   6533.66 1 
  6518.86 1.7930e-13   6536.41 1 
  6521.60 1.7032e-13   6539.16 1 
  6524.35 1.7102e-13   6541.91 1 
  6527.09 1.6844e-13   6544.66 1 
  6529.83 1.6973e-13   6547.41 1 
  6532.57 1.6806e-13   6550.16 1 
  6535.32 1.6435e-13   6552.91 1 
  6538.06 1.6975e-13   6555.66 1 
  6540.80 1.7030e-13   6558.41 1 
  6543.54 1.6777e-13   6561.16 1 
  6546.29 1.7138e-13   6563.91 1 
  6549.03 1.8293e-13   6566.66 1 
  6551.77 2.0055e-13   6569.41 1 
  6554.52 2.1259e-13   6572.16 1 
  6557.26 2.1599e-13   6574.91 1 
  6560.00 2.5754e-13   6577.66 1 
  6562.74 3.8167e-13   6580.41 1 
  6565.49 5.5134e-13   6583.16 1 
  6568.23 6.3820e-13   6585.91 1 
  6570.97 5.8720e-13   6588.66 1 
  6573.71 4.2490e-13   6591.41 1 
  6576.46 2.7504e-13   6594.16 1 
  6579.20 1.9976e-13   6596.91 1 
  6581.94 1.9589e-13   6599.66 1 
  6584.68 2.3455e-13   6602.41 1 
  6587.43 2.7761e-13   6605.16 1 
  6590.17 2.9140e-13   6607.91 1 
  6592.91 2.6209e-13   6610.66 1 
  6595.65 2.0766e-13   6613.41 1 
  6598.40 1.8297e-13   6616.16 1 
  6601.14 1.6560e-13   6618.91 1 
  6603.88 1.6028e-13   6621.66 1 
  6606.63 1.7112e-13   6624.41 1 
  6609.37 1.6488e-13   6627.16 1 
  6612.11 1.7362e-13   6629.91 1 
  6614.85 1.6899e-13   6632.66 1 
  6617.60 1.6592e-13   6635.41 1 
  6620.34 1.7576e-13   6638.16 1 
  6623.08 1.7366e-13   6640.91 1 
  6625.82 1.7153e-13   6643.66 1 
  6628.57 1.6623e-13   6646.41 1 
  6631.31 1.7473e-13   6649.16 1 
  6634.05 1.6873e-13   6651.91 1 
  6636.79 1.6511e-13   6654.66 1 
  6639.54 1.6594e-13   6657.41 1 
  6642.28 1.6305e-13   6660.16 1 
  6645.02 1.7404e-13   6662.91 1 
  6647.76 1.6924e-13   6665.66 1 
  6650.51 1.7114e-13   6668.41 1 
  6653.25 1.6909e-13   6671.16 1 
  6655.99 1.6398e-13   6673.91 1 
  6658.73 1.6554e-13   6676.66 1 
  6661.48 1.6461e-13   6679.41 1 
  6664.22 1.6939e-13   6682.16 1 
  6666.96 1.6949e-13   6684.91 1 
  6669.71 1.6299e-13   6687.66 1 
  6672.45 1.6466e-13   6690.41 1 
  6675.19 1.6857e-13   6693.16 1 
  6677.93 1.6423e-13   6695.91 1 
  6680.68 1.6668e-13   6698.66 1 
  6683.42 1.6792e-13   6701.41 1 
  6686.16 1.7238e-13   6704.16 1 
  6688.90 1.6993e-13   6706.91 1 
  6691.65 1.6565e-13   6709.66 1 
  6694.39 1.6347e-13   6712.41 1 
  6697.13 1.6677e-13   6715.16 1 
  6699.87 1.6759e-13   6717.91 1 
  6702.62 1.6447e-13   6720.66 1 
  6705.36 1.6015e-13   6723.41 1 
  6708.10 1.6214e-13   6726.16 1 
  6710.84 1.6550e-13   6728.91 1 
  6713.59 1.7655e-13   6731.66 1 
  6716.33 1.9970e-13   6734.41 1 
  6719.07 2.3899e-13   6737.16 1 
  6721.82 2.6517e-13   6739.91 1 
  6724.56 2.5500e-13   6742.66 1 
  6727.30 2.2808e-13   6745.41 1 
  6730.04 2.1719e-13   6748.16 1 
  6732.79 2.2612e-13   6750.91 1 
  6735.53 2.3304e-13   6753.66 1 
  6738.27 2.3080e-13   6756.41 1 
  6741.01 2.0954e-13   6759.16 1 
  6743.76 1.8688e-13   6761.91 1 
  6746.50 1.6969e-13   6764.66 1 
  6749.24 1.6649e-13   6767.41 1 
  6751.98 1.6035e-13   6770.16 1 
  6754.73 1.6123e-13   6772.91 1 
  6757.47 1.6210e-13   6775.66 1 
  6760.21 1.6131e-13   6778.41 1 
  6762.95 1.6405e-13   6781.16 1 
  6765.70 1.6147e-13   6783.91 1 
  6768.44 1.6296e-13   6786.66 1 
  6771.18 1.6865e-13   6789.41 1 
  6773.92 1.6427e-13   6792.16 1 
  6776.67 1.5933e-13   6794.91 1 
  6779.41 1.5590e-13   6797.66 1 
  6782.15 1.6426e-13   6800.41 1 
  6784.90 1.6150e-13   6803.16 1 
  6787.64 1.6047e-13   6805.91 1 
  6790.38 1.5724e-13   6808.66 1 
  6793.12 1.6510e-13   6811.41 1 
  6795.87 1.6313e-13   6814.16 1 
  6798.61 1.6317e-13   6816.91 1 
  6801.35 1.6059e-13   6819.66 1 
  6804.09 1.6037e-13   6822.41 1 
  6806.84 1.5791e-13   6825.16 1 
  6809.58 1.6453e-13   6827.91 1 
  6820.76 1.6150e-13   6839.12 0 
  6836.48 1.6186e-13   6854.88 0 
  6852.24 1.6259e-13   6870.68 0 
  6868.04 1.5669e-13   6886.52 0 
  6883.87 1.5849e-13   6902.40 0 
  6899.73 1.5994e-13   6918.31 0 
  6915.64 1.5919e-13   6934.26 0 
  6931.58 1.5954e-13   6950.24 0 
  6947.56 1.6100e-13   6966.26 0 
  6963.58 1.5988e-13   6982.33 0 
  6979.63 1.6208e-13   6998.42 0 
  6995.72 1.5948e-13   7014.55 0 
  7011.85 1.5547e-13   7030.72 0 
  7028.01 1.6092e-13   7046.93 0 
  7044.21 1.5652e-13   7063.18 0 
  7060.45 1.5578e-13   7079.46 0 
  7076.73 1.5292e-13   7095.78 0 
  7093.04 1.5081e-13   7112.14 0 
  7109.39 1.5114e-13   7128.53 0 
  7125.78 1.5009e-13   7144.96 0 
  7142.21 1.4904e-13   7161.43 0 
  7158.67 1.4971e-13   7177.94 0 
  7175.18 1.4798e-13   7194.49 0 
  7191.72 1.4261e-13   7211.08 0 
  7208.29 1.4227e-13   7227.70 0 
  7224.91 1.5103e-13   7244.36 0 
  7241.57 1.4690e-13   7261.06 0 
  7258.26 1.4756e-13   7277.80 0 
  7274.99 1.5309e-13   7294.57 0 
  7291.76 1.4890e-13   7311.39 0 
  7308.57 1.4922e-13   7328.25 0 
  7325.42 1.4955e-13   7345.14 0 
  7342.31 1.5337e-13   7362.07 0 
  7359.23 1.5195e-13   7379.04 0 
  7376.20 1.5405e-13   7396.05 0 
  7393.20 1.5053e-13   7413.10 0 
  7410.24 1.5616e-13   7430.19 0 
  7427.32 1.5329e-13   7447.32 0 
  7444.45 1.5648e-13   7464.49 0 
  7461.61 1.5683e-13   7481.70 0 
  7478.81 1.5324e-13   7498.94 0 
  7496.05 1.5536e-13   7516.23 0 
  7513.33 1.5356e-13   7533.56 0 
  7530.65 1.5354e-13   7550.92 0 
  7548.01 1.5566e-13   7568.33 0 
  7565.41 1.5210e-13   7585.78 0 
  7582.85 1.5349e-13   7603.26 0 
  7600.33 1.4929e-13   7620.79 0 
  7617.85 1.4859e-13   7638.36 0 
  7635.41 1.5169e-13   7655.97 0 
  7653.01 1.5028e-13   7673.61 0 
  7670.65 1.3895e-13   7691.30 0 
  7688.34 1.4415e-13   7709.04 0 
  7706.06 1.4215e-13   7726.81 0 
  7723.82 1.4083e-13   7744.62 0 
  7741.63 1.4245e-13   7762.47 0 
  7759.48 1.3951e-13   7780.37 0 
  7777.36 1.4079e-13   7798.30 0 
  7795.29 1.3852e-13   7816.28 0 
  7813.26 1.4173e-13   7834.30 0 
  7831.27 1.4402e-13   7852.36 0 
  7849.33 1.4301e-13   7870.46 0 
  7867.42 1.4465e-13   7888.60 0 
  7885.56 1.4134e-13   7906.79 0 
  7903.74 1.3621e-13   7925.01 0 
  7921.96 1.3433e-13   7943.28 0 
  7940.22 1.3431e-13   7961.59 0 
  7958.52 1.3616e-13   7979.95 0 
  7976.87 1.3868e-13   7998.34 0 
  7995.26 1.3551e-13   8016.78 0 
  8013.69 1.3865e-13   8035.26 0 
  8032.16 1.3863e-13   8053.78 0 
  8050.68 1.4022e-13   8072.35 0 
  8069.24 1.4085e-13   8090.96 0 
  8087.84 1.3763e-13   8109.61 0 
  8106.48 1.3386e-13   8128.31 0 
  8125.17 1.3571e-13   8147.04 0 
  8143.90 1.3632e-13   8165.82 0 
  8162.68 1.3320e-13   8184.65 0 
  8181.49 1.4043e-13   8203.52 0 
  8200.35 1.3816e-13   8222.43 0 
  8219.25 1.3815e-13   8241.38 0 
  8238.20 1.1893e-13   8260.38 0 
  8257.19 1.4004e-13   8279.42 0 
  8276.23 1.4067e-13   8298.51 0 
  8295.31 1.3463e-13   8317.64 0 
  8314.43 1.2826e-13   8336.81 0 
  8333.60 1.3367e-13   8356.03 0 
  8352.81 1.3396e-13   8375.29 0 
  8372.06 1.3211e-13   8394.60 0 
  8391.36 1.2819e-13   8413.95 0 
  8410.71 1.3330e-13   8433.35 0 
  8430.10 1.3297e-13   8452.79 0 
  8449.53 1.2844e-13   8472.27 0 
  8469.00 1.3142e-13   8491.80 0 
  8488.53 1.3080e-13   8511.38 0 
  8508.10 1.0509e-13   8531.00 0 
  8527.71 1.2691e-13   8550.67 0 
  8547.37 1.0850e-13   8570.38 0 
  8567.07 1.2864e-13   8590.14 0 
  8586.82 1.3012e-13   8609.94 0 
  8606.62 1.2254e-13   8629.79 0 
  8626.46 1.2859e-13   8649.68 0 
  8646.34 1.2947e-13   8669.62 0 
  8666.27 1.1698e-13   8689.60 0 
  8686.25 1.2248e-13   8709.64 0 
  8706.28 1.2560e-13   8729.71 0 
  8726.34 1.2792e-13   8749.84 0 
  8746.46 1.2528e-13   8770.01 0 
  8766.63 1.2355e-13   8790.23 0 
  8786.83 1.2906e-13   8810.49 0 
  8807.09 1.2845e-13   8830.80 0 
  8827.39 1.2814e-13   8851.16 0 
  8847.74 1.2263e-13   8871.56 0 
  8868.14 1.2149e-13   8892.01 0 
  8888.58 1.1844e-13   8912.51 0 
  8909.07 1.2174e-13   8933.05 0 
  8929.61 1.2089e-13   8953.65 0 
  8950.20 1.2171e-13   8974.29 0 
  8970.83 1.1838e-13   8994.98 0 
  8991.50 1.2168e-13   9015.71 0 
  9012.24 1.1276e-13   9036.50 0 
  9033.01 1.0967e-13   9057.33 0 
  9053.83 1.2795e-13   9078.20 0 
  9074.71 1.2618e-13   9099.13 0 
  9095.62 1.1167e-13   9120.11 0 
  9116.59 1.1505e-13   9141.13 0 
  9137.60 1.1690e-13   9162.20 0 
  9158.67 1.1878e-13   9183.33 0 
  9179.78 1.1342e-13   9204.50 0 
  9200.94 1.1902e-13   9225.71 0 
  9222.16 1.1235e-13   9246.98 0 
  9243.42 1.1208e-13   9268.30 0 
  9264.72 1.1520e-13   9289.66 0 
  9286.08 1.1733e-13   9311.08 0 
  9307.49 1.0674e-13   9332.54 0 
  9328.94 1.1893e-13   9354.06 0 
  9350.45 1.1864e-13   9375.62 0 
  9372.00 1.1672e-13   9397.23 0 
  9393.61 1.1806e-13   9418.90 0 
  9415.26 1.1589e-13   9440.61 0 
  9436.97 1.1857e-13   9462.37 0 
  9458.72 1.1720e-13   9484.18 0 
  9480.52 1.1936e-13   9506.05 0 
  9502.38 1.1609e-13   9527.96 0 
  9524.29 1.1608e-13   9549.93 0 
  9546.24 1.1135e-13   9571.94 0 
  9568.25 1.1578e-13   9594.01 0 
  9590.31 1.1791e-13   9616.12 0 
  9612.41 1.1681e-13   9638.29 0 
  9634.57 1.1707e-13   9660.51 0 
  9656.78 1.1598e-13   9682.78 0 
  9679.04 1.1569e-13   9705.10 0 
  9701.35 1.1488e-13   9727.47 0 
  9723.72 1.1355e-13   9749.90 0 
  9746.14 1.1301e-13   9772.37 0 
  9768.60 1.1326e-13   9794.90 0 
  9791.12 1.1194e-13   9817.48 0 
  9813.69 1.1375e-13   9840.11 0 
  9836.31 1.1269e-13   9862.79 0 
  9858.99 1.1293e-13   9885.53 0 
  9881.72 1.1188e-13   9908.32 0 
  9904.50 1.1135e-13   9931.16 0 
  9927.33 1.1185e-13   9954.05 0 
  9950.22 1.1209e-13   9977.00 0 
  9973.15 1.1181e-13  10000.00 0 
  9996.14 1.1128e-13  10023.05 0 
 10019.18 1.1050e-13  10046.15 0 
 10065.44 1.0845e-13  10092.53 0 
 10135.20 1.1067e-13  10162.49 0 
 10181.98 1.0963e-13  10209.39 0 
 10228.99 1.0985e-13  10256.52 0 
 10276.20 1.0981e-13  10303.86 0 
 10299.89 1.0929e-13  10327.61 0 
 10491.37 1.0497e-13  10519.62 0 
 10711.06 1.0013e-13  10739.90 0 
 10910.19 9.5400e-14  10939.56 0 
 11087.47 9.1106e-14  11117.32 0 
 11293.60 8.9032e-14  11324.00 0 
 11503.56 8.8013e-14  11534.53 0 
 11690.48 8.5221e-14  11721.95 0 
 11907.83 8.1761e-14  11939.88 0 
 12101.31 7.9900e-14  12133.89 0 
 12297.94 7.8261e-14  12331.05 0 
 12497.77 7.5779e-14  12531.41 0 
 12700.84 7.3714e-14  12735.03 0 
 12907.21 7.1705e-14  12941.96 0 
 13086.77 7.0073e-14  13122.00 0 
 13299.41 6.7694e-14  13335.21 0 
 13515.51 6.5849e-14  13551.89 0 
 13703.53 6.4350e-14  13740.42 0 
 13894.17 6.1737e-14  13931.57 0 
 14087.46 5.8823e-14  14125.38 0 
 14316.36 5.7883e-14  14354.90 0 
 14515.52 5.7883e-14  14554.59 0 
 14683.60 5.5661e-14  14723.13 0 
 14887.86 5.6176e-14  14927.94 0 
 15094.97 5.6305e-14  15135.61 0 
 15304.96 5.6957e-14  15346.17 0 
 15482.19 5.6176e-14  15523.87 0 
 15697.57 5.5024e-14  15739.83 0 
 15915.95 5.2911e-14  15958.79 0 
 16100.25 5.2911e-14  16143.59 0 
 16286.67 5.2426e-14  16330.51 0 
 16513.24 5.1588e-14  16557.70 0 
 16704.46 5.1233e-14  16749.43 0 
 16897.89 5.0298e-14  16943.38 0 
 17093.57 4.9380e-14  17139.58 0 
 17291.48 4.7266e-14  17338.03 0 
 17491.72 4.5767e-14  17538.80 0 
 17694.27 4.3707e-14  17741.90 0 
 17899.16 4.1932e-14  17947.34 0 
 18106.41 3.9769e-14  18155.15 0 
 18316.07 3.8686e-14  18365.38 0 
 18485.56 3.7286e-14  18535.32 0 
 18699.60 3.5526e-14  18749.94 0 
 18916.13 3.4558e-14  18967.05 0 
 19091.17 3.3927e-14  19142.56 0 
 19312.24 3.2851e-14  19364.23 0 
 19490.92 3.1445e-14  19543.39 0 
 19716.62 3.0447e-14  19769.70 0 
 19899.06 2.9414e-14  19952.63 0 
 20083.17 2.8877e-14  20137.24 0 
 20315.73 2.7896e-14  20370.42 0 
 20503.72 2.7514e-14  20558.92 0 
 20693.42 2.6826e-14  20749.13 0 
 20884.91 2.6215e-14  20941.13 0 
 21078.14 2.5736e-14  21134.88 0 
 21322.22 2.5151e-14  21379.62 0 
 21519.52 2.4578e-14  21577.45 0 
 21718.62 2.3744e-14  21777.09 0 
 21919.59 2.3310e-14  21978.60 0 
 22122.42 2.2623e-14  22181.97 0 
 22275.75 2.2006e-14  22335.72 0 
 22481.88 2.1456e-14  22542.40 0 
 22689.89 2.0871e-14  22750.97 0 
 22899.84 1.8730e-14  22961.49 0 
 23111.72 1.8559e-14  23173.93 0 
 23325.58 1.6276e-14  23388.37 0 
 23487.28 1.5295e-14  23550.50 0 
 23704.59 1.5472e-14  23768.40 0 
 23923.93 1.4241e-14  23988.34 0 
 24089.75 1.3695e-14  24154.60 0 
 24312.66 1.3476e-14  24378.11 0 
 24481.18 1.2490e-14  24547.08 0 
 24707.71 1.2205e-14  24774.22 0 
 24878.96 1.0341e-14  24945.94 0 
 25109.18 1.0152e-14  25176.77 0 
 25283.21 1.0175e-14  25351.28 0 
 25517.17 1.0036e-14  25585.86 0 
 25694.03 1.0175e-14  25763.20 0 
 25872.15 9.9666e-15  25941.79 0 
 26111.55 9.9208e-15  26181.84 0 
 26292.53 9.6505e-15  26363.31 0 
 26474.77 9.5400e-15  26546.04 0 
 26719.75 9.3443e-15  26791.68 0 
 26904.98 9.2161e-15  26977.41 0 
 27091.46 9.0688e-15  27164.39 0 
 27279.24 8.8828e-15  27352.67 0 
 27531.66 8.7407e-15  27605.78 0 
 27722.49 8.5418e-15  27797.12 0 
 27914.67 8.4246e-15  27989.81 0 
 28108.15 8.2518e-15  28183.82 0 
 28303.00 8.1199e-15  28379.20 0 
 28499.18 7.9533e-15  28575.90 0 
 28696.74 7.7902e-15  28773.99 0 
 28895.64 7.6833e-15  28973.43 0 
 29095.95 7.5431e-15  29174.28 0 
 29297.62 7.3884e-15  29376.49 0 
 29500.72 7.2535e-15  29580.14 0 
 29705.20 7.1375e-15  29785.16 0 
 29911.12 6.9911e-15  29991.64 0 
 30118.44 6.8794e-15  30199.52 0 
 30327.20 6.7538e-15  30408.84 0 
 30467.20 6.6765e-15  30549.22 0 
 30678.38 6.6001e-15  30760.96 0 
 30891.05 6.5095e-15  30974.21 0 
 31105.16 6.4202e-15  31188.89 0 
 31320.79 6.3467e-15  31405.10 0 
 31465.35 6.2596e-15  31550.05 0 
 31683.44 6.1737e-15  31768.73 0 
 31903.08 6.1031e-15  31988.96 0 
 32124.20 6.0471e-15  32210.68 0 
 32272.51 6.0193e-15  32359.38 0 
 32496.19 6.0750e-15  32583.67 0 
 32721.43 6.3175e-15  32809.52 0 
 32872.49 7.1211e-15  32960.98 0 
 33100.33 7.0396e-15  33189.44 0 
 33329.79 6.0471e-15  33419.52 0 
 33483.62 5.6305e-15  33573.76 0 
 33715.71 5.4144e-15  33806.47 0 
 33871.36 5.2547e-15  33962.54 0 
 34106.12 5.1351e-15  34197.94 0 
 34263.54 5.0298e-15  34355.78 0 
 34501.06 4.9380e-15  34593.94 0 
 34660.30 4.8367e-15  34753.61 0 
 34900.57 4.7484e-15  34994.53 0 
 35061.66 4.6617e-15  35156.04 0 
 35304.67 4.5661e-15  35399.71 0 
 35467.66 4.4931e-15  35563.14 0 
 35713.50 4.4111e-15  35809.64 0 
 35878.37 4.3306e-15  35974.95 0 
 36127.05 4.2516e-15  36224.30 0 
 36293.79 4.1740e-15  36391.49 0 
 36461.34 4.0978e-15  36559.50 0 
 36714.06 4.0230e-15  36812.89 0 
 36883.51 3.9314e-15  36982.80 0 
 37139.20 3.8597e-15  37239.18 0 
 37310.61 3.7979e-15  37411.05 0 
 37482.82 3.7115e-15  37583.72 0 
 37742.66 3.6690e-15  37844.27 0 
 37916.86 3.6020e-15  38018.93 0 
 38091.86 3.5363e-15  38194.41 0 
 38267.72 3.4798e-15  38370.73 0 
 38532.96 3.4162e-15  38636.69 0 
 38710.85 3.3539e-15  38815.06 0 
 38889.52 3.2927e-15  38994.21 0 
 39069.01 3.2326e-15  39174.18 0 
 39339.84 3.1809e-15  39445.75 0 
 39521.42 3.1156e-15  39627.81 0 
 39703.82 3.0658e-15  39810.71 0 
 39887.12 3.0030e-15  39994.50 0 
 40071.22 2.9549e-15  40179.09 0 
 40256.17 2.9077e-15  40364.54 0 
 40535.23 2.8481e-15  40644.35 0 
 40722.32 2.8090e-15  40831.95 0 
 40910.27 2.7641e-15  41020.40 0 
 41099.09 2.7199e-15  41209.73 0 
 41288.83 2.6826e-15  41399.98 0 
 41479.40 2.6336e-15  41591.06 0 
 41670.84 2.5915e-15  41783.02 0 
 41863.22 2.5500e-15  41975.91 0 
 42056.43 2.5093e-15  42169.65 0 
 42347.93 2.4806e-15  42461.93 0 
 42543.44 2.4353e-15  42657.96 0 
 42739.79 2.4019e-15  42854.85 0 
 42937.06 2.3203e-15  43052.64 0 
 43135.28 2.2364e-15  43251.40 0 
 43334.37 2.2313e-15  43451.02 0 
 43534.38 2.1555e-15  43651.57 0 
 43735.35 2.1113e-15  43853.09 0 
 43937.21 2.0775e-15  44055.49 0 
 44140.00 2.0163e-15  44258.83 0 
 44343.73 1.9932e-15  44463.10 0 
 44548.44 1.9613e-15  44668.37 0 
 44651.13 1.9123e-15  44771.33 0 
 44857.22 1.9035e-15  44977.97 0 
 45064.30 1.8687e-15  45185.62 0 
 45272.29 1.8304e-15  45394.17 0 
 45481.25 1.8178e-15  45603.68 0 
 45691.16 1.7970e-15  45814.16 0 
 45902.10 1.7521e-15  46025.67 0 
 46113.96 1.7480e-15  46238.10 0 
 46326.80 1.7201e-15  46451.51 0 
 46540.67 1.6965e-15  46665.95 0 
 46647.95 1.6848e-15  46773.52 0 
 46863.25 1.6617e-15  46989.40 0 
 47079.54 1.6389e-15  47206.28 0 
 47296.89 1.6314e-15  47424.21 0 
 47515.19 1.6053e-15  47643.10 0 
 47734.49 1.5906e-15  47862.99 0 
 47954.86 1.5723e-15  48083.95 0 
 48065.40 1.5472e-15  48194.79 0 
 48287.24 1.5436e-15  48417.23 0 
 48510.11 1.5225e-15  48640.70 0 
 48734.06 1.5016e-15  48865.25 0 
 48846.39 1.4844e-15  48977.89 0 
 49071.84 1.4674e-15  49203.95 0 
 49298.33 1.4539e-15  49431.04 0 
 49525.92 1.4340e-15  49659.24 0 
 49754.51 1.4274e-15  49888.45 0 
 49869.19 1.4078e-15  50003.44 0 
 50099.42 1.3934e-15  50234.29 0 
 50330.65 1.3791e-15  50466.14 0 
 50446.66 1.3594e-15  50582.46 0 
 50679.50 1.3485e-15  50815.93 0 
 50796.32 1.3416e-15  50933.06 0 
 50913.46 1.3377e-15  51050.52 0 
 51030.82 1.3278e-15  51168.20 0 
 51148.45 1.3179e-15  51286.14 0 
 51266.35 1.3081e-15  51404.36 0 
 51384.52 1.3013e-15  51522.85 0 
 51502.97 1.2946e-15  51641.62 0 
 51621.75 1.2879e-15  51760.71 0 
 51740.74 1.2842e-15  51880.02 0 
 51860.00 1.2746e-15  51999.61 0 
 51979.54 1.2681e-15  52119.47 0 
 52099.36 1.2615e-15  52239.61 0 
 52219.45 1.2550e-15  52360.03 0 
 52339.82 1.2456e-15  52480.72 0 
 52460.53 1.2420e-15  52601.75 0 
 52581.45 1.2384e-15  52723.00 0 
 52702.66 1.2349e-15  52844.53 0 
 52824.14 1.2256e-15  52966.34 0 
 52945.90 1.2165e-15  53088.43 0 
 53067.95 1.2102e-15  53210.80 0 
 53190.33 1.2039e-15  53333.52 0 
 53312.94 1.2004e-15  53456.46 0 
 53435.83 1.1969e-15  53579.68 0 
 53559.00 1.1907e-15  53703.18 0 
 53682.46 1.1873e-15  53826.97 0 
 53806.20 1.1811e-15  53951.05 0 
 53930.23 1.1777e-15  54075.41 0 
 54054.60 1.1743e-15  54200.11 0 
 54179.20 1.1682e-15  54325.05 0 
 54304.09 1.1621e-15  54450.27 0 
 54429.26 1.1587e-15  54575.79 0 
 54554.72 1.1580e-15  54701.59 0 
 54680.48 1.1520e-15  54827.68 0 
 54806.52 1.1486e-15  54954.06 0 
 54932.91 1.1453e-15  55080.79 0 
 55059.54 1.1419e-15  55207.76 0 
 55186.45 1.1412e-15  55335.02 0 
 55313.66 1.1431e-15  55462.57 0 
 55441.16 1.1398e-15  55590.41 0 
 55568.96 1.1338e-15  55718.55 0 
 55697.11 1.1331e-15  55847.05 0 
 55825.50 1.1324e-15  55975.78 0 
 55954.18 1.1317e-15  56104.81 0 
 56083.16 1.1310e-15  56234.13 0 
 56212.43 1.1328e-15  56363.76 0 
 56342.01 1.1295e-15  56493.68 0 
 56471.88 1.1314e-15  56623.90 0 
 56602.11 1.1359e-15  56754.48 0 
 56732.58 1.1352e-15  56885.31 0 
 56863.36 1.1370e-15  57016.43 0 
 56994.43 1.1389e-15  57147.86 0 
 57125.81 1.1461e-15  57279.59 0 
 57257.48 1.1506e-15  57411.62 0 
 57389.53 1.1552e-15  57544.02 0 
 57521.82 1.1597e-15  57676.67 0 
 57654.41 1.1670e-15  57809.62 0 
 57787.31 1.1743e-15  57942.87 0 
 57920.51 1.1844e-15  58076.43 0 
 58054.02 1.1918e-15  58210.30 0 
 58187.84 1.2020e-15  58344.48 0 
 58322.03 1.2180e-15  58479.04 0 
 58456.47 1.2284e-15  58613.83 0 
 58591.21 1.2447e-15  58748.94 0 
 58726.27 1.2611e-15  58884.36 0 
 58861.64 1.2807e-15  59020.09 0 
 58997.32 1.3037e-15  59156.14 0 
 59085.89 1.5592e-15  59244.95 3 
 59394.92 9.6281e-16  59554.81 3 
 59703.94 1.0238e-15  59864.66 3 
 60012.95 1.6441e-15  60174.51 3 
 60321.98 1.6154e-15  60484.37 3 
 60631.00 1.8628e-15  60794.22 3 
 60940.02 1.6546e-15  61104.07 3 
 61249.05 3.0880e-15  61413.93 3 
 61558.07 4.8449e-15  61723.78 3 
 61867.08 5.8050e-15  62033.63 3 
 62176.11 6.3323e-15  62343.49 3 
 62485.13 5.7421e-15  62653.34 3 
 62794.15 4.6867e-15  62963.19 3 
 63103.17 3.5460e-15  63273.05 3 
 63412.20 2.9227e-15  63582.90 3 
 63721.22 2.9870e-15  63892.76 3 
 64030.24 3.1299e-15  64202.61 3 
 64339.26 2.5382e-15  64512.46 3 
 64648.29 2.1105e-15  64822.32 3 
 64957.30 1.9176e-15  65132.17 3 
 65266.32 1.8296e-15  65442.02 3 
 65575.35 1.9655e-15  65751.88 3 
 65884.37 1.8996e-15  66061.73 3 
 66193.39 2.0727e-15  66371.58 3 
 66502.42 1.8656e-15  66681.45 3 
 66811.43 1.6780e-15  66991.29 3 
 67120.45 1.9157e-15  67301.14 3 
 67429.48 2.1031e-15  67611.00 3 
 67738.50 2.5935e-15  67920.85 3 
 68047.53 2.1285e-15  68230.71 3 
 68356.55 2.3000e-15  68540.56 3 
 68665.57 2.0089e-15  68850.41 3 
 68974.59 1.7141e-15  69160.27 3 
 69283.61 2.0721e-15  69470.12 3 
 69592.63 2.7386e-15  69779.98 3 
 69901.65 3.1521e-15  70089.83 3 
 70210.67 2.2501e-15  70399.68 3 
 70519.70 1.7127e-15  70709.54 3 
 70828.72 2.3710e-15  71019.39 3 
 71137.74 2.1695e-15  71329.24 3 
 71446.77 2.4336e-15  71639.10 3 
 71755.78 1.9858e-15  71948.95 3 
 72064.81 2.8217e-15  72258.81 3 
 72373.83 2.2528e-15  72568.66 3 
 72682.85 3.3151e-15  72878.51 3 
 72991.88 3.9090e-15  73188.38 3 
 73300.89 3.5196e-15  73498.22 3 
 73609.91 3.2913e-15  73808.07 3 
 73918.94 3.7152e-15  74117.93 3 
 74227.96 3.5464e-15  74427.78 3 
 74536.98 4.1477e-15  74737.63 3 
 74846.00 4.2619e-15  75047.48 3 
 75134.80 4.6755e-15  75337.06 3 
 75155.03 5.2502e-15  75357.34 3 
 75464.05 5.7973e-15  75667.20 3 
 75754.06 5.6408e-15  75957.99 3 
 75773.07 5.4618e-15  75977.05 3 
 76373.34 5.5673e-15  76578.94 3 
 76992.61 5.5471e-15  77199.88 3 
 77611.89 5.1295e-15  77820.82 3 
 78231.16 4.9727e-15  78441.76 3 
 78850.45 4.4471e-15  79062.71 3 
 79469.72 3.5892e-15  79683.65 3 
 80088.99 3.2403e-15  80304.59 3 
 80708.27 2.6623e-15  80925.54 3 
 81327.54 2.6262e-15  81546.48 3 
 81946.81 2.1292e-15  82167.41 3 
 82566.09 2.4030e-15  82788.36 3 
 83185.36 2.2613e-15  83409.30 3 
 83804.65 2.2621e-15  84030.25 3 
 84423.92 2.6203e-15  84651.19 3 
 85043.20 2.6617e-15  85272.13 3 
 85662.47 2.9912e-15  85893.07 3 
 86281.75 2.8545e-15  86514.02 3 
 86901.02 2.5874e-15  87134.95 3 
 87520.29 2.1165e-15  87755.90 3 
 88139.57 1.5569e-15  88376.84 3 
 88758.84 1.3584e-15  88997.78 3 
 89378.11 1.2564e-15  89618.72 3 
 89997.39 1.2850e-15  90239.66 3 
 90616.66 9.3431e-16  90860.60 3 
 91235.95 7.9146e-16  91481.55 3 
 91855.22 5.3012e-16  92102.49 3 
 92474.50 6.2026e-16  92723.44 3 
 93093.77 8.2897e-16  93344.38 3 
 93713.04 6.5333e-16  93965.32 3 
 94332.32 7.4232e-16  94586.26 3 
 94951.59 7.8001e-16  95207.20 3 
 95570.87 7.7357e-16  95828.15 3 
 96190.14 8.0627e-16  96449.09 3 
 96809.41 8.9265e-16  97070.02 3 
 97428.70 6.6858e-16  97690.98 3 
 98047.98 7.5648e-16  98311.92 3 
 98667.25 6.3936e-16  98932.86 3 
 99286.53 6.0545e-16  99553.80 3 
 99905.76 4.9892e-16 100174.70 3 
100525.08 5.9888e-16 100795.70 3 
101144.31 5.4200e-16 101416.59 3 
101763.65 6.2838e-16 102037.60 3 
102382.89 6.4533e-16 102658.50 3 
103002.21 6.4330e-16 103279.49 3 
103621.46 6.9346e-16 103900.41 3 
104240.69 6.9254e-16 104521.30 3 
104860.01 6.6954e-16 105142.30 3 
105479.25 8.4375e-16 105763.20 3 
106098.59 8.9799e-16 106384.20 3 
106717.82 8.3723e-16 107005.10 3 
107337.05 9.0122e-16 107626.00 3 
107956.38 8.3301e-16 108247.00 3 
108575.62 1.0111e-15 108867.91 3 
109194.95 1.1335e-15 109488.90 3 
109814.18 1.3385e-15 110109.80 3 
110433.51 1.4535e-15 110730.80 3 
111052.75 1.8371e-15 111351.70 3 
111671.98 2.6982e-15 111972.60 3 
112291.31 3.5299e-15 112593.60 3 
112910.54 3.3641e-15 113214.50 3 
113529.88 2.5623e-15 113835.50 3 
114149.11 2.0087e-15 114456.40 3 
114768.44 1.6213e-15 115077.40 3 
115387.67 1.3721e-15 115698.30 3 
116006.90 1.2303e-15 116319.20 3 
116626.25 1.0691e-15 116940.20 3 
117245.48 1.0529e-15 117561.10 3 
117864.80 1.0972e-15 118182.09 3 
118484.03 1.0240e-15 118802.99 3 
119103.37 1.1396e-15 119424.00 3 
119722.61 1.1339e-15 120044.90 3 
120341.84 1.0624e-15 120665.80 3 
120961.18 1.0047e-15 121286.80 3 
121580.41 9.5339e-16 121907.70 3 
122199.73 1.0276e-15 122528.70 3 
122818.97 1.0529e-15 123149.59 3 
123438.21 1.1326e-15 123770.51 3 
124057.54 1.0600e-15 124391.50 3 
124676.77 1.1931e-15 125012.40 3 
125296.10 1.2188e-15 125633.40 3 
125915.34 1.3618e-15 126254.30 3 
126534.67 1.4017e-15 126875.30 3 
127153.90 1.6348e-15 127496.20 3 
127773.14 2.1513e-15 128117.10 3 
128392.47 1.9148e-15 128738.10 3 
129011.70 1.1455e-15 129359.00 3 
129631.03 8.1138e-16 129980.00 3 
130250.26 6.9494e-16 130600.90 3 
130869.50 6.7013e-16 131221.80 3 
131488.83 6.5549e-16 131842.80 3 
132108.07 6.8228e-16 132463.70 3 
132727.40 6.7026e-16 133084.70 3 
133346.62 5.7734e-16 133705.59 3 
133965.96 6.2033e-16 134326.59 3 
134585.20 7.2441e-16 134947.50 3 
135204.44 6.4145e-16 135568.41 3 
135823.77 6.5710e-16 136189.41 3 
136442.99 6.1623e-16 136810.30 3 
137062.33 5.7132e-16 137431.30 3 
137681.56 5.5744e-16 138052.20 3 
138300.90 4.9553e-16 138673.20 3 
138920.12 5.3272e-16 139294.09 3 
139539.36 5.7820e-16 139915.00 3 
140158.69 4.9722e-16 140536.00 3 
140777.93 4.9004e-16 141156.91 3 
141397.25 6.0613e-16 141777.89 3 
142016.49 5.4361e-16 142398.80 3 
142635.82 4.8350e-16 143019.80 3 
143255.06 4.3605e-16 143640.70 3 
143874.28 4.7980e-16 144261.59 3 
144493.63 4.6515e-16 144882.61 3 
145026.49 4.4779e-16 145416.91 3 
145940.92 4.5106e-16 146333.80 3 
146855.46 4.2814e-16 147250.80 3 
147769.91 4.3055e-16 148167.70 3 
148684.34 4.2542e-16 149084.59 3 
149598.78 4.1247e-16 150001.50 3 
150513.32 4.1957e-16 150918.50 3 
151427.76 4.0170e-16 151835.41 3 
152342.19 4.3045e-16 152752.30 3 
153256.73 4.1833e-16 153669.30 3 
154171.17 4.6272e-16 154586.20 3 
155085.60 7.6071e-16 155503.09 3 
156000.05 7.9974e-16 156420.00 3 
156914.59 5.0771e-16 157337.00 3 
157829.03 4.5470e-16 158253.91 3 
158743.46 4.7511e-16 159170.80 3 
159658.00 4.9119e-16 160087.80 3 
160572.44 4.7860e-16 161004.70 3 
161486.87 4.8290e-16 161921.59 3 
162401.41 5.4415e-16 162838.59 3 
163315.85 6.8891e-16 163755.50 3 
164230.28 8.5053e-16 164672.39 3 
165144.73 7.9199e-16 165589.30 3 
166059.28 6.7728e-16 166506.31 3 
166973.69 6.8131e-16 167423.19 3 
167888.14 6.7871e-16 168340.09 3 
168802.58 6.8090e-16 169257.00 3 
169717.12 7.8395e-16 170174.00 3 
170631.57 8.5259e-16 171090.91 3 
171546.01 7.5222e-16 172007.81 3 
172460.55 7.0928e-16 172924.81 3 
173374.98 7.4163e-16 173841.70 3 
174289.42 6.9264e-16 174758.61 3 
175203.96 6.0644e-16 175675.61 3 
176118.39 5.4403e-16 176592.50 3 
177032.83 5.7158e-16 177509.41 3 
177947.26 5.5083e-16 178426.30 3 
178861.80 5.1585e-16 179343.30 3 
179776.25 4.7832e-16 180260.20 3 
180690.67 4.2258e-16 181177.09 3 
181605.21 4.3787e-16 182094.09 3 
182519.66 4.3557e-16 183011.00 3 
183434.09 4.2366e-16 183927.89 3 
184348.62 4.2906e-16 184844.89 3 
185263.07 4.3589e-16 185761.80 3 
186177.51 6.5596e-16 186678.70 3 
187091.94 1.0815e-15 187595.59 3 
188006.48 7.5996e-16 188512.59 3 
188920.92 5.0936e-16 189429.50 3 
189835.35 4.2471e-16 190346.39 3 
190749.91 4.4982e-16 191263.41 3 
191664.35 3.9699e-16 192180.31 3 
192578.77 3.7398e-16 193097.19 3 
193493.21 3.7659e-16 194014.09 3 
194407.76 3.9507e-16 194931.11 3 
195322.19 4.0152e-16 195848.00 3 
196236.64 3.8796e-16 196764.91 3 
197151.18 3.7340e-16 197681.91 3 
198065.60 3.9203e-16 198598.80 3 
198980.05 3.8465e-16 199515.70 3 
199894.49 3.8205e-16 200432.61 3 
200809.03 3.6741e-16 201349.61 3 
201723.46 3.7745e-16 202266.50 3 
202637.91 3.8464e-16 203183.41 3 
203552.44 3.6515e-16 204100.41 3 
204649.58 3.5386e-16 205200.50 3 
206410.16 3.8483e-16 206965.81 3 
208171.80 3.6275e-16 208732.20 3 
209934.36 3.6369e-16 210499.50 3 
211698.00 3.6379e-16 212267.89 3 
213462.66 3.7943e-16 214037.30 3 
215228.40 3.5432e-16 215807.80 3 
216995.04 3.7183e-16 217579.19 3 
218762.78 3.7284e-16 219351.69 3 
220531.53 3.7174e-16 221125.20 3 
222301.36 3.6345e-16 222899.80 3 
224072.20 3.7472e-16 224675.41 3 
225844.03 3.7132e-16 226452.00 3 
227616.94 3.7497e-16 228229.69 3 
229390.87 3.8204e-16 230008.39 3 
231165.80 3.6840e-16 231788.09 3 
232941.81 3.7087e-16 233568.89 3 
234718.84 3.8309e-16 235350.70 3 
236496.94 3.7375e-16 237133.59 3 
238276.15 3.7242e-16 238917.59 3 
240056.36 3.6790e-16 240702.59 3 
241837.57 3.7356e-16 242488.59 3 
243619.88 3.6026e-16 244275.70 3 
245403.17 3.6746e-16 246063.80 3 
247187.68 3.5991e-16 247853.11 3 
248973.08 3.7236e-16 249643.31 3 
250759.55 3.7685e-16 251434.59 3 
252547.14 3.6995e-16 253227.00 3 
254335.83 3.7520e-16 255020.50 3 
256125.51 3.7671e-16 256815.00 3 
257916.28 3.9541e-16 258610.59 3 
259708.16 4.1057e-16 260407.30 3 
261501.13 3.7678e-16 262205.09 3 
263295.12 3.6131e-16 264003.91 3 
265090.16 3.4822e-16 265803.78 3 
266886.35 3.4670e-16 267604.81 3 
268683.49 3.5537e-16 269406.78 3 
270481.86 3.4992e-16 271210.00 3 
272281.21 3.4873e-16 273014.19 3 
274081.67 3.5299e-16 274819.50 3 
275883.23 3.4145e-16 276625.91 3 
277685.88 3.4767e-16 278433.41 3 
279489.61 3.5467e-16 280242.00 3 
281294.44 4.0477e-16 282051.69 3 
283100.39 3.9153e-16 283862.50 3 
284907.44 3.5077e-16 285674.41 3 
286715.57 3.4372e-16 287487.41 3 
288524.79 3.4351e-16 289301.50 3 
290335.11 3.4882e-16 291116.69 3 
292146.54 3.5322e-16 292933.00 3 
293959.07 3.4525e-16 294750.41 3 
295772.69 3.4951e-16 296568.91 3 
297587.49 3.5539e-16 298388.59 3 
299403.41 3.5560e-16 300209.41 3 
301220.30 3.4995e-16 302031.19 3 
303038.41 3.5392e-16 303854.19 3 
304857.60 3.5782e-16 305678.28 3 
306678.02 3.5588e-16 307503.59 3 
308499.43 3.5612e-16 309329.91 3 
310322.02 3.5230e-16 311157.41 3 
312145.80 3.5838e-16 312986.09 3 
313970.60 3.5041e-16 314815.81 3 
315796.59 3.6688e-16 316646.72 3 
317623.74 3.7684e-16 318478.78 3 
319451.91 3.6951e-16 320311.88 3 
321281.30 3.7013e-16 322146.19 3 
323111.90 3.7623e-16 323981.72 3 
324943.53 3.6924e-16 325818.28 3 
326776.29 3.7555e-16 327655.97 3 
328610.29 3.7795e-16 329494.91 3 
330445.44 3.9478e-16 331335.00 3 
332281.69 4.4509e-16 333176.19 3 
334119.05 7.3214e-16 335018.50 3 
335957.60 7.4604e-16 336862.00 3 
337797.37 4.3153e-16 338706.72 3 
339638.29 3.8752e-16 340552.59 3 
341480.33 3.8298e-16 342399.59 3 
343323.49 3.7997e-16 344247.72 3 
345167.90 4.3073e-16 346097.09 3 
347013.46 6.6974e-16 347947.62 3 
348860.18 9.0813e-16 349799.31 3 
