# An Atlas of Galaxy Spectral Energy Distributions from the Ultraviolet to the Mid-Infrared
# Brown et al. (2014)
# http://dx.doi.org/10.5072/03/529D3551F0117
# 
# Column 1 : Restframe Wavelength (Angstrom)
# Column 2 : Flux per unit wavelength (ergs/s/cm^2/Angstrom)
# Column 3 : Observed wavelength (Angstrom)
# Column 4 : Source (0 = model, 1 = Optical Spectrum, 2 = Akari, 3 = Spitzer IRS)
# 
   102.07 1.0566e-20    102.57 0 
   103.97 1.2910e-20    104.47 0 
   105.90 1.6103e-20    106.41 0 
   108.12 2.0460e-20    108.64 0 
   109.87 2.9642e-20    110.41 0 
   114.00 4.2748e-20    114.55 0 
   118.00 5.8065e-20    118.58 0 
   121.03 2.0793e-19    121.62 0 
   125.00 2.6480e-19    125.60 0 
   127.03 2.9101e-19    127.64 0 
   127.91 3.0968e-19    128.53 0 
   130.89 3.5068e-19    131.52 0 
   132.10 4.1391e-19    132.74 0 
   133.94 4.4556e-19    134.59 0 
   137.06 5.6874e-19    137.72 0 
   139.93 6.3374e-19    140.60 0 
   142.86 1.6707e-18    143.55 0 
   146.86 4.0730e-18    147.57 0 
   150.97 4.4865e-18    151.71 0 
   154.84 4.9878e-18    155.60 0 
   159.18 5.5579e-18    159.96 0 
   162.14 5.9829e-18    162.93 0 
   165.92 6.6667e-18    166.72 0 
   170.18 7.2763e-18    171.00 0 
   172.94 7.7967e-18    173.78 0 
   176.97 8.4511e-18    177.83 0 
   179.84 8.9724e-18    180.72 0 
   181.93 9.3521e-18    182.81 0 
   186.16 1.0067e-17    187.07 0 
   190.94 1.1039e-17    191.87 0 
   194.04 1.1720e-17    194.98 0 
   198.11 1.2500e-17    199.07 0 
   201.79 1.3363e-17    202.77 0 
   205.07 1.4025e-17    206.06 0 
   209.84 1.4518e-17    210.86 0 
   216.22 1.6516e-17    217.27 0 
   220.24 1.7535e-17    221.31 0 
   222.79 1.8068e-17    223.87 0 
   226.93 1.9183e-17    228.03 0 
   230.09 2.9506e-17    231.21 0 
   233.83 4.9878e-17    234.96 0 
   239.83 6.2074e-17    240.99 0 
   245.98 5.9829e-17    247.17 0 
   252.29 6.4256e-17    253.51 0 
   256.98 5.4943e-17    258.23 0 
   259.95 6.3374e-17    261.22 0 
   264.18 6.6975e-17    265.46 0 
   269.09 6.7439e-17    270.40 0 
   274.09 6.7750e-17    275.42 0 
   279.19 6.8063e-17    280.54 0 
   283.72 6.8377e-17    285.10 0 
   290.33 6.5752e-17    291.74 0 
   295.73 6.7284e-17    297.17 0 
   301.23 6.6514e-17    302.69 0 
   308.25 6.7594e-17    309.74 0 
   318.34 6.9328e-17    319.89 0 
   328.02 6.9328e-17    329.61 0 
   337.98 6.8693e-17    339.63 0 
   348.25 6.7906e-17    349.95 0 
   357.19 6.7594e-17    358.92 0 
   366.35 6.7439e-17    368.13 0 
   374.88 6.6667e-17    376.70 0 
   385.39 6.3813e-17    387.26 0 
   395.27 6.4850e-17    397.19 0 
   405.41 6.4404e-17    407.38 0 
   413.90 6.3228e-17    415.91 0 
   421.60 6.1931e-17    423.64 0 
   430.42 6.0801e-17    432.51 0 
   441.47 5.9967e-17    443.61 0 
   450.71 5.8602e-17    452.90 0 
   460.15 5.7268e-17    462.38 0 
   469.78 5.6093e-17    472.06 0 
   479.62 5.5324e-17    481.95 0 
   489.66 5.3569e-17    492.04 0 
   499.92 5.3200e-17    502.34 0 
   505.70 5.2956e-17    508.16 0 
   511.56 6.1222e-17    514.04 0 
   519.87 6.0941e-17    522.40 0 
   529.54 6.0244e-17    532.11 0 
   539.38 5.7798e-17    542.00 0 
   549.41 6.2361e-17    552.08 0 
   559.62 6.6056e-17    562.34 0 
   570.03 6.9010e-17    572.80 0 
   580.63 6.6514e-17    583.45 0 
   590.06 7.2429e-17    592.93 0 
   599.65 7.2262e-17    602.56 0 
   609.39 7.4116e-17    612.35 0 
   619.29 8.4122e-17    622.30 0 
   629.36 8.7279e-17    632.41 0 
   639.58 8.8087e-17    642.69 0 
   649.98 9.5041e-17    653.13 0 
   657.50 9.8381e-17    660.69 0 
   665.12 1.0325e-16    668.34 0 
   674.37 1.0445e-16    677.64 0 
   685.33 1.0254e-16    688.65 0 
   694.86 1.2414e-16    698.23 0 
   704.53 1.1828e-16    707.95 0 
   715.97 1.3897e-16    719.45 0 
   725.93 1.4418e-16    729.46 0 
   734.34 1.4959e-16    737.90 0 
   744.56 1.6440e-16    748.17 0 
   754.91 1.7415e-16    758.58 0 
   765.41 1.7944e-16    769.13 0 
   774.28 1.9811e-16    778.04 0 
   785.05 2.0937e-16    788.86 0 
   794.14 2.2076e-16    797.99 0 
   805.19 2.3223e-16    809.10 0 
   814.51 2.4150e-16    818.46 0 
   825.84 2.6358e-16    829.85 0 
   835.40 2.2229e-16    839.46 0 
   845.08 2.8049e-16    849.18 0 
   854.86 2.8967e-16    859.01 0 
   864.76 3.1254e-16    868.96 0 
   874.78 3.3413e-16    879.02 0 
   884.91 3.6134e-16    889.20 0 
   895.15 3.8099e-16    899.50 0 
   905.52 3.8540e-16    909.91 0 
   916.00 5.4690e-16    920.45 0 
   924.48 3.3722e-15    928.97 0 
   935.18 7.4116e-15    939.72 0 
   946.01 1.4253e-14    950.60 0 
   954.77 2.0226e-14    959.40 0 
   965.82 2.2904e-14    970.51 0 
   974.76 3.7837e-15    979.49 0 
   986.05 1.9539e-14    990.83 0 
   995.17 2.0555e-14   1000.00 0 
  1004.38 2.9848e-14   1009.25 0 
  1016.01 2.8504e-14   1020.94 0 
  1025.41 1.2104e-14   1030.39 0 
  1034.90 1.9811e-14   1039.92 0 
  1044.47 3.8011e-14   1049.54 0 
  1054.14 3.7232e-14   1059.25 0 
  1063.89 2.9370e-14   1069.05 0 
  1076.21 3.4907e-14   1081.43 0 
  1086.17 2.7537e-14   1091.44 0 
  1096.22 3.6468e-14   1101.54 0 
  1103.82 3.4907e-14   1109.18 0 
  1114.03 3.3413e-14   1119.44 0 
  1124.34 2.9985e-14   1129.80 0 
  1134.74 3.8011e-14   1140.25 0 
  1145.24 3.4428e-14   1150.80 0 
  1155.84 3.6468e-14   1161.45 0 
  1163.85 3.7576e-14   1169.50 0 
  1174.62 2.5996e-14   1180.32 0 
  1185.49 3.6217e-14   1191.24 0 
  1193.71 2.4941e-14   1199.50 0 
  1204.75 1.7985e-14   1210.60 0 
  1215.90 1.1883e-14   1221.80 0 
  1224.33 2.4261e-14   1230.27 0 
  1235.65 3.6636e-14   1241.65 0 
  1244.22 4.0263e-14   1250.26 0 
  1255.73 3.8363e-14   1261.83 0 
  1264.44 3.3030e-14   1270.57 0 
  1276.14 4.2453e-14   1282.33 0 
  1284.98 4.4352e-14   1291.22 0 
  1293.89 3.5068e-14   1300.17 0 
  1305.86 3.4587e-14   1312.20 0 
  1314.91 4.3044e-14   1321.30 0 
  1324.03 4.1107e-14   1330.45 0 
  1336.28 3.6468e-14   1342.77 0 
  1345.54 4.3143e-14   1352.07 0 
  1354.87 4.1678e-14   1361.44 0 
  1364.26 3.7232e-14   1370.88 0 
  1373.72 3.8986e-14   1380.38 0 
  1386.43 3.9347e-14   1393.16 0 
  1396.04 3.3956e-14   1402.81 0 
  1405.71 3.5068e-14   1412.54 0 
  1415.46 3.6217e-14   1422.33 0 
  1425.27 3.7060e-14   1432.19 0 
  1435.15 3.6805e-14   1442.12 0 
  1441.77 3.8718e-14   1448.77 0 
  1448.43 3.9256e-14   1455.46 0 
  1455.11 3.8099e-14   1462.18 0 
  1465.20 3.5149e-14   1472.31 0 
  1475.36 3.5068e-14   1482.52 0 
  1485.58 3.5638e-14   1492.79 0 
  1495.88 3.6134e-14   1503.14 0 
  1506.25 3.4191e-14   1513.56 0 
  1513.20 3.0473e-14   1520.55 0 
  1516.69 3.2502e-14   1524.05 0 
  1523.69 3.1544e-14   1531.09 0 
  1534.25 2.7473e-14   1541.70 0 
  1544.89 2.9711e-14   1552.39 0 
  1555.60 2.8113e-14   1563.15 0 
  1566.38 2.8834e-14   1573.98 0 
  1573.61 3.0684e-14   1581.25 0 
  1584.52 3.2056e-14   1592.21 0 
  1595.50 3.2652e-14   1603.25 0 
  1606.56 3.1909e-14   1614.36 0 
  1613.98 3.1909e-14   1621.81 0 
  1625.16 3.0263e-14   1633.05 0 
  1636.43 3.2130e-14   1644.37 0 
  1643.98 3.2502e-14   1651.96 0 
  1655.38 3.0124e-14   1663.41 0 
  1666.85 3.2727e-14   1674.94 0 
  1670.69 2.9303e-14   1678.80 0 
  1678.41 3.2878e-14   1686.55 0 
  1686.15 3.4112e-14   1694.34 0 
  1693.94 3.2056e-14   1702.16 0 
  1705.68 3.0755e-14   1713.96 0 
  1713.55 2.9168e-14   1721.87 0 
  1725.43 2.8968e-14   1733.80 0 
  1733.39 3.0755e-14   1741.81 0 
  1745.41 2.9985e-14   1753.88 0 
  1753.46 3.1762e-14   1761.98 0 
  1765.62 2.9236e-14   1774.19 0 
  1773.77 2.9848e-14   1782.38 0 
  1786.06 3.0333e-14   1794.73 0 
  1794.31 3.2130e-14   1803.02 0 
  1806.75 3.1835e-14   1815.52 0 
  1815.08 2.9438e-14   1823.90 0 
  1823.46 2.9985e-14   1832.31 0 
  1836.10 2.8834e-14   1845.02 0 
  1844.58 2.6541e-14   1853.53 0 
  1853.09 2.6663e-14   1862.09 0 
  1865.94 2.7347e-14   1874.99 0 
  1874.55 2.9370e-14   1883.65 0 
  1883.20 2.7096e-14   1892.34 0 
  1896.26 2.5936e-14   1905.46 0 
  1905.01 2.7473e-14   1914.26 0 
  1913.80 2.6419e-14   1923.09 0 
  1927.07 2.5817e-14   1936.42 0 
  1935.96 2.6602e-14   1945.36 0 
  1944.90 2.7664e-14   1954.34 0 
  1953.88 2.5817e-14   1963.36 0 
  1967.42 2.8113e-14   1976.97 0 
  1976.50 2.8834e-14   1986.10 0 
  1985.62 2.7284e-14   1995.26 0 
  1994.79 2.6480e-14   2004.47 0 
  2004.00 2.7221e-14   2013.72 0 
  2013.25 2.6358e-14   2023.02 0 
  2027.20 2.7410e-14   2037.04 0 
  2036.56 2.5996e-14   2046.45 0 
  2045.96 2.6848e-14   2055.89 0 
  2055.40 2.5346e-14   2065.38 0 
  2064.89 2.5581e-14   2074.91 0 
  2074.42 2.7473e-14   2084.49 0 
  2079.20 2.6176e-14   2089.30 0 
  2084.00 2.7034e-14   2094.11 0 
  2093.62 2.5640e-14   2103.78 0 
  2103.28 2.5817e-14   2113.49 0 
  2112.99 2.6056e-14   2123.24 0 
  2122.74 2.6358e-14   2133.04 0 
  2137.46 2.4655e-14   2147.83 0 
  2147.32 2.5114e-14   2157.74 0 
  2157.23 2.5936e-14   2167.70 0 
  2167.19 2.5114e-14   2177.71 0 
  2177.19 2.4941e-14   2187.76 0 
  2187.24 2.4486e-14   2197.86 0 
  2197.34 2.5522e-14   2208.01 0 
  2207.48 2.4826e-14   2218.20 0 
  2212.57 2.3709e-14   2223.31 0 
  2222.78 2.3063e-14   2233.57 0 
  2233.04 2.4317e-14   2243.88 0 
  2243.35 2.3384e-14   2254.24 0 
  2253.70 2.2486e-14   2264.64 0 
  2264.11 2.2904e-14   2275.10 0 
  2274.56 2.3384e-14   2285.60 0 
  2285.06 2.3818e-14   2296.15 0 
  2295.60 2.2542e-14   2306.75 0 
  2306.20 2.2601e-14   2317.39 0 
  2316.85 2.1740e-14   2328.09 0 
  2327.54 1.7717e-14   2338.84 0 
  2332.90 2.0391e-14   2344.23 0 
  2343.67 1.9796e-14   2355.05 0 
  2354.49 2.1072e-14   2365.92 0 
  2365.36 1.9627e-14   2376.84 0 
  2376.28 2.0044e-14   2387.81 0 
  2387.25 1.8755e-14   2398.83 0 
  2392.75 1.9778e-14   2404.36 0 
  2403.79 1.9068e-14   2415.46 0 
  2414.89 1.9429e-14   2426.61 0 
  2426.04 2.0351e-14   2437.81 0 
  2437.23 1.9621e-14   2449.06 0 
  2442.85 2.0549e-14   2454.71 0 
  2454.13 2.0227e-14   2466.04 0 
  2465.46 2.0048e-14   2477.42 0 
  2476.83 1.9373e-14   2488.86 0 
  2482.54 1.9691e-14   2494.60 0 
  2494.00 1.8256e-14   2506.11 0 
  2505.52 2.0349e-14   2517.68 0 
  2511.29 1.8434e-14   2523.48 0 
  2517.08 1.8910e-14   2529.30 0 
  2522.88 1.8229e-14   2535.13 0 
  2534.53 1.8403e-14   2546.83 0 
  2546.23 1.8115e-14   2558.59 0 
  2552.10 1.9192e-14   2564.48 0 
  2563.88 1.8718e-14   2576.32 0 
  2575.71 1.9561e-14   2588.21 0 
  2587.60 1.9344e-14   2600.16 0 
  2593.56 1.9082e-14   2606.15 0 
  2605.54 1.8482e-14   2618.18 0 
  2617.56 1.8235e-14   2630.27 0 
  2623.60 1.8879e-14   2636.33 0 
  2635.71 1.9370e-14   2648.50 0 
  2647.87 2.0667e-14   2660.72 0 
  2653.98 2.1055e-14   2666.86 0 
  2666.23 1.9297e-14   2679.17 0 
  2672.37 1.9979e-14   2685.34 0 
  2684.71 1.9986e-14   2697.74 0 
  2697.10 1.9093e-14   2710.19 0 
  2703.32 1.9496e-14   2716.44 0 
  2715.80 1.8625e-14   2728.98 0 
  2722.06 1.8500e-14   2735.27 0 
  2734.62 1.9201e-14   2747.89 0 
  2747.24 1.7119e-14   2760.58 0 
  2753.58 1.7440e-14   2766.94 0 
  2766.29 1.7976e-14   2779.71 0 
  2772.66 1.8611e-14   2786.12 0 
  2785.46 1.7698e-14   2798.98 0 
  2791.88 1.4894e-14   2805.43 0 
  2804.77 1.5746e-14   2818.38 0 
  2817.71 1.8295e-14   2831.39 0 
  2824.21 1.8985e-14   2837.92 0 
  2837.25 1.8304e-14   2851.02 0 
  2843.79 1.7850e-14   2857.59 0 
  2856.91 1.7210e-14   2870.78 0 
  2863.50 1.8615e-14   2877.40 0 
  2876.72 1.8665e-14   2890.68 0 
  2883.35 1.8540e-14   2897.34 0 
  2896.66 1.8504e-14   2910.72 0 
  2910.03 1.9744e-14   2924.15 0 
  2930.20 1.8996e-14   2944.42 0 
  2950.51 1.8617e-14   2964.83 0 
  2970.96 1.8843e-14   2985.38 0 
  2991.55 1.8768e-14   3006.08 0 
  3012.29 1.8822e-14   3026.91 0 
  3033.17 1.8789e-14   3047.89 0 
  3047.17 1.8710e-14   3061.96 0 
  3068.29 1.8764e-14   3083.19 0 
  3089.56 1.8732e-14   3104.56 0 
  3110.98 1.8743e-14   3126.08 0 
  3132.54 1.8369e-14   3147.75 0 
  3147.00 1.8377e-14   3162.28 0 
  3168.82 1.8388e-14   3184.20 0 
  3190.78 1.7530e-14   3206.27 0 
  3212.90 1.7991e-14   3228.49 0 
  3227.73 1.7188e-14   3243.40 0 
  3250.10 1.8134e-14   3265.88 0 
  3272.63 1.8611e-14   3288.52 0 
  3287.74 1.8448e-14   3303.70 0 
  3310.53 1.8248e-14   3326.60 0 
  3325.81 1.8382e-14   3341.95 0 
  3333.47 1.8642e-14   3349.66 0 
  3341.16 1.7765e-14   3357.38 0 
  3348.86 1.8996e-14   3365.12 0 
  3356.58 1.8229e-14   3372.87 0 
  3364.32 1.6628e-14   3380.65 0 
  3372.07 1.6670e-14   3388.44 0 
  3379.85 1.8198e-14   3396.25 0 
  3387.64 1.8286e-14   3404.08 0 
  3395.45 1.7874e-14   3411.93 0 
  3403.27 1.8549e-14   3419.79 0 
  3411.12 1.7474e-14   3427.68 0 
  3418.98 1.7762e-14   3435.58 0 
  3426.86 1.8055e-14   3443.50 0 
  3434.77 1.8736e-14   3451.44 0 
  3442.68 1.7449e-14   3459.39 0 
  3450.62 1.7818e-14   3467.37 0 
  3458.57 1.7578e-14   3475.36 0 
  3466.55 1.7340e-14   3483.37 0 
  3474.54 1.7995e-14   3491.40 0 
  3482.55 1.7348e-14   3499.45 0 
  3490.58 1.8044e-14   3507.52 0 
  3498.62 1.6960e-14   3515.60 0 
  3506.69 1.7887e-14   3523.71 0 
  3514.77 1.7086e-14   3531.83 0 
  3522.87 1.7936e-14   3539.97 0 
  3530.99 1.7015e-14   3548.13 0 
  3539.14 1.7985e-14   3556.31 0 
  3547.29 1.8408e-14   3564.51 0 
  3555.47 1.8118e-14   3572.73 0 
  3563.67 1.7873e-14   3580.96 0 
  3571.88 1.6877e-14   3589.22 0 
  3580.12 1.6649e-14   3597.49 0 
  3588.37 1.5328e-14   3605.79 0 
  3596.64 1.6811e-14   3614.10 0 
  3604.93 1.7567e-14   3622.43 0 
  3613.24 1.6512e-14   3630.78 0 
  3617.03 1.7689e-14   3634.59 1 
  3619.77 1.8608e-14   3637.34 1 
  3622.51 1.8062e-14   3640.09 1 
  3625.24 1.5554e-14   3642.84 1 
  3627.98 1.7014e-14   3645.59 1 
  3630.72 2.1832e-14   3648.34 1 
  3633.45 1.7234e-14   3651.09 1 
  3636.19 1.7650e-14   3653.84 1 
  3638.93 1.4365e-14   3656.59 1 
  3641.66 1.5195e-14   3659.34 1 
  3644.40 1.6065e-14   3662.09 1 
  3647.14 1.6872e-14   3664.84 1 
  3649.87 2.0134e-14   3667.59 1 
  3652.61 2.0959e-14   3670.34 1 
  3655.35 1.7899e-14   3673.09 1 
  3658.08 1.6983e-14   3675.84 1 
  3660.82 1.9007e-14   3678.59 1 
  3663.56 1.8178e-14   3681.34 1 
  3666.29 1.8269e-14   3684.09 1 
  3669.03 1.8532e-14   3686.84 1 
  3671.77 1.8187e-14   3689.59 1 
  3674.50 1.6436e-14   3692.34 1 
  3677.24 1.7419e-14   3695.09 1 
  3679.98 1.8405e-14   3697.84 1 
  3682.71 1.7786e-14   3700.59 1 
  3685.45 1.5019e-14   3703.34 1 
  3688.19 1.6809e-14   3706.09 1 
  3690.92 1.5237e-14   3708.84 1 
  3693.66 1.5817e-14   3711.59 1 
  3696.40 1.7086e-14   3714.34 1 
  3699.13 1.5559e-14   3717.09 1 
  3701.87 1.6236e-14   3719.84 1 
  3704.61 1.7866e-14   3722.59 1 
  3707.34 1.7627e-14   3725.34 1 
  3710.08 1.8541e-14   3728.09 1 
  3712.82 1.7941e-14   3730.84 1 
  3715.55 1.7308e-14   3733.59 1 
  3718.29 1.8846e-14   3736.34 1 
  3721.03 2.3170e-14   3739.09 1 
  3723.76 3.7170e-14   3741.84 1 
  3726.50 4.8116e-14   3744.59 1 
  3729.24 4.9857e-14   3747.34 1 
  3731.98 3.9378e-14   3750.09 1 
  3734.71 2.6949e-14   3752.84 1 
  3737.45 2.1242e-14   3755.59 1 
  3740.19 2.0061e-14   3758.34 1 
  3742.92 1.6387e-14   3761.09 1 
  3745.66 1.6798e-14   3763.84 1 
  3748.40 1.6483e-14   3766.59 1 
  3751.13 1.8274e-14   3769.34 1 
  3753.87 1.6935e-14   3772.09 1 
  3756.61 2.0125e-14   3774.84 1 
  3759.34 1.7302e-14   3777.59 1 
  3762.08 1.6527e-14   3780.34 1 
  3764.82 1.7311e-14   3783.09 1 
  3767.55 1.9820e-14   3785.84 1 
  3770.29 1.8246e-14   3788.59 1 
  3773.03 1.7716e-14   3791.34 1 
  3775.76 2.0914e-14   3794.09 1 
  3778.50 2.1639e-14   3796.84 1 
  3781.24 1.8486e-14   3799.59 1 
  3783.97 1.7364e-14   3802.34 1 
  3786.71 2.0271e-14   3805.09 1 
  3789.45 2.1596e-14   3807.84 1 
  3792.18 2.0261e-14   3810.59 1 
  3794.92 1.9634e-14   3813.34 1 
  3797.66 1.8321e-14   3816.09 1 
  3800.39 2.0278e-14   3818.84 1 
  3803.13 2.0162e-14   3821.59 1 
  3805.87 2.2972e-14   3824.34 1 
  3808.60 1.9293e-14   3827.09 1 
  3811.34 2.2339e-14   3829.84 1 
  3814.08 2.0482e-14   3832.59 1 
  3816.81 2.1056e-14   3835.34 1 
  3819.55 2.3446e-14   3838.09 1 
  3822.29 1.7592e-14   3840.84 1 
  3825.02 1.9087e-14   3843.59 1 
  3827.76 1.5654e-14   3846.34 1 
  3830.50 1.7179e-14   3849.09 1 
  3833.23 1.5258e-14   3851.84 1 
  3835.97 1.5526e-14   3854.59 1 
  3838.71 1.4751e-14   3857.34 1 
  3841.44 1.7506e-14   3860.09 1 
  3844.18 2.0401e-14   3862.84 1 
  3846.92 2.2139e-14   3865.59 1 
  3849.65 2.0976e-14   3868.34 1 
  3852.39 1.9238e-14   3871.09 1 
  3855.13 2.1808e-14   3873.84 1 
  3857.86 2.1140e-14   3876.59 1 
  3860.60 2.2462e-14   3879.34 1 
  3863.34 2.0289e-14   3882.09 1 
  3866.07 2.3403e-14   3884.84 1 
  3868.81 2.1053e-14   3887.59 1 
  3871.55 2.2613e-14   3890.34 1 
  3874.28 2.2956e-14   3893.09 1 
  3877.02 1.9824e-14   3895.84 1 
  3879.76 2.0597e-14   3898.59 1 
  3882.49 1.8244e-14   3901.34 1 
  3885.23 1.6404e-14   3904.09 1 
  3887.97 1.9988e-14   3906.84 1 
  3890.70 2.0357e-14   3909.59 1 
  3893.44 1.9991e-14   3912.34 1 
  3896.18 2.0057e-14   3915.09 1 
  3898.91 1.9479e-14   3917.84 1 
  3901.65 2.2516e-14   3920.59 1 
  3904.39 2.1944e-14   3923.34 1 
  3907.12 1.9486e-14   3926.09 1 
  3909.86 2.0114e-14   3928.84 1 
  3912.60 2.2259e-14   3931.59 1 
  3915.34 2.0871e-14   3934.34 1 
  3918.07 2.1547e-14   3937.09 1 
  3920.81 2.2920e-14   3939.84 1 
  3923.55 2.0711e-14   3942.59 1 
  3926.28 1.8923e-14   3945.34 1 
  3929.02 1.8543e-14   3948.09 1 
  3931.76 1.6516e-14   3950.84 1 
  3934.49 1.5549e-14   3953.59 1 
  3937.23 1.7587e-14   3956.34 1 
  3939.97 1.9202e-14   3959.09 1 
  3942.70 1.9960e-14   3961.84 1 
  3945.44 2.0390e-14   3964.59 1 
  3948.18 2.0000e-14   3967.34 1 
  3950.91 1.9644e-14   3970.09 1 
  3953.65 2.0196e-14   3972.84 1 
  3956.39 2.0859e-14   3975.59 1 
  3959.12 2.0638e-14   3978.34 1 
  3961.86 1.8650e-14   3981.09 1 
  3964.60 1.7288e-14   3983.84 1 
  3967.33 1.6714e-14   3986.59 1 
  3970.07 1.7710e-14   3989.34 1 
  3972.81 1.8310e-14   3992.09 1 
  3975.54 1.8042e-14   3994.84 1 
  3978.28 1.8807e-14   3997.59 1 
  3981.02 2.1712e-14   4000.34 1 
  3983.75 2.2781e-14   4003.09 1 
  3986.49 2.2170e-14   4005.84 1 
  3989.23 2.3179e-14   4008.59 1 
  3991.96 2.4399e-14   4011.34 1 
  3994.70 2.5493e-14   4014.09 1 
  3997.44 2.4924e-14   4016.84 1 
  4000.17 2.3120e-14   4019.59 1 
  4002.91 2.4598e-14   4022.34 1 
  4005.65 2.4375e-14   4025.09 1 
  4008.38 2.3111e-14   4027.84 1 
  4011.12 2.3911e-14   4030.59 1 
  4013.86 2.4209e-14   4033.34 1 
  4016.59 2.5051e-14   4036.09 1 
  4019.33 2.5742e-14   4038.84 1 
  4022.07 2.4655e-14   4041.59 1 
  4024.80 2.4421e-14   4044.34 1 
  4027.54 2.4927e-14   4047.09 1 
  4030.28 2.3673e-14   4049.84 1 
  4033.01 2.3347e-14   4052.59 1 
  4035.75 2.4164e-14   4055.34 1 
  4038.49 2.5070e-14   4058.09 1 
  4041.22 2.3539e-14   4060.84 1 
  4043.96 2.3384e-14   4063.59 1 
  4046.70 2.5339e-14   4066.34 1 
  4049.43 2.4373e-14   4069.09 1 
  4052.17 2.4582e-14   4071.84 1 
  4054.91 2.4581e-14   4074.59 1 
  4057.64 2.2977e-14   4077.34 1 
  4060.38 2.3383e-14   4080.09 1 
  4063.12 2.4221e-14   4082.84 1 
  4065.85 2.4603e-14   4085.59 1 
  4068.59 2.4019e-14   4088.34 1 
  4071.33 2.3496e-14   4091.09 1 
  4074.06 2.2804e-14   4093.84 1 
  4076.80 2.2157e-14   4096.59 1 
  4079.54 2.2428e-14   4099.34 1 
  4082.27 2.2622e-14   4102.09 1 
  4085.01 2.4194e-14   4104.84 1 
  4087.75 2.4724e-14   4107.59 1 
  4090.48 2.3607e-14   4110.34 1 
  4093.22 2.2740e-14   4113.09 1 
  4095.96 2.2338e-14   4115.84 1 
  4098.69 2.4051e-14   4118.59 1 
  4101.43 2.4186e-14   4121.34 1 
  4104.17 2.3874e-14   4124.09 1 
  4106.90 2.2345e-14   4126.84 1 
  4109.64 2.1852e-14   4129.59 1 
  4112.38 2.2865e-14   4132.34 1 
  4115.12 2.2647e-14   4135.09 1 
  4117.85 2.3221e-14   4137.84 1 
  4120.59 2.3692e-14   4140.59 1 
  4123.33 2.3111e-14   4143.34 1 
  4126.06 2.2722e-14   4146.09 1 
  4128.80 2.3106e-14   4148.84 1 
  4131.54 2.3778e-14   4151.59 1 
  4134.27 2.3235e-14   4154.34 1 
  4137.01 2.2511e-14   4157.09 1 
  4139.75 2.3180e-14   4159.84 1 
  4142.48 2.3176e-14   4162.59 1 
  4145.22 2.3052e-14   4165.34 1 
  4147.96 2.3343e-14   4168.09 1 
  4150.69 2.3277e-14   4170.84 1 
  4153.43 2.3491e-14   4173.59 1 
  4156.17 2.3860e-14   4176.34 1 
  4158.90 2.4475e-14   4179.09 1 
  4161.64 2.4087e-14   4181.84 1 
  4164.38 2.4612e-14   4184.59 1 
  4167.11 2.5028e-14   4187.34 1 
  4169.85 2.4088e-14   4190.09 1 
  4172.59 2.2239e-14   4192.84 1 
  4175.32 2.3637e-14   4195.59 1 
  4178.06 2.4443e-14   4198.34 1 
  4180.80 2.3235e-14   4201.09 1 
  4183.53 2.2241e-14   4203.84 1 
  4186.27 2.2461e-14   4206.59 1 
  4189.01 2.3051e-14   4209.34 1 
  4191.74 2.3664e-14   4212.09 1 
  4194.48 2.3294e-14   4214.84 1 
  4197.22 2.2816e-14   4217.59 1 
  4199.95 2.2700e-14   4220.34 1 
  4202.69 2.3967e-14   4223.09 1 
  4205.43 2.4190e-14   4225.84 1 
  4208.16 2.5201e-14   4228.59 1 
  4210.90 2.3366e-14   4231.34 1 
  4213.64 2.3322e-14   4234.09 1 
  4216.37 2.2741e-14   4236.84 1 
  4219.11 2.2981e-14   4239.59 1 
  4221.85 2.2223e-14   4242.34 1 
  4224.58 2.3752e-14   4245.09 1 
  4227.32 2.2644e-14   4247.84 1 
  4230.06 2.2698e-14   4250.59 1 
  4232.79 2.3806e-14   4253.34 1 
  4235.53 2.3529e-14   4256.09 1 
  4238.27 2.3346e-14   4258.84 1 
  4241.00 2.3782e-14   4261.59 1 
  4243.74 2.3429e-14   4264.34 1 
  4246.48 2.2982e-14   4267.09 1 
  4249.21 2.1851e-14   4269.84 1 
  4251.95 2.2118e-14   4272.59 1 
  4254.69 2.2558e-14   4275.34 1 
  4257.42 2.3171e-14   4278.09 1 
  4260.16 2.3411e-14   4280.84 1 
  4262.90 2.5283e-14   4283.59 1 
  4265.63 2.4155e-14   4286.34 1 
  4268.37 2.4658e-14   4289.09 1 
  4271.11 2.2521e-14   4291.84 1 
  4273.84 2.3214e-14   4294.59 1 
  4276.58 2.2705e-14   4297.34 1 
  4279.32 2.2033e-14   4300.09 1 
  4282.05 2.2380e-14   4302.84 1 
  4284.79 2.2066e-14   4305.59 1 
  4287.53 2.1563e-14   4308.34 1 
  4290.26 2.2726e-14   4311.09 1 
  4293.00 2.1885e-14   4313.84 1 
  4295.74 2.1807e-14   4316.59 1 
  4298.48 2.0521e-14   4319.34 1 
  4301.21 2.1111e-14   4322.09 1 
  4303.95 2.0968e-14   4324.84 1 
  4306.69 1.9677e-14   4327.59 1 
  4309.42 1.9819e-14   4330.34 1 
  4312.16 2.1322e-14   4333.09 1 
  4314.90 2.0998e-14   4335.84 1 
  4317.63 2.3521e-14   4338.59 1 
  4320.37 2.2015e-14   4341.34 1 
  4323.11 2.2451e-14   4344.09 1 
  4325.84 2.1586e-14   4346.84 1 
  4328.58 2.1376e-14   4349.59 1 
  4331.32 2.2814e-14   4352.34 1 
  4334.05 2.3683e-14   4355.09 1 
  4336.79 2.5807e-14   4357.84 1 
  4339.53 3.0094e-14   4360.59 1 
  4342.26 2.8415e-14   4363.34 1 
  4345.00 2.5277e-14   4366.09 1 
  4347.74 2.2262e-14   4368.84 1 
  4350.47 2.1419e-14   4371.59 1 
  4353.21 2.1851e-14   4374.34 1 
  4355.95 2.2059e-14   4377.09 1 
  4358.68 2.2789e-14   4379.84 1 
  4361.42 2.4452e-14   4382.59 1 
  4364.16 2.3394e-14   4385.34 1 
  4366.89 2.4391e-14   4388.09 1 
  4369.63 2.2931e-14   4390.84 1 
  4372.37 2.3367e-14   4393.59 1 
  4375.10 2.2306e-14   4396.34 1 
  4377.84 2.4059e-14   4399.09 1 
  4380.58 2.3451e-14   4401.84 1 
  4383.31 2.3107e-14   4404.59 1 
  4386.05 2.1896e-14   4407.34 1 
  4388.79 2.2215e-14   4410.09 1 
  4391.52 2.3419e-14   4412.84 1 
  4394.26 2.4049e-14   4415.59 1 
  4397.00 2.2891e-14   4418.34 1 
  4399.73 2.2659e-14   4421.09 1 
  4402.47 2.3649e-14   4423.84 1 
  4405.21 2.2536e-14   4426.59 1 
  4407.94 2.4016e-14   4429.34 1 
  4410.68 2.3810e-14   4432.09 1 
  4413.42 2.4282e-14   4434.84 1 
  4416.15 2.3540e-14   4437.59 1 
  4418.89 2.3897e-14   4440.34 1 
  4421.63 2.4607e-14   4443.09 1 
  4424.36 2.4084e-14   4445.84 1 
  4427.10 2.4624e-14   4448.59 1 
  4429.84 2.3760e-14   4451.34 1 
  4432.57 2.3904e-14   4454.09 1 
  4435.31 2.3405e-14   4456.84 1 
  4438.05 2.3738e-14   4459.59 1 
  4440.78 2.3850e-14   4462.34 1 
  4443.52 2.3022e-14   4465.09 1 
  4446.26 2.3561e-14   4467.84 1 
  4448.99 2.2772e-14   4470.59 1 
  4451.73 2.4566e-14   4473.34 1 
  4454.47 2.4220e-14   4476.09 1 
  4457.20 2.2831e-14   4478.84 1 
  4459.94 2.4191e-14   4481.59 1 
  4462.68 2.1871e-14   4484.34 1 
  4465.41 2.3030e-14   4487.09 1 
  4468.15 2.3835e-14   4489.84 1 
  4470.89 2.4621e-14   4492.59 1 
  4473.62 2.4816e-14   4495.34 1 
  4476.36 2.5021e-14   4498.09 1 
  4479.10 2.4607e-14   4500.84 1 
  4481.84 2.5421e-14   4503.59 1 
  4484.57 2.5066e-14   4506.34 1 
  4487.31 2.4216e-14   4509.09 1 
  4490.05 2.3572e-14   4511.84 1 
  4492.78 2.5320e-14   4514.59 1 
  4495.52 2.4557e-14   4517.34 1 
  4498.26 2.4362e-14   4520.09 1 
  4500.99 2.4857e-14   4522.84 1 
  4503.73 2.5543e-14   4525.59 1 
  4506.47 2.4676e-14   4528.34 1 
  4509.20 2.3877e-14   4531.09 1 
  4511.94 2.6234e-14   4533.84 1 
  4514.68 2.6489e-14   4536.59 1 
  4517.41 2.6057e-14   4539.34 1 
  4520.15 2.5466e-14   4542.09 1 
  4522.89 2.6289e-14   4544.84 1 
  4525.62 2.5658e-14   4547.59 1 
  4528.36 2.3690e-14   4550.34 1 
  4531.10 2.3048e-14   4553.09 1 
  4533.83 2.4702e-14   4555.84 1 
  4536.57 2.4727e-14   4558.59 1 
  4539.31 2.5282e-14   4561.34 1 
  4542.04 2.4629e-14   4564.09 1 
  4544.78 2.5146e-14   4566.84 1 
  4547.52 2.5325e-14   4569.59 1 
  4550.25 2.4963e-14   4572.34 1 
  4552.99 2.5299e-14   4575.09 1 
  4555.73 2.3701e-14   4577.84 1 
  4558.46 2.3223e-14   4580.59 1 
  4561.20 2.4990e-14   4583.34 1 
  4563.94 2.6312e-14   4586.09 1 
  4566.67 2.4900e-14   4588.84 1 
  4569.41 2.6261e-14   4591.59 1 
  4572.15 2.5858e-14   4594.34 1 
  4574.88 2.4007e-14   4597.09 1 
  4577.62 2.4763e-14   4599.84 1 
  4580.36 2.3975e-14   4602.59 1 
  4583.09 2.4426e-14   4605.34 1 
  4585.83 2.4575e-14   4608.09 1 
  4588.57 2.4836e-14   4610.84 1 
  4591.30 2.4116e-14   4613.59 1 
  4594.04 2.4899e-14   4616.34 1 
  4596.78 2.4080e-14   4619.09 1 
  4599.51 2.4969e-14   4621.84 1 
  4602.25 2.4193e-14   4624.59 1 
  4604.99 2.3417e-14   4627.34 1 
  4607.72 2.4893e-14   4630.09 1 
  4610.46 2.4785e-14   4632.84 1 
  4613.20 2.5165e-14   4635.59 1 
  4615.93 2.5603e-14   4638.34 1 
  4618.67 2.5627e-14   4641.09 1 
  4621.41 2.5359e-14   4643.84 1 
  4624.14 2.5165e-14   4646.59 1 
  4626.88 2.3978e-14   4649.34 1 
  4629.62 2.5183e-14   4652.09 1 
  4632.35 2.5793e-14   4654.84 1 
  4635.09 2.5966e-14   4657.59 1 
  4637.83 2.5850e-14   4660.34 1 
  4640.56 2.4990e-14   4663.09 1 
  4643.30 2.5212e-14   4665.84 1 
  4646.04 2.5712e-14   4668.59 1 
  4648.77 2.4755e-14   4671.34 1 
  4651.51 2.4561e-14   4674.09 1 
  4654.25 2.4743e-14   4676.84 1 
  4656.98 2.5098e-14   4679.59 1 
  4659.72 2.5306e-14   4682.34 1 
  4662.46 2.5174e-14   4685.09 1 
  4665.19 2.5125e-14   4687.84 1 
  4667.93 2.4475e-14   4690.59 1 
  4670.67 2.4377e-14   4693.34 1 
  4673.41 2.5222e-14   4696.09 1 
  4676.14 2.4933e-14   4698.84 1 
  4678.88 2.4792e-14   4701.59 1 
  4681.62 2.4522e-14   4704.34 1 
  4684.35 2.4817e-14   4707.09 1 
  4687.09 2.5076e-14   4709.84 1 
  4689.83 2.4911e-14   4712.59 1 
  4692.56 2.4784e-14   4715.34 1 
  4695.30 2.4540e-14   4718.09 1 
  4698.04 2.4233e-14   4720.84 1 
  4700.77 2.4001e-14   4723.59 1 
  4703.51 2.3787e-14   4726.34 1 
  4706.25 2.3824e-14   4729.09 1 
  4708.98 2.3469e-14   4731.84 1 
  4711.72 2.4689e-14   4734.59 1 
  4714.46 2.3934e-14   4737.34 1 
  4717.19 2.4456e-14   4740.09 1 
  4719.93 2.4751e-14   4742.84 1 
  4722.67 2.5539e-14   4745.59 1 
  4725.40 2.3767e-14   4748.34 1 
  4728.14 2.4090e-14   4751.09 1 
  4730.88 2.3766e-14   4753.84 1 
  4733.61 2.2932e-14   4756.59 1 
  4736.35 2.3176e-14   4759.34 1 
  4739.09 2.4408e-14   4762.09 1 
  4741.82 2.5155e-14   4764.84 1 
  4744.56 2.4402e-14   4767.59 1 
  4747.30 2.5287e-14   4770.34 1 
  4750.03 2.4387e-14   4773.09 1 
  4752.77 2.5021e-14   4775.84 1 
  4755.51 2.4240e-14   4778.59 1 
  4758.24 2.4893e-14   4781.34 1 
  4760.98 2.4396e-14   4784.09 1 
  4763.72 2.3610e-14   4786.84 1 
  4766.45 2.3720e-14   4789.59 1 
  4769.19 2.3782e-14   4792.34 1 
  4771.93 2.4682e-14   4795.09 1 
  4774.66 2.4904e-14   4797.84 1 
  4777.40 2.4922e-14   4800.59 1 
  4780.14 2.5438e-14   4803.34 1 
  4782.87 2.4217e-14   4806.09 1 
  4785.61 2.3595e-14   4808.84 1 
  4788.35 2.4647e-14   4811.59 1 
  4791.08 2.4588e-14   4814.34 1 
  4793.82 2.4730e-14   4817.09 1 
  4796.56 2.6213e-14   4819.84 1 
  4799.29 2.5021e-14   4822.59 1 
  4802.03 2.5560e-14   4825.34 1 
  4804.77 2.5258e-14   4828.09 1 
  4807.50 2.3529e-14   4830.84 1 
  4810.24 2.4619e-14   4833.59 1 
  4812.98 2.4811e-14   4836.34 1 
  4815.71 2.6263e-14   4839.09 1 
  4818.45 2.5178e-14   4841.84 1 
  4821.19 2.4001e-14   4844.59 1 
  4823.92 2.4516e-14   4847.34 1 
  4826.66 2.3984e-14   4850.09 1 
  4829.40 2.4192e-14   4852.84 1 
  4832.13 2.3848e-14   4855.59 1 
  4834.87 2.4736e-14   4858.34 1 
  4837.61 2.3032e-14   4861.09 1 
  4840.34 2.2491e-14   4863.84 1 
  4843.08 2.3840e-14   4866.59 1 
  4845.82 2.3630e-14   4869.34 1 
  4848.55 2.3476e-14   4872.09 1 
  4851.29 2.2285e-14   4874.84 1 
  4854.03 2.4602e-14   4877.59 1 
  4856.77 3.1411e-14   4880.34 1 
  4859.50 4.0897e-14   4883.09 1 
  4862.24 4.4388e-14   4885.84 1 
  4864.98 3.9660e-14   4888.59 1 
  4867.71 2.9157e-14   4891.34 1 
  4870.45 2.3589e-14   4894.09 1 
  4873.19 2.2988e-14   4896.84 1 
  4875.92 2.2779e-14   4899.59 1 
  4878.66 2.2271e-14   4902.34 1 
  4881.40 2.2733e-14   4905.09 1 
  4884.13 2.2722e-14   4907.84 1 
  4886.87 2.2464e-14   4910.59 1 
  4889.61 2.3434e-14   4913.34 1 
  4892.34 2.3318e-14   4916.09 1 
  4895.08 2.3430e-14   4918.84 1 
  4897.82 2.3817e-14   4921.59 1 
  4900.55 2.3352e-14   4924.34 1 
  4903.29 2.3932e-14   4927.09 1 
  4906.03 2.4360e-14   4929.84 1 
  4908.76 2.3348e-14   4932.59 1 
  4911.50 2.3147e-14   4935.34 1 
  4914.24 2.3387e-14   4938.09 1 
  4916.97 2.2837e-14   4940.84 1 
  4919.71 2.1876e-14   4943.59 1 
  4922.45 2.1438e-14   4946.34 1 
  4925.18 2.2675e-14   4949.09 1 
  4927.92 2.3438e-14   4951.84 1 
  4930.66 2.3915e-14   4954.59 1 
  4933.39 2.2656e-14   4957.34 1 
  4936.13 2.3338e-14   4960.09 1 
  4938.87 2.2980e-14   4962.84 1 
  4941.60 2.4026e-14   4965.59 1 
  4944.34 2.4302e-14   4968.34 1 
  4947.08 2.4511e-14   4971.09 1 
  4949.81 2.4178e-14   4973.84 1 
  4952.55 2.4728e-14   4976.59 1 
  4955.29 2.5673e-14   4979.34 1 
  4958.02 2.6143e-14   4982.09 1 
  4960.76 2.6097e-14   4984.84 1 
  4963.50 2.5733e-14   4987.59 1 
  4966.23 2.4652e-14   4990.34 1 
  4968.97 2.3880e-14   4993.09 1 
  4971.71 2.4120e-14   4995.84 1 
  4974.44 2.4310e-14   4998.59 1 
  4977.18 2.4838e-14   5001.34 1 
  4979.92 2.3178e-14   5004.09 1 
  4982.65 2.2872e-14   5006.84 1 
  4985.39 2.3296e-14   5009.59 1 
  4988.13 2.3764e-14   5012.34 1 
  4990.86 2.3114e-14   5015.09 1 
  4993.60 2.4204e-14   5017.84 1 
  4996.34 2.3061e-14   5020.59 1 
  4999.07 2.3760e-14   5023.34 1 
  5001.81 2.6305e-14   5026.09 1 
  5004.55 2.9634e-14   5028.84 1 
  5007.28 3.1110e-14   5031.59 1 
  5010.02 3.0492e-14   5034.34 1 
  5012.76 2.7071e-14   5037.09 1 
  5015.49 2.3406e-14   5039.84 1 
  5018.23 2.2390e-14   5042.59 1 
  5020.97 2.1885e-14   5045.34 1 
  5023.70 2.2718e-14   5048.09 1 
  5026.44 2.3094e-14   5050.84 1 
  5029.18 2.3375e-14   5053.59 1 
  5031.91 2.3118e-14   5056.34 1 
  5034.65 2.3266e-14   5059.09 1 
  5037.39 2.2334e-14   5061.84 1 
  5040.13 2.2179e-14   5064.59 1 
  5042.86 2.2497e-14   5067.34 1 
  5045.60 2.2525e-14   5070.09 1 
  5048.34 2.3472e-14   5072.84 1 
  5051.07 2.4055e-14   5075.59 1 
  5053.81 2.3215e-14   5078.34 1 
  5056.55 2.3987e-14   5081.09 1 
  5059.28 2.4372e-14   5083.84 1 
  5062.02 2.4509e-14   5086.59 1 
  5064.76 2.4264e-14   5089.34 1 
  5067.49 2.2629e-14   5092.09 1 
  5070.23 2.2899e-14   5094.84 1 
  5072.97 2.3358e-14   5097.59 1 
  5075.70 2.2585e-14   5100.34 1 
  5078.44 2.2764e-14   5103.09 1 
  5081.18 2.2886e-14   5105.84 1 
  5083.91 2.2415e-14   5108.59 1 
  5086.65 2.2873e-14   5111.34 1 
  5089.39 2.3226e-14   5114.09 1 
  5092.12 2.3167e-14   5116.84 1 
  5094.86 2.3178e-14   5119.59 1 
  5097.60 2.2610e-14   5122.34 1 
  5100.33 2.3257e-14   5125.09 1 
  5103.07 2.2586e-14   5127.84 1 
  5105.81 2.1987e-14   5130.59 1 
  5108.54 2.2524e-14   5133.34 1 
  5111.28 2.3199e-14   5136.09 1 
  5114.02 2.3419e-14   5138.84 1 
  5116.75 2.2489e-14   5141.59 1 
  5119.49 2.2409e-14   5144.34 1 
  5122.23 2.2883e-14   5147.09 1 
  5124.96 2.2705e-14   5149.84 1 
  5127.70 2.2497e-14   5152.59 1 
  5130.44 2.3357e-14   5155.34 1 
  5133.17 2.3007e-14   5158.09 1 
  5135.91 2.2826e-14   5160.84 1 
  5138.65 2.2000e-14   5163.59 1 
  5141.38 2.1565e-14   5166.34 1 
  5144.12 2.2205e-14   5169.09 1 
  5146.86 2.2210e-14   5171.84 1 
  5149.59 2.1844e-14   5174.59 1 
  5152.33 2.1657e-14   5177.34 1 
  5155.07 2.3041e-14   5180.09 1 
  5157.80 2.2520e-14   5182.84 1 
  5160.54 2.2644e-14   5185.59 1 
  5163.28 2.2113e-14   5188.34 1 
  5166.01 2.1519e-14   5191.09 1 
  5168.75 2.0368e-14   5193.84 1 
  5171.49 2.0930e-14   5196.59 1 
  5174.22 2.1465e-14   5199.34 1 
  5176.96 2.1195e-14   5202.09 1 
  5179.70 2.0786e-14   5204.84 1 
  5182.43 2.0431e-14   5207.59 1 
  5185.17 2.0801e-14   5210.34 1 
  5187.91 2.1144e-14   5213.09 1 
  5190.64 2.1571e-14   5215.84 1 
  5193.38 2.1588e-14   5218.59 1 
  5196.12 2.2785e-14   5221.34 1 
  5198.85 2.2785e-14   5224.09 1 
  5201.59 2.2438e-14   5226.84 1 
  5204.33 2.2444e-14   5229.59 1 
  5207.06 2.1214e-14   5232.34 1 
  5209.80 2.1268e-14   5235.09 1 
  5212.54 2.1759e-14   5237.84 1 
  5215.27 2.2165e-14   5240.59 1 
  5218.01 2.2549e-14   5243.34 1 
  5220.75 2.3057e-14   5246.09 1 
  5223.49 2.2812e-14   5248.84 1 
  5226.22 2.1539e-14   5251.59 1 
  5228.96 2.1366e-14   5254.34 1 
  5231.70 2.1903e-14   5257.09 1 
  5234.43 2.2221e-14   5259.84 1 
  5237.17 2.2775e-14   5262.59 1 
  5239.91 2.3011e-14   5265.34 1 
  5242.64 2.3138e-14   5268.09 1 
  5245.38 2.2997e-14   5270.84 1 
  5248.12 2.2569e-14   5273.59 1 
  5250.85 2.2358e-14   5276.34 1 
  5253.59 2.1652e-14   5279.09 1 
  5256.33 2.2839e-14   5281.84 1 
  5259.06 2.2947e-14   5284.59 1 
  5261.80 2.2092e-14   5287.34 1 
  5264.54 2.1778e-14   5290.09 1 
  5267.27 2.0664e-14   5292.84 1 
  5270.01 2.0402e-14   5295.59 1 
  5272.75 2.1757e-14   5298.34 1 
  5275.48 2.2512e-14   5301.09 1 
  5278.22 2.2369e-14   5303.84 1 
  5280.96 2.2424e-14   5306.59 1 
  5283.69 2.2540e-14   5309.34 1 
  5286.43 2.3017e-14   5312.09 1 
  5289.17 2.3949e-14   5314.84 1 
  5291.90 2.4454e-14   5317.59 1 
  5294.64 2.3731e-14   5320.34 1 
  5297.38 2.2562e-14   5323.09 1 
  5300.11 2.3000e-14   5325.84 1 
  5302.85 2.2989e-14   5328.59 1 
  5305.59 2.3188e-14   5331.34 1 
  5308.32 2.3204e-14   5334.09 1 
  5311.06 2.3774e-14   5336.84 1 
  5313.80 2.4105e-14   5339.59 1 
  5316.53 2.3495e-14   5342.34 1 
  5319.27 2.3319e-14   5345.09 1 
  5322.01 2.2970e-14   5347.84 1 
  5324.74 2.2437e-14   5350.59 1 
  5327.48 2.2710e-14   5353.34 1 
  5330.22 2.2019e-14   5356.09 1 
  5332.95 2.1885e-14   5358.84 1 
  5335.69 2.2914e-14   5361.59 1 
  5338.43 2.3073e-14   5364.34 1 
  5341.16 2.3466e-14   5367.09 1 
  5343.90 2.3300e-14   5369.84 1 
  5346.64 2.2947e-14   5372.59 1 
  5349.37 2.3255e-14   5375.34 1 
  5352.11 2.3290e-14   5378.09 1 
  5354.85 2.4054e-14   5380.84 1 
  5357.58 2.4441e-14   5383.59 1 
  5360.32 2.4534e-14   5386.34 1 
  5363.06 2.3395e-14   5389.09 1 
  5365.79 2.2698e-14   5391.84 1 
  5368.53 2.2655e-14   5394.59 1 
  5371.27 2.2875e-14   5397.34 1 
  5374.00 2.2597e-14   5400.09 1 
  5376.74 2.2825e-14   5402.84 1 
  5379.48 2.3465e-14   5405.59 1 
  5382.21 2.3500e-14   5408.34 1 
  5384.95 2.2685e-14   5411.09 1 
  5387.69 2.2519e-14   5413.84 1 
  5390.42 2.3333e-14   5416.59 1 
  5393.16 2.3704e-14   5419.34 1 
  5395.90 2.2697e-14   5422.09 1 
  5398.63 2.1961e-14   5424.84 1 
  5401.37 2.1860e-14   5427.59 1 
  5404.11 2.1286e-14   5430.34 1 
  5406.85 2.1345e-14   5433.09 1 
  5409.58 2.1432e-14   5435.84 1 
  5412.32 2.2056e-14   5438.59 1 
  5415.06 2.2384e-14   5441.34 1 
  5417.79 2.3215e-14   5444.09 1 
  5420.53 2.3489e-14   5446.84 1 
  5423.27 2.3074e-14   5449.59 1 
  5426.00 2.3442e-14   5452.34 1 
  5428.74 2.2676e-14   5455.09 1 
  5431.48 2.2367e-14   5457.84 1 
  5434.21 2.1381e-14   5460.59 1 
  5436.95 2.2283e-14   5463.34 1 
  5439.69 2.3549e-14   5466.09 1 
  5442.42 2.3688e-14   5468.84 1 
  5445.16 2.3476e-14   5471.59 1 
  5447.90 2.2805e-14   5474.34 1 
  5450.63 2.2263e-14   5477.09 1 
  5453.37 2.1859e-14   5479.84 1 
  5456.11 2.2534e-14   5482.59 1 
  5458.84 2.2752e-14   5485.34 1 
  5461.58 2.2563e-14   5488.09 1 
  5464.32 2.2730e-14   5490.84 1 
  5467.05 2.1663e-14   5493.59 1 
  5469.79 2.2580e-14   5496.34 1 
  5472.53 2.2622e-14   5499.09 1 
  5475.26 2.2327e-14   5501.84 1 
  5478.00 2.2685e-14   5504.59 1 
  5480.74 2.2573e-14   5507.34 1 
  5483.47 2.2515e-14   5510.09 1 
  5486.21 2.2663e-14   5512.84 1 
  5488.95 2.2324e-14   5515.59 1 
  5491.68 2.2643e-14   5518.34 1 
  5494.42 2.2725e-14   5521.09 1 
  5497.16 2.3015e-14   5523.84 1 
  5499.89 2.3367e-14   5526.59 1 
  5502.63 2.2852e-14   5529.34 1 
  5505.37 2.2784e-14   5532.09 1 
  5508.10 2.3774e-14   5534.84 1 
  5510.84 2.3448e-14   5537.59 1 
  5513.58 2.2742e-14   5540.34 1 
  5516.31 2.3733e-14   5543.09 1 
  5519.05 2.3346e-14   5545.84 1 
  5521.79 2.1647e-14   5548.59 1 
  5524.52 2.2122e-14   5551.34 1 
  5527.26 2.1483e-14   5554.09 1 
  5530.00 2.1322e-14   5556.84 1 
  5532.73 2.1986e-14   5559.59 1 
  5535.47 2.2223e-14   5562.34 1 
  5538.21 2.2172e-14   5565.09 1 
  5540.94 2.3705e-14   5567.84 1 
  5543.68 2.2553e-14   5570.59 1 
  5546.42 2.3888e-14   5573.34 1 
  5549.15 2.3300e-14   5576.09 1 
  5551.89 2.2629e-14   5578.84 1 
  5554.63 2.3771e-14   5581.59 1 
  5557.36 2.3687e-14   5584.34 1 
  5560.10 2.1632e-14   5587.09 1 
  5562.84 2.3764e-14   5589.84 1 
  5565.57 2.3097e-14   5592.59 1 
  5568.31 2.2852e-14   5595.34 1 
  5571.05 2.1291e-14   5598.09 1 
  5573.78 2.2538e-14   5600.84 1 
  5576.52 2.3130e-14   5603.59 1 
  5579.26 2.3598e-14   5606.34 1 
  5581.99 2.3145e-14   5609.09 1 
  5584.73 2.2381e-14   5611.84 1 
  5587.47 2.2847e-14   5614.59 1 
  5590.20 2.2195e-14   5617.34 1 
  5592.94 2.1959e-14   5620.09 1 
  5595.68 2.1291e-14   5622.84 1 
  5598.42 2.3513e-14   5625.59 1 
  5601.15 2.2379e-14   5628.34 1 
  5603.89 2.2329e-14   5631.09 1 
  5606.63 2.2913e-14   5633.84 1 
  5609.36 2.2735e-14   5636.59 1 
  5612.10 2.2599e-14   5639.34 1 
  5614.84 2.1942e-14   5642.09 1 
  5617.57 2.2124e-14   5644.84 1 
  5620.31 2.2249e-14   5647.59 1 
  5623.05 2.2874e-14   5650.34 1 
  5625.78 2.3111e-14   5653.09 1 
  5628.52 2.3299e-14   5655.84 1 
  5631.26 2.3414e-14   5658.59 1 
  5633.99 2.3798e-14   5661.34 1 
  5636.73 2.3512e-14   5664.09 1 
  5639.47 2.2979e-14   5666.84 1 
  5642.20 2.3807e-14   5669.59 1 
  5644.94 2.3579e-14   5672.34 1 
  5647.68 2.3609e-14   5675.09 1 
  5650.41 2.3703e-14   5677.84 1 
  5653.15 2.3293e-14   5680.59 1 
  5655.89 2.3569e-14   5683.34 1 
  5658.62 2.2635e-14   5686.09 1 
  5661.36 2.2471e-14   5688.84 1 
  5664.10 2.2189e-14   5691.59 1 
  5666.83 2.2764e-14   5694.34 1 
  5669.57 2.2040e-14   5697.09 1 
  5672.31 2.2344e-14   5699.84 1 
  5675.04 2.2480e-14   5702.59 1 
  5677.78 2.3699e-14   5705.34 1 
  5680.52 2.2785e-14   5708.09 1 
  5683.25 2.2974e-14   5710.84 1 
  5685.99 2.1363e-14   5713.59 1 
  5688.73 2.2716e-14   5716.34 1 
  5691.46 2.2951e-14   5719.09 1 
  5694.20 2.2481e-14   5721.84 1 
  5696.94 2.2866e-14   5724.59 1 
  5699.67 2.2812e-14   5727.34 1 
  5702.41 2.1072e-14   5730.09 1 
  5705.15 2.1615e-14   5732.84 1 
  5707.88 2.1062e-14   5735.59 1 
  5710.62 2.1053e-14   5738.34 1 
  5713.36 2.3406e-14   5741.09 1 
  5716.09 2.2299e-14   5743.84 1 
  5718.83 2.2425e-14   5746.59 1 
  5721.57 2.3165e-14   5749.34 1 
  5724.30 2.2772e-14   5752.09 1 
  5727.04 2.2768e-14   5754.84 1 
  5729.78 2.3098e-14   5757.59 1 
  5732.51 2.1926e-14   5760.34 1 
  5735.25 2.2834e-14   5763.09 1 
  5737.99 2.2950e-14   5765.84 1 
  5740.72 2.2588e-14   5768.59 1 
  5743.46 2.2818e-14   5771.34 1 
  5746.20 2.1956e-14   5774.09 1 
  5748.93 2.1919e-14   5776.84 1 
  5751.67 2.2548e-14   5779.59 1 
  5754.41 2.2808e-14   5782.34 1 
  5757.14 2.2982e-14   5785.09 1 
  5759.88 2.2457e-14   5787.84 1 
  5762.62 2.3069e-14   5790.59 1 
  5765.35 2.2730e-14   5793.34 1 
  5768.09 2.3405e-14   5796.09 1 
  5770.83 2.1978e-14   5798.84 1 
  5773.56 2.2027e-14   5801.59 1 
  5776.30 2.2853e-14   5804.34 1 
  5779.04 2.3836e-14   5807.09 1 
  5781.78 2.2598e-14   5809.84 1 
  5784.51 2.1986e-14   5812.59 1 
  5787.25 2.1685e-14   5815.34 1 
  5789.99 2.1884e-14   5818.09 1 
  5792.72 2.1625e-14   5820.84 1 
  5795.46 2.2906e-14   5823.59 1 
  5798.20 2.3467e-14   5826.34 1 
  5800.93 2.3830e-14   5829.09 1 
  5803.67 2.2638e-14   5831.84 1 
  5806.41 2.3282e-14   5834.59 1 
  5809.14 2.3179e-14   5837.34 1 
  5811.88 2.2560e-14   5840.09 1 
  5814.62 2.3612e-14   5842.84 1 
  5817.35 2.4107e-14   5845.59 1 
  5820.09 2.4169e-14   5848.34 1 
  5822.83 2.3982e-14   5851.09 1 
  5825.56 2.3174e-14   5853.84 1 
  5828.30 2.3947e-14   5856.59 1 
  5831.04 2.4348e-14   5859.34 1 
  5833.77 2.3452e-14   5862.09 1 
  5836.51 2.3576e-14   5864.84 1 
  5839.25 2.2609e-14   5867.59 1 
  5841.98 2.1718e-14   5870.34 1 
  5844.72 2.2951e-14   5873.09 1 
  5847.46 2.2499e-14   5875.84 1 
  5850.19 2.3039e-14   5878.59 1 
  5852.93 2.1930e-14   5881.34 1 
  5855.67 2.3061e-14   5884.09 1 
  5858.40 2.1991e-14   5886.84 1 
  5861.14 2.1948e-14   5889.59 1 
  5863.88 2.3507e-14   5892.34 1 
  5866.61 2.0129e-14   5895.09 1 
  5869.35 2.0340e-14   5897.84 1 
  5872.09 2.2387e-14   5900.59 1 
  5874.82 2.2294e-14   5903.34 1 
  5877.56 2.1163e-14   5906.09 1 
  5880.30 2.1129e-14   5908.84 1 
  5883.03 2.5580e-14   5911.59 1 
  5885.77 2.5214e-14   5914.34 1 
  5888.51 2.3827e-14   5917.09 1 
  5891.24 2.3450e-14   5919.84 1 
  5893.98 2.2439e-14   5922.59 1 
  5896.72 2.1350e-14   5925.34 1 
  5899.45 2.2232e-14   5928.09 1 
  5902.19 2.2240e-14   5930.84 1 
  5904.93 2.2019e-14   5933.59 1 
  5907.66 2.2456e-14   5936.34 1 
  5910.40 2.2196e-14   5939.09 1 
  5913.14 2.1651e-14   5941.84 1 
  5915.87 2.1836e-14   5944.59 1 
  5918.61 2.3029e-14   5947.34 1 
  5921.35 2.1769e-14   5950.09 1 
  5924.08 2.1807e-14   5952.84 1 
  5926.82 2.1392e-14   5955.59 1 
  5929.56 2.1870e-14   5958.34 1 
  5932.29 2.2146e-14   5961.09 1 
  5935.03 2.2282e-14   5963.84 1 
  5937.77 2.1863e-14   5966.59 1 
  5940.50 2.2456e-14   5969.34 1 
  5943.24 2.1992e-14   5972.09 1 
  5945.98 2.2404e-14   5974.84 1 
  5948.71 2.3331e-14   5977.59 1 
  5951.45 2.2396e-14   5980.34 1 
  5954.19 2.0982e-14   5983.09 1 
  5956.92 2.1376e-14   5985.84 1 
  5959.66 2.2328e-14   5988.59 1 
  5962.40 2.2144e-14   5991.34 1 
  5965.14 2.1616e-14   5994.09 1 
  5967.87 2.2156e-14   5996.84 1 
  5970.61 2.2480e-14   5999.59 1 
  5973.35 2.2164e-14   6002.34 1 
  5976.08 2.2221e-14   6005.09 1 
  5978.82 2.1674e-14   6007.84 1 
  5981.56 2.2079e-14   6010.59 1 
  5984.29 2.1679e-14   6013.34 1 
  5987.03 2.1316e-14   6016.09 1 
  5989.77 2.2279e-14   6018.84 1 
  5992.50 2.2252e-14   6021.59 1 
  5995.24 2.2176e-14   6024.34 1 
  5997.98 2.1726e-14   6027.09 1 
  6000.71 2.2486e-14   6029.84 1 
  6003.45 2.2631e-14   6032.59 1 
  6006.19 2.2028e-14   6035.34 1 
  6008.92 2.1570e-14   6038.09 1 
  6011.66 2.1649e-14   6040.84 1 
  6014.40 2.2026e-14   6043.59 1 
  6017.13 2.1809e-14   6046.34 1 
  6019.87 2.1376e-14   6049.09 1 
  6022.61 2.1609e-14   6051.84 1 
  6025.34 2.1957e-14   6054.59 1 
  6028.08 2.2196e-14   6057.34 1 
  6030.82 2.2689e-14   6060.09 1 
  6033.55 2.2509e-14   6062.84 1 
  6036.29 2.2422e-14   6065.59 1 
  6039.03 2.2588e-14   6068.34 1 
  6041.76 2.1910e-14   6071.09 1 
  6044.50 2.2764e-14   6073.84 1 
  6047.24 2.2305e-14   6076.59 1 
  6049.97 2.2044e-14   6079.34 1 
  6052.71 2.1934e-14   6082.09 1 
  6055.45 2.1857e-14   6084.84 1 
  6058.18 2.2101e-14   6087.59 1 
  6060.92 2.1698e-14   6090.34 1 
  6063.66 2.2317e-14   6093.09 1 
  6066.39 2.1514e-14   6095.84 1 
  6069.13 2.2407e-14   6098.59 1 
  6071.87 2.3334e-14   6101.34 1 
  6074.60 2.2304e-14   6104.09 1 
  6077.34 2.1424e-14   6106.84 1 
  6080.08 2.1045e-14   6109.59 1 
  6082.81 2.1369e-14   6112.34 1 
  6085.55 2.2119e-14   6115.09 1 
  6088.29 2.1704e-14   6117.84 1 
  6091.02 2.2476e-14   6120.59 1 
  6093.76 2.1990e-14   6123.34 1 
  6096.50 2.2416e-14   6126.09 1 
  6099.23 2.1537e-14   6128.84 1 
  6101.97 2.1983e-14   6131.59 1 
  6104.71 2.1985e-14   6134.34 1 
  6107.44 2.1604e-14   6137.09 1 
  6110.18 2.2467e-14   6139.84 1 
  6112.92 2.2083e-14   6142.59 1 
  6115.65 2.0474e-14   6145.34 1 
  6118.39 2.1957e-14   6148.09 1 
  6121.13 2.1705e-14   6150.84 1 
  6123.86 2.2096e-14   6153.59 1 
  6126.60 2.1497e-14   6156.34 1 
  6129.34 2.2232e-14   6159.09 1 
  6132.07 2.3146e-14   6161.84 1 
  6134.81 2.1725e-14   6164.59 1 
  6137.55 1.9463e-14   6167.34 1 
  6140.28 2.0550e-14   6170.09 1 
  6143.02 2.1981e-14   6172.84 1 
  6145.76 2.2380e-14   6175.59 1 
  6148.50 2.1263e-14   6178.34 1 
  6151.23 2.0509e-14   6181.09 1 
  6153.97 2.1300e-14   6183.84 1 
  6156.71 2.0775e-14   6186.59 1 
  6159.44 2.0910e-14   6189.34 1 
  6162.18 1.9939e-14   6192.09 1 
  6164.92 1.9758e-14   6194.84 1 
  6167.65 1.9483e-14   6197.59 1 
  6170.39 2.0849e-14   6200.34 1 
  6173.13 2.0929e-14   6203.09 1 
  6175.86 2.0967e-14   6205.84 1 
  6178.60 2.0536e-14   6208.59 1 
  6181.34 2.1889e-14   6211.34 1 
  6184.07 2.1475e-14   6214.09 1 
  6186.81 2.1021e-14   6216.84 1 
  6189.55 2.1349e-14   6219.59 1 
  6192.28 2.0429e-14   6222.34 1 
  6195.02 1.9434e-14   6225.09 1 
  6197.76 2.1152e-14   6227.84 1 
  6200.49 2.1719e-14   6230.59 1 
  6203.23 2.2398e-14   6233.34 1 
  6205.97 2.1987e-14   6236.09 1 
  6208.70 2.0359e-14   6238.84 1 
  6211.44 1.9950e-14   6241.59 1 
  6214.18 2.1506e-14   6244.34 1 
  6216.91 2.0567e-14   6247.09 1 
  6219.65 2.1118e-14   6249.84 1 
  6222.39 2.2843e-14   6252.59 1 
  6225.12 2.2775e-14   6255.34 1 
  6227.86 2.1524e-14   6258.09 1 
  6230.60 2.1305e-14   6260.84 1 
  6233.33 2.0074e-14   6263.59 1 
  6236.07 2.0213e-14   6266.34 1 
  6238.81 2.0213e-14   6269.09 1 
  6241.54 2.0576e-14   6271.84 1 
  6244.28 2.0578e-14   6274.59 1 
  6247.02 2.1676e-14   6277.34 1 
  6249.75 2.0540e-14   6280.09 1 
  6252.49 2.0024e-14   6282.84 1 
  6255.23 1.9843e-14   6285.59 1 
  6257.96 2.1307e-14   6288.34 1 
  6260.70 2.1506e-14   6291.09 1 
  6263.44 2.0558e-14   6293.84 1 
  6266.17 2.0925e-14   6296.59 1 
  6268.91 2.1495e-14   6299.34 1 
  6271.65 2.0619e-14   6302.09 1 
  6274.38 1.9969e-14   6304.84 1 
  6277.12 2.1510e-14   6307.59 1 
  6279.86 2.0714e-14   6310.34 1 
  6282.59 2.0231e-14   6313.09 1 
  6285.33 2.0359e-14   6315.84 1 
  6288.07 2.1433e-14   6318.59 1 
  6290.80 2.1123e-14   6321.34 1 
  6293.54 2.1648e-14   6324.09 1 
  6296.28 2.2031e-14   6326.84 1 
  6299.01 2.1877e-14   6329.59 1 
  6301.75 2.2526e-14   6332.34 1 
  6304.49 2.1566e-14   6335.09 1 
  6307.22 2.0713e-14   6337.84 1 
  6309.96 2.0450e-14   6340.59 1 
  6312.70 2.0880e-14   6343.34 1 
  6315.43 2.0507e-14   6346.09 1 
  6318.17 2.0015e-14   6348.84 1 
  6320.91 2.0980e-14   6351.59 1 
  6323.64 2.2109e-14   6354.34 1 
  6326.38 2.0457e-14   6357.09 1 
  6329.12 2.1403e-14   6359.84 1 
  6331.86 2.1420e-14   6362.59 1 
  6334.59 1.9790e-14   6365.34 1 
  6337.33 2.0562e-14   6368.09 1 
  6340.07 2.0778e-14   6370.84 1 
  6342.80 2.1323e-14   6373.59 1 
  6345.54 2.1741e-14   6376.34 1 
  6348.28 2.0309e-14   6379.09 1 
  6351.01 2.0739e-14   6381.84 1 
  6353.75 2.1047e-14   6384.59 1 
  6356.49 1.9850e-14   6387.34 1 
  6359.22 2.0483e-14   6390.09 1 
  6361.96 2.0233e-14   6392.84 1 
  6364.70 2.0162e-14   6395.59 1 
  6367.43 2.0993e-14   6398.34 1 
  6370.17 2.1264e-14   6401.09 1 
  6372.91 2.0869e-14   6403.84 1 
  6375.64 2.0200e-14   6406.59 1 
  6378.38 2.1479e-14   6409.34 1 
  6381.12 1.9089e-14   6412.09 1 
  6383.85 2.0490e-14   6414.84 1 
  6386.59 2.1568e-14   6417.59 1 
  6389.33 2.1280e-14   6420.34 1 
  6392.06 1.9810e-14   6423.09 1 
  6394.80 2.0863e-14   6425.84 1 
  6397.54 2.0488e-14   6428.59 1 
  6400.27 2.0713e-14   6431.34 1 
  6403.01 2.1152e-14   6434.09 1 
  6405.75 2.0670e-14   6436.84 1 
  6408.48 2.0908e-14   6439.59 1 
  6411.22 2.1303e-14   6442.34 1 
  6413.96 2.0575e-14   6445.09 1 
  6416.69 2.0295e-14   6447.84 1 
  6419.43 2.0626e-14   6450.59 1 
  6422.17 2.2233e-14   6453.34 1 
  6424.90 2.0888e-14   6456.09 1 
  6427.64 2.1003e-14   6458.84 1 
  6430.38 2.0738e-14   6461.59 1 
  6433.11 2.1709e-14   6464.34 1 
  6435.85 2.1235e-14   6467.09 1 
  6438.59 2.0574e-14   6469.84 1 
  6441.32 2.1327e-14   6472.59 1 
  6444.06 2.0744e-14   6475.34 1 
  6446.80 2.1534e-14   6478.09 1 
  6449.53 2.0398e-14   6480.84 1 
  6452.27 2.0816e-14   6483.59 1 
  6455.01 2.1081e-14   6486.34 1 
  6457.74 2.0462e-14   6489.09 1 
  6460.48 2.0393e-14   6491.84 1 
  6463.22 2.1411e-14   6494.59 1 
  6465.95 2.1330e-14   6497.34 1 
  6468.69 2.0781e-14   6500.09 1 
  6471.43 2.0929e-14   6502.84 1 
  6474.16 2.1062e-14   6505.59 1 
  6476.90 1.9771e-14   6508.34 1 
  6479.64 2.0087e-14   6511.09 1 
  6482.37 2.0709e-14   6513.84 1 
  6485.11 2.0809e-14   6516.59 1 
  6487.85 2.1085e-14   6519.34 1 
  6490.58 2.0703e-14   6522.09 1 
  6493.32 2.0338e-14   6524.84 1 
  6496.06 1.9911e-14   6527.59 1 
  6498.79 1.9204e-14   6530.34 1 
  6501.53 1.9612e-14   6533.09 1 
  6504.27 2.0530e-14   6535.84 1 
  6507.00 2.1229e-14   6538.59 1 
  6509.74 2.1016e-14   6541.34 1 
  6512.48 2.1078e-14   6544.09 1 
  6515.21 2.1214e-14   6546.84 1 
  6517.95 2.0948e-14   6549.59 1 
  6520.69 2.1114e-14   6552.34 1 
  6523.43 2.1144e-14   6555.09 1 
  6526.16 2.1218e-14   6557.84 1 
  6528.90 2.0444e-14   6560.59 1 
  6531.64 2.0775e-14   6563.34 1 
  6534.37 2.1254e-14   6566.09 1 
  6537.11 2.0666e-14   6568.84 1 
  6539.85 2.1689e-14   6571.59 1 
  6542.58 2.4156e-14   6574.34 1 
  6545.32 2.9912e-14   6577.09 1 
  6548.06 3.1809e-14   6579.84 1 
  6550.79 3.0964e-14   6582.59 1 
  6553.53 3.1629e-14   6585.34 1 
  6556.27 3.8901e-14   6588.09 1 
  6559.00 6.7123e-14   6590.84 1 
  6561.74 1.0715e-13   6593.59 1 
  6564.48 1.1394e-13   6596.34 1 
  6567.21 7.7929e-14   6599.09 1 
  6569.95 3.8913e-14   6601.84 1 
  6572.69 2.4253e-14   6604.59 1 
  6575.42 2.2829e-14   6607.34 1 
  6578.16 2.9414e-14   6610.09 1 
  6580.90 4.4434e-14   6612.84 1 
  6583.63 5.6113e-14   6615.59 1 
  6586.37 4.9620e-14   6618.34 1 
  6589.11 3.3788e-14   6621.09 1 
  6591.84 2.3468e-14   6623.84 1 
  6594.58 2.1395e-14   6626.59 1 
  6597.32 2.1621e-14   6629.34 1 
  6600.05 2.1057e-14   6632.09 1 
  6602.79 2.0310e-14   6634.84 1 
  6605.53 2.0307e-14   6637.59 1 
  6608.26 2.0091e-14   6640.34 1 
  6611.00 1.9544e-14   6643.09 1 
  6613.74 2.0006e-14   6645.84 1 
  6616.47 2.1115e-14   6648.59 1 
  6619.21 2.0490e-14   6651.34 1 
  6621.95 2.1384e-14   6654.09 1 
  6624.68 2.0359e-14   6656.84 1 
  6627.42 2.0444e-14   6659.59 1 
  6630.16 2.1131e-14   6662.34 1 
  6632.89 2.0898e-14   6665.09 1 
  6635.63 2.0543e-14   6667.84 1 
  6638.37 2.0413e-14   6670.59 1 
  6641.10 2.0471e-14   6673.34 1 
  6643.84 2.0521e-14   6676.09 1 
  6646.58 2.0134e-14   6678.84 1 
  6649.31 1.9289e-14   6681.59 1 
  6652.05 1.9236e-14   6684.34 1 
  6654.79 2.0052e-14   6687.09 1 
  6657.52 1.9128e-14   6689.84 1 
  6660.26 1.9129e-14   6692.59 1 
  6663.00 2.0053e-14   6695.34 1 
  6665.73 1.9624e-14   6698.09 1 
  6668.47 2.0333e-14   6700.84 1 
  6671.21 2.0958e-14   6703.59 1 
  6673.94 2.0570e-14   6706.34 1 
  6676.68 2.0667e-14   6709.09 1 
  6679.42 2.0389e-14   6711.84 1 
  6682.15 2.0199e-14   6714.59 1 
  6684.89 2.0642e-14   6717.34 1 
  6687.63 2.0332e-14   6720.09 1 
  6690.36 2.0057e-14   6722.84 1 
  6693.10 2.0044e-14   6725.59 1 
  6695.84 1.9920e-14   6728.34 1 
  6698.57 2.0325e-14   6731.09 1 
  6701.31 2.1081e-14   6733.84 1 
  6704.05 2.0618e-14   6736.59 1 
  6706.79 2.0906e-14   6739.34 1 
  6709.52 2.1928e-14   6742.09 1 
  6712.26 2.5745e-14   6744.84 1 
  6715.00 3.3075e-14   6747.59 1 
  6717.73 3.5176e-14   6750.34 1 
  6720.47 3.0721e-14   6753.09 1 
  6723.21 2.5435e-14   6755.84 1 
  6725.94 2.4325e-14   6758.59 1 
  6728.68 2.7825e-14   6761.34 1 
  6731.42 3.0527e-14   6764.09 1 
  6734.15 2.9894e-14   6766.84 1 
  6736.89 2.4326e-14   6769.59 1 
  6739.63 2.0397e-14   6772.34 1 
  6742.36 2.0196e-14   6775.09 1 
  6745.10 1.9110e-14   6777.84 1 
  6747.84 1.9183e-14   6780.59 1 
  6750.57 1.8336e-14   6783.34 1 
  6753.31 1.9516e-14   6786.09 1 
  6756.05 2.0523e-14   6788.84 1 
  6758.78 2.0819e-14   6791.59 1 
  6761.52 1.8790e-14   6794.34 1 
  6764.26 1.9473e-14   6797.09 1 
  6766.99 1.9521e-14   6799.84 1 
  6769.73 1.8639e-14   6802.59 1 
  6772.47 1.8944e-14   6805.34 1 
  6775.20 1.9905e-14   6808.09 1 
  6777.94 2.0131e-14   6810.84 1 
  6780.68 1.9889e-14   6813.59 1 
  6783.41 2.0052e-14   6816.34 1 
  6786.15 1.9561e-14   6819.09 1 
  6788.89 1.9146e-14   6821.84 1 
  6791.62 1.9474e-14   6824.59 1 
  6794.36 2.1367e-14   6827.34 1 
  6806.08 1.9887e-14   6839.12 0 
  6821.77 1.9789e-14   6854.88 0 
  6837.49 1.9967e-14   6870.68 0 
  6853.26 1.9960e-14   6886.52 0 
  6869.06 1.9188e-14   6902.40 0 
  6884.89 1.9404e-14   6918.31 0 
  6900.76 1.9533e-14   6934.26 0 
  6916.67 1.9527e-14   6950.24 0 
  6932.61 1.9431e-14   6966.26 0 
  6948.60 1.9695e-14   6982.33 0 
  6964.61 1.9644e-14   6998.42 0 
  6980.67 1.9774e-14   7014.55 0 
  6996.76 1.9496e-14   7030.72 0 
  7012.89 1.9047e-14   7046.93 0 
  7029.06 1.9529e-14   7063.18 0 
  7045.26 1.9167e-14   7079.46 0 
  7061.50 1.9029e-14   7095.78 0 
  7077.78 1.9023e-14   7112.14 0 
  7094.09 1.8584e-14   7128.53 0 
  7110.45 1.8578e-14   7144.96 0 
  7126.84 1.8402e-14   7161.43 0 
  7143.27 1.8438e-14   7177.94 0 
  7159.74 1.8475e-14   7194.49 0 
  7176.24 1.8173e-14   7211.08 0 
  7192.78 1.7033e-14   7227.70 0 
  7209.36 1.7585e-14   7244.36 0 
  7225.99 1.8536e-14   7261.06 0 
  7242.64 1.8025e-14   7277.80 0 
  7259.34 1.7813e-14   7294.57 0 
  7276.07 1.8819e-14   7311.39 0 
  7292.85 1.8384e-14   7328.25 0 
  7309.66 1.8252e-14   7345.14 0 
  7326.51 1.8628e-14   7362.07 0 
  7343.40 1.8968e-14   7379.04 0 
  7360.33 1.8658e-14   7396.05 0 
  7377.29 1.8955e-14   7413.10 0 
  7394.30 1.8305e-14   7430.19 0 
  7411.34 1.9206e-14   7447.32 0 
  7428.43 1.8590e-14   7464.49 0 
  7445.56 1.9061e-14   7481.70 0 
  7462.72 1.9142e-14   7498.94 0 
  7479.92 1.8743e-14   7516.23 0 
  7497.17 1.8824e-14   7533.56 0 
  7514.45 1.8817e-14   7550.92 0 
  7531.77 1.8768e-14   7568.33 0 
  7549.13 1.9110e-14   7585.78 0 
  7566.54 1.8626e-14   7603.26 0 
  7583.98 1.8748e-14   7620.79 0 
  7601.46 1.8315e-14   7638.36 0 
  7618.98 1.8099e-14   7655.97 0 
  7636.55 1.8472e-14   7673.61 0 
  7654.15 1.8128e-14   7691.30 0 
  7671.80 1.6991e-14   7709.04 0 
  7689.48 1.7622e-14   7726.81 0 
  7707.21 1.7018e-14   7744.62 0 
  7724.98 1.7288e-14   7762.47 0 
  7742.78 1.7523e-14   7780.37 0 
  7760.63 1.7197e-14   7798.30 0 
  7778.52 1.7072e-14   7816.28 0 
  7796.45 1.6871e-14   7834.30 0 
  7814.42 1.7258e-14   7852.36 0 
  7832.44 1.7613e-14   7870.46 0 
  7850.50 1.7485e-14   7888.60 0 
  7868.59 1.7641e-14   7906.79 0 
  7886.73 1.7273e-14   7925.01 0 
  7904.91 1.6796e-14   7943.28 0 
  7923.13 1.6598e-14   7961.59 0 
  7941.40 1.6554e-14   7979.95 0 
  7959.71 1.6778e-14   7998.34 0 
  7978.06 1.6927e-14   8016.78 0 
  7996.45 1.6727e-14   8035.26 0 
  8014.88 1.6953e-14   8053.78 0 
  8033.36 1.6485e-14   8072.35 0 
  8051.88 1.6980e-14   8090.96 0 
  8070.43 1.7131e-14   8109.61 0 
  8089.04 1.6696e-14   8128.31 0 
  8107.69 1.6537e-14   8147.04 0 
  8126.38 1.6799e-14   8165.82 0 
  8145.11 1.6793e-14   8184.65 0 
  8163.89 1.6443e-14   8203.52 0 
  8182.71 1.7014e-14   8222.43 0 
  8201.57 1.6130e-14   8241.38 0 
  8220.48 1.6576e-14   8260.38 0 
  8239.43 1.4836e-14   8279.42 0 
  8258.42 1.7145e-14   8298.51 0 
  8277.46 1.7178e-14   8317.64 0 
  8296.54 1.6026e-14   8336.81 0 
  8315.67 1.5983e-14   8356.03 0 
  8334.84 1.5977e-14   8375.29 0 
  8354.05 1.6193e-14   8394.60 0 
  8373.31 1.6001e-14   8413.95 0 
  8392.61 1.5559e-14   8433.35 0 
  8411.96 1.6324e-14   8452.79 0 
  8431.35 1.6168e-14   8472.27 0 
  8450.78 1.5793e-14   8491.80 0 
  8470.27 1.6081e-14   8511.38 0 
  8489.79 1.5745e-14   8531.00 0 
  8509.36 1.3739e-14   8550.67 0 
  8528.98 1.5696e-14   8570.38 0 
  8548.64 1.2377e-14   8590.14 0 
  8568.35 1.5756e-14   8609.94 0 
  8588.10 1.5932e-14   8629.79 0 
  8607.90 1.4863e-14   8649.68 0 
  8627.74 1.5701e-14   8669.62 0 
  8647.63 1.5804e-14   8689.60 0 
  8667.56 1.3664e-14   8709.64 0 
  8687.54 1.4942e-14   8729.71 0 
  8707.57 1.5144e-14   8749.84 0 
  8727.65 1.5598e-14   8770.01 0 
  8747.76 1.5377e-14   8790.23 0 
  8767.93 1.5195e-14   8810.49 0 
  8788.14 1.5543e-14   8830.80 0 
  8808.40 1.5716e-14   8851.16 0 
  8828.71 1.5530e-14   8871.56 0 
  8849.06 1.4997e-14   8892.01 0 
  8869.46 1.3958e-14   8912.51 0 
  8889.90 1.4542e-14   8933.05 0 
  8910.39 1.4978e-14   8953.65 0 
  8930.94 1.4869e-14   8974.29 0 
  8951.52 1.4693e-14   8994.98 0 
  8972.16 1.4090e-14   9015.71 0 
  8992.85 1.4919e-14   9036.50 0 
  9013.57 1.3981e-14   9057.33 0 
  9034.35 1.3346e-14   9078.20 0 
  9055.18 1.5566e-14   9099.13 0 
  9076.05 1.5311e-14   9120.11 0 
  9096.98 1.3268e-14   9141.13 0 
  9117.94 1.4310e-14   9162.20 0 
  9138.97 1.3818e-14   9183.33 0 
  9160.03 1.4134e-14   9204.50 0 
  9181.15 1.3585e-14   9225.71 0 
  9202.32 1.4252e-14   9246.98 0 
  9223.53 1.3636e-14   9268.30 0 
  9244.79 1.3725e-14   9289.66 0 
  9266.10 1.3942e-14   9311.08 0 
  9287.46 1.3681e-14   9332.54 0 
  9308.87 1.2881e-14   9354.06 0 
  9330.33 1.4446e-14   9375.62 0 
  9351.84 1.4407e-14   9397.23 0 
  9373.40 1.4203e-14   9418.90 0 
  9395.00 1.4328e-14   9440.61 0 
  9416.66 1.4060e-14   9462.37 0 
  9438.37 1.4381e-14   9484.18 0 
  9460.13 1.4178e-14   9506.05 0 
  9481.94 1.4368e-14   9527.96 0 
  9503.80 1.4067e-14   9549.93 0 
  9525.70 1.3996e-14   9571.94 0 
  9547.66 1.3422e-14   9594.01 0 
  9569.67 1.3920e-14   9616.12 0 
  9591.73 1.4205e-14   9638.29 0 
  9613.84 1.4036e-14   9660.51 0 
  9636.01 1.4062e-14   9682.78 0 
  9658.22 1.3926e-14   9705.10 0 
  9680.48 1.3856e-14   9727.47 0 
  9702.80 1.3818e-14   9749.90 0 
  9725.17 1.3685e-14   9772.37 0 
  9747.58 1.3616e-14   9794.90 0 
  9770.06 1.3641e-14   9817.48 0 
  9792.58 1.3478e-14   9840.11 0 
  9815.15 1.3691e-14   9862.79 0 
  9837.78 1.3559e-14   9885.53 0 
  9860.46 1.3584e-14   9908.32 0 
  9883.19 1.3453e-14   9931.16 0 
  9905.97 1.3354e-14   9954.05 0 
  9928.81 1.3410e-14   9977.00 0 
  9951.69 1.3434e-14  10000.00 0 
  9974.63 1.3397e-14  10023.05 0 
  9997.63 1.3329e-14  10046.15 0 
 10020.67 1.3170e-14  10069.31 0 
 10066.93 1.2947e-14  10115.80 0 
 10113.40 1.3175e-14  10162.49 0 
 10183.50 1.3035e-14  10232.94 0 
 10230.51 1.3023e-14  10280.17 0 
 10277.72 1.3010e-14  10327.61 0 
 10301.42 1.2914e-14  10351.42 0 
 10492.93 1.2426e-14  10543.86 0 
 10688.02 1.1828e-14  10739.90 0 
 10911.82 1.1296e-14  10964.78 0 
 11089.12 1.0862e-14  11142.94 0 
 11295.28 1.0590e-14  11350.10 0 
 11505.28 1.0469e-14  11561.13 0 
 11692.23 1.0137e-14  11748.98 0 
 11909.60 9.7704e-15  11967.41 0 
 12103.11 9.5480e-15  12161.86 0 
 12299.77 9.3521e-15  12359.47 0 
 12499.63 9.0555e-15  12560.30 0 
 12702.73 8.8290e-15  12764.39 0 
 12909.13 8.5884e-15  12971.79 0 
 13088.71 8.4122e-15  13152.25 0 
 13301.39 8.1454e-15  13365.95 0 
 13486.43 7.9600e-15  13551.89 0 
 13705.57 7.7788e-15  13772.09 0 
 13896.23 7.4974e-15  13963.68 0 
 14089.55 7.1765e-15  14157.94 0 
 14285.55 7.0455e-15  14354.90 0 
 14484.29 7.0455e-15  14554.59 0 
 14685.79 6.8063e-15  14757.07 0 
 14890.09 6.8377e-15  14962.36 0 
 15097.23 6.8377e-15  15170.51 0 
 15307.24 6.9010e-15  15381.54 0 
 15484.49 6.8220e-15  15559.65 0 
 15699.90 6.6821e-15  15776.11 0 
 15918.31 6.4256e-15  15995.58 0 
 16102.64 6.4256e-15  16180.80 0 
 16289.11 6.3813e-15  16368.17 0 
 16515.69 6.2649e-15  16595.86 0 
 16706.94 6.1931e-15  16788.04 0 
 16900.40 6.0801e-15  16982.44 0 
 17096.11 5.9417e-15  17179.09 0 
 17294.05 5.7005e-15  17378.00 0 
 17494.32 5.5324e-15  17579.23 0 
 17696.89 5.3078e-15  17782.79 0 
 17901.82 5.1040e-15  17988.71 0 
 18109.12 4.8631e-15  18197.02 0 
 18318.80 4.7305e-15  18407.71 0 
 18488.30 4.5699e-15  18578.05 0 
 18702.39 4.3643e-15  18793.18 0 
 18918.94 4.2453e-15  19010.77 0 
 19094.01 4.1678e-15  19186.69 0 
 19315.11 4.0263e-15  19408.86 0 
 19493.81 3.8629e-15  19588.44 0 
 19719.55 3.7403e-15  19815.27 0 
 19902.02 3.6300e-15  19998.62 0 
 20086.16 3.5556e-15  20183.66 0 
 20318.75 3.4349e-15  20417.38 0 
 20506.76 3.3800e-15  20606.30 0 
 20696.50 3.2878e-15  20796.96 0 
 20888.01 3.2056e-15  20989.40 0 
 21081.29 3.1471e-15  21183.62 0 
 21276.34 3.0684e-15  21379.62 0 
 21522.72 2.9985e-15  21627.19 0 
 21721.87 2.8968e-15  21827.31 0 
 21922.85 2.8439e-15  22029.26 0 
 22074.82 2.7664e-15  22181.97 0 
 22279.06 2.6848e-15  22387.21 0 
 22485.22 2.6176e-15  22594.36 0 
 22693.26 2.5463e-15  22803.41 0 
 22903.25 2.2957e-15  23014.42 0 
 23115.18 2.2746e-15  23227.38 0 
 23275.39 2.0041e-15  23388.37 0 
 23490.77 1.8876e-15  23604.79 0 
 23708.11 1.9095e-15  23823.19 0 
 23927.49 1.7576e-15  24043.63 0 
 24093.33 1.7018e-15  24210.28 0 
 24316.28 1.6823e-15  24434.31 0 
 24484.81 1.5700e-15  24603.66 0 
 24711.38 1.5449e-15  24831.33 0 
 24882.66 1.3241e-15  25003.44 0 
 25112.91 1.3089e-15  25234.80 0 
 25287.00 1.3150e-15  25409.74 0 
 25520.96 1.3029e-15  25644.84 0 
 25697.88 1.3180e-15  25822.61 0 
 25875.99 1.2910e-15  26001.59 0 
 26115.43 1.2850e-15  26242.20 0 
 26296.44 1.2500e-15  26424.08 0 
 26478.73 1.2385e-15  26607.26 0 
 26723.72 1.2131e-15  26853.44 0 
 26908.98 1.1937e-15  27039.59 0 
 27095.49 1.1774e-15  27227.01 0 
 27283.32 1.1532e-15  27415.75 0 
 27472.43 1.1322e-15  27605.78 0 
 27726.64 1.1064e-15  27861.22 0 
 27918.82 1.0937e-15  28054.33 0 
 28112.36 1.0713e-15  28248.81 0 
 28307.21 1.0542e-15  28444.61 0 
 28503.41 1.0325e-15  28641.77 0 
 28701.00 1.0090e-15  28840.32 0 
 28899.93 9.9520e-16  29040.21 0 
 29100.28 9.7704e-16  29241.53 0 
 29301.98 9.5700e-16  29444.21 0 
 29505.10 9.3953e-16  29648.32 0 
 29709.61 9.2238e-16  29853.82 0 
 29915.56 9.0346e-16  30060.77 0 
 30122.91 8.8902e-16  30269.13 0 
 30331.73 8.7078e-16  30478.96 0 
 30471.73 8.6082e-16  30619.64 0 
 30682.93 8.4901e-16  30831.87 0 
 30895.64 8.3543e-16  31045.60 0 
 31109.78 8.2207e-16  31260.79 0 
 31325.44 8.1079e-16  31477.49 0 
 31470.02 7.9967e-16  31622.78 0 
 31688.14 7.8688e-16  31841.96 0 
 31907.82 7.7967e-16  32062.70 0 
 32128.97 7.7075e-16  32284.93 0 
 32277.30 7.6897e-16  32433.97 0 
 32501.02 7.7609e-16  32658.78 0 
 32726.33 8.1454e-16  32885.18 0 
 32877.37 9.3953e-16  33036.96 0 
 33105.25 9.2878e-16  33265.94 0 
 33334.74 7.7788e-16  33496.55 0 
 33488.60 7.1600e-16  33651.15 0 
 33720.75 6.8535e-16  33884.43 0 
 33876.39 6.6361e-16  34040.82 0 
 34111.19 6.4701e-16  34276.77 0 
 34268.67 6.3520e-16  34435.01 0 
 34506.19 6.2217e-16  34673.68 0 
 34665.45 6.0941e-16  34833.72 0 
 34905.76 5.9829e-16  35075.20 0 
 35066.87 5.8737e-16  35237.08 0 
 35309.96 5.7532e-16  35481.36 0 
 35472.93 5.6482e-16  35645.12 0 
 35718.80 5.5451e-16  35892.18 0 
 35883.70 5.4439e-16  36057.88 0 
 36132.41 5.3569e-16  36307.80 0 
 36299.18 5.2591e-16  36475.38 0 
 36466.76 5.1631e-16  36643.77 0 
 36719.52 5.0689e-16  36897.75 0 
 36888.99 4.9649e-16  37068.05 0 
 37059.29 4.8743e-16  37239.18 0 
 37316.16 4.7964e-16  37497.29 0 
 37488.43 4.6872e-16  37670.40 0 
 37661.46 4.6335e-16  37844.27 0 
 37922.49 4.5489e-16  38106.57 0 
 38097.57 4.4659e-16  38282.49 0 
 38273.40 4.3945e-16  38459.18 0 
 38538.68 4.3243e-16  38725.75 0 
 38716.60 4.2453e-16  38904.53 0 
 38895.29 4.1678e-16  39084.09 0 
 39074.81 4.1012e-16  39264.48 0 
 39255.20 4.0356e-16  39445.75 0 
 39527.29 3.9620e-16  39719.15 0 
 39709.73 3.8986e-16  39902.48 0 
 39893.05 3.8187e-16  40086.69 0 
 40077.17 3.7576e-16  40271.71 0 
 40262.15 3.7060e-16  40457.58 0 
 40541.25 3.6384e-16  40738.04 0 
 40728.37 3.5885e-16  40926.07 0 
 40916.35 3.5311e-16  41114.96 0 
 41105.24 3.4827e-16  41304.77 0 
 41294.96 3.4270e-16  41495.41 0 
 41485.55 3.3722e-16  41686.93 0 
 41677.08 3.3183e-16  41879.38 0 
 41869.43 3.2727e-16  42072.67 0 
 42062.68 3.2204e-16  42266.86 0 
 42256.82 3.1835e-16  42461.93 0 
 42451.90 3.1326e-16  42657.96 0 
 42746.14 3.0897e-16  42953.63 0 
 42943.48 2.9848e-16  43151.93 0 
 43141.69 2.8834e-16  43351.10 0 
 43340.80 2.8768e-16  43551.18 0 
 43540.84 2.7791e-16  43752.19 0 
 43741.85 2.7221e-16  43954.18 0 
 43943.74 2.6848e-16  44157.04 0 
 44146.56 2.6056e-16  44360.85 0 
 44350.36 2.5758e-16  44565.64 0 
 44452.59 2.5405e-16  44668.37 0 
 44657.77 2.4769e-16  44874.54 0 
 44863.88 2.4712e-16  45081.65 0 
 45071.00 2.4317e-16  45289.77 0 
 45279.02 2.3873e-16  45498.80 0 
 45488.01 2.3709e-16  45708.80 0 
 45698.00 2.3492e-16  45919.82 0 
 45908.92 2.2904e-16  46131.76 0 
 46120.81 2.2904e-16  46344.68 0 
 46333.73 2.2590e-16  46558.63 0 
 46547.58 2.2331e-16  46773.52 0 
 46654.88 2.2229e-16  46881.34 0 
 46870.21 2.1974e-16  47097.72 0 
 47086.59 2.1723e-16  47315.15 0 
 47303.91 2.1673e-16  47533.53 0 
 47522.24 2.1326e-16  47752.92 0 
 47741.63 2.1179e-16  47973.37 0 
 47851.68 2.0985e-16  48083.95 0 
 48072.54 2.0697e-16  48305.88 0 
 48294.41 2.0697e-16  48528.84 0 
 48517.37 2.0413e-16  48752.87 0 
 48741.30 2.0180e-16  48977.89 0 
 48853.65 2.0041e-16  49090.79 0 
 49079.13 1.9857e-16  49317.36 0 
 49305.71 1.9720e-16  49545.04 0 
 49533.28 1.9494e-16  49773.71 0 
 49647.46 1.9450e-16  49888.45 0 
 49876.60 1.9263e-16  50118.70 0 
 50106.86 1.9201e-16  50350.08 0 
 50338.12 1.9139e-16  50582.46 0 
 50454.16 1.8955e-16  50699.06 0 
 50687.03 1.8938e-16  50933.06 0 
 50803.92 1.8929e-16  51050.52 0 
 50921.02 1.8877e-16  51168.20 0 
 51038.40 1.8868e-16  51286.14 0 
 51156.05 1.8773e-16  51404.36 0 
 51273.97 1.8765e-16  51522.85 0 
 51392.16 1.8713e-16  51641.62 0 
 51510.68 1.8704e-16  51760.71 0 
 51629.41 1.8696e-16  51880.02 0 
 51748.42 1.8731e-16  51999.61 0 
 51867.71 1.8679e-16  52119.47 0 
 51987.26 1.8628e-16  52239.61 0 
 52107.10 1.8619e-16  52360.03 0 
 52227.21 1.8568e-16  52480.72 0 
 52347.65 1.8517e-16  52601.75 0 
 52468.32 1.8552e-16  52723.00 0 
 52589.26 1.8543e-16  52844.53 0 
 52710.48 1.8578e-16  52966.34 0 
 52831.99 1.8570e-16  53088.43 0 
 52953.77 1.8476e-16  53210.80 0 
 53075.89 1.8468e-16  53333.52 0 
 53198.23 1.8460e-16  53456.46 0 
 53320.86 1.8494e-16  53579.68 0 
 53443.77 1.8486e-16  53703.18 0 
 53566.96 1.8521e-16  53826.97 0 
 53690.43 1.8512e-16  53951.05 0 
 53814.19 1.8547e-16  54075.41 0 
 53938.30 1.8539e-16  54200.11 0 
 54062.63 1.8574e-16  54325.05 0 
 54187.25 1.8566e-16  54450.27 0 
 54312.15 1.8557e-16  54575.79 0 
 54437.35 1.8592e-16  54701.59 0 
 54562.83 1.8627e-16  54827.68 0 
 54688.60 1.8662e-16  54954.06 0 
 54814.72 1.8654e-16  55080.79 0 
 54941.07 1.8689e-16  55207.76 0 
 55067.72 1.8724e-16  55335.02 0 
 55194.65 1.8802e-16  55462.57 0 
 55321.88 1.8924e-16  55590.41 0 
 55449.40 1.8916e-16  55718.55 0 
 55577.27 1.8952e-16  55847.05 0 
 55705.38 1.9031e-16  55975.78 0 
 55833.79 1.9111e-16  56104.81 0 
 55962.49 1.9147e-16  56234.13 0 
 56091.49 1.9271e-16  56363.76 0 
 56220.78 1.9352e-16  56493.68 0 
 56350.38 1.9389e-16  56623.90 0 
 56480.33 1.9560e-16  56754.48 0 
 56610.52 1.9687e-16  56885.31 0 
 56741.01 1.9770e-16  57016.43 0 
 56871.80 1.9899e-16  57147.86 0 
 57002.90 2.0028e-16  57279.59 0 
 57134.29 2.0205e-16  57411.62 0 
 57266.05 2.0430e-16  57544.02 0 
 57398.06 2.0564e-16  57676.67 0 
 57530.36 2.0745e-16  57809.62 0 
 57662.98 2.0977e-16  57942.87 0 
 57795.89 2.1211e-16  58076.43 0 
 57929.12 2.1497e-16  58210.30 0 
 58062.65 2.1787e-16  58344.48 0 
 58196.55 2.2030e-16  58479.04 0 
 58330.69 2.2328e-16  58613.83 0 
 58465.15 2.2681e-16  58748.94 0 
 58599.92 2.3094e-16  58884.36 0 
 58734.99 2.3513e-16  59020.09 0 
 58870.38 2.3996e-16  59156.14 0 
 59267.13 2.0218e-16  59554.81 3 
 59575.48 3.5718e-16  59864.66 3 
 59883.83 2.6909e-16  60174.51 3 
 60192.20 3.0898e-16  60484.37 3 
 60500.55 4.8615e-16  60794.22 3 
 60808.90 2.7541e-16  61104.07 3 
 61117.27 4.1617e-16  61413.93 3 
 61425.62 5.1277e-16  61723.78 3 
 61733.97 8.9877e-16  62033.63 3 
 62042.33 1.1319e-15  62343.49 3 
 62350.69 1.1332e-15  62653.34 3 
 62659.04 9.6048e-16  62963.19 3 
 62967.40 6.9201e-16  63273.05 3 
 63275.76 6.6352e-16  63582.90 3 
 63584.12 7.0356e-16  63892.76 3 
 63892.48 5.2600e-16  64202.61 3 
 64200.83 4.0340e-16  64512.46 3 
 64509.19 4.0556e-16  64822.32 3 
 64817.54 3.5050e-16  65132.17 3 
 65125.90 4.2087e-16  65442.02 3 
 65434.26 3.8914e-16  65751.88 3 
 65742.61 2.9984e-16  66061.73 3 
 66050.97 3.7407e-16  66371.58 3 
 66359.34 3.8552e-16  66681.45 3 
 66667.68 2.8257e-16  66991.29 3 
 66976.04 2.9566e-16  67301.14 3 
 67284.40 4.2638e-16  67611.00 3 
 67592.76 3.6867e-16  67920.85 3 
 67901.12 4.0235e-16  68230.71 3 
 68209.47 3.1231e-16  68540.56 3 
 68517.83 3.1561e-16  68850.41 3 
 68826.19 3.1709e-16  69160.27 3 
 69134.54 3.4434e-16  69470.12 3 
 69442.90 5.0986e-16  69779.98 3 
 69751.26 5.2345e-16  70089.83 3 
 70059.61 5.1326e-16  70399.68 3 
 70367.97 2.9802e-16  70709.54 3 
 70676.33 2.7484e-16  71019.39 3 
 70984.68 4.5784e-16  71329.24 3 
 71293.05 4.6436e-16  71639.10 3 
 71601.39 4.0777e-16  71948.95 3 
 71909.76 4.9460e-16  72258.81 3 
 72218.11 5.6684e-16  72568.66 3 
 72526.46 5.3054e-16  72878.51 3 
 72834.83 4.9664e-16  73188.38 3 
 73143.18 4.7587e-16  73498.22 3 
 73451.54 4.7547e-16  73808.07 3 
 73759.90 6.2076e-16  74117.93 3 
 74068.25 6.7660e-16  74427.78 3 
 74376.61 9.0998e-16  74737.63 3 
 74684.96 1.0036e-15  75047.48 3 
 74973.14 8.7265e-16  75337.06 3 
 74993.33 9.2379e-16  75357.34 3 
 75301.69 1.1090e-15  75667.20 3 
 75591.07 1.0289e-15  75957.99 3 
 75610.04 1.0460e-15  75977.05 3 
 76209.02 1.0791e-15  76578.94 3 
 76826.96 1.0644e-15  77199.88 3 
 77444.90 9.1200e-16  77820.82 3 
 78062.84 9.1311e-16  78441.76 3 
 78680.79 8.5627e-16  79062.71 3 
 79298.73 7.4448e-16  79683.65 3 
 79916.67 6.6197e-16  80304.59 3 
 80534.62 4.8025e-16  80925.54 3 
 81152.56 4.2592e-16  81546.48 3 
 81770.50 4.1574e-16  82167.41 3 
 82388.45 4.1076e-16  82788.36 3 
 83006.38 4.3414e-16  83409.30 3 
 83624.34 4.8218e-16  84030.25 3 
 84242.28 4.3782e-16  84651.19 3 
 84860.22 4.3397e-16  85272.13 3 
 85478.16 4.9776e-16  85893.07 3 
 86096.11 4.5836e-16  86514.02 3 
 86714.04 4.4186e-16  87134.95 3 
 87331.99 3.6706e-16  87755.90 3 
 87949.93 2.7978e-16  88376.84 3 
 88567.87 2.5050e-16  88997.78 3 
 89185.81 2.0196e-16  89618.72 3 
 89803.76 1.9945e-16  90239.66 3 
 90421.69 1.8568e-16  90860.60 3 
 91039.65 1.5655e-16  91481.55 3 
 91657.59 1.6714e-16  92102.49 3 
 92275.53 1.7250e-16  92723.44 3 
 92893.48 1.6961e-16  93344.38 3 
 93511.42 1.1322e-16  93965.32 3 
 94129.35 1.1091e-16  94586.26 3 
 94747.29 1.2801e-16  95207.20 3 
 95365.25 1.7224e-16  95828.15 3 
 95983.18 1.4908e-16  96449.09 3 
 96601.12 1.7102e-16  97070.02 3 
 97219.08 1.2192e-16  97690.98 3 
 97837.02 1.3472e-16  98311.92 3 
 98454.96 1.3432e-16  98932.86 3 
 99072.90 1.1098e-16  99553.80 3 
 99690.80 9.7052e-17 100174.70 3 
100308.80 1.1883e-16 100795.70 3 
100926.70 1.3316e-16 101416.59 3 
101544.70 9.7608e-17 102037.60 3 
102162.60 1.0075e-16 102658.50 3 
102780.60 9.5961e-17 103279.49 3 
103398.51 1.0451e-16 103900.41 3 
104016.41 1.2621e-16 104521.30 3 
104634.40 1.3129e-16 105142.30 3 
105252.30 1.4877e-16 105763.20 3 
105870.31 1.6066e-16 106384.20 3 
106488.21 1.6020e-16 107005.10 3 
107106.11 1.4172e-16 107626.00 3 
107724.11 1.4981e-16 108247.00 3 
108342.01 1.8443e-16 108867.91 3 
108960.01 1.7981e-16 109488.90 3 
109577.91 2.2276e-16 110109.80 3 
110195.91 2.7191e-16 110730.80 3 
110813.81 2.5513e-16 111351.70 3 
111431.71 4.0221e-16 111972.60 3 
112049.71 5.9339e-16 112593.60 3 
112667.61 6.3588e-16 113214.50 3 
113285.61 5.0500e-16 113835.50 3 
113903.51 4.0811e-16 114456.40 3 
114521.51 3.3307e-16 115077.40 3 
115139.41 2.6613e-16 115698.30 3 
115757.31 2.4718e-16 116319.20 3 
116375.32 2.5299e-16 116940.20 3 
116993.22 2.3282e-16 117561.10 3 
117611.21 2.1076e-16 118182.09 3 
118229.11 2.2515e-16 118802.99 3 
118847.12 2.4038e-16 119424.00 3 
119465.02 2.4545e-16 120044.90 3 
120082.91 2.5256e-16 120665.80 3 
120700.92 2.6509e-16 121286.80 3 
121318.82 2.5077e-16 121907.70 3 
121936.81 2.2485e-16 122528.70 3 
122554.71 2.3351e-16 123149.59 3 
123172.63 2.6481e-16 123770.51 3 
123790.62 2.3464e-16 124391.50 3 
124408.52 2.6256e-16 125012.40 3 
125026.52 2.6369e-16 125633.40 3 
125644.43 2.7715e-16 126254.30 3 
126262.42 2.9415e-16 126875.30 3 
126880.33 3.3063e-16 127496.20 3 
127498.23 4.0776e-16 128117.10 3 
128116.23 5.9540e-16 128738.10 3 
128734.12 4.1010e-16 129359.00 3 
129352.12 2.0485e-16 129980.00 3 
129970.02 2.0630e-16 130600.90 3 
130587.92 1.8915e-16 131221.80 3 
131205.92 1.8554e-16 131842.80 3 
131823.83 1.8521e-16 132463.70 3 
132441.83 1.6343e-16 133084.70 3 
133059.72 1.5498e-16 133705.59 3 
133677.72 1.7160e-16 134326.59 3 
134295.63 1.6940e-16 134947.50 3 
134913.54 1.5643e-16 135568.41 3 
135531.54 1.7047e-16 136189.41 3 
136149.43 1.8650e-16 136810.30 3 
136767.43 1.7760e-16 137431.30 3 
137385.33 1.7605e-16 138052.20 3 
138003.33 1.6720e-16 138673.20 3 
138621.23 1.7635e-16 139294.09 3 
139239.13 1.6850e-16 139915.00 3 
139857.13 1.8288e-16 140536.00 3 
140475.04 1.7359e-16 141156.91 3 
141093.03 1.5152e-16 141777.89 3 
141710.93 1.4752e-16 142398.80 3 
142328.93 1.5810e-16 143019.80 3 
142946.84 1.5818e-16 143640.70 3 
143564.73 1.4466e-16 144261.59 3 
144182.75 1.4951e-16 144882.61 3 
144714.46 1.4512e-16 145416.91 3 
145626.92 1.4199e-16 146333.80 3 
146539.49 1.3815e-16 147250.80 3 
147451.97 1.3569e-16 148167.70 3 
148364.43 1.2950e-16 149084.59 3 
149276.91 1.4872e-16 150001.50 3 
150189.48 1.3121e-16 150918.50 3 
151101.96 1.3880e-16 151835.41 3 
152014.42 1.3397e-16 152752.30 3 
152926.99 1.3563e-16 153669.30 3 
153839.47 1.3064e-16 154586.20 3 
154751.93 1.6137e-16 155503.09 3 
155664.40 1.7881e-16 156420.00 3 
156576.98 1.5800e-16 157337.00 3 
157489.45 1.4746e-16 158253.91 3 
158401.91 1.5327e-16 159170.80 3 
159314.48 1.3582e-16 160087.80 3 
160226.96 1.5889e-16 161004.70 3 
161139.42 1.6939e-16 161921.59 3 
162051.99 1.5550e-16 162838.59 3 
162964.47 1.7946e-16 163755.50 3 
163876.93 2.1288e-16 164672.39 3 
164789.41 2.2881e-16 165589.30 3 
165702.00 2.0092e-16 166506.31 3 
166614.44 2.0005e-16 167423.19 3 
167526.92 2.1327e-16 168340.09 3 
168439.40 2.1284e-16 169257.00 3 
169351.97 2.1729e-16 170174.00 3 
170264.44 2.4584e-16 171090.91 3 
171176.92 2.4039e-16 172007.81 3 
172089.49 2.2351e-16 172924.81 3 
173001.95 2.1752e-16 173841.70 3 
173914.43 2.2107e-16 174758.61 3 
174827.00 2.0335e-16 175675.61 3 
175739.46 1.9865e-16 176592.50 3 
176651.94 1.9232e-16 177509.41 3 
177564.40 2.1555e-16 178426.30 3 
178476.97 2.0011e-16 179343.30 3 
179389.45 1.9539e-16 180260.20 3 
180301.91 1.9421e-16 181177.09 3 
181214.48 1.8070e-16 182094.09 3 
182126.96 1.8481e-16 183011.00 3 
183039.42 1.9509e-16 183927.89 3 
183951.99 1.9495e-16 184844.89 3 
184864.46 1.9212e-16 185761.80 3 
185776.94 2.1192e-16 186678.70 3 
186689.40 3.6532e-16 187595.59 3 
187601.97 4.0995e-16 188512.59 3 
188514.45 2.3610e-16 189429.50 3 
189426.91 2.0227e-16 190346.39 3 
190339.50 2.0161e-16 191263.41 3 
191251.98 1.9352e-16 192180.31 3 
192164.42 1.9679e-16 193097.19 3 
193076.90 1.9120e-16 194014.09 3 
193989.48 1.9453e-16 194931.11 3 
194901.95 1.9924e-16 195848.00 3 
195814.42 1.9773e-16 196764.91 3 
196726.99 1.8158e-16 197681.91 3 
197639.45 1.9465e-16 198598.80 3 
198551.93 2.1286e-16 199515.70 3 
199464.41 2.0811e-16 200432.61 3 
200376.98 2.0090e-16 201349.61 3 
201289.44 2.0284e-16 202266.50 3 
202201.92 2.0062e-16 203183.41 3 
203114.49 2.1699e-16 204100.41 3 
204209.27 1.9874e-16 205200.50 3 
205966.05 2.1831e-16 206965.81 3 
207723.91 2.2052e-16 208732.20 3 
209482.67 2.0681e-16 210499.50 3 
211242.52 2.2230e-16 212267.89 3 
213003.38 2.0789e-16 214037.30 3 
214765.33 1.9832e-16 215807.80 3 
216528.16 2.1926e-16 217579.19 3 
218292.10 2.2372e-16 219351.69 3 
220057.05 2.1700e-16 221125.20 3 
221823.07 2.0598e-16 222899.80 3 
223590.10 2.1657e-16 224675.41 3 
225358.11 2.1759e-16 226452.00 3 
227127.21 2.1775e-16 228229.69 3 
228897.32 2.1327e-16 230008.39 3 
230668.43 2.2272e-16 231788.09 3 
232440.62 2.2035e-16 233568.89 3 
234213.83 2.2603e-16 235350.70 3 
235988.11 2.2372e-16 237133.59 3 
237763.49 2.1234e-16 238917.59 3 
239539.87 2.1263e-16 240702.59 3 
241317.24 2.1528e-16 242488.59 3 
243095.72 2.1869e-16 244275.70 3 
244875.17 2.2256e-16 246063.80 3 
246655.84 2.1826e-16 247853.11 3 
248437.40 2.1779e-16 249643.31 3 
250220.03 2.2270e-16 251434.59 3 
252003.77 2.1203e-16 253227.00 3 
253788.61 2.1533e-16 255020.50 3 
255574.44 2.1691e-16 256815.00 3 
257361.36 2.1482e-16 258610.59 3 
259149.39 2.3323e-16 260407.30 3 
260938.50 2.2771e-16 262205.09 3 
262728.62 2.2070e-16 264003.91 3 
264519.80 2.1861e-16 265803.78 3 
266312.13 2.2074e-16 267604.81 3 
268105.40 2.2066e-16 269406.78 3 
269899.91 2.2090e-16 271210.00 3 
271695.38 2.2145e-16 273014.19 3 
273491.97 2.1901e-16 274819.50 3 
275289.65 2.1859e-16 276625.91 3 
277088.42 2.1833e-16 278433.41 3 
278888.28 2.2400e-16 280242.00 3 
280689.22 2.2616e-16 282051.69 3 
282491.29 2.2650e-16 283862.50 3 
284294.44 2.2360e-16 285674.41 3 
286098.68 2.2037e-16 287487.41 3 
287904.01 2.2101e-16 289301.50 3 
289710.43 2.2577e-16 291116.69 3 
291517.97 2.2499e-16 292933.00 3 
293326.60 2.2740e-16 294750.41 3 
295136.31 2.2141e-16 296568.91 3 
296947.21 2.2123e-16 298388.59 3 
298759.23 2.2073e-16 300209.41 3 
300572.21 2.2437e-16 302031.19 3 
302386.40 2.2475e-16 303854.19 3 
304201.69 2.2511e-16 305678.28 3 
306018.18 2.2791e-16 307503.59 3 
307835.67 2.2231e-16 309329.91 3 
309654.34 2.3099e-16 311157.41 3 
311474.20 2.2670e-16 312986.09 3 
313295.08 2.2905e-16 314815.81 3 
315117.14 2.2918e-16 316646.72 3 
316940.35 2.2780e-16 318478.78 3 
318764.59 2.3033e-16 320311.88 3 
320590.04 2.4043e-16 322146.19 3 
322416.71 2.4684e-16 323981.72 3 
324244.40 2.3863e-16 325818.28 3 
326073.21 2.4259e-16 327655.97 3 
327903.26 2.3913e-16 329494.91 3 
329734.47 2.4305e-16 331335.00 3 
331566.76 2.5635e-16 333176.19 3 
333400.18 3.2141e-16 335018.50 3 
335234.77 4.1574e-16 336862.00 3 
337070.58 2.9535e-16 338706.72 3 
338907.54 2.5967e-16 340552.59 3 
340745.61 2.3668e-16 342399.59 3 
342584.81 2.3464e-16 344247.72 3 
344425.25 2.6070e-16 346097.09 3 
346266.85 2.9393e-16 347947.62 3 
348109.59 3.8643e-16 349799.31 3 
