# An Atlas of Galaxy Spectral Energy Distributions from the Ultraviolet to the Mid-Infrared
# Brown et al. (2014)
# http://dx.doi.org/10.5072/03/529D3551F0117
# 
# Column 1 : Restframe Wavelength (Angstrom)
# Column 2 : Flux per unit wavelength (ergs/s/cm^2/Angstrom)
# Column 3 : Observed wavelength (Angstrom)
# Column 4 : Source (0 = model, 1 = Optical Spectrum, 2 = Akari, 3 = Spitzer IRS)
# 
   102.06 9.8238e-24    103.51 0 
   103.96 1.3876e-23    105.44 0 
   105.89 1.9828e-23    107.40 0 
   108.11 2.8792e-23    109.65 0 
   110.12 4.6589e-23    111.69 0 
   113.98 8.5365e-23    115.61 0 
   117.99 1.4564e-22    119.67 0 
   121.02 6.3282e-22    122.74 0 
   124.98 9.7786e-22    126.77 0 
   127.01 1.1729e-21    128.82 0 
   127.89 1.3070e-21    129.72 0 
   130.87 1.6799e-21    132.74 0 
   132.08 2.0858e-21    133.97 0 
   133.92 2.4338e-21    135.83 0 
   137.04 3.5341e-21    139.00 0 
   139.91 4.3982e-21    141.91 0 
   142.84 1.4232e-20    144.88 0 
   146.84 4.3780e-20    148.94 0 
   150.96 5.4485e-20    153.11 0 
   154.83 6.8278e-20    157.04 0 
   159.17 8.5168e-20    161.44 0 
   162.12 9.9604e-20    164.44 0 
   165.90 1.2367e-19    168.27 0 
   170.16 1.4938e-19    172.58 0 
   172.92 1.7230e-19    175.39 0 
   176.95 2.0525e-19    179.47 0 
   179.82 2.3296e-19    182.39 0 
   181.91 2.5426e-19    184.50 0 
   186.14 2.9873e-19    188.80 0 
   190.92 3.6248e-19    193.64 0 
   194.02 4.0952e-19    196.79 0 
   198.08 4.7128e-19    200.91 0 
   202.23 5.4485e-19    205.12 0 
   205.04 6.0434e-19    207.97 0 
   209.82 6.7964e-19    212.81 0 
   216.20 8.5759e-19    219.28 0 
   220.22 9.7337e-19    223.36 0 
   222.77 1.0502e-18    225.94 0 
   226.91 1.1893e-18    230.14 0 
   230.06 1.9288e-18    233.35 0 
   233.80 3.4856e-18    237.14 0 
   239.80 4.7237e-18    243.22 0 
   245.95 4.9236e-18    249.46 0 
   252.26 5.7185e-18    255.86 0 
   256.95 5.2153e-18    260.62 0 
   259.92 6.2270e-18    263.63 0 
   264.15 6.8909e-18    267.92 0 
   269.06 7.3499e-18    272.90 0 
   274.06 7.8033e-18    277.97 0 
   279.16 8.2847e-18    283.14 0 
   283.69 8.7756e-18    287.74 0 
   290.30 8.9594e-18    294.44 0 
   295.70 9.7113e-18    299.92 0 
   301.19 1.0146e-17    305.49 0 
   308.21 1.0972e-17    312.61 0 
   318.31 1.2254e-17    322.85 0 
   327.98 1.3313e-17    332.66 0 
   337.95 1.4298e-17    342.77 0 
   348.22 1.5250e-17    353.18 0 
   357.15 1.6154e-17    362.24 0 
   366.31 1.7151e-17    371.54 0 
   374.84 1.7959e-17    380.19 0 
   385.34 1.8293e-17    390.84 0 
   395.23 1.9782e-17    400.87 0 
   405.37 2.0810e-17    411.15 0 
   413.85 2.1492e-17    419.76 0 
   421.55 2.1942e-17    427.56 0 
   430.38 2.2505e-17    436.52 0 
   441.42 2.3457e-17    447.71 0 
   450.66 2.4004e-17    457.09 0 
   460.10 2.4450e-17    466.66 0 
   469.73 2.5020e-17    476.43 0 
   479.57 2.5780e-17    486.41 0 
   489.61 2.5958e-17    496.59 0 
   499.86 2.6809e-17    506.99 0 
   505.65 2.6809e-17    512.86 0 
   511.50 2.8332e-17    518.80 0 
   519.81 2.8792e-17    527.23 0 
   529.48 2.8992e-17    537.03 0 
   540.56 2.8792e-17    548.28 0 
   550.61 2.9463e-17    558.47 0 
   559.56 3.0710e-17    567.54 0 
   569.96 3.1789e-17    578.10 0 
   580.56 3.1716e-17    588.84 0 
   589.99 3.2906e-17    598.41 0 
   599.58 3.2680e-17    608.13 0 
   609.32 3.0639e-17    618.02 0 
   620.65 3.5179e-17    629.51 0 
   629.29 3.5586e-17    638.26 0 
   639.51 3.6331e-17    648.63 0 
   649.90 3.7349e-17    659.17 0 
   657.43 3.7695e-17    666.81 0 
   665.04 3.8929e-17    674.53 0 
   674.29 3.9471e-17    683.91 0 
   685.25 3.8840e-17    695.02 0 
   694.78 4.2882e-17    704.69 0 
   704.45 4.1522e-17    714.50 0 
   715.89 4.5633e-17    726.11 0 
   725.85 4.6804e-17    736.21 0 
   734.26 4.8004e-17    744.73 0 
   744.47 5.0615e-17    755.09 0 
   754.83 5.2514e-17    765.60 0 
   765.33 5.1794e-17    776.25 0 
   774.19 5.7449e-17    785.24 0 
   784.96 5.9194e-17    796.16 0 
   795.88 6.2127e-17    807.24 0 
   805.10 6.4756e-17    816.58 0 
   814.42 6.7031e-17    826.04 0 
   825.75 7.1826e-17    837.53 0 
   835.31 6.2414e-17    847.23 0 
   844.98 7.5907e-17    857.04 0 
   854.77 7.8213e-17    866.96 0 
   864.66 8.3614e-17    877.00 0 
   874.68 8.9182e-17    887.16 0 
   884.81 9.5781e-17    897.43 0 
   895.05 1.0122e-16    907.82 0 
   905.42 1.0192e-16    918.33 0 
   915.90 1.4598e-16    928.97 0 
   924.37 8.4777e-16    937.56 0 
   935.08 1.8462e-15    948.42 0 
   945.91 3.5586e-15    959.40 0 
   954.66 5.2153e-15    968.28 0 
   965.71 5.6270e-15    979.49 0 
   974.65 8.8161e-16    988.55 0 
   985.93 4.3479e-15   1000.00 0 
   995.06 5.0036e-15   1009.25 0 
  1004.26 8.0035e-15   1018.59 0 
  1015.89 8.0035e-15   1030.39 0 
  1025.29 3.5915e-15   1039.92 0 
  1034.78 5.3614e-15   1049.54 0 
  1044.35 1.1176e-14   1059.25 0 
  1054.02 1.1073e-14   1069.05 0 
  1066.22 8.3614e-15   1081.43 0 
  1076.09 1.0382e-14   1091.44 0 
  1086.04 7.8574e-15   1101.54 0 
  1096.09 1.1253e-14   1111.73 0 
  1106.24 1.0896e-14   1122.02 0 
  1113.90 1.0382e-14   1129.80 0 
  1124.21 9.2529e-15   1140.25 0 
  1134.61 1.2539e-14   1150.80 0 
  1145.11 1.1331e-14   1161.45 0 
  1155.71 1.2396e-14   1172.20 0 
  1163.72 1.2832e-14   1180.32 0 
  1174.49 8.4582e-15   1191.24 0 
  1185.35 1.2626e-14   1202.26 0 
  1196.32 8.1335e-15   1213.39 0 
  1204.61 5.6012e-15   1221.80 0 
  1215.76 4.3180e-15   1233.11 0 
  1224.19 8.8568e-15   1241.65 0 
  1235.51 1.4102e-14   1253.14 0 
  1244.08 1.5678e-14   1261.83 0 
  1255.59 1.4835e-14   1273.50 0 
  1264.29 1.2568e-14   1282.33 0 
  1275.99 1.7111e-14   1294.20 0 
  1284.84 1.8209e-14   1303.17 0 
  1293.74 1.3686e-14   1312.20 0 
  1305.71 1.3561e-14   1324.34 0 
  1314.76 1.7959e-14   1333.52 0 
  1323.88 1.7190e-14   1342.77 0 
  1336.13 1.4835e-14   1355.19 0 
  1345.39 1.8633e-14   1364.58 0 
  1354.71 1.8083e-14   1374.04 0 
  1364.10 1.5896e-14   1383.57 0 
  1373.56 1.6993e-14   1393.16 0 
  1386.27 1.7269e-14   1406.05 0 
  1395.88 1.4869e-14   1415.79 0 
  1405.55 1.5498e-14   1425.61 0 
  1415.30 1.6043e-14   1435.49 0 
  1425.11 1.6760e-14   1445.44 0 
  1434.99 1.6722e-14   1455.46 0 
  1441.61 1.7876e-14   1462.18 0 
  1448.26 1.8293e-14   1468.93 0 
  1454.95 1.7712e-14   1475.71 0 
  1465.03 1.6229e-14   1485.94 0 
  1475.19 1.6341e-14   1496.24 0 
  1485.41 1.6876e-14   1506.61 0 
  1495.71 1.7349e-14   1517.05 0 
  1506.08 1.6341e-14   1527.57 0 
  1513.03 1.4331e-14   1534.62 0 
  1516.52 1.5606e-14   1538.15 0 
  1523.52 1.5041e-14   1545.25 0 
  1534.08 1.2832e-14   1555.97 0 
  1544.71 1.4397e-14   1566.75 0 
  1555.42 1.3655e-14   1577.61 0 
  1566.20 1.4037e-14   1588.55 0 
  1573.43 1.5111e-14   1595.88 0 
  1584.34 1.6154e-14   1606.94 0 
  1595.32 1.6530e-14   1618.08 0 
  1606.38 1.6341e-14   1629.30 0 
  1613.79 1.6492e-14   1636.82 0 
  1624.98 1.5570e-14   1648.16 0 
  1636.24 1.6799e-14   1659.59 0 
  1643.79 1.7190e-14   1667.25 0 
  1655.19 1.5823e-14   1678.80 0 
  1666.66 1.7510e-14   1690.44 0 
  1670.51 1.5285e-14   1694.34 0 
  1678.22 1.7753e-14   1702.16 0 
  1685.96 1.8762e-14   1710.02 0 
  1693.74 1.7550e-14   1717.91 0 
  1705.48 1.6876e-14   1729.82 0 
  1713.36 1.5896e-14   1737.80 0 
  1725.23 1.5896e-14   1749.85 0 
  1733.20 1.7190e-14   1757.92 0 
  1745.21 1.6838e-14   1770.11 0 
  1753.27 1.8209e-14   1778.28 0 
  1765.42 1.6568e-14   1790.61 0 
  1773.57 1.7033e-14   1798.87 0 
  1785.86 1.7510e-14   1811.34 0 
  1794.10 1.8936e-14   1819.70 0 
  1806.54 1.8849e-14   1832.31 0 
  1814.88 1.7269e-14   1840.77 0 
  1823.26 1.7794e-14   1849.27 0 
  1835.89 1.7072e-14   1862.09 0 
  1844.37 1.5642e-14   1870.68 0 
  1852.88 1.5750e-14   1879.32 0 
  1865.73 1.6379e-14   1892.34 0 
  1874.34 1.7959e-14   1901.08 0 
  1882.99 1.6454e-14   1909.85 0 
  1896.04 1.5896e-14   1923.09 0 
  1904.79 1.6954e-14   1931.97 0 
  1913.59 1.6303e-14   1940.89 0 
  1926.85 1.6043e-14   1954.34 0 
  1935.74 1.6568e-14   1963.36 0 
  1944.68 1.7469e-14   1972.42 0 
  1953.65 1.6341e-14   1981.53 0 
  1967.20 1.8167e-14   1995.26 0 
  1976.28 1.8719e-14   2004.47 0 
  1985.40 1.7753e-14   2013.72 0 
  1994.56 1.7269e-14   2023.02 0 
  2003.77 1.7876e-14   2032.36 0 
  2013.02 1.7269e-14   2041.74 0 
  2026.97 1.8167e-14   2055.89 0 
  2036.33 1.7230e-14   2065.38 0 
  2045.73 1.8083e-14   2074.91 0 
  2055.17 1.7033e-14   2084.49 0 
  2064.66 1.7190e-14   2094.11 0 
  2074.19 1.8762e-14   2103.78 0 
  2078.97 1.8083e-14   2108.63 0 
  2083.76 1.8979e-14   2113.49 0 
  2093.38 1.7959e-14   2123.24 0 
  2103.04 1.8042e-14   2133.04 0 
  2112.75 1.8377e-14   2142.89 0 
  2127.39 1.8590e-14   2157.74 0 
  2137.21 1.7269e-14   2167.70 0 
  2147.08 1.7918e-14   2177.71 0 
  2156.99 1.8676e-14   2187.76 0 
  2166.94 1.8042e-14   2197.86 0 
  2176.95 1.7959e-14   2208.01 0 
  2186.99 1.7835e-14   2218.20 0 
  2197.09 1.8719e-14   2228.44 0 
  2207.23 1.8209e-14   2238.72 0 
  2217.42 1.7190e-14   2249.05 0 
  2222.53 1.6760e-14   2254.24 0 
  2232.79 1.8167e-14   2264.64 0 
  2243.10 1.7389e-14   2275.10 0 
  2253.45 1.6454e-14   2285.60 0 
  2263.85 1.6876e-14   2296.15 0 
  2274.30 1.7470e-14   2306.75 0 
  2284.80 1.8169e-14   2317.39 0 
  2295.34 1.6997e-14   2328.09 0 
  2305.94 1.7275e-14   2338.84 0 
  2316.58 1.6347e-14   2349.63 0 
  2327.27 1.2779e-14   2360.48 0 
  2332.64 1.4980e-14   2365.92 0 
  2343.41 1.4439e-14   2376.84 0 
  2354.22 1.5980e-14   2387.81 0 
  2365.09 1.4408e-14   2398.83 0 
  2376.01 1.4985e-14   2409.91 0 
  2386.97 1.3730e-14   2421.03 0 
  2392.48 1.4781e-14   2426.61 0 
  2403.52 1.4215e-14   2437.81 0 
  2414.61 1.4716e-14   2449.06 0 
  2425.76 1.5989e-14   2460.37 0 
  2436.96 1.5447e-14   2471.72 0 
  2442.57 1.6477e-14   2477.42 0 
  2453.85 1.6403e-14   2488.86 0 
  2465.17 1.6105e-14   2500.35 0 
  2476.55 1.5488e-14   2511.89 0 
  2482.26 1.5524e-14   2517.68 0 
  2493.72 1.4456e-14   2529.30 0 
  2505.23 1.6791e-14   2540.97 0 
  2511.01 1.4392e-14   2546.83 0 
  2516.79 1.4727e-14   2552.70 0 
  2522.60 1.4228e-14   2558.59 0 
  2534.24 1.4763e-14   2570.40 0 
  2545.94 1.4562e-14   2582.26 0 
  2557.69 1.6228e-14   2594.18 0 
  2563.58 1.5463e-14   2600.16 0 
  2575.42 1.6570e-14   2612.16 0 
  2587.30 1.6232e-14   2624.22 0 
  2593.27 1.5900e-14   2630.27 0 
  2605.24 1.5291e-14   2642.41 0 
  2617.27 1.4979e-14   2654.61 0 
  2623.30 1.6014e-14   2660.72 0 
  2635.41 1.7399e-14   2673.01 0 
  2647.57 1.9434e-14   2685.34 0 
  2653.68 2.0873e-14   2691.54 0 
  2665.92 1.7727e-14   2703.96 0 
  2672.07 1.8908e-14   2710.19 0 
  2684.40 1.9262e-14   2722.70 0 
  2696.79 1.7772e-14   2735.27 0 
  2703.01 1.8826e-14   2741.57 0 
  2715.49 1.7251e-14   2754.23 0 
  2728.02 1.6898e-14   2766.94 0 
  2734.31 1.8025e-14   2773.32 0 
  2746.93 1.4925e-14   2786.12 0 
  2753.26 1.5665e-14   2792.54 0 
  2765.97 1.6710e-14   2805.43 0 
  2772.35 1.7579e-14   2811.90 0 
  2785.14 1.5850e-14   2824.88 0 
  2798.00 1.2476e-14   2837.92 0 
  2804.45 1.3431e-14   2844.46 0 
  2817.40 1.7225e-14   2857.59 0 
  2823.89 1.9106e-14   2864.18 0 
  2836.92 1.8502e-14   2877.40 0 
  2843.46 1.7548e-14   2884.03 0 
  2856.59 1.6006e-14   2897.34 0 
  2863.17 1.9378e-14   2904.02 0 
  2876.39 2.0293e-14   2917.43 0 
  2883.02 1.9741e-14   2924.15 0 
  2896.33 2.0250e-14   2937.65 0 
  2909.70 2.3145e-14   2951.21 0 
  2929.87 2.1804e-14   2971.67 0 
  2950.17 2.1262e-14   2992.27 0 
  2970.62 2.2063e-14   3013.01 0 
  2991.22 2.2169e-14   3033.89 0 
  3011.95 2.2637e-14   3054.92 0 
  3032.83 2.2902e-14   3076.10 0 
  3046.83 2.3117e-14   3090.30 0 
  3067.95 2.3714e-14   3111.72 0 
  3089.21 2.3937e-14   3133.29 0 
  3110.63 2.4669e-14   3155.01 0 
  3132.19 2.4056e-14   3176.87 0 
  3146.64 2.4169e-14   3191.54 0 
  3168.46 2.4794e-14   3213.66 0 
  3190.42 2.2931e-14   3235.94 0 
  3212.53 2.4406e-14   3258.37 0 
  3227.36 2.2364e-14   3273.41 0 
  3249.73 2.5622e-14   3296.10 0 
  3272.26 2.7586e-14   3318.94 0 
  3287.36 2.7211e-14   3334.26 0 
  3310.15 2.6966e-14   3357.38 0 
  3325.43 2.6969e-14   3372.87 0 
  3333.10 2.8177e-14   3380.65 0 
  3340.78 2.5818e-14   3388.44 0 
  3348.48 2.9577e-14   3396.25 0 
  3356.20 2.8247e-14   3404.08 0 
  3363.94 2.3121e-14   3411.93 0 
  3371.69 2.4212e-14   3419.79 0 
  3379.46 2.8383e-14   3427.68 0 
  3387.25 2.7995e-14   3435.58 0 
  3395.06 2.6614e-14   3443.50 0 
  3402.89 3.0488e-14   3451.44 0 
  3410.73 2.6617e-14   3459.39 0 
  3418.60 2.6375e-14   3467.37 0 
  3426.48 2.7811e-14   3475.36 0 
  3434.38 3.0008e-14   3483.37 0 
  3442.29 2.6198e-14   3491.40 0 
  3450.23 2.7434e-14   3499.45 0 
  3458.18 2.7946e-14   3507.52 0 
  3466.15 2.7124e-14   3515.60 0 
  3474.14 2.8799e-14   3523.71 0 
  3482.15 2.7568e-14   3531.83 0 
  3490.18 2.8869e-14   3539.97 0 
  3498.22 2.6029e-14   3548.13 0 
  3506.29 2.9681e-14   3556.31 0 
  3514.37 2.7134e-14   3564.51 0 
  3522.47 2.9617e-14   3572.73 0 
  3530.59 2.6765e-14   3580.96 0 
  3538.73 2.9826e-14   3589.22 0 
  3546.89 3.0593e-14   3597.49 0 
  3555.07 3.0736e-14   3605.79 0 
  3563.26 2.9626e-14   3614.10 0 
  3571.48 2.6467e-14   3622.43 0 
  3579.71 2.7085e-14   3630.78 0 
  3587.96 2.3646e-14   3639.15 0 
  3596.23 2.8105e-14   3647.54 0 
  3604.52 3.0187e-14   3655.95 0 
  3612.83 2.6112e-14   3664.37 0 
  3617.78 2.8796e-14   3669.40 1 
  3620.50 2.6376e-14   3672.15 1 
  3623.21 2.5708e-14   3674.90 1 
  3625.92 2.8249e-14   3677.65 1 
  3628.63 2.9140e-14   3680.40 1 
  3631.34 2.9121e-14   3683.15 1 
  3634.05 2.8937e-14   3685.90 1 
  3636.76 3.1866e-14   3688.65 1 
  3639.48 3.0294e-14   3691.40 1 
  3642.19 2.8429e-14   3694.15 1 
  3644.90 2.7937e-14   3696.90 1 
  3647.61 3.1476e-14   3699.65 1 
  3650.32 3.1588e-14   3702.40 1 
  3653.03 2.9424e-14   3705.15 1 
  3655.74 3.0087e-14   3707.90 1 
  3658.45 3.1436e-14   3710.65 1 
  3661.17 2.9958e-14   3713.40 1 
  3663.88 3.2247e-14   3716.15 1 
  3666.59 3.1957e-14   3718.90 1 
  3669.30 3.2528e-14   3721.65 1 
  3672.01 2.9459e-14   3724.40 1 
  3674.72 2.6335e-14   3727.15 1 
  3677.43 2.7320e-14   3729.90 1 
  3680.15 2.9093e-14   3732.65 1 
  3682.86 2.9228e-14   3735.40 1 
  3685.57 2.3844e-14   3738.15 1 
  3688.28 2.4837e-14   3740.90 1 
  3690.99 3.2574e-14   3743.65 1 
  3693.70 3.1626e-14   3746.40 1 
  3696.41 2.6381e-14   3749.15 1 
  3699.12 2.9007e-14   3751.90 1 
  3701.84 2.9319e-14   3754.65 1 
  3704.55 3.0815e-14   3757.40 1 
  3707.26 3.1585e-14   3760.15 1 
  3709.97 3.2340e-14   3762.90 1 
  3712.68 3.2003e-14   3765.65 1 
  3715.39 3.5847e-14   3768.40 1 
  3718.10 3.1677e-14   3771.15 1 
  3720.82 3.6422e-14   3773.90 1 
  3723.53 4.0241e-14   3776.65 1 
  3726.24 4.7936e-14   3779.40 1 
  3728.95 5.5425e-14   3782.15 1 
  3731.66 4.6611e-14   3784.90 1 
  3734.37 4.1770e-14   3787.65 1 
  3737.08 3.5741e-14   3790.40 1 
  3739.79 3.4832e-14   3793.15 1 
  3742.51 2.8914e-14   3795.90 1 
  3745.22 3.1481e-14   3798.65 1 
  3747.93 2.6076e-14   3801.40 1 
  3750.64 2.8043e-14   3804.15 1 
  3753.35 2.7212e-14   3806.90 1 
  3756.06 3.4134e-14   3809.65 1 
  3758.77 3.2096e-14   3812.40 1 
  3761.48 3.3687e-14   3815.15 1 
  3764.20 3.1457e-14   3817.90 1 
  3766.91 3.4503e-14   3820.65 1 
  3769.62 3.3986e-14   3823.40 1 
  3772.33 3.3510e-14   3826.15 1 
  3775.04 3.6114e-14   3828.90 1 
  3777.75 3.9120e-14   3831.65 1 
  3780.46 3.7652e-14   3834.40 1 
  3783.18 4.1873e-14   3837.15 1 
  3785.89 3.8109e-14   3839.90 1 
  3788.60 3.9299e-14   3842.65 1 
  3791.31 3.5666e-14   3845.40 1 
  3794.02 3.3493e-14   3848.15 1 
  3796.73 3.1428e-14   3850.90 1 
  3799.44 3.1076e-14   3853.65 1 
  3802.15 3.5617e-14   3856.40 1 
  3804.87 3.6704e-14   3859.15 1 
  3807.58 3.8881e-14   3861.90 1 
  3810.29 4.2897e-14   3864.65 1 
  3813.00 4.0728e-14   3867.40 1 
  3815.71 3.8585e-14   3870.15 1 
  3818.42 3.9046e-14   3872.90 1 
  3821.13 3.8853e-14   3875.65 1 
  3823.85 3.3759e-14   3878.40 1 
  3826.56 3.4111e-14   3881.15 1 
  3829.27 3.1149e-14   3883.90 1 
  3831.98 2.9805e-14   3886.65 1 
  3834.69 2.7632e-14   3889.40 1 
  3837.40 2.7784e-14   3892.15 1 
  3840.11 2.9998e-14   3894.90 1 
  3842.82 3.3695e-14   3897.65 1 
  3845.54 3.7080e-14   3900.40 1 
  3848.25 4.0058e-14   3903.15 1 
  3850.96 4.0562e-14   3905.90 1 
  3853.67 4.0699e-14   3908.65 1 
  3856.38 4.1179e-14   3911.40 1 
  3859.09 4.1486e-14   3914.15 1 
  3861.80 4.2071e-14   3916.90 1 
  3864.51 4.3388e-14   3919.65 1 
  3867.23 4.5244e-14   3922.40 1 
  3869.94 4.2050e-14   3925.15 1 
  3872.65 4.1399e-14   3927.90 1 
  3875.36 3.8434e-14   3930.65 1 
  3878.07 3.6865e-14   3933.40 1 
  3880.78 3.6070e-14   3936.15 1 
  3883.49 3.4222e-14   3938.90 1 
  3886.21 3.5168e-14   3941.65 1 
  3888.92 3.5520e-14   3944.40 1 
  3891.63 3.4309e-14   3947.15 1 
  3894.34 3.7919e-14   3949.90 1 
  3897.05 3.7357e-14   3952.65 1 
  3899.76 3.7431e-14   3955.40 1 
  3902.47 4.1726e-14   3958.15 1 
  3905.18 4.0690e-14   3960.90 1 
  3907.90 4.3243e-14   3963.65 1 
  3910.61 4.3453e-14   3966.40 1 
  3913.32 4.5443e-14   3969.15 1 
  3916.03 4.6351e-14   3971.90 1 
  3918.74 4.7171e-14   3974.65 1 
  3921.45 4.3360e-14   3977.40 1 
  3924.16 3.9455e-14   3980.15 1 
  3926.88 3.6504e-14   3982.90 1 
  3929.59 3.5534e-14   3985.65 1 
  3932.30 3.1845e-14   3988.40 1 
  3935.01 3.1049e-14   3991.15 1 
  3937.72 3.3015e-14   3993.90 1 
  3940.43 3.4766e-14   3996.65 1 
  3943.14 3.8801e-14   3999.40 1 
  3945.85 4.0908e-14   4002.15 1 
  3948.57 4.1465e-14   4004.90 1 
  3951.28 4.1774e-14   4007.65 1 
  3953.99 4.2673e-14   4010.40 1 
  3956.70 4.1909e-14   4013.15 1 
  3959.41 4.1747e-14   4015.90 1 
  3962.12 3.9234e-14   4018.65 1 
  3964.83 3.3527e-14   4021.40 1 
  3967.54 2.9605e-14   4024.15 1 
  3970.26 2.8596e-14   4026.90 1 
  3972.97 2.9999e-14   4029.65 1 
  3975.68 3.2960e-14   4032.40 1 
  3978.39 4.0018e-14   4035.15 1 
  3981.10 4.4894e-14   4037.90 1 
  3983.81 4.6205e-14   4040.65 1 
  3986.52 4.8573e-14   4043.40 1 
  3989.24 4.9177e-14   4046.15 1 
  3991.95 5.0800e-14   4048.90 1 
  3994.66 4.8936e-14   4051.65 1 
  3997.37 5.0782e-14   4054.40 1 
  4000.08 5.2342e-14   4057.15 1 
  4002.79 5.0902e-14   4059.90 1 
  4005.50 5.2178e-14   4062.65 1 
  4008.21 5.2302e-14   4065.40 1 
  4010.93 5.3875e-14   4068.15 1 
  4013.64 5.3918e-14   4070.90 1 
  4016.35 5.5919e-14   4073.65 1 
  4019.06 5.5999e-14   4076.40 1 
  4021.77 5.5927e-14   4079.15 1 
  4024.48 5.4194e-14   4081.90 1 
  4027.19 5.1709e-14   4084.65 1 
  4029.91 5.3991e-14   4087.40 1 
  4032.62 5.4324e-14   4090.15 1 
  4035.33 5.6576e-14   4092.90 1 
  4038.04 5.3793e-14   4095.65 1 
  4040.75 5.3592e-14   4098.40 1 
  4043.46 5.3909e-14   4101.15 1 
  4046.17 5.1639e-14   4103.90 1 
  4048.88 5.2719e-14   4106.65 1 
  4051.60 5.3264e-14   4109.40 1 
  4054.31 5.3787e-14   4112.15 1 
  4057.02 5.3718e-14   4114.90 1 
  4059.73 5.1912e-14   4117.65 1 
  4062.44 5.1089e-14   4120.40 1 
  4065.15 5.0944e-14   4123.15 1 
  4067.86 5.2474e-14   4125.90 1 
  4070.58 5.1630e-14   4128.65 1 
  4073.29 5.0288e-14   4131.40 1 
  4076.00 4.9978e-14   4134.15 1 
  4078.71 4.9421e-14   4136.90 1 
  4081.42 5.1626e-14   4139.65 1 
  4084.13 5.2979e-14   4142.40 1 
  4086.84 5.3086e-14   4145.15 1 
  4089.55 5.3028e-14   4147.90 1 
  4092.27 5.0851e-14   4150.65 1 
  4094.98 4.8143e-14   4153.40 1 
  4097.69 4.4982e-14   4156.15 1 
  4100.40 4.3613e-14   4158.90 1 
  4103.11 4.4636e-14   4161.65 1 
  4105.82 4.6595e-14   4164.40 1 
  4108.53 4.6756e-14   4167.15 1 
  4111.24 4.6971e-14   4169.90 1 
  4113.96 4.8015e-14   4172.65 1 
  4116.67 4.7961e-14   4175.40 1 
  4119.38 4.8349e-14   4178.15 1 
  4122.09 4.9163e-14   4180.90 1 
  4124.80 5.0958e-14   4183.65 1 
  4127.51 5.4172e-14   4186.40 1 
  4130.22 5.2579e-14   4189.15 1 
  4132.94 5.3858e-14   4191.90 1 
  4135.65 5.3729e-14   4194.65 1 
  4138.36 5.4400e-14   4197.40 1 
  4141.07 5.3025e-14   4200.15 1 
  4143.78 5.2456e-14   4202.90 1 
  4146.49 5.2112e-14   4205.65 1 
  4149.20 5.2343e-14   4208.40 1 
  4151.91 5.1882e-14   4211.15 1 
  4154.63 5.3559e-14   4213.90 1 
  4157.34 5.3159e-14   4216.65 1 
  4160.05 5.4011e-14   4219.40 1 
  4162.76 5.3620e-14   4222.15 1 
  4165.47 5.3544e-14   4224.90 1 
  4168.18 5.3164e-14   4227.65 1 
  4170.89 5.4031e-14   4230.40 1 
  4173.61 5.2403e-14   4233.15 1 
  4176.32 5.1447e-14   4235.90 1 
  4179.03 5.2184e-14   4238.65 1 
  4181.74 5.1852e-14   4241.40 1 
  4184.45 5.2627e-14   4244.15 1 
  4187.16 5.2893e-14   4246.90 1 
  4189.87 5.2063e-14   4249.65 1 
  4192.58 5.1613e-14   4252.40 1 
  4195.30 5.1881e-14   4255.15 1 
  4198.01 5.2066e-14   4257.90 1 
  4200.72 5.0500e-14   4260.65 1 
  4203.43 5.1682e-14   4263.40 1 
  4206.14 5.3341e-14   4266.15 1 
  4208.85 5.3043e-14   4268.90 1 
  4211.56 5.4473e-14   4271.65 1 
  4214.27 5.4637e-14   4274.40 1 
  4216.99 5.3968e-14   4277.15 1 
  4219.70 5.2474e-14   4279.90 1 
  4222.41 5.0769e-14   4282.65 1 
  4225.12 5.2095e-14   4285.40 1 
  4227.83 5.1938e-14   4288.15 1 
  4230.54 5.0430e-14   4290.90 1 
  4233.25 5.1176e-14   4293.65 1 
  4235.97 5.3688e-14   4296.40 1 
  4238.68 5.4219e-14   4299.15 1 
  4241.39 5.5946e-14   4301.90 1 
  4244.10 5.5162e-14   4304.65 1 
  4246.81 5.5171e-14   4307.40 1 
  4249.52 5.4324e-14   4310.15 1 
  4252.23 5.5081e-14   4312.90 1 
  4254.94 5.4044e-14   4315.65 1 
  4257.66 5.2748e-14   4318.40 1 
  4260.37 5.3227e-14   4321.15 1 
  4263.08 5.6359e-14   4323.90 1 
  4265.79 5.6992e-14   4326.65 1 
  4268.50 5.5939e-14   4329.40 1 
  4271.21 5.3633e-14   4332.15 1 
  4273.92 5.3539e-14   4334.90 1 
  4276.64 5.3525e-14   4337.65 1 
  4279.35 5.6027e-14   4340.40 1 
  4282.06 5.5867e-14   4343.15 1 
  4284.77 5.3086e-14   4345.90 1 
  4287.48 5.4502e-14   4348.65 1 
  4290.19 5.3913e-14   4351.40 1 
  4292.90 5.3831e-14   4354.15 1 
  4295.61 5.1746e-14   4356.90 1 
  4298.33 4.8711e-14   4359.65 1 
  4301.04 4.9014e-14   4362.40 1 
  4303.75 4.5664e-14   4365.15 1 
  4306.46 4.6295e-14   4367.90 1 
  4309.17 4.6195e-14   4370.65 1 
  4311.88 4.8591e-14   4373.40 1 
  4314.59 5.0408e-14   4376.15 1 
  4317.30 5.3431e-14   4378.90 1 
  4320.02 5.5464e-14   4381.65 1 
  4322.73 5.4243e-14   4384.40 1 
  4325.44 5.4419e-14   4387.15 1 
  4328.15 5.2401e-14   4389.90 1 
  4330.86 5.3000e-14   4392.65 1 
  4333.57 5.2346e-14   4395.40 1 
  4336.28 5.2510e-14   4398.15 1 
  4339.00 5.1278e-14   4400.90 1 
  4341.71 4.9521e-14   4403.65 1 
  4344.42 5.1195e-14   4406.40 1 
  4347.13 5.2846e-14   4409.15 1 
  4349.84 5.3045e-14   4411.90 1 
  4352.55 5.3738e-14   4414.65 1 
  4355.26 5.3122e-14   4417.40 1 
  4357.97 5.5866e-14   4420.15 1 
  4360.69 5.7932e-14   4422.90 1 
  4363.40 5.8529e-14   4425.65 1 
  4366.11 5.8930e-14   4428.40 1 
  4368.82 5.8823e-14   4431.15 1 
  4371.53 5.6481e-14   4433.90 1 
  4374.24 5.6405e-14   4436.65 1 
  4376.95 5.6165e-14   4439.40 1 
  4379.67 5.7026e-14   4442.15 1 
  4382.38 5.4223e-14   4444.90 1 
  4385.09 5.4411e-14   4447.65 1 
  4387.80 5.3340e-14   4450.40 1 
  4390.51 5.3500e-14   4453.15 1 
  4393.22 5.5593e-14   4455.90 1 
  4395.93 5.7706e-14   4458.65 1 
  4398.64 5.7121e-14   4461.40 1 
  4401.36 5.7983e-14   4464.15 1 
  4404.07 5.8380e-14   4466.90 1 
  4406.78 5.8017e-14   4469.65 1 
  4409.49 5.8455e-14   4472.40 1 
  4412.20 5.8139e-14   4475.15 1 
  4414.91 6.0081e-14   4477.90 1 
  4417.62 5.9979e-14   4480.65 1 
  4420.33 5.9576e-14   4483.40 1 
  4423.05 6.0177e-14   4486.15 1 
  4425.76 6.0484e-14   4488.90 1 
  4428.47 6.0180e-14   4491.65 1 
  4431.18 5.9678e-14   4494.40 1 
  4433.89 6.0109e-14   4497.15 1 
  4436.60 5.9038e-14   4499.90 1 
  4439.31 5.9557e-14   4502.65 1 
  4442.03 6.1727e-14   4505.40 1 
  4444.74 6.2990e-14   4508.15 1 
  4447.45 6.2866e-14   4510.90 1 
  4450.16 6.2343e-14   4513.65 1 
  4452.87 5.9940e-14   4516.40 1 
  4455.58 6.2312e-14   4519.15 1 
  4458.29 6.0385e-14   4521.90 1 
  4461.00 6.0014e-14   4524.65 1 
  4463.72 5.8866e-14   4527.40 1 
  4466.43 5.9895e-14   4530.15 1 
  4469.14 6.1065e-14   4532.90 1 
  4471.85 6.1662e-14   4535.65 1 
  4474.56 6.3129e-14   4538.40 1 
  4477.27 6.2856e-14   4541.15 1 
  4479.98 6.3838e-14   4543.90 1 
  4482.70 6.4547e-14   4546.65 1 
  4485.41 6.2893e-14   4549.40 1 
  4488.12 6.1969e-14   4552.15 1 
  4490.83 6.2728e-14   4554.90 1 
  4493.54 6.2949e-14   4557.65 1 
  4496.25 6.4037e-14   4560.40 1 
  4498.96 6.3730e-14   4563.15 1 
  4501.67 6.5339e-14   4565.90 1 
  4504.39 6.7045e-14   4568.65 1 
  4507.10 6.6249e-14   4571.40 1 
  4509.81 6.6605e-14   4574.15 1 
  4512.52 6.6745e-14   4576.90 1 
  4515.23 6.7698e-14   4579.65 1 
  4517.94 6.6424e-14   4582.40 1 
  4520.65 6.6486e-14   4585.15 1 
  4523.37 6.6100e-14   4587.90 1 
  4526.08 6.4495e-14   4590.65 1 
  4528.79 6.1959e-14   4593.40 1 
  4531.50 6.1196e-14   4596.15 1 
  4534.21 6.1786e-14   4598.90 1 
  4536.92 6.1646e-14   4601.65 1 
  4539.63 6.2372e-14   4604.40 1 
  4542.34 6.4640e-14   4607.15 1 
  4545.06 6.4936e-14   4609.90 1 
  4547.77 6.3539e-14   4612.65 1 
  4550.48 6.3380e-14   4615.40 1 
  4553.19 6.3972e-14   4618.15 1 
  4555.90 6.4126e-14   4620.90 1 
  4558.61 6.3546e-14   4623.65 1 
  4561.32 6.6030e-14   4626.40 1 
  4564.03 6.5707e-14   4629.15 1 
  4566.75 6.7474e-14   4631.90 1 
  4569.46 6.7871e-14   4634.65 1 
  4572.17 6.7278e-14   4637.40 1 
  4574.88 6.6912e-14   4640.15 1 
  4577.59 6.6632e-14   4642.90 1 
  4580.30 6.5751e-14   4645.65 1 
  4583.01 6.6448e-14   4648.40 1 
  4585.73 6.5998e-14   4651.15 1 
  4588.44 6.5592e-14   4653.90 1 
  4591.15 6.5977e-14   4656.65 1 
  4593.86 6.6481e-14   4659.40 1 
  4596.57 6.6658e-14   4662.15 1 
  4599.28 6.4896e-14   4664.90 1 
  4601.99 6.3636e-14   4667.65 1 
  4604.70 6.5873e-14   4670.40 1 
  4607.42 6.6537e-14   4673.15 1 
  4610.13 6.8140e-14   4675.90 1 
  4612.84 6.8273e-14   4678.65 1 
  4615.55 6.7512e-14   4681.40 1 
  4618.26 6.8474e-14   4684.15 1 
  4620.97 6.8529e-14   4686.90 1 
  4623.68 6.7830e-14   4689.65 1 
  4626.40 6.9077e-14   4692.40 1 
  4629.11 6.8180e-14   4695.15 1 
  4631.82 6.7393e-14   4697.90 1 
  4634.53 6.6696e-14   4700.65 1 
  4637.24 6.7550e-14   4703.40 1 
  4639.95 6.6879e-14   4706.15 1 
  4642.66 6.5533e-14   4708.90 1 
  4645.37 6.5002e-14   4711.65 1 
  4648.09 6.3680e-14   4714.40 1 
  4650.80 6.3904e-14   4717.15 1 
  4653.51 6.5222e-14   4719.90 1 
  4656.22 6.5913e-14   4722.65 1 
  4658.93 6.6033e-14   4725.40 1 
  4661.64 6.6330e-14   4728.15 1 
  4664.35 6.5469e-14   4730.90 1 
  4667.06 6.4446e-14   4733.65 1 
  4669.78 6.4461e-14   4736.40 1 
  4672.49 6.4233e-14   4739.15 1 
  4675.20 6.4580e-14   4741.90 1 
  4677.91 6.3563e-14   4744.65 1 
  4680.62 6.4867e-14   4747.40 1 
  4683.33 6.5859e-14   4750.15 1 
  4686.04 6.5431e-14   4752.90 1 
  4688.76 6.4921e-14   4755.65 1 
  4691.47 6.4230e-14   4758.40 1 
  4694.18 6.4017e-14   4761.15 1 
  4696.89 6.3858e-14   4763.90 1 
  4699.60 6.3956e-14   4766.65 1 
  4702.31 6.4961e-14   4769.40 1 
  4705.02 6.4069e-14   4772.15 1 
  4707.73 6.3330e-14   4774.90 1 
  4710.45 6.4073e-14   4777.65 1 
  4713.16 6.3539e-14   4780.40 1 
  4715.87 6.4928e-14   4783.15 1 
  4718.58 6.6811e-14   4785.90 1 
  4721.29 6.7582e-14   4788.65 1 
  4724.00 6.7105e-14   4791.40 1 
  4726.71 6.7091e-14   4794.15 1 
  4729.43 6.6457e-14   4796.90 1 
  4732.14 6.4733e-14   4799.65 1 
  4734.85 6.5141e-14   4802.40 1 
  4737.56 6.6985e-14   4805.15 1 
  4740.27 6.7731e-14   4807.90 1 
  4742.98 6.6418e-14   4810.65 1 
  4745.69 6.7408e-14   4813.40 1 
  4748.40 6.6068e-14   4816.15 1 
  4751.12 6.8373e-14   4818.90 1 
  4753.83 6.7659e-14   4821.65 1 
  4756.54 6.7151e-14   4824.40 1 
  4759.25 6.6781e-14   4827.15 1 
  4761.96 6.5764e-14   4829.90 1 
  4764.67 6.5033e-14   4832.65 1 
  4767.38 6.4878e-14   4835.40 1 
  4770.09 6.5443e-14   4838.15 1 
  4772.81 6.5434e-14   4840.90 1 
  4775.52 6.6653e-14   4843.65 1 
  4778.23 6.6747e-14   4846.40 1 
  4780.94 6.7356e-14   4849.15 1 
  4783.65 6.8834e-14   4851.90 1 
  4786.36 6.7460e-14   4854.65 1 
  4789.07 6.8043e-14   4857.40 1 
  4791.79 6.9022e-14   4860.15 1 
  4794.50 6.8380e-14   4862.90 1 
  4797.21 6.8826e-14   4865.65 1 
  4799.92 6.7989e-14   4868.40 1 
  4802.63 6.7578e-14   4871.15 1 
  4805.34 6.7374e-14   4873.90 1 
  4808.05 6.6684e-14   4876.65 1 
  4810.76 6.8036e-14   4879.40 1 
  4813.48 6.6925e-14   4882.15 1 
  4816.19 6.7603e-14   4884.90 1 
  4818.90 6.9027e-14   4887.65 1 
  4821.61 6.8531e-14   4890.40 1 
  4824.32 6.6482e-14   4893.15 1 
  4827.03 6.8230e-14   4895.90 1 
  4829.74 6.7130e-14   4898.65 1 
  4832.46 6.6108e-14   4901.40 1 
  4835.17 6.5636e-14   4904.15 1 
  4837.88 6.5335e-14   4906.90 1 
  4840.59 6.5758e-14   4909.65 1 
  4843.30 6.5217e-14   4912.40 1 
  4846.01 6.2743e-14   4915.15 1 
  4848.72 6.3050e-14   4917.90 1 
  4851.43 6.4722e-14   4920.65 1 
  4854.15 6.2401e-14   4923.40 1 
  4856.86 6.2641e-14   4926.15 1 
  4859.57 6.5050e-14   4928.90 1 
  4862.28 6.7178e-14   4931.65 1 
  4864.99 6.6731e-14   4934.40 1 
  4867.70 6.5567e-14   4937.15 1 
  4870.41 6.2967e-14   4939.90 1 
  4873.13 5.9807e-14   4942.65 1 
  4875.84 5.9931e-14   4945.40 1 
  4878.55 6.1656e-14   4948.15 1 
  4881.26 6.2394e-14   4950.90 1 
  4883.97 6.2344e-14   4953.65 1 
  4886.68 6.3109e-14   4956.40 1 
  4889.39 6.2350e-14   4959.15 1 
  4892.10 6.4217e-14   4961.90 1 
  4894.82 6.5844e-14   4964.65 1 
  4897.53 6.6599e-14   4967.40 1 
  4900.24 6.7848e-14   4970.15 1 
  4902.95 6.8373e-14   4972.90 1 
  4905.66 6.7824e-14   4975.65 1 
  4908.37 6.8100e-14   4978.40 1 
  4911.08 6.6110e-14   4981.15 1 
  4913.79 6.6682e-14   4983.90 1 
  4916.51 6.4632e-14   4986.65 1 
  4919.22 6.5390e-14   4989.40 1 
  4921.93 6.2073e-14   4992.15 1 
  4924.64 6.4411e-14   4994.90 1 
  4927.35 6.5331e-14   4997.65 1 
  4930.06 6.6587e-14   5000.40 1 
  4932.77 6.6706e-14   5003.15 1 
  4935.49 6.7314e-14   5005.90 1 
  4938.20 6.5711e-14   5008.65 1 
  4940.91 6.7278e-14   5011.40 1 
  4943.62 6.7928e-14   5014.15 1 
  4946.33 6.9767e-14   5016.90 1 
  4949.04 6.8588e-14   5019.65 1 
  4951.75 6.8382e-14   5022.40 1 
  4954.46 7.0328e-14   5025.15 1 
  4957.18 6.9201e-14   5027.90 1 
  4959.89 6.7962e-14   5030.65 1 
  4962.60 6.6698e-14   5033.40 1 
  4965.31 6.5986e-14   5036.15 1 
  4968.02 6.6570e-14   5038.90 1 
  4970.73 6.7339e-14   5041.65 1 
  4973.44 6.7229e-14   5044.40 1 
  4976.16 6.5101e-14   5047.15 1 
  4978.87 6.5041e-14   5049.90 1 
  4981.58 6.4818e-14   5052.65 1 
  4984.29 6.3878e-14   5055.40 1 
  4987.00 6.3614e-14   5058.15 1 
  4989.71 6.3225e-14   5060.90 1 
  4992.42 6.4906e-14   5063.65 1 
  4995.13 6.2916e-14   5066.40 1 
  4997.85 6.5750e-14   5069.15 1 
  5000.56 6.5918e-14   5071.90 1 
  5003.27 6.5436e-14   5074.65 1 
  5005.98 6.7087e-14   5077.40 1 
  5008.69 6.6840e-14   5080.15 1 
  5011.40 6.6058e-14   5082.90 1 
  5014.11 6.5548e-14   5085.65 1 
  5016.82 6.5396e-14   5088.40 1 
  5019.54 6.1350e-14   5091.15 1 
  5022.25 6.2268e-14   5093.90 1 
  5024.96 6.1033e-14   5096.65 1 
  5027.67 6.3718e-14   5099.40 1 
  5030.38 6.3446e-14   5102.15 1 
  5033.09 6.4334e-14   5104.90 1 
  5035.80 6.3601e-14   5107.65 1 
  5038.52 6.3239e-14   5110.40 1 
  5041.23 6.2453e-14   5113.15 1 
  5043.94 6.3017e-14   5115.90 1 
  5046.65 6.4196e-14   5118.65 1 
  5049.36 6.5328e-14   5121.40 1 
  5052.07 6.5642e-14   5124.15 1 
  5054.78 6.5891e-14   5126.90 1 
  5057.49 6.7791e-14   5129.65 1 
  5060.21 6.7592e-14   5132.40 1 
  5062.92 6.6655e-14   5135.15 1 
  5065.63 6.5879e-14   5137.90 1 
  5068.34 6.4750e-14   5140.65 1 
  5071.05 6.6446e-14   5143.40 1 
  5073.76 6.5663e-14   5146.15 1 
  5076.47 6.2994e-14   5148.90 1 
  5079.19 6.2478e-14   5151.65 1 
  5081.90 6.4871e-14   5154.40 1 
  5084.61 6.3301e-14   5157.15 1 
  5087.32 6.3509e-14   5159.90 1 
  5090.03 6.2540e-14   5162.65 1 
  5092.74 6.5172e-14   5165.40 1 
  5095.45 6.6448e-14   5168.15 1 
  5098.16 6.6355e-14   5170.90 1 
  5100.88 6.4860e-14   5173.65 1 
  5103.59 6.3724e-14   5176.40 1 
  5106.30 6.5320e-14   5179.15 1 
  5109.01 6.5551e-14   5181.90 1 
  5111.72 6.5261e-14   5184.65 1 
  5114.43 6.5028e-14   5187.40 1 
  5117.14 6.7099e-14   5190.15 1 
  5119.85 6.4362e-14   5192.90 1 
  5122.57 6.3986e-14   5195.65 1 
  5125.28 6.3135e-14   5198.40 1 
  5127.99 6.2889e-14   5201.15 1 
  5130.70 6.2710e-14   5203.90 1 
  5133.41 6.2922e-14   5206.65 1 
  5136.12 6.3830e-14   5209.40 1 
  5138.83 6.3593e-14   5212.15 1 
  5141.55 6.2885e-14   5214.90 1 
  5144.26 6.3351e-14   5217.65 1 
  5146.97 6.2198e-14   5220.40 1 
  5149.68 6.1337e-14   5223.15 1 
  5152.39 6.1068e-14   5225.90 1 
  5155.10 6.3596e-14   5228.65 1 
  5157.81 6.5145e-14   5231.40 1 
  5160.52 6.4272e-14   5234.15 1 
  5163.24 6.2961e-14   5236.90 1 
  5165.95 5.9600e-14   5239.65 1 
  5168.66 5.7469e-14   5242.40 1 
  5171.37 5.7427e-14   5245.15 1 
  5174.08 5.4414e-14   5247.90 1 
  5176.79 5.6449e-14   5250.65 1 
  5179.50 5.7559e-14   5253.40 1 
  5182.22 5.8212e-14   5256.15 1 
  5184.93 5.9123e-14   5258.90 1 
  5187.64 5.9990e-14   5261.65 1 
  5190.35 6.0563e-14   5264.40 1 
  5193.06 6.2423e-14   5267.15 1 
  5195.77 6.4013e-14   5269.90 1 
  5198.48 6.4136e-14   5272.65 1 
  5201.19 6.5475e-14   5275.40 1 
  5203.91 6.5253e-14   5278.15 1 
  5206.62 6.3841e-14   5280.90 1 
  5209.33 6.4716e-14   5283.65 1 
  5212.04 6.2836e-14   5286.40 1 
  5214.75 6.2814e-14   5289.15 1 
  5217.46 6.4294e-14   5291.90 1 
  5220.17 6.4586e-14   5294.65 1 
  5222.89 6.6009e-14   5297.40 1 
  5225.60 6.4267e-14   5300.15 1 
  5228.31 6.4008e-14   5302.90 1 
  5231.02 6.4529e-14   5305.65 1 
  5233.73 6.5054e-14   5308.40 1 
  5236.44 6.5478e-14   5311.15 1 
  5239.15 6.8771e-14   5313.90 1 
  5241.86 6.9486e-14   5316.65 1 
  5244.58 6.9035e-14   5319.40 1 
  5247.29 6.8718e-14   5322.15 1 
  5250.00 6.7909e-14   5324.90 1 
  5252.71 6.7042e-14   5327.65 1 
  5255.42 6.7598e-14   5330.40 1 
  5258.13 6.7042e-14   5333.15 1 
  5260.84 6.4780e-14   5335.90 1 
  5263.55 6.5080e-14   5338.65 1 
  5266.27 6.3494e-14   5341.40 1 
  5268.98 6.1803e-14   5344.15 1 
  5271.69 6.1705e-14   5346.90 1 
  5274.40 6.4114e-14   5349.65 1 
  5277.11 6.5902e-14   5352.40 1 
  5279.82 6.6831e-14   5355.15 1 
  5282.53 7.0446e-14   5357.90 1 
  5285.25 7.1011e-14   5360.65 1 
  5287.96 7.0641e-14   5363.40 1 
  5290.67 7.0874e-14   5366.15 1 
  5293.38 6.9940e-14   5368.90 1 
  5296.09 7.0548e-14   5371.65 1 
  5298.80 7.1322e-14   5374.40 1 
  5301.51 7.1982e-14   5377.15 1 
  5304.22 7.1788e-14   5379.90 1 
  5306.94 7.2518e-14   5382.65 1 
  5309.65 7.2955e-14   5385.40 1 
  5312.36 7.3200e-14   5388.15 1 
  5315.07 7.2545e-14   5390.90 1 
  5317.78 7.3092e-14   5393.65 1 
  5320.49 7.0343e-14   5396.40 1 
  5323.20 6.9208e-14   5399.15 1 
  5325.92 6.6104e-14   5401.90 1 
  5328.63 6.7470e-14   5404.65 1 
  5331.34 6.7596e-14   5407.40 1 
  5334.05 6.8966e-14   5410.15 1 
  5336.76 6.8346e-14   5412.90 1 
  5339.47 6.8928e-14   5415.65 1 
  5342.18 6.9673e-14   5418.40 1 
  5344.89 6.9788e-14   5421.15 1 
  5347.61 7.1373e-14   5423.90 1 
  5350.32 6.9163e-14   5426.65 1 
  5353.03 7.1725e-14   5429.40 1 
  5355.74 7.3786e-14   5432.15 1 
  5358.45 7.3587e-14   5434.90 1 
  5361.16 7.4046e-14   5437.65 1 
  5363.87 7.1647e-14   5440.40 1 
  5366.58 6.9902e-14   5443.15 1 
  5369.30 6.8945e-14   5445.90 1 
  5372.01 6.9118e-14   5448.65 1 
  5374.72 6.8805e-14   5451.40 1 
  5377.43 7.0002e-14   5454.15 1 
  5380.14 7.1123e-14   5456.90 1 
  5382.85 7.1472e-14   5459.65 1 
  5385.56 7.1188e-14   5462.40 1 
  5388.28 6.9350e-14   5465.15 1 
  5390.99 6.9422e-14   5467.90 1 
  5393.70 6.9842e-14   5470.65 1 
  5396.41 6.8948e-14   5473.40 1 
  5399.12 6.8608e-14   5476.15 1 
  5401.83 6.7717e-14   5478.90 1 
  5404.54 6.8094e-14   5481.65 1 
  5407.25 6.7552e-14   5484.40 1 
  5409.97 6.7846e-14   5487.15 1 
  5412.68 6.7916e-14   5489.90 1 
  5415.39 6.9552e-14   5492.65 1 
  5418.10 7.1747e-14   5495.40 1 
  5420.81 7.1034e-14   5498.15 1 
  5423.52 7.1402e-14   5500.90 1 
  5426.23 7.0588e-14   5503.65 1 
  5428.95 6.8189e-14   5506.40 1 
  5431.66 6.9367e-14   5509.15 1 
  5434.37 6.9306e-14   5511.90 1 
  5437.08 6.9832e-14   5514.65 1 
  5439.79 7.1656e-14   5517.40 1 
  5442.50 7.1906e-14   5520.15 1 
  5445.21 7.3402e-14   5522.90 1 
  5447.92 7.1554e-14   5525.65 1 
  5450.64 7.0389e-14   5528.40 1 
  5453.35 7.0270e-14   5531.15 1 
  5456.06 6.9592e-14   5533.90 1 
  5458.77 7.0130e-14   5536.65 1 
  5461.48 7.0304e-14   5539.40 1 
  5464.19 7.0929e-14   5542.15 1 
  5466.90 7.1599e-14   5544.90 1 
  5469.61 7.0190e-14   5547.65 1 
  5472.33 6.9239e-14   5550.40 1 
  5475.04 6.8301e-14   5553.15 1 
  5477.75 6.6723e-14   5555.90 1 
  5480.46 6.6834e-14   5558.65 1 
  5483.17 6.8801e-14   5561.40 1 
  5485.88 6.8363e-14   5564.15 1 
  5488.59 6.9508e-14   5566.90 1 
  5491.31 7.0644e-14   5569.65 1 
  5494.02 6.8742e-14   5572.40 1 
  5496.73 7.0076e-14   5575.15 1 
  5499.44 6.9959e-14   5577.90 1 
  5502.15 6.9205e-14   5580.65 1 
  5504.86 6.8164e-14   5583.40 1 
  5507.57 6.8378e-14   5586.15 1 
  5510.28 6.7387e-14   5588.90 1 
  5513.00 6.8256e-14   5591.65 1 
  5515.71 6.8408e-14   5594.40 1 
  5518.42 6.9263e-14   5597.15 1 
  5521.13 7.0284e-14   5599.90 1 
  5523.84 7.0611e-14   5602.65 1 
  5526.55 6.9814e-14   5605.40 1 
  5529.26 7.1311e-14   5608.15 1 
  5531.98 7.1326e-14   5610.90 1 
  5534.69 7.0310e-14   5613.65 1 
  5537.40 7.0349e-14   5616.40 1 
  5540.11 7.1602e-14   5619.15 1 
  5542.82 7.1619e-14   5621.90 1 
  5545.53 7.1663e-14   5624.65 1 
  5548.24 7.1825e-14   5627.40 1 
  5550.95 7.3751e-14   5630.15 1 
  5553.67 7.4039e-14   5632.90 1 
  5556.38 7.3459e-14   5635.65 1 
  5559.09 7.2203e-14   5638.40 1 
  5561.80 7.2386e-14   5641.15 1 
  5564.51 7.2813e-14   5643.90 1 
  5567.22 7.1400e-14   5646.65 1 
  5569.93 7.0433e-14   5649.40 1 
  5572.64 7.2335e-14   5652.15 1 
  5575.36 7.1283e-14   5654.90 1 
  5578.07 7.0892e-14   5657.65 1 
  5580.78 7.0437e-14   5660.40 1 
  5583.49 7.0157e-14   5663.15 1 
  5586.20 6.8996e-14   5665.90 1 
  5588.91 6.8694e-14   5668.65 1 
  5591.62 6.7589e-14   5671.40 1 
  5594.34 6.8177e-14   5674.15 1 
  5597.05 7.0038e-14   5676.90 1 
  5599.76 6.9176e-14   5679.65 1 
  5602.47 6.9819e-14   5682.40 1 
  5605.18 7.0436e-14   5685.15 1 
  5607.89 7.2109e-14   5687.90 1 
  5610.60 7.1398e-14   5690.65 1 
  5613.31 7.1220e-14   5693.40 1 
  5616.03 7.1799e-14   5696.15 1 
  5618.74 6.9018e-14   5698.90 1 
  5621.45 6.9662e-14   5701.65 1 
  5624.16 7.0342e-14   5704.40 1 
  5626.87 6.9802e-14   5707.15 1 
  5629.58 7.1192e-14   5709.90 1 
  5632.29 7.0331e-14   5712.65 1 
  5635.01 7.2257e-14   5715.40 1 
  5637.72 7.2381e-14   5718.15 1 
  5640.43 7.1934e-14   5720.90 1 
  5643.14 7.0645e-14   5723.65 1 
  5645.85 7.1302e-14   5726.40 1 
  5648.56 7.1827e-14   5729.15 1 
  5651.27 7.0057e-14   5731.90 1 
  5653.98 7.0682e-14   5734.65 1 
  5656.70 7.2138e-14   5737.40 1 
  5659.41 6.9491e-14   5740.15 1 
  5662.12 6.9581e-14   5742.90 1 
  5664.83 7.0879e-14   5745.65 1 
  5667.54 7.0376e-14   5748.40 1 
  5670.25 7.2476e-14   5751.15 1 
  5672.96 7.5384e-14   5753.90 1 
  5675.68 7.3933e-14   5756.65 1 
  5678.39 7.3213e-14   5759.40 1 
  5681.10 7.1273e-14   5762.15 1 
  5683.81 7.0986e-14   5764.90 1 
  5686.52 7.0247e-14   5767.65 1 
  5689.23 6.9614e-14   5770.40 1 
  5691.94 7.2518e-14   5773.15 1 
  5694.65 7.2387e-14   5775.90 1 
  5697.37 7.1947e-14   5778.65 1 
  5700.08 7.0299e-14   5781.40 1 
  5702.79 7.0453e-14   5784.15 1 
  5705.50 7.0388e-14   5786.90 1 
  5708.21 6.9319e-14   5789.65 1 
  5710.92 6.9784e-14   5792.40 1 
  5713.63 6.9261e-14   5795.15 1 
  5716.34 7.0512e-14   5797.90 1 
  5719.06 7.4530e-14   5800.65 1 
  5721.77 7.4259e-14   5803.40 1 
  5724.48 7.2458e-14   5806.15 1 
  5727.19 7.3360e-14   5808.90 1 
  5729.90 7.4073e-14   5811.65 1 
  5732.61 7.3867e-14   5814.40 1 
  5735.32 7.4285e-14   5817.15 1 
  5738.04 7.4377e-14   5819.90 1 
  5740.75 7.3264e-14   5822.65 1 
  5743.46 7.2228e-14   5825.40 1 
  5746.17 7.3455e-14   5828.15 1 
  5748.88 7.3394e-14   5830.90 1 
  5751.59 7.3010e-14   5833.65 1 
  5754.30 7.4253e-14   5836.40 1 
  5757.01 7.3478e-14   5839.15 1 
  5759.73 7.3372e-14   5841.90 1 
  5762.44 7.1223e-14   5844.65 1 
  5765.15 7.1794e-14   5847.40 1 
  5767.86 7.3341e-14   5850.15 1 
  5770.57 7.3303e-14   5852.90 1 
  5773.28 7.1912e-14   5855.65 1 
  5775.99 7.1820e-14   5858.40 1 
  5778.71 7.2419e-14   5861.15 1 
  5781.42 7.1485e-14   5863.90 1 
  5784.13 7.0190e-14   5866.65 1 
  5786.84 7.0151e-14   5869.40 1 
  5789.55 6.9104e-14   5872.15 1 
  5792.26 7.0962e-14   5874.90 1 
  5794.97 7.0927e-14   5877.65 1 
  5797.68 7.3687e-14   5880.40 1 
  5800.40 7.3090e-14   5883.15 1 
  5803.11 7.3603e-14   5885.90 1 
  5805.82 7.4412e-14   5888.65 1 
  5808.53 7.4439e-14   5891.40 1 
  5811.24 7.3087e-14   5894.15 1 
  5813.95 7.5096e-14   5896.90 1 
  5816.66 7.2406e-14   5899.65 1 
  5819.37 7.4239e-14   5902.40 1 
  5822.09 7.2992e-14   5905.15 1 
  5824.80 7.5231e-14   5907.90 1 
  5827.51 7.5007e-14   5910.65 1 
  5830.22 7.4744e-14   5913.40 1 
  5832.93 7.6502e-14   5916.15 1 
  5835.64 7.4007e-14   5918.90 1 
  5838.35 7.2171e-14   5921.65 1 
  5841.07 7.3827e-14   5924.40 1 
  5843.78 7.1283e-14   5927.15 1 
  5846.49 7.4721e-14   5929.90 1 
  5849.20 7.3879e-14   5932.65 1 
  5851.91 7.3158e-14   5935.40 1 
  5854.62 7.0907e-14   5938.15 1 
  5857.33 7.0429e-14   5940.90 1 
  5860.04 7.2687e-14   5943.65 1 
  5862.76 7.1832e-14   5946.40 1 
  5865.47 6.9691e-14   5949.15 1 
  5868.18 7.1985e-14   5951.90 1 
  5870.89 7.3105e-14   5954.65 1 
  5873.60 7.2282e-14   5957.40 1 
  5876.31 7.1178e-14   5960.15 1 
  5879.02 7.1957e-14   5962.90 1 
  5881.74 6.9861e-14   5965.65 1 
  5884.45 6.8753e-14   5968.40 1 
  5887.16 6.5879e-14   5971.15 1 
  5889.87 6.0335e-14   5973.90 1 
  5892.58 5.7716e-14   5976.65 1 
  5895.29 5.9599e-14   5979.40 1 
  5898.00 5.9672e-14   5982.15 1 
  5900.71 6.2072e-14   5984.90 1 
  5903.43 6.5510e-14   5987.65 1 
  5906.14 6.6117e-14   5990.40 1 
  5908.85 6.9055e-14   5993.15 1 
  5911.56 7.0233e-14   5995.90 1 
  5914.27 7.0840e-14   5998.65 1 
  5916.98 6.9734e-14   6001.40 1 
  5919.69 7.1195e-14   6004.15 1 
  5922.40 7.0096e-14   6006.90 1 
  5925.12 6.9898e-14   6009.65 1 
  5927.83 7.1485e-14   6012.40 1 
  5930.54 7.1179e-14   6015.15 1 
  5933.25 7.0158e-14   6017.90 1 
  5935.96 7.0730e-14   6020.65 1 
  5938.67 7.1173e-14   6023.40 1 
  5941.38 7.3385e-14   6026.15 1 
  5944.10 7.2043e-14   6028.90 1 
  5946.81 7.2065e-14   6031.65 1 
  5949.52 7.1824e-14   6034.40 1 
  5952.23 7.0859e-14   6037.15 1 
  5954.94 7.1164e-14   6039.90 1 
  5957.65 7.1989e-14   6042.65 1 
  5960.36 7.2215e-14   6045.40 1 
  5963.07 7.3678e-14   6048.15 1 
  5965.79 7.2259e-14   6050.90 1 
  5968.50 7.1902e-14   6053.65 1 
  5971.21 7.2174e-14   6056.40 1 
  5973.92 7.1927e-14   6059.15 1 
  5976.63 7.0926e-14   6061.90 1 
  5979.34 7.1131e-14   6064.65 1 
  5982.05 7.2829e-14   6067.40 1 
  5984.77 7.2306e-14   6070.15 1 
  5987.48 7.1231e-14   6072.90 1 
  5990.19 7.1118e-14   6075.65 1 
  5992.90 7.2510e-14   6078.40 1 
  5995.61 7.1591e-14   6081.15 1 
  5998.32 7.1447e-14   6083.90 1 
  6001.03 7.1870e-14   6086.65 1 
  6003.74 7.1609e-14   6089.40 1 
  6006.46 7.1714e-14   6092.15 1 
  6009.17 7.0605e-14   6094.90 1 
  6011.88 7.1105e-14   6097.65 1 
  6014.59 7.1008e-14   6100.40 1 
  6017.30 7.0962e-14   6103.15 1 
  6020.01 7.1032e-14   6105.90 1 
  6022.72 7.0522e-14   6108.65 1 
  6025.44 7.1645e-14   6111.40 1 
  6028.15 7.2145e-14   6114.15 1 
  6030.86 7.2100e-14   6116.90 1 
  6033.57 7.3665e-14   6119.65 1 
  6036.28 7.5866e-14   6122.40 1 
  6038.99 7.3631e-14   6125.15 1 
  6041.70 7.2244e-14   6127.90 1 
  6044.41 7.3038e-14   6130.65 1 
  6047.13 7.2570e-14   6133.40 1 
  6049.84 7.3356e-14   6136.15 1 
  6052.55 7.3095e-14   6138.90 1 
  6055.26 7.3658e-14   6141.65 1 
  6057.97 7.3523e-14   6144.40 1 
  6060.68 7.2036e-14   6147.15 1 
  6063.39 7.1394e-14   6149.90 1 
  6066.10 7.2618e-14   6152.65 1 
  6068.82 7.3245e-14   6155.40 1 
  6071.53 7.2137e-14   6158.15 1 
  6074.24 7.2819e-14   6160.90 1 
  6076.95 7.1869e-14   6163.65 1 
  6079.66 7.2935e-14   6166.40 1 
  6082.37 7.2151e-14   6169.15 1 
  6085.08 7.2268e-14   6171.90 1 
  6087.80 7.1434e-14   6174.65 1 
  6090.51 7.0870e-14   6177.40 1 
  6093.22 7.1815e-14   6180.15 1 
  6095.93 7.0942e-14   6182.90 1 
  6098.64 7.2104e-14   6185.65 1 
  6101.35 7.0692e-14   6188.40 1 
  6104.06 6.9479e-14   6191.15 1 
  6106.77 7.2258e-14   6193.90 1 
  6109.49 7.1644e-14   6196.65 1 
  6112.20 7.2351e-14   6199.40 1 
  6114.91 7.3325e-14   6202.15 1 
  6117.62 7.2102e-14   6204.90 1 
  6120.33 7.0311e-14   6207.65 1 
  6123.04 7.1621e-14   6210.40 1 
  6125.75 7.1887e-14   6213.15 1 
  6128.47 7.1494e-14   6215.90 1 
  6131.18 6.9240e-14   6218.65 1 
  6133.89 7.0397e-14   6221.40 1 
  6136.60 7.1551e-14   6224.15 1 
  6139.31 6.9916e-14   6226.90 1 
  6142.02 6.7571e-14   6229.65 1 
  6144.73 6.9031e-14   6232.40 1 
  6147.44 7.0465e-14   6235.15 1 
  6150.16 7.2710e-14   6237.90 1 
  6152.87 6.9051e-14   6240.65 1 
  6155.58 6.8062e-14   6243.40 1 
  6158.29 6.9302e-14   6246.15 1 
  6161.00 6.7619e-14   6248.90 1 
  6163.71 6.6807e-14   6251.65 1 
  6166.42 6.5031e-14   6254.40 1 
  6169.13 6.8414e-14   6257.15 1 
  6171.85 6.5178e-14   6259.90 1 
  6174.56 6.5926e-14   6262.65 1 
  6177.27 6.5665e-14   6265.40 1 
  6179.98 6.8153e-14   6268.15 1 
  6182.69 6.7976e-14   6270.90 1 
  6185.40 6.8922e-14   6273.65 1 
  6188.11 7.0764e-14   6276.40 1 
  6190.83 6.8405e-14   6279.15 1 
  6193.54 6.9495e-14   6281.90 1 
  6196.25 7.1343e-14   6284.65 1 
  6198.96 6.9353e-14   6287.40 1 
  6201.67 6.9509e-14   6290.15 1 
  6204.38 7.1144e-14   6292.90 1 
  6207.09 7.1521e-14   6295.65 1 
  6209.80 7.1409e-14   6298.40 1 
  6212.52 6.9272e-14   6301.15 1 
  6215.23 6.8734e-14   6303.90 1 
  6217.94 6.8614e-14   6306.65 1 
  6220.65 6.8580e-14   6309.40 1 
  6223.36 6.8713e-14   6312.15 1 
  6226.07 6.7862e-14   6314.90 1 
  6228.78 6.8092e-14   6317.65 1 
  6231.50 6.7079e-14   6320.40 1 
  6234.21 6.8027e-14   6323.15 1 
  6236.92 6.5139e-14   6325.90 1 
  6239.63 6.6708e-14   6328.65 1 
  6242.34 6.5707e-14   6331.40 1 
  6245.05 6.5503e-14   6334.15 1 
  6247.76 6.6666e-14   6336.90 1 
  6250.47 6.6528e-14   6339.65 1 
  6253.19 6.5379e-14   6342.40 1 
  6255.90 6.6347e-14   6345.15 1 
  6258.61 6.5584e-14   6347.90 1 
  6261.32 6.6779e-14   6350.65 1 
  6264.03 6.8045e-14   6353.40 1 
  6266.74 6.8114e-14   6356.15 1 
  6269.45 6.8742e-14   6358.90 1 
  6272.16 6.8645e-14   6361.65 1 
  6274.88 6.9454e-14   6364.40 1 
  6277.59 6.8994e-14   6367.15 1 
  6280.30 6.8423e-14   6369.90 1 
  6283.01 6.8393e-14   6372.65 1 
  6285.72 6.9495e-14   6375.40 1 
  6288.43 6.9312e-14   6378.15 1 
  6291.14 6.9096e-14   6380.90 1 
  6293.86 7.0925e-14   6383.65 1 
  6296.57 7.1828e-14   6386.40 1 
  6299.28 7.2343e-14   6389.15 1 
  6301.99 7.1501e-14   6391.90 1 
  6304.70 7.1148e-14   6394.65 1 
  6307.41 7.0843e-14   6397.40 1 
  6310.12 6.8471e-14   6400.15 1 
  6312.83 6.9016e-14   6402.90 1 
  6315.55 6.8089e-14   6405.65 1 
  6318.26 6.8963e-14   6408.40 1 
  6320.97 6.9179e-14   6411.15 1 
  6323.68 6.9638e-14   6413.90 1 
  6326.39 6.8841e-14   6416.65 1 
  6329.10 6.9995e-14   6419.40 1 
  6331.81 7.1325e-14   6422.15 1 
  6334.53 6.9442e-14   6424.90 1 
  6337.24 6.9850e-14   6427.65 1 
  6339.95 6.8596e-14   6430.40 1 
  6342.66 6.8408e-14   6433.15 1 
  6345.37 6.9216e-14   6435.90 1 
  6348.08 6.9665e-14   6438.65 1 
  6350.79 7.0874e-14   6441.40 1 
  6353.50 7.0847e-14   6444.15 1 
  6356.22 7.0130e-14   6446.90 1 
  6358.93 6.7791e-14   6449.65 1 
  6361.64 6.8910e-14   6452.40 1 
  6364.35 6.9988e-14   6455.15 1 
  6367.06 6.8567e-14   6457.90 1 
  6369.77 7.2266e-14   6460.65 1 
  6372.48 7.2721e-14   6463.40 1 
  6375.19 6.8531e-14   6466.15 1 
  6377.91 6.9951e-14   6468.90 1 
  6380.62 6.9551e-14   6471.65 1 
  6383.33 7.0234e-14   6474.40 1 
  6386.04 7.0586e-14   6477.15 1 
  6388.75 7.1437e-14   6479.90 1 
  6391.46 6.9654e-14   6482.65 1 
  6394.17 7.1568e-14   6485.40 1 
  6396.89 6.9267e-14   6488.15 1 
  6399.60 7.0801e-14   6490.90 1 
  6402.31 6.8542e-14   6493.65 1 
  6405.02 7.0768e-14   6496.40 1 
  6407.73 7.2614e-14   6499.15 1 
  6410.44 7.0576e-14   6501.90 1 
  6413.15 6.5804e-14   6504.65 1 
  6415.86 6.8591e-14   6507.40 1 
  6418.58 7.0798e-14   6510.15 1 
  6421.29 7.0791e-14   6512.90 1 
  6424.00 7.0735e-14   6515.65 1 
  6426.71 7.0975e-14   6518.40 1 
  6429.42 7.1073e-14   6521.15 1 
  6432.13 6.8304e-14   6523.90 1 
  6434.84 6.9825e-14   6526.65 1 
  6437.56 7.1695e-14   6529.40 1 
  6440.27 7.0884e-14   6532.15 1 
  6442.98 7.0418e-14   6534.90 1 
  6445.69 6.8680e-14   6537.65 1 
  6448.40 6.9337e-14   6540.40 1 
  6451.11 7.0369e-14   6543.15 1 
  6453.82 6.9967e-14   6545.90 1 
  6456.53 6.8341e-14   6548.65 1 
  6459.25 7.0376e-14   6551.40 1 
  6461.96 7.0331e-14   6554.15 1 
  6464.67 6.7843e-14   6556.90 1 
  6467.38 6.8720e-14   6559.65 1 
  6470.09 6.8953e-14   6562.40 1 
  6472.80 7.1304e-14   6565.15 1 
  6475.51 7.0135e-14   6567.90 1 
  6478.23 7.0730e-14   6570.65 1 
  6480.94 7.1374e-14   6573.40 1 
  6483.65 7.1122e-14   6576.15 1 
  6486.36 6.9925e-14   6578.90 1 
  6489.07 6.9243e-14   6581.65 1 
  6491.78 6.8906e-14   6584.40 1 
  6494.49 6.8694e-14   6587.15 1 
  6497.20 6.8045e-14   6589.90 1 
  6499.92 6.7633e-14   6592.65 1 
  6502.63 6.7035e-14   6595.40 1 
  6505.34 6.8624e-14   6598.15 1 
  6508.05 7.0240e-14   6600.90 1 
  6510.76 7.1220e-14   6603.65 1 
  6513.47 7.1814e-14   6606.40 1 
  6516.18 6.9265e-14   6609.15 1 
  6518.89 6.9520e-14   6611.90 1 
  6521.61 7.0974e-14   6614.65 1 
  6524.32 7.1871e-14   6617.40 1 
  6527.03 7.1176e-14   6620.15 1 
  6529.74 7.0947e-14   6622.90 1 
  6532.45 7.1935e-14   6625.65 1 
  6535.16 7.3088e-14   6628.40 1 
  6537.87 7.2042e-14   6631.15 1 
  6540.59 7.4197e-14   6633.90 1 
  6543.30 7.6823e-14   6636.65 1 
  6546.01 7.8119e-14   6639.40 1 
  6548.72 8.0576e-14   6642.15 1 
  6551.43 8.4023e-14   6644.90 1 
  6554.14 8.9619e-14   6647.65 1 
  6556.85 9.6609e-14   6650.40 1 
  6559.56 1.0888e-13   6653.15 1 
  6562.28 1.1968e-13   6655.90 1 
  6564.99 1.2587e-13   6658.65 1 
  6567.70 1.2706e-13   6661.40 1 
  6570.41 1.2068e-13   6664.15 1 
  6573.12 1.0230e-13   6666.90 1 
  6575.83 8.9530e-14   6669.65 1 
  6578.54 8.7476e-14   6672.40 1 
  6581.26 9.5552e-14   6675.15 1 
  6583.97 9.8997e-14   6677.90 1 
  6586.68 1.0330e-13   6680.65 1 
  6589.39 1.0172e-13   6683.40 1 
  6592.10 9.3077e-14   6686.15 1 
  6594.81 8.1714e-14   6688.90 1 
  6597.52 7.4853e-14   6691.65 1 
  6600.23 7.1375e-14   6694.40 1 
  6602.95 7.1632e-14   6697.15 1 
  6605.66 7.0302e-14   6699.90 1 
  6608.37 7.0170e-14   6702.65 1 
  6611.08 7.0894e-14   6705.40 1 
  6613.79 7.2124e-14   6708.15 1 
  6616.50 7.2008e-14   6710.90 1 
  6619.21 6.9775e-14   6713.65 1 
  6621.92 7.1498e-14   6716.40 1 
  6624.64 7.1733e-14   6719.15 1 
  6627.35 6.9684e-14   6721.90 1 
  6630.06 7.1674e-14   6724.65 1 
  6632.77 7.0680e-14   6727.40 1 
  6635.48 7.0617e-14   6730.15 1 
  6638.19 7.0282e-14   6732.90 1 
  6640.90 7.0609e-14   6735.65 1 
  6643.62 7.0072e-14   6738.40 1 
  6646.33 7.0918e-14   6741.15 1 
  6649.04 7.0885e-14   6743.90 1 
  6651.75 7.0633e-14   6746.65 1 
  6654.46 7.0522e-14   6749.40 1 
  6657.17 6.9305e-14   6752.15 1 
  6659.88 6.9424e-14   6754.90 1 
  6662.59 7.0268e-14   6757.65 1 
  6665.31 6.9682e-14   6760.40 1 
  6668.02 7.0881e-14   6763.15 1 
  6670.73 6.9775e-14   6765.90 1 
  6673.44 6.8572e-14   6768.65 1 
  6676.15 6.9384e-14   6771.40 1 
  6678.86 6.9253e-14   6774.15 1 
  6681.57 6.8628e-14   6776.90 1 
  6684.29 7.0496e-14   6779.65 1 
  6687.00 7.0606e-14   6782.40 1 
  6689.71 7.0000e-14   6785.15 1 
  6692.42 6.9815e-14   6787.90 1 
  6695.13 6.9598e-14   6790.65 1 
  6697.84 7.0625e-14   6793.40 1 
  6700.55 6.9471e-14   6796.15 1 
  6703.26 6.8878e-14   6798.90 1 
  6705.98 7.0293e-14   6801.65 1 
  6708.69 7.2023e-14   6804.40 1 
  6711.40 7.4063e-14   6807.15 1 
  6714.11 7.7394e-14   6809.90 1 
  6716.82 7.9099e-14   6812.65 1 
  6719.53 7.8929e-14   6815.40 1 
  6722.24 7.8315e-14   6818.15 1 
  6724.95 8.0232e-14   6820.90 1 
  6727.67 8.1332e-14   6823.65 1 
  6730.38 7.9462e-14   6826.40 1 
  6733.09 7.8945e-14   6829.15 1 
  6742.92 6.8847e-14   6839.12 0 
  6758.46 6.7119e-14   6854.88 0 
  6774.04 6.7579e-14   6870.68 0 
  6789.66 6.8041e-14   6886.52 0 
  6805.31 6.8664e-14   6902.40 0 
  6820.99 6.8500e-14   6918.31 0 
  6836.72 6.8810e-14   6934.26 0 
  6852.48 6.9281e-14   6950.24 0 
  6868.27 6.6615e-14   6966.26 0 
  6884.11 6.7848e-14   6982.33 0 
  6899.98 6.8469e-14   6998.42 0 
  6915.88 6.8305e-14   7014.55 0 
  6931.82 6.8773e-14   7030.72 0 
  6947.81 7.0045e-14   7046.93 0 
  6963.82 6.9716e-14   7063.18 0 
  6979.87 7.0843e-14   7079.46 0 
  6995.97 6.9864e-14   7095.78 0 
  7012.09 6.8111e-14   7112.14 0 
  7028.26 7.0335e-14   7128.53 0 
  7044.46 6.9364e-14   7144.96 0 
  7060.70 6.8722e-14   7161.43 0 
  7076.97 6.6842e-14   7177.94 0 
  7093.29 6.6223e-14   7194.49 0 
  7109.64 6.5761e-14   7211.08 0 
  7126.03 6.6059e-14   7227.70 0 
  7142.46 6.4996e-14   7244.36 0 
  7158.92 6.5140e-14   7261.06 0 
  7175.43 6.5134e-14   7277.80 0 
  7191.97 6.3062e-14   7294.57 0 
  7208.55 6.2766e-14   7311.39 0 
  7225.16 6.6785e-14   7328.25 0 
  7241.82 6.5560e-14   7345.14 0 
  7258.52 6.5253e-14   7362.07 0 
  7275.25 6.8795e-14   7379.04 0 
  7292.02 6.6914e-14   7396.05 0 
  7308.83 6.7682e-14   7413.10 0 
  7325.68 6.8301e-14   7430.19 0 
  7342.56 7.0695e-14   7447.32 0 
  7359.49 6.9398e-14   7464.49 0 
  7376.46 7.0844e-14   7481.70 0 
  7393.46 6.8907e-14   7498.94 0 
  7410.50 7.1815e-14   7516.23 0 
  7427.59 7.0174e-14   7533.56 0 
  7444.71 7.2133e-14   7550.92 0 
  7461.87 7.2793e-14   7568.33 0 
  7479.07 7.0965e-14   7585.78 0 
  7496.31 7.2111e-14   7603.26 0 
  7513.59 7.1443e-14   7620.79 0 
  7530.91 7.1271e-14   7638.36 0 
  7548.28 7.2924e-14   7655.97 0 
  7565.68 7.1257e-14   7673.61 0 
  7583.11 7.2075e-14   7691.30 0 
  7600.60 6.9461e-14   7709.04 0 
  7618.12 6.9294e-14   7726.81 0 
  7635.68 7.1228e-14   7744.62 0 
  7653.28 7.0244e-14   7762.47 0 
  7670.93 6.4204e-14   7780.37 0 
  7688.61 6.7534e-14   7798.30 0 
  7706.33 6.6142e-14   7816.28 0 
  7724.10 6.5983e-14   7834.30 0 
  7741.90 6.7203e-14   7852.36 0 
  7759.75 6.5364e-14   7870.46 0 
  7777.64 6.6726e-14   7888.60 0 
  7795.57 6.5351e-14   7906.79 0 
  7813.54 6.7175e-14   7925.01 0 
  7831.55 6.8416e-14   7943.28 0 
  7849.60 6.7782e-14   7961.59 0 
  7867.70 6.8876e-14   7979.95 0 
  7885.84 6.7301e-14   7998.34 0 
  7904.01 6.5160e-14   8016.78 0 
  7922.23 6.4556e-14   8035.26 0 
  7940.50 6.4697e-14   8053.78 0 
  7958.80 6.5440e-14   8072.35 0 
  7977.15 6.7111e-14   8090.96 0 
  7995.54 6.5577e-14   8109.61 0 
  8013.97 6.7407e-14   8128.31 0 
  8032.44 6.6475e-14   8147.04 0 
  8050.96 6.8487e-14   8165.82 0 
  8069.52 6.8955e-14   8184.65 0 
  8088.12 6.7533e-14   8203.52 0 
  8106.77 6.5534e-14   8222.43 0 
  8125.45 6.6286e-14   8241.38 0 
  8144.19 6.7201e-14   8260.38 0 
  8162.96 6.6119e-14   8279.42 0 
  8181.78 6.9228e-14   8298.51 0 
  8200.64 6.6870e-14   8317.64 0 
  8219.54 6.8106e-14   8336.81 0 
  8238.49 6.0136e-14   8356.03 0 
  8257.49 6.9677e-14   8375.29 0 
  8276.52 6.9991e-14   8394.60 0 
  8295.60 6.5614e-14   8413.95 0 
  8314.72 6.3525e-14   8433.35 0 
  8333.89 6.6512e-14   8452.79 0 
  8353.10 6.6811e-14   8472.27 0 
  8372.35 6.5584e-14   8491.80 0 
  8391.66 6.3205e-14   8511.38 0 
  8411.00 6.6635e-14   8531.00 0 
  8430.39 6.6474e-14   8550.67 0 
  8449.83 6.4804e-14   8570.38 0 
  8469.30 6.5699e-14   8590.14 0 
  8488.83 6.4939e-14   8609.94 0 
  8508.40 5.1935e-14   8629.79 0 
  8528.01 6.3739e-14   8649.68 0 
  8547.67 5.4495e-14   8669.62 0 
  8567.37 6.4760e-14   8689.60 0 
  8587.12 6.5805e-14   8709.64 0 
  8606.92 6.2547e-14   8729.71 0 
  8626.76 6.4887e-14   8749.84 0 
  8646.65 6.5480e-14   8770.01 0 
  8666.58 5.9849e-14   8790.23 0 
  8686.56 6.2231e-14   8810.49 0 
  8706.58 6.3381e-14   8830.80 0 
  8726.65 6.4700e-14   8851.16 0 
  8746.77 6.3366e-14   8871.56 0 
  8766.93 6.3359e-14   8892.01 0 
  8787.14 6.5427e-14   8912.51 0 
  8807.40 6.5570e-14   8933.05 0 
  8827.70 6.5411e-14   8953.65 0 
  8848.05 6.2748e-14   8974.29 0 
  8868.45 6.2165e-14   8994.98 0 
  8888.89 6.1164e-14   9015.71 0 
  8909.39 6.2726e-14   9036.50 0 
  8929.92 6.1858e-14   9057.33 0 
  8950.51 6.2136e-14   9078.20 0 
  8971.14 6.1276e-14   9099.13 0 
  8991.82 6.2264e-14   9120.11 0 
  9012.55 5.9181e-14   9141.13 0 
  9033.32 5.7165e-14   9162.20 0 
  9054.15 6.6234e-14   9183.33 0 
  9075.02 6.5167e-14   9204.50 0 
  9095.94 5.8475e-14   9225.71 0 
  9116.91 5.9555e-14   9246.98 0 
  9137.93 6.1075e-14   9268.30 0 
  9158.99 6.1633e-14   9289.66 0 
  9180.11 5.8312e-14   9311.08 0 
  9201.27 6.1618e-14   9332.54 0 
  9222.48 5.8702e-14   9354.06 0 
  9243.74 6.0200e-14   9375.62 0 
  9265.05 5.9641e-14   9397.23 0 
  9286.41 6.1446e-14   9418.90 0 
  9307.81 5.5775e-14   9440.61 0 
  9329.27 6.3443e-14   9462.37 0 
  9350.78 6.3289e-14   9484.18 0 
  9372.33 6.2269e-14   9506.05 0 
  9393.94 6.3273e-14   9527.96 0 
  9415.59 6.1967e-14   9549.93 0 
  9437.30 6.3842e-14   9571.94 0 
  9459.06 6.2958e-14   9594.01 0 
  9480.86 6.4565e-14   9616.12 0 
  9502.71 6.2942e-14   9638.29 0 
  9524.62 6.3370e-14   9660.51 0 
  9546.58 6.1352e-14   9682.78 0 
  9568.58 6.3063e-14   9705.10 0 
  9590.64 6.4375e-14   9727.47 0 
  9612.75 6.3484e-14   9749.90 0 
  9634.91 6.3916e-14   9772.37 0 
  9657.12 6.2886e-14   9794.90 0 
  9679.39 6.2877e-14   9817.48 0 
  9701.70 6.2580e-14   9840.11 0 
  9724.06 6.1856e-14   9862.79 0 
  9746.48 6.1705e-14   9885.53 0 
  9768.95 6.2125e-14   9908.32 0 
  9791.47 6.1265e-14   9931.16 0 
  9814.03 6.2828e-14   9954.05 0 
  9836.66 6.2244e-14   9977.00 0 
  9859.34 6.2667e-14  10000.00 0 
  9882.06 6.2227e-14  10023.05 0 
  9904.84 6.1648e-14  10046.15 0 
  9927.67 6.2354e-14  10069.31 0 
  9950.57 6.2633e-14  10092.53 0 
  9973.50 6.2625e-14  10115.80 0 
  9996.50 6.2472e-14  10139.12 0 
 10019.54 6.2752e-14  10162.49 0 
 10065.78 6.1875e-14  10209.39 0 
 10135.56 6.3436e-14  10280.17 0 
 10182.34 6.2982e-14  10327.61 0 
 10229.34 6.3694e-14  10375.28 0 
 10276.56 6.4117e-14  10423.18 0 
 10300.25 6.3961e-14  10447.20 0 
 10491.74 6.1862e-14  10641.43 0 
 10711.43 5.9058e-14  10864.25 0 
 10910.58 5.7714e-14  11066.24 0 
 11087.86 5.4611e-14  11246.05 0 
 11294.00 5.4485e-14  11455.13 0 
 11503.97 5.4863e-14  11668.09 0 
 11690.89 5.3738e-14  11857.68 0 
 11908.24 5.0966e-14  12078.13 0 
 12101.74 5.0849e-14  12274.40 0 
 12298.38 5.0499e-14  12473.84 0 
 12498.21 4.8784e-14  12676.52 0 
 12701.29 4.7894e-14  12882.50 0 
 12907.67 4.7020e-14  13091.82 0 
 13087.23 4.6374e-14  13273.95 0 
 13299.88 4.4903e-14  13489.63 0 
 13484.90 4.3780e-14  13677.29 0 
 13704.02 4.3080e-14  13899.53 0 
 13894.66 4.1236e-14  14092.89 0 
 14087.95 3.9109e-14  14288.95 0 
 14283.92 3.8662e-14  14487.71 0 
 14516.03 3.9109e-14  14723.13 0 
 14684.11 3.7695e-14  14893.61 0 
 14888.39 3.8484e-14  15100.80 0 
 15095.51 3.8929e-14  15310.87 0 
 15305.51 3.9836e-14  15523.87 0 
 15482.74 3.9471e-14  15703.63 0 
 15698.13 3.8751e-14  15922.09 0 
 15916.51 3.7263e-14  16143.59 0 
 16100.80 3.7263e-14  16330.51 0 
 16287.25 3.7177e-14  16519.62 0 
 16513.82 3.6837e-14  16749.43 0 
 16705.05 3.6921e-14  16943.38 0 
 16898.49 3.6667e-14  17139.58 0 
 17094.15 3.6164e-14  17338.03 0 
 17292.10 3.4856e-14  17538.80 0 
 17492.34 3.3673e-14  17741.90 0 
 17694.89 3.2157e-14  17947.34 0 
 17899.77 3.0639e-14  18155.15 0 
 18107.05 2.8992e-14  18365.38 0 
 18316.72 2.8267e-14  18578.05 0 
 18486.19 2.7245e-14  18749.94 0 
 18700.26 2.5899e-14  18967.05 0 
 18916.80 2.5251e-14  19186.69 0 
 19091.85 2.5020e-14  19364.23 0 
 19312.90 2.4338e-14  19588.44 0 
 19491.61 2.3403e-14  19769.70 0 
 19717.32 2.2557e-14  19998.62 0 
 19899.75 2.1892e-14  20183.66 0 
 20083.89 2.1591e-14  20370.42 0 
 20316.45 2.0906e-14  20606.30 0 
 20504.42 2.0762e-14  20796.96 0 
 20694.16 2.0384e-14  20989.40 0 
 20885.65 2.0011e-14  21183.62 0 
 21078.88 1.9782e-14  21379.62 0 
 21322.97 1.9421e-14  21627.19 0 
 21520.28 1.9111e-14  21827.31 0 
 21719.39 1.8505e-14  22029.26 0 
 21920.37 1.8251e-14  22233.11 0 
 22123.18 1.7753e-14  22438.81 0 
 22276.54 1.7269e-14  22594.36 0 
 22482.65 1.6915e-14  22803.41 0 
 22690.69 1.6454e-14  23014.42 0 
 22900.65 1.4768e-14  23227.38 0 
 23112.53 1.4600e-14  23442.28 0 
 23326.40 1.2776e-14  23659.20 0 
 23488.08 1.2007e-14  23823.19 0 
 23705.43 1.2147e-14  24043.63 0 
 23924.78 1.1182e-14  24266.11 0 
 24090.61 1.0729e-14  24434.31 0 
 24313.52 1.0509e-14  24660.40 0 
 24482.04 9.6964e-15  24831.33 0 
 24708.58 9.4331e-15  25061.10 0 
 24879.84 7.9375e-15  25234.80 0 
 25110.07 7.7934e-15  25468.31 0 
 25195.54 8.0646e-15  25555.00 2 
 25290.97 7.8117e-15  25651.80 2 
 25386.41 8.2154e-15  25748.60 2 
 25481.75 7.7925e-15  25845.30 2 
 25577.19 7.6341e-15  25942.10 2 
 25672.63 8.0577e-15  26038.90 2 
 25767.97 7.9236e-15  26135.60 2 
 25863.41 7.7832e-15  26232.40 2 
 25958.75 8.1875e-15  26329.10 2 
 26054.19 8.0348e-15  26425.90 2 
 26149.62 8.0947e-15  26522.70 2 
 26244.96 7.4256e-15  26619.40 2 
 26340.40 7.4278e-15  26716.20 2 
 26435.84 7.1328e-15  26813.00 2 
 26531.18 7.2069e-15  26909.70 2 
 26626.62 7.3312e-15  27006.50 2 
 26721.96 6.8950e-15  27103.20 2 
 26817.40 6.7286e-15  27200.00 2 
 26912.84 7.1284e-15  27296.80 2 
 27008.17 6.9396e-15  27393.50 2 
 27103.61 6.8513e-15  27490.30 2 
 27199.05 6.9396e-15  27587.10 2 
 27294.39 6.9772e-15  27683.80 2 
 27389.83 6.6147e-15  27780.60 2 
 27485.17 6.9667e-15  27877.30 2 
 27580.61 6.3489e-15  27974.10 2 
 27676.05 6.7721e-15  28070.90 2 
 27771.39 6.6015e-15  28167.60 2 
 27866.82 6.2436e-15  28264.40 2 
 27962.26 5.7537e-15  28361.20 2 
 28057.60 6.3739e-15  28457.90 2 
 28153.04 6.2050e-15  28554.70 2 
 28248.38 6.4415e-15  28651.40 2 
 28343.82 6.2191e-15  28748.20 2 
 28439.26 6.0194e-15  28845.00 2 
 28630.04 5.8271e-15  29038.50 2 
 28725.47 5.7159e-15  29135.30 2 
 28820.81 5.6609e-15  29232.00 2 
 28916.25 5.5031e-15  29328.80 2 
 29011.59 5.3633e-15  29425.50 2 
 29107.03 4.9501e-15  29522.30 2 
 29202.47 5.1378e-15  29619.10 2 
 29297.81 5.1332e-15  29715.80 2 
 29393.25 5.0286e-15  29812.60 2 
 29488.69 4.8063e-15  29909.40 2 
 29584.03 4.7003e-15  30006.10 2 
 29679.46 4.8753e-15  30102.90 2 
 29774.80 4.5965e-15  30199.60 2 
 29870.24 4.4453e-15  30296.40 2 
 29965.68 4.7497e-15  30393.20 2 
 30061.02 4.4902e-15  30489.90 2 
 30156.46 4.6104e-15  30586.70 2 
 30251.90 4.6663e-15  30683.50 2 
 30347.24 4.3439e-15  30780.20 2 
 30442.67 4.6810e-15  30877.00 2 
 30538.01 4.6048e-15  30973.70 2 
 30633.45 4.8924e-15  31070.50 2 
 30728.89 4.2658e-15  31167.30 2 
 30824.23 4.2929e-15  31264.00 2 
 30919.67 4.3235e-15  31360.80 2 
 31015.11 4.4173e-15  31457.60 2 
 31110.45 4.2328e-15  31554.30 2 
 31205.89 4.6085e-15  31651.10 2 
 31301.22 4.5044e-15  31747.80 2 
 31396.66 4.4988e-15  31844.60 2 
 31492.10 3.8422e-15  31941.40 2 
 31587.44 4.2458e-15  32038.10 2 
 31682.88 4.3378e-15  32134.90 2 
 31778.32 4.1994e-15  32231.70 2 
 31873.66 3.9369e-15  32328.40 2 
 31969.10 3.9789e-15  32425.20 2 
 32064.44 4.1989e-15  32521.90 2 
 32159.87 4.1301e-15  32618.70 2 
 32255.31 4.3728e-15  32715.50 2 
 32350.65 5.1102e-15  32812.20 2 
 32446.09 5.4439e-15  32909.00 2 
 32541.53 5.9680e-15  33005.80 2 
 32636.87 6.4893e-15  33102.50 2 
 32732.31 7.0189e-15  33199.30 2 
 32827.65 6.5840e-15  33296.00 2 
 32923.09 6.2954e-15  33392.80 2 
 33018.52 5.9818e-15  33489.60 2 
 33113.87 5.3605e-15  33586.30 2 
 33209.30 4.9401e-15  33683.10 2 
 33304.74 4.9158e-15  33779.90 2 
 33400.08 4.7287e-15  33876.60 2 
 33495.52 4.2328e-15  33973.40 2 
 33590.86 3.8944e-15  34070.10 2 
 33686.30 4.2368e-15  34166.90 2 
 33781.74 4.2522e-15  34263.70 2 
 33877.07 4.4351e-15  34360.40 2 
 33972.51 4.6246e-15  34457.20 2 
 34067.95 4.4992e-15  34554.00 2 
 34163.29 4.3940e-15  34650.70 2 
 34258.73 3.9370e-15  34747.50 2 
 34354.07 4.2107e-15  34844.20 2 
 34449.51 4.4600e-15  34941.00 2 
 34544.95 3.9844e-15  35037.80 2 
 34640.29 4.0274e-15  35134.50 2 
 34735.73 4.1725e-15  35231.30 2 
 34831.17 4.1251e-15  35328.10 2 
 34926.50 3.8209e-15  35424.80 2 
 35021.94 3.8475e-15  35521.60 2 
 35117.28 3.6159e-15  35618.30 2 
 35212.72 3.7633e-15  35715.10 2 
 35308.16 3.6214e-15  35811.90 2 
 35403.50 3.9213e-15  35908.60 2 
 35498.94 3.7912e-15  36005.40 2 
 35594.37 3.6323e-15  36102.20 2 
 35689.71 3.5405e-15  36198.90 2 
 35785.15 3.3714e-15  36295.70 2 
 35880.49 3.7184e-15  36392.40 2 
 35975.93 3.6890e-15  36489.20 2 
 36071.37 3.2837e-15  36586.00 2 
 36166.71 3.4993e-15  36682.70 2 
 36262.15 3.5862e-15  36779.50 2 
 36357.59 3.4796e-15  36876.30 2 
 36452.93 3.3577e-15  36973.00 2 
 36548.37 3.3845e-15  37069.80 2 
 36739.14 3.4272e-15  37263.30 2 
 36834.58 3.5208e-15  37360.10 2 
 36929.92 3.2423e-15  37456.80 2 
 37025.36 3.2515e-15  37553.60 2 
 37120.80 3.3123e-15  37650.40 2 
 37216.14 3.4880e-15  37747.10 2 
 37311.57 3.3921e-15  37843.90 2 
 37406.92 3.2383e-15  37940.60 2 
 37502.35 3.3273e-15  38037.40 2 
 37597.79 2.9971e-15  38134.20 2 
 37693.13 3.3739e-15  38230.90 2 
 37788.57 2.9649e-15  38327.70 2 
 37884.01 3.2882e-15  38424.50 2 
 37979.35 2.9297e-15  38521.20 2 
 38074.79 3.1619e-15  38618.00 2 
 38170.13 3.2990e-15  38714.70 2 
 38265.57 3.1432e-15  38811.50 2 
 38361.00 3.0178e-15  38908.30 2 
 38456.34 2.8901e-15  39005.00 2 
 38551.78 2.9236e-15  39101.80 2 
 38647.22 3.0479e-15  39198.60 2 
 38742.56 2.9368e-15  39295.30 2 
 38838.00 2.8658e-15  39392.10 2 
 38933.34 2.9294e-15  39488.80 2 
 39028.78 2.8595e-15  39585.60 2 
 39219.56 2.8803e-15  39779.10 2 
 39315.00 2.7616e-15  39875.90 2 
 39410.43 2.6953e-15  39972.70 2 
 39601.21 2.8650e-15  40166.20 2 
 39696.65 2.7249e-15  40263.00 2 
 39791.99 2.8103e-15  40359.70 2 
 39887.43 2.7624e-15  40456.50 2 
 39982.77 2.8985e-15  40553.20 2 
 40078.20 2.6480e-15  40650.00 2 
 40173.64 3.0764e-15  40746.80 2 
 40268.98 3.2123e-15  40843.50 2 
 40364.42 3.1906e-15  40940.30 2 
 40459.76 3.1661e-15  41037.00 2 
 40555.20 3.1672e-15  41133.80 2 
 40650.64 2.8885e-15  41230.60 2 
 40745.98 2.7354e-15  41327.30 2 
 40936.86 2.2860e-15  41520.90 2 
 41032.19 2.2788e-15  41617.60 2 
 41127.63 2.3591e-15  41714.40 2 
 41223.07 2.1830e-15  41811.20 2 
 41318.41 2.2506e-15  41907.90 2 
 41413.85 2.2786e-15  42004.70 2 
 41509.19 2.3060e-15  42101.40 2 
 41604.63 2.4172e-15  42198.20 2 
 41700.07 2.4272e-15  42295.00 2 
 41795.40 2.4109e-15  42391.70 2 
 41890.84 2.3715e-15  42488.50 2 
 41986.19 2.2575e-15  42585.20 2 
 42081.62 2.2333e-15  42682.00 2 
 42177.06 2.1174e-15  42778.80 2 
 42272.40 2.1124e-15  42875.50 2 
 42367.83 2.1174e-15  42972.30 2 
 42463.28 2.1564e-15  43069.10 2 
 42558.61 1.8847e-15  43165.80 2 
 42654.06 1.9848e-15  43262.60 2 
 42749.49 2.0879e-15  43359.40 2 
 42844.83 2.0307e-15  43456.10 2 
 42940.27 2.1413e-15  43552.90 2 
 43035.61 2.3014e-15  43649.60 2 
 43131.05 2.3783e-15  43746.40 2 
 43226.49 2.2711e-15  43843.20 2 
 43321.83 2.0733e-15  43939.90 2 
 43417.27 2.2215e-15  44036.70 2 
 43512.61 2.0952e-15  44133.40 2 
 43608.04 2.0882e-15  44230.20 2 
 43703.48 2.1085e-15  44327.00 2 
 43798.82 2.1608e-15  44423.70 2 
 43894.26 2.0903e-15  44520.50 2 
 43989.70 2.0953e-15  44617.30 2 
 44085.03 1.8710e-15  44714.00 2 
 44180.48 1.6580e-15  44810.80 2 
 44275.91 1.8374e-15  44907.60 2 
 44371.26 1.7969e-15  45004.30 2 
 44466.69 1.4764e-15  45101.10 2 
 44562.03 1.7114e-15  45197.80 2 
 44657.47 1.8042e-15  45294.60 2 
 44752.91 1.7678e-15  45391.40 2 
 44848.25 1.6318e-15  45488.10 2 
 44943.69 1.6916e-15  45584.90 2 
 45039.03 1.4112e-15  45681.60 2 
 45134.47 1.4371e-15  45778.40 2 
 45229.91 1.6315e-15  45875.20 2 
 45325.24 1.7370e-15  45971.90 2 
 45420.69 1.3493e-15  46068.70 2 
 45516.12 1.5446e-15  46165.50 2 
 45611.46 1.4136e-15  46262.20 2 
 45706.90 1.5954e-15  46359.00 2 
 45802.33 1.3235e-15  46455.80 2 
 45897.68 1.3795e-15  46552.50 2 
 45993.11 1.3421e-15  46649.30 2 
 46088.46 1.5769e-15  46746.00 2 
 46183.90 1.3192e-15  46842.80 2 
 46279.33 1.5338e-15  46939.60 2 
 46374.67 1.5452e-15  47036.30 2 
 46470.11 1.8134e-15  47133.10 2 
 46565.55 1.6621e-15  47229.90 2 
 46660.89 1.9097e-15  47326.60 2 
 46756.33 1.7981e-15  47423.40 2 
 46851.66 1.9012e-15  47520.10 2 
 46947.11 1.7804e-15  47616.90 2 
 47042.54 1.6844e-15  47713.70 2 
 47137.89 1.7325e-15  47810.40 2 
 47328.76 1.5283e-15  48004.00 2 
 47424.10 1.5310e-15  48100.70 2 
 47519.54 1.1633e-15  48197.50 2 
 47614.88 1.4867e-15  48294.20 2 
 47710.32 1.3318e-15  48391.00 2 
 47805.76 1.6616e-15  48487.80 2 
 47901.10 1.3863e-15  48584.50 2 
 47996.53 1.4281e-15  48681.30 2 
 48091.87 1.3694e-15  48778.00 2 
 48187.31 1.5394e-15  48874.80 2 
 48282.75 1.3772e-15  48971.60 2 
 48378.09 1.5533e-15  49068.30 2 
 48473.53 1.5870e-15  49165.10 2 
 48568.97 1.6217e-15  49261.90 2 
 48664.31 1.1068e-15  49358.60 2 
 48760.73 1.3382e-15  49456.40 2 
 49248.33 1.4033e-15  49950.96 0 
 49740.82 1.4690e-15  50450.47 0 
 50238.22 1.5354e-15  50954.97 0 
 50740.61 1.6025e-15  51464.52 0 
 51248.01 1.6702e-15  51979.17 0 
 51760.49 1.7386e-15  52498.96 0 
 52278.10 1.8077e-15  53023.95 0 
 52607.18 1.8516e-15  53357.73 3 
 52912.67 1.9100e-15  53667.58 3 
 53218.18 2.0178e-15  53977.44 3 
 53523.67 2.1316e-15  54287.29 3 
 53829.16 1.6488e-15  54597.14 3 
 54134.66 1.0859e-15  54907.00 3 
 54440.15 1.6140e-15  55216.85 3 
 54745.64 1.4185e-15  55526.70 3 
 55051.14 1.5877e-15  55836.56 3 
 55356.64 2.0275e-15  56146.41 3 
 55662.14 1.4065e-15  56456.27 3 
 55967.63 1.6140e-15  56766.12 3 
 56273.13 1.9548e-15  57075.98 3 
 56578.62 2.1036e-15  57385.83 3 
 56884.11 1.9975e-15  57695.68 3 
 57189.60 1.9691e-15  58005.53 3 
 57495.11 1.9720e-15  58315.39 3 
 57800.61 1.6174e-15  58625.25 3 
 58106.10 1.7169e-15  58935.10 3 
 58411.59 1.6419e-15  59244.95 3 
 58717.09 1.6308e-15  59554.81 3 
 59022.58 1.8166e-15  59864.66 3 
 59328.07 1.9556e-15  60174.51 3 
 59633.58 2.0206e-15  60484.37 3 
 59939.07 2.2010e-15  60794.22 3 
 60244.56 2.5336e-15  61104.07 3 
 60550.07 2.4894e-15  61413.93 3 
 60855.56 2.4199e-15  61723.78 3 
 61161.04 2.9535e-15  62033.63 3 
 61466.55 4.0084e-15  62343.49 3 
 61772.04 5.6227e-15  62653.34 3 
 62077.53 6.5202e-15  62963.19 3 
 62383.03 6.2849e-15  63273.05 3 
 62688.53 5.2229e-15  63582.90 3 
 62994.03 4.4211e-15  63892.76 3 
 63299.52 3.9728e-15  64202.61 3 
 63605.00 3.1828e-15  64512.46 3 
 63910.51 2.9438e-15  64822.32 3 
 64216.00 2.5494e-15  65132.17 3 
 64521.49 2.4162e-15  65442.02 3 
 64827.00 2.2401e-15  65751.88 3 
 65132.48 2.1758e-15  66061.73 3 
 65437.97 2.1636e-15  66371.58 3 
 65743.48 2.1172e-15  66681.45 3 
 66048.97 2.1199e-15  66991.29 3 
 66354.46 2.2046e-15  67301.14 3 
 66659.96 1.8325e-15  67611.00 3 
 66965.46 2.0165e-15  67920.85 3 
 67270.96 2.2002e-15  68230.71 3 
 67576.45 2.1268e-15  68540.56 3 
 67881.94 2.0942e-15  68850.41 3 
 68187.44 2.1995e-15  69160.27 3 
 68492.93 2.1975e-15  69470.12 3 
 68798.43 2.2963e-15  69779.98 3 
 69103.92 2.4934e-15  70089.83 3 
 69409.42 2.7220e-15  70399.68 3 
 69714.92 3.1274e-15  70709.54 3 
 70020.41 3.4237e-15  71019.39 3 
 70325.90 2.7950e-15  71329.24 3 
 70631.40 2.8614e-15  71639.10 3 
 70936.89 2.8153e-15  71948.95 3 
 71242.40 2.7653e-15  72258.81 3 
 71547.88 2.8979e-15  72568.66 3 
 71853.38 3.0299e-15  72878.51 3 
 72158.88 3.1272e-15  73188.38 3 
 72464.37 3.1662e-15  73498.22 3 
 72769.86 3.2251e-15  73808.07 3 
 73075.36 3.4038e-15  74117.93 3 
 73380.86 3.3137e-15  74427.78 3 
 73686.35 3.6653e-15  74737.63 3 
 73991.84 4.5057e-15  75047.48 3 
 74277.35 4.2287e-15  75337.06 3 
 74297.34 4.5435e-15  75357.34 3 
 74602.84 4.9232e-15  75667.20 3 
 74889.54 5.3859e-15  75957.99 3 
 74908.33 5.3808e-15  75977.05 3 
 75501.75 6.2943e-15  76578.94 3 
 76113.96 6.8816e-15  77199.88 3 
 76726.17 6.6061e-15  77820.82 3 
 77338.37 6.3342e-15  78441.76 3 
 77950.59 6.2783e-15  79062.71 3 
 78562.79 5.9757e-15  79683.65 3 
 79175.00 5.1379e-15  80304.59 3 
 79787.21 4.4716e-15  80925.54 3 
 80399.42 3.8851e-15  81546.48 3 
 81011.62 3.4036e-15  82167.41 3 
 81623.83 3.0753e-15  82788.36 3 
 82236.04 2.9928e-15  83409.30 3 
 82848.25 2.8496e-15  84030.25 3 
 83460.46 2.8152e-15  84651.19 3 
 84072.67 2.8801e-15  85272.13 3 
 84684.87 2.9738e-15  85893.07 3 
 85297.09 2.9445e-15  86514.02 3 
 85909.29 3.1253e-15  87134.95 3 
 86521.50 2.8185e-15  87755.90 3 
 87133.71 2.3239e-15  88376.84 3 
 87745.91 1.9297e-15  88997.78 3 
 88358.11 1.5687e-15  89618.72 3 
 88970.32 1.2746e-15  90239.66 3 
 89582.53 1.1793e-15  90860.60 3 
 90194.75 1.0491e-15  91481.55 3 
 90806.95 9.4890e-16  92102.49 3 
 91419.16 8.6507e-16  92723.44 3 
 92031.37 7.8648e-16  93344.38 3 
 92643.57 7.6210e-16  93965.32 3 
 93255.78 6.9905e-16  94586.26 3 
 93867.98 6.5555e-16  95207.20 3 
 94480.20 6.5471e-16  95828.15 3 
 95092.40 6.3731e-16  96449.09 3 
 95704.61 6.8773e-16  97070.02 3 
 96316.82 9.0532e-16  97690.98 3 
 96929.04 8.0487e-16  98311.92 3 
 97541.24 6.8760e-16  98932.86 3 
 98153.45 6.2942e-16  99553.80 3 
 98765.61 6.6909e-16 100174.70 3 
 99377.87 5.7354e-16 100795.70 3 
 99990.04 5.5701e-16 101416.59 3 
100602.31 5.8519e-16 102037.60 3 
101214.47 6.0953e-16 102658.50 3 
101826.73 5.5070e-16 103279.49 3 
102438.91 5.1521e-16 103900.41 3 
103051.08 5.6154e-16 104521.30 3 
103663.33 6.2451e-16 105142.30 3 
104275.50 5.5671e-16 105763.20 3 
104887.77 6.5851e-16 106384.20 3 
105499.93 7.5127e-16 107005.10 3 
106112.10 7.4126e-16 107626.00 3 
106724.36 7.5977e-16 108247.00 3 
107336.54 7.7136e-16 108867.91 3 
107948.79 7.7566e-16 109488.90 3 
108560.96 8.2753e-16 110109.80 3 
109173.22 9.5415e-16 110730.80 3 
109785.39 1.1390e-15 111351.70 3 
110397.56 1.2532e-15 111972.60 3 
111009.82 1.4654e-15 112593.60 3 
111621.99 2.4329e-15 113214.50 3 
112234.25 3.4118e-15 113835.50 3 
112846.42 3.3265e-15 114456.40 3 
113458.68 2.7487e-15 115077.40 3 
114070.85 2.2267e-15 115698.30 3 
114683.01 1.8240e-15 116319.20 3 
115295.29 1.6123e-15 116940.20 3 
115907.45 1.4021e-15 117561.10 3 
116519.71 1.2870e-15 118182.09 3 
117131.87 1.2401e-15 118802.99 3 
117744.14 1.2222e-15 119424.00 3 
118356.31 1.2895e-15 120044.90 3 
118968.47 1.3649e-15 120665.80 3 
119580.75 1.4137e-15 121286.80 3 
120192.91 1.3957e-15 121907.70 3 
120805.17 1.3600e-15 122528.70 3 
121417.33 1.3136e-15 123149.59 3 
122029.51 1.2906e-15 123770.51 3 
122641.77 1.4703e-15 124391.50 3 
123253.93 1.5232e-15 125012.40 3 
123866.20 1.5101e-15 125633.40 3 
124478.37 1.5841e-15 126254.30 3 
125090.63 1.6671e-15 126875.30 3 
125702.80 1.7287e-15 127496.20 3 
126314.97 1.8121e-15 128117.10 3 
126927.23 1.9142e-15 128738.10 3 
127539.40 2.4161e-15 129359.00 3 
128151.66 3.0697e-15 129980.00 3 
128763.82 1.9853e-15 130600.90 3 
129375.99 1.2288e-15 131221.80 3 
129988.25 1.0930e-15 131842.80 3 
130600.43 9.7346e-16 132463.70 3 
131212.69 1.0180e-15 133084.70 3 
131824.85 1.0149e-15 133705.59 3 
132437.11 1.0030e-15 134326.59 3 
133049.29 9.8681e-16 134947.50 3 
133661.46 9.8029e-16 135568.41 3 
134273.72 9.8665e-16 136189.41 3 
134885.88 9.5202e-16 136810.30 3 
135498.14 9.4087e-16 137431.30 3 
136110.32 9.3857e-16 138052.20 3 
136722.58 8.9432e-16 138673.20 3 
137334.74 8.5965e-16 139294.09 3 
137946.91 8.3830e-16 139915.00 3 
138559.18 8.2958e-16 140536.00 3 
139171.35 8.6729e-16 141156.91 3 
139783.60 8.4710e-16 141777.89 3 
140395.77 8.5279e-16 142398.80 3 
141008.04 8.4617e-16 143019.80 3 
141620.21 8.3373e-16 143640.70 3 
142232.36 8.0915e-16 144261.59 3 
142844.64 7.6855e-16 144882.61 3 
143371.43 7.7685e-16 145416.91 3 
144275.42 7.3009e-16 146333.80 3 
145179.52 6.6441e-16 147250.80 3 
146083.53 6.8253e-16 148167.70 3 
146987.52 6.2308e-16 149084.59 3 
147891.53 6.3730e-16 150001.50 3 
148795.63 6.2815e-16 150918.50 3 
149699.64 6.3169e-16 151835.41 3 
150603.63 6.1697e-16 152752.30 3 
151507.74 6.2537e-16 153669.30 3 
152411.74 5.8163e-16 154586.20 3 
153315.74 6.1160e-16 155503.09 3 
154219.75 6.3543e-16 156420.00 3 
155123.85 7.0870e-16 157337.00 3 
156027.86 7.6654e-16 158253.91 3 
156931.85 6.7180e-16 159170.80 3 
157835.95 6.6761e-16 160087.80 3 
158739.96 6.6395e-16 161004.70 3 
159643.95 6.6133e-16 161921.59 3 
160548.05 6.6559e-16 162838.59 3 
161452.06 6.7232e-16 163755.50 3 
162356.06 7.0439e-16 164672.39 3 
163260.07 8.1110e-16 165589.30 3 
164164.18 9.9106e-16 166506.31 3 
165068.16 9.9516e-16 167423.19 3 
165972.17 8.9393e-16 168340.09 3 
166876.18 8.9179e-16 169257.00 3 
167780.28 8.9565e-16 170174.00 3 
168684.29 9.0028e-16 171090.91 3 
169588.30 1.0803e-15 172007.81 3 
170492.40 1.2698e-15 172924.81 3 
171396.39 1.0457e-15 173841.70 3 
172300.40 9.2179e-16 174758.61 3 
173204.50 9.2776e-16 175675.61 3 
174108.49 9.0547e-16 176592.50 3 
175012.50 8.0484e-16 177509.41 3 
175916.50 7.3436e-16 178426.30 3 
176820.60 7.1568e-16 179343.30 3 
177724.61 7.0774e-16 180260.20 3 
178628.60 7.4266e-16 181177.09 3 
179532.70 6.5548e-16 182094.09 3 
180436.71 6.1904e-16 183011.00 3 
181340.70 6.1612e-16 183927.89 3 
182244.80 6.0189e-16 184844.89 3 
183148.81 5.9254e-16 185761.80 3 
184052.82 6.0483e-16 186678.70 3 
184956.81 6.1513e-16 187595.59 3 
185860.92 6.4065e-16 188512.59 3 
186764.92 8.7571e-16 189429.50 3 
187668.92 8.9129e-16 190346.39 3 
188573.03 6.6036e-16 191263.41 3 
189477.04 6.3646e-16 192180.31 3 
190381.02 6.3351e-16 193097.19 3 
191285.03 6.1481e-16 194014.09 3 
192189.15 6.1292e-16 194931.11 3 
193093.14 6.3036e-16 195848.00 3 
193997.15 6.0240e-16 196764.91 3 
194901.25 6.1796e-16 197681.91 3 
195805.24 6.1088e-16 198598.80 3 
196709.25 6.3347e-16 199515.70 3 
197613.26 6.3155e-16 200432.61 3 
198517.36 6.2621e-16 201349.61 3 
199421.36 6.2428e-16 202266.50 3 
200325.36 6.4083e-16 203183.41 3 
201229.47 6.3574e-16 204100.41 3 
202661.04 5.9030e-16 205552.41 3 
204391.34 6.8742e-16 207307.39 3 
206122.64 6.5266e-16 209063.39 3 
207854.94 6.0988e-16 210820.41 3 
209588.10 6.7390e-16 212578.30 3 
211322.16 6.7540e-16 214337.09 3 
213057.20 6.1953e-16 216096.89 3 
214793.16 6.6299e-16 217857.61 3 
216530.06 7.2478e-16 219619.30 3 
218267.97 6.8244e-16 221382.00 3 
220006.76 6.4600e-16 223145.59 3 
221746.55 6.8314e-16 224910.20 3 
223487.21 7.2350e-16 226675.70 3 
225228.85 6.8824e-16 228442.19 3 
226971.49 6.6147e-16 230209.69 3 
228715.02 7.0164e-16 231978.09 3 
230459.53 7.3800e-16 233747.50 3 
232205.04 7.2763e-16 235517.91 3 
233951.42 7.0817e-16 237289.20 3 
235698.89 7.0653e-16 239061.61 3 
237447.15 7.5098e-16 240834.81 3 
239196.48 7.7322e-16 242609.09 3 
240946.82 7.5245e-16 244384.41 3 
242698.04 7.3441e-16 246160.61 3 
244450.23 7.5163e-16 247937.80 3 
246203.42 7.7064e-16 249716.00 3 
247957.48 7.8153e-16 251495.09 3 
249712.65 7.7886e-16 253275.30 3 
251468.70 7.8024e-16 255056.41 3 
253225.84 7.9208e-16 256838.61 3 
254983.83 8.0670e-16 258621.69 3 
256742.86 8.2792e-16 260405.81 3 
258502.85 8.6755e-16 262190.91 3 
260263.82 8.5942e-16 263977.00 3 
262025.77 8.3368e-16 265764.09 3 
263788.74 8.3028e-16 267552.22 3 
265552.67 8.2909e-16 269341.31 3 
267317.59 8.4848e-16 271131.41 3 
269083.49 8.5108e-16 272922.50 3 
270850.37 8.4499e-16 274714.59 3 
272618.37 8.4799e-16 276507.81 3 
274387.22 8.6137e-16 278301.91 3 
276157.07 8.7402e-16 280097.00 3 
277927.99 8.9891e-16 281893.19 3 
279699.93 8.9471e-16 283690.41 3 
281472.73 9.4293e-16 285488.50 3 
283246.61 9.2789e-16 287287.69 3 
285021.50 9.0695e-16 289087.91 3 
286797.48 9.0587e-16 290889.22 3 
288574.41 9.4164e-16 292691.50 3 
290352.26 9.3532e-16 294494.72 3 
292131.26 9.3623e-16 296299.09 3 
293911.18 9.4020e-16 298104.41 3 
295692.14 9.5106e-16 299910.78 3 
297474.12 9.3173e-16 301718.19 3 
299257.09 9.8272e-16 303526.59 3 
301041.14 9.7654e-16 305336.09 3 
302826.17 9.7712e-16 307146.59 3 
304612.19 9.8546e-16 308958.09 3 
306399.29 1.0114e-15 310770.69 3 
308187.50 1.0008e-15 312584.41 3 
309976.66 9.8855e-16 314399.09 3 
311766.84 1.0214e-15 316214.81 3 
313557.97 1.0662e-15 318031.50 3 
315350.30 1.0289e-15 319849.41 3 
317143.53 1.0490e-15 321668.22 3 
318937.90 1.0758e-15 323488.19 3 
320733.19 1.0462e-15 325309.09 3 
322529.66 1.1008e-15 327131.19 3 
324327.14 1.0838e-15 328954.31 3 
326125.54 1.0915e-15 330778.38 3 
327925.09 1.1051e-15 332603.59 3 
329725.71 1.0752e-15 334429.91 3 
331527.38 1.1395e-15 336257.28 3 
333330.10 1.2497e-15 338085.72 3 
335133.83 1.3709e-15 339915.19 3 
336938.58 1.0920e-15 341745.69 3 
338744.45 1.0898e-15 343577.31 3 
340551.48 1.0866e-15 345410.12 3 
342359.37 1.1742e-15 347243.81 3 
344168.47 1.1647e-15 349078.72 3 
