# An Atlas of Galaxy Spectral Energy Distributions from the Ultraviolet to the Mid-Infrared
# Brown et al. (2014)
# http://dx.doi.org/10.5072/03/529D3551F0117
# 
# Column 1 : Restframe Wavelength (Angstrom)
# Column 2 : Flux per unit wavelength (ergs/s/cm^2/Angstrom)
# Column 3 : Observed wavelength (Angstrom)
# Column 4 : Source (0 = model, 1 = Optical Spectrum, 2 = Akari, 3 = Spitzer IRS)
# 
   102.00 2.3361e-19    102.33 0 
   103.89 2.6822e-19    104.23 0 
   106.07 3.1659e-19    106.41 0 
   108.04 3.8062e-19    108.39 0 
   110.05 5.2904e-19    110.41 0 
   113.91 6.8943e-19    114.29 0 
   117.92 8.5210e-19    118.30 0 
   120.94 2.7957e-18    121.34 0 
   124.90 3.2998e-18    125.31 0 
   126.93 3.4953e-18    127.35 0 
   128.11 3.6517e-18    128.53 0 
   131.09 3.9309e-18    131.52 0 
   132.00 4.5341e-18    132.43 0 
   134.15 4.7369e-18    134.59 0 
   136.96 5.7344e-18    137.40 0 
   140.15 6.1163e-18    140.60 0 
   143.08 1.4638e-17    143.55 0 
   147.09 3.2321e-17    147.57 0 
   150.86 3.3923e-17    151.36 0 
   155.09 3.5933e-17    155.60 0 
   159.07 3.8238e-17    159.59 0 
   162.02 3.9856e-17    162.55 0 
   166.18 4.2608e-17    166.72 0 
   170.05 4.4719e-17    170.61 0 
   172.81 4.6504e-17    173.38 0 
   176.84 4.8584e-17    177.42 0 
   180.13 5.0175e-17    180.72 0 
   181.79 5.1462e-17    182.39 0 
   186.03 5.3517e-17    186.64 0 
   190.80 5.6298e-17    191.43 0 
   193.90 5.8276e-17    194.54 0 
   197.96 6.0324e-17    198.61 0 
   202.11 6.2732e-17    202.77 0 
   204.92 6.4341e-17    205.59 0 
   210.17 6.4341e-17    210.86 0 
   216.06 7.0225e-17    216.77 0 
   220.08 7.2693e-17    220.80 0 
   223.14 7.3534e-17    223.87 0 
   226.77 7.6294e-17    227.51 0 
   229.92 1.1521e-16    230.67 0 
   234.20 1.8901e-16    234.96 0 
   240.20 2.2829e-16    240.99 0 
   245.80 2.1355e-16    246.60 0 
   252.10 2.2207e-16    252.93 0 
   256.79 1.8471e-16    257.63 0 
   259.76 2.1110e-16    260.62 0 
   263.99 2.1902e-16    264.85 0 
   268.89 2.1602e-16    269.77 0 
   273.89 2.1256e-16    274.79 0 
   278.98 2.0917e-16    279.90 0 
   284.17 2.0677e-16    285.10 0 
   290.12 1.9520e-16    291.07 0 
   296.20 1.9565e-16    297.17 0 
   301.01 1.8988e-16    302.00 0 
   308.02 1.9032e-16    309.03 0 
   318.11 1.9076e-16    319.15 0 
   327.78 1.8858e-16    328.85 0 
   337.74 1.8471e-16    338.84 0 
   348.00 1.8176e-16    349.14 0 
   356.93 1.8901e-16    358.10 0 
   366.08 2.1013e-16    367.28 0 
   374.61 2.1503e-16    375.84 0 
   385.11 2.0488e-16    386.37 0 
   394.98 2.5089e-16    396.28 0 
   405.12 2.9614e-16    406.44 0 
   413.60 3.1586e-16    414.95 0 
   422.26 3.1878e-16    423.64 0 
   430.11 3.2998e-16    431.52 0 
   441.14 3.9764e-16    442.59 0 
   451.42 4.3802e-16    452.90 0 
   459.81 4.3300e-16    461.32 0 
   470.52 4.7587e-16    472.06 0 
   480.37 5.6168e-16    481.95 0 
   490.43 5.3888e-16    492.04 0 
   499.55 6.8311e-16    501.19 0 
   506.50 6.4490e-16    508.16 0 
   512.37 9.9424e-16    514.04 0 
   519.49 1.0151e-15    521.19 0 
   530.37 1.0244e-15    532.11 0 
   540.23 9.3431e-16    542.00 0 
   550.27 9.8286e-16    552.08 0 
   560.51 1.3197e-15    562.34 0 
   569.61 1.5399e-15    571.48 0 
   580.20 1.5940e-15    582.10 0 
   589.63 1.7278e-15    591.56 0 
   600.59 1.5794e-15    602.56 0 
   610.35 1.6014e-15    612.35 0 
   620.27 2.0917e-15    622.30 0 
   630.35 2.0868e-15    632.41 0 
   640.59 2.3686e-15    642.69 0 
   649.50 2.4015e-15    651.63 0 
   658.54 2.3094e-15    660.69 0 
   664.63 2.6332e-15    666.81 0 
   675.43 2.8542e-15    677.64 0 
   684.82 2.5911e-15    687.07 0 
   694.35 3.0725e-15    696.63 0 
   705.63 2.6515e-15    707.95 0 
   715.45 3.4001e-15    717.79 0 
   725.40 3.5358e-15    727.78 0 
   735.49 3.6517e-15    737.90 0 
   745.73 3.6685e-15    748.17 0 
   754.36 3.7540e-15    756.83 0 
   764.86 3.5034e-15    767.36 0 
   775.50 3.9764e-15    778.04 0 
   784.48 3.8062e-15    787.05 0 
   795.39 4.1447e-15    797.99 0 
   804.60 4.3300e-15    807.24 0 
   815.79 4.4411e-15    818.46 0 
   825.24 4.6184e-15    827.94 0 
   834.79 3.8326e-15    837.53 0 
   844.46 4.7151e-15    847.23 0 
   854.24 4.7369e-15    857.04 0 
   864.13 4.9830e-15    866.96 0 
   874.14 5.0991e-15    877.00 0 
   884.26 5.2058e-15    887.16 0 
   894.50 5.3148e-15    897.43 0 
   904.86 5.3026e-15    907.82 0 
   915.33 5.4012e-15    918.33 0 
   925.93 1.4672e-14    928.97 0 
   934.50 2.5497e-14    937.56 0 
   945.32 3.9218e-14    948.42 0 
   954.07 4.9487e-14    957.19 0 
   965.12 5.5143e-14    968.28 0 
   974.05 1.6576e-14    977.24 0 
   985.32 4.6397e-14    988.55 0 
   994.44 4.6611e-14    997.70 0 
  1005.96 6.1872e-14   1009.25 0 
  1015.27 6.0882e-14   1018.59 0 
  1024.66 3.3923e-14   1028.02 0 
  1034.14 4.8249e-14   1037.53 0 
  1046.12 7.6470e-14   1049.54 0 
  1055.80 7.4386e-14   1059.25 0 
  1065.56 6.1163e-14   1069.05 0 
  1075.42 6.9581e-14   1078.95 0 
  1085.37 5.8142e-14   1088.93 0 
  1095.42 7.1695e-14   1099.01 0 
  1105.55 6.8785e-14   1109.18 0 
  1115.78 6.6603e-14   1119.44 0 
  1126.11 5.9496e-14   1129.80 0 
  1133.91 7.2026e-14   1137.63 0 
  1144.40 6.6756e-14   1148.15 0 
  1154.99 6.8785e-14   1158.78 0 
  1165.68 6.9261e-14   1169.50 0 
  1173.76 4.8584e-14   1177.61 0 
  1184.62 6.6296e-14   1188.50 0 
  1195.58 5.1226e-14   1199.50 0 
  1203.87 4.1067e-14   1207.81 0 
  1215.01 3.0095e-14   1218.99 0 
  1226.25 4.9260e-14   1230.27 0 
  1234.75 6.5689e-14   1238.80 0 
  1246.18 6.9902e-14   1250.26 0 
  1254.81 6.7374e-14   1258.93 0 
  1266.43 6.1163e-14   1270.57 0 
  1275.20 7.2860e-14   1279.38 0 
  1284.04 7.5074e-14   1288.25 0 
  1295.92 6.2444e-14   1300.17 0 
  1304.91 6.1872e-14   1309.18 0 
  1313.95 7.3028e-14   1318.26 0 
  1326.11 6.9741e-14   1330.45 0 
  1335.30 6.3752e-14   1339.68 0 
  1344.56 7.1695e-14   1348.96 0 
  1353.88 6.9421e-14   1358.31 0 
  1366.41 6.3313e-14   1370.88 0 
  1375.88 6.4787e-14   1380.38 0 
  1385.41 6.4638e-14   1389.95 0 
  1395.02 5.3517e-14   1399.59 0 
  1404.69 5.3888e-14   1409.29 0 
  1414.42 6.0047e-14   1419.06 0 
  1424.23 5.9771e-14   1428.89 0 
  1434.10 6.0324e-14   1438.80 0 
  1440.72 6.2300e-14   1445.44 0 
  1447.37 6.2732e-14   1452.11 0 
  1454.05 6.0742e-14   1458.81 0 
  1464.13 5.6819e-14   1468.93 0 
  1474.28 5.6688e-14   1479.11 0 
  1484.50 5.7212e-14   1489.36 0 
  1494.79 5.7344e-14   1499.69 0 
  1505.15 5.4512e-14   1510.08 0 
  1512.10 4.9487e-14   1517.05 0 
  1515.58 5.1939e-14   1520.55 0 
  1526.09 5.0756e-14   1531.09 0 
  1536.67 4.4309e-14   1541.70 0 
  1543.76 4.4719e-14   1548.82 0 
  1554.46 4.3101e-14   1559.55 0 
  1565.24 4.5341e-14   1570.36 0 
  1576.08 4.8028e-14   1581.25 0 
  1583.36 4.9487e-14   1588.55 0 
  1594.33 5.0060e-14   1599.56 0 
  1605.39 4.8696e-14   1610.65 0 
  1616.51 4.8249e-14   1621.81 0 
  1623.98 4.6504e-14   1629.30 0 
  1635.23 4.8696e-14   1640.59 0 
  1646.57 4.8920e-14   1651.96 0 
  1654.17 4.6397e-14   1659.59 0 
  1665.63 4.9033e-14   1671.09 0 
  1673.32 4.4513e-14   1678.80 0 
  1677.18 4.9715e-14   1682.67 0 
  1684.92 5.0523e-14   1690.44 0 
  1696.60 4.7807e-14   1702.16 0 
  1704.43 4.6184e-14   1710.02 0 
  1716.25 4.3903e-14   1721.87 0 
  1724.17 4.3300e-14   1729.82 0 
  1736.12 4.5550e-14   1741.81 0 
  1744.13 4.4513e-14   1749.85 0 
  1756.22 4.6290e-14   1761.98 0 
  1764.33 4.3300e-14   1770.11 0 
  1776.56 4.3500e-14   1782.38 0 
  1784.76 4.4105e-14   1790.61 0 
  1793.00 4.5760e-14   1798.87 0 
  1805.43 4.5445e-14   1811.34 0 
  1813.76 4.2315e-14   1819.70 0 
  1826.33 4.2903e-14   1832.31 0 
  1834.76 4.1447e-14   1840.77 0 
  1843.23 3.8503e-14   1849.27 0 
  1856.01 3.8503e-14   1862.09 0 
  1864.57 3.9218e-14   1870.68 0 
  1873.18 4.1351e-14   1879.32 0 
  1886.16 3.8238e-14   1892.34 0 
  1894.87 3.6685e-14   1901.08 0 
  1903.62 3.8591e-14   1909.85 0 
  1916.81 3.7110e-14   1923.09 0 
  1925.66 3.6016e-14   1931.97 0 
  1934.55 3.7196e-14   1940.89 0 
  1943.48 3.8326e-14   1949.84 0 
  1956.95 3.5685e-14   1963.36 0 
  1965.98 3.8326e-14   1972.42 0 
  1975.06 3.9218e-14   1981.53 0 
  1984.17 3.7196e-14   1990.67 0 
  1993.33 3.6182e-14   1999.86 0 
  2007.15 3.6939e-14   2013.72 0 
  2016.41 3.6016e-14   2023.02 0 
  2025.72 3.7110e-14   2032.36 0 
  2035.07 3.5115e-14   2041.74 0 
  2044.46 3.5933e-14   2051.16 0 
  2053.90 3.3074e-14   2060.63 0 
  2063.38 3.3845e-14   2070.14 0 
  2072.91 3.6433e-14   2079.70 0 
  2077.68 3.4713e-14   2084.49 0 
  2087.28 3.5685e-14   2094.11 0 
  2096.91 3.3923e-14   2103.78 0 
  2106.59 3.4158e-14   2113.49 0 
  2116.31 3.4395e-14   2123.24 0 
  2126.08 3.4553e-14   2133.04 0 
  2135.89 3.2771e-14   2142.89 0 
  2145.75 3.2922e-14   2152.78 0 
  2155.66 3.3767e-14   2162.72 0 
  2165.61 3.2771e-14   2172.70 0 
  2175.60 3.2545e-14   2182.73 0 
  2185.65 3.1878e-14   2192.81 0 
  2195.73 3.2922e-14   2202.93 0 
  2205.87 3.2099e-14   2213.09 0 
  2216.05 3.0796e-14   2223.31 0 
  2226.28 3.0026e-14   2233.57 0 
  2236.56 3.1152e-14   2243.88 0 
  2246.88 3.0164e-14   2254.24 0 
  2257.25 2.9073e-14   2264.64 0 
  2262.45 2.9477e-14   2269.86 0 
  2272.90 2.9819e-14   2280.34 0 
  2283.39 3.0095e-14   2290.87 0 
  2293.93 2.8477e-14   2301.44 0 
  2304.52 2.8614e-14   2312.07 0 
  2315.15 2.7584e-14   2322.74 0 
  2325.84 2.3267e-14   2333.46 0 
  2336.57 2.6111e-14   2344.23 0 
  2347.36 2.5463e-14   2355.05 0 
  2352.77 2.6604e-14   2360.48 0 
  2363.63 2.5063e-14   2371.37 0 
  2374.54 2.5358e-14   2382.32 0 
  2385.50 2.3944e-14   2393.32 0 
  2396.51 2.4904e-14   2404.36 0 
  2407.57 2.4119e-14   2415.46 0 
  2413.12 2.4344e-14   2421.03 0 
  2424.26 2.5205e-14   2432.20 0 
  2435.45 2.4354e-14   2443.43 0 
  2446.69 2.5157e-14   2454.71 0 
  2452.33 2.4757e-14   2460.37 0 
  2463.65 2.4478e-14   2471.72 0 
  2475.02 2.3761e-14   2483.13 0 
  2486.45 2.3986e-14   2494.60 0 
  2492.18 2.1727e-14   2500.35 0 
  2503.68 2.4327e-14   2511.89 0 
  2515.24 2.2344e-14   2523.48 0 
  2526.85 2.2246e-14   2535.13 0 
  2532.68 2.2351e-14   2540.97 0 
  2544.37 2.1948e-14   2552.70 0 
  2556.11 2.2881e-14   2564.48 0 
  2567.91 2.2416e-14   2576.32 0 
  2573.83 2.3153e-14   2582.26 0 
  2585.71 2.2893e-14   2594.18 0 
  2597.64 2.2531e-14   2606.15 0 
  2603.63 2.1920e-14   2612.16 0 
  2615.65 2.1574e-14   2624.22 0 
  2627.72 2.2132e-14   2636.33 0 
  2633.78 2.2494e-14   2642.41 0 
  2645.94 2.3613e-14   2654.61 0 
  2652.04 2.3834e-14   2660.72 0 
  2664.28 2.2146e-14   2673.01 0 
  2676.58 2.2719e-14   2685.34 0 
  2682.75 2.2669e-14   2691.54 0 
  2695.13 2.1753e-14   2703.96 0 
  2707.57 2.2060e-14   2716.44 0 
  2713.81 2.1167e-14   2722.70 0 
  2726.34 2.1074e-14   2735.27 0 
  2732.62 2.1617e-14   2741.57 0 
  2745.24 1.9674e-14   2754.23 0 
  2757.91 1.9861e-14   2766.94 0 
  2764.26 2.0279e-14   2773.32 0 
  2777.02 2.0851e-14   2786.12 0 
  2783.43 1.9961e-14   2792.54 0 
  2796.27 1.7269e-14   2805.43 0 
  2802.72 1.8044e-14   2811.90 0 
  2815.66 2.0343e-14   2824.88 0 
  2822.15 2.0868e-14   2831.39 0 
  2835.17 2.0117e-14   2844.46 0 
  2848.26 1.9709e-14   2857.59 0 
  2854.83 1.9086e-14   2864.18 0 
  2868.00 2.0268e-14   2877.40 0 
  2874.61 2.0224e-14   2884.03 0 
  2887.88 2.0089e-14   2897.34 0 
  2894.54 1.9953e-14   2904.02 0 
  2907.90 2.0947e-14   2917.43 0 
  2928.06 2.0196e-14   2937.65 0 
  2948.35 1.9789e-14   2958.01 0 
  2968.79 1.9841e-14   2978.52 0 
  2989.37 1.9666e-14   2999.16 0 
  3010.09 1.9628e-14   3019.95 0 
  3030.96 1.9455e-14   3040.89 0 
  3051.97 1.9328e-14   3061.96 0 
  3073.12 1.9246e-14   3083.19 0 
  3087.30 1.9118e-14   3097.42 0 
  3108.71 1.9038e-14   3118.89 0 
  3130.25 1.8654e-14   3140.51 0 
  3151.95 1.8532e-14   3162.28 0 
  3166.50 1.8452e-14   3176.87 0 
  3188.45 1.7628e-14   3198.90 0 
  3210.55 1.7921e-14   3221.07 0 
  3232.80 1.7240e-14   3243.40 0 
  3247.73 1.7891e-14   3258.37 0 
  3270.24 1.8189e-14   3280.95 0 
  3292.91 1.7988e-14   3303.70 0 
  3308.11 1.7787e-14   3318.94 0 
  3323.38 1.7915e-14   3334.26 0 
  3331.04 1.7917e-14   3341.95 0 
  3338.72 1.7351e-14   3349.66 0 
  3346.41 1.7798e-14   3357.38 0 
  3354.13 1.7157e-14   3365.12 0 
  3361.86 1.7278e-14   3372.87 0 
  3369.61 1.7043e-14   3380.65 0 
  3377.38 1.6581e-14   3388.44 0 
  3385.16 1.7048e-14   3396.25 0 
  3392.97 1.7608e-14   3404.08 0 
  3400.79 1.8146e-14   3411.93 0 
  3408.63 1.6937e-14   3419.79 0 
  3416.49 1.7057e-14   3427.68 0 
  3424.36 1.7740e-14   3435.58 0 
  3432.25 1.8114e-14   3443.50 0 
  3440.17 1.7461e-14   3451.44 0 
  3448.10 1.6525e-14   3459.39 0 
  3456.05 1.6527e-14   3467.37 0 
  3464.01 1.5968e-14   3475.36 0 
  3472.00 1.6955e-14   3483.37 0 
  3480.00 1.5862e-14   3491.40 0 
  3488.02 1.6612e-14   3499.45 0 
  3496.07 1.6500e-14   3507.52 0 
  3504.12 1.6693e-14   3515.60 0 
  3512.20 1.6391e-14   3523.71 0 
  3520.30 1.6814e-14   3531.83 0 
  3528.41 1.5802e-14   3539.97 0 
  3536.55 1.6703e-14   3548.13 0 
  3544.70 1.7016e-14   3556.31 0 
  3552.87 1.7136e-14   3564.51 0 
  3561.06 1.6864e-14   3572.73 0 
  3569.27 1.5741e-14   3580.96 0 
  3577.50 1.5456e-14   3589.22 0 
  3585.75 1.4830e-14   3597.49 0 
  3594.01 1.5318e-14   3605.79 0 
  3602.30 1.6606e-14   3614.10 0 
  3610.60 1.5716e-14   3622.43 0 
  3618.92 1.6195e-14   3630.78 0 
  3623.13 1.5465e-14   3635.00 1 
  3625.87 1.7604e-14   3637.75 1 
  3628.61 1.7850e-14   3640.50 1 
  3631.35 1.5367e-14   3643.25 1 
  3634.09 1.6048e-14   3646.00 1 
  3636.84 1.6473e-14   3648.75 1 
  3639.58 1.5969e-14   3651.50 1 
  3642.32 1.5620e-14   3654.25 1 
  3645.06 1.6731e-14   3657.00 1 
  3647.80 1.6419e-14   3659.75 1 
  3650.54 1.4644e-14   3662.50 1 
  3653.28 1.4868e-14   3665.25 1 
  3656.02 1.5869e-14   3668.00 1 
  3658.76 1.6557e-14   3670.75 1 
  3661.50 1.7381e-14   3673.50 1 
  3664.25 1.5786e-14   3676.25 1 
  3666.99 1.6262e-14   3679.00 1 
  3669.73 1.6870e-14   3681.75 1 
  3672.47 1.6335e-14   3684.50 1 
  3675.21 1.6483e-14   3687.25 1 
  3677.95 1.6238e-14   3690.00 1 
  3680.69 1.6004e-14   3692.75 1 
  3683.43 1.7414e-14   3695.50 1 
  3686.17 1.6579e-14   3698.25 1 
  3688.92 1.5668e-14   3701.00 1 
  3691.66 1.5817e-14   3703.75 1 
  3694.40 1.6650e-14   3706.50 1 
  3697.14 1.6177e-14   3709.25 1 
  3699.88 1.6330e-14   3712.00 1 
  3702.62 1.5786e-14   3714.75 1 
  3705.36 1.4249e-14   3717.50 1 
  3708.10 1.5378e-14   3720.25 1 
  3710.84 1.6204e-14   3723.00 1 
  3713.58 1.7782e-14   3725.75 1 
  3716.33 1.8532e-14   3728.50 1 
  3719.07 2.2870e-14   3731.25 1 
  3721.81 3.9615e-14   3734.00 1 
  3724.55 6.6420e-14   3736.75 1 
  3727.29 8.5464e-14   3739.50 1 
  3730.03 7.6740e-14   3742.25 1 
  3732.77 5.1203e-14   3745.00 1 
  3735.51 2.9650e-14   3747.75 1 
  3738.25 2.0263e-14   3750.50 1 
  3740.99 1.8483e-14   3753.25 1 
  3743.74 1.6470e-14   3756.00 1 
  3746.48 1.6513e-14   3758.75 1 
  3749.22 1.4584e-14   3761.50 1 
  3751.96 1.7135e-14   3764.25 1 
  3754.70 1.6088e-14   3767.00 1 
  3757.44 1.6129e-14   3769.75 1 
  3760.18 1.6427e-14   3772.50 1 
  3762.92 1.7269e-14   3775.25 1 
  3765.66 1.7045e-14   3778.00 1 
  3768.40 1.6712e-14   3780.75 1 
  3771.15 1.6598e-14   3783.50 1 
  3773.89 1.8217e-14   3786.25 1 
  3776.63 1.8638e-14   3789.00 1 
  3779.37 1.9580e-14   3791.75 1 
  3782.11 1.9245e-14   3794.50 1 
  3784.85 1.8725e-14   3797.25 1 
  3787.59 1.8624e-14   3800.00 1 
  3790.33 1.7412e-14   3802.75 1 
  3793.07 1.8392e-14   3805.50 1 
  3795.81 1.8092e-14   3808.25 1 
  3798.56 1.6963e-14   3811.00 1 
  3801.30 1.9269e-14   3813.75 1 
  3804.04 1.9301e-14   3816.50 1 
  3806.78 1.8820e-14   3819.25 1 
  3809.52 1.8222e-14   3822.00 1 
  3812.26 1.8368e-14   3824.75 1 
  3815.00 1.9207e-14   3827.50 1 
  3817.74 1.8842e-14   3830.25 1 
  3820.48 1.8134e-14   3833.00 1 
  3823.23 1.8461e-14   3835.75 1 
  3825.97 1.6917e-14   3838.50 1 
  3828.71 1.6496e-14   3841.25 1 
  3831.45 1.6557e-14   3844.00 1 
  3834.19 1.5859e-14   3846.75 1 
  3836.93 1.5668e-14   3849.50 1 
  3839.67 1.7127e-14   3852.25 1 
  3842.41 1.7360e-14   3855.00 1 
  3845.15 1.9638e-14   3857.75 1 
  3847.89 1.8535e-14   3860.50 1 
  3850.64 1.9366e-14   3863.25 1 
  3853.38 1.9954e-14   3866.00 1 
  3856.12 1.9577e-14   3868.75 1 
  3858.86 1.9837e-14   3871.50 1 
  3861.60 2.1004e-14   3874.25 1 
  3864.34 2.1147e-14   3877.00 1 
  3867.08 2.1984e-14   3879.75 1 
  3869.82 2.2019e-14   3882.50 1 
  3872.56 2.1356e-14   3885.25 1 
  3875.30 1.9559e-14   3888.00 1 
  3878.05 1.9638e-14   3890.75 1 
  3880.79 1.8820e-14   3893.50 1 
  3883.53 1.8561e-14   3896.25 1 
  3886.27 2.1464e-14   3899.00 1 
  3889.01 2.0507e-14   3901.75 1 
  3891.75 2.0444e-14   3904.50 1 
  3894.49 1.9640e-14   3907.25 1 
  3897.23 1.7317e-14   3910.00 1 
  3899.97 2.0094e-14   3912.75 1 
  3902.71 1.9609e-14   3915.50 1 
  3905.46 2.0893e-14   3918.25 1 
  3908.20 1.9437e-14   3921.00 1 
  3910.94 2.0344e-14   3923.75 1 
  3913.68 2.0681e-14   3926.50 1 
  3916.42 1.9834e-14   3929.25 1 
  3919.16 1.9612e-14   3932.00 1 
  3921.90 1.9598e-14   3934.75 1 
  3924.64 1.7736e-14   3937.50 1 
  3927.38 1.7578e-14   3940.25 1 
  3930.12 1.5591e-14   3943.00 1 
  3932.87 1.5635e-14   3945.75 1 
  3935.61 1.6601e-14   3948.50 1 
  3938.35 1.7357e-14   3951.25 1 
  3941.09 1.8128e-14   3954.00 1 
  3943.83 1.9130e-14   3956.75 1 
  3946.57 1.9094e-14   3959.50 1 
  3949.31 1.9328e-14   3962.25 1 
  3952.05 1.8228e-14   3965.00 1 
  3954.79 1.8836e-14   3967.75 1 
  3957.54 1.8495e-14   3970.50 1 
  3960.28 1.7294e-14   3973.25 1 
  3963.02 1.6484e-14   3976.00 1 
  3965.76 1.6321e-14   3978.75 1 
  3968.50 1.9295e-14   3981.50 1 
  3971.24 1.8948e-14   3984.25 1 
  3973.98 1.7910e-14   3987.00 1 
  3976.72 1.7674e-14   3989.75 1 
  3979.46 1.8653e-14   3992.50 1 
  3982.20 1.9568e-14   3995.25 1 
  3984.95 2.0353e-14   3998.00 1 
  3987.69 2.0056e-14   4000.75 1 
  3990.43 2.1413e-14   4003.50 1 
  3993.17 2.0886e-14   4006.25 1 
  3995.91 2.1176e-14   4009.00 1 
  3998.65 2.0564e-14   4011.75 1 
  4001.39 2.1574e-14   4014.50 1 
  4004.13 2.2260e-14   4017.25 1 
  4006.87 2.1592e-14   4020.00 1 
  4009.61 2.1319e-14   4022.75 1 
  4012.36 2.2368e-14   4025.50 1 
  4015.10 2.1887e-14   4028.25 1 
  4017.84 2.1605e-14   4031.00 1 
  4020.58 2.1967e-14   4033.75 1 
  4023.32 2.1637e-14   4036.50 1 
  4026.06 2.1317e-14   4039.25 1 
  4028.80 2.0166e-14   4042.00 1 
  4031.54 2.0747e-14   4044.75 1 
  4034.28 2.1518e-14   4047.50 1 
  4037.02 2.2341e-14   4050.25 1 
  4039.77 2.1557e-14   4053.00 1 
  4042.51 2.1114e-14   4055.75 1 
  4045.25 2.1124e-14   4058.50 1 
  4047.99 2.0902e-14   4061.25 1 
  4050.73 2.1323e-14   4064.00 1 
  4053.47 2.2482e-14   4066.75 1 
  4056.21 2.1607e-14   4069.50 1 
  4058.95 2.0903e-14   4072.25 1 
  4061.69 1.9882e-14   4075.00 1 
  4064.43 2.0470e-14   4077.75 1 
  4067.18 2.1316e-14   4080.50 1 
  4069.92 2.1316e-14   4083.25 1 
  4072.66 2.0630e-14   4086.00 1 
  4075.40 2.0965e-14   4088.75 1 
  4078.14 2.0512e-14   4091.50 1 
  4080.88 2.0667e-14   4094.25 1 
  4083.62 2.0665e-14   4097.00 1 
  4086.36 2.1268e-14   4099.75 1 
  4089.10 2.0334e-14   4102.50 1 
  4091.85 1.9728e-14   4105.25 1 
  4094.59 2.0619e-14   4108.00 1 
  4097.33 2.2106e-14   4110.75 1 
  4100.07 2.3764e-14   4113.50 1 
  4102.81 2.3274e-14   4116.25 1 
  4105.55 2.1165e-14   4119.00 1 
  4108.29 1.9966e-14   4121.75 1 
  4111.03 1.9563e-14   4124.50 1 
  4113.77 2.0207e-14   4127.25 1 
  4116.51 2.0916e-14   4130.00 1 
  4119.26 2.0727e-14   4132.75 1 
  4122.00 2.0211e-14   4135.50 1 
  4124.74 2.0607e-14   4138.25 1 
  4127.48 2.0960e-14   4141.00 1 
  4130.22 1.9827e-14   4143.75 1 
  4132.96 2.0115e-14   4146.50 1 
  4135.70 2.1088e-14   4149.25 1 
  4138.44 2.1099e-14   4152.00 1 
  4141.18 2.0622e-14   4154.75 1 
  4143.92 2.0572e-14   4157.50 1 
  4146.67 2.1213e-14   4160.25 1 
  4149.41 2.1156e-14   4163.00 1 
  4152.15 2.0978e-14   4165.75 1 
  4154.89 2.0707e-14   4168.50 1 
  4157.63 2.0582e-14   4171.25 1 
  4160.37 2.0062e-14   4174.00 1 
  4163.11 2.0873e-14   4176.75 1 
  4165.85 2.1252e-14   4179.50 1 
  4168.59 2.0511e-14   4182.25 1 
  4171.33 1.9395e-14   4185.00 1 
  4174.08 1.9726e-14   4187.75 1 
  4176.82 1.9880e-14   4190.50 1 
  4179.56 1.9667e-14   4193.25 1 
  4182.30 1.9942e-14   4196.00 1 
  4185.04 2.1020e-14   4198.75 1 
  4187.78 2.0832e-14   4201.50 1 
  4190.52 1.9967e-14   4204.25 1 
  4193.26 1.9659e-14   4207.00 1 
  4196.00 2.0620e-14   4209.75 1 
  4198.74 2.0415e-14   4212.50 1 
  4201.49 2.0331e-14   4215.25 1 
  4204.23 2.0830e-14   4218.00 1 
  4206.97 2.0872e-14   4220.75 1 
  4209.71 2.0588e-14   4223.50 1 
  4212.45 2.0026e-14   4226.25 1 
  4215.19 2.0230e-14   4229.00 1 
  4217.93 1.9757e-14   4231.75 1 
  4220.67 2.0331e-14   4234.50 1 
  4223.41 1.9310e-14   4237.25 1 
  4226.16 2.0049e-14   4240.00 1 
  4228.90 1.9426e-14   4242.75 1 
  4231.64 1.9862e-14   4245.50 1 
  4234.38 2.0128e-14   4248.25 1 
  4237.12 2.0448e-14   4251.00 1 
  4239.86 2.0655e-14   4253.75 1 
  4242.60 2.0206e-14   4256.50 1 
  4245.34 2.0712e-14   4259.25 1 
  4248.08 1.9532e-14   4262.00 1 
  4250.82 2.0089e-14   4264.75 1 
  4253.57 2.0203e-14   4267.50 1 
  4256.31 1.9892e-14   4270.25 1 
  4259.05 2.0111e-14   4273.00 1 
  4261.79 2.0648e-14   4275.75 1 
  4264.53 2.0133e-14   4278.50 1 
  4267.27 2.0262e-14   4281.25 1 
  4270.01 1.9646e-14   4284.00 1 
  4272.75 1.9991e-14   4286.75 1 
  4275.49 1.9296e-14   4289.50 1 
  4278.23 1.9547e-14   4292.25 1 
  4280.98 1.9929e-14   4295.00 1 
  4283.72 1.9877e-14   4297.75 1 
  4286.46 1.9819e-14   4300.50 1 
  4289.20 1.9133e-14   4303.25 1 
  4291.94 1.9358e-14   4306.00 1 
  4294.68 1.9202e-14   4308.75 1 
  4297.42 1.8546e-14   4311.50 1 
  4300.16 1.8728e-14   4314.25 1 
  4302.90 1.7736e-14   4317.00 1 
  4305.64 1.8486e-14   4319.75 1 
  4308.39 1.8172e-14   4322.50 1 
  4311.13 1.8737e-14   4325.25 1 
  4313.87 1.9321e-14   4328.00 1 
  4316.61 1.9298e-14   4330.75 1 
  4319.35 1.9668e-14   4333.50 1 
  4322.09 2.0118e-14   4336.25 1 
  4324.83 1.8289e-14   4339.00 1 
  4327.57 1.8524e-14   4341.75 1 
  4330.31 1.9186e-14   4344.50 1 
  4333.05 2.0013e-14   4347.25 1 
  4335.80 2.3979e-14   4350.00 1 
  4338.54 2.9312e-14   4352.75 1 
  4341.28 3.0028e-14   4355.50 1 
  4344.02 2.4536e-14   4358.25 1 
  4346.76 2.1014e-14   4361.00 1 
  4349.50 1.8542e-14   4363.75 1 
  4352.24 1.9814e-14   4366.50 1 
  4354.98 1.9561e-14   4369.25 1 
  4357.72 1.9810e-14   4372.00 1 
  4360.47 2.0293e-14   4374.75 1 
  4363.21 2.0380e-14   4377.50 1 
  4365.95 2.0380e-14   4380.25 1 
  4368.69 2.0385e-14   4383.00 1 
  4371.43 1.9156e-14   4385.75 1 
  4374.17 1.9511e-14   4388.50 1 
  4376.91 1.9434e-14   4391.25 1 
  4379.65 2.0045e-14   4394.00 1 
  4382.39 1.9020e-14   4396.75 1 
  4385.13 1.8607e-14   4399.50 1 
  4387.88 1.8547e-14   4402.25 1 
  4390.62 1.8897e-14   4405.00 1 
  4393.36 1.9618e-14   4407.75 1 
  4396.10 2.0108e-14   4410.50 1 
  4398.84 1.9550e-14   4413.25 1 
  4401.58 1.9368e-14   4416.00 1 
  4404.32 1.8744e-14   4418.75 1 
  4407.06 1.7701e-14   4421.50 1 
  4409.80 1.9476e-14   4424.25 1 
  4412.54 2.0617e-14   4427.00 1 
  4415.29 1.9455e-14   4429.75 1 
  4418.03 2.0111e-14   4432.50 1 
  4420.77 2.0002e-14   4435.25 1 
  4423.51 1.9777e-14   4438.00 1 
  4426.25 1.9540e-14   4440.75 1 
  4428.99 1.9609e-14   4443.50 1 
  4431.73 1.9847e-14   4446.25 1 
  4434.47 1.9996e-14   4449.00 1 
  4437.21 2.0131e-14   4451.75 1 
  4439.95 1.9696e-14   4454.50 1 
  4442.70 1.9801e-14   4457.25 1 
  4445.44 2.0236e-14   4460.00 1 
  4448.18 2.0340e-14   4462.75 1 
  4450.92 2.0416e-14   4465.50 1 
  4453.66 1.9667e-14   4468.25 1 
  4456.40 2.0466e-14   4471.00 1 
  4459.14 1.9385e-14   4473.75 1 
  4461.88 1.9011e-14   4476.50 1 
  4464.62 2.0461e-14   4479.25 1 
  4467.36 2.0952e-14   4482.00 1 
  4470.11 2.0419e-14   4484.75 1 
  4472.85 2.1124e-14   4487.50 1 
  4475.59 2.1161e-14   4490.25 1 
  4478.33 2.0922e-14   4493.00 1 
  4481.07 2.0587e-14   4495.75 1 
  4483.81 2.0263e-14   4498.50 1 
  4486.55 2.0567e-14   4501.25 1 
  4489.29 1.9730e-14   4504.00 1 
  4492.03 2.0367e-14   4506.75 1 
  4494.78 2.0535e-14   4509.50 1 
  4497.52 2.0867e-14   4512.25 1 
  4500.26 2.0076e-14   4515.00 1 
  4503.00 2.0853e-14   4517.75 1 
  4505.74 2.1023e-14   4520.50 1 
  4508.48 2.1504e-14   4523.25 1 
  4511.22 2.1397e-14   4526.00 1 
  4513.96 2.0280e-14   4528.75 1 
  4516.70 2.0341e-14   4531.50 1 
  4519.44 2.1062e-14   4534.25 1 
  4522.19 2.0187e-14   4537.00 1 
  4524.93 2.0055e-14   4539.75 1 
  4527.67 1.9909e-14   4542.50 1 
  4530.41 1.9649e-14   4545.25 1 
  4533.15 2.0260e-14   4548.00 1 
  4535.89 1.9437e-14   4550.75 1 
  4538.63 2.0744e-14   4553.50 1 
  4541.37 1.9839e-14   4556.25 1 
  4544.11 2.0726e-14   4559.00 1 
  4546.85 2.0373e-14   4561.75 1 
  4549.60 2.0110e-14   4564.50 1 
  4552.34 1.9829e-14   4567.25 1 
  4555.08 1.9843e-14   4570.00 1 
  4557.82 2.1024e-14   4572.75 1 
  4560.56 2.0818e-14   4575.50 1 
  4563.30 2.0773e-14   4578.25 1 
  4566.04 2.0734e-14   4581.00 1 
  4568.78 2.1532e-14   4583.75 1 
  4571.52 2.1176e-14   4586.50 1 
  4574.26 2.0513e-14   4589.25 1 
  4577.01 2.0578e-14   4592.00 1 
  4579.75 2.0470e-14   4594.75 1 
  4582.49 2.0503e-14   4597.50 1 
  4585.23 2.0079e-14   4600.25 1 
  4587.97 1.9945e-14   4603.00 1 
  4590.71 1.9961e-14   4605.75 1 
  4593.45 2.0630e-14   4608.50 1 
  4596.19 2.0492e-14   4611.25 1 
  4598.93 2.0172e-14   4614.00 1 
  4601.67 2.0161e-14   4616.75 1 
  4604.42 2.1064e-14   4619.50 1 
  4607.16 2.0957e-14   4622.25 1 
  4609.90 2.0760e-14   4625.00 1 
  4612.64 2.0693e-14   4627.75 1 
  4615.38 2.1324e-14   4630.50 1 
  4618.12 2.1179e-14   4633.25 1 
  4620.86 2.0913e-14   4636.00 1 
  4623.60 2.0659e-14   4638.75 1 
  4626.34 2.0256e-14   4641.50 1 
  4629.09 2.1163e-14   4644.25 1 
  4631.83 2.0854e-14   4647.00 1 
  4634.57 2.1195e-14   4649.75 1 
  4637.31 2.1238e-14   4652.50 1 
  4640.05 2.1633e-14   4655.25 1 
  4642.79 2.0591e-14   4658.00 1 
  4645.53 2.0287e-14   4660.75 1 
  4648.27 2.0419e-14   4663.50 1 
  4651.01 2.1263e-14   4666.25 1 
  4653.75 2.0949e-14   4669.00 1 
  4656.50 2.0847e-14   4671.75 1 
  4659.24 2.1040e-14   4674.50 1 
  4661.98 2.0453e-14   4677.25 1 
  4664.72 2.0123e-14   4680.00 1 
  4667.46 2.0158e-14   4682.75 1 
  4670.20 2.0272e-14   4685.50 1 
  4672.94 2.0767e-14   4688.25 1 
  4675.68 2.0584e-14   4691.00 1 
  4678.42 2.0741e-14   4693.75 1 
  4681.16 2.0374e-14   4696.50 1 
  4683.91 2.0560e-14   4699.25 1 
  4686.65 2.0521e-14   4702.00 1 
  4689.39 2.0204e-14   4704.75 1 
  4692.13 2.0235e-14   4707.50 1 
  4694.87 2.0326e-14   4710.25 1 
  4697.61 2.0019e-14   4713.00 1 
  4700.35 1.9622e-14   4715.75 1 
  4703.09 2.0163e-14   4718.50 1 
  4705.83 2.0213e-14   4721.25 1 
  4708.57 2.0279e-14   4724.00 1 
  4711.32 2.0329e-14   4726.75 1 
  4714.06 1.9919e-14   4729.50 1 
  4716.80 2.0694e-14   4732.25 1 
  4719.54 1.9600e-14   4735.00 1 
  4722.28 2.0281e-14   4737.75 1 
  4725.02 1.9780e-14   4740.50 1 
  4727.76 1.9845e-14   4743.25 1 
  4730.50 1.9925e-14   4746.00 1 
  4733.24 1.9668e-14   4748.75 1 
  4735.98 1.9567e-14   4751.50 1 
  4738.73 2.0550e-14   4754.25 1 
  4741.47 1.9898e-14   4757.00 1 
  4744.21 2.0358e-14   4759.75 1 
  4746.95 2.0827e-14   4762.50 1 
  4749.69 2.0440e-14   4765.25 1 
  4752.43 2.0768e-14   4768.00 1 
  4755.17 1.9624e-14   4770.75 1 
  4757.91 2.0032e-14   4773.50 1 
  4760.65 1.9359e-14   4776.25 1 
  4763.40 1.9397e-14   4779.00 1 
  4766.14 1.9839e-14   4781.75 1 
  4768.88 1.9164e-14   4784.50 1 
  4771.62 1.9978e-14   4787.25 1 
  4774.36 1.9405e-14   4790.00 1 
  4777.10 2.0095e-14   4792.75 1 
  4779.84 2.0143e-14   4795.50 1 
  4782.58 1.9442e-14   4798.25 1 
  4785.32 1.9704e-14   4801.00 1 
  4788.06 1.9792e-14   4803.75 1 
  4790.81 2.0036e-14   4806.50 1 
  4793.55 1.9861e-14   4809.25 1 
  4796.29 1.9175e-14   4812.00 1 
  4799.03 1.9297e-14   4814.75 1 
  4801.77 1.9317e-14   4817.50 1 
  4804.51 1.9788e-14   4820.25 1 
  4807.25 1.9960e-14   4823.00 1 
  4809.99 1.9669e-14   4825.75 1 
  4812.73 2.0084e-14   4828.50 1 
  4815.47 2.0133e-14   4831.25 1 
  4818.22 1.9765e-14   4834.00 1 
  4820.96 1.9441e-14   4836.75 1 
  4823.70 2.0061e-14   4839.50 1 
  4826.44 1.9309e-14   4842.25 1 
  4829.18 1.9233e-14   4845.00 1 
  4831.92 1.9627e-14   4847.75 1 
  4834.66 1.9086e-14   4850.50 1 
  4837.40 1.9558e-14   4853.25 1 
  4840.14 1.9222e-14   4856.00 1 
  4842.88 1.8895e-14   4858.75 1 
  4845.63 1.8659e-14   4861.50 1 
  4848.37 1.8685e-14   4864.25 1 
  4851.11 1.9621e-14   4867.00 1 
  4853.85 2.3233e-14   4869.75 1 
  4856.59 3.2338e-14   4872.50 1 
  4859.33 4.3362e-14   4875.25 1 
  4862.07 4.6391e-14   4878.00 1 
  4864.81 3.6144e-14   4880.75 1 
  4867.55 2.4719e-14   4883.50 1 
  4870.29 1.9394e-14   4886.25 1 
  4873.04 1.7847e-14   4889.00 1 
  4875.78 1.8273e-14   4891.75 1 
  4878.52 1.8257e-14   4894.50 1 
  4881.26 1.7941e-14   4897.25 1 
  4884.00 1.8382e-14   4900.00 1 
  4886.74 1.8561e-14   4902.75 1 
  4889.48 1.8347e-14   4905.50 1 
  4892.22 1.8800e-14   4908.25 1 
  4894.96 1.9610e-14   4911.00 1 
  4897.71 1.9921e-14   4913.75 1 
  4900.45 1.9102e-14   4916.50 1 
  4903.19 1.8910e-14   4919.25 1 
  4905.93 1.8880e-14   4922.00 1 
  4908.67 1.9070e-14   4924.75 1 
  4911.41 1.9017e-14   4927.50 1 
  4914.15 1.8730e-14   4930.25 1 
  4916.89 1.8613e-14   4933.00 1 
  4919.63 1.8556e-14   4935.75 1 
  4922.37 1.9442e-14   4938.50 1 
  4925.12 2.0199e-14   4941.25 1 
  4927.86 2.0262e-14   4944.00 1 
  4930.60 2.0086e-14   4946.75 1 
  4933.34 1.9029e-14   4949.50 1 
  4936.08 1.8688e-14   4952.25 1 
  4938.82 1.9160e-14   4955.00 1 
  4941.56 1.8990e-14   4957.75 1 
  4944.30 1.8958e-14   4960.50 1 
  4947.04 1.9756e-14   4963.25 1 
  4949.78 2.0483e-14   4966.00 1 
  4952.53 2.2679e-14   4968.75 1 
  4955.27 2.8102e-14   4971.50 1 
  4958.01 3.2026e-14   4974.25 1 
  4960.75 3.1016e-14   4977.00 1 
  4963.49 2.5962e-14   4979.75 1 
  4966.23 2.1360e-14   4982.50 1 
  4968.97 1.9776e-14   4985.25 1 
  4971.71 1.9536e-14   4988.00 1 
  4974.45 1.9718e-14   4990.75 1 
  4977.19 1.9301e-14   4993.50 1 
  4979.94 1.9210e-14   4996.25 1 
  4982.68 1.9497e-14   4999.00 1 
  4985.42 1.9651e-14   5001.75 1 
  4988.16 1.9316e-14   5004.50 1 
  4990.90 1.9278e-14   5007.25 1 
  4993.64 1.9334e-14   5010.00 1 
  4996.38 2.0239e-14   5012.75 1 
  4999.12 2.4140e-14   5015.50 1 
  5001.86 3.6344e-14   5018.25 1 
  5004.60 5.2896e-14   5021.00 1 
  5007.35 5.8715e-14   5023.75 1 
  5010.09 4.6758e-14   5026.50 1 
  5012.83 3.0237e-14   5029.25 1 
  5015.57 2.2020e-14   5032.00 1 
  5018.31 2.0440e-14   5034.75 1 
  5021.05 2.1627e-14   5037.50 1 
  5023.79 2.0454e-14   5040.25 1 
  5026.53 1.9061e-14   5043.00 1 
  5029.27 1.8666e-14   5045.75 1 
  5032.02 1.8712e-14   5048.50 1 
  5034.76 1.8906e-14   5051.25 1 
  5037.50 1.8400e-14   5054.00 1 
  5040.24 1.8341e-14   5056.75 1 
  5042.98 1.8728e-14   5059.50 1 
  5045.72 1.8653e-14   5062.25 1 
  5048.46 1.8772e-14   5065.00 1 
  5051.20 1.9143e-14   5067.75 1 
  5053.94 1.8850e-14   5070.50 1 
  5056.68 1.9482e-14   5073.25 1 
  5059.43 1.8812e-14   5076.00 1 
  5062.17 1.8874e-14   5078.75 1 
  5064.91 1.8920e-14   5081.50 1 
  5067.65 1.8774e-14   5084.25 1 
  5070.39 1.8580e-14   5087.00 1 
  5073.13 1.8705e-14   5089.75 1 
  5075.87 1.8167e-14   5092.50 1 
  5078.61 1.8216e-14   5095.25 1 
  5081.35 1.8144e-14   5098.00 1 
  5084.09 1.8223e-14   5100.75 1 
  5086.84 1.8400e-14   5103.50 1 
  5089.58 1.8252e-14   5106.25 1 
  5092.32 1.8369e-14   5109.00 1 
  5095.06 1.8338e-14   5111.75 1 
  5097.80 1.8066e-14   5114.50 1 
  5100.54 1.8247e-14   5117.25 1 
  5103.28 1.8533e-14   5120.00 1 
  5106.02 1.8392e-14   5122.75 1 
  5108.76 1.8004e-14   5125.50 1 
  5111.50 1.8261e-14   5128.25 1 
  5114.25 1.8859e-14   5131.00 1 
  5116.99 1.8476e-14   5133.75 1 
  5119.73 1.7792e-14   5136.50 1 
  5122.47 1.7336e-14   5139.25 1 
  5125.21 1.7706e-14   5142.00 1 
  5127.95 1.7949e-14   5144.75 1 
  5130.69 1.8081e-14   5147.50 1 
  5133.43 1.7652e-14   5150.25 1 
  5136.17 1.7521e-14   5153.00 1 
  5138.91 1.8075e-14   5155.75 1 
  5141.66 1.7765e-14   5158.50 1 
  5144.40 1.7718e-14   5161.25 1 
  5147.14 1.7660e-14   5164.00 1 
  5149.88 1.7561e-14   5166.75 1 
  5152.62 1.7511e-14   5169.50 1 
  5155.36 1.7901e-14   5172.25 1 
  5158.10 1.8270e-14   5175.00 1 
  5160.84 1.8007e-14   5177.75 1 
  5163.58 1.7452e-14   5180.50 1 
  5166.33 1.6542e-14   5183.25 1 
  5169.07 1.6111e-14   5186.00 1 
  5171.81 1.6270e-14   5188.75 1 
  5174.55 1.7007e-14   5191.50 1 
  5177.29 1.7170e-14   5194.25 1 
  5180.03 1.6720e-14   5197.00 1 
  5182.77 1.6996e-14   5199.75 1 
  5185.51 1.6798e-14   5202.50 1 
  5188.25 1.6528e-14   5205.25 1 
  5190.99 1.6950e-14   5208.00 1 
  5193.74 1.7521e-14   5210.75 1 
  5196.48 1.7609e-14   5213.50 1 
  5199.22 1.8138e-14   5216.25 1 
  5201.96 1.8305e-14   5219.00 1 
  5204.70 1.7537e-14   5221.75 1 
  5207.44 1.7501e-14   5224.50 1 
  5210.18 1.7805e-14   5227.25 1 
  5212.92 1.7611e-14   5230.00 1 
  5215.66 1.7467e-14   5232.75 1 
  5218.40 1.7823e-14   5235.50 1 
  5221.15 1.7355e-14   5238.25 1 
  5223.89 1.7592e-14   5241.00 1 
  5226.63 1.7374e-14   5243.75 1 
  5229.37 1.7267e-14   5246.50 1 
  5232.11 1.7343e-14   5249.25 1 
  5234.85 1.7777e-14   5252.00 1 
  5237.59 1.7958e-14   5254.75 1 
  5240.33 1.8575e-14   5257.50 1 
  5243.07 1.8158e-14   5260.25 1 
  5245.81 1.8064e-14   5263.00 1 
  5248.56 1.7576e-14   5265.75 1 
  5251.30 1.6909e-14   5268.50 1 
  5254.04 1.7610e-14   5271.25 1 
  5256.78 1.7849e-14   5274.00 1 
  5259.52 1.7342e-14   5276.75 1 
  5262.26 1.7270e-14   5279.50 1 
  5265.00 1.7318e-14   5282.25 1 
  5267.74 1.7260e-14   5285.00 1 
  5270.48 1.6665e-14   5287.75 1 
  5273.22 1.6849e-14   5290.50 1 
  5275.97 1.7304e-14   5293.25 1 
  5278.71 1.7343e-14   5296.00 1 
  5281.45 1.7818e-14   5298.75 1 
  5284.19 1.8370e-14   5301.50 1 
  5286.93 1.8420e-14   5304.25 1 
  5289.67 1.8441e-14   5307.00 1 
  5292.41 1.7924e-14   5309.75 1 
  5295.15 1.7700e-14   5312.50 1 
  5297.89 1.7916e-14   5315.25 1 
  5300.64 1.7736e-14   5318.00 1 
  5303.38 1.8329e-14   5320.75 1 
  5306.12 1.8616e-14   5323.50 1 
  5308.86 1.8616e-14   5326.25 1 
  5311.60 1.8751e-14   5329.00 1 
  5314.34 1.8267e-14   5331.75 1 
  5317.08 1.8215e-14   5334.50 1 
  5319.82 1.8134e-14   5337.25 1 
  5322.56 1.7810e-14   5340.00 1 
  5325.30 1.7579e-14   5342.75 1 
  5328.05 1.7625e-14   5345.50 1 
  5330.79 1.7612e-14   5348.25 1 
  5333.53 1.7574e-14   5351.00 1 
  5336.27 1.7907e-14   5353.75 1 
  5339.01 1.8278e-14   5356.50 1 
  5341.75 1.8187e-14   5359.25 1 
  5344.49 1.8329e-14   5362.00 1 
  5347.23 1.8244e-14   5364.75 1 
  5349.97 1.8184e-14   5367.50 1 
  5352.71 1.8684e-14   5370.25 1 
  5355.46 1.8876e-14   5373.00 1 
  5358.20 1.8888e-14   5375.75 1 
  5360.94 1.8712e-14   5378.50 1 
  5363.68 1.8274e-14   5381.25 1 
  5366.42 1.7738e-14   5384.00 1 
  5369.16 1.7518e-14   5386.75 1 
  5371.90 1.7854e-14   5389.50 1 
  5374.64 1.8131e-14   5392.25 1 
  5377.38 1.7910e-14   5395.00 1 
  5380.12 1.7589e-14   5397.75 1 
  5382.87 1.7590e-14   5400.50 1 
  5385.61 1.8115e-14   5403.25 1 
  5388.35 1.8423e-14   5406.00 1 
  5391.09 1.8183e-14   5408.75 1 
  5393.83 1.7922e-14   5411.50 1 
  5396.57 1.7454e-14   5414.25 1 
  5399.31 1.6852e-14   5417.00 1 
  5402.05 1.7067e-14   5419.75 1 
  5404.79 1.7651e-14   5422.50 1 
  5407.53 1.7607e-14   5425.25 1 
  5410.28 1.7403e-14   5428.00 1 
  5413.02 1.7464e-14   5430.75 1 
  5415.76 1.7358e-14   5433.50 1 
  5418.50 1.7890e-14   5436.25 1 
  5421.24 1.7965e-14   5439.00 1 
  5423.98 1.7370e-14   5441.75 1 
  5426.72 1.7442e-14   5444.50 1 
  5429.46 1.7461e-14   5447.25 1 
  5432.20 1.7473e-14   5450.00 1 
  5434.95 1.7415e-14   5452.75 1 
  5437.69 1.7884e-14   5455.50 1 
  5440.43 1.8422e-14   5458.25 1 
  5443.17 1.8065e-14   5461.00 1 
  5445.91 1.7585e-14   5463.75 1 
  5448.65 1.7447e-14   5466.50 1 
  5451.39 1.6982e-14   5469.25 1 
  5454.13 1.6990e-14   5472.00 1 
  5456.87 1.7405e-14   5474.75 1 
  5459.61 1.7629e-14   5477.50 1 
  5462.36 1.8139e-14   5480.25 1 
  5465.10 1.7852e-14   5483.00 1 
  5467.84 1.7661e-14   5485.75 1 
  5470.58 1.7969e-14   5488.50 1 
  5473.32 1.7544e-14   5491.25 1 
  5476.06 1.7140e-14   5494.00 1 
  5478.80 1.7184e-14   5496.75 1 
  5481.54 1.7391e-14   5499.50 1 
  5484.28 1.7769e-14   5502.25 1 
  5487.02 1.7655e-14   5505.00 1 
  5489.77 1.7816e-14   5507.75 1 
  5492.51 1.7762e-14   5510.50 1 
  5495.25 1.7574e-14   5513.25 1 
  5497.99 1.7262e-14   5516.00 1 
  5500.73 1.7531e-14   5518.75 1 
  5503.47 1.7650e-14   5521.50 1 
  5506.21 1.7982e-14   5524.25 1 
  5508.95 1.7772e-14   5527.00 1 
  5511.69 1.7424e-14   5529.75 1 
  5514.43 1.7479e-14   5532.50 1 
  5517.18 1.8149e-14   5535.25 1 
  5519.92 1.8126e-14   5538.00 1 
  5522.66 1.8008e-14   5540.75 1 
  5525.40 1.8099e-14   5543.50 1 
  5528.14 1.8063e-14   5546.25 1 
  5530.88 1.7146e-14   5549.00 1 
  5533.62 1.7631e-14   5551.75 1 
  5536.36 1.7271e-14   5554.50 1 
  5539.10 1.7494e-14   5557.25 1 
  5541.84 1.6713e-14   5560.00 1 
  5544.59 1.7364e-14   5562.75 1 
  5547.33 1.7666e-14   5565.50 1 
  5550.07 1.6618e-14   5568.25 1 
  5552.81 1.8073e-14   5571.00 1 
  5555.55 1.8327e-14   5573.75 1 
  5558.29 1.8101e-14   5576.50 1 
  5561.03 1.6933e-14   5579.25 1 
  5563.77 1.7688e-14   5582.00 1 
  5566.51 1.7421e-14   5584.75 1 
  5569.26 1.6579e-14   5587.50 1 
  5572.00 1.7348e-14   5590.25 1 
  5574.74 1.7628e-14   5593.00 1 
  5577.48 1.6741e-14   5595.75 1 
  5580.22 1.6836e-14   5598.50 1 
  5582.96 1.7130e-14   5601.25 1 
  5585.70 1.6866e-14   5604.00 1 
  5588.44 1.6832e-14   5606.75 1 
  5591.18 1.6836e-14   5609.50 1 
  5593.92 1.6864e-14   5612.25 1 
  5596.67 1.7075e-14   5615.00 1 
  5599.41 1.7343e-14   5617.75 1 
  5602.15 1.7294e-14   5620.50 1 
  5604.89 1.7287e-14   5623.25 1 
  5607.63 1.7539e-14   5626.00 1 
  5610.37 1.7390e-14   5628.75 1 
  5613.11 1.7055e-14   5631.50 1 
  5615.85 1.7026e-14   5634.25 1 
  5618.59 1.6635e-14   5637.00 1 
  5621.33 1.7291e-14   5639.75 1 
  5624.08 1.7494e-14   5642.50 1 
  5626.82 1.7860e-14   5645.25 1 
  5629.56 1.8035e-14   5648.00 1 
  5632.30 1.6589e-14   5650.75 1 
  5635.04 1.7492e-14   5653.50 1 
  5637.78 1.7409e-14   5656.25 1 
  5640.52 1.7278e-14   5659.00 1 
  5643.26 1.7128e-14   5661.75 1 
  5646.00 1.7329e-14   5664.50 1 
  5648.74 1.7460e-14   5667.25 1 
  5651.49 1.7355e-14   5670.00 1 
  5654.23 1.7660e-14   5672.75 1 
  5656.97 1.7420e-14   5675.50 1 
  5659.71 1.6952e-14   5678.25 1 
  5662.45 1.6558e-14   5681.00 1 
  5665.19 1.6919e-14   5683.75 1 
  5667.93 1.7060e-14   5686.50 1 
  5670.67 1.7111e-14   5689.25 1 
  5673.41 1.7777e-14   5692.00 1 
  5676.15 1.6941e-14   5694.75 1 
  5678.90 1.7187e-14   5697.50 1 
  5681.64 1.7186e-14   5700.25 1 
  5684.38 1.7396e-14   5703.00 1 
  5687.12 1.6785e-14   5705.75 1 
  5689.86 1.7252e-14   5708.50 1 
  5692.60 1.7438e-14   5711.25 1 
  5695.34 1.7179e-14   5714.00 1 
  5698.08 1.6784e-14   5716.75 1 
  5700.82 1.6928e-14   5719.50 1 
  5703.57 1.6567e-14   5722.25 1 
  5706.31 1.6616e-14   5725.00 1 
  5709.05 1.6621e-14   5727.75 1 
  5711.79 1.7011e-14   5730.50 1 
  5714.53 1.7853e-14   5733.25 1 
  5717.27 1.7640e-14   5736.00 1 
  5720.01 1.7239e-14   5738.75 1 
  5722.75 1.7062e-14   5741.50 1 
  5725.49 1.7405e-14   5744.25 1 
  5728.23 1.7056e-14   5747.00 1 
  5730.98 1.8458e-14   5749.75 1 
  5733.72 1.7382e-14   5752.50 1 
  5736.46 1.7266e-14   5755.25 1 
  5739.20 1.7172e-14   5758.00 1 
  5741.94 1.7245e-14   5760.75 1 
  5744.68 1.6636e-14   5763.50 1 
  5747.42 1.6472e-14   5766.25 1 
  5750.16 1.7157e-14   5769.00 1 
  5752.90 1.7214e-14   5771.75 1 
  5755.64 1.6667e-14   5774.50 1 
  5758.39 1.7328e-14   5777.25 1 
  5761.13 1.7298e-14   5780.00 1 
  5763.87 1.7166e-14   5782.75 1 
  5766.61 1.6866e-14   5785.50 1 
  5769.35 1.7527e-14   5788.25 1 
  5772.09 1.6649e-14   5791.00 1 
  5774.83 1.7318e-14   5793.75 1 
  5777.57 1.6568e-14   5796.50 1 
  5780.31 1.7005e-14   5799.25 1 
  5783.05 1.7133e-14   5802.00 1 
  5785.80 1.7263e-14   5804.75 1 
  5788.54 1.6635e-14   5807.50 1 
  5791.28 1.7278e-14   5810.25 1 
  5794.02 1.7341e-14   5813.00 1 
  5796.76 1.7357e-14   5815.75 1 
  5799.50 1.7370e-14   5818.50 1 
  5802.24 1.7232e-14   5821.25 1 
  5804.98 1.7133e-14   5824.00 1 
  5807.72 1.7301e-14   5826.75 1 
  5810.46 1.7803e-14   5829.50 1 
  5813.21 1.7057e-14   5832.25 1 
  5815.95 1.7073e-14   5835.00 1 
  5818.69 1.7309e-14   5837.75 1 
  5821.43 1.8656e-14   5840.50 1 
  5824.17 1.7056e-14   5843.25 1 
  5826.91 1.7679e-14   5846.00 1 
  5829.65 1.7204e-14   5848.75 1 
  5832.39 1.7926e-14   5851.50 1 
  5835.13 1.7315e-14   5854.25 1 
  5837.88 1.7160e-14   5857.00 1 
  5840.62 1.7130e-14   5859.75 1 
  5843.36 1.7127e-14   5862.50 1 
  5846.10 1.6643e-14   5865.25 1 
  5848.84 1.6417e-14   5868.00 1 
  5851.58 1.7290e-14   5870.75 1 
  5854.32 1.5955e-14   5873.50 1 
  5857.06 1.6101e-14   5876.25 1 
  5859.80 1.6728e-14   5879.00 1 
  5862.54 1.6677e-14   5881.75 1 
  5865.29 1.7613e-14   5884.50 1 
  5868.03 1.7533e-14   5887.25 1 
  5870.77 1.8181e-14   5890.00 1 
  5873.51 1.6833e-14   5892.75 1 
  5876.25 1.7795e-14   5895.50 1 
  5878.99 1.7450e-14   5898.25 1 
  5881.73 1.5893e-14   5901.00 1 
  5884.47 1.5482e-14   5903.75 1 
  5887.21 1.5475e-14   5906.50 1 
  5889.95 1.4629e-14   5909.25 1 
  5892.70 1.5617e-14   5912.00 1 
  5895.44 1.5548e-14   5914.75 1 
  5898.18 1.6307e-14   5917.50 1 
  5900.92 1.6548e-14   5920.25 1 
  5903.66 1.6208e-14   5923.00 1 
  5906.40 1.6759e-14   5925.75 1 
  5909.14 1.6805e-14   5928.50 1 
  5911.88 1.6684e-14   5931.25 1 
  5914.62 1.6622e-14   5934.00 1 
  5917.36 1.6886e-14   5936.75 1 
  5920.11 1.6989e-14   5939.50 1 
  5922.85 1.6891e-14   5942.25 1 
  5925.59 1.6466e-14   5945.00 1 
  5928.33 1.6449e-14   5947.75 1 
  5931.07 1.6754e-14   5950.50 1 
  5933.81 1.6459e-14   5953.25 1 
  5936.55 1.6677e-14   5956.00 1 
  5939.29 1.6738e-14   5958.75 1 
  5942.03 1.6695e-14   5961.50 1 
  5944.77 1.6727e-14   5964.25 1 
  5947.52 1.6121e-14   5967.00 1 
  5950.26 1.6051e-14   5969.75 1 
  5953.00 1.6311e-14   5972.50 1 
  5955.74 1.6612e-14   5975.25 1 
  5958.48 1.6201e-14   5978.00 1 
  5961.22 1.6362e-14   5980.75 1 
  5963.96 1.6820e-14   5983.50 1 
  5966.70 1.6410e-14   5986.25 1 
  5969.44 1.6179e-14   5989.00 1 
  5972.19 1.6217e-14   5991.75 1 
  5974.93 1.6755e-14   5994.50 1 
  5977.67 1.6631e-14   5997.25 1 
  5980.41 1.6105e-14   6000.00 1 
  5983.15 1.6098e-14   6002.75 1 
  5985.89 1.6892e-14   6005.50 1 
  5988.63 1.6788e-14   6008.25 1 
  5991.37 1.6329e-14   6011.00 1 
  5994.11 1.5840e-14   6013.75 1 
  5996.85 1.5932e-14   6016.50 1 
  5999.60 1.5976e-14   6019.25 1 
  6002.34 1.5751e-14   6022.00 1 
  6005.08 1.5413e-14   6024.75 1 
  6007.82 1.5766e-14   6027.50 1 
  6010.56 1.5628e-14   6030.25 1 
  6013.30 1.6317e-14   6033.00 1 
  6016.04 1.6357e-14   6035.75 1 
  6018.78 1.5894e-14   6038.50 1 
  6021.52 1.6038e-14   6041.25 1 
  6024.26 1.6292e-14   6044.00 1 
  6027.01 1.6580e-14   6046.75 1 
  6029.75 1.6437e-14   6049.50 1 
  6032.49 1.6713e-14   6052.25 1 
  6035.23 1.6368e-14   6055.00 1 
  6037.97 1.6905e-14   6057.75 1 
  6040.71 1.6688e-14   6060.50 1 
  6043.45 1.6373e-14   6063.25 1 
  6046.19 1.6260e-14   6066.00 1 
  6048.93 1.5972e-14   6068.75 1 
  6051.67 1.6488e-14   6071.50 1 
  6054.42 1.6365e-14   6074.25 1 
  6057.16 1.6155e-14   6077.00 1 
  6059.90 1.6126e-14   6079.75 1 
  6062.64 1.6590e-14   6082.50 1 
  6065.38 1.6090e-14   6085.25 1 
  6068.12 1.6181e-14   6088.00 1 
  6070.86 1.6411e-14   6090.75 1 
  6073.60 1.5828e-14   6093.50 1 
  6076.34 1.6919e-14   6096.25 1 
  6079.08 1.6692e-14   6099.00 1 
  6081.83 1.6594e-14   6101.75 1 
  6084.57 1.5986e-14   6104.50 1 
  6087.31 1.6324e-14   6107.25 1 
  6090.05 1.6276e-14   6110.00 1 
  6092.79 1.5891e-14   6112.75 1 
  6095.53 1.6354e-14   6115.50 1 
  6098.27 1.6208e-14   6118.25 1 
  6101.01 1.6180e-14   6121.00 1 
  6103.75 1.6204e-14   6123.75 1 
  6106.50 1.6108e-14   6126.50 1 
  6109.24 1.6031e-14   6129.25 1 
  6111.98 1.6175e-14   6132.00 1 
  6114.72 1.6600e-14   6134.75 1 
  6117.46 1.6283e-14   6137.50 1 
  6120.20 1.6308e-14   6140.25 1 
  6122.94 1.6372e-14   6143.00 1 
  6125.68 1.5670e-14   6145.75 1 
  6128.42 1.6462e-14   6148.50 1 
  6131.16 1.6133e-14   6151.25 1 
  6133.91 1.4957e-14   6154.00 1 
  6136.65 1.5924e-14   6156.75 1 
  6139.39 1.6022e-14   6159.50 1 
  6142.13 1.5699e-14   6162.25 1 
  6144.87 1.5479e-14   6165.00 1 
  6147.61 1.6326e-14   6167.75 1 
  6150.35 1.6334e-14   6170.50 1 
  6153.09 1.6109e-14   6173.25 1 
  6155.83 1.5423e-14   6176.00 1 
  6158.57 1.5240e-14   6178.75 1 
  6161.32 1.6054e-14   6181.50 1 
  6164.06 1.5203e-14   6184.25 1 
  6166.80 1.5256e-14   6187.00 1 
  6169.54 1.5114e-14   6189.75 1 
  6172.28 1.5190e-14   6192.50 1 
  6175.02 1.6072e-14   6195.25 1 
  6177.76 1.5616e-14   6198.00 1 
  6180.50 1.5774e-14   6200.75 1 
  6183.24 1.6118e-14   6203.50 1 
  6185.98 1.5412e-14   6206.25 1 
  6188.73 1.5766e-14   6209.00 1 
  6191.47 1.5031e-14   6211.75 1 
  6194.21 1.4901e-14   6214.50 1 
  6196.95 1.5366e-14   6217.25 1 
  6199.69 1.5838e-14   6220.00 1 
  6202.43 1.6231e-14   6222.75 1 
  6205.17 1.5929e-14   6225.50 1 
  6207.91 1.5509e-14   6228.25 1 
  6210.65 1.5400e-14   6231.00 1 
  6213.39 1.5561e-14   6233.75 1 
  6216.14 1.5616e-14   6236.50 1 
  6218.88 1.4868e-14   6239.25 1 
  6221.62 1.5316e-14   6242.00 1 
  6224.36 1.5471e-14   6244.75 1 
  6227.10 1.4766e-14   6247.50 1 
  6229.84 1.5344e-14   6250.25 1 
  6232.58 1.5820e-14   6253.00 1 
  6235.32 1.5907e-14   6255.75 1 
  6238.06 1.5818e-14   6258.50 1 
  6240.81 1.5297e-14   6261.25 1 
  6243.55 1.4739e-14   6264.00 1 
  6246.29 1.4869e-14   6266.75 1 
  6249.03 1.5188e-14   6269.50 1 
  6251.77 1.5477e-14   6272.25 1 
  6254.51 1.5596e-14   6275.00 1 
  6257.25 1.5322e-14   6277.75 1 
  6259.99 1.5352e-14   6280.50 1 
  6262.73 1.6239e-14   6283.25 1 
  6265.47 1.5345e-14   6286.00 1 
  6268.22 1.5269e-14   6288.75 1 
  6270.96 1.5451e-14   6291.50 1 
  6273.70 1.4614e-14   6294.25 1 
  6276.44 1.4803e-14   6297.00 1 
  6279.18 1.4728e-14   6299.75 1 
  6281.92 1.5596e-14   6302.50 1 
  6284.66 1.5581e-14   6305.25 1 
  6287.40 1.4551e-14   6308.00 1 
  6290.14 1.4644e-14   6310.75 1 
  6292.88 1.5476e-14   6313.50 1 
  6295.63 1.6545e-14   6316.25 1 
  6298.37 1.7939e-14   6319.00 1 
  6301.11 1.7342e-14   6321.75 1 
  6303.85 1.6376e-14   6324.50 1 
  6306.59 1.6120e-14   6327.25 1 
  6309.33 1.6326e-14   6330.00 1 
  6312.07 1.6117e-14   6332.75 1 
  6314.81 1.5719e-14   6335.50 1 
  6317.55 1.5651e-14   6338.25 1 
  6320.29 1.5573e-14   6341.00 1 
  6323.04 1.6495e-14   6343.75 1 
  6325.78 1.5773e-14   6346.50 1 
  6328.52 1.4733e-14   6349.25 1 
  6331.26 1.4883e-14   6352.00 1 
  6334.00 1.5245e-14   6354.75 1 
  6336.74 1.5469e-14   6357.50 1 
  6339.48 1.5411e-14   6360.25 1 
  6342.22 1.5128e-14   6363.00 1 
  6344.96 1.5109e-14   6365.75 1 
  6347.70 1.5691e-14   6368.50 1 
  6350.45 1.5877e-14   6371.25 1 
  6353.19 1.5457e-14   6374.00 1 
  6355.93 1.5362e-14   6376.75 1 
  6358.67 1.4932e-14   6379.50 1 
  6361.41 1.4528e-14   6382.25 1 
  6364.15 1.5569e-14   6385.00 1 
  6366.89 1.5005e-14   6387.75 1 
  6369.63 1.5671e-14   6390.50 1 
  6372.37 1.5103e-14   6393.25 1 
  6375.12 1.5160e-14   6396.00 1 
  6377.86 1.5328e-14   6398.75 1 
  6380.60 1.5931e-14   6401.50 1 
  6383.34 1.5091e-14   6404.25 1 
  6386.08 1.4789e-14   6407.00 1 
  6388.82 1.5795e-14   6409.75 1 
  6391.56 1.5231e-14   6412.50 1 
  6394.30 1.5049e-14   6415.25 1 
  6397.04 1.5408e-14   6418.00 1 
  6399.78 1.5476e-14   6420.75 1 
  6402.53 1.5676e-14   6423.50 1 
  6405.27 1.5508e-14   6426.25 1 
  6408.01 1.5730e-14   6429.00 1 
  6410.75 1.5224e-14   6431.75 1 
  6413.49 1.5357e-14   6434.50 1 
  6416.23 1.5969e-14   6437.25 1 
  6418.97 1.6090e-14   6440.00 1 
  6421.71 1.5027e-14   6442.75 1 
  6424.45 1.5062e-14   6445.50 1 
  6427.19 1.5160e-14   6448.25 1 
  6429.94 1.4684e-14   6451.00 1 
  6432.68 1.5883e-14   6453.75 1 
  6435.42 1.5706e-14   6456.50 1 
  6438.16 1.4949e-14   6459.25 1 
  6440.90 1.6198e-14   6462.00 1 
  6443.64 1.5362e-14   6464.75 1 
  6446.38 1.5078e-14   6467.50 1 
  6449.12 1.4626e-14   6470.25 1 
  6451.86 1.4538e-14   6473.00 1 
  6454.60 1.4603e-14   6475.75 1 
  6457.35 1.5238e-14   6478.50 1 
  6460.09 1.4910e-14   6481.25 1 
  6462.83 1.5481e-14   6484.00 1 
  6465.57 1.5145e-14   6486.75 1 
  6468.31 1.5284e-14   6489.50 1 
  6471.05 1.5700e-14   6492.25 1 
  6473.79 1.6098e-14   6495.00 1 
  6476.53 1.5628e-14   6497.75 1 
  6479.27 1.5284e-14   6500.50 1 
  6482.01 1.5165e-14   6503.25 1 
  6484.76 1.5041e-14   6506.00 1 
  6487.50 1.5237e-14   6508.75 1 
  6490.24 1.4779e-14   6511.50 1 
  6492.98 1.4686e-14   6514.25 1 
  6495.72 1.4539e-14   6517.00 1 
  6498.46 1.4426e-14   6519.75 1 
  6501.20 1.5031e-14   6522.50 1 
  6503.94 1.5592e-14   6525.25 1 
  6506.68 1.5791e-14   6528.00 1 
  6509.43 1.5520e-14   6530.75 1 
  6512.17 1.4890e-14   6533.50 1 
  6514.91 1.4646e-14   6536.25 1 
  6517.65 1.5520e-14   6539.00 1 
  6520.39 1.6185e-14   6541.75 1 
  6523.13 1.5637e-14   6544.50 1 
  6525.87 1.5038e-14   6547.25 1 
  6528.61 1.5527e-14   6550.00 1 
  6531.35 1.6006e-14   6552.75 1 
  6534.09 1.5526e-14   6555.50 1 
  6536.84 1.5410e-14   6558.25 1 
  6539.58 1.5801e-14   6561.00 1 
  6542.32 1.6543e-14   6563.75 1 
  6545.06 1.9194e-14   6566.50 1 
  6547.80 2.0687e-14   6569.25 1 
  6550.54 2.0622e-14   6572.00 1 
  6553.28 2.3371e-14   6574.75 1 
  6556.02 3.8970e-14   6577.50 1 
  6558.76 7.6957e-14   6580.25 1 
  6561.50 1.1261e-13   6583.00 1 
  6564.25 1.0393e-13   6585.75 1 
  6566.99 6.0155e-14   6588.50 1 
  6569.73 2.7286e-14   6591.25 1 
  6572.47 1.9136e-14   6594.00 1 
  6575.21 1.8042e-14   6596.75 1 
  6577.95 2.1213e-14   6599.50 1 
  6580.69 2.9115e-14   6602.25 1 
  6583.43 3.2058e-14   6605.00 1 
  6586.17 2.7396e-14   6607.75 1 
  6588.91 1.9231e-14   6610.50 1 
  6591.66 1.5417e-14   6613.25 1 
  6594.40 1.4652e-14   6616.00 1 
  6597.14 1.4915e-14   6618.75 1 
  6599.88 1.4412e-14   6621.50 1 
  6602.62 1.5041e-14   6624.25 1 
  6605.36 1.5197e-14   6627.00 1 
  6608.10 1.6306e-14   6629.75 1 
  6610.84 1.3959e-14   6632.50 1 
  6613.58 1.4884e-14   6635.25 1 
  6616.32 1.4718e-14   6638.00 1 
  6619.07 1.5727e-14   6640.75 1 
  6621.81 1.4745e-14   6643.50 1 
  6624.55 1.5189e-14   6646.25 1 
  6627.29 1.4995e-14   6649.00 1 
  6630.03 1.4895e-14   6651.75 1 
  6632.77 1.4202e-14   6654.50 1 
  6635.51 1.5248e-14   6657.25 1 
  6638.25 1.5315e-14   6660.00 1 
  6640.99 1.5712e-14   6662.75 1 
  6643.74 1.5315e-14   6665.50 1 
  6646.48 1.5094e-14   6668.25 1 
  6649.22 1.4345e-14   6671.00 1 
  6651.96 1.5443e-14   6673.75 1 
  6654.70 1.4343e-14   6676.50 1 
  6657.44 1.5786e-14   6679.25 1 
  6660.18 1.4942e-14   6682.00 1 
  6662.92 1.4902e-14   6684.75 1 
  6665.66 1.5402e-14   6687.50 1 
  6668.40 1.5198e-14   6690.25 1 
  6671.15 1.4578e-14   6693.00 1 
  6673.89 1.5380e-14   6695.75 1 
  6676.63 1.5635e-14   6698.50 1 
  6679.37 1.5894e-14   6701.25 1 
  6682.11 1.5429e-14   6704.00 1 
  6684.85 1.4641e-14   6706.75 1 
  6687.59 1.4531e-14   6709.50 1 
  6690.33 1.4787e-14   6712.25 1 
  6693.07 1.5273e-14   6715.00 1 
  6695.81 1.4931e-14   6717.75 1 
  6698.56 1.4890e-14   6720.50 1 
  6701.30 1.5189e-14   6723.25 1 
  6704.04 1.5294e-14   6726.00 1 
  6706.78 1.5804e-14   6728.75 1 
  6709.52 1.8158e-14   6731.50 1 
  6712.26 2.4204e-14   6734.25 1 
  6715.00 2.9982e-14   6737.00 1 
  6717.74 2.8512e-14   6739.75 1 
  6720.48 2.2607e-14   6742.50 1 
  6723.22 1.8927e-14   6745.25 1 
  6725.97 2.0693e-14   6748.00 1 
  6728.71 2.4799e-14   6750.75 1 
  6731.45 2.5181e-14   6753.50 1 
  6734.19 2.1237e-14   6756.25 1 
  6736.93 1.6878e-14   6759.00 1 
  6739.67 1.5036e-14   6761.75 1 
  6742.41 1.5031e-14   6764.50 1 
  6745.15 1.4531e-14   6767.25 1 
  6747.89 1.4437e-14   6770.00 1 
  6750.63 1.4316e-14   6772.75 1 
  6753.38 1.4802e-14   6775.50 1 
  6756.12 1.4269e-14   6778.25 1 
  6758.86 1.3882e-14   6781.00 1 
  6761.60 1.4654e-14   6783.75 1 
  6764.34 1.4055e-14   6786.50 1 
  6767.08 1.4018e-14   6789.25 1 
  6769.82 1.4512e-14   6792.00 1 
  6772.56 1.5491e-14   6794.75 1 
  6775.30 1.3701e-14   6797.50 1 
  6778.05 1.4532e-14   6800.25 1 
  6780.79 1.4345e-14   6803.00 1 
  6783.53 1.4312e-14   6805.75 1 
  6786.27 1.4597e-14   6808.50 1 
  6789.01 1.4575e-14   6811.25 1 
  6791.75 1.4190e-14   6814.00 1 
  6794.49 1.3954e-14   6816.75 1 
  6797.23 1.4165e-14   6819.50 1 
  6799.97 1.4683e-14   6822.25 1 
  6802.71 1.5199e-14   6825.00 1 
  6805.46 1.4804e-14   6827.75 1 
  6816.79 1.4410e-14   6839.12 0 
  6832.50 1.4607e-14   6854.88 0 
  6848.25 1.3882e-14   6870.68 0 
  6864.04 1.3878e-14   6886.52 0 
  6879.86 1.4003e-14   6902.40 0 
  6895.72 1.4000e-14   6918.31 0 
  6911.62 1.4029e-14   6934.26 0 
  6927.55 1.3928e-14   6950.24 0 
  6943.52 1.4151e-14   6966.26 0 
  6959.53 1.3921e-14   6982.33 0 
  6975.57 1.4440e-14   6998.42 0 
  6991.65 1.4304e-14   7014.55 0 
  7007.76 1.3847e-14   7030.72 0 
  7023.92 1.3435e-14   7046.93 0 
  7040.11 1.4097e-14   7063.18 0 
  7056.34 1.4455e-14   7079.46 0 
  7072.61 1.3425e-14   7095.78 0 
  7088.91 1.3829e-14   7112.14 0 
  7105.25 1.3480e-14   7128.53 0 
  7121.63 1.3291e-14   7144.96 0 
  7138.05 1.2778e-14   7161.43 0 
  7154.50 1.2863e-14   7177.94 0 
  7171.00 1.2801e-14   7194.49 0 
  7187.53 1.2535e-14   7211.08 0 
  7204.10 1.2764e-14   7227.70 0 
  7220.70 1.3149e-14   7244.36 0 
  7237.35 1.3267e-14   7261.06 0 
  7254.03 1.3263e-14   7277.80 0 
  7270.75 1.2988e-14   7294.57 0 
  7287.52 1.3014e-14   7311.39 0 
  7304.32 1.3562e-14   7328.25 0 
  7321.15 1.3372e-14   7345.14 0 
  7338.03 1.3338e-14   7362.07 0 
  7354.95 1.3551e-14   7379.04 0 
  7371.90 1.3208e-14   7396.05 0 
  7388.89 1.3481e-14   7413.10 0 
  7405.93 1.3447e-14   7430.19 0 
  7423.00 1.2957e-14   7447.32 0 
  7440.11 1.3408e-14   7464.49 0 
  7457.27 1.3498e-14   7481.70 0 
  7474.46 1.3619e-14   7498.94 0 
  7491.68 1.3459e-14   7516.23 0 
  7508.96 1.3549e-14   7533.56 0 
  7526.27 1.3702e-14   7550.92 0 
  7543.62 1.3667e-14   7568.33 0 
  7561.01 1.3413e-14   7585.78 0 
  7578.44 1.3104e-14   7603.26 0 
  7595.91 1.2951e-14   7620.79 0 
  7613.41 1.2799e-14   7638.36 0 
  7630.97 1.2795e-14   7655.97 0 
  7648.56 1.2880e-14   7673.61 0 
  7666.19 1.2354e-14   7691.30 0 
  7683.86 1.2580e-14   7709.04 0 
  7701.58 1.2347e-14   7726.81 0 
  7719.33 1.2259e-14   7744.62 0 
  7737.13 1.2340e-14   7762.47 0 
  7754.96 1.1700e-14   7780.37 0 
  7772.84 1.2276e-14   7798.30 0 
  7790.75 1.2188e-14   7816.28 0 
  7808.72 1.2101e-14   7834.30 0 
  7826.72 1.2465e-14   7852.36 0 
  7844.76 1.2094e-14   7870.46 0 
  7862.84 1.2259e-14   7888.60 0 
  7880.97 1.2171e-14   7906.79 0 
  7899.13 1.2223e-14   7925.01 0 
  7917.35 1.1832e-14   7943.28 0 
  7935.60 1.1801e-14   7961.59 0 
  7953.89 1.1293e-14   7979.95 0 
  7972.23 1.1767e-14   7998.34 0 
  7990.60 1.1983e-14   8016.78 0 
  8009.02 1.1653e-14   8035.26 0 
  8027.48 1.2086e-14   8053.78 0 
  8045.99 1.2279e-14   8072.35 0 
  8064.54 1.2219e-14   8090.96 0 
  8083.13 1.1692e-14   8109.61 0 
  8101.77 1.1266e-14   8128.31 0 
  8120.44 1.1875e-14   8147.04 0 
  8139.16 1.1817e-14   8165.82 0 
  8157.92 1.1492e-14   8184.65 0 
  8176.73 1.1462e-14   8203.52 0 
  8195.58 1.1223e-14   8222.43 0 
  8214.47 1.1776e-14   8241.38 0 
  8233.41 1.1478e-14   8260.38 0 
  8252.39 1.1661e-14   8279.42 0 
  8271.41 1.1984e-14   8298.51 0 
  8290.48 1.1441e-14   8317.64 0 
  8309.59 1.1464e-14   8336.81 0 
  8328.74 1.1097e-14   8356.03 0 
  8347.95 1.1144e-14   8375.29 0 
  8367.19 1.1506e-14   8394.60 0 
  8386.48 1.1061e-14   8413.95 0 
  8405.81 1.1185e-14   8433.35 0 
  8425.19 1.1390e-14   8452.79 0 
  8444.61 1.0408e-14   8472.27 0 
  8464.07 1.1021e-14   8491.80 0 
  8483.59 1.1197e-14   8511.38 0 
  8503.14 1.0739e-14   8531.00 0 
  8522.75 1.0613e-14   8550.67 0 
  8542.39 1.0807e-14   8570.38 0 
  8562.09 1.0903e-14   8590.14 0 
  8581.82 1.1000e-14   8609.94 0 
  8601.61 1.0673e-14   8629.79 0 
  8621.44 1.0499e-14   8649.68 0 
  8641.31 1.0939e-14   8669.62 0 
  8661.23 1.0540e-14   8689.60 0 
  8681.20 1.0179e-14   8709.64 0 
  8701.21 1.0533e-14   8729.71 0 
  8721.27 1.0652e-14   8749.84 0 
  8741.37 1.0871e-14   8770.01 0 
  8761.52 1.0096e-14   8790.23 0 
  8781.72 1.0447e-14   8810.49 0 
  8801.97 1.0589e-14   8830.80 0 
  8822.25 1.0907e-14   8851.16 0 
  8842.59 1.0754e-14   8871.56 0 
  8862.97 1.0554e-14   8892.01 0 
  8883.41 9.9835e-15   8912.51 0 
  8903.89 1.0307e-14   8933.05 0 
  8924.41 1.0399e-14   8953.65 0 
  8944.99 1.0516e-14   8974.29 0 
  8965.60 1.0179e-14   8994.98 0 
  8986.27 1.0036e-14   9015.71 0 
  9006.99 1.0195e-14   9036.50 0 
  9027.75 9.3596e-15   9057.33 0 
  9048.56 1.0718e-14   9078.20 0 
  9069.42 1.0398e-14   9099.13 0 
  9090.33 9.5020e-15   9120.11 0 
  9111.28 1.0062e-14   9141.13 0 
  9132.29 1.0532e-14   9162.20 0 
  9153.34 9.9855e-15   9183.33 0 
  9174.44 1.0074e-14   9204.50 0 
  9195.59 1.0048e-14   9225.71 0 
  9216.79 9.7705e-15   9246.98 0 
  9238.04 9.1573e-15   9268.30 0 
  9259.33 9.7862e-15   9289.66 0 
  9280.68 1.0173e-14   9311.08 0 
  9302.07 9.7344e-15   9332.54 0 
  9323.51 9.9577e-15   9354.06 0 
  9345.00 9.9312e-15   9375.62 0 
  9366.55 9.7915e-15   9397.23 0 
  9388.14 9.8786e-15   9418.90 0 
  9409.78 9.6726e-15   9440.61 0 
  9431.48 9.8716e-15   9462.37 0 
  9453.22 9.7551e-15   9484.18 0 
  9475.01 9.8873e-15   9506.05 0 
  9496.85 9.8610e-15   9527.96 0 
  9518.74 9.6552e-15   9549.93 0 
  9540.68 9.5853e-15   9571.94 0 
  9562.68 9.5378e-15   9594.01 0 
  9584.72 9.7116e-15   9616.12 0 
  9606.82 9.6191e-15   9638.29 0 
  9628.96 9.6156e-15   9660.51 0 
  9651.16 9.5239e-15   9682.78 0 
  9673.41 9.4985e-15   9705.10 0 
  9695.71 9.5608e-15   9727.47 0 
  9718.06 9.4479e-15   9749.90 0 
  9740.46 9.3578e-15   9772.37 0 
  9762.92 9.3114e-15   9794.90 0 
  9785.42 9.2014e-15   9817.48 0 
  9807.98 9.3474e-15   9840.11 0 
  9830.59 9.2582e-15   9862.79 0 
  9853.25 9.2761e-15   9885.53 0 
  9875.97 9.2088e-15   9908.32 0 
  9898.73 9.1630e-15   9931.16 0 
  9921.55 9.1385e-15   9954.05 0 
  9944.42 9.1350e-15   9977.00 0 
  9967.35 9.1316e-15  10000.00 0 
  9990.32 9.0652e-15  10023.05 0 
 10036.43 8.9546e-15  10069.31 0 
 10082.77 8.7642e-15  10115.80 0 
 10129.30 8.9408e-15  10162.49 0 
 10176.05 8.8316e-15  10209.39 0 
 10223.03 8.8247e-15  10256.52 0 
 10270.22 8.7975e-15  10303.86 0 
 10293.89 8.7536e-15  10327.61 0 
 10509.43 8.3873e-15  10543.86 0 
 10704.83 7.9706e-15  10739.90 0 
 10903.84 7.5769e-15  10939.56 0 
 11106.56 7.2860e-15  11142.94 0 
 11287.02 7.0712e-15  11324.00 0 
 11496.86 6.9741e-15  11534.53 0 
 11710.62 6.7374e-15  11748.98 0 
 11900.90 6.4787e-15  11939.88 0 
 12094.27 6.3167e-15  12133.89 0 
 12290.79 6.1729e-15  12331.05 0 
 12490.49 5.9771e-15  12531.41 0 
 12693.45 5.8008e-15  12735.03 0 
 12899.70 5.6298e-15  12941.96 0 
 13109.30 5.5143e-15  13152.25 0 
 13291.67 5.3271e-15  13335.21 0 
 13507.64 5.1939e-15  13551.89 0 
 13695.55 5.0756e-15  13740.42 0 
 13886.08 4.8920e-15  13931.57 0 
 14111.71 4.6826e-15  14157.94 0 
 14308.02 4.5866e-15  14354.90 0 
 14507.07 4.5655e-15  14554.59 0 
 14708.88 4.4105e-15  14757.07 0 
 14913.51 4.4309e-15  14962.36 0 
 15086.18 4.4105e-15  15135.61 0 
 15296.06 4.4411e-15  15346.17 0 
 15508.85 4.3903e-15  15559.65 0 
 15688.43 4.2903e-15  15739.83 0 
 15906.68 4.1256e-15  15958.79 0 
 16090.88 4.1256e-15  16143.59 0 
 16314.73 4.0878e-15  16368.17 0 
 16503.63 4.0040e-15  16557.70 0 
 16694.74 3.9581e-15  16749.43 0 
 16888.06 3.8680e-15  16943.38 0 
 17083.62 3.7800e-15  17139.58 0 
 17281.42 3.6182e-15  17338.03 0 
 17481.53 3.5115e-15  17538.80 0 
 17683.97 3.3689e-15  17741.90 0 
 17888.74 3.2471e-15  17947.34 0 
 18095.87 3.0867e-15  18155.15 0 
 18305.41 3.0026e-15  18365.38 0 
 18517.38 2.9006e-15  18578.05 0 
 18688.71 2.7637e-15  18749.94 0 
 18905.12 2.6884e-15  18967.05 0 
 19080.06 2.6393e-15  19142.56 0 
 19301.00 2.5438e-15  19364.23 0 
 19479.57 2.4406e-15  19543.39 0 
 19705.14 2.3631e-15  19769.70 0 
 19887.48 2.2882e-15  19952.63 0 
 20117.75 2.2464e-15  20183.66 0 
 20303.91 2.1652e-15  20370.42 0 
 20491.78 2.1305e-15  20558.92 0 
 20681.38 2.0677e-15  20749.13 0 
 20920.86 2.0160e-15  20989.40 0 
 21114.45 1.9792e-15  21183.62 0 
 21309.81 1.9297e-15  21379.62 0 
 21506.99 1.8814e-15  21577.45 0 
 21705.98 1.8134e-15  21777.09 0 
 21906.83 1.7844e-15  21978.60 0 
 22109.54 1.7318e-15  22181.97 0 
 22314.11 1.6807e-15  22387.21 0 
 22520.59 1.6387e-15  22594.36 0 
 22676.68 1.5940e-15  22750.97 0 
 22886.51 1.4338e-15  22961.49 0 
 23098.26 1.4207e-15  23173.93 0 
 23312.00 1.2517e-15  23388.37 0 
 23473.60 1.1789e-15  23550.50 0 
 23690.79 1.1926e-15  23768.40 0 
 23910.01 1.0977e-15  23988.34 0 
 24075.73 1.0605e-15  24154.60 0 
 24298.51 1.0483e-15  24378.11 0 
 24523.33 9.7834e-16  24603.66 0 
 24693.33 9.6270e-16  24774.22 0 
 24921.80 8.2697e-16  25003.44 0 
 25094.56 8.1751e-16  25176.77 0 
 25326.77 8.1939e-16  25409.74 0 
 25502.31 8.1188e-16  25585.86 0 
 25679.07 8.1939e-16  25763.20 0 
 25916.69 8.0258e-16  26001.59 0 
 26096.35 7.9706e-16  26181.84 0 
 26277.23 7.7534e-16  26363.31 0 
 26520.38 7.6823e-16  26607.26 0 
 26704.20 7.5074e-16  26791.68 0 
 26889.32 7.4044e-16  26977.41 0 
 27075.69 7.2860e-16  27164.39 0 
 27326.23 7.1202e-16  27415.75 0 
 27515.64 7.0063e-16  27605.78 0 
 27706.35 6.8311e-16  27797.12 0 
 27898.42 6.7529e-16  27989.81 0 
 28091.79 6.6144e-16  28183.82 0 
 28286.53 6.4937e-16  28379.20 0 
 28482.59 6.3605e-16  28575.90 0 
 28680.04 6.2157e-16  28773.99 0 
 28878.82 6.1304e-16  28973.43 0 
 29079.02 6.0047e-16  29174.28 0 
 29280.57 5.8815e-16  29376.49 0 
 29483.55 5.7742e-16  29580.14 0 
 29687.90 5.6688e-16  29785.16 0 
 29893.71 5.5525e-16  29991.64 0 
 30100.91 5.4512e-16  30199.52 0 
 30309.54 5.3394e-16  30408.84 0 
 30519.66 5.2661e-16  30619.64 0 
 30731.19 5.1939e-16  30831.87 0 
 30873.06 5.1108e-16  30974.21 0 
 31087.05 5.0291e-16  31188.89 0 
 31302.56 4.9601e-16  31405.10 0 
 31519.52 4.8696e-16  31622.78 0 
 31665.00 4.8028e-16  31768.73 0 
 31884.51 4.7369e-16  31988.96 0 
 32105.50 4.6826e-16  32210.68 0 
 32328.07 4.6504e-16  32433.97 0 
 32477.28 4.6719e-16  32583.67 0 
 32702.38 4.8472e-16  32809.52 0 
 32929.08 5.4386e-16  33036.96 0 
 33081.06 5.3764e-16  33189.44 0 
 33310.39 4.6184e-16  33419.52 0 
 33464.13 4.3002e-16  33573.76 0 
 33696.08 4.1256e-16  33806.47 0 
 33929.67 4.0040e-16  34040.82 0 
 34086.27 3.9038e-16  34197.94 0 
 34322.57 3.8326e-16  34435.01 0 
 34480.98 3.7540e-16  34593.94 0 
 34719.98 3.6770e-16  34833.72 0 
 34880.26 3.6099e-16  34994.53 0 
 35122.02 3.5358e-16  35237.08 0 
 35284.12 3.4633e-16  35399.71 0 
 35528.73 3.4001e-16  35645.12 0 
 35692.71 3.3380e-16  35809.64 0 
 35940.14 3.2771e-16  36057.88 0 
 36106.02 3.2173e-16  36224.30 0 
 36272.66 3.1586e-16  36391.49 0 
 36524.12 3.0938e-16  36643.77 0 
 36692.69 3.0373e-16  36812.89 0 
 36862.04 2.9750e-16  36982.80 0 
 37117.58 2.9140e-16  37239.18 0 
 37288.90 2.8674e-16  37411.05 0 
 37461.00 2.8021e-16  37583.72 0 
 37720.69 2.7701e-16  37844.27 0 
 37894.79 2.7195e-16  38018.93 0 
 38069.69 2.6699e-16  38194.41 0 
 38333.60 2.6272e-16  38459.18 0 
 38510.53 2.5792e-16  38636.69 0 
 38688.32 2.5263e-16  38815.06 0 
 38866.88 2.4859e-16  38994.21 0 
 39136.27 2.4406e-16  39264.48 0 
 39316.94 2.4015e-16  39445.75 0 
 39498.41 2.3523e-16  39627.81 0 
 39680.71 2.3147e-16  39810.71 0 
 39863.90 2.2672e-16  39994.50 0 
 40140.21 2.2310e-16  40271.71 0 
 40325.47 2.1953e-16  40457.58 0 
 40511.64 2.1503e-16  40644.35 0 
 40698.62 2.1208e-16  40831.95 0 
 40886.46 2.0868e-16  41020.40 0 
 41075.17 2.0535e-16  41209.73 0 
 41264.79 2.0253e-16  41399.98 0 
 41455.25 1.9883e-16  41591.06 0 
 41742.63 1.9565e-16  41879.38 0 
 41935.29 1.9253e-16  42072.67 0 
 42128.84 1.8945e-16  42266.86 0 
 42323.28 1.8728e-16  42461.93 0 
 42518.67 1.8386e-16  42657.96 0 
 42714.91 1.8134e-16  42854.85 0 
 42912.06 1.7478e-16  43052.64 0 
 43110.17 1.6846e-16  43251.40 0 
 43309.14 1.6807e-16  43451.02 0 
 43509.03 1.6199e-16  43651.57 0 
 43709.90 1.5867e-16  43853.09 0 
 43911.64 1.5613e-16  44055.49 0 
 44114.31 1.5118e-16  44258.83 0 
 44317.92 1.4945e-16  44463.10 0 
 44522.51 1.4706e-16  44668.37 0 
 44728.01 1.4338e-16  44874.54 0 
 44934.44 1.4272e-16  45081.65 0 
 45141.89 1.4012e-16  45289.77 0 
 45350.24 1.3724e-16  45498.80 0 
 45454.77 1.3630e-16  45603.68 0 
 45664.57 1.3474e-16  45814.16 0 
 45875.38 1.3137e-16  46025.67 0 
 46087.12 1.3107e-16  46238.10 0 
 46299.83 1.2897e-16  46451.51 0 
 46513.57 1.2749e-16  46665.95 0 
 46728.26 1.2662e-16  46881.34 0 
 46943.93 1.2488e-16  47097.72 0 
 47052.14 1.2317e-16  47206.28 0 
 47269.36 1.2288e-16  47424.21 0 
 47487.53 1.2092e-16  47643.10 0 
 47706.71 1.1953e-16  47862.99 0 
 47926.94 1.1844e-16  48083.95 0 
 48148.15 1.1628e-16  48305.88 0 
 48259.13 1.1628e-16  48417.23 0 
 48481.87 1.1468e-16  48640.70 0 
 48705.69 1.1311e-16  48865.25 0 
 48930.49 1.1181e-16  49090.79 0 
 49156.33 1.1053e-16  49317.36 0 
 49269.64 1.0952e-16  49431.04 0 
 49497.09 1.0827e-16  49659.24 0 
 49725.54 1.0777e-16  49888.45 0 
 49955.05 1.0613e-16  50118.70 0 
 50070.26 1.0524e-16  50234.29 0 
 50301.35 1.0373e-16  50466.14 0 
 50533.51 1.0201e-16  50699.06 0 
 50650.00 1.0115e-16  50815.93 0 
 50766.75 1.0077e-16  50933.06 0 
 50883.83 1.0039e-16  51050.52 0 
 51001.12 9.9544e-17  51168.20 0 
 51118.68 9.8709e-17  51286.14 0 
 51236.51 9.8106e-17  51404.36 0 
 51354.61 9.7506e-17  51522.85 0 
 51472.99 9.6909e-17  51641.62 0 
 51591.70 9.6315e-17  51760.71 0 
 51710.62 9.5945e-17  51880.02 0 
 51829.81 9.5356e-17  51999.61 0 
 51949.29 9.4552e-17  52119.47 0 
 52069.03 9.3970e-17  52239.61 0 
 52189.06 9.3392e-17  52360.03 0 
 52309.35 9.2816e-17  52480.72 0 
 52429.99 9.2243e-17  52601.75 0 
 52550.84 9.1885e-17  52723.00 0 
 52671.98 9.1739e-17  52844.53 0 
 52793.39 9.1171e-17  52966.34 0 
 52915.08 9.0398e-17  53088.43 0 
 53037.06 8.9631e-17  53210.80 0 
 53159.37 8.9280e-17  53333.52 0 
 53281.91 8.8929e-17  53456.46 0 
 53404.72 8.8580e-17  53579.68 0 
 53527.83 8.8029e-17  53703.18 0 
 53651.21 8.7682e-17  53826.97 0 
 53774.88 8.7335e-17  53951.05 0 
 53898.83 8.6790e-17  54075.41 0 
 54023.13 8.6446e-17  54200.11 0 
 54147.66 8.6103e-17  54325.05 0 
 54272.48 8.5564e-17  54450.27 0 
 54397.58 8.5223e-17  54575.79 0 
 54522.97 8.5079e-17  54701.59 0 
 54648.65 8.4544e-17  54827.68 0 
 54774.62 8.4206e-17  54954.06 0 
 54900.94 8.4062e-17  55080.79 0 
 55027.49 8.3724e-17  55207.76 0 
 55154.33 8.3387e-17  55335.02 0 
 55281.46 8.3435e-17  55462.57 0 
 55408.89 8.3290e-17  55590.41 0 
 55536.61 8.2762e-17  55718.55 0 
 55664.69 8.2617e-17  55847.05 0 
 55793.00 8.2661e-17  55975.78 0 
 55921.61 8.2326e-17  56104.81 0 
 56050.51 8.2369e-17  56234.13 0 
 56179.71 8.2222e-17  56363.76 0 
 56309.21 8.2075e-17  56493.68 0 
 56439.01 8.2116e-17  56623.90 0 
 56569.16 8.2157e-17  56754.48 0 
 56699.56 8.2197e-17  56885.31 0 
 56830.26 8.2236e-17  57016.43 0 
 56961.25 8.2275e-17  57147.86 0 
 57092.55 8.2504e-17  57279.59 0 
 57224.15 8.2922e-17  57411.62 0 
 57356.12 8.3151e-17  57544.02 0 
 57488.34 8.3379e-17  57676.67 0 
 57620.85 8.3801e-17  57809.62 0 
 57753.67 8.4030e-17  57942.87 0 
 57886.80 8.4648e-17  58076.43 0 
 58020.23 8.5270e-17  58210.30 0 
 58153.97 8.5895e-17  58344.48 0 
 58288.08 8.6724e-17  58479.04 0 
 58422.44 8.7561e-17  58613.83 0 
 58557.11 8.8608e-17  58748.94 0 
 58692.09 8.9668e-17  58884.36 0 
 58827.38 9.0948e-17  59020.09 0 
 58962.98 9.2246e-17  59156.14 0 
 59051.50 1.0338e-16  59244.95 3 
 59360.34 4.0365e-18  59554.81 3 
 59669.18 2.2792e-17  59864.66 3 
 59978.02 9.5349e-17  60174.51 3 
 60286.87 1.1268e-16  60484.37 3 
 60595.71 9.3777e-17  60794.22 3 
 60904.55 1.5442e-16  61104.07 3 
 61213.40 1.8194e-16  61413.93 3 
 61522.23 3.8191e-16  61723.78 3 
 61831.07 4.3358e-16  62033.63 3 
 62139.92 5.5025e-16  62343.49 3 
 62448.76 4.3493e-16  62653.34 3 
 62757.60 3.6066e-16  62963.19 3 
 63066.44 2.8166e-16  63273.05 3 
 63375.28 2.2405e-16  63582.90 3 
 63684.13 1.7598e-16  63892.76 3 
 63992.97 1.8945e-16  64202.61 3 
 64301.80 1.9524e-16  64512.46 3 
 64610.66 1.7064e-16  64822.32 3 
 64919.49 1.6880e-16  65132.17 3 
 65228.33 1.8153e-16  65442.02 3 
 65537.18 2.0079e-16  65751.88 3 
 65846.02 1.9396e-16  66061.73 3 
 66154.85 1.5113e-16  66371.58 3 
 66463.71 1.6513e-16  66681.45 3 
 66772.54 1.6192e-16  66991.29 3 
 67081.38 1.2221e-16  67301.14 3 
 67390.23 1.7028e-16  67611.00 3 
 67699.07 1.2348e-16  67920.85 3 
 68007.92 9.0642e-17  68230.71 3 
 68316.76 1.3077e-16  68540.56 3 
 68625.60 1.3567e-16  68850.41 3 
 68934.44 1.1323e-16  69160.27 3 
 69243.28 1.0847e-16  69470.12 3 
 69552.12 1.4645e-16  69779.98 3 
 69860.96 1.7498e-16  70089.83 3 
 70169.80 9.9544e-17  70399.68 3 
 70478.65 1.4059e-16  70709.54 3 
 70787.49 1.5193e-16  71019.39 3 
 71096.33 1.9521e-16  71329.24 3 
 71405.18 2.2435e-16  71639.10 3 
 71714.01 2.0594e-16  71948.95 3 
 72022.87 1.7690e-16  72258.81 3 
 72331.70 2.0126e-16  72568.66 3 
 72640.54 2.1649e-16  72878.51 3 
 72949.39 2.6235e-16  73188.38 3 
 73258.22 2.3289e-16  73498.22 3 
 73567.06 2.0658e-16  73808.07 3 
 73875.91 2.8871e-16  74117.93 3 
 74184.75 2.5471e-16  74427.78 3 
 74493.59 3.3207e-16  74737.63 3 
 74802.43 3.4731e-16  75047.48 3 
 75091.06 4.6084e-16  75337.06 3 
 75111.28 4.0212e-16  75357.34 3 
 75420.13 5.1103e-16  75667.20 3 
 75709.97 4.8787e-16  75957.99 3 
 75728.96 4.1982e-16  75977.05 3 
 76328.88 5.4921e-16  76578.94 3 
 76947.79 4.1633e-16  77199.88 3 
 77566.71 4.6540e-16  77820.82 3 
 78185.62 3.8762e-16  78441.76 3 
 78804.55 3.5952e-16  79062.71 3 
 79423.46 2.9584e-16  79683.65 3 
 80042.37 2.4033e-16  80304.59 3 
 80661.29 2.2311e-16  80925.54 3 
 81280.20 1.9348e-16  81546.48 3 
 81899.11 2.1374e-16  82167.41 3 
 82518.03 1.6666e-16  82788.36 3 
 83136.94 1.8812e-16  83409.30 3 
 83755.87 2.0169e-16  84030.25 3 
 84374.78 2.0977e-16  84651.19 3 
 84993.69 2.2058e-16  85272.13 3 
 85612.60 2.0858e-16  85893.07 3 
 86231.53 2.2534e-16  86514.02 3 
 86850.43 1.8434e-16  87134.95 3 
 87469.35 1.7621e-16  87755.90 3 
 88088.27 1.1769e-16  88376.84 3 
 88707.18 1.0182e-16  88997.78 3 
 89326.09 1.0233e-16  89618.72 3 
 89945.00 1.2501e-16  90239.66 3 
 90563.91 9.0441e-17  90860.60 3 
 91182.84 6.4324e-17  91481.55 3 
 91801.75 8.6065e-17  92102.49 3 
 92420.67 5.7928e-17  92723.44 3 
 93039.59 7.4358e-17  93344.38 3 
 93658.50 7.5928e-17  93965.32 3 
 94277.41 7.5333e-17  94586.26 3 
 94896.31 7.1850e-17  95207.20 3 
 95515.24 6.8774e-17  95828.15 3 
 96134.15 7.3169e-17  96449.09 3 
 96753.06 7.7668e-17  97070.02 3 
 97371.99 7.0073e-17  97690.98 3 
 97990.90 6.2331e-17  98311.92 3 
 98609.81 6.0911e-17  98932.86 3 
 99228.73 6.0309e-17  99553.80 3 
 99847.60 6.0488e-17 100174.70 3 
100466.57 6.4334e-17 100795.70 3 
101085.44 5.7415e-17 101416.59 3 
101704.42 5.4194e-17 102037.60 3 
102323.29 4.7177e-17 102658.50 3 
102942.25 6.3519e-17 103279.49 3 
103561.14 4.6017e-17 103900.41 3 
104180.01 6.2350e-17 104521.30 3 
104798.98 8.5313e-17 105142.30 3 
105417.85 9.1967e-17 105763.20 3 
106036.83 7.1458e-17 106384.20 3 
106655.70 6.8919e-17 107005.10 3 
107274.57 6.6682e-17 107626.00 3 
107893.54 6.7214e-17 108247.00 3 
108512.42 7.1585e-17 108867.91 3 
109131.38 8.4415e-17 109488.90 3 
109750.26 1.1534e-16 110109.80 3 
110369.23 1.2698e-16 110730.80 3 
110988.11 1.2914e-16 111351.70 3 
111606.98 2.0912e-16 111972.60 3 
112225.95 2.9226e-16 112593.60 3 
112844.82 2.6327e-16 113214.50 3 
113463.79 1.9492e-16 113835.50 3 
114082.66 1.3996e-16 114456.40 3 
114701.64 1.2428e-16 115077.40 3 
115320.51 1.1380e-16 115698.30 3 
115939.38 9.9344e-17 116319.20 3 
116558.36 9.3780e-17 116940.20 3 
117177.23 7.9457e-17 117561.10 3 
117796.19 8.3343e-17 118182.09 3 
118415.06 7.5286e-17 118802.99 3 
119034.04 7.6837e-17 119424.00 3 
119652.92 8.2269e-17 120044.90 3 
120271.79 8.7397e-17 120665.80 3 
120890.77 7.7794e-17 121286.80 3 
121509.64 7.6218e-17 121907.70 3 
122128.60 7.5113e-17 122528.70 3 
122747.47 8.1295e-17 123149.59 3 
123366.36 1.0441e-16 123770.51 3 
123985.32 9.8440e-17 124391.50 3 
124604.20 1.0242e-16 125012.40 3 
125223.17 1.0037e-16 125633.40 3 
125842.05 1.0286e-16 126254.30 3 
126461.01 1.1796e-16 126875.30 3 
127079.89 1.2441e-16 127496.20 3 
127698.76 2.0713e-16 128117.10 3 
128317.73 2.2393e-16 128738.10 3 
128936.60 1.0713e-16 129359.00 3 
129555.58 7.8612e-17 129980.00 3 
130174.45 7.1155e-17 130600.90 3 
130793.32 6.8732e-17 131221.80 3 
131412.29 7.9273e-17 131842.80 3 
132031.17 7.3201e-17 132463.70 3 
132650.14 6.1123e-17 133084.70 3 
133269.00 5.4369e-17 133705.59 3 
133887.98 6.0093e-17 134326.59 3 
134506.86 5.4624e-17 134947.50 3 
135125.73 5.6257e-17 135568.41 3 
135744.71 5.7803e-17 136189.41 3 
136363.57 5.1722e-17 136810.30 3 
136982.54 5.2103e-17 137431.30 3 
137601.42 5.5620e-17 138052.20 3 
138220.39 4.4812e-17 138673.20 3 
138839.26 4.7365e-17 139294.09 3 
139458.14 5.7616e-17 139915.00 3 
140077.11 5.6458e-17 140536.00 3 
140695.99 5.5653e-17 141156.91 3 
141314.94 5.0462e-17 141777.89 3 
141933.82 4.9000e-17 142398.80 3 
142552.79 6.0133e-17 143019.80 3 
143171.67 4.9728e-17 143640.70 3 
143790.54 5.9403e-17 144261.59 3 
144409.52 5.5183e-17 144882.61 3 
144942.08 4.6824e-17 145416.91 3 
145855.97 5.2342e-17 146333.80 3 
146769.98 4.3332e-17 147250.80 3 
147683.89 4.2688e-17 148167.70 3 
148597.79 5.1233e-17 149084.59 3 
149511.70 3.9279e-17 150001.50 3 
150425.71 3.8988e-17 150918.50 3 
151339.62 4.3395e-17 151835.41 3 
152253.51 4.8786e-17 152752.30 3 
153167.52 4.6457e-17 153669.30 3 
154081.43 5.0867e-17 154586.20 3 
154995.33 1.0831e-16 155503.09 3 
155909.24 1.3003e-16 156420.00 3 
156823.25 7.1460e-17 157337.00 3 
157737.16 5.0277e-17 158253.91 3 
158651.06 5.2183e-17 159170.80 3 
159565.06 4.8117e-17 160087.80 3 
160478.97 4.9476e-17 161004.70 3 
161392.87 4.8005e-17 161921.59 3 
162306.88 5.5904e-17 162838.59 3 
163220.79 6.5865e-17 163755.50 3 
164134.69 7.9269e-17 164672.39 3 
165048.60 7.2606e-17 165589.30 3 
165962.62 6.6708e-17 166506.31 3 
166876.50 7.0079e-17 167423.19 3 
167790.41 6.8469e-17 168340.09 3 
168704.32 7.1065e-17 169257.00 3 
169618.33 7.8725e-17 170174.00 3 
170532.24 8.5193e-17 171090.91 3 
171446.15 7.8099e-17 172007.81 3 
172360.16 7.0779e-17 172924.81 3 
173274.06 7.3294e-17 173841.70 3 
174187.97 7.5121e-17 174758.61 3 
175101.98 6.5189e-17 175675.61 3 
176015.87 6.3067e-17 176592.50 3 
176929.78 6.5178e-17 177509.41 3 
177843.68 6.5069e-17 178426.30 3 
178757.69 6.2212e-17 179343.30 3 
179671.60 6.3843e-17 180260.20 3 
180585.50 5.5533e-17 181177.09 3 
181499.50 5.8284e-17 182094.09 3 
182413.41 6.1060e-17 183011.00 3 
183327.31 6.3009e-17 183927.89 3 
184241.32 5.9300e-17 184844.89 3 
185155.23 6.3826e-17 185761.80 3 
186069.14 8.6812e-17 186678.70 3 
186983.04 1.8132e-16 187595.59 3 
187897.04 1.4633e-16 188512.59 3 
188810.96 8.1568e-17 189429.50 3 
189724.85 7.4478e-17 190346.39 3 
190638.87 6.5369e-17 191263.41 3 
191552.79 7.0208e-17 192180.31 3 
192466.67 6.7713e-17 193097.19 3 
193380.58 6.3230e-17 194014.09 3 
194294.60 6.3025e-17 194931.11 3 
195208.50 6.7831e-17 195848.00 3 
196122.41 7.3542e-17 196764.91 3 
197036.41 6.5548e-17 197681.91 3 
197950.31 6.7240e-17 198598.80 3 
198864.22 6.9451e-17 199515.70 3 
199778.14 6.5540e-17 200432.61 3 
200692.14 6.8738e-17 201349.61 3 
201606.04 6.9036e-17 202266.50 3 
202519.95 6.9946e-17 203183.41 3 
203433.96 6.6242e-17 204100.41 3 
204881.22 6.2273e-17 205552.41 3 
206630.47 7.0202e-17 207307.39 3 
208380.74 6.9696e-17 209063.39 3 
210132.01 6.4751e-17 210820.41 3 
211884.16 6.8688e-17 212578.30 3 
213637.22 6.7152e-17 214337.09 3 
215391.27 6.3525e-17 216096.89 3 
217146.24 6.6902e-17 217857.61 3 
218902.17 6.9926e-17 219619.30 3 
220659.12 6.9380e-17 221382.00 3 
222416.96 6.7892e-17 223145.59 3 
224175.80 7.0236e-17 224910.20 3 
225935.54 7.3380e-17 226675.70 3 
227696.25 7.3992e-17 228442.19 3 
229457.98 7.4159e-17 230209.69 3 
231220.62 7.2966e-17 231978.09 3 
232984.24 7.2700e-17 233747.50 3 
234748.87 7.5080e-17 235517.91 3 
236514.38 7.2752e-17 237289.20 3 
238281.00 6.9733e-17 239061.61 3 
240048.41 7.3654e-17 240834.81 3 
241816.90 7.5192e-17 242609.09 3 
243586.42 7.3471e-17 244384.41 3 
245356.82 7.1210e-17 246160.61 3 
247128.20 7.4675e-17 247937.80 3 
248900.60 7.4083e-17 249716.00 3 
250673.89 7.6349e-17 251495.09 3 
252448.28 7.4662e-17 253275.30 3 
254223.57 7.3382e-17 255056.41 3 
255999.95 7.4424e-17 256838.61 3 
257777.21 7.6391e-17 258621.69 3 
259555.51 7.9602e-17 260405.81 3 
261334.77 7.9170e-17 262190.91 3 
263115.04 7.4931e-17 263977.00 3 
264896.29 7.5812e-17 265764.09 3 
266678.58 7.8625e-17 267552.22 3 
268461.83 7.5690e-17 269341.31 3 
270246.08 7.6824e-17 271131.41 3 
272031.33 7.7090e-17 272922.50 3 
273817.57 7.6231e-17 274714.59 3 
275604.93 7.8152e-17 276507.81 3 
277393.17 7.7250e-17 278301.91 3 
279182.40 7.8730e-17 280097.00 3 
280972.72 8.1858e-17 281893.19 3 
282764.07 7.8094e-17 283690.41 3 
284556.29 7.9700e-17 285488.50 3 
286349.61 7.8554e-17 287287.69 3 
288143.95 7.9292e-17 289087.91 3 
289939.38 7.9758e-17 290889.22 3 
291735.77 8.2955e-17 292691.50 3 
293533.10 8.1642e-17 294494.72 3 
295331.59 8.1112e-17 296299.09 3 
297131.01 8.2294e-17 298104.41 3 
298931.48 7.8519e-17 299910.78 3 
300732.99 7.8880e-17 301718.19 3 
302535.49 8.2996e-17 303526.59 3 
304339.08 8.0556e-17 305336.09 3 
306143.67 8.2712e-17 307146.59 3 
307949.25 8.3050e-17 308958.09 3 
309755.93 8.5334e-17 310770.69 3 
311563.72 8.2882e-17 312584.41 3 
313372.49 8.1693e-17 314399.09 3 
315182.28 8.5237e-17 316214.81 3 
316993.03 8.5860e-17 318031.50 3 
318805.00 8.3462e-17 319849.41 3 
320617.87 8.7110e-17 321668.22 3 
322431.90 8.7878e-17 323488.19 3 
324246.86 8.6337e-17 325309.09 3 
326063.01 8.6637e-17 327131.19 3 
327880.18 8.8699e-17 328954.31 3 
329698.28 8.8383e-17 330778.38 3 
331517.54 9.5161e-17 332603.59 3 
333337.89 1.3701e-16 334429.91 3 
335159.30 1.6798e-16 336257.28 3 
336981.77 9.6836e-17 338085.72 3 
338805.26 9.5631e-17 339915.19 3 
340629.78 8.7312e-17 341745.69 3 
342455.43 8.5397e-17 343577.31 3 
344282.26 9.4959e-17 345410.12 3 
346109.96 1.1186e-16 347243.81 3 
347938.87 1.6303e-16 349078.72 3 
