# An Atlas of Galaxy Spectral Energy Distributions from the Ultraviolet to the Mid-Infrared
# Brown et al. (2014)
# http://dx.doi.org/10.5072/03/529D3551F0117
# 
# Column 1 : Restframe Wavelength (Angstrom)
# Column 2 : Flux per unit wavelength (ergs/s/cm^2/Angstrom)
# Column 3 : Observed wavelength (Angstrom)
# Column 4 : Source (0 = model, 1 = Optical Spectrum, 2 = Akari, 3 = Spitzer IRS)
# 
   100.03 1.7786e-19    100.23 0 
   101.89 2.1731e-19    102.09 0 
   104.02 2.4326e-19    104.23 0 
   105.96 2.8124e-19    106.17 0 
   107.93 3.3119e-19    108.14 0 
   109.93 4.7215e-19    110.15 0 
   114.06 6.0128e-19    114.29 0 
   118.07 7.2457e-19    118.30 0 
   121.10 2.1781e-18    121.34 0 
   125.06 2.5887e-18    125.31 0 
   127.10 2.7738e-18    127.35 0 
   127.98 2.9045e-18    128.23 0 
   130.96 3.1774e-18    131.22 0 
   131.87 3.6064e-18    132.13 0 
   134.01 3.8113e-18    134.28 0 
   137.13 4.5822e-18    137.40 0 
   140.00 4.9783e-18    140.28 0 
   142.93 9.9101e-18    143.22 0 
   146.94 1.8710e-17    147.23 0 
   151.05 2.0280e-17    151.36 0 
   154.93 2.2237e-17    155.24 0 
   158.90 2.4326e-17    159.22 0 
   161.86 2.5887e-17    162.18 0 
   166.01 2.8319e-17    166.34 0 
   169.88 3.0555e-17    170.22 0 
   173.04 3.2365e-17    173.38 0 
   177.07 3.4760e-17    177.42 0 
   179.94 3.6566e-17    180.30 0 
   182.03 3.7938e-17    182.39 0 
   185.84 4.0465e-17    186.21 0 
   191.04 4.3760e-17    191.43 0 
   194.15 4.6034e-17    194.54 0 
   198.21 4.8762e-17    198.61 0 
   201.90 5.1651e-17    202.30 0 
   205.18 5.3961e-17    205.59 0 
   209.96 5.5600e-17    210.38 0 
   215.84 6.2098e-17    216.27 0 
   219.85 6.5325e-17    220.29 0 
   222.91 6.7155e-17    223.36 0 
   227.06 7.0807e-17    227.51 0 
   230.22 1.0668e-16    230.67 0 
   233.96 1.7951e-16    234.42 0 
   239.96 2.2033e-16    240.44 0 
   246.11 2.1236e-16    246.60 0 
   251.85 2.2340e-16    252.35 0 
   257.12 1.8927e-16    257.63 0 
   260.10 2.1781e-16    260.62 0 
   263.71 2.2703e-16    264.24 0 
   269.24 2.2703e-16    269.77 0 
   274.24 2.2650e-16    274.79 0 
   278.70 2.2598e-16    279.25 0 
   283.88 2.2546e-16    284.45 0 
   289.82 2.1482e-16    290.40 0 
   295.89 2.1882e-16    296.48 0 
   300.70 2.1383e-16    301.30 0 
   307.70 2.1581e-16    308.32 0 
   317.79 2.1781e-16    318.42 0 
   328.20 2.1532e-16    328.85 0 
   338.17 2.1139e-16    338.84 0 
   347.64 2.0705e-16    348.34 0 
   357.38 2.0327e-16    358.10 0 
   365.71 2.0095e-16    366.44 0 
   375.09 1.9637e-16    375.84 0 
   384.71 1.8710e-16    385.48 0 
   394.58 1.8753e-16    395.37 0 
   404.70 1.8411e-16    405.51 0 
   414.13 1.7951e-16    414.95 0 
   421.83 1.7502e-16    422.67 0 
   429.67 1.7103e-16    430.53 0 
   440.69 1.6675e-16    441.57 0 
   450.96 1.6184e-16    451.86 0 
   460.40 1.5743e-16    461.32 0 
   470.04 1.5314e-16    470.98 0 
   479.88 1.4965e-16    480.84 0 
   489.93 1.4457e-16    490.91 0 
   500.19 1.4193e-16    501.19 0 
   505.98 1.4193e-16    506.99 0 
   511.84 1.6146e-16    512.86 0 
   520.16 1.5925e-16    521.19 0 
   529.83 1.5598e-16    530.88 0 
   539.68 1.4931e-16    540.75 0 
   549.71 1.5670e-16    550.81 0 
   559.93 1.6333e-16    561.05 0 
   570.34 1.6714e-16    571.48 0 
   579.61 1.6072e-16    580.76 0 
   590.38 1.6985e-16    591.56 0 
   599.98 1.6714e-16    601.17 0 
   609.73 1.6791e-16    610.94 0 
   619.63 1.8710e-16    620.87 0 
   629.70 1.9058e-16    630.96 0 
   639.93 1.9190e-16    641.21 0 
   650.33 2.0141e-16    651.63 0 
   657.86 2.0515e-16    659.17 0 
   665.48 2.1334e-16    666.81 0 
   674.74 2.1631e-16    676.08 0 
   685.70 2.1042e-16    687.07 0 
   695.24 2.4439e-16    696.63 0 
   704.91 2.3178e-16    706.32 0 
   716.37 2.6735e-16    717.79 0 
   726.33 2.7547e-16    727.78 0 
   734.74 2.8319e-16    736.21 0 
   744.96 3.0414e-16    746.45 0 
   755.33 3.1774e-16    756.83 0 
   765.83 3.2291e-16    767.36 0 
   774.70 3.5243e-16    776.25 0 
   785.48 3.6819e-16    787.05 0 
   794.57 3.8555e-16    796.16 0 
   805.63 4.0186e-16    807.24 0 
   814.96 4.1503e-16    816.58 0 
   824.39 4.4676e-16    826.04 0 
   835.86 3.8644e-16    837.53 0 
   845.54 4.7106e-16    847.23 0 
   855.33 4.8538e-16    857.04 0 
   865.24 5.1770e-16    866.96 0 
   875.25 5.4711e-16    877.00 0 
   885.39 5.8355e-16    887.16 0 
   895.64 6.1105e-16    897.43 0 
   906.01 6.1813e-16    907.82 0 
   914.40 8.4349e-16    916.22 0 
   924.98 4.6567e-15    926.83 0 
   935.70 9.9558e-15    937.56 0 
   944.35 1.8840e-14    946.24 0 
   955.29 2.6066e-14    957.19 0 
   964.13 3.0275e-14    966.05 0 
   975.29 5.8759e-15    977.24 0 
   984.32 2.7866e-14    986.28 0 
   995.71 2.8254e-14    997.70 0 
  1004.93 3.8289e-14   1006.93 0 
  1014.23 3.5734e-14   1016.25 0 
  1025.97 1.5138e-14   1028.02 0 
  1035.46 2.6066e-14   1037.53 0 
  1045.04 4.6998e-14   1047.13 0 
  1054.71 4.6140e-14   1056.82 0 
  1064.47 3.7677e-14   1066.60 0 
  1074.32 4.3760e-14   1076.47 0 
  1084.26 3.5734e-14   1086.43 0 
  1094.30 4.5090e-14   1096.48 0 
  1104.42 4.3259e-14   1106.62 0 
  1114.64 4.1983e-14   1116.86 0 
  1124.95 3.8026e-14   1127.20 0 
  1135.36 4.6140e-14   1137.63 0 
  1145.87 4.2080e-14   1148.15 0 
  1153.81 4.4063e-14   1156.11 0 
  1164.49 4.5298e-14   1166.81 0 
  1175.26 3.2740e-14   1177.61 0 
  1186.14 4.3359e-14   1188.50 0 
  1194.36 3.1266e-14   1196.74 0 
  1205.41 2.3501e-14   1207.81 0 
  1213.76 1.4259e-14   1216.19 0 
  1225.00 2.8979e-14   1227.44 0 
  1236.33 4.2274e-14   1238.80 0 
  1244.90 4.6246e-14   1247.38 0 
  1256.42 4.4574e-14   1258.93 0 
  1265.13 3.9091e-14   1267.65 0 
  1273.90 4.8426e-14   1276.44 0 
  1285.68 5.0128e-14   1288.25 0 
  1294.60 4.1407e-14   1297.18 0 
  1303.57 4.0745e-14   1306.17 0 
  1315.63 4.8874e-14   1318.26 0 
  1324.75 4.6890e-14   1327.39 0 
  1333.93 4.2372e-14   1336.60 0 
  1346.28 4.8426e-14   1348.96 0 
  1355.61 4.6998e-14   1358.31 0 
  1365.01 4.2764e-14   1367.73 0 
  1374.47 4.4267e-14   1377.21 0 
  1383.99 4.4574e-14   1386.76 0 
  1393.59 3.8911e-14   1396.37 0 
  1406.48 4.0002e-14   1409.29 0 
  1416.23 4.1503e-14   1419.06 0 
  1426.05 4.1887e-14   1428.89 0 
  1435.93 4.1694e-14   1438.80 0 
  1442.56 4.3459e-14   1445.44 0 
  1445.89 4.3861e-14   1448.77 0 
  1455.91 4.2764e-14   1458.81 0 
  1466.00 3.9910e-14   1468.93 0 
  1476.16 3.9635e-14   1479.11 0 
  1486.40 4.0002e-14   1489.36 0 
  1496.70 4.0372e-14   1499.69 0 
  1503.61 3.8466e-14   1506.61 0 
  1510.55 3.4840e-14   1513.56 0 
  1517.52 3.6819e-14   1520.55 0 
  1524.52 3.5816e-14   1527.57 0 
  1535.09 3.1701e-14   1538.15 0 
  1545.73 3.3735e-14   1548.82 0 
  1556.45 3.1995e-14   1559.55 0 
  1563.63 3.2740e-14   1566.75 0 
  1574.47 3.4600e-14   1577.61 0 
  1585.38 3.5734e-14   1588.55 0 
  1596.37 3.6398e-14   1599.56 0 
  1603.74 3.5406e-14   1606.94 0 
  1614.86 3.5325e-14   1618.08 0 
  1626.05 3.3657e-14   1629.30 0 
  1633.56 3.5406e-14   1636.82 0 
  1644.88 3.5651e-14   1648.16 0 
  1656.28 3.3349e-14   1659.59 0 
  1663.93 3.5816e-14   1667.25 0 
  1671.61 3.2515e-14   1674.94 0 
  1675.46 3.5981e-14   1678.80 0 
  1683.20 3.6904e-14   1686.55 0 
  1694.86 3.4920e-14   1698.24 0 
  1706.61 3.3657e-14   1710.02 0 
  1714.49 3.2216e-14   1717.91 0 
  1726.37 3.1921e-14   1729.82 0 
  1734.34 3.3580e-14   1737.80 0 
  1746.36 3.2815e-14   1749.85 0 
  1754.42 3.4441e-14   1757.92 0 
  1766.58 3.1848e-14   1770.11 0 
  1774.74 3.2515e-14   1778.28 0 
  1787.04 3.2891e-14   1790.61 0 
  1795.29 3.4521e-14   1798.87 0 
  1803.58 3.4125e-14   1807.17 0 
  1816.08 3.1995e-14   1819.70 0 
  1824.46 3.2365e-14   1828.10 0 
  1837.11 3.1338e-14   1840.77 0 
  1845.59 2.8979e-14   1849.27 0 
  1854.11 2.9112e-14   1857.80 0 
  1866.96 2.9790e-14   1870.68 0 
  1875.57 3.1556e-14   1879.32 0 
  1884.23 2.9314e-14   1887.99 0 
  1892.93 2.8254e-14   1896.71 0 
  1906.05 2.9585e-14   1909.85 0 
  1914.85 2.8647e-14   1918.67 0 
  1923.69 2.7930e-14   1927.53 0 
  1937.02 2.8450e-14   1940.89 0 
  1945.96 2.9790e-14   1949.84 0 
  1954.94 2.7995e-14   1958.84 0 
  1968.50 3.0066e-14   1972.42 0 
  1977.58 3.0625e-14   1981.53 0 
  1982.14 2.9180e-14   1986.10 0 
  1995.88 2.8450e-14   1999.86 0 
  2005.09 2.8979e-14   2009.09 0 
  2014.35 2.8254e-14   2018.37 0 
  2023.65 2.9045e-14   2027.68 0 
  2032.99 2.7866e-14   2037.04 0 
  2047.08 2.8581e-14   2051.16 0 
  2056.53 2.6982e-14   2060.63 0 
  2066.02 2.7295e-14   2070.14 0 
  2075.56 2.9112e-14   2079.70 0 
  2080.34 2.8254e-14   2084.49 0 
  2085.14 2.9112e-14   2089.30 0 
  2094.76 2.7674e-14   2098.94 0 
  2104.43 2.7802e-14   2108.63 0 
  2114.14 2.8059e-14   2118.36 0 
  2123.90 2.8189e-14   2128.14 0 
  2133.70 2.6551e-14   2137.96 0 
  2143.55 2.7107e-14   2147.83 0 
  2153.45 2.7802e-14   2157.74 0 
  2163.39 2.6858e-14   2167.70 0 
  2173.37 2.6673e-14   2177.71 0 
  2183.41 2.6490e-14   2187.76 0 
  2193.48 2.7421e-14   2197.86 0 
  2203.61 2.6673e-14   2208.01 0 
  2213.78 2.5414e-14   2218.20 0 
  2224.00 2.4836e-14   2228.44 0 
  2234.26 2.6307e-14   2238.72 0 
  2244.58 2.5356e-14   2249.05 0 
  2254.94 2.4270e-14   2259.44 0 
  2265.35 2.4551e-14   2269.86 0 
  2275.80 2.5066e-14   2280.34 0 
  2286.31 2.5649e-14   2290.87 0 
  2296.86 2.4217e-14   2301.44 0 
  2307.46 2.4518e-14   2312.07 0 
  2312.78 2.3587e-14   2317.39 0 
  2323.46 1.9680e-14   2328.09 0 
  2334.18 2.2050e-14   2338.84 0 
  2344.95 2.1172e-14   2349.63 0 
  2355.78 2.2863e-14   2360.48 0 
  2366.65 2.1062e-14   2371.37 0 
  2377.58 2.1671e-14   2382.32 0 
  2383.06 2.0048e-14   2387.81 0 
  2394.06 2.1156e-14   2398.83 0 
  2405.11 2.0503e-14   2409.91 0 
  2416.21 2.0854e-14   2421.03 0 
  2427.36 2.2160e-14   2432.20 0 
  2432.96 2.1417e-14   2437.81 0 
  2444.19 2.2446e-14   2449.06 0 
  2455.47 2.2208e-14   2460.37 0 
  2466.80 2.1923e-14   2471.72 0 
  2472.49 2.1139e-14   2477.42 0 
  2483.90 2.1158e-14   2488.86 0 
  2495.37 1.9900e-14   2500.35 0 
  2506.89 2.2297e-14   2511.89 0 
  2512.66 1.9790e-14   2517.68 0 
  2518.46 2.0028e-14   2523.48 0 
  2524.26 1.9446e-14   2529.30 0 
  2535.91 1.9825e-14   2540.97 0 
  2547.62 1.9661e-14   2552.70 0 
  2553.49 2.1077e-14   2558.59 0 
  2565.28 2.0427e-14   2570.40 0 
  2577.12 2.1409e-14   2582.26 0 
  2583.06 2.1077e-14   2588.21 0 
  2594.98 2.0759e-14   2600.16 0 
  2606.96 2.0026e-14   2612.16 0 
  2612.97 1.9670e-14   2618.18 0 
  2625.03 2.0616e-14   2630.27 0 
  2637.15 2.1608e-14   2642.41 0 
  2643.23 2.3432e-14   2648.50 0 
  2655.43 2.4334e-14   2660.72 0 
  2667.68 2.1909e-14   2673.01 0 
  2673.83 2.2794e-14   2679.17 0 
  2686.18 2.3027e-14   2691.54 0 
  2692.37 2.1599e-14   2697.74 0 
  2704.80 2.2380e-14   2710.19 0 
  2717.28 2.0954e-14   2722.70 0 
  2723.55 2.0724e-14   2728.98 0 
  2736.12 2.1672e-14   2741.57 0 
  2742.42 1.8841e-14   2747.89 0 
  2755.08 1.9477e-14   2760.58 0 
  2767.80 2.0367e-14   2773.32 0 
  2774.18 2.1142e-14   2779.71 0 
  2786.98 1.9524e-14   2792.54 0 
  2793.41 1.5987e-14   2798.98 0 
  2806.30 1.6951e-14   2811.90 0 
  2812.77 2.0674e-14   2818.38 0 
  2825.75 2.2021e-14   2831.39 0 
  2832.27 2.1333e-14   2837.92 0 
  2845.34 2.0535e-14   2851.02 0 
  2851.90 1.9173e-14   2857.59 0 
  2865.06 2.1734e-14   2870.78 0 
  2878.29 2.2211e-14   2884.03 0 
  2884.92 2.1867e-14   2890.68 0 
  2898.24 2.2091e-14   2904.02 0 
  2911.62 2.4135e-14   2917.43 0 
  2931.80 2.3031e-14   2937.65 0 
  2952.12 2.2489e-14   2958.01 0 
  2972.59 2.2889e-14   2978.52 0 
  2993.19 2.2872e-14   2999.16 0 
  3007.01 2.3107e-14   3013.01 0 
  3027.85 2.3143e-14   3033.89 0 
  3048.84 2.3286e-14   3054.92 0 
  3069.97 2.3431e-14   3076.10 0 
  3091.25 2.3468e-14   3097.42 0 
  3112.68 2.3722e-14   3118.89 0 
  3127.05 2.3207e-14   3133.29 0 
  3148.72 2.3191e-14   3155.01 0 
  3170.55 2.3551e-14   3176.87 0 
  3192.53 2.2219e-14   3198.90 0 
  3207.26 2.3077e-14   3213.66 0 
  3229.49 2.1722e-14   3235.94 0 
  3251.88 2.3692e-14   3258.37 0 
  3266.89 2.4836e-14   3273.41 0 
  3289.53 2.4592e-14   3296.10 0 
  3312.34 2.4295e-14   3318.94 0 
  3319.97 2.4142e-14   3326.60 0 
  3327.63 2.4435e-14   3334.26 0 
  3335.30 2.5897e-14   3341.95 0 
  3342.99 2.4016e-14   3349.66 0 
  3350.69 2.5220e-14   3357.38 0 
  3358.42 2.5002e-14   3365.12 0 
  3366.16 2.3401e-14   3372.87 0 
  3373.92 2.1651e-14   3380.65 0 
  3381.69 2.3698e-14   3388.44 0 
  3389.49 2.4944e-14   3396.25 0 
  3397.30 2.3945e-14   3404.08 0 
  3405.14 2.4516e-14   3411.93 0 
  3412.98 2.4082e-14   3419.79 0 
  3420.85 2.4488e-14   3427.68 0 
  3428.74 2.4502e-14   3435.58 0 
  3436.64 2.4516e-14   3443.50 0 
  3444.57 2.1463e-14   3451.44 0 
  3452.51 2.5465e-14   3459.39 0 
  3460.46 2.3615e-14   3467.37 0 
  3468.44 2.3738e-14   3475.36 0 
  3476.44 2.3211e-14   3483.37 0 
  3484.45 2.3985e-14   3491.40 0 
  3492.48 2.3453e-14   3499.45 0 
  3500.54 2.2617e-14   3507.52 0 
  3508.60 2.4193e-14   3515.60 0 
  3516.69 2.2592e-14   3523.71 0 
  3524.80 2.3561e-14   3531.83 0 
  3532.93 2.4629e-14   3539.97 0 
  3541.07 2.5218e-14   3548.13 0 
  3549.23 2.5880e-14   3556.31 0 
  3557.41 2.4559e-14   3564.51 0 
  3565.61 2.5673e-14   3572.73 0 
  3573.83 2.2168e-14   3580.96 0 
  3582.07 2.2645e-14   3589.22 0 
  3590.33 2.0241e-14   3597.49 0 
  3598.61 2.4182e-14   3605.79 0 
  3606.90 2.3214e-14   3614.10 0 
  3607.60 2.3432e-14   3614.80 1 
  3610.35 1.8902e-14   3617.55 1 
  3613.09 2.7159e-14   3620.30 1 
  3615.84 2.5562e-14   3623.05 1 
  3618.58 2.2750e-14   3625.80 1 
  3621.33 2.1197e-14   3628.55 1 
  3624.07 2.2262e-14   3631.30 1 
  3626.81 3.1101e-14   3634.05 1 
  3629.56 1.9941e-14   3636.80 1 
  3632.30 2.2489e-14   3639.55 1 
  3635.05 1.2749e-14   3642.30 1 
  3637.79 2.0132e-14   3645.05 1 
  3640.54 2.1313e-14   3647.80 1 
  3643.28 1.3812e-14   3650.55 1 
  3646.03 1.8255e-14   3653.30 1 
  3648.77 2.4495e-14   3656.05 1 
  3651.52 2.5611e-14   3658.80 1 
  3654.26 3.3114e-14   3661.55 1 
  3657.00 2.6532e-14   3664.30 1 
  3659.75 2.3811e-14   3667.05 1 
  3662.49 1.9451e-14   3669.80 1 
  3665.24 2.1588e-14   3672.55 1 
  3667.98 2.2118e-14   3675.30 1 
  3670.73 2.6578e-14   3678.05 1 
  3673.47 2.9700e-14   3680.80 1 
  3676.22 2.2300e-14   3683.55 1 
  3678.96 2.4343e-14   3686.30 1 
  3681.71 2.4512e-14   3689.05 1 
  3684.45 1.9586e-14   3691.80 1 
  3687.19 2.5903e-14   3694.55 1 
  3689.94 1.7319e-14   3697.30 1 
  3692.68 2.6762e-14   3700.05 1 
  3695.43 1.8710e-14   3702.80 1 
  3698.17 3.1060e-14   3705.55 1 
  3700.92 2.8804e-14   3708.30 1 
  3703.66 2.0471e-14   3711.05 1 
  3706.41 2.5673e-14   3713.80 1 
  3709.15 2.2417e-14   3716.55 1 
  3711.89 2.6339e-14   3719.30 1 
  3714.64 2.0744e-14   3722.05 1 
  3717.38 3.2537e-14   3724.80 1 
  3720.13 3.2354e-14   3727.55 1 
  3722.87 4.5749e-14   3730.30 1 
  3725.62 5.0774e-14   3733.05 1 
  3728.36 5.6114e-14   3735.80 1 
  3731.11 3.9408e-14   3738.55 1 
  3733.85 3.2434e-14   3741.30 1 
  3736.60 2.5261e-14   3744.05 1 
  3739.34 2.3348e-14   3746.80 1 
  3742.08 2.3960e-14   3749.55 1 
  3744.83 2.4586e-14   3752.30 1 
  3747.57 2.1575e-14   3755.05 1 
  3750.32 1.6527e-14   3757.80 1 
  3753.06 2.0678e-14   3760.55 1 
  3755.81 2.7998e-14   3763.30 1 
  3758.55 3.1621e-14   3766.05 1 
  3761.30 2.8916e-14   3768.80 1 
  3764.04 2.6700e-14   3771.55 1 
  3766.79 2.7427e-14   3774.30 1 
  3769.53 2.4976e-14   3777.05 1 
  3772.27 2.6394e-14   3779.80 1 
  3775.02 2.7230e-14   3782.55 1 
  3777.76 3.1473e-14   3785.30 1 
  3780.51 3.3130e-14   3788.05 1 
  3783.25 3.6172e-14   3790.80 1 
  3786.00 3.2691e-14   3793.55 1 
  3788.74 3.0113e-14   3796.30 1 
  3791.49 2.7836e-14   3799.05 1 
  3794.23 2.3351e-14   3801.80 1 
  3796.98 2.2774e-14   3804.55 1 
  3799.72 2.1389e-14   3807.30 1 
  3802.46 2.7466e-14   3810.05 1 
  3805.21 2.8982e-14   3812.80 1 
  3807.95 2.7346e-14   3815.55 1 
  3810.70 3.2656e-14   3818.30 1 
  3813.44 3.2295e-14   3821.05 1 
  3816.19 3.0416e-14   3823.80 1 
  3818.93 3.0024e-14   3826.55 1 
  3821.68 2.8754e-14   3829.30 1 
  3824.42 2.6219e-14   3832.05 1 
  3827.16 2.1423e-14   3834.80 1 
  3829.91 2.3540e-14   3837.55 1 
  3832.65 2.2410e-14   3840.30 1 
  3835.40 1.7825e-14   3843.05 1 
  3838.14 1.8167e-14   3845.80 1 
  3840.89 2.4209e-14   3848.55 1 
  3843.63 2.7456e-14   3851.30 1 
  3846.38 3.0549e-14   3854.05 1 
  3849.12 3.1220e-14   3856.80 1 
  3851.87 3.2474e-14   3859.55 1 
  3854.61 2.9829e-14   3862.30 1 
  3857.35 3.4770e-14   3865.05 1 
  3860.10 3.5081e-14   3867.80 1 
  3862.84 3.4131e-14   3870.55 1 
  3865.59 3.4689e-14   3873.30 1 
  3868.33 3.2871e-14   3876.05 1 
  3871.08 3.0680e-14   3878.80 1 
  3873.82 3.0538e-14   3881.55 1 
  3876.57 3.1197e-14   3884.30 1 
  3879.31 2.8400e-14   3887.05 1 
  3882.06 2.7956e-14   3889.80 1 
  3884.80 2.3343e-14   3892.55 1 
  3887.54 2.6263e-14   3895.30 1 
  3890.29 2.7690e-14   3898.05 1 
  3893.03 2.8293e-14   3900.80 1 
  3895.78 3.2730e-14   3903.55 1 
  3898.52 3.0960e-14   3906.30 1 
  3901.27 3.4456e-14   3909.05 1 
  3904.01 3.0904e-14   3911.80 1 
  3906.76 3.2522e-14   3914.55 1 
  3909.50 3.2832e-14   3917.30 1 
  3912.25 3.4305e-14   3920.05 1 
  3914.99 3.1736e-14   3922.80 1 
  3917.73 3.6467e-14   3925.55 1 
  3920.48 3.3484e-14   3928.30 1 
  3923.22 3.1423e-14   3931.05 1 
  3925.97 2.9962e-14   3933.80 1 
  3928.71 2.6490e-14   3936.55 1 
  3931.46 2.2662e-14   3939.30 1 
  3934.20 2.8072e-14   3942.05 1 
  3936.95 2.9212e-14   3944.80 1 
  3939.69 3.5355e-14   3947.55 1 
  3942.43 3.4202e-14   3950.30 1 
  3945.18 3.2277e-14   3953.05 1 
  3947.92 3.4484e-14   3955.80 1 
  3950.67 3.3441e-14   3958.55 1 
  3953.41 3.1730e-14   3961.30 1 
  3956.16 2.9071e-14   3964.05 1 
  3958.90 2.5335e-14   3966.80 1 
  3961.65 2.5196e-14   3969.55 1 
  3964.39 2.3398e-14   3972.30 1 
  3967.14 2.2111e-14   3975.05 1 
  3969.88 2.6037e-14   3977.80 1 
  3972.62 2.2802e-14   3980.55 1 
  3975.37 3.1559e-14   3983.30 1 
  3978.11 3.3705e-14   3986.05 1 
  3980.86 2.7896e-14   3988.80 1 
  3983.60 3.3314e-14   3991.55 1 
  3986.35 3.5816e-14   3994.30 1 
  3989.09 3.9223e-14   3997.05 1 
  3991.84 3.7271e-14   3999.80 1 
  3994.58 3.8317e-14   4002.55 1 
  3997.33 3.6227e-14   4005.30 1 
  4000.07 3.6797e-14   4008.05 1 
  4002.81 3.4776e-14   4010.80 1 
  4005.56 3.6142e-14   4013.55 1 
  4008.30 3.2926e-14   4016.30 1 
  4011.05 3.9007e-14   4019.05 1 
  4013.79 3.9698e-14   4021.80 1 
  4016.54 3.6109e-14   4024.55 1 
  4019.28 4.0573e-14   4027.30 1 
  4022.03 3.8120e-14   4030.05 1 
  4024.77 3.9038e-14   4032.80 1 
  4027.52 3.5099e-14   4035.55 1 
  4030.26 3.6638e-14   4038.30 1 
  4033.00 3.5346e-14   4041.05 1 
  4035.75 3.6604e-14   4043.80 1 
  4038.49 3.6250e-14   4046.55 1 
  4041.24 3.8155e-14   4049.30 1 
  4043.98 3.7058e-14   4052.05 1 
  4046.73 3.4292e-14   4054.80 1 
  4049.47 3.6732e-14   4057.55 1 
  4052.22 3.4823e-14   4060.30 1 
  4054.96 3.3872e-14   4063.05 1 
  4057.70 3.0463e-14   4065.80 1 
  4060.45 3.7064e-14   4068.55 1 
  4063.19 3.3452e-14   4071.30 1 
  4065.94 3.5256e-14   4074.05 1 
  4068.68 3.7965e-14   4076.80 1 
  4071.43 3.6892e-14   4079.55 1 
  4074.17 3.3121e-14   4082.30 1 
  4076.92 3.4345e-14   4085.05 1 
  4079.66 3.3983e-14   4087.80 1 
  4082.41 3.2940e-14   4090.55 1 
  4085.15 3.6715e-14   4093.30 1 
  4087.89 3.4764e-14   4096.05 1 
  4090.64 3.4308e-14   4098.80 1 
  4093.38 3.0972e-14   4101.55 1 
  4096.13 3.1019e-14   4104.30 1 
  4098.87 2.8834e-14   4107.05 1 
  4101.62 2.9152e-14   4109.80 1 
  4104.36 3.0247e-14   4112.55 1 
  4107.11 3.1275e-14   4115.30 1 
  4109.85 3.4303e-14   4118.05 1 
  4112.60 3.3233e-14   4120.80 1 
  4115.34 3.5233e-14   4123.55 1 
  4118.08 3.3917e-14   4126.30 1 
  4120.83 3.5525e-14   4129.05 1 
  4123.57 3.4212e-14   4131.80 1 
  4126.32 3.3699e-14   4134.55 1 
  4129.06 3.2568e-14   4137.30 1 
  4131.81 3.5730e-14   4140.05 1 
  4134.55 3.6438e-14   4142.80 1 
  4137.30 3.6889e-14   4145.55 1 
  4140.04 3.6450e-14   4148.30 1 
  4142.78 3.2837e-14   4151.05 1 
  4145.53 3.4600e-14   4153.80 1 
  4148.27 3.5111e-14   4156.55 1 
  4151.02 3.3467e-14   4159.30 1 
  4153.76 3.1482e-14   4162.05 1 
  4156.51 3.6020e-14   4164.80 1 
  4159.25 3.8709e-14   4167.55 1 
  4162.00 3.6898e-14   4170.30 1 
  4164.74 3.4983e-14   4173.05 1 
  4167.49 3.7176e-14   4175.80 1 
  4170.23 3.6919e-14   4178.55 1 
  4172.97 3.6030e-14   4181.30 1 
  4175.72 3.4469e-14   4184.05 1 
  4178.46 3.6382e-14   4186.80 1 
  4181.21 3.8832e-14   4189.55 1 
  4183.95 3.7757e-14   4192.30 1 
  4186.70 3.7136e-14   4195.05 1 
  4189.44 3.6212e-14   4197.80 1 
  4192.19 3.3605e-14   4200.55 1 
  4194.93 3.5635e-14   4203.30 1 
  4197.68 3.6684e-14   4206.05 1 
  4200.42 3.4830e-14   4208.80 1 
  4203.16 3.4519e-14   4211.55 1 
  4205.91 3.5190e-14   4214.30 1 
  4208.65 3.5895e-14   4217.05 1 
  4211.40 3.8085e-14   4219.80 1 
  4214.14 3.8217e-14   4222.55 1 
  4216.89 3.6489e-14   4225.30 1 
  4219.63 3.5285e-14   4228.05 1 
  4222.38 3.5264e-14   4230.80 1 
  4225.12 3.6423e-14   4233.55 1 
  4227.87 3.4415e-14   4236.30 1 
  4230.61 3.3740e-14   4239.05 1 
  4233.35 3.6001e-14   4241.80 1 
  4236.10 3.6814e-14   4244.55 1 
  4238.84 3.6204e-14   4247.30 1 
  4241.59 3.6035e-14   4250.05 1 
  4244.33 3.6818e-14   4252.80 1 
  4247.08 3.5618e-14   4255.55 1 
  4249.82 3.4172e-14   4258.30 1 
  4252.57 3.4639e-14   4261.05 1 
  4255.31 3.6631e-14   4263.80 1 
  4258.05 3.4914e-14   4266.55 1 
  4260.80 3.5024e-14   4269.30 1 
  4263.54 3.5842e-14   4272.05 1 
  4266.29 3.4213e-14   4274.80 1 
  4269.03 3.2084e-14   4277.55 1 
  4271.78 3.3306e-14   4280.30 1 
  4274.52 3.5727e-14   4283.05 1 
  4277.27 3.6010e-14   4285.80 1 
  4280.01 3.3854e-14   4288.55 1 
  4282.76 3.3808e-14   4291.30 1 
  4285.50 3.5075e-14   4294.05 1 
  4288.24 3.4132e-14   4296.80 1 
  4290.99 3.3558e-14   4299.55 1 
  4293.73 3.2391e-14   4302.30 1 
  4296.48 3.1098e-14   4305.05 1 
  4299.22 3.0348e-14   4307.80 1 
  4301.97 2.9567e-14   4310.55 1 
  4304.71 2.9740e-14   4313.30 1 
  4307.46 3.2111e-14   4316.05 1 
  4310.20 3.2160e-14   4318.80 1 
  4312.95 3.3546e-14   4321.55 1 
  4315.69 3.6388e-14   4324.30 1 
  4318.43 3.4435e-14   4327.05 1 
  4321.18 3.5183e-14   4329.80 1 
  4323.92 3.4137e-14   4332.55 1 
  4326.67 3.2669e-14   4335.30 1 
  4329.41 3.2628e-14   4338.05 1 
  4332.16 3.2174e-14   4340.80 1 
  4334.90 3.2757e-14   4343.55 1 
  4337.65 3.3904e-14   4346.30 1 
  4340.39 3.3903e-14   4349.05 1 
  4343.14 3.4152e-14   4351.80 1 
  4345.88 3.3573e-14   4354.55 1 
  4348.62 3.2325e-14   4357.30 1 
  4351.37 3.1278e-14   4360.05 1 
  4354.11 3.3962e-14   4362.80 1 
  4356.86 3.5370e-14   4365.55 1 
  4359.60 3.5340e-14   4368.30 1 
  4362.35 3.6594e-14   4371.05 1 
  4365.09 3.5611e-14   4373.80 1 
  4367.84 3.6571e-14   4376.55 1 
  4370.58 3.7739e-14   4379.30 1 
  4373.33 3.5106e-14   4382.05 1 
  4376.07 3.3938e-14   4384.80 1 
  4378.81 3.5272e-14   4387.55 1 
  4381.56 3.3683e-14   4390.30 1 
  4384.30 3.2162e-14   4393.05 1 
  4387.05 3.2108e-14   4395.80 1 
  4389.79 3.3064e-14   4398.55 1 
  4392.54 3.4600e-14   4401.30 1 
  4395.28 3.3783e-14   4404.05 1 
  4398.03 3.5773e-14   4406.80 1 
  4400.77 3.5180e-14   4409.55 1 
  4403.51 3.6136e-14   4412.30 1 
  4406.26 3.4147e-14   4415.05 1 
  4409.00 3.4215e-14   4417.80 1 
  4411.75 3.5334e-14   4420.55 1 
  4414.49 3.5371e-14   4423.30 1 
  4417.24 3.7437e-14   4426.05 1 
  4419.98 3.4918e-14   4428.80 1 
  4422.73 3.5409e-14   4431.55 1 
  4425.47 3.7621e-14   4434.30 1 
  4428.22 3.5433e-14   4437.05 1 
  4430.96 3.6379e-14   4439.80 1 
  4433.70 3.6256e-14   4442.55 1 
  4436.45 3.7901e-14   4445.30 1 
  4439.19 3.6852e-14   4448.05 1 
  4441.94 3.6166e-14   4450.80 1 
  4444.68 3.7409e-14   4453.55 1 
  4447.43 3.6992e-14   4456.30 1 
  4450.17 3.5666e-14   4459.05 1 
  4452.92 3.5721e-14   4461.80 1 
  4455.66 3.5674e-14   4464.55 1 
  4458.41 3.6125e-14   4467.30 1 
  4461.15 3.5221e-14   4470.05 1 
  4463.89 3.7266e-14   4472.80 1 
  4466.64 3.4075e-14   4475.55 1 
  4469.38 3.7389e-14   4478.30 1 
  4472.13 3.7857e-14   4481.05 1 
  4474.87 3.9725e-14   4483.80 1 
  4477.62 3.7980e-14   4486.55 1 
  4480.36 3.7562e-14   4489.30 1 
  4483.11 3.6430e-14   4492.05 1 
  4485.85 3.5371e-14   4494.80 1 
  4488.60 3.6950e-14   4497.55 1 
  4491.34 3.5247e-14   4500.30 1 
  4494.08 3.7691e-14   4503.05 1 
  4496.83 3.9476e-14   4505.80 1 
  4499.57 3.7547e-14   4508.55 1 
  4502.32 3.9938e-14   4511.30 1 
  4505.06 3.7519e-14   4514.05 1 
  4507.81 3.7526e-14   4516.80 1 
  4510.55 3.8824e-14   4519.55 1 
  4513.30 4.0244e-14   4522.30 1 
  4516.04 3.8707e-14   4525.05 1 
  4518.78 3.8388e-14   4527.80 1 
  4521.53 3.6449e-14   4530.55 1 
  4524.27 3.6360e-14   4533.30 1 
  4527.02 3.6388e-14   4536.05 1 
  4529.76 3.4540e-14   4538.80 1 
  4532.51 3.4052e-14   4541.55 1 
  4535.25 3.7834e-14   4544.30 1 
  4538.00 3.7453e-14   4547.05 1 
  4540.74 3.8920e-14   4549.80 1 
  4543.49 3.6342e-14   4552.55 1 
  4546.23 3.6467e-14   4555.30 1 
  4548.97 3.7357e-14   4558.05 1 
  4551.72 3.8259e-14   4560.80 1 
  4554.46 3.4352e-14   4563.55 1 
  4557.21 3.6358e-14   4566.30 1 
  4559.95 3.8115e-14   4569.05 1 
  4562.70 3.7181e-14   4571.80 1 
  4565.44 3.4235e-14   4574.55 1 
  4568.19 3.8549e-14   4577.30 1 
  4570.93 3.6671e-14   4580.05 1 
  4573.68 3.9632e-14   4582.80 1 
  4576.42 3.7691e-14   4585.55 1 
  4579.16 3.8311e-14   4588.30 1 
  4581.91 3.6252e-14   4591.05 1 
  4584.65 3.5720e-14   4593.80 1 
  4587.40 3.6664e-14   4596.55 1 
  4590.14 3.6757e-14   4599.30 1 
  4592.89 3.6706e-14   4602.05 1 
  4595.63 3.6814e-14   4604.80 1 
  4598.38 3.6911e-14   4607.55 1 
  4601.12 3.7461e-14   4610.30 1 
  4603.87 3.8596e-14   4613.05 1 
  4606.61 3.8858e-14   4615.80 1 
  4609.35 3.9406e-14   4618.55 1 
  4612.10 3.8074e-14   4621.30 1 
  4614.84 4.0721e-14   4624.05 1 
  4617.59 3.7421e-14   4626.80 1 
  4620.33 3.7647e-14   4629.55 1 
  4623.08 3.8815e-14   4632.30 1 
  4625.82 3.7552e-14   4635.05 1 
  4628.57 3.7734e-14   4637.80 1 
  4631.31 3.9615e-14   4640.55 1 
  4634.05 4.0455e-14   4643.30 1 
  4636.80 3.8547e-14   4646.05 1 
  4639.54 3.9442e-14   4648.80 1 
  4642.29 3.8542e-14   4651.55 1 
  4645.03 3.6329e-14   4654.30 1 
  4647.78 3.7964e-14   4657.05 1 
  4650.52 3.8170e-14   4659.80 1 
  4653.27 4.0379e-14   4662.55 1 
  4656.01 4.5155e-14   4665.30 1 
  4658.76 4.4200e-14   4668.05 1 
  4661.50 4.0045e-14   4670.80 1 
  4664.24 3.6705e-14   4673.55 1 
  4666.99 3.6250e-14   4676.30 1 
  4669.73 3.7701e-14   4679.05 1 
  4672.48 3.6441e-14   4681.80 1 
  4675.22 3.7291e-14   4684.55 1 
  4677.97 3.7257e-14   4687.30 1 
  4680.71 3.8570e-14   4690.05 1 
  4683.46 3.7076e-14   4692.80 1 
  4686.20 3.8317e-14   4695.55 1 
  4688.95 3.8519e-14   4698.30 1 
  4691.69 3.8422e-14   4701.05 1 
  4694.43 3.6669e-14   4703.80 1 
  4697.18 3.4690e-14   4706.55 1 
  4699.92 3.3163e-14   4709.30 1 
  4702.67 3.1570e-14   4712.05 1 
  4705.41 3.6480e-14   4714.80 1 
  4708.16 3.5351e-14   4717.55 1 
  4710.90 3.6515e-14   4720.30 1 
  4713.65 3.8042e-14   4723.05 1 
  4716.39 3.5464e-14   4725.80 1 
  4719.14 3.8572e-14   4728.55 1 
  4721.88 3.7652e-14   4731.30 1 
  4724.62 3.5631e-14   4734.05 1 
  4727.37 3.7291e-14   4736.80 1 
  4730.11 3.5512e-14   4739.55 1 
  4732.86 3.4717e-14   4742.30 1 
  4735.60 3.6178e-14   4745.05 1 
  4738.35 3.7843e-14   4747.80 1 
  4741.09 3.7552e-14   4750.55 1 
  4743.84 3.6314e-14   4753.30 1 
  4746.58 3.7054e-14   4756.05 1 
  4749.32 3.6050e-14   4758.80 1 
  4752.07 3.6420e-14   4761.55 1 
  4754.81 3.8171e-14   4764.30 1 
  4757.56 3.9462e-14   4767.05 1 
  4760.30 3.5335e-14   4769.80 1 
  4763.05 3.5381e-14   4772.55 1 
  4765.79 3.5316e-14   4775.30 1 
  4768.54 3.4775e-14   4778.05 1 
  4771.28 3.7286e-14   4780.80 1 
  4774.03 3.7560e-14   4783.55 1 
  4776.77 3.6603e-14   4786.30 1 
  4779.51 3.5345e-14   4789.05 1 
  4782.26 3.4602e-14   4791.80 1 
  4785.00 3.6614e-14   4794.55 1 
  4787.75 3.8009e-14   4797.30 1 
  4790.49 3.6765e-14   4800.05 1 
  4793.24 3.7737e-14   4802.80 1 
  4795.98 3.7115e-14   4805.55 1 
  4798.73 3.5738e-14   4808.30 1 
  4801.47 3.7387e-14   4811.05 1 
  4804.22 3.8484e-14   4813.80 1 
  4806.96 3.7605e-14   4816.55 1 
  4809.70 3.8480e-14   4819.30 1 
  4812.45 3.8018e-14   4822.05 1 
  4815.19 3.7414e-14   4824.80 1 
  4817.94 3.7675e-14   4827.55 1 
  4820.68 3.8227e-14   4830.30 1 
  4823.43 3.6299e-14   4833.05 1 
  4826.17 3.6532e-14   4835.80 1 
  4828.92 3.9148e-14   4838.55 1 
  4831.66 3.6844e-14   4841.30 1 
  4834.41 3.6232e-14   4844.05 1 
  4837.15 3.8699e-14   4846.80 1 
  4839.89 3.5368e-14   4849.55 1 
  4842.64 3.6198e-14   4852.30 1 
  4845.38 3.5483e-14   4855.05 1 
  4848.13 3.5329e-14   4857.80 1 
  4850.87 3.5044e-14   4860.55 1 
  4853.62 3.3896e-14   4863.30 1 
  4856.36 3.7371e-14   4866.05 1 
  4859.11 4.5370e-14   4868.80 1 
  4861.85 4.4396e-14   4871.55 1 
  4864.59 4.2425e-14   4874.30 1 
  4867.34 3.5902e-14   4877.05 1 
  4870.08 3.3616e-14   4879.80 1 
  4872.83 3.4029e-14   4882.55 1 
  4875.57 3.3654e-14   4885.30 1 
  4878.32 3.6306e-14   4888.05 1 
  4881.06 3.5769e-14   4890.80 1 
  4883.81 3.5543e-14   4893.55 1 
  4886.55 3.4811e-14   4896.30 1 
  4889.30 3.4537e-14   4899.05 1 
  4892.04 3.5412e-14   4901.80 1 
  4894.78 3.7233e-14   4904.55 1 
  4897.53 3.6721e-14   4907.30 1 
  4900.27 3.5636e-14   4910.05 1 
  4903.02 3.6672e-14   4912.80 1 
  4905.76 3.7751e-14   4915.55 1 
  4908.51 3.6221e-14   4918.30 1 
  4911.25 3.7051e-14   4921.05 1 
  4914.00 3.4940e-14   4923.80 1 
  4916.74 3.4082e-14   4926.55 1 
  4919.49 3.4987e-14   4929.30 1 
  4922.23 3.2960e-14   4932.05 1 
  4924.97 3.4362e-14   4934.80 1 
  4927.72 3.4964e-14   4937.55 1 
  4930.46 3.6682e-14   4940.30 1 
  4933.21 3.6231e-14   4943.05 1 
  4935.95 3.3858e-14   4945.80 1 
  4938.70 3.7137e-14   4948.55 1 
  4941.44 3.7179e-14   4951.30 1 
  4944.19 3.5539e-14   4954.05 1 
  4946.93 3.5101e-14   4956.80 1 
  4949.68 3.7040e-14   4959.55 1 
  4952.42 3.6577e-14   4962.30 1 
  4955.16 3.6142e-14   4965.05 1 
  4957.91 3.8097e-14   4967.80 1 
  4960.65 3.7502e-14   4970.55 1 
  4963.40 3.8497e-14   4973.30 1 
  4966.14 3.6415e-14   4976.05 1 
  4968.89 3.6765e-14   4978.80 1 
  4971.63 3.6971e-14   4981.55 1 
  4974.38 3.5918e-14   4984.30 1 
  4977.12 3.6123e-14   4987.05 1 
  4979.86 3.5391e-14   4989.80 1 
  4982.61 3.3853e-14   4992.55 1 
  4985.35 3.5116e-14   4995.30 1 
  4988.10 3.5380e-14   4998.05 1 
  4990.84 3.6113e-14   5000.80 1 
  4993.59 3.5710e-14   5003.55 1 
  4996.33 3.5072e-14   5006.30 1 
  4999.08 3.4626e-14   5009.05 1 
  5001.82 3.5669e-14   5011.80 1 
  5004.57 3.7993e-14   5014.55 1 
  5007.31 4.0947e-14   5017.30 1 
  5010.05 3.7133e-14   5020.05 1 
  5012.80 3.3905e-14   5022.80 1 
  5015.54 3.3015e-14   5025.55 1 
  5018.29 3.3472e-14   5028.30 1 
  5021.03 3.3417e-14   5031.05 1 
  5023.78 3.3518e-14   5033.80 1 
  5026.52 3.6187e-14   5036.55 1 
  5029.27 3.2896e-14   5039.30 1 
  5032.01 3.2070e-14   5042.05 1 
  5034.76 3.4906e-14   5044.80 1 
  5037.50 3.4760e-14   5047.55 1 
  5040.24 3.5875e-14   5050.30 1 
  5042.99 3.4389e-14   5053.05 1 
  5045.73 3.4523e-14   5055.80 1 
  5048.48 3.4074e-14   5058.55 1 
  5051.22 3.5554e-14   5061.30 1 
  5053.97 3.4220e-14   5064.05 1 
  5056.71 3.5466e-14   5066.80 1 
  5059.46 3.6175e-14   5069.55 1 
  5062.20 3.6408e-14   5072.30 1 
  5064.95 3.4672e-14   5075.05 1 
  5067.69 3.5859e-14   5077.80 1 
  5070.43 3.3793e-14   5080.55 1 
  5073.18 3.3891e-14   5083.30 1 
  5075.92 3.3353e-14   5086.05 1 
  5078.67 3.5026e-14   5088.80 1 
  5081.41 3.3737e-14   5091.55 1 
  5084.16 3.2650e-14   5094.30 1 
  5086.90 3.4608e-14   5097.05 1 
  5089.65 3.4840e-14   5099.80 1 
  5092.39 3.5541e-14   5102.55 1 
  5095.14 3.3861e-14   5105.30 1 
  5097.88 3.5213e-14   5108.05 1 
  5100.62 3.4035e-14   5110.80 1 
  5103.37 3.4365e-14   5113.55 1 
  5106.11 3.4707e-14   5116.30 1 
  5108.86 3.4100e-14   5119.05 1 
  5111.60 3.3784e-14   5121.80 1 
  5114.35 3.4911e-14   5124.55 1 
  5117.09 3.6071e-14   5127.30 1 
  5119.84 3.4463e-14   5130.05 1 
  5122.58 3.3482e-14   5132.80 1 
  5125.32 3.3429e-14   5135.55 1 
  5128.07 3.3026e-14   5138.30 1 
  5130.81 3.3222e-14   5141.05 1 
  5133.56 3.3404e-14   5143.80 1 
  5136.30 3.1524e-14   5146.55 1 
  5139.05 3.2548e-14   5149.30 1 
  5141.79 3.3843e-14   5152.05 1 
  5144.54 3.2803e-14   5154.80 1 
  5147.28 3.3111e-14   5157.55 1 
  5150.03 3.4232e-14   5160.30 1 
  5152.77 3.5504e-14   5163.05 1 
  5155.51 3.4533e-14   5165.80 1 
  5158.26 3.3933e-14   5168.55 1 
  5161.00 3.3826e-14   5171.30 1 
  5163.75 3.2961e-14   5174.05 1 
  5166.49 3.0452e-14   5176.80 1 
  5169.24 2.9201e-14   5179.55 1 
  5171.98 2.9345e-14   5182.30 1 
  5174.73 2.9984e-14   5185.05 1 
  5177.47 3.1403e-14   5187.80 1 
  5180.22 3.1666e-14   5190.55 1 
  5182.96 3.2492e-14   5193.30 1 
  5185.70 3.3304e-14   5196.05 1 
  5188.45 3.2969e-14   5198.80 1 
  5191.19 3.3539e-14   5201.55 1 
  5193.94 3.2035e-14   5204.30 1 
  5196.68 3.2141e-14   5207.05 1 
  5199.43 3.4246e-14   5209.80 1 
  5202.17 3.2623e-14   5212.55 1 
  5204.92 3.2895e-14   5215.30 1 
  5207.66 3.2351e-14   5218.05 1 
  5210.41 3.4664e-14   5220.80 1 
  5213.15 3.4504e-14   5223.55 1 
  5215.89 3.3498e-14   5226.30 1 
  5218.64 3.6194e-14   5229.05 1 
  5221.38 3.5004e-14   5231.80 1 
  5224.13 3.3909e-14   5234.55 1 
  5226.87 3.3506e-14   5237.30 1 
  5229.62 3.3712e-14   5240.05 1 
  5232.36 3.3080e-14   5242.80 1 
  5235.11 3.1651e-14   5245.55 1 
  5237.85 3.4964e-14   5248.30 1 
  5240.59 3.3664e-14   5251.05 1 
  5243.34 3.3966e-14   5253.80 1 
  5246.08 3.3368e-14   5256.55 1 
  5248.83 3.4872e-14   5259.30 1 
  5251.57 3.3158e-14   5262.05 1 
  5254.32 3.3178e-14   5264.80 1 
  5257.06 3.1277e-14   5267.55 1 
  5259.81 3.4077e-14   5270.30 1 
  5262.55 3.3021e-14   5273.05 1 
  5265.30 3.1788e-14   5275.80 1 
  5268.04 3.1552e-14   5278.55 1 
  5270.78 3.2518e-14   5281.30 1 
  5273.53 3.2554e-14   5284.05 1 
  5276.27 3.3487e-14   5286.80 1 
  5279.02 3.3987e-14   5289.55 1 
  5281.76 3.4111e-14   5292.30 1 
  5284.51 3.5219e-14   5295.05 1 
  5287.25 3.4926e-14   5297.80 1 
  5290.00 3.5485e-14   5300.55 1 
  5292.74 3.4275e-14   5303.30 1 
  5295.49 3.4959e-14   5306.05 1 
  5298.23 3.3551e-14   5308.80 1 
  5300.97 3.4537e-14   5311.55 1 
  5303.72 3.5302e-14   5314.30 1 
  5306.46 3.6482e-14   5317.05 1 
  5309.21 3.6695e-14   5319.80 1 
  5311.95 3.5846e-14   5322.55 1 
  5314.70 3.3902e-14   5325.30 1 
  5317.44 3.3663e-14   5328.05 1 
  5320.19 3.4476e-14   5330.80 1 
  5322.93 3.4813e-14   5333.55 1 
  5325.68 3.3236e-14   5336.30 1 
  5328.42 3.4220e-14   5339.05 1 
  5331.16 3.5222e-14   5341.80 1 
  5333.91 3.1707e-14   5344.55 1 
  5336.65 3.5120e-14   5347.30 1 
  5339.40 3.4661e-14   5350.05 1 
  5342.14 3.5594e-14   5352.80 1 
  5344.89 3.3825e-14   5355.55 1 
  5347.63 3.5877e-14   5358.30 1 
  5350.38 3.7176e-14   5361.05 1 
  5353.12 3.4172e-14   5363.80 1 
  5355.86 3.6372e-14   5366.55 1 
  5358.61 3.7016e-14   5369.30 1 
  5361.35 3.4691e-14   5372.05 1 
  5364.10 3.5513e-14   5374.80 1 
  5366.84 3.4794e-14   5377.55 1 
  5369.59 3.4450e-14   5380.30 1 
  5372.33 3.1433e-14   5383.05 1 
  5375.08 3.3316e-14   5385.80 1 
  5377.82 3.6334e-14   5388.55 1 
  5380.57 3.5777e-14   5391.30 1 
  5383.31 3.4028e-14   5394.05 1 
  5386.05 3.5382e-14   5396.80 1 
  5388.80 3.3279e-14   5399.55 1 
  5391.54 3.4166e-14   5402.30 1 
  5394.29 3.1673e-14   5405.05 1 
  5397.03 3.3653e-14   5407.80 1 
  5399.78 3.3157e-14   5410.55 1 
  5402.52 3.4299e-14   5413.30 1 
  5405.27 3.2623e-14   5416.05 1 
  5408.01 3.1950e-14   5418.80 1 
  5410.76 3.4059e-14   5421.55 1 
  5413.50 3.2213e-14   5424.30 1 
  5416.24 3.5251e-14   5427.05 1 
  5418.99 3.4745e-14   5429.80 1 
  5421.73 3.3221e-14   5432.55 1 
  5424.48 3.4374e-14   5435.30 1 
  5427.22 3.4782e-14   5438.05 1 
  5429.97 3.3163e-14   5440.80 1 
  5432.71 3.2968e-14   5443.55 1 
  5435.46 3.3691e-14   5446.30 1 
  5438.20 3.4829e-14   5449.05 1 
  5440.95 3.3079e-14   5451.80 1 
  5443.69 3.4761e-14   5454.55 1 
  5446.43 3.5438e-14   5457.30 1 
  5449.18 3.5289e-14   5460.05 1 
  5451.92 3.4477e-14   5462.80 1 
  5454.67 3.3698e-14   5465.55 1 
  5457.41 3.2523e-14   5468.30 1 
  5460.16 3.4025e-14   5471.05 1 
  5462.90 3.1729e-14   5473.80 1 
  5465.65 3.3990e-14   5476.55 1 
  5468.39 3.4189e-14   5479.30 1 
  5471.13 3.4504e-14   5482.05 1 
  5473.88 3.2852e-14   5484.80 1 
  5476.62 3.2428e-14   5487.55 1 
  5479.37 3.1783e-14   5490.30 1 
  5482.11 3.4426e-14   5493.05 1 
  5484.86 3.3800e-14   5495.80 1 
  5487.60 3.3583e-14   5498.55 1 
  5490.35 3.3457e-14   5501.30 1 
  5493.09 3.3875e-14   5504.05 1 
  5495.84 3.4238e-14   5506.80 1 
  5498.58 3.4275e-14   5509.55 1 
  5501.32 3.3129e-14   5512.30 1 
  5504.07 3.4144e-14   5515.05 1 
  5506.81 3.3212e-14   5517.80 1 
  5509.56 3.2634e-14   5520.55 1 
  5512.30 3.3593e-14   5523.30 1 
  5515.05 3.2484e-14   5526.05 1 
  5517.79 3.2698e-14   5528.80 1 
  5520.54 3.2739e-14   5531.55 1 
  5523.28 3.2918e-14   5534.30 1 
  5526.03 3.3673e-14   5537.05 1 
  5528.77 3.3020e-14   5539.80 1 
  5531.51 3.4559e-14   5542.55 1 
  5534.26 3.4981e-14   5545.30 1 
  5537.00 3.4380e-14   5548.05 1 
  5539.75 3.4675e-14   5550.80 1 
  5542.49 3.5236e-14   5553.55 1 
  5545.24 3.6384e-14   5556.30 1 
  5547.98 3.6566e-14   5559.05 1 
  5550.73 3.5556e-14   5561.80 1 
  5553.47 3.6135e-14   5564.55 1 
  5556.22 3.3334e-14   5567.30 1 
  5558.96 3.4279e-14   5570.05 1 
  5561.70 3.5620e-14   5572.80 1 
  5564.45 3.3147e-14   5575.55 1 
  5567.19 3.2785e-14   5578.30 1 
  5569.94 3.2672e-14   5581.05 1 
  5572.68 3.3426e-14   5583.80 1 
  5575.43 3.3847e-14   5586.55 1 
  5578.17 3.4420e-14   5589.30 1 
  5580.92 3.2533e-14   5592.05 1 
  5583.66 3.4376e-14   5594.80 1 
  5586.40 3.2442e-14   5597.55 1 
  5589.15 3.2312e-14   5600.30 1 
  5591.89 3.2164e-14   5603.05 1 
  5594.64 3.3723e-14   5605.80 1 
  5597.38 3.3061e-14   5608.55 1 
  5600.13 3.2854e-14   5611.30 1 
  5602.87 3.0816e-14   5614.05 1 
  5605.62 3.1682e-14   5616.80 1 
  5608.36 3.4442e-14   5619.55 1 
  5611.11 3.4678e-14   5622.30 1 
  5613.85 3.4131e-14   5625.05 1 
  5616.59 3.2835e-14   5627.80 1 
  5619.34 3.3751e-14   5630.55 1 
  5622.08 3.3728e-14   5633.30 1 
  5624.83 3.3953e-14   5636.05 1 
  5627.57 3.3435e-14   5638.80 1 
  5630.32 3.4027e-14   5641.55 1 
  5633.06 3.4881e-14   5644.30 1 
  5635.81 3.4571e-14   5647.05 1 
  5638.55 3.4250e-14   5649.80 1 
  5641.30 3.4314e-14   5652.55 1 
  5644.04 3.3053e-14   5655.30 1 
  5646.78 3.3450e-14   5658.05 1 
  5649.53 3.5423e-14   5660.80 1 
  5652.27 3.4830e-14   5663.55 1 
  5655.02 3.4586e-14   5666.30 1 
  5657.76 3.2714e-14   5669.05 1 
  5660.51 3.4164e-14   5671.80 1 
  5663.25 3.3840e-14   5674.55 1 
  5666.00 3.4365e-14   5677.30 1 
  5668.74 3.3178e-14   5680.05 1 
  5671.49 3.3076e-14   5682.80 1 
  5674.23 3.2462e-14   5685.55 1 
  5676.97 3.2677e-14   5688.30 1 
  5679.72 3.3195e-14   5691.05 1 
  5682.46 3.2844e-14   5693.80 1 
  5685.21 3.2907e-14   5696.55 1 
  5687.95 3.1550e-14   5699.30 1 
  5690.70 3.2945e-14   5702.05 1 
  5693.44 3.4336e-14   5704.80 1 
  5696.19 3.4629e-14   5707.55 1 
  5698.93 3.4254e-14   5710.30 1 
  5701.67 3.3705e-14   5713.05 1 
  5704.42 3.2858e-14   5715.80 1 
  5707.16 3.2333e-14   5718.55 1 
  5709.91 3.2876e-14   5721.30 1 
  5712.65 3.2592e-14   5724.05 1 
  5715.40 3.2816e-14   5726.80 1 
  5718.14 3.5771e-14   5729.55 1 
  5720.89 3.5099e-14   5732.30 1 
  5723.63 3.4760e-14   5735.05 1 
  5726.38 3.2589e-14   5737.80 1 
  5729.12 3.3117e-14   5740.55 1 
  5731.86 3.4430e-14   5743.30 1 
  5734.61 3.3670e-14   5746.05 1 
  5737.35 3.2917e-14   5748.80 1 
  5740.10 3.3767e-14   5751.55 1 
  5742.84 3.4877e-14   5754.30 1 
  5745.59 3.4385e-14   5757.05 1 
  5748.33 3.2894e-14   5759.80 1 
  5751.08 3.3800e-14   5762.55 1 
  5753.82 3.4557e-14   5765.30 1 
  5756.57 3.1505e-14   5768.05 1 
  5759.31 3.3229e-14   5770.80 1 
  5762.05 3.2949e-14   5773.55 1 
  5764.80 3.3069e-14   5776.30 1 
  5767.54 3.3052e-14   5779.05 1 
  5770.29 3.5026e-14   5781.80 1 
  5773.03 3.6167e-14   5784.55 1 
  5775.78 3.2852e-14   5787.30 1 
  5778.52 3.1887e-14   5790.05 1 
  5781.27 3.1305e-14   5792.80 1 
  5784.01 3.1426e-14   5795.55 1 
  5786.76 3.2499e-14   5798.30 1 
  5789.50 3.4164e-14   5801.05 1 
  5792.24 3.3481e-14   5803.80 1 
  5794.99 3.3943e-14   5806.55 1 
  5797.73 3.5234e-14   5809.30 1 
  5800.48 3.2958e-14   5812.05 1 
  5803.22 3.3679e-14   5814.80 1 
  5805.97 3.4237e-14   5817.55 1 
  5808.71 3.5347e-14   5820.30 1 
  5811.46 3.4960e-14   5823.05 1 
  5814.20 3.4120e-14   5825.80 1 
  5816.94 3.5843e-14   5828.55 1 
  5819.69 3.5616e-14   5831.30 1 
  5822.43 3.5301e-14   5834.05 1 
  5825.18 3.5282e-14   5836.80 1 
  5827.92 3.5477e-14   5839.55 1 
  5830.67 3.5072e-14   5842.30 1 
  5833.41 3.4141e-14   5845.05 1 
  5836.16 3.5690e-14   5847.80 1 
  5838.90 3.6491e-14   5850.55 1 
  5841.65 3.4420e-14   5853.30 1 
  5844.39 3.5933e-14   5856.05 1 
  5847.13 3.2825e-14   5858.80 1 
  5849.88 3.1560e-14   5861.55 1 
  5852.62 3.0417e-14   5864.30 1 
  5855.37 3.4100e-14   5867.05 1 
  5858.11 3.2324e-14   5869.80 1 
  5860.86 3.4309e-14   5872.55 1 
  5863.60 3.4617e-14   5875.30 1 
  5866.35 3.4754e-14   5878.05 1 
  5869.09 3.5140e-14   5880.80 1 
  5871.84 3.3531e-14   5883.55 1 
  5874.58 3.2006e-14   5886.30 1 
  5877.32 3.4653e-14   5889.05 1 
  5880.07 3.0195e-14   5891.80 1 
  5882.81 3.2511e-14   5894.55 1 
  5885.56 2.9264e-14   5897.30 1 
  5888.30 2.6723e-14   5900.05 1 
  5891.05 2.8736e-14   5902.80 1 
  5893.79 3.0411e-14   5905.55 1 
  5896.54 2.9419e-14   5908.30 1 
  5899.28 3.1609e-14   5911.05 1 
  5902.03 3.1692e-14   5913.80 1 
  5904.77 3.3588e-14   5916.55 1 
  5907.51 3.2357e-14   5919.30 1 
  5910.26 3.1091e-14   5922.05 1 
  5913.00 3.2472e-14   5924.80 1 
  5915.75 3.2142e-14   5927.55 1 
  5918.49 3.0565e-14   5930.30 1 
  5921.24 3.2026e-14   5933.05 1 
  5923.98 3.2266e-14   5935.80 1 
  5926.73 3.1131e-14   5938.55 1 
  5929.47 3.3108e-14   5941.30 1 
  5932.22 3.7863e-14   5944.05 1 
  5934.96 4.2454e-14   5946.80 1 
  5937.70 4.2141e-14   5949.55 1 
  5940.45 3.5279e-14   5952.30 1 
  5943.19 3.3411e-14   5955.05 1 
  5945.94 3.1454e-14   5957.80 1 
  5948.68 3.2554e-14   5960.55 1 
  5951.43 3.0888e-14   5963.30 1 
  5954.17 3.2723e-14   5966.05 1 
  5956.92 3.2762e-14   5968.80 1 
  5959.66 3.0906e-14   5971.55 1 
  5962.40 3.2751e-14   5974.30 1 
  5965.15 2.9905e-14   5977.05 1 
  5967.89 3.2847e-14   5979.80 1 
  5970.64 3.2790e-14   5982.55 1 
  5973.38 3.3197e-14   5985.30 1 
  5976.13 3.1916e-14   5988.05 1 
  5978.87 3.3372e-14   5990.80 1 
  5981.62 3.1681e-14   5993.55 1 
  5984.36 3.3272e-14   5996.30 1 
  5987.11 3.2516e-14   5999.05 1 
  5989.85 3.3990e-14   6001.80 1 
  5992.59 3.4696e-14   6004.55 1 
  5995.34 3.3453e-14   6007.30 1 
  5998.08 3.2462e-14   6010.05 1 
  6000.83 3.3160e-14   6012.80 1 
  6003.57 3.2223e-14   6015.55 1 
  6006.32 3.1676e-14   6018.30 1 
  6009.06 3.2588e-14   6021.05 1 
  6011.81 3.0347e-14   6023.80 1 
  6014.55 2.9324e-14   6026.55 1 
  6017.30 3.2640e-14   6029.30 1 
  6020.04 3.2169e-14   6032.05 1 
  6022.78 3.2882e-14   6034.80 1 
  6025.53 3.2888e-14   6037.55 1 
  6028.27 3.2248e-14   6040.30 1 
  6031.02 3.1751e-14   6043.05 1 
  6033.76 3.3265e-14   6045.80 1 
  6036.51 3.3536e-14   6048.55 1 
  6039.25 3.3170e-14   6051.30 1 
  6042.00 3.2020e-14   6054.05 1 
  6044.74 3.3027e-14   6056.80 1 
  6047.49 3.2997e-14   6059.55 1 
  6050.23 3.2783e-14   6062.30 1 
  6052.97 3.1466e-14   6065.05 1 
  6055.72 3.2523e-14   6067.80 1 
  6058.46 3.2495e-14   6070.55 1 
  6061.21 3.3052e-14   6073.30 1 
  6063.95 3.2045e-14   6076.05 1 
  6066.70 3.1155e-14   6078.80 1 
  6069.44 3.2489e-14   6081.55 1 
  6072.19 3.2141e-14   6084.30 1 
  6074.93 3.3592e-14   6087.05 1 
  6077.67 3.2457e-14   6089.80 1 
  6080.42 3.0826e-14   6092.55 1 
  6083.16 3.1895e-14   6095.30 1 
  6085.91 3.2295e-14   6098.05 1 
  6088.65 3.1910e-14   6100.80 1 
  6091.40 3.0557e-14   6103.55 1 
  6094.14 3.1218e-14   6106.30 1 
  6096.89 3.1912e-14   6109.05 1 
  6099.63 3.1246e-14   6111.80 1 
  6102.38 3.1496e-14   6114.55 1 
  6105.12 3.2805e-14   6117.30 1 
  6107.86 3.2624e-14   6120.05 1 
  6110.61 3.2129e-14   6122.80 1 
  6113.35 3.1858e-14   6125.55 1 
  6116.10 3.2510e-14   6128.30 1 
  6118.84 3.2001e-14   6131.05 1 
  6121.59 3.1296e-14   6133.80 1 
  6124.33 3.2542e-14   6136.55 1 
  6127.08 3.2847e-14   6139.30 1 
  6129.82 3.1867e-14   6142.05 1 
  6132.57 3.1400e-14   6144.80 1 
  6135.31 3.0687e-14   6147.55 1 
  6138.05 3.1427e-14   6150.30 1 
  6140.80 3.2488e-14   6153.05 1 
  6143.54 3.2356e-14   6155.80 1 
  6146.29 3.1524e-14   6158.55 1 
  6149.03 3.1400e-14   6161.30 1 
  6151.78 3.1334e-14   6164.05 1 
  6154.52 3.1327e-14   6166.80 1 
  6157.27 3.1756e-14   6169.55 1 
  6160.01 3.0891e-14   6172.30 1 
  6162.76 3.0548e-14   6175.05 1 
  6165.50 3.0715e-14   6177.80 1 
  6168.24 3.0256e-14   6180.55 1 
  6170.99 2.9219e-14   6183.30 1 
  6173.73 2.9446e-14   6186.05 1 
  6176.48 2.9121e-14   6188.80 1 
  6179.22 2.9693e-14   6191.55 1 
  6181.97 2.9586e-14   6194.30 1 
  6184.71 3.0002e-14   6197.05 1 
  6187.46 2.9798e-14   6199.80 1 
  6190.20 3.0148e-14   6202.55 1 
  6192.94 2.9248e-14   6205.30 1 
  6195.69 3.0479e-14   6208.05 1 
  6198.43 3.0637e-14   6210.80 1 
  6201.18 3.1962e-14   6213.55 1 
  6203.92 3.1379e-14   6216.30 1 
  6206.67 3.1428e-14   6219.05 1 
  6209.41 2.7987e-14   6221.80 1 
  6212.16 2.9686e-14   6224.55 1 
  6214.90 2.9098e-14   6227.30 1 
  6217.65 2.9514e-14   6230.05 1 
  6220.39 3.1268e-14   6232.80 1 
  6223.13 2.9982e-14   6235.55 1 
  6225.88 2.6325e-14   6238.30 1 
  6228.62 2.7573e-14   6241.05 1 
  6231.37 2.9212e-14   6243.80 1 
  6234.11 2.9091e-14   6246.55 1 
  6236.86 2.9169e-14   6249.30 1 
  6239.60 2.9627e-14   6252.05 1 
  6242.35 3.0875e-14   6254.80 1 
  6245.09 3.1717e-14   6257.55 1 
  6247.84 2.8491e-14   6260.30 1 
  6250.58 2.8291e-14   6263.05 1 
  6253.32 2.9392e-14   6265.80 1 
  6256.07 2.9051e-14   6268.55 1 
  6258.81 2.9354e-14   6271.30 1 
  6261.56 3.1145e-14   6274.05 1 
  6264.30 3.0240e-14   6276.80 1 
  6267.05 2.8680e-14   6279.55 1 
  6269.79 2.9790e-14   6282.30 1 
  6272.54 3.0022e-14   6285.05 1 
  6275.28 2.9080e-14   6287.80 1 
  6278.03 3.1188e-14   6290.55 1 
  6280.77 2.8519e-14   6293.30 1 
  6283.51 2.7176e-14   6296.05 1 
  6286.26 3.7524e-14   6298.80 1 
  6289.00 2.5688e-14   6301.55 1 
  6291.75 2.2727e-14   6304.30 1 
  6294.49 2.3854e-14   6307.05 1 
  6297.24 2.8483e-14   6309.80 1 
  6299.98 3.2384e-14   6312.55 1 
  6302.73 3.1579e-14   6315.30 1 
  6305.47 3.1183e-14   6318.05 1 
  6308.21 3.0737e-14   6320.80 1 
  6310.96 3.1703e-14   6323.55 1 
  6313.70 3.0247e-14   6326.30 1 
  6316.45 3.0179e-14   6329.05 1 
  6319.19 3.0635e-14   6331.80 1 
  6321.94 2.9227e-14   6334.55 1 
  6324.68 3.1524e-14   6337.30 1 
  6327.43 2.8895e-14   6340.05 1 
  6330.17 3.1142e-14   6342.80 1 
  6332.92 3.1109e-14   6345.55 1 
  6335.66 3.1385e-14   6348.30 1 
  6338.40 3.0527e-14   6351.05 1 
  6341.15 3.0754e-14   6353.80 1 
  6343.89 2.8929e-14   6356.55 1 
  6346.64 3.0626e-14   6359.30 1 
  6349.38 2.8380e-14   6362.05 1 
  6352.13 3.0726e-14   6364.80 1 
  6354.87 3.0013e-14   6367.55 1 
  6357.62 2.9420e-14   6370.30 1 
  6360.36 2.8539e-14   6373.05 1 
  6363.11 3.0828e-14   6375.80 1 
  6365.85 2.9173e-14   6378.55 1 
  6368.59 3.1291e-14   6381.30 1 
  6371.34 3.1376e-14   6384.05 1 
  6374.08 3.0943e-14   6386.80 1 
  6376.83 3.0795e-14   6389.55 1 
  6379.57 3.1436e-14   6392.30 1 
  6382.32 2.9870e-14   6395.05 1 
  6385.06 3.0516e-14   6397.80 1 
  6387.81 3.0676e-14   6400.55 1 
  6390.55 2.9226e-14   6403.30 1 
  6393.30 3.0707e-14   6406.05 1 
  6396.04 3.1125e-14   6408.80 1 
  6398.78 3.1219e-14   6411.55 1 
  6401.53 3.1163e-14   6414.30 1 
  6404.27 3.0388e-14   6417.05 1 
  6407.02 3.0833e-14   6419.80 1 
  6409.76 3.0409e-14   6422.55 1 
  6412.51 2.9747e-14   6425.30 1 
  6415.25 2.8466e-14   6428.05 1 
  6418.00 2.9278e-14   6430.80 1 
  6420.74 3.0017e-14   6433.55 1 
  6423.48 2.9092e-14   6436.30 1 
  6426.23 2.9286e-14   6439.05 1 
  6428.97 2.8529e-14   6441.80 1 
  6431.72 2.9458e-14   6444.55 1 
  6434.46 3.0430e-14   6447.30 1 
  6437.21 2.9206e-14   6450.05 1 
  6439.95 2.8915e-14   6452.80 1 
  6442.70 2.9295e-14   6455.55 1 
  6445.44 3.0363e-14   6458.30 1 
  6448.19 2.9218e-14   6461.05 1 
  6450.93 2.9096e-14   6463.80 1 
  6453.67 2.8237e-14   6466.55 1 
  6456.42 3.0284e-14   6469.30 1 
  6459.16 3.0352e-14   6472.05 1 
  6461.91 3.1060e-14   6474.80 1 
  6464.65 2.9333e-14   6477.55 1 
  6467.40 2.8931e-14   6480.30 1 
  6470.14 2.8586e-14   6483.05 1 
  6472.89 2.8822e-14   6485.80 1 
  6475.63 2.8021e-14   6488.55 1 
  6478.38 2.9535e-14   6491.30 1 
  6481.12 2.9660e-14   6494.05 1 
  6483.86 3.0856e-14   6496.80 1 
  6486.61 2.7735e-14   6499.55 1 
  6489.35 2.7017e-14   6502.30 1 
  6492.10 2.5600e-14   6505.05 1 
  6494.84 2.6430e-14   6507.80 1 
  6497.59 2.6473e-14   6510.55 1 
  6500.33 2.9227e-14   6513.30 1 
  6503.08 2.9697e-14   6516.05 1 
  6505.82 3.0828e-14   6518.80 1 
  6508.57 2.8982e-14   6521.55 1 
  6511.31 2.8949e-14   6524.30 1 
  6514.05 2.8699e-14   6527.05 1 
  6516.80 2.9425e-14   6529.80 1 
  6519.54 2.8440e-14   6532.55 1 
  6522.29 2.9885e-14   6535.30 1 
  6525.03 2.8782e-14   6538.05 1 
  6527.78 2.9592e-14   6540.80 1 
  6530.52 2.8506e-14   6543.55 1 
  6533.27 3.0528e-14   6546.30 1 
  6536.01 2.9347e-14   6549.05 1 
  6538.75 3.2338e-14   6551.80 1 
  6541.50 3.5981e-14   6554.55 1 
  6544.24 3.4982e-14   6557.30 1 
  6546.99 3.6433e-14   6560.05 1 
  6549.73 3.5104e-14   6562.80 1 
  6552.48 3.3652e-14   6565.55 1 
  6555.22 4.0164e-14   6568.30 1 
  6557.97 5.8521e-14   6571.05 1 
  6560.71 8.0673e-14   6573.80 1 
  6563.46 8.5581e-14   6576.55 1 
  6566.20 6.5649e-14   6579.30 1 
  6568.94 4.2848e-14   6582.05 1 
  6571.69 3.1399e-14   6584.80 1 
  6574.43 2.9865e-14   6587.55 1 
  6577.18 3.6552e-14   6590.30 1 
  6579.92 4.6317e-14   6593.05 1 
  6582.67 5.3031e-14   6595.80 1 
  6585.41 4.9658e-14   6598.55 1 
  6588.16 3.9926e-14   6601.30 1 
  6590.90 3.2559e-14   6604.05 1 
  6593.65 3.0417e-14   6606.80 1 
  6596.39 3.0744e-14   6609.55 1 
  6599.13 3.1499e-14   6612.30 1 
  6601.88 2.9827e-14   6615.05 1 
  6604.62 3.0394e-14   6617.80 1 
  6607.37 2.9163e-14   6620.55 1 
  6610.11 2.7928e-14   6623.30 1 
  6612.86 3.0349e-14   6626.05 1 
  6615.60 2.9653e-14   6628.80 1 
  6618.35 2.9950e-14   6631.55 1 
  6621.09 3.0075e-14   6634.30 1 
  6623.84 2.9886e-14   6637.05 1 
  6626.58 2.9452e-14   6639.80 1 
  6629.32 2.9511e-14   6642.55 1 
  6632.07 2.8680e-14   6645.30 1 
  6634.81 2.9633e-14   6648.05 1 
  6637.56 2.9252e-14   6650.80 1 
  6640.30 2.9506e-14   6653.55 1 
  6643.05 3.0289e-14   6656.30 1 
  6645.79 2.8924e-14   6659.05 1 
  6648.54 2.9589e-14   6661.80 1 
  6651.28 2.9843e-14   6664.55 1 
  6654.03 2.9493e-14   6667.30 1 
  6656.77 3.0474e-14   6670.05 1 
  6659.51 2.9099e-14   6672.80 1 
  6662.26 2.9374e-14   6675.55 1 
  6665.00 2.9467e-14   6678.30 1 
  6667.75 2.8864e-14   6681.05 1 
  6670.49 2.8578e-14   6683.80 1 
  6673.24 2.8468e-14   6686.55 1 
  6675.98 3.0167e-14   6689.30 1 
  6678.73 3.0338e-14   6692.05 1 
  6681.47 2.8376e-14   6694.80 1 
  6684.21 2.9873e-14   6697.55 1 
  6686.96 2.7870e-14   6700.30 1 
  6689.70 2.8757e-14   6703.05 1 
  6692.45 2.9174e-14   6705.80 1 
  6695.19 2.7030e-14   6708.55 1 
  6697.94 2.9055e-14   6711.30 1 
  6700.68 2.8792e-14   6714.05 1 
  6703.43 2.9406e-14   6716.80 1 
  6706.17 2.8468e-14   6719.55 1 
  6708.92 3.0797e-14   6722.30 1 
  6711.66 3.4836e-14   6725.05 1 
  6714.40 3.9464e-14   6727.80 1 
  6717.15 4.1416e-14   6730.55 1 
  6719.89 3.7561e-14   6733.30 1 
  6722.64 3.1633e-14   6736.05 1 
  6725.38 3.2311e-14   6738.80 1 
  6728.13 3.8748e-14   6741.55 1 
  6730.87 3.7229e-14   6744.30 1 
  6733.62 3.3502e-14   6747.05 1 
  6736.36 3.3706e-14   6749.80 1 
  6739.11 2.9239e-14   6752.55 1 
  6741.85 2.5129e-14   6755.30 1 
  6744.59 2.7078e-14   6758.05 1 
  6747.34 2.8280e-14   6760.80 1 
  6750.08 2.7393e-14   6763.55 1 
  6752.83 2.6740e-14   6766.30 1 
  6755.57 2.7222e-14   6769.05 1 
  6758.32 2.9374e-14   6771.80 1 
  6761.06 2.7568e-14   6774.55 1 
  6763.81 2.6343e-14   6777.30 1 
  6766.55 2.7489e-14   6780.05 1 
  6769.30 2.8077e-14   6782.80 1 
  6772.04 2.8702e-14   6785.55 1 
  6774.78 2.5573e-14   6788.30 1 
  6777.53 2.6690e-14   6791.05 1 
  6780.27 2.7423e-14   6793.80 1 
  6783.02 2.7807e-14   6796.55 1 
  6785.76 2.8530e-14   6799.30 1 
  6788.51 2.6872e-14   6802.05 1 
  6791.25 2.7057e-14   6804.80 1 
  6794.00 2.8075e-14   6807.55 1 
  6796.74 2.8477e-14   6810.30 1 
  6799.48 2.8420e-14   6813.05 1 
  6802.23 2.8412e-14   6815.80 1 
  6804.97 2.7761e-14   6818.55 1 
  6807.72 2.6785e-14   6821.30 1 
  6810.46 2.6789e-14   6824.05 1 
  6813.21 2.8203e-14   6826.80 1 
  6815.95 2.7089e-14   6829.55 1 
  6825.50 2.8608e-14   6839.12 0 
  6841.23 2.8742e-14   6854.88 0 
  6857.00 2.8284e-14   6870.68 0 
  6872.81 2.7515e-14   6886.52 0 
  6888.66 2.7900e-14   6902.40 0 
  6904.53 2.7966e-14   6918.31 0 
  6920.45 2.8032e-14   6934.26 0 
  6936.41 2.8163e-14   6950.24 0 
  6952.39 2.8425e-14   6966.26 0 
  6968.42 2.8362e-14   6982.33 0 
  6984.49 2.6777e-14   6998.42 0 
  7000.59 2.8235e-14   7014.55 0 
  7016.72 2.8043e-14   7030.72 0 
  7032.90 2.7532e-14   7046.93 0 
  7049.11 2.9032e-14   7063.18 0 
  7065.36 2.7473e-14   7079.46 0 
  7081.65 2.7857e-14   7095.78 0 
  7097.97 2.6543e-14   7112.14 0 
  7114.34 2.6853e-14   7128.53 0 
  7130.74 2.6793e-14   7144.96 0 
  7147.18 2.6549e-14   7161.43 0 
  7163.65 2.6796e-14   7177.94 0 
  7180.17 2.6491e-14   7194.49 0 
  7196.72 2.5242e-14   7211.08 0 
  7213.31 2.5012e-14   7227.70 0 
  7229.93 2.6314e-14   7244.36 0 
  7246.60 2.6498e-14   7261.06 0 
  7263.31 2.6992e-14   7277.80 0 
  7280.05 2.6501e-14   7294.57 0 
  7296.83 2.5427e-14   7311.39 0 
  7313.65 2.6689e-14   7328.25 0 
  7330.51 2.7000e-14   7345.14 0 
  7347.41 2.7950e-14   7362.07 0 
  7364.35 2.6389e-14   7379.04 0 
  7381.33 2.7698e-14   7396.05 0 
  7398.34 2.6945e-14   7413.10 0 
  7415.40 2.7196e-14   7430.19 0 
  7432.49 2.7073e-14   7447.32 0 
  7449.62 2.7200e-14   7464.49 0 
  7466.80 2.7327e-14   7481.70 0 
  7484.01 2.7455e-14   7498.94 0 
  7501.26 2.6464e-14   7516.23 0 
  7518.56 2.6772e-14   7533.56 0 
  7535.89 2.7715e-14   7550.92 0 
  7553.26 2.7526e-14   7568.33 0 
  7570.67 2.7464e-14   7585.78 0 
  7588.13 2.7530e-14   7603.26 0 
  7605.62 2.6781e-14   7620.79 0 
  7623.15 2.7093e-14   7638.36 0 
  7640.72 2.6417e-14   7655.97 0 
  7658.34 2.6725e-14   7673.61 0 
  7675.99 2.3440e-14   7691.30 0 
  7693.69 2.5881e-14   7709.04 0 
  7711.42 2.4775e-14   7726.81 0 
  7729.20 2.5825e-14   7744.62 0 
  7747.02 2.6006e-14   7762.47 0 
  7764.88 2.5592e-14   7780.37 0 
  7782.77 2.4839e-14   7798.30 0 
  7800.71 2.5596e-14   7816.28 0 
  7818.70 2.5304e-14   7834.30 0 
  7836.72 2.5717e-14   7852.36 0 
  7854.79 2.6017e-14   7870.46 0 
  7872.90 2.5899e-14   7888.60 0 
  7891.04 2.5428e-14   7906.79 0 
  7909.23 2.5313e-14   7925.01 0 
  7927.47 2.4569e-14   7943.28 0 
  7945.74 2.4289e-14   7961.59 0 
  7964.06 2.4800e-14   7979.95 0 
  7982.42 2.5263e-14   7998.34 0 
  8000.82 2.5033e-14   8016.78 0 
  8019.26 2.5150e-14   8035.26 0 
  8037.75 2.4921e-14   8053.78 0 
  8056.28 2.4866e-14   8072.35 0 
  8074.85 2.5330e-14   8090.96 0 
  8093.46 2.4755e-14   8109.61 0 
  8112.12 2.5334e-14   8128.31 0 
  8130.82 2.5511e-14   8147.04 0 
  8149.56 2.4761e-14   8165.82 0 
  8168.35 2.4877e-14   8184.65 0 
  8187.18 2.3650e-14   8203.52 0 
  8206.05 2.3166e-14   8222.43 0 
  8224.97 2.5171e-14   8241.38 0 
  8243.93 2.4713e-14   8260.38 0 
  8262.94 2.4772e-14   8279.42 0 
  8281.98 2.4099e-14   8298.51 0 
  8301.08 2.4379e-14   8317.64 0 
  8320.21 2.4102e-14   8336.81 0 
  8339.39 2.4049e-14   8356.03 0 
  8358.62 2.4217e-14   8375.29 0 
  8377.89 2.4897e-14   8394.60 0 
  8397.20 2.2761e-14   8413.95 0 
  8416.56 2.4673e-14   8433.35 0 
  8435.96 2.3782e-14   8452.79 0 
  8455.40 2.3136e-14   8472.27 0 
  8474.90 2.2926e-14   8491.80 0 
  8494.44 2.4230e-14   8511.38 0 
  8514.02 2.3463e-14   8531.00 0 
  8533.64 2.3628e-14   8550.67 0 
  8553.32 1.7276e-14   8570.38 0 
  8573.03 2.3795e-14   8590.14 0 
  8592.79 2.3148e-14   8609.94 0 
  8612.61 2.3150e-14   8629.79 0 
  8632.46 2.3313e-14   8649.68 0 
  8652.36 2.3314e-14   8669.62 0 
  8672.30 1.5547e-14   8689.60 0 
  8692.30 2.2526e-14   8709.64 0 
  8712.33 2.2842e-14   8729.71 0 
  8732.41 2.3592e-14   8749.84 0 
  8752.55 2.2793e-14   8770.01 0 
  8772.72 2.2847e-14   8790.23 0 
  8792.95 2.3435e-14   8810.49 0 
  8813.22 2.1873e-14   8830.80 0 
  8833.53 2.1975e-14   8851.16 0 
  8853.90 2.3013e-14   8871.56 0 
  8874.30 2.0990e-14   8892.01 0 
  8894.77 2.2235e-14   8912.51 0 
  8915.27 2.2598e-14   8933.05 0 
  8935.82 2.2035e-14   8953.65 0 
  8956.42 2.1634e-14   8974.29 0 
  8977.07 2.1537e-14   8994.98 0 
  8997.76 1.9108e-14   9015.71 0 
  9018.51 2.0429e-14   9036.50 0 
  9039.29 2.2248e-14   9057.33 0 
  9060.13 2.3460e-14   9078.20 0 
  9081.02 2.1007e-14   9099.13 0 
  9101.95 2.1897e-14   9120.11 0 
  9122.93 2.2984e-14   9141.13 0 
  9143.96 2.1158e-14   9162.20 0 
  9165.04 1.9476e-14   9183.33 0 
  9186.17 2.0116e-14   9204.50 0 
  9207.34 2.1507e-14   9225.71 0 
  9228.57 2.0730e-14   9246.98 0 
  9249.85 2.1166e-14   9268.30 0 
  9271.17 2.1611e-14   9289.66 0 
  9292.54 2.2066e-14   9311.08 0 
  9313.96 2.2118e-14   9332.54 0 
  9335.43 2.2120e-14   9354.06 0 
  9356.95 2.2021e-14   9375.62 0 
  9378.52 2.1770e-14   9397.23 0 
  9400.14 2.1923e-14   9418.90 0 
  9421.81 2.1925e-14   9440.61 0 
  9443.53 2.1726e-14   9462.37 0 
  9465.30 2.1929e-14   9484.18 0 
  9487.12 2.1880e-14   9506.05 0 
  9508.99 2.1532e-14   9527.96 0 
  9530.91 2.1485e-14   9549.93 0 
  9552.88 2.0709e-14   9571.94 0 
  9574.91 2.1340e-14   9594.01 0 
  9596.98 2.1639e-14   9616.12 0 
  9619.10 2.1443e-14   9638.29 0 
  9641.27 2.1248e-14   9660.51 0 
  9663.50 2.1201e-14   9682.78 0 
  9685.78 2.1350e-14   9705.10 0 
  9708.10 2.1107e-14   9727.47 0 
  9730.49 2.0964e-14   9749.90 0 
  9752.92 2.0869e-14   9772.37 0 
  9775.40 2.0871e-14   9794.90 0 
  9797.93 2.0681e-14   9817.48 0 
  9820.52 2.0923e-14   9840.11 0 
  9843.16 2.0781e-14   9862.79 0 
  9865.85 2.0639e-14   9885.53 0 
  9888.59 2.0594e-14   9908.32 0 
  9911.39 2.0454e-14   9931.16 0 
  9934.23 2.0503e-14   9954.05 0 
  9957.14 2.0505e-14   9977.00 0 
  9980.09 2.0459e-14  10000.00 0 
 10026.15 2.0136e-14  10046.15 0 
 10072.44 1.9817e-14  10092.53 0 
 10118.93 2.0051e-14  10139.12 0 
 10165.63 1.9825e-14  10185.91 0 
 10236.10 1.9785e-14  10256.52 0 
 10283.35 1.9743e-14  10303.86 0 
 10307.05 1.9609e-14  10327.61 0 
 10498.67 1.8914e-14  10519.62 0 
 10693.86 1.8117e-14  10715.20 0 
 10892.68 1.7301e-14  10914.41 0 
 11095.18 1.6714e-14  11117.32 0 
 11301.45 1.6184e-14  11324.00 0 
 11511.56 1.5925e-14  11534.53 0 
 11698.61 1.5384e-14  11721.95 0 
 11888.71 1.4828e-14  11912.43 0 
 12109.73 1.4457e-14  12133.89 0 
 12306.50 1.4128e-14  12331.05 0 
 12506.46 1.3711e-14  12531.41 0 
 12709.68 1.3307e-14  12735.03 0 
 12886.49 1.2944e-14  12912.19 0 
 13095.87 1.2679e-14  13122.00 0 
 13308.66 1.2277e-14  13335.21 0 
 13493.81 1.2025e-14  13520.73 0 
 13713.06 1.1751e-14  13740.42 0 
 13903.83 1.1378e-14  13931.57 0 
 14097.25 1.0967e-14  14125.38 0 
 14293.37 1.0742e-14  14321.88 0 
 14492.21 1.0717e-14  14521.12 0 
 14693.82 1.0377e-14  14723.13 0 
 14898.21 1.0401e-14  14927.94 0 
 15105.47 1.0329e-14  15135.61 0 
 15315.61 1.0377e-14  15346.17 0 
 15492.96 1.0282e-14  15523.87 0 
 15708.49 1.0071e-14  15739.83 0 
 15890.39 9.7292e-15  15922.09 0 
 16111.45 9.7292e-15  16143.59 0 
 16298.00 9.6622e-15  16330.51 0 
 16486.72 9.4423e-15  16519.62 0 
 16716.08 9.2913e-15  16749.43 0 
 16909.65 9.0589e-15  16943.38 0 
 17105.46 8.8527e-15  17139.58 0 
 17303.51 8.4738e-15  17338.03 0 
 17503.88 8.2239e-15  17538.80 0 
 17706.57 7.9264e-15  17741.90 0 
 17911.61 7.6397e-15  17947.34 0 
 18119.00 7.2959e-15  18155.15 0 
 18286.66 7.1134e-15  18323.14 0 
 18498.42 6.8719e-15  18535.32 0 
 18712.60 6.5778e-15  18749.94 0 
 18885.76 6.3985e-15  18923.43 0 
 19104.45 6.2673e-15  19142.56 0 
 19281.21 6.0545e-15  19319.67 0 
 19504.48 5.8087e-15  19543.39 0 
 19684.96 5.6374e-15  19724.23 0 
 19912.91 5.4711e-15  19952.63 0 
 20097.14 5.3589e-15  20137.24 0 
 20283.11 5.1651e-15  20323.57 0 
 20517.98 5.0825e-15  20558.92 0 
 20707.82 4.9440e-15  20749.13 0 
 20899.43 4.8093e-15  20941.13 0 
 21092.80 4.7106e-15  21134.88 0 
 21287.98 4.5928e-15  21330.45 0 
 21484.96 4.4883e-15  21527.83 0 
 21683.75 4.3259e-15  21727.01 0 
 21884.39 4.2470e-15  21928.05 0 
 22086.87 4.1312e-15  22130.94 0 
 22291.25 4.0094e-15  22335.72 0 
 22497.52 3.9091e-15  22542.40 0 
 22705.67 3.8026e-15  22750.97 0 
 22915.77 3.4362e-15  22961.49 0 
 23074.60 3.4047e-15  23120.64 0 
 23288.12 3.0135e-15  23334.58 0 
 23503.61 2.8515e-15  23550.50 0 
 23721.07 2.8779e-15  23768.40 0 
 23885.52 2.6551e-15  23933.17 0 
 24106.51 2.5768e-15  24154.60 0 
 24273.62 2.5473e-15  24322.05 0 
 24498.21 2.3827e-15  24547.08 0 
 24724.90 2.3555e-15  24774.22 0 
 24896.27 2.0421e-15  24945.94 0 
 25126.64 2.0187e-15  25176.77 0 
 25300.80 2.0234e-15  25351.28 0 
 25476.19 2.0048e-15  25527.02 0 
 25711.90 2.0187e-15  25763.20 0 
 25890.14 1.9773e-15  25941.79 0 
 26129.71 1.9637e-15  26181.84 0 
 26310.82 1.9102e-15  26363.31 0 
 26493.19 1.8927e-15  26546.04 0 
 26676.85 1.8496e-15  26730.07 0 
 26923.70 1.8242e-15  26977.41 0 
 27110.31 1.7909e-15  27164.39 0 
 27298.21 1.7542e-15  27352.67 0 
 27487.45 1.7261e-15  27542.29 0 
 27677.97 1.6869e-15  27733.19 0 
 27869.84 1.6637e-15  27925.45 0 
 28127.70 1.6296e-15  28183.82 0 
 28322.69 1.5998e-15  28379.20 0 
 28519.00 1.5670e-15  28575.90 0 
 28716.70 1.5314e-15  28773.99 0 
 28915.74 1.5069e-15  28973.43 0 
 29116.19 1.4794e-15  29174.28 0 
 29318.00 1.4490e-15  29376.49 0 
 29521.24 1.4193e-15  29580.14 0 
 29725.86 1.3934e-15  29785.16 0 
 29931.93 1.3648e-15  29991.64 0 
 30070.08 1.3399e-15  30130.07 0 
 30278.50 1.3124e-15  30338.90 0 
 30488.40 1.2944e-15  30549.22 0 
 30699.72 1.2737e-15  30760.96 0 
 30912.53 1.2534e-15  30974.21 0 
 31126.79 1.2333e-15  31188.89 0 
 31270.46 1.2136e-15  31332.84 0 
 31487.23 1.1915e-15  31550.05 0 
 31705.48 1.1724e-15  31768.73 0 
 31925.27 1.1563e-15  31988.96 0 
 32072.62 1.1431e-15  32136.60 0 
 32294.95 1.1352e-15  32359.38 0 
 32518.80 1.1378e-15  32583.67 0 
 32668.88 1.1805e-15  32734.06 0 
 32895.35 1.3276e-15  32960.98 0 
 33123.36 1.3094e-15  33189.44 0 
 33276.24 1.1222e-15  33342.62 0 
 33506.92 1.0425e-15  33573.76 0 
 33661.57 1.0002e-15  33728.72 0 
 33894.92 9.7068e-16  33962.54 0 
 34129.85 9.4641e-16  34197.94 0 
 34287.37 9.2486e-16  34355.78 0 
 34525.06 9.0589e-16  34593.94 0 
 34684.41 8.8731e-16  34753.61 0 
 34924.85 8.7112e-16  34994.53 0 
 35086.05 8.5325e-16  35156.04 0 
 35329.23 8.3575e-16  35399.71 0 
 35492.33 8.2050e-16  35563.14 0 
 35738.34 8.0367e-16  35809.64 0 
 35903.33 7.8900e-16  35974.95 0 
 36069.03 7.7460e-16  36140.99 0 
 36319.04 7.6046e-16  36391.49 0 
 36486.71 7.4487e-16  36559.50 0 
 36739.60 7.3127e-16  36812.89 0 
 36909.17 7.1627e-16  36982.80 0 
 37079.57 7.0158e-16  37153.54 0 
 37336.57 6.9036e-16  37411.05 0 
 37508.89 6.7465e-16  37583.72 0 
 37682.05 6.6539e-16  37757.23 0 
 37943.24 6.5325e-16  38018.93 0 
 38118.36 6.4132e-16  38194.41 0 
 38294.34 6.3107e-16  38370.73 0 
 38471.08 6.1955e-16  38547.83 0 
 38737.78 6.0684e-16  38815.06 0 
 38916.57 5.9714e-16  38994.21 0 
 39096.19 5.8624e-16  39174.18 0 
 39276.63 5.7687e-16  39354.99 0 
 39457.95 5.6504e-16  39536.67 0 
 39731.44 5.5600e-16  39810.71 0 
 39914.87 5.4460e-16  39994.50 0 
 40099.09 5.3589e-16  40179.09 0 
 40284.17 5.2732e-16  40364.54 0 
 40470.10 5.1651e-16  40550.84 0 
 40656.93 5.0942e-16  40738.04 0 
 40938.73 5.0128e-16  41020.40 0 
 41127.68 4.9326e-16  41209.73 0 
 41317.55 4.8649e-16  41399.98 0 
 41508.25 4.7761e-16  41591.06 0 
 41699.83 4.6998e-16  41783.02 0 
 41892.34 4.6246e-16  41975.91 0 
 42085.69 4.5507e-16  42169.65 0 
 42279.93 4.4986e-16  42364.28 0 
 42475.12 4.4165e-16  42559.86 0 
 42671.16 4.3559e-16  42756.29 0 
 42868.11 4.1983e-16  42953.63 0 
 43066.01 4.0465e-16  43151.93 0 
 43264.78 4.0372e-16  43351.10 0 
 43464.47 3.8911e-16  43551.18 0 
 43665.08 3.8113e-16  43752.19 0 
 43866.66 3.7504e-16  43954.18 0 
 44069.13 3.6314e-16  44157.04 0 
 44272.52 3.5899e-16  44360.85 0 
 44476.91 3.5325e-16  44565.64 0 
 44682.19 3.4362e-16  44771.33 0 
 44888.42 3.4283e-16  44977.97 0 
 45095.65 3.3657e-16  45185.62 0 
 45303.79 3.2891e-16  45394.17 0 
 45512.89 3.2740e-16  45603.68 0 
 45722.95 3.2365e-16  45814.16 0 
 45934.03 3.1483e-16  46025.67 0 
 46146.04 3.1483e-16  46238.10 0 
 46252.41 3.0980e-16  46344.68 0 
 46465.93 3.0555e-16  46558.63 0 
 46680.40 3.0414e-16  46773.52 0 
 46895.85 2.9997e-16  46989.40 0 
 47112.29 2.9585e-16  47206.28 0 
 47329.79 2.9517e-16  47424.21 0 
 47548.24 2.8979e-16  47643.10 0 
 47657.84 2.8713e-16  47752.92 0 
 47877.85 2.8384e-16  47973.37 0 
 48098.83 2.7930e-16  48194.79 0 
 48320.83 2.7930e-16  48417.23 0 
 48543.85 2.7484e-16  48640.70 0 
 48655.80 2.7107e-16  48752.87 0 
 48880.37 2.6858e-16  48977.89 0 
 49105.98 2.6551e-16  49203.95 0 
 49332.62 2.6307e-16  49431.04 0 
 49446.39 2.6006e-16  49545.04 0 
 49674.61 2.5827e-16  49773.71 0 
 49903.88 2.5531e-16  50003.44 0 
 50134.27 2.5252e-16  50234.29 0 
 50249.83 2.4999e-16  50350.08 0 
 50481.75 2.4612e-16  50582.46 0 
 50714.75 2.4398e-16  50815.93 0 
 50831.65 2.4264e-16  50933.06 0 
 50948.88 2.4131e-16  51050.52 0 
 51066.32 2.3943e-16  51168.20 0 
 51184.03 2.3757e-16  51286.14 0 
 51302.01 2.3681e-16  51404.36 0 
 51420.27 2.3550e-16  51522.85 0 
 51538.80 2.3367e-16  51641.62 0 
 51657.65 2.3291e-16  51760.71 0 
 51776.73 2.3216e-16  51880.02 0 
 51896.08 2.3035e-16  51999.61 0 
 52015.70 2.2908e-16  52119.47 0 
 52135.60 2.2781e-16  52239.61 0 
 52255.78 2.2603e-16  52360.03 0 
 52376.23 2.2478e-16  52480.72 0 
 52497.02 2.2406e-16  52601.75 0 
 52618.03 2.2384e-16  52723.00 0 
 52739.32 2.2312e-16  52844.53 0 
 52860.88 2.2137e-16  52966.34 0 
 52982.73 2.1964e-16  53088.43 0 
 53104.86 2.1842e-16  53210.80 0 
 53227.33 2.1771e-16  53333.52 0 
 53350.02 2.1700e-16  53456.46 0 
 53473.00 2.1579e-16  53579.68 0 
 53596.26 2.1509e-16  53703.18 0 
 53719.80 2.1438e-16  53826.97 0 
 53843.63 2.1368e-16  53951.05 0 
 53967.74 2.1249e-16  54075.41 0 
 54092.20 2.1179e-16  54200.11 0 
 54216.89 2.1110e-16  54325.05 0 
 54341.86 2.0992e-16  54450.27 0 
 54467.12 2.0923e-16  54575.79 0 
 54592.67 2.0902e-16  54701.59 0 
 54718.51 2.0785e-16  54827.68 0 
 54844.64 2.0717e-16  54954.06 0 
 54971.13 2.0696e-16  55080.79 0 
 55097.84 2.0627e-16  55207.76 0 
 55224.84 2.0606e-16  55335.02 0 
 55352.14 2.0633e-16  55462.57 0 
 55479.73 2.0517e-16  55590.41 0 
 55607.61 2.0449e-16  55718.55 0 
 55735.85 2.0522e-16  55847.05 0 
 55864.33 2.0454e-16  55975.78 0 
 55993.10 2.0433e-16  56104.81 0 
 56122.17 2.0459e-16  56234.13 0 
 56251.54 2.0438e-16  56363.76 0 
 56381.20 2.0416e-16  56493.68 0 
 56511.16 2.0489e-16  56623.90 0 
 56641.48 2.0515e-16  56754.48 0 
 56772.05 2.0540e-16  56885.31 0 
 56902.91 2.0519e-16  57016.43 0 
 57034.08 2.0591e-16  57147.86 0 
 57165.54 2.0712e-16  57279.59 0 
 57297.31 2.0785e-16  57411.62 0 
 57429.45 2.0859e-16  57544.02 0 
 57561.83 2.0981e-16  57676.67 0 
 57694.52 2.1104e-16  57809.62 0 
 57827.51 2.1227e-16  57942.87 0 
 57960.80 2.1449e-16  58076.43 0 
 58094.41 2.1574e-16  58210.30 0 
 58228.32 2.1800e-16  58344.48 0 
 58362.60 2.2029e-16  58479.04 0 
 58497.13 2.2259e-16  58613.83 0 
 58631.97 2.2596e-16  58748.94 0 
 58767.12 2.2885e-16  58884.36 0 
 58902.58 2.3338e-16  59020.09 0 
 59126.99 1.4155e-16  59244.95 3 
 59436.23 3.1836e-16  59554.81 3 
 59745.47 2.5393e-16  59864.66 3 
 60054.70 1.7060e-16  60174.51 3 
 60363.95 5.3395e-16  60484.37 3 
 60673.18 3.8556e-16  60794.22 3 
 60982.41 1.6944e-16  61104.07 3 
 61291.66 3.7155e-16  61413.93 3 
 61600.89 7.6625e-16  61723.78 3 
 61910.12 9.4249e-16  62033.63 3 
 62219.36 9.8173e-16  62343.49 3 
 62528.60 8.5787e-16  62653.34 3 
 62837.83 9.3695e-16  62963.19 3 
 63147.07 7.0408e-16  63273.05 3 
 63456.31 5.2473e-16  63582.90 3 
 63765.55 6.4259e-16  63892.76 3 
 64074.78 5.0204e-16  64202.61 3 
 64384.01 4.1727e-16  64512.46 3 
 64693.26 2.6891e-16  64822.32 3 
 65002.49 3.6173e-16  65132.17 3 
 65311.72 3.6289e-16  65442.02 3 
 65620.97 2.4472e-16  65751.88 3 
 65930.20 3.0632e-16  66061.73 3 
 66239.43 2.4637e-16  66371.58 3 
 66548.68 3.7131e-16  66681.45 3 
 66857.91 3.9365e-16  66991.29 3 
 67167.14 3.2362e-16  67301.14 3 
 67476.38 3.2651e-16  67611.00 3 
 67785.62 2.9253e-16  67920.85 3 
 68094.86 1.9360e-16  68230.71 3 
 68404.10 2.9642e-16  68540.56 3 
 68713.33 2.9792e-16  68850.41 3 
 69022.57 2.3398e-16  69160.27 3 
 69331.80 2.9200e-16  69470.12 3 
 69641.04 3.9721e-16  69779.98 3 
 69950.28 2.7444e-16  70089.83 3 
 70259.51 3.7565e-16  70399.68 3 
 70568.75 2.7774e-16  70709.54 3 
 70877.99 3.9082e-16  71019.39 3 
 71187.22 3.9143e-16  71329.24 3 
 71496.47 3.7844e-16  71639.10 3 
 71805.69 4.0360e-16  71948.95 3 
 72114.94 4.4880e-16  72258.81 3 
 72424.17 3.8757e-16  72568.66 3 
 72733.40 4.9570e-16  72878.51 3 
 73042.65 6.0675e-16  73188.38 3 
 73351.88 6.9095e-16  73498.22 3 
 73661.12 7.9520e-16  73808.07 3 
 73970.36 8.2035e-16  74117.93 3 
 74279.59 7.9600e-16  74427.78 3 
 74588.83 8.4977e-16  74737.63 3 
 74898.06 8.1433e-16  75047.48 3 
 75187.06 1.1072e-15  75337.06 3 
 75806.76 1.0681e-15  75957.99 3 
 76426.47 1.1668e-15  76578.94 3 
 77046.17 1.2374e-15  77199.88 3 
 77665.88 1.0201e-15  77820.82 3 
 78285.58 1.0296e-15  78441.76 3 
 78905.29 9.4428e-16  79062.71 3 
 79525.00 7.6838e-16  79683.65 3 
 80144.70 6.2214e-16  80304.59 3 
 80764.41 5.1110e-16  80925.54 3 
 81384.12 4.9587e-16  81546.48 3 
 82003.82 4.9843e-16  82167.41 3 
 82623.53 5.3083e-16  82788.36 3 
 83243.23 5.5163e-16  83409.30 3 
 83862.94 4.4157e-16  84030.25 3 
 84482.64 5.1011e-16  84651.19 3 
 85102.35 5.5509e-16  85272.13 3 
 85722.05 6.8023e-16  85893.07 3 
 86341.77 6.2339e-16  86514.02 3 
 86961.47 4.9006e-16  87134.95 3 
 87581.17 4.4277e-16  87755.90 3 
 88200.88 3.4933e-16  88376.84 3 
 88820.58 3.3717e-16  88997.78 3 
 89440.29 2.7485e-16  89618.72 3 
 90059.99 2.4349e-16  90239.66 3 
 90679.70 2.5583e-16  90860.60 3 
 91299.41 2.2078e-16  91481.55 3 
 91919.11 2.2315e-16  92102.49 3 
 92538.82 2.1833e-16  92723.44 3 
 93158.53 1.9465e-16  93344.38 3 
 93778.23 1.5050e-16  93965.32 3 
 94397.93 1.1054e-16  94586.26 3 
 95017.64 1.2857e-16  95207.20 3 
 95637.35 2.0741e-16  95828.15 3 
 96257.05 2.0522e-16  96449.09 3 
 96876.75 1.6116e-16  97070.02 3 
 97496.47 1.4899e-16  97690.98 3 
 98116.18 1.2691e-16  98311.92 3 
 98735.88 1.9149e-16  98932.86 3 
 99355.59 1.5160e-16  99553.80 3 
 99975.25 1.1946e-16 100174.70 3 
100595.01 1.4620e-16 100795.70 3 
101214.67 1.3118e-16 101416.59 3 
101834.44 1.1023e-16 102037.60 3 
102454.10 9.8872e-17 102658.50 3 
103073.86 1.0702e-16 103279.49 3 
103693.54 1.3012e-16 103900.41 3 
104313.20 1.3884e-16 104521.30 3 
104932.96 1.1989e-16 105142.30 3 
105552.62 1.8028e-16 105763.20 3 
106172.39 1.6441e-16 106384.20 3 
106792.05 1.6679e-16 107005.10 3 
107411.71 1.4649e-16 107626.00 3 
108031.48 1.7292e-16 108247.00 3 
108651.15 2.1102e-16 108867.91 3 
109270.90 2.4527e-16 109488.90 3 
109890.57 2.9380e-16 110109.80 3 
110510.33 3.2861e-16 110730.80 3 
111130.00 3.8052e-16 111351.70 3 
111749.66 5.6883e-16 111972.60 3 
112369.42 7.3321e-16 112593.60 3 
112989.09 6.8504e-16 113214.50 3 
113608.85 5.2710e-16 113835.50 3 
114228.51 3.8488e-16 114456.40 3 
114848.28 3.1333e-16 115077.40 3 
115467.94 2.9756e-16 115698.30 3 
116087.60 2.2068e-16 116319.20 3 
116707.37 2.2823e-16 116940.20 3 
117327.03 2.4454e-16 117561.10 3 
117946.79 2.2459e-16 118182.09 3 
118566.45 2.1008e-16 118802.99 3 
119186.22 2.0685e-16 119424.00 3 
119805.89 2.3157e-16 120044.90 3 
120425.55 2.2806e-16 120665.80 3 
121045.32 2.1398e-16 121286.80 3 
121664.98 2.0247e-16 121907.70 3 
122284.74 2.1924e-16 122528.70 3 
122904.40 2.4014e-16 123149.59 3 
123524.08 2.6212e-16 123770.51 3 
124143.83 2.4988e-16 124391.50 3 
124763.50 2.5877e-16 125012.40 3 
125383.26 2.5800e-16 125633.40 3 
126002.93 2.9436e-16 126254.30 3 
126622.68 2.8766e-16 126875.30 3 
127242.35 2.9627e-16 127496.20 3 
127862.02 4.0826e-16 128117.10 3 
128481.78 3.5485e-16 128738.10 3 
129101.44 2.1910e-16 129359.00 3 
129721.21 1.9122e-16 129980.00 3 
130340.87 1.6201e-16 130600.90 3 
130960.53 1.5999e-16 131221.80 3 
131580.29 1.6117e-16 131842.80 3 
132199.96 1.4177e-16 132463.70 3 
132819.73 1.4043e-16 133084.70 3 
133439.38 1.3005e-16 133705.59 3 
134059.15 1.4967e-16 134326.59 3 
134678.82 1.5435e-16 134947.50 3 
135298.49 1.2467e-16 135568.41 3 
135918.25 1.4644e-16 136189.41 3 
136537.90 1.0650e-16 136810.30 3 
137157.67 9.0376e-17 137431.30 3 
137777.34 1.1641e-16 138052.20 3 
138397.10 1.1629e-16 138673.20 3 
139016.76 1.0615e-16 139294.09 3 
139636.43 1.1604e-16 139915.00 3 
140256.19 1.0607e-16 140536.00 3 
140875.86 9.6174e-17 141156.91 3 
141495.61 1.0134e-16 141777.89 3 
142115.28 1.1698e-16 142398.80 3 
142382.04 1.0584e-16 142666.09 3 
143297.12 9.5116e-17 143583.00 3 
144212.30 9.9190e-17 144500.00 3 
145127.38 8.0823e-17 145416.91 3 
146042.44 8.2344e-17 146333.80 3 
146957.62 7.9975e-17 147250.80 3 
147872.70 7.9202e-17 148167.70 3 
148787.76 7.1601e-17 149084.59 3 
149702.84 7.4148e-17 150001.50 3 
150618.02 6.9250e-17 150918.50 3 
151533.10 8.0666e-17 151835.41 3 
152448.16 8.2796e-17 152752.30 3 
153363.34 7.6907e-17 153669.30 3 
154278.42 8.4071e-17 154586.20 3 
155193.48 1.0308e-16 155503.09 3 
156108.56 1.0698e-16 156420.00 3 
157023.74 8.0544e-17 157337.00 3 
157938.82 8.1698e-17 158253.91 3 
158853.88 8.8820e-17 159170.80 3 
159769.06 8.7920e-17 160087.80 3 
160684.14 8.4816e-17 161004.70 3 
161599.20 8.7736e-17 161921.59 3 
162514.38 9.5328e-17 162838.59 3 
163429.46 1.3402e-16 163755.50 3 
164344.52 1.5897e-16 164672.39 3 
165259.60 1.4826e-16 165589.30 3 
166174.79 1.3181e-16 166506.31 3 
167089.84 1.2559e-16 167423.19 3 
168004.92 1.2869e-16 168340.09 3 
168920.00 1.3441e-16 169257.00 3 
169835.18 1.5718e-16 170174.00 3 
170750.26 1.5926e-16 171090.91 3 
171665.34 1.3554e-16 172007.81 3 
172580.51 1.3131e-16 172924.81 3 
173495.58 1.4353e-16 173841.70 3 
174410.66 1.3140e-16 174758.61 3 
175325.83 1.1322e-16 175675.61 3 
176240.90 9.9982e-17 176592.50 3 
177155.98 9.6561e-17 177509.41 3 
178071.05 9.9138e-17 178426.30 3 
178986.22 9.1780e-17 179343.30 3 
179901.30 8.2014e-17 180260.20 3 
180816.37 7.6576e-17 181177.09 3 
181731.54 7.8871e-17 182094.09 3 
182646.62 7.5803e-17 183011.00 3 
183561.69 7.1159e-17 183927.89 3 
184476.86 7.3832e-17 184844.89 3 
185391.94 7.6557e-17 185761.80 3 
186307.02 1.0750e-16 186678.70 3 
187222.09 1.3952e-16 187595.59 3 
188137.26 1.0699e-16 188512.59 3 
189052.34 8.1913e-17 189429.50 3 
189967.41 6.8895e-17 190346.39 3 
190882.60 7.4864e-17 191263.41 3 
191797.68 7.2049e-17 192180.31 3 
192712.73 7.2372e-17 193097.19 3 
193627.81 6.5726e-17 194014.09 3 
194543.00 7.1476e-17 194931.11 3 
195458.06 7.3763e-17 195848.00 3 
196373.14 6.8228e-17 196764.91 3 
197288.32 6.2658e-17 197681.91 3 
198203.38 5.3092e-17 198598.80 3 
199118.46 6.6176e-17 199515.70 3 
200033.54 6.0242e-17 200432.61 3 
200948.72 6.3880e-17 201349.61 3 
201863.78 6.6573e-17 202266.50 3 
202778.86 6.3301e-17 203183.41 3 
203694.04 6.1384e-17 204100.41 3 
204609.10 6.8473e-17 205017.30 3 
204791.94 6.5764e-17 205200.50 3 
206553.74 6.2304e-17 206965.81 3 
208316.61 5.9199e-17 208732.20 3 
210080.39 5.9134e-17 210499.50 3 
211845.26 6.0170e-17 212267.89 3 
213611.14 6.0787e-17 214037.30 3 
215378.12 5.9436e-17 215807.80 3 
217145.98 6.1490e-17 217579.19 3 
218914.95 6.5860e-17 219351.69 3 
220684.94 5.8957e-17 221125.20 3 
222456.00 5.8003e-17 222899.80 3 
224228.07 5.8114e-17 224675.41 3 
226001.13 6.3165e-17 226452.00 3 
227775.28 6.2637e-17 228229.69 3 
229550.44 6.2197e-17 230008.39 3 
231326.60 6.0197e-17 231788.09 3 
233103.85 6.0937e-17 233568.89 3 
234882.11 6.2696e-17 235350.70 3 
236661.45 6.0601e-17 237133.59 3 
238441.90 6.2558e-17 238917.59 3 
240223.35 6.0514e-17 240702.59 3 
242005.79 6.0261e-17 242488.59 3 
243789.34 6.0051e-17 244275.70 3 
245573.88 5.7808e-17 246063.80 3 
247359.63 5.9366e-17 247853.11 3 
249146.27 5.9971e-17 249643.31 3 
250933.98 5.9706e-17 251434.59 3 
252722.82 6.0010e-17 253227.00 3 
254512.75 6.0984e-17 255020.50 3 
256303.67 6.1618e-17 256815.00 3 
258095.69 6.5968e-17 258610.59 3 
259888.82 6.6742e-17 260407.30 3 
261683.04 6.0415e-17 262205.09 3 
263478.27 5.6744e-17 264003.91 3 
265274.56 5.7690e-17 265803.78 3 
267072.00 5.7014e-17 267604.81 3 
268870.38 5.5798e-17 269406.78 3 
270670.01 5.5213e-17 271210.00 3 
272470.61 5.6281e-17 273014.19 3 
274272.33 5.7672e-17 274819.50 3 
276075.14 5.4862e-17 276625.91 3 
277879.04 5.4115e-17 278433.41 3 
279684.03 5.5426e-17 280242.00 3 
281490.11 6.2493e-17 282051.69 3 
283297.32 6.0996e-17 283862.50 3 
285105.62 5.6386e-17 285674.41 3 
286915.01 5.3782e-17 287487.41 3 
288725.49 5.3981e-17 289301.50 3 
290537.07 5.4348e-17 291116.69 3 
292349.76 5.6340e-17 292933.00 3 
294163.55 5.5018e-17 294750.41 3 
295978.43 5.6219e-17 296568.91 3 
297794.49 5.5058e-17 298388.59 3 
299611.68 5.5257e-17 300209.41 3 
301429.83 5.6402e-17 302031.19 3 
303249.21 5.5186e-17 303854.19 3 
305069.67 5.4842e-17 305678.28 3 
306891.35 5.6523e-17 307503.59 3 
308714.02 5.7150e-17 309329.91 3 
310537.88 5.6831e-17 311157.41 3 
312362.93 5.6902e-17 312986.09 3 
314189.01 5.4305e-17 314815.81 3 
316016.27 5.7718e-17 316646.72 3 
317844.68 5.6081e-17 318478.78 3 
319674.13 5.7839e-17 320311.88 3 
321504.79 5.7221e-17 322146.19 3 
323336.66 5.9353e-17 323981.72 3 
325169.57 6.1235e-17 325818.28 3 
327003.60 5.9115e-17 327655.97 3 
328838.87 5.9197e-17 329494.91 3 
330675.30 6.2612e-17 331335.00 3 
332512.82 7.3436e-17 333176.19 3 
334351.47 1.1058e-16 335018.50 3 
336191.30 1.0060e-16 336862.00 3 
338032.34 6.6422e-17 338706.72 3 
339874.54 5.9935e-17 340552.59 3 
341717.87 5.8603e-17 342399.59 3 
343562.31 6.2322e-17 344247.72 3 
345408.00 6.7022e-17 346097.09 3 
347254.85 1.1192e-16 347947.62 3 
349102.85 1.3966e-16 349799.31 3 
