# An Atlas of Galaxy Spectral Energy Distributions from the Ultraviolet to the Mid-Infrared
# Brown et al. (2014)
# http://dx.doi.org/10.5072/03/529D3551F0117
# 
# Column 1 : Restframe Wavelength (Angstrom)
# Column 2 : Flux per unit wavelength (ergs/s/cm^2/Angstrom)
# Column 3 : Observed wavelength (Angstrom)
# Column 4 : Source (0 = model, 1 = Optical Spectrum, 2 = Akari, 3 = Spitzer IRS)
# 
   102.07 5.9583e-18    103.28 0 
   103.97 6.5936e-18    105.20 0 
   105.90 7.5704e-18    107.15 0 
   108.12 8.7724e-18    109.40 0 
   109.88 1.2278e-17    111.17 0 
   114.00 1.5280e-17    115.35 0 
   118.01 1.8077e-17    119.40 0 
   121.03 5.0480e-17    122.46 0 
   125.00 5.9173e-17    126.47 0 
   127.03 6.2823e-17    128.53 0 
   127.91 6.5482e-17    129.42 0 
   130.89 7.1141e-17    132.43 0 
   132.10 8.0006e-17    133.66 0 
   133.94 8.3969e-17    135.52 0 
   137.06 9.9339e-17    138.68 0 
   139.93 1.0669e-16    141.58 0 
   142.86 2.0329e-16    144.54 0 
   146.86 3.6318e-16    148.59 0 
   150.97 3.9095e-16    152.76 0 
   154.85 4.2474e-16    156.68 0 
   158.82 4.6145e-16    160.69 0 
   162.14 4.8879e-16    164.06 0 
   165.92 5.2981e-16    167.88 0 
   170.18 5.6640e-16    172.19 0 
   172.94 5.9720e-16    174.98 0 
   176.97 6.3551e-16    179.06 0 
   179.85 6.6393e-16    181.97 0 
   181.93 6.8410e-16    184.08 0 
   186.17 7.2464e-16    188.36 0 
   190.94 7.7468e-16    193.20 0 
   194.05 8.0932e-16    196.34 0 
   198.11 8.5137e-16    200.45 0 
   201.79 8.9561e-16    204.17 0 
   205.07 9.2709e-16    207.49 0 
   209.85 9.4650e-16    212.32 0 
   216.22 1.0450e-15    218.78 0 
   220.24 1.0943e-15    222.84 0 
   222.79 1.1172e-15    225.42 0 
   226.94 1.1671e-15    229.61 0 
   230.09 1.7625e-15    232.81 0 
   233.83 2.8915e-15    236.59 0 
   239.83 3.7942e-15    242.66 0 
   245.98 3.6068e-15    248.89 0 
   251.71 3.8470e-15    254.68 0 
   256.98 3.0983e-15    260.02 0 
   259.96 3.7508e-15    263.03 0 
   264.18 3.9730e-15    267.30 0 
   269.09 3.9730e-15    272.27 0 
   274.10 3.9639e-15    277.33 0 
   279.19 3.9185e-15    282.49 0 
   283.73 3.9457e-15    287.08 0 
   289.67 3.7594e-15    293.09 0 
   295.74 3.7768e-15    299.23 0 
   301.23 3.5902e-15    304.79 0 
   308.25 3.6654e-15    311.89 0 
   318.35 3.7421e-15    322.11 0 
   328.02 3.6908e-15    331.89 0 
   337.99 3.6068e-15    341.98 0 
   348.26 3.5085e-15    352.37 0 
   357.19 3.4843e-15    361.41 0 
   366.36 3.5166e-15    370.68 0 
   374.89 3.4365e-15    379.31 0 
   385.39 3.2294e-15    389.94 0 
   395.28 3.3122e-15    399.94 0 
   405.42 3.3046e-15    410.20 0 
   413.91 3.2294e-15    418.79 0 
   421.60 3.1198e-15    426.58 0 
   430.43 3.0347e-15    435.51 0 
   441.47 3.0138e-15    446.68 0 
   450.72 2.9317e-15    456.04 0 
   460.15 2.8192e-15    465.59 0 
   469.79 2.7550e-15    475.34 0 
   479.63 2.7235e-15    485.29 0 
   489.67 2.5949e-15    495.45 0 
   499.92 2.6009e-15    505.82 0 
   505.71 2.5126e-15    511.68 0 
   511.57 2.6861e-15    517.61 0 
   519.88 2.6129e-15    526.02 0 
   529.55 2.5010e-15    535.80 0 
   539.39 2.3395e-15    545.76 0 
   549.42 2.2601e-15    555.90 0 
   559.63 2.3287e-15    566.24 0 
   570.04 2.3341e-15    576.77 0 
   580.64 2.2601e-15    587.49 0 
   590.07 2.2239e-15    597.04 0 
   599.66 2.0851e-15    606.74 0 
   609.40 1.8328e-15    616.59 0 
   619.30 2.0851e-15    626.61 0 
   629.37 1.9958e-15    636.80 0 
   639.59 2.0096e-15    647.14 0 
   649.98 1.9459e-15    657.66 0 
   657.51 1.8626e-15    665.27 0 
   665.12 1.9016e-15    672.98 0 
   674.38 1.8842e-15    682.34 0 
   685.34 1.7584e-15    693.43 0 
   694.87 1.7994e-15    703.07 0 
   704.54 1.6562e-15    712.85 0 
   715.98 1.7383e-15    724.44 0 
   725.94 1.7105e-15    734.51 0 
   734.35 1.6831e-15    743.02 0 
   744.57 1.6297e-15    753.36 0 
   754.92 1.5926e-15    763.84 0 
   765.43 1.4359e-15    774.46 0 
   774.29 1.5315e-15    783.43 0 
   785.06 1.4525e-15    794.33 0 
   794.15 1.4660e-15    803.53 0 
   805.20 1.4559e-15    814.70 0 
   814.52 1.4326e-15    824.14 0 
   825.85 1.4129e-15    835.60 0 
   835.42 1.2709e-15    845.28 0 
   845.09 1.3556e-15    855.07 0 
   854.88 1.3217e-15    864.97 0 
   864.77 1.3156e-15    874.98 0 
   874.79 1.2975e-15    885.12 0 
   884.92 1.2768e-15    895.36 0 
   895.17 1.2564e-15    905.73 0 
   905.53 1.2278e-15    916.22 0 
   916.02 1.2221e-15    926.83 0 
   924.49 2.0995e-15    935.41 0 
   935.20 2.9931e-15    946.24 0 
   946.03 3.8470e-15    957.19 0 
   954.78 4.3263e-15    966.05 0 
   965.84 4.6571e-15    977.24 0 
   974.77 2.3775e-15    986.28 0 
   986.06 4.0283e-15    997.70 0 
   995.18 3.8736e-15   1006.93 0 
  1004.39 4.5198e-15   1016.25 0 
  1016.02 4.4990e-15   1028.02 0 
  1025.42 2.9385e-15   1037.53 0 
  1034.91 3.9275e-15   1047.13 0 
  1044.49 5.0947e-15   1056.82 0 
  1054.15 4.9331e-15   1066.60 0 
  1063.91 4.3164e-15   1076.47 0 
  1076.23 4.6358e-15   1088.93 0 
  1086.18 3.9366e-15   1099.01 0 
  1096.23 4.6679e-15   1109.18 0 
  1103.83 4.4578e-15   1116.86 0 
  1114.05 4.3563e-15   1127.20 0 
  1124.35 3.9366e-15   1137.63 0 
  1134.76 4.4578e-15   1148.15 0 
  1145.26 4.2279e-15   1158.78 0 
  1155.85 4.2474e-15   1169.50 0 
  1163.87 4.2084e-15   1177.61 0 
  1174.64 3.1851e-15   1188.50 0 
  1185.50 4.0098e-15   1199.50 0 
  1193.72 3.4445e-15   1207.81 0 
  1204.77 2.9588e-15   1218.99 0 
  1215.91 2.1833e-15   1230.27 0 
  1224.34 3.2970e-15   1238.80 0 
  1235.67 3.8558e-15   1250.26 0 
  1244.24 3.9730e-15   1258.93 0 
  1255.75 3.8647e-15   1270.57 0 
  1264.45 3.6654e-15   1279.38 0 
  1276.15 4.0190e-15   1291.22 0 
  1285.00 4.0562e-15   1300.17 0 
  1293.91 3.5491e-15   1309.18 0 
  1305.88 3.5328e-15   1321.30 0 
  1314.93 3.9275e-15   1330.45 0 
  1324.05 3.7681e-15   1339.68 0 
  1336.30 3.5085e-15   1352.07 0 
  1345.56 3.7855e-15   1361.44 0 
  1354.89 3.6823e-15   1370.88 0 
  1364.28 3.4365e-15   1380.38 0 
  1373.74 3.4445e-15   1389.95 0 
  1386.45 3.4286e-15   1402.81 0 
  1396.06 2.8452e-15   1412.54 0 
  1405.73 2.8127e-15   1422.33 0 
  1415.48 3.1998e-15   1432.19 0 
  1425.29 3.1414e-15   1442.12 0 
  1435.17 3.1851e-15   1452.11 0 
  1441.79 3.2294e-15   1458.81 0 
  1448.45 3.2294e-15   1465.55 0 
  1455.13 3.1342e-15   1472.31 0 
  1465.22 2.9793e-15   1482.52 0 
  1475.38 2.9725e-15   1492.79 0 
  1485.60 2.9793e-15   1503.14 0 
  1495.90 2.9452e-15   1513.56 0 
  1506.27 2.8257e-15   1524.05 0 
  1513.22 2.6249e-15   1531.09 0 
  1516.71 2.7047e-15   1534.62 0 
  1523.71 2.6676e-15   1541.70 0 
  1534.27 2.3885e-15   1552.39 0 
  1544.91 2.3127e-15   1563.15 0 
  1555.62 2.2601e-15   1573.98 0 
  1566.40 2.3885e-15   1584.89 0 
  1573.63 2.5010e-15   1592.21 0 
  1584.54 2.5475e-15   1603.25 0 
  1595.52 2.5711e-15   1614.36 0 
  1606.58 2.4895e-15   1625.55 0 
  1614.00 2.4667e-15   1633.05 0 
  1625.19 2.3885e-15   1644.37 0 
  1636.45 2.4781e-15   1655.77 0 
  1644.00 2.4895e-15   1663.41 0 
  1655.40 2.3775e-15   1674.94 0 
  1666.88 2.5068e-15   1686.55 0 
  1670.72 2.2968e-15   1690.44 0 
  1678.43 2.7933e-15   1698.24 0 
  1686.18 2.8127e-15   1706.08 0 
  1693.96 2.6310e-15   1713.96 0 
  1705.70 2.6069e-15   1725.84 0 
  1713.58 2.6737e-15   1733.80 0 
  1725.45 2.7047e-15   1745.82 0 
  1733.42 2.9317e-15   1753.88 0 
  1745.43 2.8452e-15   1766.04 0 
  1753.49 3.0983e-15   1774.19 0 
  1765.64 2.7423e-15   1786.49 0 
  1773.79 2.9250e-15   1794.73 0 
  1786.09 2.9793e-15   1807.17 0 
  1794.33 3.3816e-15   1815.52 0 
  1806.77 3.2368e-15   1828.10 0 
  1815.11 3.1778e-15   1836.54 0 
  1823.49 3.1342e-15   1845.02 0 
  1836.13 3.0278e-15   1857.80 0 
  1844.60 2.6676e-15   1866.38 0 
  1853.12 2.9452e-15   1874.99 0 
  1865.96 3.2743e-15   1887.99 0 
  1874.58 3.2593e-15   1896.71 0 
  1883.23 3.1924e-15   1905.46 0 
  1896.28 3.3506e-15   1918.67 0 
  1905.04 3.3275e-15   1927.53 0 
  1913.83 3.3894e-15   1936.42 0 
  1927.10 3.1342e-15   1949.84 0 
  1935.99 2.5534e-15   1958.84 0 
  1944.93 3.6068e-15   1967.89 0 
  1953.90 3.5820e-15   1976.97 0 
  1967.45 4.0376e-15   1990.67 0 
  1976.53 3.8915e-15   1999.86 0 
  1985.65 3.9730e-15   2009.09 0 
  1994.82 3.9457e-15   2018.37 0 
  2004.02 3.7681e-15   2027.68 0 
  2013.28 3.7855e-15   2037.04 0 
  2027.23 3.5004e-15   2051.16 0 
  2036.59 3.9730e-15   2060.63 0 
  2045.99 4.2966e-15   2070.14 0 
  2055.43 4.0469e-15   2079.70 0 
  2064.92 3.9185e-15   2089.30 0 
  2074.45 4.5302e-15   2098.94 0 
  2079.23 5.5734e-15   2103.78 0 
  2084.03 5.9173e-15   2108.63 0 
  2093.65 5.5350e-15   2118.36 0 
  2103.31 5.2134e-15   2128.14 0 
  2113.02 5.5862e-15   2137.96 0 
  2122.77 5.2981e-15   2147.83 0 
  2132.57 4.7656e-15   2157.74 0 
  2147.35 5.6509e-15   2172.70 0 
  2157.26 5.6770e-15   2182.73 0 
  2167.22 5.1419e-15   2192.81 0 
  2177.22 5.2014e-15   2202.93 0 
  2187.27 5.8630e-15   2213.09 0 
  2197.37 6.1252e-15   2223.31 0 
  2207.51 5.8630e-15   2233.57 0 
  2212.60 4.9445e-15   2238.72 0 
  2222.81 5.2254e-15   2249.05 0 
  2233.07 6.4583e-15   2259.44 0 
  2243.38 6.0690e-15   2269.86 0 
  2253.74 5.0480e-15   2280.34 0 
  2264.14 4.9331e-15   2290.87 0 
  2274.59 5.3720e-15   2301.44 0 
  2285.09 6.3571e-15   2312.07 0 
  2295.64 5.5257e-15   2322.74 0 
  2306.23 6.2735e-15   2333.46 0 
  2316.88 5.6969e-15   2344.23 0 
  2327.57 4.4032e-15   2355.05 0 
  2332.94 4.3534e-15   2360.48 0 
  2343.71 3.3110e-15   2371.37 0 
  2354.52 5.3221e-15   2382.32 0 
  2365.39 3.5336e-15   2393.32 0 
  2376.31 4.3989e-15   2404.36 0 
  2387.28 2.8872e-15   2415.46 0 
  2392.78 3.4957e-15   2421.03 0 
  2403.83 3.4727e-15   2432.20 0 
  2414.92 3.8976e-15   2443.43 0 
  2426.07 5.8067e-15   2454.71 0 
  2437.27 5.7420e-15   2466.04 0 
  2442.89 6.6089e-15   2471.72 0 
  2454.16 6.8118e-15   2483.13 0 
  2465.49 6.3008e-15   2494.60 0 
  2476.87 5.6173e-15   2506.11 0 
  2482.58 4.4627e-15   2511.89 0 
  2494.04 4.6852e-15   2523.48 0 
  2505.55 6.6968e-15   2535.13 0 
  2511.33 3.7492e-15   2540.97 0 
  2517.12 3.0974e-15   2546.83 0 
  2522.92 3.2966e-15   2552.70 0 
  2534.56 4.3975e-15   2564.48 0 
  2546.26 4.6489e-15   2576.32 0 
  2552.13 7.0374e-15   2582.26 0 
  2563.91 5.6827e-15   2594.18 0 
  2575.75 6.9294e-15   2606.15 0 
  2587.64 6.3802e-15   2618.18 0 
  2593.60 5.8871e-15   2624.22 0 
  2605.57 5.2245e-15   2636.33 0 
  2617.60 4.7226e-15   2648.50 0 
  2623.63 6.2988e-15   2654.61 0 
  2635.74 9.2555e-15   2666.86 0 
  2647.91 1.2233e-14   2679.17 0 
  2654.01 1.5798e-14   2685.34 0 
  2666.26 1.0833e-14   2697.74 0 
  2672.41 1.2185e-14   2703.96 0 
  2684.75 1.3614e-14   2716.44 0 
  2697.14 1.0426e-14   2728.98 0 
  2703.36 1.2479e-14   2735.27 0 
  2715.83 9.5134e-15   2747.89 0 
  2722.09 8.2873e-15   2754.23 0 
  2734.66 9.9898e-15   2766.94 0 
  2747.28 5.9938e-15   2779.71 0 
  2753.61 7.7229e-15   2786.12 0 
  2766.32 9.6812e-15   2798.98 0 
  2772.70 1.0495e-14   2805.43 0 
  2785.50 6.8415e-15   2818.38 0 
  2791.92 3.0495e-15   2824.88 0 
  2804.81 3.7186e-15   2837.92 0 
  2817.75 9.6057e-15   2851.02 0 
  2824.25 1.3171e-14   2857.59 0 
  2837.29 1.2467e-14   2870.78 0 
  2843.83 9.9503e-15   2877.40 0 
  2856.95 6.8389e-15   2890.68 0 
  2863.54 1.2591e-14   2897.34 0 
  2876.76 1.5639e-14   2910.72 0 
  2883.39 1.4665e-14   2917.43 0 
  2896.70 1.6922e-14   2930.89 0 
  2910.07 2.2367e-14   2944.42 0 
  2930.24 1.9808e-14   2964.83 0 
  2950.55 1.8539e-14   2985.38 0 
  2971.00 1.9378e-14   3006.08 0 
  2991.60 1.9750e-14   3026.91 0 
  3012.33 1.9897e-14   3047.89 0 
  3033.21 2.0991e-14   3069.02 0 
  3047.22 2.1888e-14   3083.19 0 
  3068.34 2.3629e-14   3104.56 0 
  3089.61 2.3318e-14   3126.08 0 
  3111.02 2.6178e-14   3147.75 0 
  3132.59 2.4445e-14   3169.57 0 
  3147.05 2.4624e-14   3184.20 0 
  3168.86 2.6768e-14   3206.27 0 
  3190.83 2.3543e-14   3228.49 0 
  3212.94 2.5889e-14   3250.87 0 
  3227.77 2.2299e-14   3265.88 0 
  3250.15 2.9961e-14   3288.52 0 
  3272.68 3.4579e-14   3311.31 0 
  3287.78 3.4040e-14   3326.60 0 
  3310.57 3.2304e-14   3349.66 0 
  3318.20 3.0573e-14   3357.38 0 
  3325.85 3.0299e-14   3365.12 0 
  3333.52 3.3076e-14   3372.87 0 
  3341.21 3.0592e-14   3380.65 0 
  3348.91 3.5702e-14   3388.44 0 
  3356.63 3.4576e-14   3396.25 0 
  3364.37 2.2902e-14   3404.08 0 
  3372.12 2.5583e-14   3411.93 0 
  3379.89 3.4757e-14   3419.79 0 
  3387.69 3.2820e-14   3427.68 0 
  3395.50 2.9869e-14   3435.58 0 
  3403.32 3.8576e-14   3443.50 0 
  3411.17 3.1435e-14   3451.44 0 
  3419.03 3.0938e-14   3459.39 0 
  3426.91 3.3234e-14   3467.37 0 
  3434.81 3.7729e-14   3475.36 0 
  3442.73 2.9025e-14   3483.37 0 
  3450.67 3.1979e-14   3491.40 0 
  3458.62 3.5071e-14   3499.45 0 
  3466.60 3.2889e-14   3507.52 0 
  3474.59 3.5904e-14   3515.60 0 
  3482.60 3.3669e-14   3523.71 0 
  3490.63 3.6251e-14   3531.83 0 
  3498.67 3.0790e-14   3539.97 0 
  3506.74 3.8950e-14   3548.13 0 
  3514.82 3.2704e-14   3556.31 0 
  3522.92 3.7644e-14   3564.51 0 
  3531.04 3.0746e-14   3572.73 0 
  3539.18 3.8537e-14   3580.96 0 
  3547.34 4.0455e-14   3589.22 0 
  3555.52 3.7589e-14   3597.49 0 
  3563.72 3.6742e-14   3605.79 0 
  3571.93 2.9191e-14   3614.10 0 
  3580.17 3.2088e-14   3622.43 0 
  3588.42 2.3683e-14   3630.78 0 
  3596.69 3.4797e-14   3639.15 0 
  3604.98 3.9777e-14   3647.54 0 
  3613.29 3.0250e-14   3655.95 0 
  3621.62 2.9297e-14   3664.37 0 
  3629.97 4.6123e-14   3672.82 0 
  3638.34 3.7326e-14   3681.29 0 
  3646.73 3.9456e-14   3689.78 0 
  3655.13 4.0106e-14   3698.28 0 
  3663.56 4.9352e-14   3706.81 0 
  3672.00 4.3291e-14   3715.35 0 
  3680.47 4.1927e-14   3723.92 0 
  3688.95 3.9409e-14   3732.50 0 
  3697.46 4.3822e-14   3741.11 0 
  3705.98 4.5686e-14   3749.73 0 
  3714.52 4.0915e-14   3758.37 0 
  3723.09 3.3341e-14   3767.04 0 
  3731.67 3.9726e-14   3775.72 0 
  3740.27 2.3943e-14   3784.43 0 
  3748.89 3.1137e-14   3793.15 0 
  3753.00 2.2295e-14   3797.30 1 
  3755.71 3.1451e-14   3800.05 1 
  3758.43 3.4055e-14   3802.80 1 
  3761.15 3.6933e-14   3805.55 1 
  3763.87 3.6871e-14   3808.30 1 
  3766.59 3.5972e-14   3811.05 1 
  3769.30 4.0548e-14   3813.80 1 
  3772.02 4.1593e-14   3816.55 1 
  3774.74 3.9023e-14   3819.30 1 
  3777.46 3.7470e-14   3822.05 1 
  3780.18 3.9314e-14   3824.80 1 
  3782.89 4.6001e-14   3827.55 1 
  3785.61 4.4869e-14   3830.30 1 
  3788.33 3.7128e-14   3833.05 1 
  3791.05 3.6672e-14   3835.80 1 
  3793.76 3.4372e-14   3838.55 1 
  3796.48 3.1820e-14   3841.30 1 
  3799.20 2.7921e-14   3844.05 1 
  3801.92 3.5681e-14   3846.80 1 
  3804.64 3.7418e-14   3849.55 1 
  3807.35 3.9891e-14   3852.30 1 
  3810.07 3.8247e-14   3855.05 1 
  3812.79 4.0435e-14   3857.80 1 
  3815.51 4.0959e-14   3860.55 1 
  3818.23 4.0623e-14   3863.30 1 
  3820.94 3.4896e-14   3866.05 1 
  3823.66 3.4701e-14   3868.80 1 
  3826.38 3.4992e-14   3871.55 1 
  3829.10 3.0577e-14   3874.30 1 
  3831.82 2.3963e-14   3877.05 1 
  3834.53 2.4415e-14   3879.80 1 
  3837.25 2.6899e-14   3882.55 1 
  3839.97 2.4052e-14   3885.30 1 
  3842.69 2.6464e-14   3888.05 1 
  3845.41 3.1208e-14   3890.80 1 
  3848.12 3.6443e-14   3893.55 1 
  3850.84 4.0268e-14   3896.30 1 
  3853.56 4.2120e-14   3899.05 1 
  3856.28 3.9619e-14   3901.80 1 
  3858.99 3.6736e-14   3904.55 1 
  3861.71 4.2707e-14   3907.30 1 
  3864.43 4.1596e-14   3910.05 1 
  3867.15 3.1908e-14   3912.80 1 
  3869.87 3.7129e-14   3915.55 1 
  3872.58 3.7167e-14   3918.30 1 
  3875.30 3.0945e-14   3921.05 1 
  3878.02 3.2287e-14   3923.80 1 
  3880.74 3.7494e-14   3926.55 1 
  3883.46 3.8806e-14   3929.30 1 
  3886.17 3.6515e-14   3932.05 1 
  3888.89 3.7360e-14   3934.80 1 
  3891.61 3.4672e-14   3937.55 1 
  3894.33 4.2849e-14   3940.30 1 
  3897.05 4.2236e-14   3943.05 1 
  3899.76 4.2673e-14   3945.80 1 
  3902.48 4.1565e-14   3948.55 1 
  3905.20 4.6324e-14   3951.30 1 
  3907.92 5.0458e-14   3954.05 1 
  3910.64 4.3212e-14   3956.80 1 
  3913.35 4.8686e-14   3959.55 1 
  3916.07 5.5313e-14   3962.30 1 
  3918.79 4.8915e-14   3965.05 1 
  3921.51 5.0875e-14   3967.80 1 
  3924.22 4.7530e-14   3970.55 1 
  3926.94 4.0421e-14   3973.30 1 
  3929.66 3.3661e-14   3976.05 1 
  3932.38 2.3294e-14   3978.80 1 
  3935.10 2.0568e-14   3981.55 1 
  3937.81 2.2520e-14   3984.30 1 
  3940.53 2.6864e-14   3987.05 1 
  3943.25 3.2976e-14   3989.80 1 
  3945.97 4.5022e-14   3992.55 1 
  3948.69 4.7941e-14   3995.30 1 
  3951.40 5.1016e-14   3998.05 1 
  3954.12 4.8904e-14   4000.80 1 
  3956.84 4.6474e-14   4003.55 1 
  3959.56 4.4641e-14   4006.30 1 
  3962.28 4.2423e-14   4009.05 1 
  3964.99 3.4487e-14   4011.80 1 
  3967.71 2.6626e-14   4014.55 1 
  3970.43 2.3974e-14   4017.30 1 
  3973.15 2.6769e-14   4020.05 1 
  3975.86 3.2032e-14   4022.80 1 
  3978.58 4.1460e-14   4025.55 1 
  3981.30 5.2076e-14   4028.30 1 
  3984.02 5.2422e-14   4031.05 1 
  3986.74 5.7293e-14   4033.80 1 
  3989.45 5.6905e-14   4036.55 1 
  3992.17 5.7407e-14   4039.30 1 
  3994.89 6.3658e-14   4042.05 1 
  3997.61 6.5218e-14   4044.80 1 
  4000.33 6.2618e-14   4047.55 1 
  4003.04 6.2068e-14   4050.30 1 
  4005.76 6.5427e-14   4053.05 1 
  4008.48 6.7363e-14   4055.80 1 
  4011.20 6.7114e-14   4058.55 1 
  4013.92 6.5253e-14   4061.30 1 
  4016.63 7.1448e-14   4064.05 1 
  4019.35 7.2445e-14   4066.80 1 
  4022.07 6.8529e-14   4069.55 1 
  4024.79 6.6303e-14   4072.30 1 
  4027.51 7.1031e-14   4075.05 1 
  4030.22 7.0896e-14   4077.80 1 
  4032.94 6.4443e-14   4080.55 1 
  4035.66 6.3887e-14   4083.30 1 
  4038.38 6.6512e-14   4086.05 1 
  4041.09 7.1362e-14   4088.80 1 
  4043.81 7.1970e-14   4091.55 1 
  4046.53 6.6602e-14   4094.30 1 
  4049.25 6.2073e-14   4097.05 1 
  4051.97 6.5680e-14   4099.80 1 
  4054.68 6.6529e-14   4102.55 1 
  4057.40 6.5907e-14   4105.30 1 
  4060.12 6.5305e-14   4108.05 1 
  4062.84 6.1701e-14   4110.80 1 
  4065.56 5.8881e-14   4113.55 1 
  4068.27 6.5462e-14   4116.30 1 
  4070.99 6.3763e-14   4119.05 1 
  4073.71 6.3605e-14   4121.80 1 
  4076.43 6.4375e-14   4124.55 1 
  4079.15 6.5646e-14   4127.30 1 
  4081.86 6.9410e-14   4130.05 1 
  4084.58 7.0793e-14   4132.80 1 
  4087.30 6.9444e-14   4135.55 1 
  4090.02 6.8194e-14   4138.30 1 
  4092.74 6.9559e-14   4141.05 1 
  4095.45 6.9213e-14   4143.80 1 
  4098.17 6.3754e-14   4146.55 1 
  4100.89 5.7687e-14   4149.30 1 
  4103.61 6.0988e-14   4152.05 1 
  4106.32 5.9263e-14   4154.80 1 
  4109.04 6.0131e-14   4157.55 1 
  4111.76 6.4905e-14   4160.30 1 
  4114.48 6.3299e-14   4163.05 1 
  4117.20 6.5319e-14   4165.80 1 
  4119.91 6.5611e-14   4168.55 1 
  4122.63 6.6895e-14   4171.30 1 
  4125.35 6.8364e-14   4174.05 1 
  4128.07 6.8104e-14   4176.80 1 
  4130.79 7.1389e-14   4179.55 1 
  4133.50 7.0306e-14   4182.30 1 
  4136.22 6.6804e-14   4185.05 1 
  4138.94 6.8137e-14   4187.80 1 
  4141.66 6.9448e-14   4190.55 1 
  4144.38 6.6764e-14   4193.30 1 
  4147.09 6.9782e-14   4196.05 1 
  4149.81 6.7309e-14   4198.80 1 
  4152.53 6.5302e-14   4201.55 1 
  4155.25 6.8822e-14   4204.30 1 
  4157.97 6.8612e-14   4207.05 1 
  4160.68 7.0965e-14   4209.80 1 
  4163.40 7.2718e-14   4212.55 1 
  4166.12 7.2707e-14   4215.30 1 
  4168.84 6.9561e-14   4218.05 1 
  4171.55 6.6229e-14   4220.80 1 
  4174.27 6.6231e-14   4223.55 1 
  4176.99 6.5637e-14   4226.30 1 
  4179.71 6.5177e-14   4229.05 1 
  4182.43 6.8147e-14   4231.80 1 
  4185.14 6.8497e-14   4234.55 1 
  4187.86 7.0252e-14   4237.30 1 
  4190.58 6.8464e-14   4240.05 1 
  4193.30 6.9453e-14   4242.80 1 
  4196.02 6.7235e-14   4245.55 1 
  4198.73 6.6483e-14   4248.30 1 
  4201.45 6.8282e-14   4251.05 1 
  4204.17 6.5719e-14   4253.80 1 
  4206.89 6.8863e-14   4256.55 1 
  4209.61 7.0073e-14   4259.30 1 
  4212.32 7.2182e-14   4262.05 1 
  4215.04 7.7182e-14   4264.80 1 
  4217.76 7.5717e-14   4267.55 1 
  4220.48 7.1771e-14   4270.30 1 
  4223.19 7.1991e-14   4273.05 1 
  4225.91 6.8929e-14   4275.80 1 
  4228.63 6.6313e-14   4278.55 1 
  4231.35 6.4302e-14   4281.30 1 
  4234.07 6.6696e-14   4284.05 1 
  4236.78 6.9953e-14   4286.80 1 
  4239.50 7.3588e-14   4289.55 1 
  4242.22 7.4691e-14   4292.30 1 
  4244.94 7.5490e-14   4295.05 1 
  4247.66 7.5889e-14   4297.80 1 
  4250.37 7.4503e-14   4300.55 1 
  4253.09 7.2674e-14   4303.30 1 
  4255.81 7.1766e-14   4306.05 1 
  4258.53 7.0792e-14   4308.80 1 
  4261.25 7.2327e-14   4311.55 1 
  4263.96 7.3305e-14   4314.30 1 
  4266.68 7.5264e-14   4317.05 1 
  4269.40 7.4668e-14   4319.80 1 
  4272.12 7.1382e-14   4322.55 1 
  4274.84 6.9671e-14   4325.30 1 
  4277.55 7.0212e-14   4328.05 1 
  4280.27 7.2706e-14   4330.80 1 
  4282.99 7.0484e-14   4333.55 1 
  4285.71 7.2010e-14   4336.30 1 
  4288.42 6.8556e-14   4339.05 1 
  4291.14 6.8400e-14   4341.80 1 
  4293.86 6.8483e-14   4344.55 1 
  4296.58 6.1760e-14   4347.30 1 
  4299.30 6.0062e-14   4350.05 1 
  4302.01 5.9250e-14   4352.80 1 
  4304.73 5.4586e-14   4355.55 1 
  4307.45 5.2988e-14   4358.30 1 
  4310.17 5.4152e-14   4361.05 1 
  4312.89 5.9372e-14   4363.80 1 
  4315.60 6.7083e-14   4366.55 1 
  4318.32 7.3797e-14   4369.30 1 
  4321.04 7.3447e-14   4372.05 1 
  4323.76 7.4115e-14   4374.80 1 
  4326.48 7.4591e-14   4377.55 1 
  4329.19 7.6039e-14   4380.30 1 
  4331.91 7.8119e-14   4383.05 1 
  4334.63 7.4223e-14   4385.80 1 
  4337.35 7.4422e-14   4388.55 1 
  4340.07 7.0813e-14   4391.30 1 
  4342.78 6.8426e-14   4394.05 1 
  4345.50 7.0718e-14   4396.80 1 
  4348.22 7.8397e-14   4399.55 1 
  4350.94 7.9851e-14   4402.30 1 
  4353.65 7.6319e-14   4405.05 1 
  4356.37 8.0174e-14   4407.80 1 
  4359.09 8.0672e-14   4410.55 1 
  4361.81 8.1399e-14   4413.30 1 
  4364.53 8.6317e-14   4416.05 1 
  4367.24 8.6364e-14   4418.80 1 
  4369.96 8.4356e-14   4421.55 1 
  4372.68 8.0039e-14   4424.30 1 
  4375.40 7.7551e-14   4427.05 1 
  4378.12 7.6671e-14   4429.80 1 
  4380.83 7.6985e-14   4432.55 1 
  4383.55 7.2450e-14   4435.30 1 
  4386.27 6.7681e-14   4438.05 1 
  4388.99 7.0230e-14   4440.80 1 
  4391.71 7.3872e-14   4443.55 1 
  4394.42 8.0448e-14   4446.30 1 
  4397.14 8.2549e-14   4449.05 1 
  4399.86 7.9009e-14   4451.80 1 
  4402.58 7.9162e-14   4454.55 1 
  4405.30 8.0670e-14   4457.30 1 
  4408.01 7.8535e-14   4460.05 1 
  4410.73 7.9745e-14   4462.80 1 
  4413.45 8.0724e-14   4465.55 1 
  4416.17 8.1519e-14   4468.30 1 
  4418.88 8.5071e-14   4471.05 1 
  4421.60 8.5582e-14   4473.80 1 
  4424.32 8.7151e-14   4476.55 1 
  4427.04 9.0320e-14   4479.30 1 
  4429.76 8.8145e-14   4482.05 1 
  4432.47 8.4851e-14   4484.80 1 
  4435.19 8.5605e-14   4487.55 1 
  4437.91 8.5660e-14   4490.30 1 
  4440.63 8.6200e-14   4493.05 1 
  4443.35 8.7157e-14   4495.80 1 
  4446.06 8.7553e-14   4498.55 1 
  4448.78 8.8659e-14   4501.30 1 
  4451.50 8.8818e-14   4504.05 1 
  4454.22 8.6837e-14   4506.80 1 
  4456.94 8.3533e-14   4509.55 1 
  4459.65 8.6809e-14   4512.30 1 
  4462.37 8.1570e-14   4515.05 1 
  4465.09 8.0780e-14   4517.80 1 
  4467.81 8.3807e-14   4520.55 1 
  4470.53 9.0426e-14   4523.30 1 
  4473.24 9.0019e-14   4526.05 1 
  4475.96 9.1256e-14   4528.80 1 
  4478.68 9.4033e-14   4531.55 1 
  4481.40 9.2219e-14   4534.30 1 
  4484.11 9.2903e-14   4537.05 1 
  4486.83 9.4263e-14   4539.80 1 
  4489.55 9.4727e-14   4542.55 1 
  4492.27 9.1657e-14   4545.30 1 
  4494.99 9.2268e-14   4548.05 1 
  4497.70 9.3081e-14   4550.80 1 
  4500.42 9.6139e-14   4553.55 1 
  4503.14 9.7607e-14   4556.30 1 
  4505.86 1.0084e-13   4559.05 1 
  4508.58 1.0111e-13   4561.80 1 
  4511.29 1.0095e-13   4564.55 1 
  4514.01 1.0210e-13   4567.30 1 
  4516.73 9.9647e-14   4570.05 1 
  4519.45 9.7682e-14   4572.80 1 
  4522.17 9.7148e-14   4575.55 1 
  4524.88 9.2302e-14   4578.30 1 
  4527.60 8.7515e-14   4581.05 1 
  4530.32 8.6037e-14   4583.80 1 
  4533.04 8.8049e-14   4586.55 1 
  4535.76 9.0236e-14   4589.30 1 
  4538.47 8.9977e-14   4592.05 1 
  4541.19 9.3413e-14   4594.80 1 
  4543.91 9.3273e-14   4597.55 1 
  4546.63 9.1940e-14   4600.30 1 
  4549.34 9.3942e-14   4603.05 1 
  4552.06 9.4380e-14   4605.80 1 
  4554.78 9.2354e-14   4608.55 1 
  4557.50 9.3237e-14   4611.30 1 
  4560.22 9.8382e-14   4614.05 1 
  4562.93 9.8283e-14   4616.80 1 
  4565.65 9.9846e-14   4619.55 1 
  4568.37 9.9723e-14   4622.30 1 
  4571.09 9.8160e-14   4625.05 1 
  4573.81 9.9304e-14   4627.80 1 
  4576.52 1.0046e-13   4630.55 1 
  4579.24 9.7842e-14   4633.30 1 
  4581.96 9.6353e-14   4636.05 1 
  4584.68 9.5574e-14   4638.80 1 
  4587.40 9.6841e-14   4641.55 1 
  4590.11 9.8521e-14   4644.30 1 
  4592.83 9.6024e-14   4647.05 1 
  4595.55 9.6158e-14   4649.80 1 
  4598.27 9.6045e-14   4652.55 1 
  4600.99 9.5847e-14   4655.30 1 
  4603.70 9.8303e-14   4658.05 1 
  4606.42 9.8390e-14   4660.80 1 
  4609.14 1.0088e-13   4663.55 1 
  4611.86 1.0192e-13   4666.30 1 
  4614.57 1.0304e-13   4669.05 1 
  4617.29 1.0436e-13   4671.80 1 
  4620.01 1.0460e-13   4674.55 1 
  4622.73 1.0379e-13   4677.30 1 
  4625.45 1.0137e-13   4680.05 1 
  4628.16 1.0481e-13   4682.80 1 
  4630.88 1.0301e-13   4685.55 1 
  4633.60 1.0144e-13   4688.30 1 
  4636.32 1.0212e-13   4691.05 1 
  4639.04 9.9997e-14   4693.80 1 
  4641.75 9.7810e-14   4696.55 1 
  4644.47 9.6760e-14   4699.30 1 
  4647.19 9.2608e-14   4702.05 1 
  4649.91 9.5546e-14   4704.80 1 
  4652.63 9.6876e-14   4707.55 1 
  4655.34 1.0089e-13   4710.30 1 
  4658.06 1.0138e-13   4713.05 1 
  4660.78 1.0121e-13   4715.80 1 
  4663.50 1.0015e-13   4718.55 1 
  4666.22 9.7517e-14   4721.30 1 
  4668.93 9.2874e-14   4724.05 1 
  4671.65 9.2429e-14   4726.80 1 
  4674.37 9.3729e-14   4729.55 1 
  4677.09 9.5113e-14   4732.30 1 
  4679.80 9.6058e-14   4735.05 1 
  4682.52 9.8077e-14   4737.80 1 
  4685.24 9.7700e-14   4740.55 1 
  4687.96 9.5583e-14   4743.30 1 
  4690.68 9.5536e-14   4746.05 1 
  4693.39 9.8155e-14   4748.80 1 
  4696.11 9.5321e-14   4751.55 1 
  4698.83 9.2535e-14   4754.30 1 
  4701.55 9.3332e-14   4757.05 1 
  4704.27 9.2480e-14   4759.80 1 
  4706.98 9.2747e-14   4762.55 1 
  4709.70 9.2078e-14   4765.30 1 
  4712.42 9.4062e-14   4768.05 1 
  4715.14 9.6046e-14   4770.80 1 
  4717.86 9.7586e-14   4773.55 1 
  4720.57 1.0172e-13   4776.30 1 
  4723.29 1.0257e-13   4779.05 1 
  4726.01 1.0076e-13   4781.80 1 
  4728.73 9.9302e-14   4784.55 1 
  4731.45 9.6511e-14   4787.30 1 
  4734.16 9.6305e-14   4790.05 1 
  4736.88 9.6730e-14   4792.80 1 
  4739.60 9.9284e-14   4795.55 1 
  4742.32 1.0123e-13   4798.30 1 
  4745.03 1.0064e-13   4801.05 1 
  4747.75 1.0106e-13   4803.80 1 
  4750.47 1.0071e-13   4806.55 1 
  4753.19 1.0120e-13   4809.30 1 
  4755.91 9.8746e-14   4812.05 1 
  4758.62 9.8424e-14   4814.80 1 
  4761.34 9.7572e-14   4817.55 1 
  4764.06 9.6275e-14   4820.30 1 
  4766.78 9.4459e-14   4823.05 1 
  4769.50 9.4269e-14   4825.80 1 
  4772.21 9.6672e-14   4828.55 1 
  4774.93 9.8359e-14   4831.30 1 
  4777.65 9.9505e-14   4834.05 1 
  4780.37 9.8746e-14   4836.80 1 
  4783.09 9.9241e-14   4839.55 1 
  4785.80 9.8140e-14   4842.30 1 
  4788.52 9.7819e-14   4845.05 1 
  4791.24 9.7682e-14   4847.80 1 
  4793.96 1.0156e-13   4850.55 1 
  4796.68 1.0200e-13   4853.30 1 
  4799.39 1.0178e-13   4856.05 1 
  4802.11 1.0129e-13   4858.80 1 
  4804.83 9.7797e-14   4861.55 1 
  4807.55 1.0011e-13   4864.30 1 
  4810.26 9.9903e-14   4867.05 1 
  4812.98 9.9829e-14   4869.80 1 
  4815.70 1.0010e-13   4872.55 1 
  4818.42 1.0190e-13   4875.30 1 
  4821.14 1.0275e-13   4878.05 1 
  4823.85 1.0273e-13   4880.80 1 
  4826.57 1.0292e-13   4883.55 1 
  4829.29 1.0034e-13   4886.30 1 
  4832.01 1.0182e-13   4889.05 1 
  4834.73 1.0067e-13   4891.80 1 
  4837.44 9.6973e-14   4894.55 1 
  4840.16 9.7724e-14   4897.30 1 
  4842.88 9.7642e-14   4900.05 1 
  4845.60 9.7811e-14   4902.80 1 
  4848.32 9.8409e-14   4905.55 1 
  4851.03 9.7916e-14   4908.30 1 
  4853.75 9.5139e-14   4911.05 1 
  4856.47 8.9755e-14   4913.80 1 
  4859.19 8.5792e-14   4916.55 1 
  4861.91 8.3745e-14   4919.30 1 
  4864.62 8.5114e-14   4922.05 1 
  4867.34 8.4470e-14   4924.80 1 
  4870.06 8.6520e-14   4927.55 1 
  4872.78 8.9569e-14   4930.30 1 
  4875.49 8.9412e-14   4933.05 1 
  4878.21 9.2295e-14   4935.80 1 
  4880.93 9.2500e-14   4938.55 1 
  4883.65 9.3663e-14   4941.30 1 
  4886.37 9.2961e-14   4944.05 1 
  4889.08 9.3647e-14   4946.80 1 
  4891.80 9.4242e-14   4949.55 1 
  4894.52 9.4204e-14   4952.30 1 
  4897.24 9.8984e-14   4955.05 1 
  4899.96 1.0285e-13   4957.80 1 
  4902.67 1.0247e-13   4960.55 1 
  4905.39 1.0015e-13   4963.30 1 
  4908.11 1.0085e-13   4966.05 1 
  4910.83 9.9113e-14   4968.80 1 
  4913.55 9.9074e-14   4971.55 1 
  4916.26 9.6094e-14   4974.30 1 
  4918.98 9.5767e-14   4977.05 1 
  4921.70 9.5704e-14   4979.80 1 
  4924.42 9.4644e-14   4982.55 1 
  4927.13 9.6621e-14   4985.30 1 
  4929.85 9.9086e-14   4988.05 1 
  4932.57 9.9836e-14   4990.80 1 
  4935.29 9.9265e-14   4993.55 1 
  4938.01 9.6711e-14   4996.30 1 
  4940.72 9.5403e-14   4999.05 1 
  4943.44 9.8205e-14   5001.80 1 
  4946.16 1.0119e-13   5004.55 1 
  4948.88 1.0543e-13   5007.30 1 
  4951.60 1.0770e-13   5010.05 1 
  4954.31 1.0337e-13   5012.80 1 
  4957.03 9.8806e-14   5015.55 1 
  4959.75 9.8581e-14   5018.30 1 
  4962.47 9.9307e-14   5021.05 1 
  4965.19 1.0147e-13   5023.80 1 
  4967.90 9.8208e-14   5026.55 1 
  4970.62 9.8352e-14   5029.30 1 
  4973.34 9.6602e-14   5032.05 1 
  4976.06 9.7584e-14   5034.80 1 
  4978.78 9.7242e-14   5037.55 1 
  4981.49 9.4913e-14   5040.30 1 
  4984.21 9.2303e-14   5043.05 1 
  4986.93 9.2094e-14   5045.80 1 
  4989.65 9.3320e-14   5048.55 1 
  4992.36 9.4073e-14   5051.30 1 
  4995.08 9.4703e-14   5054.05 1 
  4997.80 9.6888e-14   5056.80 1 
  5000.52 9.5372e-14   5059.55 1 
  5003.24 9.5825e-14   5062.30 1 
  5005.95 9.4759e-14   5065.05 1 
  5008.67 9.3807e-14   5067.80 1 
  5011.39 9.3679e-14   5070.55 1 
  5014.11 9.3650e-14   5073.30 1 
  5016.83 9.0138e-14   5076.05 1 
  5019.54 8.8225e-14   5078.80 1 
  5022.26 8.9833e-14   5081.55 1 
  5024.98 9.0161e-14   5084.30 1 
  5027.70 9.0925e-14   5087.05 1 
  5030.42 9.3219e-14   5089.80 1 
  5033.13 9.6615e-14   5092.55 1 
  5035.85 9.6937e-14   5095.30 1 
  5038.57 9.5071e-14   5098.05 1 
  5041.29 9.0940e-14   5100.80 1 
  5044.01 9.1586e-14   5103.55 1 
  5046.72 9.4966e-14   5106.30 1 
  5049.44 9.6389e-14   5109.05 1 
  5052.16 9.7409e-14   5111.80 1 
  5054.88 9.6721e-14   5114.55 1 
  5057.59 9.8848e-14   5117.30 1 
  5060.31 9.9255e-14   5120.05 1 
  5063.03 9.9477e-14   5122.80 1 
  5065.75 9.8633e-14   5125.55 1 
  5068.47 9.8882e-14   5128.30 1 
  5071.18 9.7186e-14   5131.05 1 
  5073.90 9.4437e-14   5133.80 1 
  5076.62 9.4956e-14   5136.55 1 
  5079.34 9.2713e-14   5139.30 1 
  5082.06 9.1755e-14   5142.05 1 
  5084.77 9.4006e-14   5144.80 1 
  5087.49 9.4580e-14   5147.55 1 
  5090.21 9.3738e-14   5150.30 1 
  5092.93 9.6575e-14   5153.05 1 
  5095.65 9.7184e-14   5155.80 1 
  5098.36 9.6452e-14   5158.55 1 
  5101.08 9.4759e-14   5161.30 1 
  5103.80 9.3168e-14   5164.05 1 
  5106.52 9.4933e-14   5166.80 1 
  5109.24 9.3860e-14   5169.55 1 
  5111.95 9.5170e-14   5172.30 1 
  5114.67 9.7571e-14   5175.05 1 
  5117.39 9.8284e-14   5177.80 1 
  5120.11 9.6506e-14   5180.55 1 
  5122.82 9.4740e-14   5183.30 1 
  5125.54 9.3785e-14   5186.05 1 
  5128.26 9.1967e-14   5188.80 1 
  5130.98 9.1963e-14   5191.55 1 
  5133.70 9.2378e-14   5194.30 1 
  5136.41 9.2490e-14   5197.05 1 
  5139.13 9.1745e-14   5199.80 1 
  5141.85 9.0720e-14   5202.55 1 
  5144.57 8.7830e-14   5205.30 1 
  5147.29 8.7463e-14   5208.05 1 
  5150.00 9.0071e-14   5210.80 1 
  5152.72 9.1482e-14   5213.55 1 
  5155.44 9.2692e-14   5216.30 1 
  5158.16 9.2380e-14   5219.05 1 
  5160.88 9.2701e-14   5221.80 1 
  5163.59 9.1417e-14   5224.55 1 
  5166.31 8.5715e-14   5227.30 1 
  5169.03 8.0405e-14   5230.05 1 
  5171.75 7.9014e-14   5232.80 1 
  5174.47 7.6967e-14   5235.55 1 
  5177.18 8.0233e-14   5238.30 1 
  5179.90 8.1541e-14   5241.05 1 
  5182.62 7.9594e-14   5243.80 1 
  5185.34 8.2145e-14   5246.55 1 
  5188.05 8.3068e-14   5249.30 1 
  5190.77 8.5238e-14   5252.05 1 
  5193.49 8.8888e-14   5254.80 1 
  5196.21 9.2521e-14   5257.55 1 
  5198.93 9.4373e-14   5260.30 1 
  5201.64 9.1826e-14   5263.05 1 
  5204.36 9.0145e-14   5265.80 1 
  5207.08 8.8536e-14   5268.55 1 
  5209.80 8.8935e-14   5271.30 1 
  5212.52 9.0616e-14   5274.05 1 
  5215.23 9.3501e-14   5276.80 1 
  5217.95 9.6763e-14   5279.55 1 
  5220.67 9.6729e-14   5282.30 1 
  5223.39 9.5196e-14   5285.05 1 
  5226.11 9.5291e-14   5287.80 1 
  5228.82 9.5376e-14   5290.55 1 
  5231.54 9.4655e-14   5293.30 1 
  5234.26 9.4944e-14   5296.05 1 
  5236.98 9.6624e-14   5298.80 1 
  5239.70 9.8497e-14   5301.55 1 
  5242.41 1.0063e-13   5304.30 1 
  5245.13 1.0091e-13   5307.05 1 
  5247.85 9.9042e-14   5309.80 1 
  5250.57 9.8125e-14   5312.55 1 
  5253.28 9.7730e-14   5315.30 1 
  5256.00 9.8636e-14   5318.05 1 
  5258.72 9.8516e-14   5320.80 1 
  5261.44 9.7747e-14   5323.55 1 
  5264.16 9.3391e-14   5326.30 1 
  5266.87 8.9708e-14   5329.05 1 
  5269.59 8.5391e-14   5331.80 1 
  5272.31 8.7573e-14   5334.55 1 
  5275.03 9.0277e-14   5337.30 1 
  5277.75 9.3247e-14   5340.05 1 
  5280.46 9.8980e-14   5342.80 1 
  5283.18 9.9895e-14   5345.55 1 
  5285.90 1.0031e-13   5348.30 1 
  5288.62 1.0327e-13   5351.05 1 
  5291.34 1.0433e-13   5353.80 1 
  5294.05 1.0497e-13   5356.55 1 
  5296.77 1.0302e-13   5359.30 1 
  5299.49 1.0071e-13   5362.05 1 
  5302.21 1.0149e-13   5364.80 1 
  5304.93 1.0005e-13   5367.55 1 
  5307.64 1.0339e-13   5370.30 1 
  5310.36 1.0704e-13   5373.05 1 
  5313.08 1.0695e-13   5375.80 1 
  5315.80 1.0737e-13   5378.55 1 
  5318.51 1.0619e-13   5381.30 1 
  5321.23 1.0480e-13   5384.05 1 
  5323.95 1.0123e-13   5386.80 1 
  5326.67 9.7129e-14   5389.55 1 
  5329.39 9.5306e-14   5392.30 1 
  5332.10 9.6564e-14   5395.05 1 
  5334.82 9.8260e-14   5397.80 1 
  5337.54 1.0124e-13   5400.55 1 
  5340.26 1.0220e-13   5403.30 1 
  5342.98 1.0108e-13   5406.05 1 
  5345.69 1.0152e-13   5408.80 1 
  5348.41 1.0153e-13   5411.55 1 
  5351.13 1.0368e-13   5414.30 1 
  5353.85 1.0719e-13   5417.05 1 
  5356.57 1.0871e-13   5419.80 1 
  5359.28 1.0910e-13   5422.55 1 
  5362.00 1.0703e-13   5425.30 1 
  5364.72 1.0499e-13   5428.05 1 
  5367.44 1.0308e-13   5430.80 1 
  5370.16 9.9115e-14   5433.55 1 
  5372.87 9.8858e-14   5436.30 1 
  5375.59 1.0066e-13   5439.05 1 
  5378.31 1.0246e-13   5441.80 1 
  5381.03 1.0399e-13   5444.55 1 
  5383.74 1.0290e-13   5447.30 1 
  5386.46 1.0226e-13   5450.05 1 
  5389.18 1.0044e-13   5452.80 1 
  5391.90 1.0163e-13   5455.55 1 
  5394.62 9.7554e-14   5458.30 1 
  5397.33 9.6841e-14   5461.05 1 
  5400.05 9.7412e-14   5463.80 1 
  5402.77 9.5310e-14   5466.55 1 
  5405.49 9.5775e-14   5469.30 1 
  5408.21 9.7205e-14   5472.05 1 
  5410.92 9.7315e-14   5474.80 1 
  5413.64 9.7729e-14   5477.55 1 
  5416.36 1.0109e-13   5480.30 1 
  5419.08 1.0231e-13   5483.05 1 
  5421.80 1.0406e-13   5485.80 1 
  5424.51 1.0395e-13   5488.55 1 
  5427.23 1.0179e-13   5491.30 1 
  5429.95 9.9072e-14   5494.05 1 
  5432.67 9.9388e-14   5496.80 1 
  5435.39 9.8040e-14   5499.55 1 
  5438.10 9.9739e-14   5502.30 1 
  5440.82 1.0100e-13   5505.05 1 
  5443.54 1.0142e-13   5507.80 1 
  5446.26 1.0211e-13   5510.55 1 
  5448.97 1.0078e-13   5513.30 1 
  5451.69 9.9704e-14   5516.05 1 
  5454.41 1.0144e-13   5518.80 1 
  5457.13 9.8480e-14   5521.55 1 
  5459.85 9.9429e-14   5524.30 1 
  5462.56 1.0050e-13   5527.05 1 
  5465.28 1.0083e-13   5529.80 1 
  5468.00 1.0297e-13   5532.55 1 
  5470.72 1.0015e-13   5535.30 1 
  5473.44 9.7833e-14   5538.05 1 
  5476.15 9.7595e-14   5540.80 1 
  5478.87 9.6341e-14   5543.55 1 
  5481.59 9.8333e-14   5546.30 1 
  5484.31 9.6043e-14   5549.05 1 
  5487.03 9.8217e-14   5551.80 1 
  5489.74 1.0145e-13   5554.55 1 
  5492.46 1.0022e-13   5557.30 1 
  5495.18 1.0173e-13   5560.05 1 
  5497.90 1.0060e-13   5562.80 1 
  5500.62 1.0041e-13   5565.55 1 
  5503.33 9.8742e-14   5568.30 1 
  5506.05 9.8742e-14   5571.05 1 
  5508.77 9.8083e-14   5573.80 1 
  5511.49 9.6666e-14   5576.55 1 
  5514.20 9.6722e-14   5579.30 1 
  5516.92 9.7330e-14   5582.05 1 
  5519.64 1.0061e-13   5584.80 1 
  5522.36 1.0082e-13   5587.55 1 
  5525.08 1.0008e-13   5590.30 1 
  5527.79 1.0079e-13   5593.05 1 
  5530.51 1.0001e-13   5595.80 1 
  5533.23 9.7932e-14   5598.55 1 
  5535.95 9.8979e-14   5601.30 1 
  5538.67 1.0039e-13   5604.05 1 
  5541.38 1.0373e-13   5606.80 1 
  5544.10 1.0149e-13   5609.55 1 
  5546.82 1.0391e-13   5612.30 1 
  5549.54 1.0447e-13   5615.05 1 
  5552.26 1.0651e-13   5617.80 1 
  5554.97 1.0387e-13   5620.55 1 
  5557.69 1.0264e-13   5623.30 1 
  5560.41 1.0108e-13   5626.05 1 
  5563.13 1.0274e-13   5628.80 1 
  5565.85 9.9416e-14   5631.55 1 
  5568.56 9.7326e-14   5634.30 1 
  5571.28 1.0186e-13   5637.05 1 
  5574.00 1.0030e-13   5639.80 1 
  5576.72 1.0271e-13   5642.55 1 
  5579.43 1.0188e-13   5645.30 1 
  5582.15 9.7468e-14   5648.05 1 
  5584.87 9.8467e-14   5650.80 1 
  5587.59 9.8062e-14   5653.55 1 
  5590.31 9.6198e-14   5656.30 1 
  5593.02 9.5642e-14   5659.05 1 
  5595.74 9.7851e-14   5661.80 1 
  5598.46 9.7287e-14   5664.55 1 
  5601.18 9.9825e-14   5667.30 1 
  5603.90 9.7675e-14   5670.05 1 
  5606.61 9.6666e-14   5672.80 1 
  5609.33 9.7854e-14   5675.55 1 
  5612.05 1.0194e-13   5678.30 1 
  5614.77 1.0135e-13   5681.05 1 
  5617.49 9.8499e-14   5683.80 1 
  5620.20 9.6744e-14   5686.55 1 
  5622.92 9.4892e-14   5689.30 1 
  5625.64 9.3058e-14   5692.05 1 
  5628.36 9.4317e-14   5694.80 1 
  5631.07 9.7296e-14   5697.55 1 
  5633.79 9.7417e-14   5700.30 1 
  5636.51 9.9878e-14   5703.05 1 
  5639.23 9.8370e-14   5705.80 1 
  5641.95 9.9297e-14   5708.55 1 
  5644.66 9.8704e-14   5711.30 1 
  5647.38 9.9116e-14   5714.05 1 
  5650.10 1.0005e-13   5716.80 1 
  5652.82 9.8212e-14   5719.55 1 
  5655.54 9.9543e-14   5722.30 1 
  5658.25 9.9803e-14   5725.05 1 
  5660.97 9.4600e-14   5727.80 1 
  5663.69 9.5254e-14   5730.55 1 
  5666.41 9.6494e-14   5733.30 1 
  5669.13 9.8945e-14   5736.05 1 
  5671.84 9.8147e-14   5738.80 1 
  5674.56 1.0117e-13   5741.55 1 
  5677.28 1.0335e-13   5744.30 1 
  5680.00 1.0343e-13   5747.05 1 
  5682.72 1.0281e-13   5749.80 1 
  5685.43 1.0069e-13   5752.55 1 
  5688.15 9.8192e-14   5755.30 1 
  5690.87 9.8140e-14   5758.05 1 
  5693.59 9.9245e-14   5760.80 1 
  5696.30 1.0235e-13   5763.55 1 
  5699.02 1.0057e-13   5766.30 1 
  5701.74 9.8484e-14   5769.05 1 
  5704.46 9.5620e-14   5771.80 1 
  5707.18 9.8340e-14   5774.55 1 
  5709.89 9.6099e-14   5777.30 1 
  5712.61 9.6817e-14   5780.05 1 
  5715.33 9.8296e-14   5782.80 1 
  5718.05 9.8363e-14   5785.55 1 
  5720.77 9.9806e-14   5788.30 1 
  5723.48 1.0240e-13   5791.05 1 
  5726.20 1.0259e-13   5793.80 1 
  5728.92 1.0062e-13   5796.55 1 
  5731.64 1.0076e-13   5799.30 1 
  5734.36 1.0245e-13   5802.05 1 
  5737.07 1.0209e-13   5804.80 1 
  5739.79 1.0052e-13   5807.55 1 
  5742.51 1.0130e-13   5810.30 1 
  5745.23 1.0072e-13   5813.05 1 
  5747.95 9.9552e-14   5815.80 1 
  5750.66 1.0070e-13   5818.55 1 
  5753.38 1.0097e-13   5821.30 1 
  5756.10 1.0230e-13   5824.05 1 
  5758.82 1.0136e-13   5826.80 1 
  5761.53 1.0036e-13   5829.55 1 
  5764.25 1.0039e-13   5832.30 1 
  5766.97 1.0068e-13   5835.05 1 
  5769.69 1.0101e-13   5837.80 1 
  5772.41 1.0510e-13   5840.55 1 
  5775.12 1.0369e-13   5843.30 1 
  5777.84 1.0027e-13   5846.05 1 
  5780.56 9.8105e-14   5848.80 1 
  5783.28 9.8077e-14   5851.55 1 
  5786.00 9.7723e-14   5854.30 1 
  5788.71 9.9709e-14   5857.05 1 
  5791.43 1.0209e-13   5859.80 1 
  5794.15 1.0195e-13   5862.55 1 
  5796.87 1.0283e-13   5865.30 1 
  5799.59 1.0301e-13   5868.05 1 
  5802.30 1.0609e-13   5870.80 1 
  5805.02 1.0523e-13   5873.55 1 
  5807.74 1.0564e-13   5876.30 1 
  5810.46 1.0474e-13   5879.05 1 
  5813.18 1.0564e-13   5881.80 1 
  5815.89 1.0561e-13   5884.55 1 
  5818.61 1.0538e-13   5887.30 1 
  5821.33 1.0548e-13   5890.05 1 
  5824.05 1.0630e-13   5892.80 1 
  5826.76 1.0715e-13   5895.55 1 
  5829.48 1.0619e-13   5898.30 1 
  5832.20 1.0581e-13   5901.05 1 
  5834.92 1.0604e-13   5903.80 1 
  5837.64 1.0787e-13   5906.55 1 
  5840.35 1.0743e-13   5909.30 1 
  5843.07 1.0800e-13   5912.05 1 
  5845.79 1.0529e-13   5914.80 1 
  5848.51 1.0419e-13   5917.55 1 
  5851.23 9.7736e-14   5920.30 1 
  5853.94 9.6903e-14   5923.05 1 
  5856.66 9.5684e-14   5925.80 1 
  5859.38 9.4977e-14   5928.55 1 
  5862.10 9.4247e-14   5931.30 1 
  5864.82 9.5011e-14   5934.05 1 
  5867.53 9.4185e-14   5936.80 1 
  5870.25 9.6050e-14   5939.55 1 
  5872.97 9.8115e-14   5942.30 1 
  5875.69 1.0020e-13   5945.05 1 
  5878.41 9.7172e-14   5947.80 1 
  5881.12 9.4334e-14   5950.55 1 
  5883.84 9.0698e-14   5953.30 1 
  5886.56 8.8538e-14   5956.05 1 
  5889.28 8.1650e-14   5958.80 1 
  5891.99 7.6422e-14   5961.55 1 
  5894.71 7.9696e-14   5964.30 1 
  5897.43 8.1792e-14   5967.05 1 
  5900.15 8.4958e-14   5969.80 1 
  5902.87 8.9261e-14   5972.55 1 
  5905.58 9.1761e-14   5975.30 1 
  5908.30 9.4009e-14   5978.05 1 
  5911.02 9.5877e-14   5980.80 1 
  5913.74 9.7247e-14   5983.55 1 
  5916.46 9.8966e-14   5986.30 1 
  5919.17 1.0048e-13   5989.05 1 
  5921.89 1.0221e-13   5991.80 1 
  5924.61 1.0332e-13   5994.55 1 
  5927.33 1.0213e-13   5997.30 1 
  5930.05 9.9329e-14   6000.05 1 
  5932.76 9.7456e-14   6002.80 1 
  5935.48 9.5018e-14   6005.55 1 
  5938.20 9.8297e-14   6008.30 1 
  5940.92 9.9359e-14   6011.05 1 
  5943.64 9.9962e-14   6013.80 1 
  5946.35 1.0047e-13   6016.55 1 
  5949.07 9.9770e-14   6019.30 1 
  5951.79 1.0024e-13   6022.05 1 
  5954.51 1.0072e-13   6024.80 1 
  5957.22 9.8983e-14   6027.55 1 
  5959.94 9.7506e-14   6030.30 1 
  5962.66 9.8421e-14   6033.05 1 
  5965.38 9.9417e-14   6035.80 1 
  5968.10 9.8713e-14   6038.55 1 
  5970.81 9.7680e-14   6041.30 1 
  5973.53 9.9306e-14   6044.05 1 
  5976.25 1.0172e-13   6046.80 1 
  5978.97 9.9072e-14   6049.55 1 
  5981.69 9.8411e-14   6052.30 1 
  5984.40 9.7599e-14   6055.05 1 
  5987.12 9.8548e-14   6057.80 1 
  5989.84 9.7279e-14   6060.55 1 
  5992.56 9.9870e-14   6063.30 1 
  5995.28 9.9224e-14   6066.05 1 
  5997.99 9.8705e-14   6068.80 1 
  6000.71 9.8539e-14   6071.55 1 
  6003.43 9.9444e-14   6074.30 1 
  6006.15 9.6981e-14   6077.05 1 
  6008.87 9.8611e-14   6079.80 1 
  6011.58 9.8274e-14   6082.55 1 
  6014.30 9.9228e-14   6085.30 1 
  6017.02 9.7553e-14   6088.05 1 
  6019.74 9.8096e-14   6090.80 1 
  6022.45 9.7351e-14   6093.55 1 
  6025.17 1.0032e-13   6096.30 1 
  6027.89 1.0185e-13   6099.05 1 
  6030.61 1.0289e-13   6101.80 1 
  6033.33 1.0354e-13   6104.55 1 
  6036.04 1.0355e-13   6107.30 1 
  6038.76 1.0398e-13   6110.05 1 
  6041.48 1.0336e-13   6112.80 1 
  6044.20 1.0258e-13   6115.55 1 
  6046.92 1.0604e-13   6118.30 1 
  6049.63 1.0294e-13   6121.05 1 
  6052.35 1.0239e-13   6123.80 1 
  6055.07 9.9833e-14   6126.55 1 
  6057.79 1.0161e-13   6129.30 1 
  6060.51 1.0414e-13   6132.05 1 
  6063.22 9.9461e-14   6134.80 1 
  6065.94 1.0252e-13   6137.55 1 
  6068.66 1.0224e-13   6140.30 1 
  6071.38 1.0185e-13   6143.05 1 
  6074.10 9.9998e-14   6145.80 1 
  6076.81 1.0317e-13   6148.55 1 
  6079.53 9.9356e-14   6151.30 1 
  6082.25 1.0106e-13   6154.05 1 
  6084.97 1.0053e-13   6156.80 1 
  6087.68 1.0072e-13   6159.55 1 
  6090.40 1.0147e-13   6162.30 1 
  6093.12 9.9479e-14   6165.05 1 
  6095.84 9.8445e-14   6167.80 1 
  6098.56 9.9603e-14   6170.55 1 
  6101.27 9.8641e-14   6173.30 1 
  6103.99 9.7094e-14   6176.05 1 
  6106.71 1.0119e-13   6178.80 1 
  6109.43 1.0124e-13   6181.55 1 
  6112.15 9.9728e-14   6184.30 1 
  6114.86 9.9235e-14   6187.05 1 
  6117.58 9.8801e-14   6189.80 1 
  6120.30 9.9415e-14   6192.55 1 
  6123.02 9.9481e-14   6195.30 1 
  6125.74 9.7795e-14   6198.05 1 
  6128.45 9.8757e-14   6200.80 1 
  6131.17 9.9744e-14   6203.55 1 
  6133.89 9.8159e-14   6206.30 1 
  6136.61 9.6928e-14   6209.05 1 
  6139.33 9.6861e-14   6211.80 1 
  6142.04 9.9740e-14   6214.55 1 
  6144.76 1.0006e-13   6217.30 1 
  6147.48 9.9221e-14   6220.05 1 
  6150.20 9.8547e-14   6222.80 1 
  6152.91 9.7956e-14   6225.55 1 
  6155.63 9.6620e-14   6228.30 1 
  6158.35 9.5367e-14   6231.05 1 
  6161.07 9.4369e-14   6233.80 1 
  6163.79 9.1274e-14   6236.55 1 
  6166.50 8.6913e-14   6239.30 1 
  6169.22 8.5037e-14   6242.05 1 
  6171.94 9.0675e-14   6244.80 1 
  6174.66 9.4888e-14   6247.55 1 
  6177.38 9.6287e-14   6250.30 1 
  6180.09 9.8776e-14   6253.05 1 
  6182.81 9.4919e-14   6255.80 1 
  6185.53 9.3015e-14   6258.55 1 
  6188.25 9.2926e-14   6261.30 1 
  6190.97 8.9788e-14   6264.05 1 
  6193.68 8.8636e-14   6266.80 1 
  6196.40 9.1374e-14   6269.55 1 
  6199.12 9.5963e-14   6272.30 1 
  6201.84 9.7983e-14   6275.05 1 
  6204.56 9.9380e-14   6277.80 1 
  6207.27 9.9423e-14   6280.55 1 
  6209.99 9.8556e-14   6283.30 1 
  6212.71 9.7219e-14   6286.05 1 
  6215.43 9.5610e-14   6288.80 1 
  6218.14 9.4374e-14   6291.55 1 
  6220.86 9.4363e-14   6294.30 1 
  6223.58 9.4250e-14   6297.05 1 
  6226.30 9.3299e-14   6299.80 1 
  6229.02 9.3475e-14   6302.55 1 
  6231.73 9.5235e-14   6305.30 1 
  6234.45 9.4200e-14   6308.05 1 
  6237.17 9.4686e-14   6310.80 1 
  6239.89 9.3985e-14   6313.55 1 
  6242.61 9.4159e-14   6316.30 1 
  6245.32 9.3783e-14   6319.05 1 
  6248.04 9.1781e-14   6321.80 1 
  6250.76 9.3229e-14   6324.55 1 
  6253.48 9.1342e-14   6327.30 1 
  6256.20 8.6678e-14   6330.05 1 
  6258.91 8.8367e-14   6332.80 1 
  6261.63 9.2539e-14   6335.55 1 
  6264.35 9.3540e-14   6338.30 1 
  6267.07 9.5851e-14   6341.05 1 
  6269.78 9.5726e-14   6343.80 1 
  6272.50 9.6478e-14   6346.55 1 
  6275.22 9.5981e-14   6349.30 1 
  6277.94 9.3984e-14   6352.05 1 
  6280.66 9.5095e-14   6354.80 1 
  6283.37 9.4225e-14   6357.55 1 
  6286.09 9.6159e-14   6360.30 1 
  6288.81 8.1800e-14   6363.05 1 
  6291.53 5.0548e-14   6365.80 1 
  6294.25 6.4371e-14   6368.55 1 
  6296.96 5.7198e-14   6371.30 1 
  6299.68 9.2657e-14   6374.05 1 
  6302.40 9.1676e-14   6376.80 1 
  6305.12 9.6292e-14   6379.55 1 
  6307.84 9.4120e-14   6382.30 1 
  6310.55 9.3738e-14   6385.05 1 
  6313.27 9.7763e-14   6387.80 1 
  6315.99 9.4188e-14   6390.55 1 
  6318.71 9.4738e-14   6393.30 1 
  6321.43 9.4673e-14   6396.05 1 
  6324.14 9.3680e-14   6398.80 1 
  6326.86 9.5981e-14   6401.55 1 
  6329.58 1.0012e-13   6404.30 1 
  6332.30 1.0016e-13   6407.05 1 
  6335.01 9.9596e-14   6409.80 1 
  6337.73 9.9166e-14   6412.55 1 
  6340.45 9.5616e-14   6415.30 1 
  6343.17 9.7221e-14   6418.05 1 
  6345.89 9.6988e-14   6420.80 1 
  6348.60 9.8071e-14   6423.55 1 
  6351.32 9.7384e-14   6426.30 1 
  6354.04 9.9911e-14   6429.05 1 
  6356.76 9.5623e-14   6431.80 1 
  6359.48 9.4694e-14   6434.55 1 
  6362.19 9.3471e-14   6437.30 1 
  6364.91 9.1850e-14   6440.05 1 
  6367.63 9.3374e-14   6442.80 1 
  6370.35 9.3668e-14   6445.55 1 
  6373.07 9.2792e-14   6448.30 1 
  6375.78 9.5790e-14   6451.05 1 
  6378.50 9.7925e-14   6453.80 1 
  6381.22 9.6180e-14   6456.55 1 
  6383.94 9.5004e-14   6459.30 1 
  6386.66 9.5970e-14   6462.05 1 
  6389.37 9.6246e-14   6464.80 1 
  6392.09 9.5223e-14   6467.55 1 
  6394.81 9.3748e-14   6470.30 1 
  6397.53 9.7198e-14   6473.05 1 
  6400.24 9.6509e-14   6475.80 1 
  6402.96 9.4502e-14   6478.55 1 
  6405.68 9.5697e-14   6481.30 1 
  6408.40 9.3742e-14   6484.05 1 
  6411.12 9.6309e-14   6486.80 1 
  6413.83 9.6707e-14   6489.55 1 
  6416.55 9.7214e-14   6492.30 1 
  6419.27 9.8158e-14   6495.05 1 
  6421.99 9.6802e-14   6497.80 1 
  6424.71 9.5585e-14   6500.55 1 
  6427.42 9.6518e-14   6503.30 1 
  6430.14 9.8237e-14   6506.05 1 
  6432.86 9.4207e-14   6508.80 1 
  6435.58 9.5162e-14   6511.55 1 
  6438.30 9.6709e-14   6514.30 1 
  6441.01 9.7395e-14   6517.05 1 
  6443.73 9.9533e-14   6519.80 1 
  6446.45 9.8941e-14   6522.55 1 
  6449.17 9.8731e-14   6525.30 1 
  6451.89 9.6513e-14   6528.05 1 
  6454.60 9.4938e-14   6530.80 1 
  6457.32 9.5324e-14   6533.55 1 
  6460.04 9.3527e-14   6536.30 1 
  6462.76 9.3457e-14   6539.05 1 
  6465.47 9.5678e-14   6541.80 1 
  6468.19 9.8877e-14   6544.55 1 
  6470.91 9.7557e-14   6547.30 1 
  6473.63 1.0188e-13   6550.05 1 
  6476.35 9.7690e-14   6552.80 1 
  6479.06 9.7932e-14   6555.55 1 
  6481.78 9.8099e-14   6558.30 1 
  6484.50 9.3819e-14   6561.05 1 
  6487.22 9.5168e-14   6563.80 1 
  6489.94 9.3425e-14   6566.55 1 
  6492.65 9.1657e-14   6569.30 1 
  6495.37 9.3936e-14   6572.05 1 
  6498.09 8.7645e-14   6574.80 1 
  6500.81 8.9589e-14   6577.55 1 
  6503.53 9.4026e-14   6580.30 1 
  6506.24 9.3847e-14   6583.05 1 
  6508.96 9.5906e-14   6585.80 1 
  6511.68 9.8696e-14   6588.55 1 
  6514.40 9.8100e-14   6591.30 1 
  6517.12 9.9255e-14   6594.05 1 
  6519.83 9.8106e-14   6596.80 1 
  6522.55 1.0109e-13   6599.55 1 
  6525.27 9.9597e-14   6602.30 1 
  6527.99 9.7426e-14   6605.05 1 
  6530.70 9.6390e-14   6607.80 1 
  6533.42 9.7148e-14   6610.55 1 
  6536.14 1.0086e-13   6613.30 1 
  6538.86 1.0065e-13   6616.05 1 
  6541.58 1.0166e-13   6618.80 1 
  6544.29 1.0341e-13   6621.55 1 
  6547.01 9.9009e-14   6624.30 1 
  6549.73 9.8854e-14   6627.05 1 
  6552.45 9.6563e-14   6629.80 1 
  6555.17 9.6364e-14   6632.55 1 
  6557.88 9.3116e-14   6635.30 1 
  6560.60 9.3976e-14   6638.05 1 
  6563.32 9.1251e-14   6640.80 1 
  6566.04 8.9900e-14   6643.55 1 
  6568.76 9.0862e-14   6646.30 1 
  6571.47 9.4090e-14   6649.05 1 
  6574.19 9.5651e-14   6651.80 1 
  6576.91 9.6950e-14   6654.55 1 
  6579.63 9.8569e-14   6657.30 1 
  6582.35 9.9690e-14   6660.05 1 
  6585.06 1.0198e-13   6662.80 1 
  6587.78 1.0137e-13   6665.55 1 
  6590.50 1.0205e-13   6668.30 1 
  6593.22 1.0069e-13   6671.05 1 
  6595.93 9.9216e-14   6673.80 1 
  6598.65 9.8937e-14   6676.55 1 
  6601.37 9.8905e-14   6679.30 1 
  6604.09 1.0178e-13   6682.05 1 
  6606.81 1.0110e-13   6684.80 1 
  6609.52 9.9243e-14   6687.55 1 
  6612.24 9.8717e-14   6690.30 1 
  6614.96 1.0123e-13   6693.05 1 
  6617.68 1.0075e-13   6695.80 1 
  6620.40 1.0109e-13   6698.55 1 
  6623.11 1.0285e-13   6701.30 1 
  6625.83 1.0121e-13   6704.05 1 
  6628.55 1.0105e-13   6706.80 1 
  6631.27 9.8482e-14   6709.55 1 
  6633.99 9.6185e-14   6712.30 1 
  6636.70 9.6622e-14   6715.05 1 
  6639.42 9.5687e-14   6717.80 1 
  6642.14 9.5738e-14   6720.55 1 
  6644.86 9.4774e-14   6723.30 1 
  6647.58 9.5819e-14   6726.05 1 
  6650.29 9.6152e-14   6728.80 1 
  6653.01 9.7234e-14   6731.55 1 
  6655.73 9.7770e-14   6734.30 1 
  6658.45 9.8422e-14   6737.05 1 
  6661.16 9.6697e-14   6739.80 1 
  6663.88 9.7407e-14   6742.55 1 
  6666.60 9.8453e-14   6745.30 1 
  6669.32 9.7348e-14   6748.05 1 
  6672.04 9.8213e-14   6750.80 1 
  6674.75 9.7283e-14   6753.55 1 
  6677.47 9.6634e-14   6756.30 1 
  6680.19 9.6235e-14   6759.05 1 
  6682.91 1.0048e-13   6761.80 1 
  6685.63 9.6434e-14   6764.55 1 
  6688.34 9.6996e-14   6767.30 1 
  6697.35 9.7350e-14   6776.42 0 
  6712.79 9.6226e-14   6792.04 0 
  6728.27 9.4678e-14   6807.69 0 
  6743.78 9.4668e-14   6823.39 0 
  6759.32 9.3145e-14   6839.12 0 
  6774.90 9.3350e-14   6854.88 0 
  6790.52 9.2912e-14   6870.68 0 
  6806.18 9.5066e-14   6886.52 0 
  6821.87 9.4838e-14   6902.40 0 
  6837.59 9.5485e-14   6918.31 0 
  6853.36 9.5696e-14   6934.26 0 
  6869.15 9.1379e-14   6950.24 0 
  6884.99 9.3498e-14   6966.26 0 
  6900.86 9.3920e-14   6982.33 0 
  6916.77 9.4343e-14   6998.42 0 
  6932.71 9.3900e-14   7014.55 0 
  6948.69 9.5856e-14   7030.72 0 
  6964.71 9.5846e-14   7046.93 0 
  6980.77 9.6500e-14   7063.18 0 
  6996.86 9.5385e-14   7079.46 0 
  7012.99 9.3204e-14   7095.78 0 
  7029.16 9.3840e-14   7112.14 0 
  7045.36 9.4698e-14   7128.53 0 
  7061.60 9.4471e-14   7144.96 0 
  7077.88 9.3379e-14   7161.43 0 
  7094.19 9.1454e-14   7177.94 0 
  7110.55 9.1234e-14   7194.49 0 
  7126.94 9.0805e-14   7211.08 0 
  7143.37 9.0378e-14   7227.70 0 
  7159.84 9.0576e-14   7244.36 0 
  7176.34 8.9530e-14   7261.06 0 
  7192.89 8.4707e-14   7277.80 0 
  7209.47 8.7271e-14   7294.57 0 
  7226.09 9.1585e-14   7311.39 0 
  7242.75 9.0111e-14   7328.25 0 
  7259.44 8.9275e-14   7345.14 0 
  7276.18 9.4772e-14   7362.07 0 
  7292.95 9.2605e-14   7379.04 0 
  7309.76 9.3022e-14   7396.05 0 
  7326.61 9.4305e-14   7413.10 0 
  7343.50 9.7160e-14   7430.19 0 
  7360.43 9.4720e-14   7447.32 0 
  7377.40 9.6915e-14   7464.49 0 
  7394.41 9.2970e-14   7481.70 0 
  7411.45 9.8015e-14   7498.94 0 
  7428.53 9.4895e-14   7516.23 0 
  7445.66 9.6649e-14   7533.56 0 
  7462.82 9.8208e-14   7550.92 0 
  7480.03 9.6627e-14   7568.33 0 
  7497.27 9.6616e-14   7585.78 0 
  7514.55 9.6605e-14   7603.26 0 
  7531.88 9.6371e-14   7620.79 0 
  7549.24 9.9060e-14   7638.36 0 
  7566.64 9.6571e-14   7655.97 0 
  7584.08 9.7903e-14   7673.61 0 
  7601.57 9.4134e-14   7691.30 0 
  7619.09 9.3691e-14   7709.04 0 
  7636.66 9.5862e-14   7726.81 0 
  7654.26 9.4101e-14   7744.62 0 
  7671.91 8.5417e-14   7762.47 0 
  7689.59 9.0468e-14   7780.37 0 
  7707.32 8.6187e-14   7798.30 0 
  7725.08 8.8796e-14   7816.28 0 
  7742.89 9.0853e-14   7834.30 0 
  7760.74 8.8775e-14   7852.36 0 
  7778.63 8.9586e-14   7870.46 0 
  7796.56 8.7335e-14   7888.60 0 
  7814.54 8.9978e-14   7906.79 0 
  7832.55 9.1640e-14   7925.01 0 
  7850.61 9.1208e-14   7943.28 0 
  7868.70 9.2466e-14   7961.59 0 
  7886.84 9.0558e-14   7979.95 0 
  7905.03 8.8690e-14   7998.34 0 
  7923.25 8.7261e-14   8016.78 0 
  7941.51 8.7251e-14   8035.26 0 
  7959.82 8.8862e-14   8053.78 0 
  7978.17 9.0087e-14   8072.35 0 
  7996.56 8.8841e-14   8090.96 0 
  8014.99 9.0481e-14   8109.61 0 
  8033.47 8.7802e-14   8128.31 0 
  8051.99 9.0876e-14   8147.04 0 
  8070.55 9.2129e-14   8165.82 0 
  8089.16 8.9814e-14   8184.65 0 
  8107.80 8.9390e-14   8203.52 0 
  8126.49 9.0623e-14   8222.43 0 
  8145.22 9.1450e-14   8241.38 0 
  8164.00 8.9770e-14   8260.38 0 
  8182.82 9.2486e-14   8279.42 0 
  8201.68 8.6103e-14   8298.51 0 
  8220.60 8.9736e-14   8317.64 0 
  8239.54 8.2587e-14   8336.81 0 
  8258.54 9.3725e-14   8356.03 0 
  8277.58 9.3713e-14   8375.29 0 
  8296.66 8.6446e-14   8394.60 0 
  8315.78 8.6038e-14   8413.95 0 
  8334.96 8.6225e-14   8433.35 0 
  8354.17 8.8020e-14   8452.79 0 
  8373.43 8.6402e-14   8472.27 0 
  8392.73 8.5010e-14   8491.80 0 
  8412.08 8.8800e-14   8511.38 0 
  8431.47 8.7570e-14   8531.00 0 
  8450.90 8.6358e-14   8550.67 0 
  8470.39 8.7145e-14   8570.38 0 
  8489.91 8.5151e-14   8590.14 0 
  8509.48 7.5012e-14   8609.94 0 
  8529.10 8.4737e-14   8629.79 0 
  8548.76 6.6224e-14   8649.68 0 
  8568.47 8.5499e-14   8669.62 0 
  8588.22 8.6279e-14   8689.60 0 
  8608.02 8.3916e-14   8709.64 0 
  8627.86 8.5269e-14   8729.71 0 
  8647.75 8.5848e-14   8749.84 0 
  8667.69 7.5627e-14   8770.01 0 
  8687.67 8.2152e-14   8790.23 0 
  8707.69 8.1575e-14   8810.49 0 
  8727.77 8.3849e-14   8830.80 0 
  8747.89 8.4032e-14   8851.16 0 
  8768.05 8.3827e-14   8871.56 0 
  8788.26 8.4786e-14   8892.01 0 
  8808.53 8.5559e-14   8912.51 0 
  8828.83 8.4959e-14   8933.05 0 
  8849.18 8.3397e-14   8953.65 0 
  8869.58 7.9816e-14   8974.29 0 
  8890.03 8.0543e-14   8994.98 0 
  8910.52 8.1465e-14   9015.71 0 
  8931.07 8.1266e-14   9036.50 0 
  8951.65 7.9956e-14   9057.33 0 
  8972.29 7.7766e-14   9078.20 0 
  8992.97 8.1420e-14   9099.13 0 
  9013.70 7.7745e-14   9120.11 0 
  9034.48 7.5268e-14   9141.13 0 
  9055.31 8.5813e-14   9162.20 0 
  9076.18 8.4235e-14   9183.33 0 
  9097.10 7.3863e-14   9204.50 0 
  9118.07 7.9135e-14   9225.71 0 
  9139.10 7.7323e-14   9246.98 0 
  9160.16 7.8568e-14   9268.30 0 
  9181.28 7.4849e-14   9289.66 0 
  9202.45 7.8909e-14   9311.08 0 
  9223.66 7.6219e-14   9332.54 0 
  9244.92 7.8163e-14   9354.06 0 
  9266.23 7.6549e-14   9375.62 0 
  9287.59 7.6186e-14   9397.23 0 
  9309.00 7.1584e-14   9418.90 0 
  9330.46 8.1424e-14   9440.61 0 
  9351.97 8.1038e-14   9462.37 0 
  9373.53 7.9915e-14   9484.18 0 
  9395.14 8.0828e-14   9506.05 0 
  9416.80 7.9525e-14   9527.96 0 
  9438.51 8.0991e-14   9549.93 0 
  9460.26 8.0053e-14   9571.94 0 
  9482.07 8.0968e-14   9594.01 0 
  9503.93 7.9845e-14   9616.12 0 
  9525.84 8.0017e-14   9638.29 0 
  9547.80 7.8545e-14   9660.51 0 
  9569.81 7.9443e-14   9682.78 0 
  9591.87 8.0351e-14   9705.10 0 
  9613.98 7.9420e-14   9727.47 0 
  9636.14 7.9591e-14   9749.90 0 
  9658.36 7.8307e-14   9772.37 0 
  9680.62 7.8295e-14   9794.90 0 
  9702.94 7.7924e-14   9817.48 0 
  9725.30 7.7376e-14   9840.11 0 
  9747.72 7.7186e-14   9862.79 0 
  9770.19 7.7352e-14   9885.53 0 
  9792.72 7.6279e-14   9908.32 0 
  9815.29 7.7686e-14   9931.16 0 
  9837.92 7.7139e-14   9954.05 0 
  9860.60 7.7127e-14   9977.00 0 
  9883.33 7.6409e-14  10000.00 0 
  9906.11 7.5522e-14  10023.05 0 
  9928.94 7.6034e-14  10046.15 0 
  9951.83 7.6023e-14  10069.31 0 
  9974.78 7.6011e-14  10092.53 0 
  9997.77 7.5650e-14  10115.80 0 
 10020.82 7.5291e-14  10139.12 0 
 10067.07 7.4235e-14  10185.91 0 
 10113.55 7.4726e-14  10232.94 0 
 10183.64 7.3836e-14  10303.86 0 
 10230.65 7.3643e-14  10351.42 0 
 10277.88 7.3619e-14  10399.21 0 
 10301.57 7.3101e-14  10423.18 0 
 10493.09 7.0528e-14  10616.96 0 
 10688.16 6.7627e-14  10814.34 0 
 10911.98 6.5031e-14  11040.79 0 
 11089.28 6.2535e-14  11220.19 0 
 11295.44 6.0690e-14  11428.79 0 
 11505.44 5.9720e-14  11641.26 0 
 11692.39 5.7826e-14  11830.41 0 
 11909.76 5.5862e-14  12050.36 0 
 12103.28 5.4340e-14  12246.16 0 
 12299.94 5.3226e-14  12445.14 0 
 12499.81 5.1775e-14  12647.37 0 
 12702.92 5.0480e-14  12852.87 0 
 12909.32 4.9104e-14  13061.71 0 
 13088.91 4.8097e-14  13243.42 0 
 13301.58 4.6679e-14  13458.61 0 
 13486.63 4.5721e-14  13645.84 0 
 13705.77 4.4887e-14  13867.56 0 
 13896.42 4.3363e-14  14060.47 0 
 14089.74 4.1891e-14  14256.07 0 
 14285.75 4.1126e-14  14454.39 0 
 14484.49 4.1221e-14  14655.47 0 
 14685.99 3.9914e-14  14859.35 0 
 14890.29 4.0098e-14  15066.07 0 
 15097.44 4.0098e-14  15275.66 0 
 15307.46 4.0469e-14  15488.17 0 
 15484.72 4.0098e-14  15667.52 0 
 15700.14 3.9457e-14  15885.48 0 
 15881.92 3.8293e-14  16069.41 0 
 16102.86 3.8381e-14  16292.96 0 
 16289.33 3.8029e-14  16481.62 0 
 16515.94 3.7249e-14  16710.91 0 
 16707.19 3.6654e-14  16904.42 0 
 16900.63 3.5820e-14  17100.14 0 
 17096.34 3.4843e-14  17298.16 0 
 17294.31 3.3429e-14  17498.47 0 
 17494.57 3.2443e-14  17701.10 0 
 17697.13 3.1126e-14  17906.05 0 
 17902.06 3.0069e-14  18113.40 0 
 18109.36 2.8782e-14  18323.14 0 
 18319.07 2.7998e-14  18535.32 0 
 18488.56 2.7109e-14  18706.81 0 
 18702.65 2.6009e-14  18923.43 0 
 18919.22 2.5300e-14  19142.56 0 
 19094.27 2.4724e-14  19319.67 0 
 19315.37 2.3830e-14  19543.39 0 
 19494.10 2.2862e-14  19724.23 0 
 19719.84 2.2137e-14  19952.63 0 
 19902.29 2.1484e-14  20137.24 0 
 20086.45 2.1092e-14  20323.57 0 
 20319.05 2.0329e-14  20558.92 0 
 20507.05 2.0004e-14  20749.13 0 
 20696.80 1.9414e-14  20941.13 0 
 20888.29 1.8929e-14  21134.88 0 
 21081.58 1.8540e-14  21330.45 0 
 21276.66 1.8077e-14  21527.83 0 
 21523.01 1.7625e-14  21777.09 0 
 21722.17 1.7066e-14  21978.60 0 
 21923.17 1.6716e-14  22181.97 0 
 22075.12 1.6223e-14  22335.72 0 
 22279.39 1.5780e-14  22542.40 0 
 22485.53 1.5386e-14  22750.97 0 
 22693.59 1.4932e-14  22961.49 0 
 22903.56 1.3431e-14  23173.93 0 
 23115.49 1.3308e-14  23388.37 0 
 23275.73 1.1671e-14  23550.50 0 
 23491.09 1.1044e-14  23768.40 0 
 23708.46 1.1172e-14  23988.34 0 
 23872.79 1.0259e-14  24154.60 0 
 24093.69 9.9568e-15  24378.11 0 
 24316.61 9.8202e-15  24603.66 0 
 24485.18 9.1859e-15  24774.22 0 
 24711.72 9.0598e-15  25003.44 0 
 24883.03 7.7289e-15  25176.77 0 
 25113.28 7.6054e-15  25409.74 0 
 25287.34 7.6405e-15  25585.86 0 
 25521.33 7.5530e-15  25822.61 0 
 25698.23 7.6405e-15  26001.59 0 
 25876.37 7.4838e-15  26181.84 0 
 26115.79 7.4494e-15  26424.08 0 
 26296.83 7.2631e-15  26607.26 0 
 26479.10 7.1634e-15  26791.68 0 
 26724.12 7.0327e-15  27039.59 0 
 26909.34 6.9202e-15  27227.01 0 
 27095.89 6.7939e-15  27415.75 0 
 27283.69 6.6546e-15  27605.78 0 
 27472.80 6.5482e-15  27797.12 0 
 27727.02 6.3991e-15  28054.33 0 
 27919.23 6.2968e-15  28248.81 0 
 28112.74 6.1677e-15  28444.61 0 
 28307.59 6.0551e-15  28641.77 0 
 28503.83 5.9309e-15  28840.32 0 
 28701.39 5.7959e-15  29040.21 0 
 28900.36 5.6901e-15  29241.53 0 
 29100.67 5.5862e-15  29444.21 0 
 29302.41 5.4591e-15  29648.32 0 
 29505.51 5.3471e-15  29853.82 0 
 29710.05 5.2495e-15  30060.77 0 
 29915.97 5.1419e-15  30269.13 0 
 30123.36 5.0480e-15  30478.96 0 
 30332.15 4.9445e-15  30690.22 0 
 30472.15 4.8766e-15  30831.87 0 
 30683.39 4.7987e-15  31045.60 0 
 30896.06 4.7111e-15  31260.79 0 
 31110.24 4.6251e-15  31477.49 0 
 31325.87 4.5511e-15  31695.67 0 
 31470.45 4.4681e-15  31841.96 0 
 31688.61 4.3865e-15  32062.70 0 
 31908.25 4.3164e-15  32284.93 0 
 32129.45 4.2376e-15  32508.74 0 
 32277.74 4.1698e-15  32658.78 0 
 32501.50 4.1032e-15  32885.18 0 
 32726.77 4.0376e-15  33113.11 0 
 32877.82 4.0098e-15  33265.94 0 
 33105.74 3.9457e-15  33496.55 0 
 33335.20 3.8117e-15  33728.72 0 
 33489.09 3.7249e-15  33884.43 0 
 33721.21 3.6402e-15  34119.29 0 
 33876.85 3.5655e-15  34276.77 0 
 34111.69 3.4924e-15  34514.38 0 
 34269.14 3.4286e-15  34673.68 0 
 34506.70 3.3583e-15  34914.05 0 
 34665.96 3.2894e-15  35075.20 0 
 34906.24 3.2220e-15  35318.30 0 
 35067.38 3.1632e-15  35481.36 0 
 35310.44 3.0983e-15  35727.28 0 
 35473.42 3.0347e-15  35892.18 0 
 35719.33 2.9725e-15  36140.99 0 
 35884.19 2.9182e-15  36307.80 0 
 36132.95 2.8650e-15  36559.50 0 
 36299.72 2.8062e-15  36728.23 0 
 36467.26 2.7487e-15  36897.75 0 
 36720.06 2.6923e-15  37153.54 0 
 36889.54 2.6310e-15  37325.02 0 
 37059.80 2.5770e-15  37497.29 0 
 37316.71 2.5358e-15  37757.23 0 
 37488.94 2.4724e-15  37931.50 0 
 37661.97 2.4385e-15  38106.57 0 
 37923.05 2.3885e-15  38370.73 0 
 38098.08 2.3449e-15  38547.83 0 
 38273.93 2.3021e-15  38725.75 0 
 38539.25 2.2601e-15  38994.21 0 
 38717.13 2.2086e-15  39174.18 0 
 38895.82 2.1683e-15  39354.99 0 
 39075.39 2.1287e-15  39536.67 0 
 39255.74 2.0899e-15  39719.15 0 
 39527.87 2.0470e-15  39994.50 0 
 39710.31 2.0096e-15  40179.09 0 
 39893.59 1.9639e-15  40364.54 0 
 40077.72 1.9325e-15  40550.84 0 
 40262.74 1.9016e-15  40738.04 0 
 40541.81 1.8626e-15  41020.40 0 
 40728.93 1.8286e-15  41209.73 0 
 40916.95 1.7994e-15  41399.98 0 
 41105.80 1.7706e-15  41591.06 0 
 41295.53 1.7383e-15  41783.02 0 
 41486.17 1.7066e-15  41975.91 0 
 41677.64 1.6793e-15  42169.65 0 
 41870.01 1.6486e-15  42364.28 0 
 42063.30 1.6185e-15  42559.86 0 
 42257.44 1.5963e-15  42756.29 0 
 42452.48 1.5672e-15  42953.63 0 
 42746.77 1.5421e-15  43251.40 0 
 42944.07 1.4795e-15  43451.02 0 
 43142.28 1.4162e-15  43651.57 0 
 43341.44 1.4129e-15  43853.09 0 
 43541.48 1.3524e-15  44055.49 0 
 43742.45 1.3217e-15  44258.83 0 
 43944.34 1.2975e-15  44463.10 0 
 44147.21 1.2535e-15  44668.37 0 
 44350.97 1.2306e-15  44874.54 0 
 44453.20 1.2109e-15  44977.97 0 
 44658.42 1.1779e-15  45185.62 0 
 44864.54 1.1698e-15  45394.17 0 
 45071.61 1.1458e-15  45603.68 0 
 45279.64 1.1223e-15  45814.16 0 
 45488.67 1.1120e-15  46025.67 0 
 45698.63 1.0968e-15  46238.10 0 
 45909.55 1.0644e-15  46451.51 0 
 46121.49 1.0620e-15  46665.95 0 
 46334.36 1.0426e-15  46881.34 0 
 46548.22 1.0307e-15  47097.72 0 
 46655.51 1.0236e-15  47206.28 0 
 46870.90 1.0049e-15  47424.21 0 
 47087.23 9.8883e-16  47643.10 0 
 47304.56 9.8655e-16  47862.99 0 
 47522.94 9.6410e-16  48083.95 0 
 47742.29 9.5526e-16  48305.88 0 
 47852.33 9.4215e-16  48417.23 0 
 48073.20 9.2070e-16  48640.70 0 
 48295.13 9.2283e-16  48865.25 0 
 48518.03 9.0390e-16  49090.79 0 
 48741.96 8.8740e-16  49317.36 0 
 48854.32 8.7523e-16  49431.04 0 
 49079.85 8.6123e-16  49659.24 0 
 49306.38 8.5334e-16  49888.45 0 
 49533.95 8.3969e-16  50118.70 0 
 49648.19 8.3391e-16  50234.29 0 
 49877.33 8.1869e-16  50466.14 0 
 50107.54 8.0746e-16  50699.06 0 
 50338.81 7.9822e-16  50933.06 0 
 50454.90 7.8184e-16  51050.52 0 
 50687.78 7.7468e-16  51286.14 0 
 50804.61 7.6934e-16  51404.36 0 
 50921.72 7.6581e-16  51522.85 0 
 51039.10 7.5879e-16  51641.62 0 
 51156.80 7.5183e-16  51760.71 0 
 51274.73 7.4666e-16  51880.02 0 
 51392.92 7.4152e-16  51999.61 0 
 51511.38 7.3472e-16  52119.47 0 
 51630.12 7.3134e-16  52239.61 0 
 51749.13 7.2798e-16  52360.03 0 
 51868.41 7.2131e-16  52480.72 0 
 51988.03 7.1469e-16  52601.75 0 
 52107.87 7.0977e-16  52723.00 0 
 52227.98 7.0327e-16  52844.53 0 
 52348.37 6.9682e-16  52966.34 0 
 52469.04 6.9362e-16  53088.43 0 
 52589.98 6.9043e-16  53210.80 0 
 52711.26 6.8884e-16  53333.52 0 
 52832.77 6.8253e-16  53456.46 0 
 52954.55 6.7316e-16  53579.68 0 
 53076.61 6.6853e-16  53703.18 0 
 53198.96 6.6546e-16  53826.97 0 
 53321.59 6.6088e-16  53951.05 0 
 53444.49 6.5633e-16  54075.41 0 
 53567.75 6.5181e-16  54200.11 0 
 53691.23 6.4881e-16  54325.05 0 
 53814.99 6.4435e-16  54450.27 0 
 53939.03 6.3991e-16  54575.79 0 
 54063.37 6.3551e-16  54701.59 0 
 54187.99 6.2968e-16  54827.68 0 
 54312.89 6.2247e-16  54954.06 0 
 54438.15 6.1961e-16  55080.79 0 
 54563.63 6.1677e-16  55207.76 0 
 54689.41 6.1111e-16  55335.02 0 
 54815.47 6.0551e-16  55462.57 0 
 54941.82 6.0134e-16  55590.41 0 
 55068.47 5.9720e-16  55718.55 0 
 55195.46 5.9309e-16  55847.05 0 
 55322.69 5.9309e-16  55975.78 0 
 55450.22 5.8630e-16  56104.81 0 
 55578.03 5.7959e-16  56234.13 0 
 55706.15 5.7826e-16  56363.76 0 
 55834.55 5.7428e-16  56493.68 0 
 55963.26 5.6901e-16  56623.90 0 
 56092.31 5.6640e-16  56754.48 0 
 56221.61 5.6250e-16  56885.31 0 
 56351.21 5.5606e-16  57016.43 0 
 56481.10 5.5350e-16  57147.86 0 
 56611.29 5.5096e-16  57279.59 0 
 56741.78 5.4717e-16  57411.62 0 
 56872.64 5.4215e-16  57544.02 0 
 57003.74 5.3842e-16  57676.67 0 
 57135.14 5.3718e-16  57809.62 0 
 57266.84 5.3348e-16  57942.87 0 
 57398.84 5.2936e-16  58076.43 0 
 57531.15 5.2578e-16  58210.30 0 
 57663.76 5.2219e-16  58344.48 0 
 57796.74 5.1860e-16  58479.04 0 
 57929.97 5.1500e-16  58613.83 0 
 58063.50 5.1139e-16  58748.94 0 
 58197.34 5.0777e-16  58884.36 0 
 58331.49 5.0414e-16  59020.09 0 
 58465.95 5.0050e-16  59156.14 0 
 58600.72 4.9713e-16  59292.50 0 
 58735.86 4.9376e-16  59429.24 0 
 58871.25 4.9038e-16  59566.23 0 
 59006.95 4.8699e-16  59703.53 0 
 59142.97 4.8360e-16  59841.15 0 
 59279.30 4.8019e-16  59979.09 0 
 59415.94 4.7678e-16  60117.35 0 
 59552.97 4.7336e-16  60255.99 0 
 59690.24 4.7003e-16  60394.88 0 
 59827.83 4.6686e-16  60534.10 0 
 59965.74 4.6368e-16  60673.63 0 
 60103.96 4.6050e-16  60813.49 0 
 60242.51 4.5731e-16  60953.67 0 
 60381.37 4.5411e-16  61094.17 0 
 60520.62 4.5090e-16  61235.06 0 
 60660.12 4.4768e-16  61376.21 0 
 60799.95 4.4446e-16  61517.69 0 
 60940.10 4.4142e-16  61659.50 0 
 61080.57 4.3843e-16  61801.62 0 
 61221.36 4.3544e-16  61944.08 0 
 61362.55 4.3243e-16  62086.93 0 
 61504.00 4.2942e-16  62230.05 0 
 61645.77 4.2641e-16  62373.50 0 
 61787.86 4.2338e-16  62517.27 0 
 61930.29 4.2035e-16  62661.38 0 
 62073.04 4.1736e-16  62805.82 0 
 62216.12 4.1455e-16  62950.59 0 
 62359.61 4.1173e-16  63095.76 0 
 62503.35 4.0891e-16  63241.20 0 
 62647.42 4.0608e-16  63386.98 0 
 62791.83 4.0324e-16  63533.09 0 
 62936.57 4.0040e-16  63679.54 0 
 63081.65 3.9755e-16  63826.32 0 
 63227.12 3.9469e-16  63973.52 0 
 63372.86 3.9195e-16  64120.98 0 
 63518.94 3.8930e-16  64268.79 0 
 63665.36 3.8665e-16  64416.93 0 
 63812.11 3.8399e-16  64565.41 0 
 63959.20 3.8132e-16  64714.24 0 
 64106.64 3.7865e-16  64863.41 0 
 64254.48 3.7597e-16  65013.00 0 
 64402.59 3.7328e-16  65162.86 0 
 64551.04 3.7059e-16  65313.06 0 
 64699.83 3.6809e-16  65463.61 0 
 64848.97 3.6559e-16  65614.52 0 
 64998.45 3.6309e-16  65765.76 0 
 65148.28 3.6058e-16  65917.35 0 
 65298.52 3.5807e-16  66069.37 0 
 65449.04 3.5555e-16  66221.66 0 
 65599.91 3.5302e-16  66374.31 0 
 65751.12 3.5049e-16  66527.31 0 
 65902.68 3.4803e-16  66680.66 0 
 66054.58 3.4568e-16  66834.36 0 
 66206.92 3.4333e-16  66988.49 0 
 66359.53 3.4097e-16  67142.91 0 
 66512.50 3.3860e-16  67297.68 0 
 66665.81 3.3623e-16  67452.80 0 
 66819.49 3.3386e-16  67608.29 0 
 66973.50 3.3148e-16  67764.12 0 
 67127.88 3.2909e-16  67920.33 0 
 67282.69 3.2684e-16  68076.96 0 
 67437.79 3.2463e-16  68233.89 0 
 67593.23 3.2241e-16  68391.17 0 
 67749.04 3.2019e-16  68548.82 0 
 67905.21 3.1796e-16  68706.83 0 
 68061.73 3.1573e-16  68865.20 0 
 68218.69 3.1349e-16  69024.02 0 
 68375.95 3.1124e-16  69183.12 0 
 68533.56 3.0902e-16  69342.59 0 
 68691.53 3.0694e-16  69502.43 0 
 68849.87 3.0486e-16  69662.64 0 
 69008.57 3.0277e-16  69823.22 0 
 69167.64 3.0067e-16  69984.16 0 
 69327.16 2.9857e-16  70145.56 0 
 69486.96 2.9647e-16  70307.25 0 
 69647.13 2.9436e-16  70469.31 0 
 69807.67 2.9224e-16  70631.75 0 
 69968.58 2.9021e-16  70794.56 0 
 70129.87 2.8825e-16  70957.75 0 
 70291.60 2.8629e-16  71121.39 0 
 70453.62 2.8432e-16  71285.33 0 
 70616.03 2.8234e-16  71449.65 0 
 70778.80 2.8036e-16  71614.34 0 
 70941.95 2.7838e-16  71779.42 0 
 71105.47 2.7639e-16  71944.88 0 
 71269.38 2.7440e-16  72110.72 0 
 71433.74 2.7255e-16  72277.02 0 
 71598.40 2.7070e-16  72443.62 0 
 71763.44 2.6884e-16  72610.61 0 
 71928.86 2.6699e-16  72777.98 0 
 72094.66 2.6513e-16  72945.73 0 
 72260.84 2.6326e-16  73113.88 0 
 72427.41 2.6139e-16  73282.41 0 
 72594.44 2.5952e-16  73451.41 0 
 72761.77 2.5769e-16  73620.73 0 
 72929.50 2.5595e-16  73790.43 0 
 73097.61 2.5421e-16  73960.52 0 
 73266.10 2.5246e-16  74131.01 0 
 73434.98 2.5071e-16  74301.88 0 
 73604.34 2.4896e-16  74473.23 0 
 73774.00 2.4720e-16  74644.90 0 
 73944.05 2.4544e-16  74816.96 0 
 74114.50 2.4367e-16  74989.42 0 
 74285.34 2.4200e-16  75162.27 0 
 74456.57 2.4037e-16  75335.53 0 
 74628.20 2.3872e-16  75509.19 0 
 74800.30 2.3708e-16  75683.32 0 
 74972.73 2.3543e-16  75857.78 0 
 75145.54 2.3377e-16  76032.63 0 
 75318.76 2.3212e-16  76207.90 0 
 75492.38 2.3045e-16  76383.56 0 
 75666.39 2.2881e-16  76559.63 0 
 75840.89 2.2727e-16  76736.19 0 
 76015.70 2.2573e-16  76913.07 0 
 76190.93 2.2418e-16  77090.36 0 
 76366.56 2.2263e-16  77268.06 0 
 76542.59 2.2107e-16  77446.17 0 
 76719.02 2.1951e-16  77624.69 0 
 76895.86 2.1795e-16  77803.62 0 
 77073.20 2.1638e-16  77983.05 0 
 77250.86 2.1488e-16  78162.80 0 
 77428.93 2.1343e-16  78342.98 0 
 77607.41 2.1198e-16  78523.56 0 
 77786.30 2.1052e-16  78704.56 0 
 77965.60 2.0905e-16  78885.98 0 
 78145.31 2.0759e-16  79067.82 0 
 78325.53 2.0612e-16  79250.16 0 
 78506.08 2.0465e-16  79432.84 0 
 78687.04 2.0317e-16  79615.94 0 
 78868.42 2.0180e-16  79799.46 0 
 79050.22 2.0043e-16  79983.41 0 
 79232.43 1.9906e-16  80167.77 0 
 79415.15 1.9769e-16  80352.65 0 
 79598.21 1.9631e-16  80537.87 0 
 79781.69 1.9493e-16  80723.52 0 
 79965.59 1.9354e-16  80909.59 0 
 80149.92 1.9215e-16  81096.09 0 
 80334.67 1.9080e-16  81283.02 0 
 80519.85 1.8952e-16  81470.38 0 
 80705.54 1.8822e-16  81658.27 0 
 80891.57 1.8693e-16  81846.50 0 
 81078.04 1.8564e-16  82035.16 0 
 81264.93 1.8434e-16  82224.26 0 
 81452.25 1.8303e-16  82413.79 0 
 81640.00 1.8173e-16  82603.76 0 
 81828.28 1.8042e-16  82794.26 0 
 82016.89 1.7919e-16  82985.10 0 
 82205.95 1.7797e-16  83176.39 0 
 82395.44 1.7676e-16  83368.12 0 
 82585.37 1.7554e-16  83560.29 0 
 82775.73 1.7432e-16  83752.90 0 
 82966.54 1.7309e-16  83945.96 0 
 83157.88 1.7187e-16  84139.55 0 
 83349.56 1.7064e-16  84333.50 0 
 83541.68 1.6942e-16  84527.89 0 
 83734.25 1.6828e-16  84722.73 0 
 83927.27 1.6713e-16  84918.03 0 
 84120.73 1.6599e-16  85113.77 0 
 84314.72 1.6484e-16  85310.05 0 
 84509.07 1.6369e-16  85506.70 0 
 84703.88 1.6253e-16  85703.80 0 
 84899.12 1.6138e-16  85901.35 0 
 85094.82 1.6022e-16  86099.37 0 
 85290.97 1.5911e-16  86297.83 0 
 85487.57 1.5803e-16  86496.75 0 
 85684.72 1.5695e-16  86696.23 0 
 85882.23 1.5587e-16  86896.07 0 
 86080.19 1.5479e-16  87096.37 0 
 86278.61 1.5371e-16  87297.13 0 
 86477.49 1.5262e-16  87498.36 0 
 86676.83 1.5153e-16  87700.05 0 
 86876.62 1.5043e-16  87902.20 0 
 87076.98 1.4942e-16  88104.92 0 
 87277.69 1.4841e-16  88308.01 0 
 87478.88 1.4739e-16  88511.57 0 
 87680.53 1.4637e-16  88715.59 0 
 87882.63 1.4535e-16  88920.09 0 
 88085.21 1.4433e-16  89125.05 0 
 88288.35 1.4330e-16  89330.59 0 
 88491.86 1.4228e-16  89536.51 0 
 88695.84 1.4128e-16  89742.89 0 
 88900.29 1.4032e-16  89949.76 0 
 89105.21 1.3937e-16  90157.10 0 
 89310.60 1.3841e-16  90364.91 0 
 89516.47 1.3745e-16  90573.21 0 
 89722.91 1.3649e-16  90782.09 0 
 89929.73 1.3552e-16  90991.35 0 
 90137.03 1.3456e-16  91201.09 0 
 90344.80 1.3359e-16  91411.32 0 
 90553.04 1.3268e-16  91622.02 0 
 90761.78 1.3178e-16  91833.22 0 
 90971.09 1.3088e-16  92045.01 0 
 91180.78 1.2997e-16  92257.17 0 
 91390.97 1.2907e-16  92469.84 0 
 91601.63 1.2816e-16  92682.98 0 
 91812.78 1.2726e-16  92896.62 0 
 92024.41 1.2634e-16  93110.76 0 
 92236.53 1.2544e-16  93325.38 0 
 92449.25 1.2460e-16  93540.61 0 
 92662.35 1.2375e-16  93756.23 0 
 92875.94 1.2290e-16  93972.34 0 
 93090.03 1.2205e-16  94188.95 0 
 93304.61 1.2120e-16  94406.07 0 
 93519.68 1.2035e-16  94623.68 0 
 93735.35 1.1949e-16  94841.90 0 
 93951.42 1.1863e-16  95060.52 0 
 94167.98 1.1781e-16  95279.63 0 
 94385.05 1.1701e-16  95499.27 0 
 94602.61 1.1621e-16  95719.40 0 
 94820.68 1.1541e-16  95940.04 0 
 95039.25 1.1461e-16  96161.19 0 
 95258.42 1.1381e-16  96382.95 0 
 95478.00 1.1300e-16  96605.12 0 
 95698.08 1.1220e-16  96827.80 0 
 95918.67 1.1139e-16  97050.99 0 
 96139.77 1.1064e-16  97274.70 0 
 96361.38 1.0989e-16  97498.93 0 
 96583.50 1.0913e-16  97723.67 0 
 96806.24 1.0838e-16  97949.04 0 
 97029.39 1.0762e-16  98174.82 0 
 97253.04 1.0687e-16  98401.12 0 
 97477.22 1.0611e-16  98627.94 0 
 97701.91 1.0535e-16  98855.28 0 
 97927.12 1.0461e-16  99083.15 0 
 98152.96 1.0390e-16  99311.66 0 
 98379.21 1.0319e-16  99540.58 0 
 98605.98 1.0248e-16  99770.02 0 
 98833.27 1.0177e-16 100000.00 0 
 99061.09 1.0106e-16 100230.51 0 
 99289.44 1.0035e-16 100461.55 0 
 99518.30 9.9631e-17 100693.12 0 
 99747.81 9.8914e-17 100925.34 0 
 99977.73 9.8238e-17 101157.97 0 
100208.19 9.7572e-17 101391.15 0 
100439.17 9.6906e-17 101624.86 0 
100670.70 9.6238e-17 101859.12 0 
100902.75 9.5568e-17 102093.91 0 
101135.45 9.4896e-17 102329.35 0 
101368.57 9.4224e-17 102565.23 0 
101602.23 9.3549e-17 102801.65 0 
101836.44 9.2882e-17 103038.62 0 
102071.17 9.2257e-17 103276.12 0 
102306.46 9.1630e-17 103514.19 0 
102542.28 9.1002e-17 103752.79 0 
102778.76 9.0372e-17 103992.06 0 
103015.67 8.9740e-17 104231.77 0 
103253.13 8.9108e-17 104472.03 0 
103491.14 8.8474e-17 104712.85 0 
103729.69 8.7838e-17 104954.22 0 
103968.80 8.7229e-17 105196.15 0 
104208.45 8.6639e-17 105438.63 0 
104448.77 8.6048e-17 105681.79 0 
104689.54 8.5456e-17 105925.40 0 
104930.85 8.4862e-17 106169.56 0 
105172.73 8.4267e-17 106414.29 0 
105415.16 8.3671e-17 106659.59 0 
105658.14 8.3073e-17 106905.44 0 
105901.81 8.2474e-17 107151.98 0 
106145.92 8.1918e-17 107398.98 0 
106390.60 8.1363e-17 107646.54 0 
106635.84 8.0806e-17 107894.67 0 
106881.64 8.0248e-17 108143.38 0 
107128.01 7.9688e-17 108392.66 0 
107374.95 7.9127e-17 108642.51 0 
107622.57 7.8565e-17 108893.05 0 
107870.65 7.8002e-17 109144.06 0 
108119.30 7.7453e-17 109395.65 0 
108368.52 7.6931e-17 109647.81 0 
108618.32 7.6407e-17 109900.55 0 
108868.69 7.5882e-17 110153.88 0 
109119.76 7.5356e-17 110407.92 0 
109371.29 7.4828e-17 110662.41 0 
109623.40 7.4300e-17 110917.50 0 
109876.08 7.3770e-17 111173.17 0 
110129.36 7.3239e-17 111429.44 0 
110383.22 7.2738e-17 111686.29 0 
110637.66 7.2246e-17 111943.73 0 
110892.81 7.1752e-17 112201.90 0 
111148.42 7.1257e-17 112460.53 0 
111404.63 7.0762e-17 112719.76 0 
111661.42 7.0265e-17 112979.59 0 
111918.81 6.9766e-17 113240.01 0 
112176.79 6.9267e-17 113501.04 0 
112435.49 6.8773e-17 113762.79 0 
112694.66 6.8310e-17 114025.02 0 
112954.43 6.7846e-17 114287.86 0 
113214.80 6.7380e-17 114551.30 0 
113475.76 6.6914e-17 114815.34 0 
113737.34 6.6447e-17 115080.01 0 
113999.51 6.5978e-17 115345.27 0 
114262.41 6.5509e-17 115611.28 0 
114525.80 6.5038e-17 115877.77 0 
114789.78 6.4587e-17 116144.88 0 
115054.38 6.4150e-17 116412.60 0 
115319.59 6.3713e-17 116680.94 0 
115585.41 6.3274e-17 116949.90 0 
115851.85 6.2835e-17 117219.48 0 
116119.02 6.2394e-17 117489.80 0 
116386.68 6.1953e-17 117760.62 0 
116654.96 6.1510e-17 118032.07 0 
116923.85 6.1067e-17 118304.14 0 
117193.38 6.0655e-17 118576.84 0 
117463.52 6.0244e-17 118850.17 0 
117734.40 5.9831e-17 119124.26 0 
118005.79 5.9418e-17 119398.85 0 
118277.80 5.9004e-17 119674.07 0 
118550.44 5.8588e-17 119949.93 0 
118823.71 5.8172e-17 120226.42 0 
119097.61 5.7755e-17 120503.55 0 
119372.13 5.7349e-17 120781.32 0 
119647.43 5.6962e-17 121059.87 0 
119923.22 5.6574e-17 121338.91 0 
120199.65 5.6185e-17 121618.61 0 
120476.73 5.5796e-17 121898.95 0 
120754.43 5.5405e-17 122179.94 0 
121032.78 5.5014e-17 122461.57 0 
121311.90 5.4622e-17 122743.98 0 
121591.53 5.4229e-17 123026.92 0 
121871.81 5.3858e-17 123310.51 0 
122152.73 5.3493e-17 123594.74 0 
122434.30 5.3128e-17 123879.64 0 
122716.53 5.2761e-17 124165.20 0 
122999.39 5.2394e-17 124451.40 0 
123283.05 5.2026e-17 124738.41 0 
123567.23 5.1657e-17 125025.94 0 
123852.06 5.1287e-17 125314.13 0 
124137.55 5.0922e-17 125602.99 0 
124423.69 5.0579e-17 125892.52 0 
124710.50 5.0235e-17 126182.70 0 
124998.10 4.9890e-17 126473.70 0 
125286.23 4.9545e-17 126765.23 0 
125575.02 4.9199e-17 127057.44 0 
125864.48 4.8852e-17 127350.31 0 
126154.61 4.8505e-17 127643.87 0 
126445.41 4.8156e-17 127938.09 0 
126736.87 4.7822e-17 128233.00 0 
127029.15 4.7499e-17 128528.73 0 
127321.96 4.7175e-17 128824.99 0 
127615.44 4.6850e-17 129121.95 0 
127909.61 4.6525e-17 129419.58 0 
128204.44 4.6199e-17 129717.90 0 
128499.97 4.5872e-17 130016.91 0 
128796.17 4.5544e-17 130316.61 0 
129093.20 4.5216e-17 130617.14 0 
129390.77 4.4911e-17 130918.23 0 
129689.02 4.4606e-17 131220.00 0 
129987.96 4.4301e-17 131522.47 0 
130287.60 4.3995e-17 131825.64 0 
130587.91 4.3688e-17 132129.50 0 
130889.07 4.3381e-17 132434.22 0 
131190.78 4.3073e-17 132739.48 0 
131493.19 4.2764e-17 133045.47 0 
131796.29 4.2463e-17 133352.14 0 
132100.09 4.2176e-17 133659.53 0 
132404.59 4.1889e-17 133967.62 0 
132709.78 4.1602e-17 134276.42 0 
133015.84 4.1313e-17 134586.09 0 
133322.46 4.1024e-17 134896.33 0 
133629.77 4.0734e-17 135207.27 0 
133937.80 4.0444e-17 135518.94 0 
134246.53 4.0153e-17 135831.31 0 
134555.97 3.9878e-17 136144.41 0 
134866.29 3.9608e-17 136458.39 0 
135177.17 3.9337e-17 136772.94 0 
135488.76 3.9066e-17 137088.20 0 
135801.07 3.8794e-17 137404.20 0 
136114.09 3.8522e-17 137720.92 0 
136427.86 3.8249e-17 138038.39 0 
136742.33 3.7975e-17 138356.58 0 
137057.67 3.7704e-17 138675.64 0 
137373.60 3.7450e-17 138995.30 0 
137690.27 3.7196e-17 139315.70 0 
138007.65 3.6941e-17 139636.83 0 
138325.77 3.6685e-17 139958.70 0 
138644.61 3.6429e-17 140281.31 0 
138964.20 3.6172e-17 140604.67 0 
139284.68 3.5914e-17 140928.94 0 
139605.74 3.5656e-17 141253.78 0 
139927.55 3.5409e-17 141579.39 0 
140250.08 3.5170e-17 141905.73 0 
140573.38 3.4930e-17 142232.84 0 
140897.41 3.4690e-17 142560.70 0 
141222.34 3.4448e-17 142889.47 0 
141547.86 3.4207e-17 143218.83 0 
141874.14 3.3965e-17 143548.97 0 
142201.17 3.3722e-17 143879.86 0 
142528.96 3.3479e-17 144211.52 0 
142857.49 3.3253e-17 144543.92 0 
143186.79 3.3028e-17 144877.11 0 
143517.00 3.2802e-17 145211.22 0 
143847.81 3.2575e-17 145545.94 0 
144179.40 3.2348e-17 145881.44 0 
144511.74 3.2120e-17 146217.70 0 
144844.86 3.1892e-17 146554.75 0 
145178.73 3.1664e-17 146892.56 0 
145513.54 3.1441e-17 147231.33 0 
145848.96 3.1229e-17 147570.70 0 
146185.14 3.1016e-17 147910.86 0 
146522.12 3.0803e-17 148251.81 0 
146859.87 3.0589e-17 148593.55 0 
147198.39 3.0375e-17 148936.06 0 
147537.69 3.0161e-17 149279.38 0 
147877.93 2.9946e-17 149623.62 0 
148218.81 2.9730e-17 149968.53 0 
148560.46 2.9527e-17 150314.22 0 
148902.90 2.9327e-17 150660.70 0 
149246.13 2.9127e-17 151007.98 0 
149590.15 2.8926e-17 151356.06 0 
149935.14 2.8724e-17 151705.12 0 
150280.75 2.8523e-17 152054.81 0 
150627.16 2.8321e-17 152405.31 0 
150974.36 2.8118e-17 152756.61 0 
151322.36 2.7917e-17 153108.72 0 
151671.18 2.7729e-17 153461.66 0 
152020.79 2.7541e-17 153815.39 0 
152371.37 2.7352e-17 154170.11 0 
152722.59 2.7163e-17 154525.48 0 
153074.64 2.6973e-17 154881.69 0 
153427.49 2.6783e-17 155238.70 0 
153781.14 2.6592e-17 155596.53 0 
154135.62 2.6401e-17 155955.19 0 
154490.92 2.6218e-17 156314.69 0 
154847.20 2.6041e-17 156675.17 0 
155204.13 2.5863e-17 157036.31 0 
155561.89 2.5685e-17 157398.30 0 
155920.47 2.5507e-17 157761.11 0 
156279.88 2.5328e-17 158124.77 0 
156640.11 2.5149e-17 158489.25 0 
157001.35 2.4969e-17 158854.75 0 
157363.25 2.4789e-17 159220.92 0 
157725.98 2.4622e-17 159587.94 0 
158089.55 2.4455e-17 159955.80 0 
158453.97 2.4287e-17 160324.52 0 
158819.20 2.4120e-17 160694.06 0 
159185.30 2.3952e-17 161064.48 0 
159552.41 2.3783e-17 161435.92 0 
159920.19 2.3614e-17 161808.05 0 
160288.82 2.3445e-17 162181.03 0 
160658.29 2.3280e-17 162554.86 0 
161028.62 2.3123e-17 162929.56 0 
161399.80 2.2965e-17 163305.12 0 
161772.02 2.2808e-17 163681.73 0 
162144.91 2.2649e-17 164059.03 0 
162518.67 2.2491e-17 164437.20 0 
162893.28 2.2332e-17 164816.23 0 
163268.77 2.2173e-17 165196.16 0 
163645.11 2.2013e-17 165576.94 0 
164022.33 2.1863e-17 165958.61 0 
164400.59 2.1715e-17 166341.34 0 
164779.54 2.1566e-17 166724.77 0 
165159.37 2.1418e-17 167109.08 0 
165540.08 2.1269e-17 167494.28 0 
165921.65 2.1119e-17 167880.36 0 
166304.12 2.0969e-17 168267.34 0 
166687.64 2.0819e-17 168655.39 0 
167071.87 2.0671e-17 169044.16 0 
167456.98 2.0532e-17 169433.81 0 
167842.99 2.0392e-17 169824.38 0 
168229.87 2.0252e-17 170215.83 0 
168617.66 2.0112e-17 170608.19 0 
169006.33 1.9972e-17 171001.45 0 
169396.09 1.9831e-17 171395.81 0 
169786.56 1.9690e-17 171790.89 0 
170177.92 1.9548e-17 172186.88 0 
170570.20 1.9413e-17 172583.78 0 
170963.39 1.9281e-17 172981.61 0 
171357.47 1.9150e-17 173380.34 0 
171752.45 1.9018e-17 173779.98 0 
172148.54 1.8886e-17 174180.75 0 
172545.35 1.8754e-17 174582.25 0 
172943.09 1.8621e-17 174984.69 0 
173341.73 1.8488e-17 175388.03 0 
173741.30 1.8355e-17 175792.31 0 
174141.79 1.8231e-17 176197.53 0 
174543.39 1.8107e-17 176603.88 0 
174945.72 1.7983e-17 177010.95 0 
175348.99 1.7859e-17 177418.98 0 
175753.17 1.7734e-17 177827.94 0 
176158.30 1.7610e-17 178237.84 0 
176564.36 1.7485e-17 178648.70 0 
176971.35 1.7359e-17 179060.50 0 
177379.47 1.7237e-17 179473.44 0 
177788.35 1.7121e-17 179887.14 0 
178198.17 1.7004e-17 180301.80 0 
178608.93 1.6887e-17 180717.41 0 
179020.63 1.6770e-17 181133.97 0 
179433.29 1.6653e-17 181551.50 0 
179847.09 1.6535e-17 181970.19 0 
180261.65 1.6417e-17 182389.64 0 
180677.17 1.6299e-17 182810.06 0 
181093.64 1.6188e-17 183231.45 0 
181511.07 1.6078e-17 183653.81 0 
181929.46 1.5968e-17 184077.14 0 
182348.83 1.5858e-17 184501.45 0 
182769.36 1.5748e-17 184926.95 0 
183190.65 1.5637e-17 185353.22 0 
183612.92 1.5526e-17 185780.47 0 
184036.16 1.5415e-17 186208.70 0 
184460.38 1.5305e-17 186637.94 0 
184885.57 1.5202e-17 187068.14 0 
185311.74 1.5099e-17 187499.34 0 
185739.10 1.4995e-17 187931.75 0 
186167.25 1.4892e-17 188364.95 0 
186596.37 1.4788e-17 188799.14 0 
187026.50 1.4683e-17 189234.34 0 
187457.59 1.4579e-17 189670.53 0 
187889.71 1.4474e-17 190107.75 0 
188323.00 1.4374e-17 190546.16 0 
188757.11 1.4277e-17 190985.39 0 
189192.21 1.4179e-17 191425.62 0 
189628.31 1.4082e-17 191866.88 0 
190065.42 1.3984e-17 192309.14 0 
190503.53 1.3886e-17 192752.42 0 
190942.66 1.3788e-17 193196.73 0 
191383.00 1.3689e-17 193642.28 0 
191824.16 1.3590e-17 194088.64 0 
192266.33 1.3499e-17 194536.03 0 
192709.50 1.3407e-17 194984.44 0 
193153.71 1.3315e-17 195433.89 0 
193598.95 1.3223e-17 195884.39 0 
194045.42 1.3131e-17 196336.12 0 
194492.72 1.3039e-17 196788.70 0 
194941.03 1.2946e-17 197242.31 0 
195390.39 1.2853e-17 197696.97 0 
195840.77 1.2763e-17 198152.67 0 
196292.19 1.2677e-17 198609.42 0 
196744.66 1.2591e-17 199067.23 0 
197198.39 1.2504e-17 199526.31 0 
197652.94 1.2417e-17 199986.23 0 
198108.55 1.2330e-17 200447.22 0 
198565.20 1.2243e-17 200909.27 0 
199022.91 1.2156e-17 201372.38 0 
199481.68 1.2069e-17 201836.56 0 
199941.72 1.1986e-17 202302.03 0 
200402.59 1.1905e-17 202768.34 0 
200864.53 1.1823e-17 203235.73 0 
201327.55 1.1742e-17 203704.22 0 
201791.62 1.1660e-17 204173.77 0 
202256.77 1.1578e-17 204644.41 0 
202722.98 1.1496e-17 205116.12 0 
203190.49 1.1414e-17 205589.16 0 
203658.85 1.1333e-17 206063.05 0 
204128.31 1.1256e-17 206538.05 0 
204598.84 1.1180e-17 207014.12 0 
205070.46 1.1103e-17 207491.31 0 
205543.16 1.1026e-17 207969.59 0 
206016.95 1.0949e-17 208448.98 0 
206492.06 1.0872e-17 208929.70 0 
206968.04 1.0795e-17 209411.30 0 
207445.11 1.0717e-17 209894.00 0 
207923.29 1.0643e-17 210377.83 0 
208402.56 1.0571e-17 210862.75 0 
208882.95 1.0499e-17 211348.81 0 
209364.67 1.0426e-17 211836.22 0 
209847.27 1.0354e-17 212324.52 0 
210330.98 1.0281e-17 212813.94 0 
210815.80 1.0209e-17 213304.48 0 
211301.75 1.0136e-17 213796.17 0 
211788.82 1.0063e-17 214288.98 0 
212277.01 9.9949e-18 214782.94 0 
212766.56 9.9270e-18 215278.27 0 
213257.00 9.8591e-18 215774.50 0 
213748.57 9.7910e-18 216271.88 0 
214241.27 9.7228e-18 216770.39 0 
214735.11 9.6543e-18 217270.06 0 
215230.10 9.5858e-18 217770.89 0 
215726.46 9.5170e-18 218273.11 0 
216223.71 9.4500e-18 218776.23 0 
216722.13 9.3863e-18 219280.53 0 
217221.68 9.3224e-18 219785.98 0 
217722.40 9.2584e-18 220292.61 0 
218224.27 9.1942e-18 220800.41 0 
218727.28 9.1298e-18 221309.36 0 
219231.70 9.0653e-18 221819.73 0 
219737.05 9.0007e-18 222331.05 0 
220243.57 8.9359e-18 222843.55 0 
220751.23 8.8748e-18 223357.20 0 
221260.09 8.8147e-18 223872.06 0 
221770.11 8.7545e-18 224388.11 0 
222281.54 8.6941e-18 224905.58 0 
222793.92 8.6336e-18 225424.00 0 
223307.48 8.5730e-18 225943.62 0 
223822.22 8.5122e-18 226464.44 0 
224338.14 8.4513e-18 226986.45 0 
224855.26 8.3910e-18 227509.67 0 
225373.57 8.3345e-18 228034.11 0 
225893.31 8.2778e-18 228559.98 0 
226414.01 8.2211e-18 229086.83 0 
226935.91 8.1642e-18 229614.89 0 
227459.02 8.1072e-18 230144.17 0 
227983.33 8.0500e-18 230674.67 0 
228508.84 7.9927e-18 231206.39 0 
229035.58 7.9353e-18 231739.34 0 
229563.78 7.8802e-18 232273.78 0 
230092.94 7.8270e-18 232809.19 0 
230623.32 7.7736e-18 233345.83 0 
231154.92 7.7201e-18 233883.70 0 
231687.74 7.6665e-18 234422.81 0 
232221.81 7.6127e-18 234963.19 0 
232757.35 7.5589e-18 235505.05 0 
233293.87 7.5049e-18 236047.91 0 
233831.63 7.4507e-18 236592.02 0 
234370.63 7.4005e-18 237137.38 0 
234910.86 7.3503e-18 237683.98 0 
235452.36 7.3000e-18 238231.88 0 
235995.09 7.2496e-18 238781.02 0 
236539.33 7.1990e-18 239331.67 0 
237084.58 7.1484e-18 239883.36 0 
237631.06 7.0976e-18 240436.30 0 
238178.83 7.0467e-18 240990.53 0 
238727.85 6.9971e-18 241546.03 0 
239278.13 6.9499e-18 242102.81 0 
239829.95 6.9026e-18 242661.14 0 
240382.77 6.8552e-18 243220.48 0 
240936.87 6.8077e-18 243781.12 0 
241492.25 6.7600e-18 244343.06 0 
242048.91 6.7123e-18 244906.30 0 
242606.84 6.6644e-18 245470.81 0 
243166.07 6.6165e-18 246036.64 0 
243726.85 6.5712e-18 246604.05 0 
244288.66 6.5267e-18 247172.48 0 
244851.76 6.4821e-18 247742.23 0 
245416.16 6.4374e-18 248313.30 0 
245981.86 6.3926e-18 248885.67 0 
246548.87 6.3477e-18 249459.38 0 
247117.19 6.3027e-18 250034.41 0 
247687.07 6.2576e-18 250611.02 0 
248258.02 6.2129e-18 251188.70 0 
248830.26 6.1711e-18 251767.70 0 
249403.83 6.1292e-18 252348.05 0 
249978.74 6.0872e-18 252929.73 0 
255801.62 5.6765e-18 258821.36 0 
261759.86 5.2929e-18 264849.94 0 
267857.16 4.9345e-18 271019.22 0 
274096.20 4.6003e-18 277331.91 0 
280480.86 4.2911e-18 283791.94 0 
287013.96 4.0022e-18 290402.16 0 
293699.50 3.7322e-18 297166.62 0 
300540.49 3.4801e-18 304088.38 0 
307541.13 3.2445e-18 311171.66 0 
314704.51 3.0245e-18 318419.59 0 
322035.09 2.8212e-18 325836.72 0 
329536.05 2.6313e-18 333426.22 0 
337212.12 2.4539e-18 341192.91 0 
345066.98 7.9090e-18 349140.50 0 
