# An Atlas of Galaxy Spectral Energy Distributions from the Ultraviolet to the Mid-Infrared
# Brown et al. (2014)
# http://dx.doi.org/10.5072/03/529D3551F0117
# 
# Column 1 : Restframe Wavelength (Angstrom)
# Column 2 : Flux per unit wavelength (ergs/s/cm^2/Angstrom)
# Column 3 : Observed wavelength (Angstrom)
# Column 4 : Source (0 = model, 1 = Optical Spectrum, 2 = Akari, 3 = Spitzer IRS)
# 
   100.01 2.9792e-20    100.23 0 
   102.11 3.6821e-20    102.33 0 
   104.00 4.1600e-20    104.23 0 
   105.94 4.8876e-20    106.17 0 
   107.91 5.8223e-20    108.14 0 
   109.91 8.7316e-20    110.15 0 
   114.04 1.1537e-19    114.29 0 
   118.05 1.4391e-19    118.30 0 
   121.07 3.9636e-19    121.34 0 
   125.04 5.0245e-19    125.31 0 
   127.07 5.5988e-19    127.35 0 
   127.95 5.9305e-19    128.23 0 
   130.93 6.8564e-19    131.22 0 
   132.14 7.7285e-19    132.43 0 
   133.98 8.4546e-19    134.28 0 
   137.10 1.0378e-18    137.40 0 
   139.97 1.1915e-18    140.28 0 
   142.91 1.9235e-18    143.22 0 
   146.91 2.9587e-18    147.23 0 
   151.03 3.4841e-18    151.36 0 
   154.90 4.1029e-18    155.24 0 
   158.87 4.7984e-18    159.22 0 
   161.83 5.3839e-18    162.18 0 
   165.98 6.2531e-18    166.34 0 
   169.84 7.1795e-18    170.22 0 
   173.00 7.9633e-18    173.38 0 
   177.03 9.0802e-18    177.42 0 
   179.91 9.9792e-18    180.30 0 
   181.99 1.0644e-17    182.39 0 
   185.80 1.1998e-17    186.21 0 
   191.01 1.3839e-17    191.43 0 
   194.11 1.5069e-17    194.54 0 
   198.18 1.6792e-17    198.61 0 
   201.86 1.8668e-17    202.30 0 
   205.14 2.0142e-17    205.59 0 
   209.92 2.2136e-17    210.38 0 
   215.80 2.6127e-17    216.27 0 
   219.81 2.8648e-17    220.29 0 
   222.87 3.0415e-17    223.36 0 
   227.01 3.3197e-17    227.51 0 
   230.17 5.0477e-17    230.67 0 
   233.91 8.6118e-17    234.42 0 
   239.91 1.1197e-16    240.44 0 
   246.06 1.1484e-16    246.60 0 
   251.80 1.2592e-16    252.35 0 
   257.07 1.0992e-16    257.63 0 
   260.05 1.3095e-16    260.62 0 
   264.27 1.4064e-16    264.85 0 
   269.18 1.4591e-16    269.77 0 
   274.19 1.5069e-16    274.79 0 
   279.29 1.5527e-16    279.90 0 
   283.82 1.6073e-16    284.45 0 
   289.77 1.5962e-16    290.40 0 
   295.83 1.6830e-16    296.48 0 
   301.33 1.6715e-16    302.00 0 
   308.35 1.7624e-16    309.03 0 
   317.72 1.8841e-16    318.42 0 
   328.13 1.9593e-16    328.85 0 
   338.10 2.0188e-16    338.84 0 
   348.38 2.0706e-16    349.14 0 
   357.31 2.1237e-16    358.10 0 
   365.64 2.1882e-16    366.44 0 
   375.02 2.2238e-16    375.84 0 
   384.64 2.1983e-16    385.48 0 
   395.41 2.2914e-16    396.28 0 
   404.62 2.3340e-16    405.51 0 
   414.05 2.3501e-16    414.95 0 
   421.74 2.3610e-16    422.67 0 
   429.59 2.3610e-16    430.53 0 
   440.60 2.3938e-16    441.57 0 
   450.87 2.3994e-16    451.86 0 
   460.31 2.3938e-16    461.32 0 
   469.95 2.3994e-16    470.98 0 
   479.79 2.4104e-16    480.84 0 
   489.83 2.3938e-16    490.91 0 
   500.09 2.4160e-16    501.19 0 
   505.88 2.5415e-16    506.99 0 
   511.74 3.3044e-16    512.86 0 
   520.05 3.3120e-16    521.19 0 
   529.72 3.3197e-16    530.88 0 
   539.57 3.2218e-16    540.75 0 
   549.60 3.5245e-16    550.81 0 
   559.82 3.8203e-16    561.05 0 
   570.23 4.0095e-16    571.48 0 
   579.49 3.9093e-16    580.76 0 
   590.27 4.2179e-16    591.56 0 
   599.86 4.1985e-16    601.17 0 
   609.61 4.4065e-16    610.94 0 
   619.51 4.9101e-16    620.87 0 
   629.58 5.0710e-16    630.96 0 
   639.81 5.1653e-16    641.21 0 
   650.20 5.4713e-16    651.63 0 
   657.73 5.5988e-16    659.17 0 
   665.35 5.8626e-16    666.81 0 
   674.60 5.9992e-16    676.08 0 
   685.57 5.9033e-16    687.07 0 
   695.10 6.8092e-16    696.63 0 
   704.77 6.5327e-16    706.32 0 
   716.22 7.5179e-16    717.79 0 
   726.19 7.7285e-16    727.78 0 
   734.60 7.9450e-16    736.21 0 
   744.82 8.5328e-16    746.45 0 
   755.18 8.8939e-16    756.83 0 
   765.68 9.1853e-16    767.36 0 
   774.55 9.8196e-16    776.25 0 
   785.32 1.0401e-15    787.05 0 
   794.42 1.0767e-15    796.16 0 
   805.47 1.1145e-15    807.24 0 
   814.80 1.1458e-15    816.58 0 
   824.23 1.2249e-15    826.04 0 
   835.70 1.0992e-15    837.53 0 
   845.37 1.2885e-15    847.23 0 
   855.16 1.3307e-15    857.04 0 
   865.07 1.4064e-15    866.96 0 
   875.08 1.4828e-15    877.00 0 
   885.22 1.5743e-15    887.16 0 
   895.47 1.6447e-15    897.43 0 
   905.83 1.6715e-15    907.82 0 
   914.22 2.4440e-15    916.22 0 
   924.80 1.4591e-14    926.83 0 
   935.51 3.1412e-14    937.56 0 
   944.17 6.1673e-14    946.24 0 
   955.10 8.4936e-14    957.19 0 
   963.94 1.0378e-13    966.05 0 
   975.10 2.4160e-14    977.24 0 
   984.12 1.0992e-13    986.28 0 
   995.52 1.0892e-13    997.70 0 
  1004.73 1.3555e-13   1006.93 0 
  1014.03 1.2109e-13   1016.25 0 
  1025.77 4.8094e-14   1028.02 0 
  1035.26 9.3993e-14   1037.53 0 
  1044.84 1.6147e-13   1047.13 0 
  1054.51 1.6184e-13   1056.82 0 
  1064.26 1.3935e-13   1066.60 0 
  1074.11 1.5852e-13   1076.47 0 
  1084.05 1.3617e-13   1086.43 0 
  1094.08 1.6259e-13   1096.48 0 
  1104.20 1.5743e-13   1106.62 0 
  1114.42 1.5563e-13   1116.86 0 
  1124.73 1.4391e-13   1127.20 0 
  1135.14 1.6561e-13   1137.63 0 
  1145.64 1.5314e-13   1148.15 0 
  1156.24 1.5926e-13   1158.78 0 
  1164.26 1.6409e-13   1166.81 0 
  1175.03 1.2738e-13   1177.61 0 
  1185.90 1.5635e-13   1188.50 0 
  1194.12 1.1888e-13   1196.74 0 
  1205.17 9.1642e-14   1207.81 0 
  1216.32 4.6569e-14   1218.99 0 
  1224.75 1.0235e-13   1227.44 0 
  1236.09 1.4692e-13   1238.80 0 
  1244.66 1.6222e-13   1247.38 0 
  1256.17 1.5999e-13   1258.93 0 
  1264.88 1.4358e-13   1267.65 0 
  1273.65 1.7143e-13   1276.44 0 
  1285.43 1.7705e-13   1288.25 0 
  1294.34 1.5492e-13   1297.18 0 
  1306.32 1.5244e-13   1309.18 0 
  1315.37 1.7543e-13   1318.26 0 
  1324.49 1.6986e-13   1327.39 0 
  1333.67 1.5852e-13   1336.60 0 
  1346.01 1.7462e-13   1348.96 0 
  1355.34 1.7104e-13   1358.31 0 
  1364.74 1.5962e-13   1367.73 0 
  1374.20 1.6372e-13   1377.21 0 
  1383.72 1.6599e-13   1386.76 0 
  1396.53 1.5035e-13   1399.59 0 
  1406.21 1.5492e-13   1409.29 0 
  1415.95 1.5780e-13   1419.06 0 
  1425.77 1.5816e-13   1428.89 0 
  1435.65 1.5743e-13   1438.80 0 
  1442.28 1.6334e-13   1445.44 0 
  1445.60 1.6447e-13   1448.77 0 
  1455.62 1.6147e-13   1458.81 0 
  1465.71 1.5385e-13   1468.93 0 
  1475.87 1.5244e-13   1479.11 0 
  1486.10 1.5279e-13   1489.36 0 
  1496.41 1.5385e-13   1499.69 0 
  1503.31 1.4863e-13   1506.61 0 
  1513.73 1.3807e-13   1517.05 0 
  1517.22 1.4391e-13   1520.55 0 
  1524.23 1.4096e-13   1527.57 0 
  1534.79 1.2856e-13   1538.15 0 
  1545.43 1.3649e-13   1548.82 0 
  1556.14 1.2975e-13   1559.55 0 
  1563.32 1.3095e-13   1566.75 0 
  1574.16 1.3743e-13   1577.61 0 
  1585.07 1.4096e-13   1588.55 0 
  1596.06 1.4391e-13   1599.56 0 
  1603.43 1.3903e-13   1606.94 0 
  1614.54 1.3871e-13   1618.08 0 
  1625.73 1.3369e-13   1629.30 0 
  1633.24 1.3871e-13   1636.82 0 
  1644.56 1.3935e-13   1648.16 0 
  1655.96 1.3095e-13   1659.59 0 
  1663.60 1.4064e-13   1667.25 0 
  1671.28 1.2975e-13   1674.94 0 
  1675.13 1.4031e-13   1678.80 0 
  1686.74 1.4358e-13   1690.44 0 
  1694.53 1.3712e-13   1698.24 0 
  1706.28 1.3307e-13   1710.02 0 
  1714.15 1.2945e-13   1717.91 0 
  1726.03 1.2826e-13   1729.82 0 
  1734.00 1.3400e-13   1737.80 0 
  1746.02 1.3065e-13   1749.85 0 
  1754.08 1.3649e-13   1757.92 0 
  1766.24 1.2679e-13   1770.11 0 
  1774.39 1.3095e-13   1778.28 0 
  1786.69 1.3155e-13   1790.61 0 
  1794.94 1.3680e-13   1798.87 0 
  1803.22 1.3555e-13   1807.17 0 
  1815.72 1.2975e-13   1819.70 0 
  1824.10 1.3034e-13   1828.10 0 
  1836.75 1.2679e-13   1840.77 0 
  1845.22 1.1860e-13   1849.27 0 
  1853.74 1.1942e-13   1857.80 0 
  1866.59 1.2193e-13   1870.68 0 
  1875.21 1.2738e-13   1879.32 0 
  1883.86 1.2025e-13   1887.99 0 
  1896.92 1.1644e-13   1901.08 0 
  1905.68 1.2081e-13   1909.85 0 
  1914.47 1.1806e-13   1918.67 0 
  1923.31 1.1590e-13   1927.53 0 
  1936.64 1.1671e-13   1940.89 0 
  1945.58 1.2249e-13   1949.84 0 
  1954.56 1.1671e-13   1958.84 0 
  1968.11 1.2362e-13   1972.42 0 
  1977.19 1.2534e-13   1981.53 0 
  1981.75 1.2025e-13   1986.10 0 
  1995.49 1.1752e-13   1999.86 0 
  2004.70 1.1860e-13   2009.09 0 
  2013.95 1.1671e-13   2018.37 0 
  2023.25 1.1888e-13   2027.68 0 
  2037.27 1.1617e-13   2041.74 0 
  2046.68 1.1860e-13   2051.16 0 
  2056.12 1.1405e-13   2060.63 0 
  2065.61 1.1484e-13   2070.14 0 
  2075.15 1.2053e-13   2079.70 0 
  2079.93 1.1833e-13   2084.49 0 
  2084.73 1.2053e-13   2089.30 0 
  2094.35 1.1537e-13   2098.94 0 
  2104.02 1.1617e-13   2108.63 0 
  2113.73 1.1671e-13   2118.36 0 
  2123.48 1.1752e-13   2128.14 0 
  2133.29 1.1120e-13   2137.96 0 
  2143.13 1.1405e-13   2147.83 0 
  2153.03 1.1590e-13   2157.74 0 
  2162.96 1.1248e-13   2167.70 0 
  2172.95 1.1145e-13   2177.71 0 
  2182.98 1.1171e-13   2187.76 0 
  2193.05 1.1537e-13   2197.86 0 
  2203.18 1.1248e-13   2208.01 0 
  2213.34 1.0767e-13   2218.20 0 
  2223.56 1.0595e-13   2228.44 0 
  2233.82 1.1223e-13   2238.72 0 
  2244.14 1.0817e-13   2249.05 0 
  2254.49 1.0425e-13   2259.44 0 
  2264.90 1.0474e-13   2269.86 0 
  2275.35 1.0718e-13   2280.34 0 
  2285.86 1.0967e-13   2290.87 0 
  2296.41 1.0448e-13   2301.44 0 
  2307.01 1.0556e-13   2312.07 0 
  2317.66 1.0256e-13   2322.74 0 
  2323.00 8.7850e-14   2328.09 0 
  2333.72 9.6655e-14   2338.84 0 
  2344.49 9.1770e-14   2349.63 0 
  2355.31 9.9352e-14   2360.48 0 
  2366.19 9.1548e-14   2371.37 0 
  2377.11 9.4649e-14   2382.32 0 
  2382.59 8.7067e-14   2387.81 0 
  2393.59 9.1478e-14   2398.83 0 
  2404.63 8.9079e-14   2409.91 0 
  2415.73 9.0206e-14   2421.03 0 
  2426.88 9.5872e-14   2432.20 0 
  2432.48 9.2772e-14   2437.81 0 
  2443.71 9.6798e-14   2449.06 0 
  2454.99 9.5789e-14   2460.37 0 
  2466.32 9.4354e-14   2471.72 0 
  2477.70 9.1033e-14   2483.13 0 
  2483.41 9.0974e-14   2488.86 0 
  2494.88 8.7368e-14   2500.35 0 
  2506.39 9.5893e-14   2511.89 0 
  2512.17 8.6000e-14   2517.68 0 
  2517.96 8.5746e-14   2523.48 0 
  2523.77 8.3163e-14   2529.30 0 
  2535.42 8.4791e-14   2540.97 0 
  2547.12 8.4483e-14   2552.70 0 
  2552.99 9.0674e-14   2558.59 0 
  2564.77 8.7679e-14   2570.40 0 
  2576.61 9.1898e-14   2582.26 0 
  2582.55 9.0785e-14   2588.21 0 
  2594.47 8.9211e-14   2600.16 0 
  2606.45 8.6064e-14   2612.16 0 
  2612.46 8.4435e-14   2618.18 0 
  2624.52 8.8495e-14   2630.27 0 
  2636.63 9.2750e-14   2642.41 0 
  2642.71 1.0116e-13   2648.50 0 
  2654.91 1.0505e-13   2660.72 0 
  2667.16 9.5231e-14   2673.01 0 
  2673.31 9.8735e-14   2679.17 0 
  2685.65 1.0020e-13   2691.54 0 
  2698.04 9.3374e-14   2703.96 0 
  2704.26 9.6808e-14   2710.19 0 
  2716.75 9.0216e-14   2722.70 0 
  2723.01 8.8708e-14   2728.98 0 
  2735.58 9.2967e-14   2741.57 0 
  2741.88 8.0911e-14   2747.89 0 
  2754.54 8.4017e-14   2760.58 0 
  2767.25 8.8251e-14   2773.32 0 
  2773.63 9.1495e-14   2779.71 0 
  2786.44 8.4090e-14   2792.54 0 
  2792.86 6.7362e-14   2798.98 0 
  2805.75 7.1575e-14   2811.90 0 
  2812.22 8.9419e-14   2818.38 0 
  2825.20 9.5009e-14   2831.39 0 
  2838.24 9.2065e-14   2844.46 0 
  2844.78 8.7652e-14   2851.02 0 
  2857.91 8.1299e-14   2864.18 0 
  2864.50 9.2629e-14   2870.78 0 
  2877.72 9.5294e-14   2884.03 0 
  2884.36 9.3913e-14   2890.68 0 
  2897.67 9.5069e-14   2904.02 0 
  2911.05 1.0408e-13   2917.43 0 
  2931.22 9.9152e-14   2937.65 0 
  2951.54 9.6883e-14   2958.01 0 
  2972.00 9.7990e-14   2978.52 0 
  2992.60 9.7974e-14   2999.16 0 
  3013.35 9.8407e-14   3019.95 0 
  3027.26 9.9151e-14   3033.89 0 
  3048.24 9.9815e-14   3054.92 0 
  3069.37 1.0025e-13   3076.10 0 
  3090.64 9.9991e-14   3097.42 0 
  3112.07 1.0135e-13   3118.89 0 
  3126.43 9.8870e-14   3133.29 0 
  3148.10 9.8381e-14   3155.01 0 
  3169.93 1.0017e-13   3176.87 0 
  3191.90 9.4749e-14   3198.90 0 
  3206.63 9.8126e-14   3213.66 0 
  3228.86 9.2810e-14   3235.94 0 
  3251.24 1.0148e-13   3258.37 0 
  3266.25 1.0680e-13   3273.41 0 
  3288.89 1.0552e-13   3296.10 0 
  3311.68 1.0378e-13   3318.94 0 
  3319.32 1.0086e-13   3326.60 0 
  3326.97 1.0216e-13   3334.26 0 
  3334.64 1.0737e-13   3341.95 0 
  3342.33 1.0033e-13   3349.66 0 
  3350.03 1.0448e-13   3357.38 0 
  3357.76 1.0342e-13   3365.12 0 
  3365.50 9.0196e-14   3372.87 0 
  3373.25 8.9900e-14   3380.65 0 
  3381.03 9.8251e-14   3388.44 0 
  3388.82 1.0278e-13   3396.25 0 
  3396.64 9.6712e-14   3404.08 0 
  3404.47 1.0472e-13   3411.93 0 
  3412.31 9.7638e-14   3419.79 0 
  3420.18 1.0167e-13   3427.68 0 
  3428.07 1.0298e-13   3435.58 0 
  3435.97 1.0311e-13   3443.50 0 
  3443.89 9.3085e-14   3451.44 0 
  3451.83 1.0482e-13   3459.39 0 
  3459.78 1.0139e-13   3467.37 0 
  3467.76 1.0036e-13   3475.36 0 
  3475.75 1.0189e-13   3483.37 0 
  3483.77 1.0155e-13   3491.40 0 
  3491.80 1.0333e-13   3499.45 0 
  3499.85 9.3924e-14   3507.52 0 
  3507.92 1.0359e-13   3515.60 0 
  3516.00 9.6356e-14   3523.71 0 
  3524.11 9.8498e-14   3531.83 0 
  3532.23 1.0303e-13   3539.97 0 
  3540.37 1.0556e-13   3548.13 0 
  3548.54 1.0966e-13   3556.31 0 
  3556.72 1.0486e-13   3564.51 0 
  3564.91 1.0620e-13   3572.73 0 
  3573.13 9.1135e-14   3580.96 0 
  3581.37 9.4890e-14   3589.22 0 
  3589.62 8.3321e-14   3597.49 0 
  3597.90 9.8921e-14   3605.79 0 
  3606.19 9.7459e-14   3614.10 0 
  3614.51 9.6461e-14   3622.43 0 
  3619.71 7.3479e-14   3627.64 1 
  3622.45 7.2499e-14   3630.39 1 
  3625.19 9.3162e-14   3633.14 1 
  3627.94 1.0956e-13   3635.89 1 
  3630.68 8.9835e-14   3638.64 1 
  3633.43 7.4162e-14   3641.39 1 
  3636.17 9.0095e-14   3644.14 1 
  3638.91 8.8107e-14   3646.89 1 
  3641.66 1.0288e-13   3649.64 1 
  3644.40 9.5924e-14   3652.39 1 
  3647.15 1.0916e-13   3655.14 1 
  3649.89 1.0009e-13   3657.89 1 
  3652.63 9.4766e-14   3660.64 1 
  3655.38 1.0735e-13   3663.39 1 
  3658.12 1.3659e-13   3666.14 1 
  3660.87 1.1036e-13   3668.89 1 
  3663.61 9.7433e-14   3671.64 1 
  3666.35 1.3216e-13   3674.39 1 
  3669.10 1.1304e-13   3677.14 1 
  3671.84 9.4667e-14   3679.89 1 
  3674.59 9.7092e-14   3682.64 1 
  3677.33 1.1949e-13   3685.39 1 
  3680.07 1.1564e-13   3688.14 1 
  3682.82 1.2106e-13   3690.89 1 
  3685.56 1.1216e-13   3693.64 1 
  3688.31 9.6610e-14   3696.39 1 
  3691.05 1.1628e-13   3699.14 1 
  3693.79 1.3050e-13   3701.89 1 
  3696.54 1.1556e-13   3704.64 1 
  3699.28 1.0291e-13   3707.39 1 
  3702.03 1.1866e-13   3710.14 1 
  3704.77 1.1587e-13   3712.89 1 
  3707.51 1.1943e-13   3715.64 1 
  3710.26 1.0830e-13   3718.39 1 
  3713.00 9.3650e-14   3721.14 1 
  3715.74 1.1117e-13   3723.89 1 
  3718.49 1.2763e-13   3726.64 1 
  3721.23 1.2237e-13   3729.39 1 
  3723.98 1.2907e-13   3732.14 1 
  3726.72 1.1402e-13   3734.89 1 
  3729.46 1.1932e-13   3737.64 1 
  3732.21 9.5308e-14   3740.39 1 
  3734.95 1.0808e-13   3743.14 1 
  3737.70 7.8548e-14   3745.89 1 
  3740.44 1.0898e-13   3748.64 1 
  3743.18 1.1025e-13   3751.39 1 
  3745.93 1.0750e-13   3754.14 1 
  3748.67 1.1714e-13   3756.89 1 
  3751.42 1.1646e-13   3759.64 1 
  3754.16 1.1795e-13   3762.39 1 
  3756.90 1.0373e-13   3765.14 1 
  3759.65 1.2934e-13   3767.89 1 
  3762.39 1.2208e-13   3770.64 1 
  3765.14 1.2820e-13   3773.39 1 
  3767.88 1.1614e-13   3776.14 1 
  3770.62 1.2851e-13   3778.89 1 
  3773.37 1.3297e-13   3781.64 1 
  3776.11 1.3057e-13   3784.39 1 
  3778.86 1.4573e-13   3787.14 1 
  3781.60 1.4200e-13   3789.89 1 
  3784.34 1.3912e-13   3792.64 1 
  3787.09 1.5247e-13   3795.39 1 
  3789.83 1.4573e-13   3798.14 1 
  3792.58 1.3215e-13   3800.89 1 
  3795.32 1.2896e-13   3803.64 1 
  3798.06 1.1881e-13   3806.39 1 
  3800.81 1.2142e-13   3809.14 1 
  3803.55 1.3295e-13   3811.89 1 
  3806.30 1.3206e-13   3814.64 1 
  3809.04 1.4267e-13   3817.39 1 
  3811.78 1.4622e-13   3820.14 1 
  3814.53 1.4877e-13   3822.89 1 
  3817.27 1.5225e-13   3825.64 1 
  3820.02 1.4655e-13   3828.39 1 
  3822.76 1.3250e-13   3831.14 1 
  3825.50 1.3259e-13   3833.89 1 
  3828.25 1.1964e-13   3836.64 1 
  3830.99 1.2186e-13   3839.39 1 
  3833.74 1.0937e-13   3842.14 1 
  3836.48 1.1604e-13   3844.89 1 
  3839.22 1.1006e-13   3847.64 1 
  3841.97 1.2313e-13   3850.39 1 
  3844.71 1.4192e-13   3853.14 1 
  3847.46 1.3934e-13   3855.89 1 
  3850.20 1.4055e-13   3858.64 1 
  3852.94 1.4497e-13   3861.39 1 
  3855.69 1.4944e-13   3864.14 1 
  3858.43 1.4889e-13   3866.89 1 
  3861.18 1.5383e-13   3869.64 1 
  3863.92 1.5457e-13   3872.39 1 
  3866.66 1.6326e-13   3875.14 1 
  3869.41 1.6141e-13   3877.89 1 
  3872.15 1.5200e-13   3880.64 1 
  3874.90 1.4790e-13   3883.39 1 
  3877.64 1.4907e-13   3886.14 1 
  3880.38 1.4568e-13   3888.89 1 
  3883.13 1.4206e-13   3891.64 1 
  3885.87 1.2932e-13   3894.39 1 
  3888.62 1.1941e-13   3897.14 1 
  3891.36 1.2560e-13   3899.89 1 
  3894.10 1.3810e-13   3902.64 1 
  3896.85 1.4429e-13   3905.39 1 
  3899.59 1.4605e-13   3908.14 1 
  3902.34 1.5157e-13   3910.89 1 
  3905.08 1.5366e-13   3913.64 1 
  3907.82 1.5312e-13   3916.39 1 
  3910.57 1.6028e-13   3919.14 1 
  3913.31 1.6019e-13   3921.89 1 
  3916.06 1.5987e-13   3924.64 1 
  3918.80 1.6122e-13   3927.39 1 
  3921.54 1.6054e-13   3930.14 1 
  3924.29 1.4900e-13   3932.89 1 
  3927.03 1.3395e-13   3935.64 1 
  3929.78 1.1923e-13   3938.39 1 
  3932.52 1.0900e-13   3941.14 1 
  3935.26 1.0714e-13   3943.89 1 
  3938.01 1.1197e-13   3946.64 1 
  3940.75 1.2519e-13   3949.39 1 
  3943.50 1.3398e-13   3952.14 1 
  3946.24 1.4529e-13   3954.89 1 
  3948.98 1.5307e-13   3957.64 1 
  3951.73 1.4815e-13   3960.39 1 
  3954.47 1.5023e-13   3963.14 1 
  3957.22 1.5057e-13   3965.89 1 
  3959.96 1.3832e-13   3968.64 1 
  3962.70 1.2926e-13   3971.39 1 
  3965.45 1.1331e-13   3974.14 1 
  3968.19 1.0185e-13   3976.89 1 
  3970.94 9.6852e-14   3979.64 1 
  3973.68 1.0067e-13   3982.39 1 
  3976.42 1.1445e-13   3985.14 1 
  3979.17 1.3378e-13   3987.89 1 
  3981.91 1.5026e-13   3990.64 1 
  3984.66 1.6794e-13   3993.39 1 
  3987.40 1.7701e-13   3996.14 1 
  3990.14 1.8168e-13   3998.89 1 
  3992.89 1.7881e-13   4001.64 1 
  3995.63 1.8019e-13   4004.39 1 
  3998.38 1.7900e-13   4007.14 1 
  4001.12 1.8846e-13   4009.89 1 
  4003.86 1.8519e-13   4012.64 1 
  4006.61 1.8835e-13   4015.39 1 
  4009.35 1.8738e-13   4018.14 1 
  4012.10 1.9432e-13   4020.89 1 
  4014.84 1.9592e-13   4023.64 1 
  4017.58 1.9485e-13   4026.39 1 
  4020.33 1.9805e-13   4029.14 1 
  4023.07 1.9688e-13   4031.89 1 
  4025.82 1.9261e-13   4034.64 1 
  4028.56 1.9596e-13   4037.39 1 
  4031.30 1.9677e-13   4040.14 1 
  4034.05 1.9361e-13   4042.89 1 
  4036.79 1.9122e-13   4045.64 1 
  4039.54 1.9933e-13   4048.39 1 
  4042.28 1.9462e-13   4051.14 1 
  4045.02 1.9274e-13   4053.89 1 
  4047.77 1.9268e-13   4056.64 1 
  4050.51 1.9631e-13   4059.39 1 
  4053.26 1.9936e-13   4062.14 1 
  4056.00 1.8611e-13   4064.89 1 
  4058.74 1.8684e-13   4067.64 1 
  4061.49 1.9093e-13   4070.39 1 
  4064.23 1.9233e-13   4073.14 1 
  4066.98 1.9367e-13   4075.89 1 
  4069.72 1.9057e-13   4078.64 1 
  4072.46 1.9610e-13   4081.39 1 
  4075.21 1.9784e-13   4084.14 1 
  4077.95 1.8564e-13   4086.89 1 
  4080.70 1.8328e-13   4089.64 1 
  4083.44 1.8431e-13   4092.39 1 
  4086.18 1.9655e-13   4095.14 1 
  4088.93 2.0183e-13   4097.89 1 
  4091.67 1.9584e-13   4100.64 1 
  4094.42 1.8889e-13   4103.39 1 
  4097.16 1.7856e-13   4106.14 1 
  4099.90 1.6795e-13   4108.89 1 
  4102.65 1.5989e-13   4111.64 1 
  4105.39 1.5062e-13   4114.39 1 
  4108.14 1.6527e-13   4117.14 1 
  4110.88 1.7930e-13   4119.89 1 
  4113.62 1.7971e-13   4122.64 1 
  4116.37 1.8142e-13   4125.39 1 
  4119.11 1.8872e-13   4128.14 1 
  4121.86 1.8962e-13   4130.89 1 
  4124.60 1.9287e-13   4133.64 1 
  4127.34 1.9275e-13   4136.39 1 
  4130.09 1.9089e-13   4139.14 1 
  4132.83 1.8317e-13   4141.89 1 
  4135.57 1.8652e-13   4144.64 1 
  4138.32 1.9178e-13   4147.39 1 
  4141.06 1.9234e-13   4150.14 1 
  4143.81 1.9044e-13   4152.89 1 
  4146.55 1.9301e-13   4155.64 1 
  4149.29 1.8092e-13   4158.39 1 
  4152.04 1.9292e-13   4161.14 1 
  4154.78 1.9733e-13   4163.89 1 
  4157.53 1.9380e-13   4166.64 1 
  4160.27 1.9325e-13   4169.39 1 
  4163.01 2.0523e-13   4172.14 1 
  4165.76 1.9949e-13   4174.89 1 
  4168.50 2.0201e-13   4177.64 1 
  4171.25 1.9337e-13   4180.39 1 
  4173.99 1.7941e-13   4183.14 1 
  4176.73 1.8083e-13   4185.89 1 
  4179.48 1.8264e-13   4188.64 1 
  4182.22 1.8361e-13   4191.39 1 
  4184.97 1.8292e-13   4194.14 1 
  4187.71 2.0034e-13   4196.89 1 
  4190.45 1.9482e-13   4199.64 1 
  4193.20 1.9406e-13   4202.39 1 
  4195.94 1.9227e-13   4205.14 1 
  4198.69 1.8809e-13   4207.89 1 
  4201.43 1.8635e-13   4210.64 1 
  4204.17 1.9079e-13   4213.39 1 
  4206.92 1.8821e-13   4216.14 1 
  4209.66 1.9504e-13   4218.89 1 
  4212.41 1.9914e-13   4221.64 1 
  4215.15 1.9918e-13   4224.39 1 
  4217.89 1.9973e-13   4227.14 1 
  4220.64 1.9383e-13   4229.89 1 
  4223.38 1.9831e-13   4232.64 1 
  4226.13 1.9304e-13   4235.39 1 
  4228.87 1.8289e-13   4238.14 1 
  4231.61 1.8562e-13   4240.89 1 
  4234.36 1.8727e-13   4243.64 1 
  4237.10 1.9280e-13   4246.39 1 
  4239.85 1.8924e-13   4249.14 1 
  4242.59 2.0106e-13   4251.89 1 
  4245.33 2.0373e-13   4254.64 1 
  4248.08 2.0328e-13   4257.39 1 
  4250.82 1.9830e-13   4260.14 1 
  4253.57 1.9058e-13   4262.89 1 
  4256.31 1.9383e-13   4265.64 1 
  4259.05 1.9658e-13   4268.39 1 
  4261.80 1.8966e-13   4271.14 1 
  4264.54 2.0025e-13   4273.89 1 
  4267.29 1.9941e-13   4276.64 1 
  4270.03 1.9057e-13   4279.39 1 
  4272.77 1.8876e-13   4282.14 1 
  4275.52 1.9096e-13   4284.89 1 
  4278.26 1.9460e-13   4287.64 1 
  4281.01 1.9023e-13   4290.39 1 
  4283.75 1.9315e-13   4293.14 1 
  4286.49 1.9602e-13   4295.89 1 
  4289.24 1.8320e-13   4298.64 1 
  4291.98 1.7955e-13   4301.39 1 
  4294.73 1.8046e-13   4304.14 1 
  4297.47 1.8251e-13   4306.89 1 
  4300.21 1.7167e-13   4309.64 1 
  4302.96 1.6684e-13   4312.39 1 
  4305.70 1.6175e-13   4315.14 1 
  4308.45 1.6443e-13   4317.89 1 
  4311.19 1.6886e-13   4320.64 1 
  4313.93 1.8180e-13   4323.39 1 
  4316.68 1.8897e-13   4326.14 1 
  4319.42 2.0246e-13   4328.89 1 
  4322.17 2.0372e-13   4331.64 1 
  4324.91 1.9294e-13   4334.39 1 
  4327.65 1.8615e-13   4337.14 1 
  4330.40 1.8691e-13   4339.89 1 
  4333.14 1.9389e-13   4342.64 1 
  4335.89 1.8792e-13   4345.39 1 
  4338.63 1.8062e-13   4348.14 1 
  4341.37 1.7363e-13   4350.89 1 
  4344.12 1.7324e-13   4353.64 1 
  4346.86 1.7891e-13   4356.39 1 
  4349.61 1.8490e-13   4359.14 1 
  4352.35 1.8973e-13   4361.89 1 
  4355.09 1.8894e-13   4364.64 1 
  4357.84 1.9054e-13   4367.39 1 
  4360.58 1.9678e-13   4370.14 1 
  4363.33 2.0713e-13   4372.89 1 
  4366.07 2.1332e-13   4375.64 1 
  4368.81 2.1233e-13   4378.39 1 
  4371.56 2.0567e-13   4381.14 1 
  4374.30 1.9810e-13   4383.89 1 
  4377.05 1.9811e-13   4386.64 1 
  4379.79 1.9837e-13   4389.39 1 
  4382.53 1.9474e-13   4392.14 1 
  4385.28 1.8819e-13   4394.89 1 
  4388.02 1.8814e-13   4397.64 1 
  4390.77 1.9305e-13   4400.39 1 
  4393.51 1.9681e-13   4403.14 1 
  4396.25 2.0260e-13   4405.89 1 
  4399.00 1.9818e-13   4408.64 1 
  4401.74 1.9810e-13   4411.39 1 
  4404.49 1.9354e-13   4414.14 1 
  4407.23 2.0085e-13   4416.89 1 
  4409.97 2.0173e-13   4419.64 1 
  4412.72 2.0100e-13   4422.39 1 
  4415.46 2.0488e-13   4425.14 1 
  4418.21 2.0272e-13   4427.89 1 
  4420.95 2.0940e-13   4430.64 1 
  4423.69 2.1343e-13   4433.39 1 
  4426.44 2.0758e-13   4436.14 1 
  4429.18 2.0997e-13   4438.89 1 
  4431.93 2.1310e-13   4441.64 1 
  4434.67 2.0609e-13   4444.39 1 
  4437.41 2.0474e-13   4447.14 1 
  4440.16 2.0885e-13   4449.89 1 
  4442.90 2.1122e-13   4452.64 1 
  4445.65 2.1678e-13   4455.39 1 
  4448.39 2.1784e-13   4458.14 1 
  4451.13 2.2004e-13   4460.89 1 
  4453.88 2.1712e-13   4463.64 1 
  4456.62 2.0600e-13   4466.39 1 
  4459.37 2.0621e-13   4469.14 1 
  4462.11 2.0668e-13   4471.89 1 
  4464.85 2.0951e-13   4474.64 1 
  4467.60 2.1111e-13   4477.39 1 
  4470.34 2.0652e-13   4480.14 1 
  4473.09 2.1198e-13   4482.89 1 
  4475.83 2.2163e-13   4485.64 1 
  4478.57 2.2369e-13   4488.39 1 
  4481.32 2.2472e-13   4491.14 1 
  4484.06 2.2060e-13   4493.89 1 
  4486.81 2.2125e-13   4496.64 1 
  4489.55 2.2178e-13   4499.39 1 
  4492.29 2.1851e-13   4502.14 1 
  4495.04 2.1559e-13   4504.89 1 
  4497.78 2.1749e-13   4507.64 1 
  4500.52 2.1747e-13   4510.39 1 
  4503.27 2.2675e-13   4513.14 1 
  4506.01 2.2932e-13   4515.89 1 
  4508.76 2.3270e-13   4518.64 1 
  4511.50 2.3395e-13   4521.39 1 
  4514.24 2.2725e-13   4524.14 1 
  4516.99 2.2722e-13   4526.89 1 
  4519.73 2.2913e-13   4529.64 1 
  4522.48 2.2328e-13   4532.39 1 
  4525.22 2.1974e-13   4535.14 1 
  4527.96 2.1471e-13   4537.89 1 
  4530.71 2.0794e-13   4540.64 1 
  4533.45 2.0741e-13   4543.39 1 
  4536.20 2.0441e-13   4546.14 1 
  4538.94 2.1227e-13   4548.89 1 
  4541.68 2.1784e-13   4551.64 1 
  4544.43 2.1578e-13   4554.39 1 
  4547.17 2.1628e-13   4557.14 1 
  4549.92 2.1992e-13   4559.89 1 
  4552.66 2.1533e-13   4562.64 1 
  4555.40 2.1178e-13   4565.39 1 
  4558.15 2.1693e-13   4568.14 1 
  4560.89 2.2038e-13   4570.89 1 
  4563.64 2.2541e-13   4573.64 1 
  4566.38 2.2737e-13   4576.39 1 
  4569.12 2.2927e-13   4579.14 1 
  4571.87 2.2385e-13   4581.89 1 
  4574.61 2.1075e-13   4584.64 1 
  4577.36 2.1246e-13   4587.39 1 
  4580.10 2.1585e-13   4590.14 1 
  4582.84 2.1396e-13   4592.89 1 
  4585.59 2.2032e-13   4595.64 1 
  4588.33 2.2511e-13   4598.39 1 
  4591.08 2.2298e-13   4601.14 1 
  4593.82 2.2117e-13   4603.89 1 
  4596.56 2.2278e-13   4606.64 1 
  4599.31 2.2407e-13   4609.39 1 
  4602.05 2.2048e-13   4612.14 1 
  4604.80 2.2592e-13   4614.89 1 
  4607.54 2.2589e-13   4617.64 1 
  4610.28 2.2857e-13   4620.39 1 
  4613.03 2.3469e-13   4623.14 1 
  4615.77 2.2782e-13   4625.89 1 
  4618.52 2.3158e-13   4628.64 1 
  4621.26 2.3129e-13   4631.39 1 
  4624.00 2.2579e-13   4634.14 1 
  4626.75 2.3214e-13   4636.89 1 
  4629.49 2.3044e-13   4639.64 1 
  4632.24 2.2789e-13   4642.39 1 
  4634.98 2.2573e-13   4645.14 1 
  4637.72 2.2459e-13   4647.89 1 
  4640.47 2.2280e-13   4650.64 1 
  4643.21 2.2234e-13   4653.39 1 
  4645.96 2.2208e-13   4656.14 1 
  4648.70 2.2137e-13   4658.89 1 
  4651.44 2.2527e-13   4661.64 1 
  4654.19 2.2493e-13   4664.39 1 
  4656.93 2.2239e-13   4667.14 1 
  4659.68 2.2649e-13   4669.89 1 
  4662.42 2.2366e-13   4672.64 1 
  4665.16 2.2198e-13   4675.39 1 
  4667.91 2.1196e-13   4678.14 1 
  4670.65 2.0688e-13   4680.89 1 
  4673.40 2.1380e-13   4683.64 1 
  4676.14 2.1917e-13   4686.39 1 
  4678.88 2.2429e-13   4689.14 1 
  4681.63 2.2736e-13   4691.89 1 
  4684.37 2.2420e-13   4694.64 1 
  4687.12 2.2653e-13   4697.39 1 
  4689.86 2.2616e-13   4700.14 1 
  4692.60 2.2577e-13   4702.89 1 
  4695.35 2.2629e-13   4705.64 1 
  4698.09 2.2537e-13   4708.39 1 
  4700.84 2.1920e-13   4711.14 1 
  4703.58 2.1998e-13   4713.89 1 
  4706.32 2.2175e-13   4716.64 1 
  4709.07 2.2389e-13   4719.39 1 
  4711.81 2.2627e-13   4722.14 1 
  4714.56 2.2866e-13   4724.89 1 
  4717.30 2.3232e-13   4727.64 1 
  4720.04 2.2862e-13   4730.39 1 
  4722.79 2.3318e-13   4733.14 1 
  4725.53 2.3240e-13   4735.89 1 
  4728.28 2.2587e-13   4738.64 1 
  4731.02 2.2326e-13   4741.39 1 
  4733.76 2.1881e-13   4744.14 1 
  4736.51 2.2445e-13   4746.89 1 
  4739.25 2.2421e-13   4749.64 1 
  4742.00 2.2907e-13   4752.39 1 
  4744.74 2.3074e-13   4755.14 1 
  4747.48 2.2731e-13   4757.89 1 
  4750.23 2.2851e-13   4760.64 1 
  4752.97 2.3054e-13   4763.39 1 
  4755.72 2.2410e-13   4766.14 1 
  4758.46 2.2788e-13   4768.89 1 
  4761.20 2.2681e-13   4771.64 1 
  4763.95 2.2605e-13   4774.39 1 
  4766.69 2.2252e-13   4777.14 1 
  4769.44 2.2504e-13   4779.89 1 
  4772.18 2.2785e-13   4782.64 1 
  4774.92 2.2753e-13   4785.39 1 
  4777.67 2.3199e-13   4788.14 1 
  4780.41 2.2719e-13   4790.89 1 
  4783.16 2.2609e-13   4793.64 1 
  4785.90 2.2721e-13   4796.39 1 
  4788.64 2.2663e-13   4799.14 1 
  4791.39 2.2650e-13   4801.89 1 
  4794.13 2.3122e-13   4804.64 1 
  4796.88 2.3144e-13   4807.39 1 
  4799.62 2.3293e-13   4810.14 1 
  4802.36 2.3051e-13   4812.89 1 
  4805.11 2.3004e-13   4815.64 1 
  4807.85 2.3022e-13   4818.39 1 
  4810.60 2.2658e-13   4821.14 1 
  4813.34 2.3498e-13   4823.89 1 
  4816.08 2.3877e-13   4826.64 1 
  4818.83 2.3151e-13   4829.39 1 
  4821.57 2.2970e-13   4832.14 1 
  4824.32 2.3755e-13   4834.89 1 
  4827.06 2.3571e-13   4837.64 1 
  4829.80 2.3066e-13   4840.39 1 
  4832.55 2.2609e-13   4843.14 1 
  4835.29 2.2736e-13   4845.89 1 
  4838.04 2.2569e-13   4848.64 1 
  4840.78 2.2428e-13   4851.39 1 
  4843.52 2.1818e-13   4854.14 1 
  4846.27 2.2787e-13   4856.89 1 
  4849.01 2.1964e-13   4859.64 1 
  4851.76 2.1015e-13   4862.39 1 
  4854.50 2.0828e-13   4865.14 1 
  4857.24 2.0013e-13   4867.89 1 
  4859.99 2.0464e-13   4870.64 1 
  4862.73 2.0629e-13   4873.39 1 
  4865.48 2.0886e-13   4876.14 1 
  4868.22 2.0006e-13   4878.89 1 
  4870.96 1.9341e-13   4881.64 1 
  4873.71 1.9167e-13   4884.39 1 
  4876.45 1.9959e-13   4887.14 1 
  4879.19 2.0005e-13   4889.89 1 
  4881.94 2.0949e-13   4892.64 1 
  4884.68 2.1108e-13   4895.39 1 
  4887.43 2.1438e-13   4898.14 1 
  4890.17 2.0916e-13   4900.89 1 
  4892.91 2.0666e-13   4903.64 1 
  4895.66 2.1607e-13   4906.39 1 
  4898.40 2.1711e-13   4909.14 1 
  4901.15 2.1849e-13   4911.89 1 
  4903.89 2.1937e-13   4914.64 1 
  4906.63 2.1433e-13   4917.39 1 
  4909.38 2.1494e-13   4920.14 1 
  4912.12 2.1508e-13   4922.89 1 
  4914.87 2.1219e-13   4925.64 1 
  4917.61 2.1068e-13   4928.39 1 
  4920.35 2.0723e-13   4931.14 1 
  4923.10 2.0061e-13   4933.89 1 
  4925.84 2.0537e-13   4936.64 1 
  4928.59 2.1312e-13   4939.39 1 
  4931.33 2.2310e-13   4942.14 1 
  4934.07 2.1742e-13   4944.89 1 
  4936.82 2.2335e-13   4947.64 1 
  4939.56 2.1994e-13   4950.39 1 
  4942.31 2.1726e-13   4953.14 1 
  4945.05 2.1855e-13   4955.89 1 
  4947.79 2.2232e-13   4958.64 1 
  4950.54 2.2412e-13   4961.39 1 
  4953.28 2.2738e-13   4964.14 1 
  4956.03 2.2011e-13   4966.89 1 
  4958.77 2.1861e-13   4969.64 1 
  4961.51 2.1797e-13   4972.39 1 
  4964.26 2.2209e-13   4975.14 1 
  4967.00 2.1822e-13   4977.89 1 
  4969.75 2.2038e-13   4980.64 1 
  4972.49 2.1946e-13   4983.39 1 
  4975.23 2.2949e-13   4986.14 1 
  4977.98 2.2713e-13   4988.89 1 
  4980.72 2.1754e-13   4991.64 1 
  4983.47 2.1334e-13   4994.39 1 
  4986.21 2.0875e-13   4997.14 1 
  4988.95 2.1160e-13   4999.89 1 
  4991.70 2.2060e-13   5002.64 1 
  4994.44 2.1572e-13   5005.39 1 
  4997.19 2.1754e-13   5008.14 1 
  4999.93 2.1532e-13   5010.89 1 
  5002.67 2.1278e-13   5013.64 1 
  5005.42 2.1140e-13   5016.39 1 
  5008.16 2.0423e-13   5019.14 1 
  5010.91 2.0082e-13   5021.89 1 
  5013.65 1.9982e-13   5024.64 1 
  5016.39 2.0276e-13   5027.39 1 
  5019.14 2.0080e-13   5030.14 1 
  5021.88 2.0433e-13   5032.89 1 
  5024.63 2.1050e-13   5035.64 1 
  5027.37 2.0954e-13   5038.39 1 
  5030.11 2.1621e-13   5041.14 1 
  5032.86 2.1647e-13   5043.89 1 
  5035.60 2.1281e-13   5046.64 1 
  5038.35 2.1419e-13   5049.39 1 
  5041.09 2.0698e-13   5052.14 1 
  5043.83 2.1167e-13   5054.89 1 
  5046.58 2.1497e-13   5057.64 1 
  5049.32 2.1885e-13   5060.39 1 
  5052.07 2.1431e-13   5063.14 1 
  5054.81 2.0826e-13   5065.89 1 
  5057.55 2.1921e-13   5068.64 1 
  5060.30 2.2004e-13   5071.39 1 
  5063.04 2.2659e-13   5074.14 1 
  5065.79 2.2717e-13   5076.89 1 
  5068.53 2.1943e-13   5079.64 1 
  5071.27 2.1322e-13   5082.39 1 
  5074.02 2.1388e-13   5085.14 1 
  5076.76 2.1236e-13   5087.89 1 
  5079.51 2.0992e-13   5090.64 1 
  5082.25 2.1554e-13   5093.39 1 
  5084.99 2.1345e-13   5096.14 1 
  5087.74 2.0885e-13   5098.89 1 
  5090.48 2.2131e-13   5101.64 1 
  5093.23 2.2131e-13   5104.39 1 
  5095.97 2.1857e-13   5107.14 1 
  5098.71 2.1940e-13   5109.89 1 
  5101.46 2.0593e-13   5112.64 1 
  5104.20 2.1082e-13   5115.39 1 
  5106.95 2.0889e-13   5118.14 1 
  5109.69 2.0941e-13   5120.89 1 
  5112.43 2.1329e-13   5123.64 1 
  5115.18 2.1253e-13   5126.39 1 
  5117.92 2.2320e-13   5129.14 1 
  5120.67 2.2185e-13   5131.89 1 
  5123.41 2.2216e-13   5134.64 1 
  5126.15 2.1483e-13   5137.39 1 
  5128.90 2.0429e-13   5140.14 1 
  5131.64 2.0986e-13   5142.89 1 
  5134.39 2.1495e-13   5145.64 1 
  5137.13 2.1209e-13   5148.39 1 
  5139.87 2.1120e-13   5151.14 1 
  5142.62 2.1050e-13   5153.89 1 
  5145.36 2.0288e-13   5156.64 1 
  5148.11 2.1113e-13   5159.39 1 
  5150.85 2.0968e-13   5162.14 1 
  5153.59 2.0787e-13   5164.89 1 
  5156.34 2.1128e-13   5167.64 1 
  5159.08 2.1282e-13   5170.39 1 
  5161.83 2.0880e-13   5173.14 1 
  5164.57 2.0652e-13   5175.89 1 
  5167.31 1.9834e-13   5178.64 1 
  5170.06 1.8452e-13   5181.39 1 
  5172.80 1.8402e-13   5184.14 1 
  5175.55 1.8409e-13   5186.89 1 
  5178.29 1.9885e-13   5189.64 1 
  5181.03 1.9822e-13   5192.39 1 
  5183.78 1.8945e-13   5195.14 1 
  5186.52 1.8975e-13   5197.89 1 
  5189.27 1.9367e-13   5200.64 1 
  5192.01 1.9732e-13   5203.39 1 
  5194.75 1.9872e-13   5206.14 1 
  5197.50 2.0843e-13   5208.89 1 
  5200.24 2.0700e-13   5211.64 1 
  5202.99 2.0851e-13   5214.39 1 
  5205.73 2.0513e-13   5217.14 1 
  5208.47 2.0017e-13   5219.89 1 
  5211.22 2.0586e-13   5222.64 1 
  5213.96 2.1536e-13   5225.39 1 
  5216.71 2.1509e-13   5228.14 1 
  5219.45 2.1390e-13   5230.89 1 
  5222.19 2.1308e-13   5233.64 1 
  5224.94 2.0553e-13   5236.39 1 
  5227.68 2.0437e-13   5239.14 1 
  5230.43 2.0442e-13   5241.89 1 
  5233.17 2.0104e-13   5244.64 1 
  5235.91 2.1150e-13   5247.39 1 
  5238.66 2.1127e-13   5250.14 1 
  5241.40 2.1607e-13   5252.89 1 
  5244.14 2.1936e-13   5255.64 1 
  5246.89 2.1471e-13   5258.39 1 
  5249.63 2.1182e-13   5261.14 1 
  5252.38 2.0841e-13   5263.89 1 
  5255.12 2.1293e-13   5266.64 1 
  5257.86 2.1490e-13   5269.39 1 
  5260.61 2.0868e-13   5272.14 1 
  5263.35 2.1028e-13   5274.89 1 
  5266.10 1.9738e-13   5277.64 1 
  5268.84 1.8989e-13   5280.39 1 
  5271.58 1.9513e-13   5283.14 1 
  5274.33 2.0015e-13   5285.89 1 
  5277.07 2.0664e-13   5288.64 1 
  5279.82 2.0885e-13   5291.39 1 
  5282.56 2.1246e-13   5294.14 1 
  5285.30 2.1940e-13   5296.89 1 
  5288.05 2.2392e-13   5299.64 1 
  5290.79 2.2588e-13   5302.39 1 
  5293.54 2.2554e-13   5305.14 1 
  5296.28 2.2889e-13   5307.89 1 
  5299.02 2.1411e-13   5310.64 1 
  5301.77 2.1806e-13   5313.39 1 
  5304.51 2.1710e-13   5316.14 1 
  5307.26 2.2382e-13   5318.89 1 
  5310.00 2.2773e-13   5321.64 1 
  5312.74 2.2832e-13   5324.39 1 
  5315.49 2.2537e-13   5327.14 1 
  5318.23 2.2473e-13   5329.89 1 
  5320.98 2.2223e-13   5332.64 1 
  5323.72 2.1958e-13   5335.39 1 
  5326.46 2.1747e-13   5338.14 1 
  5329.21 2.0649e-13   5340.89 1 
  5331.95 2.1046e-13   5343.64 1 
  5334.70 2.1105e-13   5346.39 1 
  5337.44 2.1611e-13   5349.14 1 
  5340.18 2.2088e-13   5351.89 1 
  5342.93 2.2036e-13   5354.64 1 
  5345.67 2.1740e-13   5357.39 1 
  5348.42 2.1763e-13   5360.14 1 
  5351.16 2.2505e-13   5362.89 1 
  5353.90 2.2116e-13   5365.64 1 
  5356.65 2.2976e-13   5368.39 1 
  5359.39 2.3285e-13   5371.14 1 
  5362.14 2.2973e-13   5373.89 1 
  5364.88 2.2980e-13   5376.64 1 
  5367.62 2.2213e-13   5379.39 1 
  5370.37 2.1712e-13   5382.14 1 
  5373.11 2.1487e-13   5384.89 1 
  5375.86 2.1954e-13   5387.64 1 
  5378.60 2.2721e-13   5390.39 1 
  5381.34 2.1829e-13   5393.14 1 
  5384.09 2.1697e-13   5395.89 1 
  5386.83 2.2098e-13   5398.64 1 
  5389.58 2.1930e-13   5401.39 1 
  5392.32 2.2408e-13   5404.14 1 
  5395.06 2.1870e-13   5406.89 1 
  5397.81 2.1608e-13   5409.64 1 
  5400.55 2.1484e-13   5412.39 1 
  5403.30 2.1691e-13   5415.14 1 
  5406.04 2.1149e-13   5417.89 1 
  5408.78 2.1002e-13   5420.64 1 
  5411.53 2.1294e-13   5423.39 1 
  5414.27 2.1462e-13   5426.14 1 
  5417.02 2.1936e-13   5428.89 1 
  5419.76 2.2449e-13   5431.64 1 
  5422.50 2.2019e-13   5434.39 1 
  5425.25 2.1705e-13   5437.14 1 
  5427.99 2.1575e-13   5439.89 1 
  5430.74 2.1401e-13   5442.64 1 
  5433.48 2.1497e-13   5445.39 1 
  5436.22 2.1833e-13   5448.14 1 
  5438.97 2.1657e-13   5450.89 1 
  5441.71 2.2066e-13   5453.64 1 
  5444.46 2.1903e-13   5456.39 1 
  5447.20 2.1940e-13   5459.14 1 
  5449.94 2.1975e-13   5461.89 1 
  5452.69 2.1356e-13   5464.64 1 
  5455.43 2.1453e-13   5467.39 1 
  5458.18 2.1430e-13   5470.14 1 
  5460.92 2.1508e-13   5472.89 1 
  5463.66 2.2200e-13   5475.64 1 
  5466.41 2.2180e-13   5478.39 1 
  5469.15 2.2001e-13   5481.14 1 
  5471.90 2.2077e-13   5483.89 1 
  5474.64 2.1492e-13   5486.64 1 
  5477.38 2.1242e-13   5489.39 1 
  5480.13 2.1327e-13   5492.14 1 
  5482.87 2.1116e-13   5494.89 1 
  5485.62 2.0789e-13   5497.64 1 
  5488.36 2.1750e-13   5500.39 1 
  5491.10 2.2173e-13   5503.14 1 
  5493.85 2.1712e-13   5505.89 1 
  5496.59 2.2161e-13   5508.64 1 
  5499.34 2.1660e-13   5511.39 1 
  5502.08 2.1845e-13   5514.14 1 
  5504.82 2.1861e-13   5516.89 1 
  5507.57 2.1433e-13   5519.64 1 
  5510.31 2.1662e-13   5522.39 1 
  5513.06 2.1392e-13   5525.14 1 
  5515.80 2.1752e-13   5527.89 1 
  5518.54 2.1822e-13   5530.64 1 
  5521.29 2.1767e-13   5533.39 1 
  5524.03 2.2109e-13   5536.14 1 
  5526.78 2.1848e-13   5538.89 1 
  5529.52 2.1661e-13   5541.64 1 
  5532.26 2.1594e-13   5544.39 1 
  5535.01 2.1550e-13   5547.14 1 
  5537.75 2.1082e-13   5549.89 1 
  5540.50 2.1740e-13   5552.64 1 
  5543.24 2.2111e-13   5555.39 1 
  5545.98 2.1585e-13   5558.14 1 
  5548.73 2.2666e-13   5560.89 1 
  5551.47 2.2188e-13   5563.64 1 
  5554.22 2.2320e-13   5566.39 1 
  5556.96 2.2472e-13   5569.14 1 
  5559.70 2.2208e-13   5571.89 1 
  5562.45 2.1687e-13   5574.64 1 
  5565.19 2.2589e-13   5577.39 1 
  5567.94 2.1830e-13   5580.14 1 
  5570.68 2.1176e-13   5582.89 1 
  5573.42 2.2217e-13   5585.64 1 
  5576.17 2.1658e-13   5588.39 1 
  5578.91 2.1762e-13   5591.14 1 
  5581.66 2.1918e-13   5593.89 1 
  5584.40 2.1335e-13   5596.64 1 
  5587.14 2.0544e-13   5599.39 1 
  5589.89 2.1268e-13   5602.14 1 
  5592.63 2.0744e-13   5604.89 1 
  5595.38 2.1004e-13   5607.64 1 
  5598.12 2.1305e-13   5610.39 1 
  5600.86 2.1414e-13   5613.14 1 
  5603.61 2.1639e-13   5615.89 1 
  5606.35 2.1803e-13   5618.64 1 
  5609.10 2.2286e-13   5621.39 1 
  5611.84 2.2348e-13   5624.14 1 
  5614.58 2.2102e-13   5626.89 1 
  5617.33 2.1623e-13   5629.64 1 
  5620.07 2.1343e-13   5632.39 1 
  5622.81 2.1231e-13   5635.14 1 
  5625.56 2.1809e-13   5637.89 1 
  5628.30 2.2064e-13   5640.64 1 
  5631.05 2.1799e-13   5643.39 1 
  5633.79 2.1839e-13   5646.14 1 
  5636.53 2.2089e-13   5648.89 1 
  5639.28 2.1867e-13   5651.64 1 
  5642.02 2.1721e-13   5654.39 1 
  5644.77 2.1513e-13   5657.14 1 
  5647.51 2.1934e-13   5659.89 1 
  5650.25 2.2469e-13   5662.64 1 
  5653.00 2.2113e-13   5665.39 1 
  5655.74 2.1635e-13   5668.14 1 
  5658.49 2.1159e-13   5670.89 1 
  5661.23 2.1489e-13   5673.64 1 
  5663.97 2.1298e-13   5676.39 1 
  5666.72 2.1571e-13   5679.14 1 
  5669.46 2.1959e-13   5681.89 1 
  5672.21 2.1838e-13   5684.64 1 
  5674.95 2.2341e-13   5687.39 1 
  5677.69 2.2772e-13   5690.14 1 
  5680.44 2.2880e-13   5692.89 1 
  5683.18 2.2386e-13   5695.64 1 
  5685.93 2.1551e-13   5698.39 1 
  5688.67 2.0823e-13   5701.14 1 
  5691.41 2.1312e-13   5703.89 1 
  5694.16 2.1723e-13   5706.64 1 
  5696.90 2.2093e-13   5709.39 1 
  5699.65 2.2208e-13   5712.14 1 
  5702.39 2.1696e-13   5714.89 1 
  5705.13 2.1495e-13   5717.64 1 
  5707.88 2.1432e-13   5720.39 1 
  5710.62 2.1179e-13   5723.14 1 
  5713.37 2.0876e-13   5725.89 1 
  5716.11 2.1081e-13   5728.64 1 
  5718.85 2.1627e-13   5731.39 1 
  5721.60 2.1816e-13   5734.14 1 
  5724.34 2.2233e-13   5736.89 1 
  5727.09 2.2367e-13   5739.64 1 
  5729.83 2.1982e-13   5742.39 1 
  5732.57 2.2133e-13   5745.14 1 
  5735.32 2.2270e-13   5747.89 1 
  5738.06 2.1927e-13   5750.64 1 
  5740.81 2.2025e-13   5753.39 1 
  5743.55 2.2505e-13   5756.14 1 
  5746.29 2.3008e-13   5758.89 1 
  5749.04 2.2664e-13   5761.64 1 
  5751.78 2.2284e-13   5764.39 1 
  5754.53 2.1874e-13   5767.14 1 
  5757.27 2.1831e-13   5769.89 1 
  5760.01 2.1872e-13   5772.64 1 
  5762.76 2.1482e-13   5775.39 1 
  5765.50 2.1598e-13   5778.14 1 
  5768.25 2.1904e-13   5780.89 1 
  5770.99 2.2279e-13   5783.64 1 
  5773.73 2.1993e-13   5786.39 1 
  5776.48 2.1955e-13   5789.14 1 
  5779.22 2.1690e-13   5791.89 1 
  5781.97 2.1561e-13   5794.64 1 
  5784.71 2.0900e-13   5797.39 1 
  5787.45 2.0886e-13   5800.14 1 
  5790.20 2.1508e-13   5802.89 1 
  5792.94 2.1895e-13   5805.64 1 
  5795.69 2.1956e-13   5808.39 1 
  5798.43 2.2286e-13   5811.14 1 
  5801.17 2.2194e-13   5813.89 1 
  5803.92 2.1636e-13   5816.64 1 
  5806.66 2.2152e-13   5819.39 1 
  5809.41 2.1815e-13   5822.14 1 
  5812.15 2.1801e-13   5824.89 1 
  5814.89 2.1977e-13   5827.64 1 
  5817.64 2.2030e-13   5830.39 1 
  5820.38 2.1925e-13   5833.14 1 
  5823.13 2.1298e-13   5835.89 1 
  5825.87 2.2128e-13   5838.64 1 
  5828.61 2.2049e-13   5841.39 1 
  5831.36 2.2296e-13   5844.14 1 
  5834.10 2.1969e-13   5846.89 1 
  5836.85 2.2420e-13   5849.64 1 
  5839.59 2.2360e-13   5852.39 1 
  5842.33 2.1666e-13   5855.14 1 
  5845.08 2.2234e-13   5857.89 1 
  5847.82 2.2439e-13   5860.64 1 
  5850.57 2.2104e-13   5863.39 1 
  5853.31 2.1676e-13   5866.14 1 
  5856.05 2.0857e-13   5868.89 1 
  5858.80 2.1064e-13   5871.64 1 
  5861.54 2.0898e-13   5874.39 1 
  5864.29 2.1707e-13   5877.14 1 
  5867.03 2.1738e-13   5879.89 1 
  5869.77 2.2108e-13   5882.64 1 
  5872.52 2.1503e-13   5885.39 1 
  5875.26 2.2068e-13   5888.14 1 
  5878.01 2.1768e-13   5890.89 1 
  5880.75 1.7882e-13   5893.64 1 
  5883.49 2.0199e-13   5896.39 1 
  5886.24 1.9121e-13   5899.14 1 
  5888.98 1.8869e-13   5901.89 1 
  5891.73 1.9410e-13   5904.64 1 
  5894.47 1.9613e-13   5907.39 1 
  5897.21 1.9231e-13   5910.14 1 
  5899.96 2.0307e-13   5912.89 1 
  5902.70 2.0422e-13   5915.64 1 
  5905.45 2.1865e-13   5918.39 1 
  5908.19 2.1299e-13   5921.14 1 
  5910.93 2.1445e-13   5923.89 1 
  5913.68 2.0512e-13   5926.64 1 
  5916.42 2.1303e-13   5929.39 1 
  5919.17 2.0523e-13   5932.14 1 
  5921.91 2.0915e-13   5934.89 1 
  5924.65 2.1326e-13   5937.64 1 
  5927.40 2.1463e-13   5940.39 1 
  5930.14 2.0867e-13   5943.14 1 
  5932.89 2.1353e-13   5945.89 1 
  5935.63 2.0907e-13   5948.64 1 
  5938.37 2.1191e-13   5951.39 1 
  5941.12 2.1082e-13   5954.14 1 
  5943.86 2.0708e-13   5956.89 1 
  5946.61 2.1348e-13   5959.64 1 
  5949.35 2.1215e-13   5962.39 1 
  5952.09 2.1111e-13   5965.14 1 
  5954.84 2.1479e-13   5967.89 1 
  5957.58 2.1460e-13   5970.64 1 
  5960.33 2.1627e-13   5973.39 1 
  5963.07 2.1898e-13   5976.14 1 
  5965.81 2.1658e-13   5978.89 1 
  5968.56 2.1592e-13   5981.64 1 
  5971.30 2.1140e-13   5984.39 1 
  5974.05 2.1514e-13   5987.14 1 
  5976.79 2.1066e-13   5989.89 1 
  5979.53 2.1352e-13   5992.64 1 
  5982.28 2.1478e-13   5995.39 1 
  5985.02 2.1092e-13   5998.14 1 
  5987.76 2.1149e-13   6000.89 1 
  5990.51 2.1076e-13   6003.64 1 
  5993.25 2.1453e-13   6006.39 1 
  5996.00 2.1367e-13   6009.14 1 
  5998.74 2.1543e-13   6011.89 1 
  6001.48 2.1368e-13   6014.64 1 
  6004.23 2.1376e-13   6017.39 1 
  6006.97 2.1228e-13   6020.14 1 
  6009.72 2.0490e-13   6022.89 1 
  6012.46 2.0808e-13   6025.64 1 
  6015.20 2.1015e-13   6028.39 1 
  6017.95 2.1013e-13   6031.14 1 
  6020.69 2.1262e-13   6033.89 1 
  6023.44 2.0926e-13   6036.64 1 
  6026.18 2.0529e-13   6039.39 1 
  6028.92 2.1280e-13   6042.14 1 
  6031.67 2.1372e-13   6044.89 1 
  6034.41 2.1216e-13   6047.64 1 
  6037.16 2.1071e-13   6050.39 1 
  6039.90 2.1561e-13   6053.14 1 
  6042.64 2.1754e-13   6055.89 1 
  6045.39 2.1633e-13   6058.64 1 
  6048.13 2.1570e-13   6061.39 1 
  6050.88 2.1791e-13   6064.14 1 
  6053.62 2.1928e-13   6066.89 1 
  6056.36 2.1818e-13   6069.64 1 
  6059.11 2.1989e-13   6072.39 1 
  6061.85 2.2257e-13   6075.14 1 
  6064.60 2.2315e-13   6077.89 1 
  6067.34 2.1646e-13   6080.64 1 
  6070.08 2.1739e-13   6083.39 1 
  6072.83 2.1933e-13   6086.14 1 
  6075.57 2.1623e-13   6088.89 1 
  6078.32 2.1204e-13   6091.64 1 
  6081.06 2.1389e-13   6094.39 1 
  6083.80 2.1498e-13   6097.14 1 
  6086.55 2.1149e-13   6099.89 1 
  6089.29 2.0831e-13   6102.64 1 
  6092.04 2.0762e-13   6105.39 1 
  6094.78 2.0909e-13   6108.14 1 
  6097.52 2.1275e-13   6110.89 1 
  6100.27 2.1400e-13   6113.64 1 
  6103.01 2.1114e-13   6116.39 1 
  6105.76 2.0674e-13   6119.14 1 
  6108.50 2.0877e-13   6121.89 1 
  6111.24 2.0871e-13   6124.64 1 
  6113.99 2.0959e-13   6127.39 1 
  6116.73 2.1260e-13   6130.14 1 
  6119.48 2.1965e-13   6132.89 1 
  6122.22 2.1192e-13   6135.64 1 
  6124.96 2.0586e-13   6138.39 1 
  6127.71 2.0940e-13   6141.14 1 
  6130.45 2.1184e-13   6143.89 1 
  6133.20 2.1253e-13   6146.64 1 
  6135.94 2.0691e-13   6149.39 1 
  6138.68 2.0996e-13   6152.14 1 
  6141.43 2.0266e-13   6154.89 1 
  6144.17 2.1117e-13   6157.64 1 
  6146.92 2.1405e-13   6160.39 1 
  6149.66 2.1277e-13   6163.14 1 
  6152.40 2.0652e-13   6165.89 1 
  6155.15 2.1044e-13   6168.64 1 
  6157.89 2.0753e-13   6171.39 1 
  6160.64 2.0256e-13   6174.14 1 
  6163.38 2.0136e-13   6176.89 1 
  6166.12 1.9667e-13   6179.64 1 
  6168.87 2.0186e-13   6182.39 1 
  6171.61 2.0488e-13   6185.14 1 
  6174.36 2.0631e-13   6187.89 1 
  6177.10 2.0199e-13   6190.64 1 
  6179.84 1.9974e-13   6193.39 1 
  6182.59 2.0832e-13   6196.14 1 
  6185.33 2.0737e-13   6198.89 1 
  6188.08 2.0270e-13   6201.64 1 
  6190.82 1.9802e-13   6204.39 1 
  6193.56 2.0530e-13   6207.14 1 
  6196.31 2.0299e-13   6209.89 1 
  6199.05 2.0465e-13   6212.64 1 
  6201.80 1.9852e-13   6215.39 1 
  6204.54 2.0053e-13   6218.14 1 
  6207.28 2.0587e-13   6220.89 1 
  6210.03 2.0920e-13   6223.64 1 
  6212.77 2.0007e-13   6226.39 1 
  6215.52 2.0255e-13   6229.14 1 
  6218.26 1.9728e-13   6231.89 1 
  6221.00 1.9687e-13   6234.64 1 
  6223.75 1.9500e-13   6237.39 1 
  6226.49 1.8984e-13   6240.14 1 
  6229.24 1.9100e-13   6242.89 1 
  6231.98 2.0084e-13   6245.64 1 
  6234.72 1.9702e-13   6248.39 1 
  6237.47 1.9891e-13   6251.14 1 
  6240.21 2.0436e-13   6253.89 1 
  6242.96 2.0007e-13   6256.64 1 
  6245.70 1.9724e-13   6259.39 1 
  6248.44 1.9077e-13   6262.14 1 
  6251.19 1.9402e-13   6264.89 1 
  6253.93 1.9730e-13   6267.64 1 
  6256.68 1.9949e-13   6270.39 1 
  6259.42 1.9307e-13   6273.14 1 
  6262.16 1.9755e-13   6275.89 1 
  6264.91 2.0828e-13   6278.64 1 
  6267.65 2.0966e-13   6281.39 1 
  6270.40 2.0074e-13   6284.14 1 
  6273.14 2.0345e-13   6286.89 1 
  6275.88 2.1143e-13   6289.64 1 
  6278.63 2.0923e-13   6292.39 1 
  6281.37 2.0372e-13   6295.14 1 
  6284.12 2.0076e-13   6297.89 1 
  6286.86 2.6132e-13   6300.64 1 
  6289.60 2.3282e-13   6303.39 1 
  6292.35 2.0823e-13   6306.14 1 
  6295.09 1.6655e-13   6308.89 1 
  6297.84 1.8839e-13   6311.64 1 
  6300.58 1.9808e-13   6314.39 1 
  6303.32 1.9675e-13   6317.14 1 
  6306.07 2.0183e-13   6319.89 1 
  6308.81 2.0693e-13   6322.64 1 
  6311.56 2.0320e-13   6325.39 1 
  6314.30 2.0207e-13   6328.14 1 
  6317.04 1.9979e-13   6330.89 1 
  6319.79 2.0066e-13   6333.64 1 
  6322.53 1.9381e-13   6336.39 1 
  6325.28 1.9145e-13   6339.14 1 
  6328.02 2.1748e-13   6341.89 1 
  6330.76 1.9818e-13   6344.64 1 
  6333.51 2.0543e-13   6347.39 1 
  6336.25 1.9861e-13   6350.14 1 
  6339.00 2.1184e-13   6352.89 1 
  6341.74 2.0811e-13   6355.64 1 
  6344.48 2.0719e-13   6358.39 1 
  6347.23 2.0566e-13   6361.14 1 
  6349.97 2.1030e-13   6363.89 1 
  6352.71 2.0824e-13   6366.64 1 
  6355.46 2.0278e-13   6369.39 1 
  6358.20 2.0452e-13   6372.14 1 
  6360.95 2.0339e-13   6374.89 1 
  6363.69 2.0211e-13   6377.64 1 
  6366.43 1.9795e-13   6380.39 1 
  6369.18 2.0355e-13   6383.14 1 
  6371.92 2.0678e-13   6385.89 1 
  6374.67 2.0554e-13   6388.64 1 
  6377.41 2.0640e-13   6391.39 1 
  6380.15 2.0931e-13   6394.14 1 
  6382.90 2.1122e-13   6396.89 1 
  6385.64 2.0607e-13   6399.64 1 
  6388.39 2.0431e-13   6402.39 1 
  6391.13 1.9932e-13   6405.14 1 
  6393.87 2.0279e-13   6407.89 1 
  6396.62 2.0132e-13   6410.64 1 
  6399.36 2.0698e-13   6413.39 1 
  6402.11 2.0994e-13   6416.14 1 
  6404.85 2.0603e-13   6418.89 1 
  6407.59 2.0841e-13   6421.64 1 
  6410.34 2.0972e-13   6424.39 1 
  6413.08 2.1080e-13   6427.14 1 
  6415.83 2.1077e-13   6429.89 1 
  6418.57 2.0484e-13   6432.64 1 
  6421.31 2.0509e-13   6435.39 1 
  6424.06 2.0866e-13   6438.14 1 
  6426.80 2.0929e-13   6440.89 1 
  6429.55 2.0684e-13   6443.64 1 
  6432.29 2.0310e-13   6446.39 1 
  6435.03 2.0640e-13   6449.14 1 
  6437.78 2.0461e-13   6451.89 1 
  6440.52 2.0791e-13   6454.64 1 
  6443.27 1.9814e-13   6457.39 1 
  6446.01 1.9885e-13   6460.14 1 
  6448.75 2.0804e-13   6462.89 1 
  6451.50 2.0046e-13   6465.64 1 
  6454.24 1.9683e-13   6468.39 1 
  6456.99 1.9798e-13   6471.14 1 
  6459.73 2.0371e-13   6473.89 1 
  6462.47 2.0400e-13   6476.64 1 
  6465.22 2.0739e-13   6479.39 1 
  6467.96 2.0639e-13   6482.14 1 
  6470.71 2.1155e-13   6484.89 1 
  6473.45 2.0593e-13   6487.64 1 
  6476.19 2.0621e-13   6490.39 1 
  6478.94 2.0387e-13   6493.14 1 
  6481.68 2.0957e-13   6495.89 1 
  6484.43 2.0627e-13   6498.64 1 
  6487.17 2.0721e-13   6501.39 1 
  6489.91 2.1235e-13   6504.14 1 
  6492.66 1.9724e-13   6506.89 1 
  6495.40 1.9638e-13   6509.64 1 
  6498.15 1.9733e-13   6512.39 1 
  6500.89 2.0063e-13   6515.14 1 
  6503.63 1.9946e-13   6517.89 1 
  6506.38 1.9879e-13   6520.64 1 
  6509.12 2.0684e-13   6523.39 1 
  6511.87 2.1029e-13   6526.14 1 
  6514.61 2.0933e-13   6528.89 1 
  6517.35 2.0752e-13   6531.64 1 
  6520.10 2.1090e-13   6534.39 1 
  6522.84 2.1180e-13   6537.14 1 
  6525.59 2.1157e-13   6539.89 1 
  6528.33 2.1217e-13   6542.64 1 
  6531.07 2.1167e-13   6545.39 1 
  6533.82 2.1084e-13   6548.14 1 
  6536.56 2.0474e-13   6550.89 1 
  6539.31 2.1164e-13   6553.64 1 
  6542.05 2.1100e-13   6556.39 1 
  6544.79 2.1153e-13   6559.14 1 
  6547.54 2.1351e-13   6561.89 1 
  6550.28 2.2210e-13   6564.64 1 
  6553.03 2.2169e-13   6567.39 1 
  6555.77 2.0705e-13   6570.14 1 
  6558.51 2.1011e-13   6572.89 1 
  6561.26 2.5603e-13   6575.64 1 
  6564.00 2.9880e-13   6578.39 1 
  6566.75 2.7787e-13   6581.14 1 
  6569.49 2.2169e-13   6583.89 1 
  6572.23 1.9760e-13   6586.64 1 
  6574.98 1.9622e-13   6589.39 1 
  6577.72 1.9675e-13   6592.14 1 
  6580.47 2.1761e-13   6594.89 1 
  6583.21 2.4291e-13   6597.64 1 
  6585.95 2.5701e-13   6600.39 1 
  6588.70 2.3872e-13   6603.14 1 
  6591.44 2.1183e-13   6605.89 1 
  6594.19 1.9390e-13   6608.64 1 
  6596.93 1.8830e-13   6611.39 1 
  6599.67 1.9791e-13   6614.14 1 
  6602.42 1.9785e-13   6616.89 1 
  6605.16 2.0075e-13   6619.64 1 
  6607.91 1.9409e-13   6622.39 1 
  6610.65 1.9561e-13   6625.14 1 
  6613.39 2.0024e-13   6627.89 1 
  6616.14 2.1013e-13   6630.64 1 
  6618.88 2.1081e-13   6633.39 1 
  6621.63 2.0149e-13   6636.14 1 
  6624.37 2.0533e-13   6638.89 1 
  6627.11 2.0435e-13   6641.64 1 
  6629.86 2.0040e-13   6644.39 1 
  6632.60 2.0194e-13   6647.14 1 
  6635.35 2.0697e-13   6649.89 1 
  6638.09 2.0822e-13   6652.64 1 
  6640.83 2.0925e-13   6655.39 1 
  6643.58 2.0343e-13   6658.14 1 
  6646.32 2.0501e-13   6660.89 1 
  6649.07 2.0835e-13   6663.64 1 
  6651.81 2.0552e-13   6666.39 1 
  6654.55 2.0618e-13   6669.14 1 
  6657.30 2.0551e-13   6671.89 1 
  6660.04 2.0431e-13   6674.64 1 
  6662.79 2.0746e-13   6677.39 1 
  6665.53 1.9810e-13   6680.14 1 
  6668.27 1.9927e-13   6682.89 1 
  6671.02 2.0719e-13   6685.64 1 
  6673.76 2.0293e-13   6688.39 1 
  6676.51 2.0628e-13   6691.14 1 
  6679.25 2.0301e-13   6693.89 1 
  6681.99 2.0159e-13   6696.64 1 
  6684.74 2.0080e-13   6699.39 1 
  6687.48 2.0099e-13   6702.14 1 
  6690.23 2.0535e-13   6704.89 1 
  6692.97 2.0032e-13   6707.64 1 
  6695.71 1.9885e-13   6710.39 1 
  6698.46 1.9611e-13   6713.14 1 
  6701.20 2.0039e-13   6715.89 1 
  6703.95 1.9853e-13   6718.64 1 
  6706.69 1.9958e-13   6721.39 1 
  6709.43 1.9898e-13   6724.14 1 
  6712.18 1.9948e-13   6726.89 1 
  6714.92 2.0983e-13   6729.64 1 
  6717.67 2.2339e-13   6732.39 1 
  6720.41 2.1960e-13   6735.14 1 
  6723.15 2.0632e-13   6737.89 1 
  6725.90 2.0485e-13   6740.64 1 
  6728.64 2.0446e-13   6743.39 1 
  6731.38 2.1490e-13   6746.14 1 
  6734.13 2.1260e-13   6748.89 1 
  6736.87 2.0275e-13   6751.64 1 
  6739.62 1.9799e-13   6754.39 1 
  6742.36 1.9760e-13   6757.14 1 
  6745.10 1.9523e-13   6759.89 1 
  6747.85 1.9922e-13   6762.64 1 
  6750.59 2.0144e-13   6765.39 1 
  6753.34 1.9861e-13   6768.14 1 
  6756.08 1.9794e-13   6770.89 1 
  6758.82 1.9394e-13   6773.64 1 
  6761.57 1.9684e-13   6776.39 1 
  6764.31 2.0243e-13   6779.14 1 
  6767.06 1.9722e-13   6781.89 1 
  6769.80 1.9529e-13   6784.64 1 
  6772.54 1.9409e-13   6787.39 1 
  6775.29 1.9200e-13   6790.14 1 
  6778.03 1.9644e-13   6792.89 1 
  6780.78 1.9549e-13   6795.64 1 
  6783.52 1.9854e-13   6798.39 1 
  6786.26 1.9025e-13   6801.14 1 
  6789.01 1.9105e-13   6803.89 1 
  6791.75 1.9339e-13   6806.64 1 
  6794.50 2.0235e-13   6809.39 1 
  6797.24 1.9976e-13   6812.14 1 
  6799.98 1.9722e-13   6814.89 1 
  6802.73 1.9700e-13   6817.64 1 
  6805.47 1.9697e-13   6820.39 1 
  6808.22 2.0223e-13   6823.14 1 
  6810.96 1.9917e-13   6825.89 1 
  6813.70 2.1144e-13   6828.64 1 
  6824.16 1.9721e-13   6839.12 0 
  6839.89 1.9716e-13   6854.88 0 
  6855.66 1.9529e-13   6870.68 0 
  6871.46 1.8992e-13   6886.52 0 
  6887.30 1.9429e-13   6902.40 0 
  6903.18 1.9379e-13   6918.31 0 
  6919.09 1.9418e-13   6934.26 0 
  6935.04 1.9323e-13   6950.24 0 
  6951.03 1.9722e-13   6966.26 0 
  6967.05 1.9536e-13   6982.33 0 
  6983.11 1.9130e-13   6998.42 0 
  6999.21 1.9524e-13   7014.55 0 
  7015.34 1.9384e-13   7030.72 0 
  7031.52 1.9157e-13   7046.93 0 
  7047.73 1.9825e-13   7063.18 0 
  7063.97 1.9457e-13   7079.46 0 
  7080.26 1.9451e-13   7095.78 0 
  7096.58 1.8872e-13   7112.14 0 
  7112.94 1.8954e-13   7128.53 0 
  7129.34 1.8818e-13   7144.96 0 
  7145.77 1.8726e-13   7161.43 0 
  7162.24 1.8763e-13   7177.94 0 
  7178.76 1.8416e-13   7194.49 0 
  7195.30 1.7703e-13   7211.08 0 
  7211.89 1.7986e-13   7227.70 0 
  7228.51 1.8569e-13   7244.36 0 
  7245.18 1.8607e-13   7261.06 0 
  7261.88 1.8644e-13   7277.80 0 
  7278.62 1.8724e-13   7294.57 0 
  7295.40 1.8167e-13   7311.39 0 
  7312.22 1.8930e-13   7328.25 0 
  7329.07 1.9187e-13   7345.14 0 
  7345.97 1.9493e-13   7362.07 0 
  7362.90 1.8739e-13   7379.04 0 
  7379.88 1.9347e-13   7396.05 0 
  7396.89 1.8771e-13   7413.10 0 
  7413.94 1.9114e-13   7430.19 0 
  7431.03 1.8673e-13   7447.32 0 
  7448.16 1.8971e-13   7464.49 0 
  7465.33 1.9317e-13   7481.70 0 
  7482.54 1.9134e-13   7498.94 0 
  7499.79 1.8823e-13   7516.23 0 
  7517.08 1.8860e-13   7533.56 0 
  7534.41 1.9161e-13   7550.92 0 
  7551.77 1.9287e-13   7568.33 0 
  7569.19 1.9149e-13   7585.78 0 
  7586.63 1.9187e-13   7603.26 0 
  7604.12 1.8744e-13   7620.79 0 
  7621.65 1.8652e-13   7638.36 0 
  7639.22 1.8264e-13   7655.97 0 
  7656.83 1.8555e-13   7673.61 0 
  7674.48 1.6342e-13   7691.30 0 
  7692.17 1.7955e-13   7709.04 0 
  7709.91 1.6789e-13   7726.81 0 
  7727.68 1.7819e-13   7744.62 0 
  7745.50 1.8062e-13   7762.47 0 
  7763.35 1.7767e-13   7780.37 0 
  7781.24 1.7158e-13   7798.30 0 
  7799.18 1.7674e-13   7816.28 0 
  7817.16 1.7709e-13   7834.30 0 
  7835.18 1.7949e-13   7852.36 0 
  7853.24 1.7985e-13   7870.46 0 
  7871.35 1.7896e-13   7888.60 0 
  7889.49 1.7808e-13   7906.79 0 
  7907.68 1.7721e-13   7925.01 0 
  7925.91 1.7192e-13   7943.28 0 
  7944.18 1.7266e-13   7961.59 0 
  7962.49 1.7460e-13   7979.95 0 
  7980.85 1.7616e-13   7998.34 0 
  7999.25 1.7610e-13   8016.78 0 
  8017.69 1.7523e-13   8035.26 0 
  8036.17 1.7158e-13   8053.78 0 
  8054.70 1.7311e-13   8072.35 0 
  8073.26 1.7831e-13   8090.96 0 
  8091.87 1.7459e-13   8109.61 0 
  8110.53 1.7737e-13   8128.31 0 
  8129.22 1.7649e-13   8147.04 0 
  8147.96 1.7643e-13   8165.82 0 
  8166.75 1.7556e-13   8184.65 0 
  8185.57 1.6838e-13   8203.52 0 
  8204.44 1.5672e-13   8222.43 0 
  8223.35 1.7258e-13   8241.38 0 
  8242.31 1.6820e-13   8260.38 0 
  8261.31 1.7688e-13   8279.42 0 
  8280.36 1.7480e-13   8298.51 0 
  8299.45 1.6880e-13   8317.64 0 
  8318.58 1.6913e-13   8336.81 0 
  8337.75 1.6675e-13   8356.03 0 
  8356.98 1.6824e-13   8375.29 0 
  8376.24 1.7013e-13   8394.60 0 
  8395.55 1.6316e-13   8413.95 0 
  8414.90 1.7040e-13   8433.35 0 
  8434.30 1.6646e-13   8452.79 0 
  8453.74 1.6299e-13   8472.27 0 
  8473.23 1.6482e-13   8491.80 0 
  8492.77 1.6743e-13   8511.38 0 
  8512.34 1.5947e-13   8531.00 0 
  8531.96 1.6578e-13   8550.67 0 
  8551.63 1.0974e-13   8570.38 0 
  8571.35 1.6490e-13   8590.14 0 
  8591.10 1.6220e-13   8609.94 0 
  8610.91 1.6177e-13   8629.79 0 
  8630.76 1.6097e-13   8649.68 0 
  8650.66 1.6277e-13   8669.62 0 
  8670.60 1.1599e-13   8689.60 0 
  8690.59 1.5677e-13   8709.64 0 
  8710.62 1.5744e-13   8729.71 0 
  8730.70 1.6104e-13   8749.84 0 
  8750.83 1.5624e-13   8770.01 0 
  8771.00 1.5982e-13   8790.23 0 
  8791.22 1.6013e-13   8810.49 0 
  8811.49 1.5823e-13   8830.80 0 
  8831.80 1.5672e-13   8851.16 0 
  8852.16 1.5811e-13   8871.56 0 
  8872.56 1.4481e-13   8892.01 0 
  8893.02 1.5369e-13   8912.51 0 
  8913.52 1.5577e-13   8933.05 0 
  8934.06 1.5464e-13   8953.65 0 
  8954.66 1.5106e-13   8974.29 0 
  8975.30 1.4554e-13   8994.98 0 
  8995.99 1.4087e-13   9015.71 0 
  9016.73 1.4576e-13   9036.50 0 
  9037.52 1.5048e-13   9057.33 0 
  9058.35 1.6193e-13   9078.20 0 
  9079.23 1.4762e-13   9099.13 0 
  9100.16 1.4655e-13   9120.11 0 
  9121.14 1.5517e-13   9141.13 0 
  9142.16 1.4543e-13   9162.20 0 
  9163.24 1.3473e-13   9183.33 0 
  9184.36 1.3222e-13   9204.50 0 
  9205.53 1.4559e-13   9225.71 0 
  9226.76 1.4189e-13   9246.98 0 
  9248.03 1.4381e-13   9268.30 0 
  9269.34 1.4609e-13   9289.66 0 
  9290.72 1.4738e-13   9311.08 0 
  9312.13 1.4937e-13   9332.54 0 
  9333.60 1.4931e-13   9354.06 0 
  9355.11 1.4857e-13   9375.62 0 
  9376.68 1.4715e-13   9397.23 0 
  9398.29 1.4777e-13   9418.90 0 
  9419.96 1.4568e-13   9440.61 0 
  9441.68 1.4596e-13   9462.37 0 
  9463.44 1.4623e-13   9484.18 0 
  9485.25 1.4584e-13   9506.05 0 
  9507.12 1.4411e-13   9527.96 0 
  9529.04 1.4306e-13   9549.93 0 
  9551.00 1.3751e-13   9571.94 0 
  9573.02 1.4196e-13   9594.01 0 
  9595.09 1.4321e-13   9616.12 0 
  9617.21 1.4217e-13   9638.29 0 
  9639.38 1.4178e-13   9660.51 0 
  9661.60 1.4042e-13   9682.78 0 
  9683.87 1.4069e-13   9705.10 0 
  9706.19 1.3966e-13   9727.47 0 
  9728.57 1.3896e-13   9749.90 0 
  9751.00 1.3826e-13   9772.37 0 
  9773.47 1.3820e-13   9794.90 0 
  9796.01 1.3688e-13   9817.48 0 
  9818.59 1.3777e-13   9840.11 0 
  9841.22 1.3708e-13   9862.79 0 
  9863.91 1.3576e-13   9885.53 0 
  9886.65 1.3539e-13   9908.32 0 
  9909.44 1.3471e-13   9931.16 0 
  9932.28 1.3466e-13   9954.05 0 
  9955.18 1.3429e-13   9977.00 0 
  9978.13 1.3361e-13  10000.00 0 
 10001.13 1.3294e-13  10023.05 0 
 10024.18 1.3076e-13  10046.15 0 
 10070.46 1.2856e-13  10092.53 0 
 10116.94 1.2963e-13  10139.12 0 
 10163.63 1.2803e-13  10185.91 0 
 10234.09 1.2698e-13  10256.52 0 
 10281.32 1.2629e-13  10303.86 0 
 10305.02 1.2536e-13  10327.61 0 
 10496.61 1.2067e-13  10519.62 0 
 10691.76 1.1537e-13  10715.20 0 
 10890.53 1.0992e-13  10914.41 0 
 11093.00 1.0718e-13  11117.32 0 
 11299.23 1.0330e-13  11324.00 0 
 11509.30 1.0118e-13  11534.53 0 
 11696.31 9.7745e-14  11721.95 0 
 11886.37 9.4426e-14  11912.43 0 
 12107.35 9.1642e-14  12133.89 0 
 12304.08 8.9350e-14  12331.05 0 
 12504.00 8.6915e-14  12531.41 0 
 12707.18 8.4546e-14  12735.03 0 
 12913.65 8.2053e-14  12941.96 0 
 13093.30 8.0370e-14  13122.00 0 
 13306.05 7.8000e-14  13335.21 0 
 13491.15 7.6576e-14  13520.73 0 
 13710.37 7.5006e-14  13740.42 0 
 13901.10 7.2962e-14  13931.57 0 
 14094.48 7.1137e-14  14125.38 0 
 14290.56 6.9678e-14  14321.88 0 
 14489.36 6.9039e-14  14521.12 0 
 14690.93 6.7467e-14  14723.13 0 
 14895.29 6.7003e-14  14927.94 0 
 15102.50 6.6389e-14  15135.61 0 
 15312.60 6.6236e-14  15346.17 0 
 15489.92 6.5780e-14  15523.87 0 
 15705.40 6.4431e-14  15739.83 0 
 15887.27 6.2675e-14  15922.09 0 
 16108.28 6.2387e-14  16143.59 0 
 16294.79 6.1957e-14  16330.51 0 
 16483.48 6.0130e-14  16519.62 0 
 16712.79 5.8897e-14  16749.43 0 
 16906.32 5.7160e-14  16943.38 0 
 17102.09 5.5602e-14  17139.58 0 
 17300.11 5.3222e-14  17338.03 0 
 17500.44 5.2011e-14  17538.80 0 
 17703.09 5.0245e-14  17741.90 0 
 17908.09 4.8763e-14  17947.34 0 
 18115.44 4.6676e-14  18155.15 0 
 18283.07 4.5614e-14  18323.14 0 
 18494.78 4.4268e-14  18535.32 0 
 18708.93 4.2471e-14  18749.94 0 
 18882.04 4.1504e-14  18923.43 0 
 19100.69 4.0466e-14  19142.56 0 
 19321.87 3.9003e-14  19364.23 0 
 19500.64 3.7419e-14  19543.39 0 
 19681.09 3.6567e-14  19724.23 0 
 19908.99 3.5489e-14  19952.63 0 
 20093.19 3.4761e-14  20137.24 0 
 20279.12 3.3581e-14  20323.57 0 
 20513.95 3.2892e-14  20558.92 0 
 20703.75 3.1922e-14  20749.13 0 
 20895.33 3.1124e-14  20941.13 0 
 21088.65 3.0415e-14  21134.88 0 
 21283.80 2.9587e-14  21330.45 0 
 21480.74 2.8847e-14  21527.83 0 
 21679.48 2.7803e-14  21727.01 0 
 21880.09 2.7296e-14  21928.05 0 
 22082.53 2.6552e-14  22130.94 0 
 22286.87 2.5828e-14  22335.72 0 
 22493.10 2.5182e-14  22542.40 0 
 22701.21 2.4496e-14  22750.97 0 
 22911.27 2.2341e-14  22961.49 0 
 23123.25 2.2136e-14  23173.93 0 
 23283.54 1.9774e-14  23334.58 0 
 23498.99 1.8884e-14  23550.50 0 
 23716.41 1.9059e-14  23768.40 0 
 23880.82 1.7624e-14  23933.17 0 
 24101.77 1.7183e-14  24154.60 0 
 24324.79 1.7065e-14  24378.11 0 
 24493.39 1.6073e-14  24547.08 0 
 24720.04 1.5999e-14  24774.22 0 
 24891.38 1.4194e-14  24945.94 0 
 25121.70 1.4031e-14  25176.77 0 
 25295.83 1.4031e-14  25351.28 0 
 25471.18 1.3839e-14  25527.02 0 
 25706.85 1.3871e-14  25763.20 0 
 25885.05 1.3555e-14  25941.79 0 
 26124.58 1.3431e-14  26181.84 0 
 26305.65 1.3095e-14  26363.31 0 
 26487.98 1.2945e-14  26546.04 0 
 26671.60 1.2650e-14  26730.07 0 
 26918.40 1.2477e-14  26977.41 0 
 27104.98 1.2277e-14  27164.39 0 
 27292.85 1.2025e-14  27352.67 0 
 27482.05 1.1806e-14  27542.29 0 
 27672.53 1.1564e-14  27733.19 0 
 27928.59 1.1379e-14  27989.81 0 
 28122.17 1.1145e-14  28183.82 0 
 28317.12 1.0942e-14  28379.20 0 
 28513.40 1.0718e-14  28575.90 0 
 28711.06 1.0449e-14  28773.99 0 
 28910.06 1.0282e-14  28973.43 0 
 29110.47 1.0071e-14  29174.28 0 
 29312.24 9.8649e-15  29376.49 0 
 29515.44 9.6626e-15  29580.14 0 
 29720.02 9.4644e-15  29785.16 0 
 29926.04 9.2703e-15  29991.64 0 
 30133.47 9.0802e-15  30199.52 0 
 30272.54 8.8735e-15  30338.90 0 
 30482.40 8.7316e-15  30549.22 0 
 30693.68 8.5722e-15  30760.96 0 
 30906.46 8.4158e-15  30974.21 0 
 31120.68 8.2432e-15  31188.89 0 
 31264.31 8.1114e-15  31332.84 0 
 31481.04 7.9450e-15  31550.05 0 
 31699.25 7.8000e-15  31768.73 0 
 31918.99 7.6576e-15  31988.96 0 
 32066.31 7.5352e-15  32136.60 0 
 32288.61 7.4318e-15  32359.38 0 
 32512.40 7.3977e-15  32583.67 0 
 32662.46 7.5352e-15  32734.06 0 
 32888.89 8.1301e-15  32960.98 0 
 33116.85 8.0001e-15  33189.44 0 
 33269.70 7.0973e-15  33342.62 0 
 33500.33 6.7003e-15  33573.76 0 
 33732.53 6.4579e-15  33806.47 0 
 33888.26 6.2675e-15  33962.54 0 
 34123.14 6.1248e-15  34197.94 0 
 34280.63 5.9992e-15  34355.78 0 
 34518.28 5.8626e-15  34593.94 0 
 34677.59 5.7424e-15  34753.61 0 
 34917.99 5.6246e-15  34994.53 0 
 35079.15 5.5093e-15  35156.04 0 
 35322.29 5.3963e-15  35399.71 0 
 35485.36 5.2856e-15  35563.14 0 
 35731.31 5.1772e-15  35809.64 0 
 35896.27 5.0827e-15  35974.95 0 
 36061.94 4.9899e-15  36140.99 0 
 36311.90 4.8876e-15  36391.49 0 
 36479.53 4.7873e-15  36559.50 0 
 36732.38 4.6891e-15  36812.89 0 
 36901.92 4.5930e-15  36982.80 0 
 37072.28 4.5091e-15  37153.54 0 
 37329.23 4.4268e-15  37411.05 0 
 37501.52 4.3161e-15  37583.72 0 
 37674.65 4.2569e-15  37757.23 0 
 37935.78 4.1792e-15  38018.93 0 
 38110.87 4.1029e-15  38194.41 0 
 38286.81 4.0373e-15  38370.73 0 
 38463.52 3.9636e-15  38547.83 0 
 38730.16 3.8823e-15  38815.06 0 
 38908.92 3.8115e-15  38994.21 0 
 39088.50 3.7419e-15  39174.18 0 
 39268.91 3.6821e-15  39354.99 0 
 39541.13 3.6066e-15  39627.81 0 
 39723.63 3.5489e-15  39810.71 0 
 39907.02 3.4761e-15  39994.50 0 
 40091.21 3.4205e-15  40179.09 0 
 40276.25 3.3658e-15  40364.54 0 
 40462.14 3.2968e-15  40550.84 0 
 40742.64 3.2516e-15  40831.95 0 
 40930.68 3.1996e-15  41020.40 0 
 41119.60 3.1484e-15  41209.73 0 
 41309.43 3.0981e-15  41399.98 0 
 41500.09 3.0486e-15  41591.06 0 
 41691.63 2.9929e-15  41783.02 0 
 41884.10 2.9518e-15  41975.91 0 
 42077.41 2.8980e-15  42169.65 0 
 42271.62 2.8648e-15  42364.28 0 
 42466.77 2.8190e-15  42559.86 0 
 42662.78 2.7739e-15  42756.29 0 
 42859.68 2.6674e-15  42953.63 0 
 43057.55 2.5710e-15  43151.93 0 
 43256.28 2.5650e-15  43351.10 0 
 43455.92 2.4666e-15  43551.18 0 
 43656.50 2.4160e-15  43752.19 0 
 43858.04 2.3774e-15  43954.18 0 
 44060.46 2.2966e-15  44157.04 0 
 44263.82 2.2704e-15  44360.85 0 
 44468.17 2.2341e-15  44565.64 0 
 44673.41 2.1682e-15  44771.33 0 
 44879.60 2.1632e-15  44977.97 0 
 45086.79 2.1237e-15  45185.62 0 
 45294.88 2.0706e-15  45394.17 0 
 45503.94 2.0611e-15  45603.68 0 
 45713.96 2.0375e-15  45814.16 0 
 45925.00 1.9820e-15  46025.67 0 
 46136.97 1.9820e-15  46238.10 0 
 46349.91 1.9503e-15  46451.51 0 
 46456.80 1.9279e-15  46558.63 0 
 46671.22 1.9147e-15  46773.52 0 
 46886.63 1.8884e-15  46989.40 0 
 47103.03 1.8625e-15  47206.28 0 
 47320.48 1.8582e-15  47424.21 0 
 47538.89 1.8285e-15  47643.10 0 
 47648.47 1.8076e-15  47752.92 0 
 47868.44 1.7910e-15  47973.37 0 
 48089.38 1.7583e-15  48194.79 0 
 48311.33 1.7624e-15  48417.23 0 
 48534.31 1.7342e-15  48640.70 0 
 48646.24 1.7104e-15  48752.87 0 
 48870.76 1.6908e-15  48977.89 0 
 49096.33 1.6715e-15  49203.95 0 
 49322.93 1.6561e-15  49431.04 0 
 49550.63 1.6372e-15  49659.24 0 
 49664.85 1.6259e-15  49773.71 0 
 49894.07 1.6073e-15  50003.44 0 
 50124.41 1.5942e-15  50234.29 0 
 50355.76 1.5812e-15  50466.14 0 
 50471.83 1.5567e-15  50582.46 0 
 50704.78 1.5476e-15  50815.93 0 
 50821.66 1.5448e-15  50933.06 0 
 50938.87 1.5385e-15  51050.52 0 
 51056.28 1.5287e-15  51168.20 0 
 51173.97 1.5190e-15  51286.14 0 
 51291.93 1.5128e-15  51404.36 0 
 51410.16 1.5066e-15  51522.85 0 
 51528.67 1.4970e-15  51641.62 0 
 51647.50 1.4978e-15  51760.71 0 
 51766.55 1.4917e-15  51880.02 0 
 51885.88 1.4822e-15  51999.61 0 
 52005.48 1.4762e-15  52119.47 0 
 52125.35 1.4702e-15  52239.61 0 
 52245.51 1.4608e-15  52360.03 0 
 52365.93 1.4549e-15  52480.72 0 
 52486.70 1.4523e-15  52601.75 0 
 52607.68 1.4497e-15  52723.00 0 
 52728.95 1.4472e-15  52844.53 0 
 52850.49 1.4380e-15  52966.34 0 
 52972.32 1.4255e-15  53088.43 0 
 53094.42 1.4197e-15  53210.80 0 
 53216.87 1.4172e-15  53333.52 0 
 53339.54 1.4147e-15  53456.46 0 
 53462.49 1.4122e-15  53579.68 0 
 53585.72 1.4065e-15  53703.18 0 
 53709.24 1.4040e-15  53826.97 0 
 53833.04 1.3983e-15  53951.05 0 
 53957.13 1.3958e-15  54075.41 0 
 54081.57 1.3902e-15  54200.11 0 
 54206.23 1.3845e-15  54325.05 0 
 54331.18 1.3789e-15  54450.27 0 
 54456.42 1.3765e-15  54575.79 0 
 54581.94 1.3773e-15  54701.59 0 
 54707.76 1.3717e-15  54827.68 0 
 54833.86 1.3693e-15  54954.06 0 
 54960.32 1.3669e-15  55080.79 0 
 55087.01 1.3613e-15  55207.76 0 
 55213.99 1.3621e-15  55335.02 0 
 55341.26 1.3660e-15  55462.57 0 
 55468.82 1.3604e-15  55590.41 0 
 55596.68 1.3549e-15  55718.55 0 
 55724.90 1.3588e-15  55847.05 0 
 55853.35 1.3564e-15  55975.78 0 
 55982.10 1.3541e-15  56104.81 0 
 56111.14 1.3548e-15  56234.13 0 
 56240.48 1.3556e-15  56363.76 0 
 56370.12 1.3532e-15  56493.68 0 
 56500.05 1.3571e-15  56623.90 0 
 56630.35 1.3610e-15  56754.48 0 
 56760.89 1.3618e-15  56885.31 0 
 56891.73 1.3594e-15  57016.43 0 
 57022.87 1.3633e-15  57147.86 0 
 57154.31 1.3704e-15  57279.59 0 
 57286.05 1.3743e-15  57411.62 0 
 57418.16 1.3814e-15  57544.02 0 
 57550.52 1.3854e-15  57676.67 0 
 57683.18 1.3894e-15  57809.62 0 
 57816.14 1.3998e-15  57942.87 0 
 57949.41 1.4103e-15  58076.43 0 
 58082.99 1.4176e-15  58210.30 0 
 58216.87 1.4283e-15  58344.48 0 
 58351.13 1.4390e-15  58479.04 0 
 58485.63 1.4531e-15  58613.83 0 
 58620.45 1.4708e-15  58748.94 0 
 58755.57 1.4853e-15  58884.36 0 
 58891.00 1.5033e-15  59020.09 0 
 59115.37 1.1658e-15  59244.95 3 
 59424.55 1.0960e-15  59554.81 3 
 59733.72 1.6281e-15  59864.66 3 
 60042.89 1.6713e-15  60174.51 3 
 60352.08 2.2756e-15  60484.37 3 
 60661.25 2.3088e-15  60794.22 3 
 60970.42 2.4794e-15  61104.07 3 
 61279.61 2.6746e-15  61413.93 3 
 61588.78 3.3394e-15  61723.78 3 
 61897.95 4.9945e-15  62033.63 3 
 62207.13 5.2274e-15  62343.49 3 
 62516.30 3.6878e-15  62653.34 3 
 62825.48 3.5481e-15  62963.19 3 
 63134.66 2.8941e-15  63273.05 3 
 63443.83 2.8939e-15  63582.90 3 
 63753.02 2.5002e-15  63892.76 3 
 64062.19 2.1145e-15  64202.61 3 
 64371.36 1.8647e-15  64512.46 3 
 64680.54 2.0147e-15  64822.32 3 
 64989.71 2.0206e-15  65132.17 3 
 65298.88 1.9652e-15  65442.02 3 
 65608.07 1.6118e-15  65751.88 3 
 65917.24 1.6102e-15  66061.73 3 
 66226.41 1.5971e-15  66371.58 3 
 66535.60 1.6917e-15  66681.45 3 
 66844.77 1.7166e-15  66991.29 3 
 67153.94 1.1675e-15  67301.14 3 
 67463.12 1.3478e-15  67611.00 3 
 67772.29 2.1667e-15  67920.85 3 
 68081.48 1.8918e-15  68230.71 3 
 68390.65 2.3081e-15  68540.56 3 
 68699.82 2.0485e-15  68850.41 3 
 69009.01 1.4525e-15  69160.27 3 
 69318.17 1.8935e-15  69470.12 3 
 69627.35 1.8598e-15  69779.98 3 
 69936.53 2.2937e-15  70089.83 3 
 70245.70 2.3748e-15  70399.68 3 
 70554.88 2.6862e-15  70709.54 3 
 70864.06 2.6008e-15  71019.39 3 
 71173.23 2.7759e-15  71329.24 3 
 71482.41 2.9368e-15  71639.10 3 
 71791.58 2.4912e-15  71948.95 3 
 72100.77 2.5144e-15  72258.81 3 
 72409.93 2.4964e-15  72568.66 3 
 72719.11 2.7369e-15  72878.51 3 
 73028.30 2.9245e-15  73188.38 3 
 73337.46 2.7253e-15  73498.22 3 
 73646.64 2.4814e-15  73808.07 3 
 73955.82 2.5867e-15  74117.93 3 
 74264.99 3.1004e-15  74427.78 3 
 74574.17 3.6048e-15  74737.63 3 
 74883.34 4.4626e-15  75047.48 3 
 75172.28 4.0977e-15  75337.06 3 
 75192.52 3.8537e-15  75357.34 3 
 75501.70 3.4290e-15  75667.20 3 
 75791.86 5.2973e-15  75957.99 3 
 75810.87 3.7688e-15  75977.05 3 
 76411.44 5.0735e-15  76578.94 3 
 77031.02 5.4298e-15  77199.88 3 
 77650.61 4.8891e-15  77820.82 3 
 78270.19 5.3989e-15  78441.76 3 
 78889.78 5.0087e-15  79062.71 3 
 79509.36 4.4026e-15  79683.65 3 
 80128.94 4.2723e-15  80304.59 3 
 80748.54 3.6843e-15  80925.54 3 
 81368.12 3.3747e-15  81546.48 3 
 81987.70 3.3043e-15  82167.41 3 
 82607.28 3.0061e-15  82788.36 3 
 83226.86 3.0682e-15  83409.30 3 
 83846.46 3.0821e-15  84030.25 3 
 84466.04 2.9187e-15  84651.19 3 
 85085.63 2.7541e-15  85272.13 3 
 85705.20 3.1401e-15  85893.07 3 
 86324.80 2.9136e-15  86514.02 3 
 86944.37 2.4750e-15  87134.95 3 
 87563.96 2.0070e-15  87755.90 3 
 88183.55 1.4587e-15  88376.84 3 
 88803.12 1.4858e-15  88997.78 3 
 89422.70 1.2615e-15  89618.72 3 
 90042.29 1.2786e-15  90239.66 3 
 90661.87 1.0688e-15  90860.60 3 
 91281.47 9.5745e-16  91481.55 3 
 91901.05 9.2992e-16  92102.49 3 
 92520.63 1.2544e-15  92723.44 3 
 93140.22 1.1743e-15  93344.38 3 
 93759.80 1.2626e-15  93965.32 3 
 94379.38 9.9014e-16  94586.26 3 
 94998.96 1.3330e-15  95207.20 3 
 95618.55 1.2379e-15  95828.15 3 
 96238.13 9.5878e-16  96449.09 3 
 96857.71 9.3794e-16  97070.02 3 
 97477.31 9.8767e-16  97690.98 3 
 98096.89 1.0071e-15  98311.92 3 
 98716.47 9.4092e-16  98932.86 3 
 99336.06 8.7679e-16  99553.80 3 
 99955.60 1.0850e-15 100174.70 3 
100575.23 9.0008e-16 100795.70 3 
101194.77 8.2297e-16 101416.59 3 
101814.42 8.1005e-16 102037.60 3 
102433.96 8.3507e-16 102658.50 3 
103053.60 9.6921e-16 103279.49 3 
103673.15 1.0017e-15 103900.41 3 
104292.70 9.3019e-16 104521.30 3 
104912.33 9.4512e-16 105142.30 3 
105531.87 1.1090e-15 105763.20 3 
106151.52 9.8756e-16 106384.20 3 
106771.06 1.1053e-15 107005.10 3 
107390.60 1.2714e-15 107626.00 3 
108010.24 1.1218e-15 108247.00 3 
108629.79 1.2283e-15 108867.91 3 
109249.42 1.3527e-15 109488.90 3 
109868.96 1.5142e-15 110109.80 3 
110488.61 1.5651e-15 110730.80 3 
111108.15 1.8991e-15 111351.70 3 
111727.69 3.1098e-15 111972.60 3 
112347.34 3.9198e-15 112593.60 3 
112966.88 3.4638e-15 113214.50 3 
113586.52 2.5854e-15 113835.50 3 
114206.06 1.9500e-15 114456.40 3 
114825.70 1.8307e-15 115077.40 3 
115445.24 1.6357e-15 115698.30 3 
116064.78 1.2094e-15 116319.20 3 
116684.43 1.2512e-15 116940.20 3 
117303.97 1.2206e-15 117561.10 3 
117923.61 1.3470e-15 118182.09 3 
118543.15 1.4314e-15 118802.99 3 
119162.80 1.5316e-15 119424.00 3 
119782.34 1.5269e-15 120044.90 3 
120401.88 1.5171e-15 120665.80 3 
121021.53 1.4036e-15 121286.80 3 
121641.07 1.3953e-15 121907.70 3 
122260.70 1.3239e-15 122528.70 3 
122880.24 1.3634e-15 123149.59 3 
123499.80 1.4609e-15 123770.51 3 
124119.43 1.5477e-15 124391.50 3 
124738.97 1.5367e-15 125012.40 3 
125358.61 1.6441e-15 125633.40 3 
125978.16 1.6736e-15 126254.30 3 
126597.79 1.7263e-15 126875.30 3 
127217.34 1.8106e-15 127496.20 3 
127836.88 2.0411e-15 128117.10 3 
128456.52 1.7002e-15 128738.10 3 
129076.07 1.1174e-15 129359.00 3 
129695.71 8.9814e-16 129980.00 3 
130315.25 8.8008e-16 130600.90 3 
130934.79 8.7992e-16 131221.80 3 
131554.43 9.3937e-16 131842.80 3 
132173.98 8.1745e-16 132463.70 3 
132793.62 9.1389e-16 133084.70 3 
133413.15 7.3781e-16 133705.59 3 
134032.79 8.8338e-16 134326.59 3 
134652.34 8.8551e-16 134947.50 3 
135271.89 7.3754e-16 135568.41 3 
135891.53 7.7992e-16 136189.41 3 
136511.06 8.2229e-16 136810.30 3 
137130.71 7.5691e-16 137431.30 3 
137750.25 5.0625e-16 138052.20 3 
138369.90 6.5829e-16 138673.20 3 
138989.43 5.9184e-16 139294.09 3 
139608.98 6.5217e-16 139915.00 3 
140228.62 7.1334e-16 140536.00 3 
140848.17 7.6706e-16 141156.91 3 
141467.79 6.0615e-16 141777.89 3 
142087.34 6.4440e-16 142398.80 3 
142706.98 6.6370e-16 143019.80 3 
143326.53 5.6564e-16 143640.70 3 
143946.06 5.4137e-16 144261.59 3 
144565.72 5.7103e-16 144882.61 3 
145098.85 5.4736e-16 145416.91 3 
146013.73 4.7584e-16 146333.80 3 
146928.73 4.8748e-16 147250.80 3 
147843.63 4.8454e-16 148167.70 3 
148758.52 4.7131e-16 149084.59 3 
149673.42 5.0637e-16 150001.50 3 
150588.41 4.6450e-16 150918.50 3 
151503.31 4.9409e-16 151835.41 3 
152418.20 4.8472e-16 152752.30 3 
153333.19 4.5626e-16 153669.30 3 
154248.09 4.7264e-16 154586.20 3 
155162.98 6.0102e-16 155503.09 3 
156077.88 6.3026e-16 156420.00 3 
156992.87 5.2869e-16 157337.00 3 
157907.77 5.4575e-16 158253.91 3 
158822.66 5.4445e-16 159170.80 3 
159737.65 5.9152e-16 160087.80 3 
160652.55 5.2378e-16 161004.70 3 
161567.44 5.4827e-16 161921.59 3 
162482.43 6.4237e-16 162838.59 3 
163397.33 8.0226e-16 163755.50 3 
164312.22 9.0646e-16 164672.39 3 
165227.12 8.3603e-16 165589.30 3 
166142.13 8.0304e-16 166506.31 3 
167057.00 7.7694e-16 167423.19 3 
167971.90 8.0810e-16 168340.09 3 
168886.80 8.4569e-16 169257.00 3 
169801.79 9.8291e-16 170174.00 3 
170716.70 1.0259e-15 171090.91 3 
171631.60 8.7748e-16 172007.81 3 
172546.59 8.2725e-16 172924.81 3 
173461.48 8.4838e-16 173841.70 3 
174376.38 7.4701e-16 174758.61 3 
175291.37 6.6260e-16 175675.61 3 
176206.26 5.9208e-16 176592.50 3 
177121.16 5.8297e-16 177509.41 3 
178036.04 5.5120e-16 178426.30 3 
178951.04 5.0834e-16 179343.30 3 
179865.94 4.5714e-16 180260.20 3 
180780.82 4.8959e-16 181177.09 3 
181695.82 4.4595e-16 182094.09 3 
182610.72 4.3228e-16 183011.00 3 
183525.60 4.7378e-16 183927.89 3 
184440.60 4.3656e-16 184844.89 3 
185355.50 4.8117e-16 185761.80 3 
186270.40 6.1555e-16 186678.70 3 
187185.28 7.5647e-16 187595.59 3 
188100.28 6.0411e-16 188512.59 3 
189015.18 4.6148e-16 189429.50 3 
189930.06 4.6528e-16 190346.39 3 
190845.07 4.0717e-16 191263.41 3 
191759.97 4.2819e-16 192180.31 3 
192674.84 3.7767e-16 193097.19 3 
193589.75 4.0941e-16 194014.09 3 
194504.75 4.1814e-16 194931.11 3 
195419.64 4.3184e-16 195848.00 3 
196334.54 3.9774e-16 196764.91 3 
197249.54 3.7659e-16 197681.91 3 
198164.42 4.0088e-16 198598.80 3 
199079.32 3.8899e-16 199515.70 3 
199994.22 3.8776e-16 200432.61 3 
200909.22 3.6202e-16 201349.61 3 
201824.10 3.5934e-16 202266.50 3 
202739.00 3.8383e-16 203183.41 3 
203654.00 3.6401e-16 204100.41 3 
204751.68 3.7256e-16 205200.50 3 
206513.14 3.6782e-16 206965.81 3 
208275.66 3.6668e-16 208732.20 3 
210039.09 3.3969e-16 210499.50 3 
211803.62 3.5538e-16 212267.89 3 
213569.15 3.5510e-16 214037.30 3 
215335.78 3.4725e-16 215807.80 3 
217103.30 3.3903e-16 217579.19 3 
218871.92 3.6044e-16 219351.69 3 
220641.56 3.6118e-16 221125.20 3 
222412.27 3.3968e-16 222899.80 3 
224183.99 3.4249e-16 224675.41 3 
225956.70 3.6849e-16 226452.00 3 
227730.50 3.5150e-16 228229.69 3 
229505.31 3.5274e-16 230008.39 3 
231281.13 3.4919e-16 231788.09 3 
233058.03 3.4618e-16 233568.89 3 
234835.94 3.6278e-16 235350.70 3 
236614.93 3.5031e-16 237133.59 3 
238395.03 3.4530e-16 238917.59 3 
240176.13 3.5030e-16 240702.59 3 
241958.22 3.4788e-16 242488.59 3 
243741.42 3.3673e-16 244275.70 3 
245525.60 3.3441e-16 246063.80 3 
247311.00 3.2615e-16 247853.11 3 
249097.29 3.2377e-16 249643.31 3 
250884.65 3.3482e-16 251434.59 3 
252673.14 3.3682e-16 253227.00 3 
254462.72 3.2718e-16 255020.50 3 
256253.29 3.4287e-16 256815.00 3 
258044.96 3.5300e-16 258610.59 3 
259837.73 3.6110e-16 260407.30 3 
261631.60 3.3330e-16 262205.09 3 
263426.48 3.1602e-16 264003.91 3 
265222.41 3.0998e-16 265803.78 3 
267019.51 3.1761e-16 267604.81 3 
268817.53 3.1600e-16 269406.78 3 
270616.81 3.0464e-16 271210.00 3 
272417.05 2.9650e-16 273014.19 3 
274218.41 3.1271e-16 274819.50 3 
276020.87 3.0834e-16 276625.91 3 
277824.42 2.9956e-16 278433.41 3 
279629.05 3.0854e-16 280242.00 3 
281434.78 3.5191e-16 282051.69 3 
283241.63 3.3066e-16 283862.50 3 
285049.58 3.0373e-16 285674.41 3 
286858.61 2.8950e-16 287487.41 3 
288668.74 2.8947e-16 289301.50 3 
290479.96 2.9532e-16 291116.69 3 
292292.30 2.9219e-16 292933.00 3 
294105.73 2.9039e-16 294750.41 3 
295920.25 2.8888e-16 296568.91 3 
297735.96 2.8295e-16 298388.59 3 
299552.79 2.8907e-16 300209.41 3 
301370.58 2.8829e-16 302031.19 3 
303189.60 2.8932e-16 303854.19 3 
305009.70 2.8488e-16 305678.28 3 
306831.02 2.9962e-16 307503.59 3 
308653.34 2.8803e-16 309329.91 3 
310476.84 2.8175e-16 311157.41 3 
312301.53 2.9756e-16 312986.09 3 
314127.25 2.8252e-16 314815.81 3 
315954.15 2.8425e-16 316646.72 3 
317782.20 2.9193e-16 318478.78 3 
319611.29 2.9427e-16 320311.88 3 
321441.59 3.0935e-16 322146.19 3 
323273.10 3.0320e-16 323981.72 3 
325105.65 3.0546e-16 325818.28 3 
326939.32 2.9550e-16 327655.97 3 
328774.23 3.0747e-16 329494.91 3 
330610.30 3.1246e-16 331335.00 3 
332447.46 3.5338e-16 333176.19 3 
334285.75 5.2344e-16 335018.50 3 
336125.21 4.6537e-16 336862.00 3 
337965.90 3.1300e-16 338706.72 3 
339807.74 2.9656e-16 340552.59 3 
341650.70 3.0381e-16 342399.59 3 
343494.78 3.0578e-16 344247.72 3 
345340.11 3.1019e-16 346097.09 3 
347186.59 4.9099e-16 347947.62 3 
349034.23 5.9194e-16 349799.31 3 
