# An Atlas of Galaxy Spectral Energy Distributions from the Ultraviolet to the Mid-Infrared
# Brown et al. (2014)
# http://dx.doi.org/10.5072/03/529D3551F0117
# 
# Column 1 : Restframe Wavelength (Angstrom)
# Column 2 : Flux per unit wavelength (ergs/s/cm^2/Angstrom)
# Column 3 : Observed wavelength (Angstrom)
# Column 4 : Source (0 = model, 1 = Optical Spectrum, 2 = Akari, 3 = Spitzer IRS)
# 
   100.01 8.2944e-26    102.80 0 
   102.11 1.3413e-25    104.95 0 
   104.01 1.9693e-25    106.91 0 
   105.94 2.9314e-25    108.89 0 
   107.91 4.4140e-25    110.92 0 
   109.92 7.4232e-25    112.98 0 
   114.04 1.4591e-24    117.22 0 
   118.05 2.6522e-24    121.34 0 
   121.08 1.2197e-23    124.45 0 
   125.04 1.9988e-23    128.53 0 
   127.08 2.4633e-23    130.62 0 
   127.96 2.7824e-23    131.52 0 
   130.94 3.7244e-23    134.59 0 
   132.15 4.6871e-23    135.83 0 
   133.99 5.6064e-23    137.72 0 
   137.11 8.4588e-23    140.93 0 
   139.98 1.0913e-22    143.88 0 
   142.91 3.6358e-22    146.89 0 
   146.91 1.1538e-21    151.01 0 
   151.03 1.5018e-21    155.24 0 
   154.90 1.9595e-21    159.22 0 
   158.88 2.5449e-21    163.31 0 
   161.83 3.0641e-21    166.34 0 
   165.98 3.9428e-21    170.61 0 
   169.85 4.9355e-21    174.58 0 
   173.01 5.8337e-21    177.83 0 
   177.04 7.1854e-21    181.97 0 
   179.91 8.3580e-21    184.93 0 
   182.00 9.2437e-21    187.07 0 
   185.81 1.1204e-20    190.99 0 
   191.01 1.4117e-20    196.34 0 
   194.12 1.6232e-20    199.53 0 
   198.18 1.9225e-20    203.70 0 
   201.87 2.2773e-20    207.49 0 
   205.15 2.5705e-20    210.86 0 
   209.93 2.9814e-20    215.77 0 
   215.81 3.8968e-20    221.82 0 
   219.82 4.5208e-20    225.94 0 
   222.88 4.9526e-20    229.09 0 
   227.02 5.7191e-20    233.35 0 
   230.18 9.3527e-20    236.59 0 
   233.92 1.7040e-19    240.44 0 
   239.92 2.3809e-19    246.60 0 
   246.07 2.5467e-19    252.93 0 
   251.81 3.0427e-19    258.82 0 
   257.08 2.8289e-19    264.24 0 
   260.05 3.4296e-19    267.30 0 
   264.28 3.8612e-19    271.64 0 
   269.19 4.1986e-19    276.69 0 
   274.20 4.5445e-19    281.84 0 
   279.30 4.9074e-19    287.08 0 
   283.83 5.3001e-19    291.74 0 
   289.78 5.5150e-19    297.85 0 
   295.85 6.1065e-19    304.09 0 
   301.35 6.4581e-19    309.74 0 
   307.66 7.1501e-19    316.23 0 
   317.73 8.2234e-19    326.59 0 
   328.14 9.1991e-19    337.29 0 
   338.12 1.0127e-18    347.54 0 
   348.39 1.1046e-18    358.10 0 
   357.33 1.1969e-18    367.28 0 
   365.65 1.3002e-18    375.84 0 
   375.03 1.3894e-18    385.48 0 
   384.65 1.4408e-18    395.37 0 
   395.43 1.5894e-18    406.44 0 
   404.64 1.7063e-18    415.91 0 
   414.06 1.7900e-18    425.60 0 
   421.76 1.8530e-18    433.51 0 
   429.60 1.9225e-18    441.57 0 
   440.62 2.0439e-18    452.90 0 
   450.88 2.1190e-18    463.45 0 
   460.33 2.1873e-18    473.15 0 
   469.96 2.2734e-18    483.06 0 
   479.81 2.3736e-18    493.17 0 
   489.85 2.4160e-18    503.50 0 
   500.11 2.5279e-18    514.04 0 
   505.90 2.5823e-18    520.00 0 
   511.76 3.0567e-18    526.02 0 
   520.07 3.1562e-18    534.56 0 
   529.74 3.2651e-18    544.50 0 
   539.59 3.2629e-18    554.63 0 
   549.62 3.6838e-18    564.94 0 
   559.84 4.0640e-18    575.44 0 
   570.25 4.4216e-18    586.14 0 
   579.52 4.4091e-18    595.66 0 
   590.29 4.9880e-18    606.74 0 
   599.88 5.1601e-18    616.59 0 
   609.63 5.4873e-18    626.61 0 
   619.53 6.4127e-18    636.80 0 
   629.60 6.8659e-18    647.14 0 
   639.83 7.0685e-18    657.66 0 
   650.23 7.8693e-18    668.34 0 
   657.76 8.3931e-18    676.08 0 
   665.37 8.8695e-18    683.91 0 
   674.63 9.0918e-18    693.43 0 
   685.59 9.1447e-18    704.69 0 
   695.13 1.1452e-17    714.50 0 
   704.80 1.1183e-17    724.44 0 
   716.25 1.3274e-17    736.21 0 
   726.21 1.3953e-17    746.45 0 
   734.62 1.4673e-17    755.09 0 
   744.84 1.6638e-17    765.60 0 
   755.21 1.7934e-17    776.25 0 
   765.71 1.9021e-17    787.05 0 
   774.58 2.1136e-17    796.16 0 
   785.35 2.2990e-17    807.24 0 
   794.45 2.4281e-17    816.58 0 
   805.50 2.5689e-17    827.94 0 
   814.83 2.6943e-17    837.53 0 
   824.26 2.9932e-17    847.23 0 
   835.73 2.4862e-17    859.01 0 
   845.40 3.2150e-17    868.96 0 
   855.19 3.3482e-17    879.02 0 
   865.10 3.6510e-17    889.20 0 
   875.11 3.9719e-17    899.50 0 
   885.25 4.3810e-17    909.91 0 
   895.50 4.6679e-17    920.45 0 
   905.87 4.7060e-17    931.11 0 
   914.25 7.5763e-17    939.72 0 
   924.84 5.6228e-16    950.60 0 
   935.55 1.2689e-15    961.61 0 
   944.20 2.4899e-15    970.51 0 
   955.14 3.6276e-15    981.75 0 
   963.97 4.0490e-15    990.83 0 
   975.13 5.9667e-16   1002.31 0 
   984.16 3.3146e-15   1011.58 0 
   995.55 3.6625e-15   1023.29 0 
  1004.77 5.6422e-15   1032.76 0 
  1014.06 5.5474e-15   1042.32 0 
  1025.80 2.3899e-15   1054.39 0 
  1035.30 3.8018e-15   1064.14 0 
  1044.88 7.7195e-15   1073.99 0 
  1054.54 7.6062e-15   1083.93 0 
  1064.30 5.8984e-15   1093.96 0 
  1074.15 7.2157e-15   1104.08 0 
  1084.09 5.5823e-15   1114.29 0 
  1094.12 7.7326e-15   1124.61 0 
  1104.24 7.4614e-15   1135.01 0 
  1114.46 7.1498e-15   1145.51 0 
  1124.77 6.3938e-15   1156.11 0 
  1135.18 8.4566e-15   1166.81 0 
  1145.68 7.6493e-15   1177.61 0 
  1156.28 8.2799e-15   1188.50 0 
  1164.30 8.5865e-15   1196.74 0 
  1175.07 5.7835e-15   1207.81 0 
  1185.95 8.4244e-15   1218.99 0 
  1194.17 5.6013e-15   1227.44 0 
  1205.22 3.8780e-15   1238.80 0 
  1216.37 2.7284e-15   1250.26 0 
  1224.80 5.7758e-15   1258.93 0 
  1236.13 9.0755e-15   1270.57 0 
  1244.70 1.0059e-14   1279.38 0 
  1256.22 9.5670e-15   1291.22 0 
  1264.93 8.1363e-15   1300.17 0 
  1273.69 1.0841e-14   1309.18 0 
  1285.48 1.1461e-14   1321.30 0 
  1294.39 8.7871e-15   1330.45 0 
  1306.37 8.7092e-15   1342.77 0 
  1315.42 1.1260e-14   1352.07 0 
  1324.54 1.0768e-14   1361.44 0 
  1333.72 9.3903e-15   1370.88 0 
  1346.06 1.1501e-14   1383.57 0 
  1355.39 1.1149e-14   1393.16 0 
  1364.79 9.8574e-15   1402.81 0 
  1374.25 1.0477e-14   1412.54 0 
  1383.77 1.0611e-14   1422.33 0 
  1396.58 9.1979e-15   1435.49 0 
  1406.26 9.6191e-15   1445.44 0 
  1416.01 9.8077e-15   1455.46 0 
  1425.82 1.0186e-14   1465.55 0 
  1435.70 1.0101e-14   1475.71 0 
  1442.33 1.0748e-14   1482.52 0 
  1445.66 1.0959e-14   1485.94 0 
  1455.68 1.0620e-14   1496.24 0 
  1465.77 9.7386e-15   1506.61 0 
  1475.93 9.7462e-15   1517.05 0 
  1486.16 9.9806e-15   1527.57 0 
  1496.46 1.0197e-14   1538.15 0 
  1503.37 9.6012e-15   1545.25 0 
  1510.31 8.4562e-15   1552.39 0 
  1517.28 9.1416e-15   1559.55 0 
  1524.28 8.8280e-15   1566.75 0 
  1534.85 7.5876e-15   1577.61 0 
  1545.48 8.4983e-15   1588.55 0 
  1556.20 8.0083e-15   1599.56 0 
  1563.38 8.1534e-15   1606.94 0 
  1574.22 8.7401e-15   1618.08 0 
  1585.13 9.2189e-15   1629.30 0 
  1596.12 9.4367e-15   1640.59 0 
  1603.48 9.2805e-15   1648.16 0 
  1614.60 9.3473e-15   1659.59 0 
  1625.79 8.7857e-15   1671.09 0 
  1633.30 9.4296e-15   1678.80 0 
  1644.62 9.5841e-15   1690.44 0 
  1656.02 8.7820e-15   1702.16 0 
  1663.66 9.6889e-15   1710.02 0 
  1671.34 8.5496e-15   1717.91 0 
  1675.19 9.7113e-15   1721.87 0 
  1686.80 1.0169e-14   1733.80 0 
  1694.59 9.5260e-15   1741.81 0 
  1706.34 9.0962e-15   1753.88 0 
  1714.21 8.5799e-15   1761.98 0 
  1726.10 8.5191e-15   1774.19 0 
  1734.06 9.1409e-15   1782.38 0 
  1746.08 8.9098e-15   1794.73 0 
  1754.14 9.5596e-15   1803.02 0 
  1766.30 8.6952e-15   1815.52 0 
  1774.45 8.9295e-15   1823.90 0 
  1786.75 9.0913e-15   1836.54 0 
  1795.00 9.7532e-15   1845.02 0 
  1803.29 9.6975e-15   1853.53 0 
  1815.79 8.8390e-15   1866.38 0 
  1824.17 9.0759e-15   1874.99 0 
  1836.81 8.6615e-15   1887.99 0 
  1845.29 7.9077e-15   1896.71 0 
  1853.81 7.9158e-15   1905.46 0 
  1866.66 8.1684e-15   1918.67 0 
  1875.27 8.9239e-15   1927.53 0 
  1883.93 8.1463e-15   1936.42 0 
  1896.99 7.7901e-15   1949.84 0 
  1905.75 8.2969e-15   1958.84 0 
  1914.54 7.9484e-15   1967.89 0 
  1923.38 7.7916e-15   1976.97 0 
  1936.71 8.0192e-15   1990.67 0 
  1945.65 8.3647e-15   1999.86 0 
  1954.63 7.7939e-15   2009.09 0 
  1968.18 8.5742e-15   2023.02 0 
  1977.26 8.8200e-15   2032.36 0 
  1981.82 8.3100e-15   2037.04 0 
  1995.56 8.0348e-15   2051.16 0 
  2004.77 8.2834e-15   2060.63 0 
  2014.02 7.9512e-15   2070.14 0 
  2023.32 8.3683e-15   2079.70 0 
  2032.66 7.8674e-15   2089.30 0 
  2046.75 8.1676e-15   2103.78 0 
  2056.20 7.8028e-15   2113.49 0 
  2065.69 7.8054e-15   2123.24 0 
  2075.22 8.3661e-15   2133.04 0 
  2080.01 7.9174e-15   2137.96 0 
  2084.80 8.2345e-15   2142.89 0 
  2094.42 7.7577e-15   2152.78 0 
  2104.09 7.7950e-15   2162.72 0 
  2113.80 7.8684e-15   2172.70 0 
  2123.56 7.9788e-15   2182.73 0 
  2133.36 7.3617e-15   2192.81 0 
  2143.21 7.5509e-15   2202.93 0 
  2153.10 7.8343e-15   2213.09 0 
  2163.04 7.5682e-15   2223.31 0 
  2173.03 7.4811e-15   2233.57 0 
  2183.06 7.3269e-15   2243.88 0 
  2193.13 7.6535e-15   2254.24 0 
  2203.25 7.4264e-15   2264.64 0 
  2213.43 7.0418e-15   2275.10 0 
  2223.64 6.7853e-15   2285.60 0 
  2233.91 7.2351e-15   2296.15 0 
  2244.22 6.8931e-15   2306.75 0 
  2254.58 6.5919e-15   2317.39 0 
  2264.98 6.7856e-15   2328.09 0 
  2275.44 6.9851e-15   2338.84 0 
  2285.94 7.1905e-15   2349.63 0 
  2296.49 6.8132e-15   2360.48 0 
  2307.09 6.8382e-15   2371.37 0 
  2312.41 6.5199e-15   2376.84 0 
  2323.08 5.1149e-15   2387.81 0 
  2333.81 6.1014e-15   2398.83 0 
  2344.58 5.9297e-15   2409.91 0 
  2355.40 6.4363e-15   2421.03 0 
  2366.27 5.9325e-15   2432.20 0 
  2377.19 6.1354e-15   2443.43 0 
  2382.67 5.7168e-15   2449.06 0 
  2393.67 6.1201e-15   2460.37 0 
  2404.72 5.8800e-15   2471.72 0 
  2415.82 6.0394e-15   2483.13 0 
  2426.97 6.4211e-15   2494.60 0 
  2432.57 6.1648e-15   2500.35 0 
  2443.80 6.5546e-15   2511.89 0 
  2455.07 6.4739e-15   2523.48 0 
  2466.41 6.4387e-15   2535.13 0 
  2477.79 6.2148e-15   2546.83 0 
  2483.50 6.4083e-15   2552.70 0 
  2494.97 6.0448e-15   2564.48 0 
  2506.48 6.7300e-15   2576.32 0 
  2512.26 6.0302e-15   2582.26 0 
  2518.05 6.2181e-15   2588.21 0 
  2523.86 5.9563e-15   2594.18 0 
  2535.51 6.0481e-15   2606.15 0 
  2547.21 5.9603e-15   2618.18 0 
  2553.08 6.3913e-15   2624.22 0 
  2564.87 6.2552e-15   2636.33 0 
  2576.71 6.6358e-15   2648.50 0 
  2582.65 6.5648e-15   2654.61 0 
  2594.57 6.4995e-15   2666.86 0 
  2606.54 6.2884e-15   2679.17 0 
  2612.55 6.2211e-15   2685.34 0 
  2624.61 6.5093e-15   2697.74 0 
  2636.73 6.7328e-15   2710.19 0 
  2642.80 7.2867e-15   2716.44 0 
  2655.00 7.4508e-15   2728.98 0 
  2667.26 6.7745e-15   2741.57 0 
  2673.40 7.0993e-15   2747.89 0 
  2685.74 7.1104e-15   2760.58 0 
  2691.94 6.7956e-15   2766.94 0 
  2704.36 6.9970e-15   2779.71 0 
  2716.84 6.6772e-15   2792.54 0 
  2723.11 6.6672e-15   2798.98 0 
  2735.68 7.0086e-15   2811.90 0 
  2741.98 6.1373e-15   2818.38 0 
  2754.64 6.2902e-15   2831.39 0 
  2767.35 6.5368e-15   2844.46 0 
  2773.73 6.8346e-15   2851.02 0 
  2786.54 6.5075e-15   2864.18 0 
  2792.96 5.3304e-15   2870.78 0 
  2805.85 5.7209e-15   2884.03 0 
  2812.32 6.8206e-15   2890.68 0 
  2825.30 7.1537e-15   2904.02 0 
  2831.81 6.8847e-15   2910.72 0 
  2844.89 6.7235e-15   2924.15 0 
  2858.02 6.5060e-15   2937.65 0 
  2864.61 7.1395e-15   2944.42 0 
  2877.83 7.1679e-15   2958.01 0 
  2884.46 7.1409e-15   2964.83 0 
  2897.78 7.1363e-15   2978.52 0 
  2911.15 7.7304e-15   2992.27 0 
  2931.33 7.4696e-15   3013.01 0 
  2951.65 7.3859e-15   3033.89 0 
  2972.11 7.5251e-15   3054.92 0 
  2992.71 7.5619e-15   3076.10 0 
  3013.46 7.6693e-15   3097.42 0 
  3027.37 7.7003e-15   3111.72 0 
  3048.35 7.7204e-15   3133.29 0 
  3069.48 7.7765e-15   3155.01 0 
  3090.76 7.8511e-15   3176.87 0 
  3112.18 7.8720e-15   3198.90 0 
  3126.55 7.7958e-15   3213.66 0 
  3148.22 7.8528e-15   3235.94 0 
  3170.04 7.8922e-15   3258.37 0 
  3192.01 7.5402e-15   3280.95 0 
  3206.75 7.8194e-15   3296.10 0 
  3228.97 7.5053e-15   3318.94 0 
  3251.36 7.9904e-15   3341.95 0 
  3266.37 8.2674e-15   3357.38 0 
  3289.01 8.2335e-15   3380.65 0 
  3311.81 8.2376e-15   3404.08 0 
  3319.44 8.2834e-15   3411.93 0 
  3327.09 8.3487e-15   3419.79 0 
  3334.76 8.6105e-15   3427.68 0 
  3342.45 8.1553e-15   3435.58 0 
  3350.15 8.5477e-15   3443.50 0 
  3357.88 8.2844e-15   3451.44 0 
  3365.62 7.7925e-15   3459.39 0 
  3373.38 7.6576e-15   3467.37 0 
  3381.15 8.1190e-15   3475.36 0 
  3388.95 8.5491e-15   3483.37 0 
  3396.76 8.2099e-15   3491.40 0 
  3404.59 8.4870e-15   3499.45 0 
  3412.44 8.1315e-15   3507.52 0 
  3420.30 8.4448e-15   3515.60 0 
  3428.19 8.4141e-15   3523.71 0 
  3436.09 8.4612e-15   3531.83 0 
  3444.01 7.7420e-15   3539.97 0 
  3451.95 8.5955e-15   3548.13 0 
  3459.91 8.2736e-15   3556.31 0 
  3467.89 8.2413e-15   3564.51 0 
  3475.88 8.3972e-15   3572.73 0 
  3483.89 8.2846e-15   3580.96 0 
  3491.92 8.4608e-15   3589.22 0 
  3499.97 7.8986e-15   3597.49 0 
  3508.04 8.2925e-15   3605.79 0 
  3516.13 7.9584e-15   3614.10 0 
  3524.23 8.2597e-15   3622.43 0 
  3532.36 8.4938e-15   3630.78 0 
  3540.50 8.6745e-15   3639.15 0 
  3548.66 8.8794e-15   3647.54 0 
  3556.84 8.6203e-15   3655.95 0 
  3565.04 8.7230e-15   3664.37 0 
  3573.26 8.0317e-15   3672.82 0 
  3581.50 7.9790e-15   3681.29 0 
  3589.54 6.8633e-15   3689.56 1 
  3592.22 8.0765e-15   3692.31 1 
  3594.90 7.7882e-15   3695.06 1 
  3597.57 7.4811e-15   3697.81 1 
  3600.25 7.7508e-15   3700.56 1 
  3602.92 7.9227e-15   3703.31 1 
  3605.60 8.7084e-15   3706.06 1 
  3608.27 8.2768e-15   3708.81 1 
  3610.95 7.7873e-15   3711.56 1 
  3613.62 7.2749e-15   3714.31 1 
  3616.30 7.6321e-15   3717.06 1 
  3618.97 7.8399e-15   3719.81 1 
  3621.65 8.8462e-15   3722.56 1 
  3624.33 8.9877e-15   3725.31 1 
  3627.00 9.1252e-15   3728.06 1 
  3629.68 9.3370e-15   3730.81 1 
  3632.35 9.1224e-15   3733.56 1 
  3635.03 8.7395e-15   3736.31 1 
  3637.70 9.1577e-15   3739.06 1 
  3640.38 9.3075e-15   3741.81 1 
  3643.05 6.2038e-15   3744.56 1 
  3645.73 6.9136e-15   3747.31 1 
  3648.40 8.0525e-15   3750.06 1 
  3651.08 7.4967e-15   3752.81 1 
  3653.76 8.6677e-15   3755.56 1 
  3656.43 9.3286e-15   3758.31 1 
  3659.11 8.3162e-15   3761.06 1 
  3661.78 9.4654e-15   3763.81 1 
  3664.46 8.7329e-15   3766.56 1 
  3667.13 8.7044e-15   3769.31 1 
  3669.81 9.6271e-15   3772.06 1 
  3672.48 8.7780e-15   3774.81 1 
  3675.16 7.6750e-15   3777.56 1 
  3677.83 7.9430e-15   3780.31 1 
  3680.51 8.7728e-15   3783.06 1 
  3683.19 7.4641e-15   3785.81 1 
  3685.86 8.1721e-15   3788.56 1 
  3688.54 8.7293e-15   3791.31 1 
  3691.21 9.1370e-15   3794.06 1 
  3693.89 8.1214e-15   3796.81 1 
  3696.56 8.3856e-15   3799.56 1 
  3699.24 8.3540e-15   3802.31 1 
  3701.91 9.3238e-15   3805.06 1 
  3704.59 8.5305e-15   3807.81 1 
  3707.26 7.9265e-15   3810.56 1 
  3709.94 8.2468e-15   3813.31 1 
  3712.62 1.0025e-14   3816.06 1 
  3715.29 1.2706e-14   3818.81 1 
  3717.97 1.8193e-14   3821.56 1 
  3720.64 2.9285e-14   3824.31 1 
  3723.32 4.5302e-14   3827.06 1 
  3725.99 6.1273e-14   3829.81 1 
  3728.67 6.6058e-14   3832.56 1 
  3731.34 5.4803e-14   3835.31 1 
  3734.02 3.6113e-14   3838.06 1 
  3736.69 2.0199e-14   3840.81 1 
  3739.37 1.3176e-14   3843.56 1 
  3742.05 9.7746e-15   3846.31 1 
  3744.72 8.5022e-15   3849.06 1 
  3747.40 8.3475e-15   3851.81 1 
  3750.07 7.8199e-15   3854.56 1 
  3752.75 8.1477e-15   3857.31 1 
  3755.42 8.7879e-15   3860.06 1 
  3758.10 9.3959e-15   3862.81 1 
  3760.77 9.6880e-15   3865.56 1 
  3763.45 9.0028e-15   3868.31 1 
  3766.12 9.7308e-15   3871.06 1 
  3768.80 9.6504e-15   3873.81 1 
  3771.48 9.4022e-15   3876.56 1 
  3774.15 1.0049e-14   3879.31 1 
  3776.83 9.7271e-15   3882.06 1 
  3779.50 1.0042e-14   3884.81 1 
  3782.18 1.0612e-14   3887.56 1 
  3784.85 1.0673e-14   3890.31 1 
  3787.53 1.0233e-14   3893.06 1 
  3790.20 1.0825e-14   3895.81 1 
  3792.88 9.6402e-15   3898.56 1 
  3795.55 8.7262e-15   3901.31 1 
  3798.23 8.6983e-15   3904.06 1 
  3800.91 9.2731e-15   3906.81 1 
  3803.58 9.9522e-15   3909.56 1 
  3806.26 1.0554e-14   3912.31 1 
  3808.93 1.0449e-14   3915.06 1 
  3811.61 1.0147e-14   3917.81 1 
  3814.28 1.0142e-14   3920.56 1 
  3816.96 9.9686e-15   3923.31 1 
  3819.63 1.0332e-14   3926.06 1 
  3822.31 9.4742e-15   3928.81 1 
  3824.98 9.7544e-15   3931.56 1 
  3827.66 8.4363e-15   3934.31 1 
  3830.34 8.0039e-15   3937.06 1 
  3833.01 8.0024e-15   3939.81 1 
  3835.69 8.4395e-15   3942.56 1 
  3838.36 7.4894e-15   3945.31 1 
  3841.04 7.5936e-15   3948.06 1 
  3843.71 9.3981e-15   3950.81 1 
  3846.39 1.0096e-14   3953.56 1 
  3849.06 1.0112e-14   3956.31 1 
  3851.74 1.0780e-14   3959.06 1 
  3854.41 1.0719e-14   3961.81 1 
  3857.09 1.1331e-14   3964.56 1 
  3859.77 1.1873e-14   3967.31 1 
  3862.44 1.3482e-14   3970.06 1 
  3865.12 1.6039e-14   3972.81 1 
  3867.79 1.7626e-14   3975.56 1 
  3870.47 1.7352e-14   3978.31 1 
  3873.14 1.5537e-14   3981.06 1 
  3875.82 1.3778e-14   3983.81 1 
  3878.49 1.1944e-14   3986.56 1 
  3881.17 1.1311e-14   3989.31 1 
  3883.84 1.0748e-14   3992.06 1 
  3886.52 1.1178e-14   3994.81 1 
  3889.20 1.1081e-14   3997.56 1 
  3891.87 1.1080e-14   4000.31 1 
  3894.55 1.0275e-14   4003.06 1 
  3897.22 1.0234e-14   4005.81 1 
  3899.90 1.0925e-14   4008.56 1 
  3902.57 1.0905e-14   4011.31 1 
  3905.25 1.0586e-14   4014.06 1 
  3907.92 1.0816e-14   4016.81 1 
  3910.60 1.1377e-14   4019.56 1 
  3913.27 1.2478e-14   4022.31 1 
  3915.95 1.2200e-14   4025.06 1 
  3918.63 1.1955e-14   4027.81 1 
  3921.30 1.1181e-14   4030.56 1 
  3923.98 1.1143e-14   4033.31 1 
  3926.65 1.0825e-14   4036.06 1 
  3929.33 9.4923e-15   4038.81 1 
  3932.00 8.7673e-15   4041.56 1 
  3934.68 8.7931e-15   4044.31 1 
  3937.35 8.8331e-15   4047.06 1 
  3940.03 9.1964e-15   4049.81 1 
  3942.70 9.7918e-15   4052.56 1 
  3945.38 1.0636e-14   4055.31 1 
  3948.06 1.0876e-14   4058.06 1 
  3950.73 1.0679e-14   4060.81 1 
  3953.41 1.0920e-14   4063.56 1 
  3956.08 1.1502e-14   4066.31 1 
  3958.76 1.1233e-14   4069.06 1 
  3961.43 1.1572e-14   4071.81 1 
  3964.11 1.1536e-14   4074.56 1 
  3966.78 1.1771e-14   4077.31 1 
  3969.46 1.1252e-14   4080.06 1 
  3972.13 1.1220e-14   4082.81 1 
  3974.81 1.0468e-14   4085.56 1 
  3977.49 1.0406e-14   4088.31 1 
  3980.16 1.0874e-14   4091.06 1 
  3982.84 1.1431e-14   4093.81 1 
  3985.51 1.1760e-14   4096.56 1 
  3988.19 1.2797e-14   4099.31 1 
  3990.86 1.2549e-14   4102.06 1 
  3993.54 1.2770e-14   4104.81 1 
  3996.21 1.2680e-14   4107.56 1 
  3998.89 1.2528e-14   4110.31 1 
  4001.56 1.3401e-14   4113.06 1 
  4004.24 1.3185e-14   4115.81 1 
  4006.92 1.2638e-14   4118.56 1 
  4009.59 1.2873e-14   4121.31 1 
  4012.27 1.2963e-14   4124.06 1 
  4014.94 1.4218e-14   4126.81 1 
  4017.62 1.3098e-14   4129.56 1 
  4020.29 1.3376e-14   4132.31 1 
  4022.97 1.2948e-14   4135.06 1 
  4025.64 1.3726e-14   4137.81 1 
  4028.32 1.3034e-14   4140.56 1 
  4030.99 1.3969e-14   4143.31 1 
  4033.67 1.3099e-14   4146.06 1 
  4036.35 1.3007e-14   4148.81 1 
  4039.02 1.3398e-14   4151.56 1 
  4041.70 1.3872e-14   4154.31 1 
  4044.37 1.4050e-14   4157.06 1 
  4047.05 1.2679e-14   4159.81 1 
  4049.72 1.3173e-14   4162.56 1 
  4052.40 1.3556e-14   4165.31 1 
  4055.07 1.3024e-14   4168.06 1 
  4057.75 1.2339e-14   4170.81 1 
  4060.42 1.2989e-14   4173.56 1 
  4063.10 1.3484e-14   4176.31 1 
  4065.78 1.4334e-14   4179.06 1 
  4068.45 1.3719e-14   4181.81 1 
  4071.13 1.4372e-14   4184.56 1 
  4073.80 1.4180e-14   4187.31 1 
  4076.48 1.3272e-14   4190.06 1 
  4079.15 1.2926e-14   4192.81 1 
  4081.83 1.3325e-14   4195.56 1 
  4084.50 1.3118e-14   4198.31 1 
  4087.18 1.3306e-14   4201.06 1 
  4089.85 1.2890e-14   4203.81 1 
  4092.53 1.3165e-14   4206.56 1 
  4095.21 1.2068e-14   4209.31 1 
  4097.88 1.3148e-14   4212.06 1 
  4100.56 1.4100e-14   4214.81 1 
  4103.23 1.4074e-14   4217.56 1 
  4105.91 1.3002e-14   4220.31 1 
  4108.58 1.2244e-14   4223.06 1 
  4111.26 1.1835e-14   4225.81 1 
  4113.93 1.2492e-14   4228.56 1 
  4116.61 1.2718e-14   4231.31 1 
  4119.28 1.2743e-14   4234.06 1 
  4121.96 1.2812e-14   4236.81 1 
  4124.64 1.3095e-14   4239.56 1 
  4127.31 1.2371e-14   4242.31 1 
  4129.99 1.2396e-14   4245.06 1 
  4132.66 1.1991e-14   4247.81 1 
  4135.34 1.2882e-14   4250.56 1 
  4138.01 1.3563e-14   4253.31 1 
  4140.69 1.3094e-14   4256.06 1 
  4143.36 1.3006e-14   4258.81 1 
  4146.04 1.3163e-14   4261.56 1 
  4148.71 1.3001e-14   4264.31 1 
  4151.39 1.2478e-14   4267.06 1 
  4154.07 1.3228e-14   4269.81 1 
  4156.74 1.2776e-14   4272.56 1 
  4159.42 1.3515e-14   4275.31 1 
  4162.09 1.3679e-14   4278.06 1 
  4164.77 1.3630e-14   4280.81 1 
  4167.44 1.3460e-14   4283.56 1 
  4170.12 1.3003e-14   4286.31 1 
  4172.79 1.2545e-14   4289.06 1 
  4175.47 1.2522e-14   4291.81 1 
  4178.14 1.2414e-14   4294.56 1 
  4180.82 1.2298e-14   4297.31 1 
  4183.50 1.3018e-14   4300.06 1 
  4186.17 1.3831e-14   4302.81 1 
  4188.85 1.3016e-14   4305.56 1 
  4191.52 1.3300e-14   4308.31 1 
  4194.20 1.2863e-14   4311.06 1 
  4196.87 1.2502e-14   4313.81 1 
  4199.55 1.3114e-14   4316.56 1 
  4202.22 1.2302e-14   4319.31 1 
  4204.90 1.2704e-14   4322.06 1 
  4207.57 1.3443e-14   4324.81 1 
  4210.25 1.3711e-14   4327.56 1 
  4212.93 1.3806e-14   4330.31 1 
  4215.60 1.2796e-14   4333.06 1 
  4218.28 1.3333e-14   4335.81 1 
  4220.95 1.3841e-14   4338.56 1 
  4223.63 1.3394e-14   4341.31 1 
  4226.30 1.3604e-14   4344.06 1 
  4228.98 1.2741e-14   4346.81 1 
  4231.65 1.2419e-14   4349.56 1 
  4234.33 1.2868e-14   4352.31 1 
  4237.00 1.2889e-14   4355.06 1 
  4239.68 1.3784e-14   4357.81 1 
  4242.36 1.3732e-14   4360.56 1 
  4245.03 1.3836e-14   4363.31 1 
  4247.71 1.3926e-14   4366.06 1 
  4250.38 1.3756e-14   4368.81 1 
  4253.06 1.3547e-14   4371.56 1 
  4255.73 1.4053e-14   4374.31 1 
  4258.41 1.3964e-14   4377.06 1 
  4261.08 1.2992e-14   4379.81 1 
  4263.76 1.3559e-14   4382.56 1 
  4266.43 1.3705e-14   4385.31 1 
  4269.11 1.3631e-14   4388.06 1 
  4271.79 1.3253e-14   4390.81 1 
  4274.46 1.2976e-14   4393.56 1 
  4277.14 1.3221e-14   4396.31 1 
  4279.81 1.3352e-14   4399.06 1 
  4282.49 1.3211e-14   4401.81 1 
  4285.16 1.3133e-14   4404.56 1 
  4287.84 1.3141e-14   4407.31 1 
  4290.51 1.2532e-14   4410.06 1 
  4293.19 1.2183e-14   4412.81 1 
  4295.86 1.2058e-14   4415.56 1 
  4298.54 1.2271e-14   4418.31 1 
  4301.22 1.1757e-14   4421.06 1 
  4303.89 1.1250e-14   4423.81 1 
  4306.57 1.1042e-14   4426.56 1 
  4309.24 1.1219e-14   4429.31 1 
  4311.92 1.1668e-14   4432.06 1 
  4314.59 1.1973e-14   4434.81 1 
  4317.27 1.2602e-14   4437.56 1 
  4319.94 1.3177e-14   4440.31 1 
  4322.62 1.3264e-14   4443.06 1 
  4325.29 1.3287e-14   4445.81 1 
  4327.97 1.3152e-14   4448.56 1 
  4330.65 1.3100e-14   4451.31 1 
  4333.32 1.4274e-14   4454.06 1 
  4336.00 1.6125e-14   4456.81 1 
  4338.67 1.8240e-14   4459.56 1 
  4341.35 1.8917e-14   4462.31 1 
  4344.02 1.8066e-14   4465.06 1 
  4346.70 1.5775e-14   4467.81 1 
  4349.37 1.4152e-14   4470.56 1 
  4352.05 1.3398e-14   4473.31 1 
  4354.72 1.3014e-14   4476.06 1 
  4357.40 1.3655e-14   4478.81 1 
  4360.08 1.4026e-14   4481.56 1 
  4362.75 1.4555e-14   4484.31 1 
  4365.43 1.4832e-14   4487.06 1 
  4368.10 1.5126e-14   4489.81 1 
  4370.78 1.4439e-14   4492.56 1 
  4373.45 1.4043e-14   4495.31 1 
  4376.13 1.4018e-14   4498.06 1 
  4378.80 1.3362e-14   4500.81 1 
  4381.48 1.2856e-14   4503.56 1 
  4384.15 1.2701e-14   4506.31 1 
  4386.83 1.3144e-14   4509.06 1 
  4389.51 1.3104e-14   4511.81 1 
  4392.18 1.2813e-14   4514.56 1 
  4394.86 1.3024e-14   4517.31 1 
  4397.53 1.3375e-14   4520.06 1 
  4400.21 1.3737e-14   4522.81 1 
  4402.88 1.2999e-14   4525.56 1 
  4405.56 1.3613e-14   4528.31 1 
  4408.23 1.3775e-14   4531.06 1 
  4410.91 1.3326e-14   4533.81 1 
  4413.58 1.3394e-14   4536.56 1 
  4416.26 1.3718e-14   4539.31 1 
  4418.94 1.4176e-14   4542.06 1 
  4421.61 1.4295e-14   4544.81 1 
  4424.29 1.4461e-14   4547.56 1 
  4426.96 1.4657e-14   4550.31 1 
  4429.64 1.4460e-14   4553.06 1 
  4432.31 1.4304e-14   4555.81 1 
  4434.99 1.4415e-14   4558.56 1 
  4437.66 1.4474e-14   4561.31 1 
  4440.34 1.4406e-14   4564.06 1 
  4443.01 1.4592e-14   4566.81 1 
  4445.69 1.4333e-14   4569.56 1 
  4448.37 1.4852e-14   4572.31 1 
  4451.04 1.4936e-14   4575.06 1 
  4453.72 1.4672e-14   4577.81 1 
  4456.39 1.3872e-14   4580.56 1 
  4459.07 1.3669e-14   4583.31 1 
  4461.74 1.4234e-14   4586.06 1 
  4464.42 1.4143e-14   4588.81 1 
  4467.09 1.4789e-14   4591.56 1 
  4469.77 1.5405e-14   4594.31 1 
  4472.44 1.5487e-14   4597.06 1 
  4475.12 1.5626e-14   4599.81 1 
  4477.80 1.5033e-14   4602.56 1 
  4480.47 1.5083e-14   4605.31 1 
  4483.15 1.4499e-14   4608.06 1 
  4485.82 1.3939e-14   4610.81 1 
  4488.50 1.4516e-14   4613.56 1 
  4491.17 1.4814e-14   4616.31 1 
  4493.85 1.4932e-14   4619.06 1 
  4496.52 1.4743e-14   4621.81 1 
  4499.20 1.4807e-14   4624.56 1 
  4501.87 1.5428e-14   4627.31 1 
  4504.55 1.5588e-14   4630.06 1 
  4507.23 1.5273e-14   4632.81 1 
  4509.90 1.5762e-14   4635.56 1 
  4512.58 1.5381e-14   4638.31 1 
  4515.25 1.4909e-14   4641.06 1 
  4517.93 1.5269e-14   4643.81 1 
  4520.60 1.5450e-14   4646.56 1 
  4523.28 1.4895e-14   4649.31 1 
  4525.95 1.4580e-14   4652.06 1 
  4528.63 1.4671e-14   4654.81 1 
  4531.30 1.4024e-14   4657.56 1 
  4533.98 1.4064e-14   4660.31 1 
  4536.66 1.4583e-14   4663.06 1 
  4539.33 1.4304e-14   4665.81 1 
  4542.01 1.4776e-14   4668.56 1 
  4544.68 1.4496e-14   4671.31 1 
  4547.36 1.4516e-14   4674.06 1 
  4550.03 1.4394e-14   4676.81 1 
  4552.71 1.4417e-14   4679.56 1 
  4555.38 1.4913e-14   4682.31 1 
  4558.06 1.4957e-14   4685.06 1 
  4560.73 1.5096e-14   4687.81 1 
  4563.41 1.5389e-14   4690.56 1 
  4566.09 1.5431e-14   4693.31 1 
  4568.76 1.4871e-14   4696.06 1 
  4571.44 1.5047e-14   4698.81 1 
  4574.11 1.5212e-14   4701.56 1 
  4576.79 1.5193e-14   4704.31 1 
  4579.46 1.4861e-14   4707.06 1 
  4582.14 1.4933e-14   4709.81 1 
  4584.81 1.4654e-14   4712.56 1 
  4587.49 1.4688e-14   4715.31 1 
  4590.16 1.4588e-14   4718.06 1 
  4592.84 1.4291e-14   4720.81 1 
  4595.52 1.4712e-14   4723.56 1 
  4598.19 1.4683e-14   4726.31 1 
  4600.87 1.4414e-14   4729.06 1 
  4603.54 1.5014e-14   4731.81 1 
  4606.22 1.4309e-14   4734.56 1 
  4608.89 1.4900e-14   4737.31 1 
  4611.57 1.5152e-14   4740.06 1 
  4614.24 1.5542e-14   4742.81 1 
  4616.92 1.5008e-14   4745.56 1 
  4619.59 1.5045e-14   4748.31 1 
  4622.27 1.5127e-14   4751.06 1 
  4624.95 1.5539e-14   4753.81 1 
  4627.62 1.5536e-14   4756.56 1 
  4630.30 1.5621e-14   4759.31 1 
  4632.97 1.5245e-14   4762.06 1 
  4635.65 1.5291e-14   4764.81 1 
  4638.32 1.4932e-14   4767.56 1 
  4641.00 1.5542e-14   4770.31 1 
  4643.67 1.5418e-14   4773.06 1 
  4646.35 1.5259e-14   4775.81 1 
  4649.02 1.5097e-14   4778.56 1 
  4651.70 1.4960e-14   4781.31 1 
  4654.38 1.5481e-14   4784.06 1 
  4657.05 1.5737e-14   4786.81 1 
  4659.73 1.5877e-14   4789.56 1 
  4662.40 1.5306e-14   4792.31 1 
  4665.08 1.4864e-14   4795.06 1 
  4667.75 1.4873e-14   4797.81 1 
  4670.43 1.4214e-14   4800.56 1 
  4673.10 1.4927e-14   4803.31 1 
  4675.78 1.5502e-14   4806.06 1 
  4678.45 1.5901e-14   4808.81 1 
  4681.13 1.6632e-14   4811.56 1 
  4683.81 1.6939e-14   4814.31 1 
  4686.48 1.7225e-14   4817.06 1 
  4689.16 1.7119e-14   4819.81 1 
  4691.83 1.6654e-14   4822.56 1 
  4694.51 1.6308e-14   4825.31 1 
  4697.18 1.5837e-14   4828.06 1 
  4699.86 1.5184e-14   4830.81 1 
  4702.53 1.5023e-14   4833.56 1 
  4705.21 1.4655e-14   4836.31 1 
  4707.88 1.4785e-14   4839.06 1 
  4710.56 1.5011e-14   4841.81 1 
  4713.24 1.5265e-14   4844.56 1 
  4715.91 1.5644e-14   4847.31 1 
  4718.59 1.5405e-14   4850.06 1 
  4721.26 1.5856e-14   4852.81 1 
  4723.94 1.5530e-14   4855.56 1 
  4726.61 1.5115e-14   4858.31 1 
  4729.29 1.5554e-14   4861.06 1 
  4731.96 1.4863e-14   4863.81 1 
  4734.64 1.5373e-14   4866.56 1 
  4737.31 1.5448e-14   4869.31 1 
  4739.99 1.5340e-14   4872.06 1 
  4742.67 1.5265e-14   4874.81 1 
  4745.34 1.5751e-14   4877.56 1 
  4748.02 1.5404e-14   4880.31 1 
  4750.69 1.5343e-14   4883.06 1 
  4753.37 1.5614e-14   4885.81 1 
  4756.04 1.5699e-14   4888.56 1 
  4758.72 1.5156e-14   4891.31 1 
  4761.39 1.4894e-14   4894.06 1 
  4764.07 1.5047e-14   4896.81 1 
  4766.74 1.4854e-14   4899.56 1 
  4769.42 1.4961e-14   4902.31 1 
  4772.10 1.4932e-14   4905.06 1 
  4774.77 1.5518e-14   4907.81 1 
  4777.45 1.5657e-14   4910.56 1 
  4780.12 1.5405e-14   4913.31 1 
  4782.80 1.5175e-14   4916.06 1 
  4785.47 1.5116e-14   4918.81 1 
  4788.15 1.5357e-14   4921.56 1 
  4790.82 1.4333e-14   4924.31 1 
  4793.50 1.5257e-14   4927.06 1 
  4796.17 1.5384e-14   4929.81 1 
  4798.85 1.5402e-14   4932.56 1 
  4801.53 1.4344e-14   4935.31 1 
  4804.20 1.4616e-14   4938.06 1 
  4806.88 1.5241e-14   4940.81 1 
  4809.55 1.4613e-14   4943.56 1 
  4812.23 1.5140e-14   4946.31 1 
  4814.90 1.4785e-14   4949.06 1 
  4817.58 1.5432e-14   4951.81 1 
  4820.25 1.4803e-14   4954.56 1 
  4822.93 1.5087e-14   4957.31 1 
  4825.60 1.5018e-14   4960.06 1 
  4828.28 1.4934e-14   4962.81 1 
  4830.96 1.4856e-14   4965.56 1 
  4833.63 1.4660e-14   4968.31 1 
  4836.31 1.4276e-14   4971.06 1 
  4838.98 1.4435e-14   4973.81 1 
  4841.66 1.4944e-14   4976.56 1 
  4844.33 1.4571e-14   4979.31 1 
  4847.01 1.4883e-14   4982.06 1 
  4849.68 1.4893e-14   4984.81 1 
  4852.36 1.6567e-14   4987.56 1 
  4855.03 1.9795e-14   4990.31 1 
  4857.71 2.3853e-14   4993.06 1 
  4860.39 2.8400e-14   4995.81 1 
  4863.06 2.9395e-14   4998.56 1 
  4865.74 2.6696e-14   5001.31 1 
  4868.41 2.0527e-14   5004.06 1 
  4871.09 1.7038e-14   5006.81 1 
  4873.76 1.4605e-14   5009.56 1 
  4876.44 1.4177e-14   5012.31 1 
  4879.11 1.3841e-14   5015.06 1 
  4881.79 1.4226e-14   5017.81 1 
  4884.46 1.4485e-14   5020.56 1 
  4887.14 1.4020e-14   5023.31 1 
  4889.82 1.3963e-14   5026.06 1 
  4892.49 1.4165e-14   5028.81 1 
  4895.17 1.4839e-14   5031.56 1 
  4897.84 1.4488e-14   5034.31 1 
  4900.52 1.4680e-14   5037.06 1 
  4903.19 1.4216e-14   5039.81 1 
  4905.87 1.5361e-14   5042.56 1 
  4908.54 1.5028e-14   5045.31 1 
  4911.22 1.4680e-14   5048.06 1 
  4913.89 1.4896e-14   5050.81 1 
  4916.57 1.4680e-14   5053.56 1 
  4919.25 1.4573e-14   5056.31 1 
  4921.92 1.4551e-14   5059.06 1 
  4924.60 1.4784e-14   5061.81 1 
  4927.27 1.4724e-14   5064.56 1 
  4929.95 1.4823e-14   5067.31 1 
  4932.62 1.4562e-14   5070.06 1 
  4935.30 1.4534e-14   5072.81 1 
  4937.97 1.4574e-14   5075.56 1 
  4940.65 1.4618e-14   5078.31 1 
  4943.32 1.4870e-14   5081.06 1 
  4946.00 1.6279e-14   5083.81 1 
  4948.68 1.8188e-14   5086.56 1 
  4951.35 2.1610e-14   5089.31 1 
  4954.03 2.7912e-14   5092.06 1 
  4956.70 3.3238e-14   5094.81 1 
  4959.38 3.6835e-14   5097.56 1 
  4962.05 3.4809e-14   5100.31 1 
  4964.73 2.9463e-14   5103.06 1 
  4967.40 2.3345e-14   5105.81 1 
  4970.08 1.9075e-14   5108.56 1 
  4972.75 1.6408e-14   5111.31 1 
  4975.43 1.5771e-14   5114.06 1 
  4978.11 1.5335e-14   5116.81 1 
  4980.78 1.4993e-14   5119.56 1 
  4983.46 1.4847e-14   5122.31 1 
  4986.13 1.4961e-14   5125.06 1 
  4988.81 1.5538e-14   5127.81 1 
  4991.48 1.6212e-14   5130.56 1 
  4994.16 1.8552e-14   5133.31 1 
  4996.83 2.4822e-14   5136.06 1 
  4999.51 3.9951e-14   5138.81 1 
  5002.18 5.5502e-14   5141.56 1 
  5004.86 7.2745e-14   5144.31 1 
  5007.54 8.0753e-14   5147.06 1 
  5010.21 7.4671e-14   5149.81 1 
  5012.89 5.8027e-14   5152.56 1 
  5015.56 3.9043e-14   5155.31 1 
  5018.24 2.5525e-14   5158.06 1 
  5020.91 1.8534e-14   5160.81 1 
  5023.59 1.6063e-14   5163.56 1 
  5026.26 1.5174e-14   5166.31 1 
  5028.94 1.4312e-14   5169.06 1 
  5031.61 1.4113e-14   5171.81 1 
  5034.29 1.4532e-14   5174.56 1 
  5036.97 1.4197e-14   5177.31 1 
  5039.64 1.4283e-14   5180.06 1 
  5042.32 1.3927e-14   5182.81 1 
  5044.99 1.4136e-14   5185.56 1 
  5047.67 1.3590e-14   5188.31 1 
  5050.34 1.4099e-14   5191.06 1 
  5053.02 1.4502e-14   5193.81 1 
  5055.69 1.4795e-14   5196.56 1 
  5058.37 1.5070e-14   5199.31 1 
  5061.04 1.5251e-14   5202.06 1 
  5063.72 1.4746e-14   5204.81 1 
  5066.40 1.4079e-14   5207.56 1 
  5069.07 1.3806e-14   5210.31 1 
  5071.75 1.3861e-14   5213.06 1 
  5074.42 1.3765e-14   5215.81 1 
  5077.10 1.4089e-14   5218.56 1 
  5079.77 1.3461e-14   5221.31 1 
  5082.45 1.3392e-14   5224.06 1 
  5085.12 1.4082e-14   5226.81 1 
  5087.80 1.4087e-14   5229.56 1 
  5090.47 1.4107e-14   5232.31 1 
  5093.15 1.4935e-14   5235.06 1 
  5095.83 1.4090e-14   5237.81 1 
  5098.50 1.4260e-14   5240.56 1 
  5101.18 1.3961e-14   5243.31 1 
  5103.85 1.4315e-14   5246.06 1 
  5106.53 1.3885e-14   5248.81 1 
  5109.20 1.4255e-14   5251.56 1 
  5111.88 1.4156e-14   5254.31 1 
  5114.55 1.4374e-14   5257.06 1 
  5117.23 1.4340e-14   5259.81 1 
  5119.90 1.3837e-14   5262.56 1 
  5122.58 1.3721e-14   5265.31 1 
  5125.26 1.3270e-14   5268.06 1 
  5127.93 1.4064e-14   5270.81 1 
  5130.61 1.3641e-14   5273.56 1 
  5133.28 1.3656e-14   5276.31 1 
  5135.96 1.3630e-14   5279.06 1 
  5138.63 1.3992e-14   5281.81 1 
  5141.31 1.3717e-14   5284.56 1 
  5143.98 1.3686e-14   5287.31 1 
  5146.66 1.3821e-14   5290.06 1 
  5149.33 1.3931e-14   5292.81 1 
  5152.01 1.3514e-14   5295.56 1 
  5154.69 1.3888e-14   5298.31 1 
  5157.36 1.4068e-14   5301.06 1 
  5160.04 1.4221e-14   5303.81 1 
  5162.71 1.3814e-14   5306.56 1 
  5165.39 1.3461e-14   5309.31 1 
  5168.06 1.2708e-14   5312.06 1 
  5170.74 1.2578e-14   5314.81 1 
  5173.41 1.2312e-14   5317.56 1 
  5176.09 1.2812e-14   5320.31 1 
  5178.76 1.3495e-14   5323.06 1 
  5181.44 1.3158e-14   5325.81 1 
  5184.12 1.3078e-14   5328.56 1 
  5186.79 1.2823e-14   5331.31 1 
  5189.47 1.3194e-14   5334.06 1 
  5192.14 1.3853e-14   5336.81 1 
  5194.82 1.4862e-14   5339.56 1 
  5197.49 1.5123e-14   5342.31 1 
  5200.17 1.5495e-14   5345.06 1 
  5202.84 1.5131e-14   5347.81 1 
  5205.52 1.4980e-14   5350.56 1 
  5208.19 1.4073e-14   5353.31 1 
  5210.87 1.3809e-14   5356.06 1 
  5213.55 1.4021e-14   5358.81 1 
  5216.22 1.4341e-14   5361.56 1 
  5218.90 1.4299e-14   5364.31 1 
  5221.57 1.4499e-14   5367.06 1 
  5224.25 1.4344e-14   5369.81 1 
  5226.92 1.3859e-14   5372.56 1 
  5229.60 1.3929e-14   5375.31 1 
  5232.27 1.3690e-14   5378.06 1 
  5234.95 1.3919e-14   5380.81 1 
  5237.62 1.4345e-14   5383.56 1 
  5240.30 1.4285e-14   5386.31 1 
  5242.98 1.4456e-14   5389.06 1 
  5245.65 1.4614e-14   5391.81 1 
  5248.33 1.4803e-14   5394.56 1 
  5251.00 1.4257e-14   5397.31 1 
  5253.68 1.4691e-14   5400.06 1 
  5256.35 1.4214e-14   5402.81 1 
  5259.03 1.4473e-14   5405.56 1 
  5261.70 1.4272e-14   5408.31 1 
  5264.38 1.3660e-14   5411.06 1 
  5267.05 1.3459e-14   5413.81 1 
  5269.73 1.3507e-14   5416.56 1 
  5272.41 1.3142e-14   5419.31 1 
  5275.08 1.3498e-14   5422.06 1 
  5277.76 1.4056e-14   5424.81 1 
  5280.43 1.4459e-14   5427.56 1 
  5283.11 1.4221e-14   5430.31 1 
  5285.78 1.5385e-14   5433.06 1 
  5288.46 1.5265e-14   5435.81 1 
  5291.13 1.5333e-14   5438.56 1 
  5293.81 1.5074e-14   5441.31 1 
  5296.48 1.4987e-14   5444.06 1 
  5299.16 1.4681e-14   5446.81 1 
  5301.84 1.4239e-14   5449.56 1 
  5304.51 1.4655e-14   5452.31 1 
  5307.19 1.5261e-14   5455.06 1 
  5309.86 1.4863e-14   5457.81 1 
  5312.54 1.5075e-14   5460.56 1 
  5315.21 1.4831e-14   5463.31 1 
  5317.89 1.5069e-14   5466.06 1 
  5320.56 1.4663e-14   5468.81 1 
  5323.24 1.5122e-14   5471.56 1 
  5325.91 1.4199e-14   5474.31 1 
  5328.59 1.4623e-14   5477.06 1 
  5331.27 1.4411e-14   5479.81 1 
  5333.94 1.4789e-14   5482.56 1 
  5336.62 1.4252e-14   5485.31 1 
  5339.29 1.4401e-14   5488.06 1 
  5341.97 1.4429e-14   5490.81 1 
  5344.64 1.4546e-14   5493.56 1 
  5347.32 1.5007e-14   5496.31 1 
  5349.99 1.5073e-14   5499.06 1 
  5352.67 1.5101e-14   5501.81 1 
  5355.34 1.5698e-14   5504.56 1 
  5358.02 1.5364e-14   5507.31 1 
  5360.70 1.5401e-14   5510.06 1 
  5363.37 1.5098e-14   5512.81 1 
  5366.05 1.4240e-14   5515.56 1 
  5368.72 1.5323e-14   5518.31 1 
  5371.40 1.4377e-14   5521.06 1 
  5374.07 1.5077e-14   5523.81 1 
  5376.75 1.4573e-14   5526.56 1 
  5379.42 1.5234e-14   5529.31 1 
  5382.10 1.5099e-14   5532.06 1 
  5384.77 1.5060e-14   5534.81 1 
  5387.45 1.4453e-14   5537.56 1 
  5390.13 1.5086e-14   5540.31 1 
  5392.80 1.4814e-14   5543.06 1 
  5395.48 1.4128e-14   5545.81 1 
  5398.15 1.3858e-14   5548.56 1 
  5400.83 1.4112e-14   5551.31 1 
  5403.50 1.3372e-14   5554.06 1 
  5406.18 1.4290e-14   5556.81 1 
  5408.85 1.3413e-14   5559.56 1 
  5411.53 1.4085e-14   5562.31 1 
  5414.20 1.3886e-14   5565.06 1 
  5416.88 1.4001e-14   5567.81 1 
  5419.55 1.4369e-14   5570.56 1 
  5422.23 1.4267e-14   5573.31 1 
  5424.91 1.4667e-14   5576.06 1 
  5427.58 1.4261e-14   5578.81 1 
  5430.26 1.4873e-14   5581.56 1 
  5432.93 1.4216e-14   5584.31 1 
  5435.61 1.4464e-14   5587.06 1 
  5438.28 1.4324e-14   5589.81 1 
  5440.96 1.4642e-14   5592.56 1 
  5443.63 1.5096e-14   5595.31 1 
  5446.31 1.4183e-14   5598.06 1 
  5448.98 1.4577e-14   5600.81 1 
  5451.66 1.4313e-14   5603.56 1 
  5454.34 1.4531e-14   5606.31 1 
  5457.01 1.4268e-14   5609.06 1 
  5459.69 1.5130e-14   5611.81 1 
  5462.36 1.4742e-14   5614.56 1 
  5465.04 1.4717e-14   5617.31 1 
  5467.71 1.4799e-14   5620.06 1 
  5470.39 1.4896e-14   5622.81 1 
  5473.06 1.4731e-14   5625.56 1 
  5475.74 1.4554e-14   5628.31 1 
  5478.41 1.3873e-14   5631.06 1 
  5481.09 1.4457e-14   5633.81 1 
  5483.77 1.4856e-14   5636.56 1 
  5486.44 1.4615e-14   5639.31 1 
  5489.12 1.4666e-14   5642.06 1 
  5491.79 1.4130e-14   5644.81 1 
  5494.47 1.4313e-14   5647.56 1 
  5497.14 1.4744e-14   5650.31 1 
  5499.82 1.5163e-14   5653.06 1 
  5502.49 1.4515e-14   5655.81 1 
  5505.17 1.4120e-14   5658.56 1 
  5507.84 1.4383e-14   5661.31 1 
  5510.52 1.4819e-14   5664.06 1 
  5513.20 1.4697e-14   5666.81 1 
  5515.87 1.4613e-14   5669.56 1 
  5518.55 1.4562e-14   5672.31 1 
  5521.22 1.4463e-14   5675.06 1 
  5523.90 1.4487e-14   5677.81 1 
  5526.57 1.4731e-14   5680.56 1 
  5529.25 1.4849e-14   5683.31 1 
  5531.92 1.4530e-14   5686.06 1 
  5534.60 1.4282e-14   5688.81 1 
  5537.27 1.4203e-14   5691.56 1 
  5539.95 1.4774e-14   5694.31 1 
  5542.63 1.4532e-14   5697.06 1 
  5545.30 1.5088e-14   5699.81 1 
  5547.98 1.4418e-14   5702.56 1 
  5550.65 1.4567e-14   5705.31 1 
  5553.33 1.4817e-14   5708.06 1 
  5556.00 1.5195e-14   5710.81 1 
  5558.68 1.4349e-14   5713.56 1 
  5561.35 1.4527e-14   5716.31 1 
  5564.03 1.4752e-14   5719.06 1 
  5566.70 1.4786e-14   5721.81 1 
  5569.38 1.4548e-14   5724.56 1 
  5572.06 1.4464e-14   5727.31 1 
  5574.73 1.4716e-14   5730.06 1 
  5577.41 1.4668e-14   5732.81 1 
  5580.08 1.5097e-14   5735.56 1 
  5582.76 1.4649e-14   5738.31 1 
  5585.43 1.4530e-14   5741.06 1 
  5588.11 1.4395e-14   5743.81 1 
  5590.78 1.3527e-14   5746.56 1 
  5593.46 1.4208e-14   5749.31 1 
  5596.13 1.4105e-14   5752.06 1 
  5598.81 1.4317e-14   5754.81 1 
  5601.49 1.4554e-14   5757.56 1 
  5604.16 1.4461e-14   5760.31 1 
  5606.84 1.4876e-14   5763.06 1 
  5609.51 1.4873e-14   5765.81 1 
  5612.19 1.4392e-14   5768.56 1 
  5614.86 1.4187e-14   5771.31 1 
  5617.54 1.4406e-14   5774.06 1 
  5620.21 1.4442e-14   5776.81 1 
  5622.89 1.4816e-14   5779.56 1 
  5625.56 1.4367e-14   5782.31 1 
  5628.24 1.4585e-14   5785.06 1 
  5630.92 1.4177e-14   5787.81 1 
  5633.59 1.4842e-14   5790.56 1 
  5636.27 1.5042e-14   5793.31 1 
  5638.94 1.4301e-14   5796.06 1 
  5641.62 1.4413e-14   5798.81 1 
  5644.29 1.4766e-14   5801.56 1 
  5646.97 1.4397e-14   5804.31 1 
  5649.64 1.4553e-14   5807.06 1 
  5652.32 1.3924e-14   5809.81 1 
  5654.99 1.4126e-14   5812.56 1 
  5657.67 1.4413e-14   5815.31 1 
  5660.35 1.4106e-14   5818.06 1 
  5663.02 1.4020e-14   5820.81 1 
  5665.70 1.4324e-14   5823.56 1 
  5668.37 1.4558e-14   5826.31 1 
  5671.05 1.4749e-14   5829.06 1 
  5673.72 1.4332e-14   5831.81 1 
  5676.40 1.4808e-14   5834.56 1 
  5679.07 1.4860e-14   5837.31 1 
  5681.75 1.4617e-14   5840.06 1 
  5684.42 1.4374e-14   5842.81 1 
  5687.10 1.4257e-14   5845.56 1 
  5689.78 1.3786e-14   5848.31 1 
  5692.45 1.4995e-14   5851.06 1 
  5695.13 1.4897e-14   5853.81 1 
  5697.80 1.4898e-14   5856.56 1 
  5700.48 1.4482e-14   5859.31 1 
  5703.15 1.4403e-14   5862.06 1 
  5705.83 1.4181e-14   5864.81 1 
  5708.50 1.4233e-14   5867.56 1 
  5711.18 1.3853e-14   5870.31 1 
  5713.85 1.4284e-14   5873.06 1 
  5716.53 1.4427e-14   5875.81 1 
  5719.21 1.4584e-14   5878.56 1 
  5721.88 1.4297e-14   5881.31 1 
  5724.56 1.4952e-14   5884.06 1 
  5727.23 1.4833e-14   5886.81 1 
  5729.91 1.4401e-14   5889.56 1 
  5732.58 1.5027e-14   5892.31 1 
  5735.26 1.4664e-14   5895.06 1 
  5737.93 1.4944e-14   5897.81 1 
  5740.61 1.4999e-14   5900.56 1 
  5743.28 1.4789e-14   5903.31 1 
  5745.96 1.4994e-14   5906.06 1 
  5748.64 1.4457e-14   5908.81 1 
  5751.31 1.4951e-14   5911.56 1 
  5753.99 1.4604e-14   5914.31 1 
  5756.66 1.4554e-14   5917.06 1 
  5759.34 1.4268e-14   5919.81 1 
  5762.01 1.4612e-14   5922.56 1 
  5764.69 1.4656e-14   5925.31 1 
  5767.36 1.5024e-14   5928.06 1 
  5770.04 1.4984e-14   5930.81 1 
  5772.71 1.4583e-14   5933.56 1 
  5775.39 1.4283e-14   5936.31 1 
  5778.07 1.4098e-14   5939.06 1 
  5780.74 1.4398e-14   5941.81 1 
  5783.42 1.4613e-14   5944.56 1 
  5786.09 1.3873e-14   5947.31 1 
  5788.77 1.4124e-14   5950.06 1 
  5791.44 1.4307e-14   5952.81 1 
  5794.12 1.4269e-14   5955.56 1 
  5796.79 1.4725e-14   5958.31 1 
  5799.47 1.4652e-14   5961.06 1 
  5802.14 1.4568e-14   5963.81 1 
  5804.82 1.5031e-14   5966.56 1 
  5807.50 1.4630e-14   5969.31 1 
  5810.17 1.4586e-14   5972.06 1 
  5812.85 1.4574e-14   5974.81 1 
  5815.52 1.4373e-14   5977.56 1 
  5818.20 1.4366e-14   5980.31 1 
  5820.87 1.4610e-14   5983.06 1 
  5823.55 1.4887e-14   5985.81 1 
  5826.22 1.5086e-14   5988.56 1 
  5828.90 1.4894e-14   5991.31 1 
  5831.57 1.4669e-14   5994.06 1 
  5834.25 1.4419e-14   5996.81 1 
  5836.93 1.5214e-14   5999.56 1 
  5839.60 1.4624e-14   6002.31 1 
  5842.28 1.4661e-14   6005.06 1 
  5844.95 1.4944e-14   6007.81 1 
  5847.63 1.4456e-14   6010.56 1 
  5850.30 1.4569e-14   6013.31 1 
  5852.98 1.4408e-14   6016.06 1 
  5855.65 1.4636e-14   6018.81 1 
  5858.33 1.4298e-14   6021.56 1 
  5861.00 1.4367e-14   6024.31 1 
  5863.68 1.4592e-14   6027.06 1 
  5866.36 1.5052e-14   6029.81 1 
  5869.03 1.4882e-14   6032.56 1 
  5871.71 1.5463e-14   6035.31 1 
  5874.38 1.5756e-14   6038.06 1 
  5877.06 1.6498e-14   6040.81 1 
  5879.73 1.6371e-14   6043.56 1 
  5882.41 1.5211e-14   6046.31 1 
  5885.08 1.4809e-14   6049.06 1 
  5887.76 1.3571e-14   6051.81 1 
  5890.43 1.3162e-14   6054.56 1 
  5893.11 1.3038e-14   6057.31 1 
  5895.79 1.2706e-14   6060.06 1 
  5898.46 1.2764e-14   6062.81 1 
  5901.14 1.3071e-14   6065.56 1 
  5903.81 1.3947e-14   6068.31 1 
  5906.49 1.3707e-14   6071.06 1 
  5909.16 1.3963e-14   6073.81 1 
  5911.84 1.4195e-14   6076.56 1 
  5914.51 1.4394e-14   6079.31 1 
  5917.19 1.4296e-14   6082.06 1 
  5919.86 1.4174e-14   6084.81 1 
  5922.54 1.4429e-14   6087.56 1 
  5925.22 1.4218e-14   6090.31 1 
  5927.89 1.3945e-14   6093.06 1 
  5930.57 1.4786e-14   6095.81 1 
  5933.24 1.4899e-14   6098.56 1 
  5935.92 1.4322e-14   6101.31 1 
  5938.59 1.4523e-14   6104.06 1 
  5941.27 1.4483e-14   6106.81 1 
  5943.94 1.4076e-14   6109.56 1 
  5946.62 1.4085e-14   6112.31 1 
  5949.29 1.4262e-14   6115.06 1 
  5951.97 1.3725e-14   6117.81 1 
  5954.65 1.4087e-14   6120.56 1 
  5957.32 1.4565e-14   6123.31 1 
  5960.00 1.4785e-14   6126.06 1 
  5962.67 1.4604e-14   6128.81 1 
  5965.35 1.4317e-14   6131.56 1 
  5968.02 1.4286e-14   6134.31 1 
  5970.70 1.4778e-14   6137.06 1 
  5973.37 1.4497e-14   6139.81 1 
  5976.05 1.4003e-14   6142.56 1 
  5978.72 1.3827e-14   6145.31 1 
  5981.40 1.4257e-14   6148.06 1 
  5984.08 1.4160e-14   6150.81 1 
  5986.75 1.4329e-14   6153.56 1 
  5989.43 1.4444e-14   6156.31 1 
  5992.10 1.4567e-14   6159.06 1 
  5994.78 1.4294e-14   6161.81 1 
  5997.45 1.4175e-14   6164.56 1 
  6000.13 1.4507e-14   6167.31 1 
  6002.80 1.3925e-14   6170.06 1 
  6005.48 1.3688e-14   6172.81 1 
  6008.15 1.3835e-14   6175.56 1 
  6010.83 1.3902e-14   6178.31 1 
  6013.51 1.4016e-14   6181.06 1 
  6016.18 1.3828e-14   6183.81 1 
  6018.86 1.3354e-14   6186.56 1 
  6021.53 1.3763e-14   6189.31 1 
  6024.21 1.3923e-14   6192.06 1 
  6026.88 1.3891e-14   6194.81 1 
  6029.56 1.4191e-14   6197.56 1 
  6032.23 1.4465e-14   6200.31 1 
  6034.91 1.4449e-14   6203.06 1 
  6037.58 1.4410e-14   6205.81 1 
  6040.26 1.4732e-14   6208.56 1 
  6042.94 1.4870e-14   6211.31 1 
  6045.61 1.4433e-14   6214.06 1 
  6048.29 1.4516e-14   6216.81 1 
  6050.96 1.4810e-14   6219.56 1 
  6053.64 1.4786e-14   6222.31 1 
  6056.31 1.4453e-14   6225.06 1 
  6058.99 1.4532e-14   6227.81 1 
  6061.66 1.4757e-14   6230.56 1 
  6064.34 1.4716e-14   6233.31 1 
  6067.01 1.4304e-14   6236.06 1 
  6069.69 1.4232e-14   6238.81 1 
  6072.37 1.4303e-14   6241.56 1 
  6075.04 1.4312e-14   6244.31 1 
  6077.72 1.4575e-14   6247.06 1 
  6080.39 1.4927e-14   6249.81 1 
  6083.07 1.4677e-14   6252.56 1 
  6085.74 1.4464e-14   6255.31 1 
  6088.42 1.4639e-14   6258.06 1 
  6091.09 1.3967e-14   6260.81 1 
  6093.77 1.4088e-14   6263.56 1 
  6096.44 1.4583e-14   6266.31 1 
  6099.12 1.4604e-14   6269.06 1 
  6101.80 1.3933e-14   6271.81 1 
  6104.47 1.4532e-14   6274.56 1 
  6107.15 1.4049e-14   6277.31 1 
  6109.82 1.4174e-14   6280.06 1 
  6112.50 1.4533e-14   6282.81 1 
  6115.17 1.4421e-14   6285.56 1 
  6117.85 1.4702e-14   6288.31 1 
  6120.52 1.4407e-14   6291.06 1 
  6123.20 1.4227e-14   6293.81 1 
  6125.87 1.4382e-14   6296.56 1 
  6128.55 1.4779e-14   6299.31 1 
  6131.23 1.4126e-14   6302.06 1 
  6133.90 1.3988e-14   6304.81 1 
  6136.58 1.4664e-14   6307.56 1 
  6139.25 1.3961e-14   6310.31 1 
  6141.93 1.3900e-14   6313.06 1 
  6144.60 1.3461e-14   6315.81 1 
  6147.28 1.4159e-14   6318.56 1 
  6149.95 1.4184e-14   6321.31 1 
  6152.63 1.4387e-14   6324.06 1 
  6155.30 1.4192e-14   6326.81 1 
  6157.98 1.3690e-14   6329.56 1 
  6160.66 1.2906e-14   6332.31 1 
  6163.33 1.3482e-14   6335.06 1 
  6166.01 1.3829e-14   6337.81 1 
  6168.68 1.3298e-14   6340.56 1 
  6171.36 1.3763e-14   6343.31 1 
  6174.03 1.3728e-14   6346.06 1 
  6176.71 1.3859e-14   6348.81 1 
  6179.38 1.4010e-14   6351.56 1 
  6182.06 1.3874e-14   6354.31 1 
  6184.73 1.3764e-14   6357.06 1 
  6187.41 1.4581e-14   6359.81 1 
  6190.09 1.3832e-14   6362.56 1 
  6192.76 1.3625e-14   6365.31 1 
  6195.44 1.3603e-14   6368.06 1 
  6198.11 1.3805e-14   6370.81 1 
  6200.79 1.4159e-14   6373.56 1 
  6203.46 1.4037e-14   6376.31 1 
  6206.14 1.4541e-14   6379.06 1 
  6208.81 1.3770e-14   6381.81 1 
  6211.49 1.4144e-14   6384.56 1 
  6214.16 1.4077e-14   6387.31 1 
  6216.84 1.3642e-14   6390.06 1 
  6219.52 1.3123e-14   6392.81 1 
  6222.19 1.3496e-14   6395.56 1 
  6224.87 1.3370e-14   6398.31 1 
  6227.54 1.3547e-14   6401.06 1 
  6230.22 1.3453e-14   6403.81 1 
  6232.89 1.3216e-14   6406.56 1 
  6235.57 1.2962e-14   6409.31 1 
  6238.24 1.3198e-14   6412.06 1 
  6240.92 1.3258e-14   6414.81 1 
  6243.59 1.3213e-14   6417.56 1 
  6246.27 1.2587e-14   6420.31 1 
  6248.95 1.2738e-14   6423.06 1 
  6251.62 1.3024e-14   6425.81 1 
  6254.30 1.3330e-14   6428.56 1 
  6256.97 1.3463e-14   6431.31 1 
  6259.65 1.3190e-14   6434.06 1 
  6262.32 1.3265e-14   6436.81 1 
  6265.00 1.3441e-14   6439.56 1 
  6267.67 1.3410e-14   6442.31 1 
  6270.35 1.3496e-14   6445.06 1 
  6273.02 1.3772e-14   6447.81 1 
  6275.70 1.3709e-14   6450.56 1 
  6278.38 1.3805e-14   6453.31 1 
  6281.05 1.3616e-14   6456.06 1 
  6283.73 1.3895e-14   6458.81 1 
  6286.40 1.4051e-14   6461.56 1 
  6289.08 1.4520e-14   6464.31 1 
  6291.75 1.5445e-14   6467.06 1 
  6294.43 1.6340e-14   6469.81 1 
  6297.10 1.7596e-14   6472.56 1 
  6299.78 1.8292e-14   6475.31 1 
  6302.45 1.8549e-14   6478.06 1 
  6305.13 1.8109e-14   6480.81 1 
  6307.81 1.6729e-14   6483.56 1 
  6310.48 1.5165e-14   6486.31 1 
  6313.16 1.4497e-14   6489.06 1 
  6315.83 1.3811e-14   6491.81 1 
  6318.51 1.4169e-14   6494.56 1 
  6321.18 1.3829e-14   6497.31 1 
  6323.86 1.3031e-14   6500.06 1 
  6326.53 1.2666e-14   6502.81 1 
  6329.21 1.3222e-14   6505.56 1 
  6331.88 1.3688e-14   6508.31 1 
  6334.56 1.3487e-14   6511.06 1 
  6337.24 1.3365e-14   6513.81 1 
  6339.91 1.3537e-14   6516.56 1 
  6342.59 1.3934e-14   6519.31 1 
  6345.26 1.3768e-14   6522.06 1 
  6347.94 1.3475e-14   6524.81 1 
  6350.61 1.3949e-14   6527.56 1 
  6353.29 1.4291e-14   6530.31 1 
  6355.96 1.4658e-14   6533.06 1 
  6358.64 1.4163e-14   6535.81 1 
  6361.31 1.4525e-14   6538.56 1 
  6363.99 1.5156e-14   6541.31 1 
  6366.67 1.5297e-14   6544.06 1 
  6369.34 1.4553e-14   6546.81 1 
  6372.02 1.4560e-14   6549.56 1 
  6374.69 1.4598e-14   6552.31 1 
  6377.37 1.3866e-14   6555.06 1 
  6380.04 1.3269e-14   6557.81 1 
  6382.72 1.3727e-14   6560.56 1 
  6385.39 1.3904e-14   6563.31 1 
  6388.07 1.4156e-14   6566.06 1 
  6390.74 1.3602e-14   6568.81 1 
  6393.42 1.3850e-14   6571.56 1 
  6396.10 1.3597e-14   6574.31 1 
  6398.77 1.2659e-14   6577.06 1 
  6401.45 1.2837e-14   6579.81 1 
  6404.12 1.4128e-14   6582.56 1 
  6406.80 1.3562e-14   6585.31 1 
  6409.47 1.3802e-14   6588.06 1 
  6412.15 1.3881e-14   6590.81 1 
  6414.82 1.3848e-14   6593.56 1 
  6417.50 1.4087e-14   6596.31 1 
  6420.17 1.3898e-14   6599.06 1 
  6422.85 1.3738e-14   6601.81 1 
  6425.53 1.3880e-14   6604.56 1 
  6428.20 1.3704e-14   6607.31 1 
  6430.88 1.3862e-14   6610.06 1 
  6433.55 1.3622e-14   6612.81 1 
  6436.23 1.3374e-14   6615.56 1 
  6438.90 1.4189e-14   6618.31 1 
  6441.58 1.4473e-14   6621.06 1 
  6444.25 1.3978e-14   6623.81 1 
  6446.93 1.4074e-14   6626.56 1 
  6449.60 1.3321e-14   6629.31 1 
  6452.28 1.3086e-14   6632.06 1 
  6454.96 1.3841e-14   6634.81 1 
  6457.63 1.3428e-14   6637.56 1 
  6460.31 1.3897e-14   6640.31 1 
  6462.98 1.3717e-14   6643.06 1 
  6465.66 1.3519e-14   6645.81 1 
  6468.33 1.3597e-14   6648.56 1 
  6471.01 1.4108e-14   6651.31 1 
  6473.68 1.4091e-14   6654.06 1 
  6476.36 1.3784e-14   6656.81 1 
  6479.03 1.3735e-14   6659.56 1 
  6481.71 1.3430e-14   6662.31 1 
  6484.39 1.4288e-14   6665.06 1 
  6487.06 1.3758e-14   6667.81 1 
  6489.74 1.3313e-14   6670.56 1 
  6492.41 1.3212e-14   6673.31 1 
  6495.09 1.3573e-14   6676.06 1 
  6497.76 1.3756e-14   6678.81 1 
  6500.44 1.3308e-14   6681.56 1 
  6503.11 1.3064e-14   6684.31 1 
  6505.79 1.3840e-14   6687.06 1 
  6508.46 1.3865e-14   6689.81 1 
  6511.14 1.4337e-14   6692.56 1 
  6513.82 1.4492e-14   6695.31 1 
  6516.49 1.3704e-14   6698.06 1 
  6519.17 1.3939e-14   6700.81 1 
  6521.84 1.3750e-14   6703.56 1 
  6524.52 1.3745e-14   6706.31 1 
  6527.19 1.4453e-14   6709.06 1 
  6529.87 1.4244e-14   6711.81 1 
  6532.54 1.4700e-14   6714.56 1 
  6535.22 1.5474e-14   6717.31 1 
  6537.89 1.6754e-14   6720.06 1 
  6540.57 1.8712e-14   6722.81 1 
  6543.25 2.1754e-14   6725.56 1 
  6545.92 2.5850e-14   6728.31 1 
  6548.60 2.9224e-14   6731.06 1 
  6551.27 3.1960e-14   6733.81 1 
  6553.95 3.6538e-14   6736.56 1 
  6556.62 4.3256e-14   6739.31 1 
  6559.30 5.5812e-14   6742.06 1 
  6561.97 6.7276e-14   6744.81 1 
  6564.65 7.1423e-14   6747.56 1 
  6567.32 6.2867e-14   6750.31 1 
  6570.00 4.8581e-14   6753.06 1 
  6572.68 3.6192e-14   6755.81 1 
  6575.35 3.1890e-14   6758.56 1 
  6578.03 3.5157e-14   6761.31 1 
  6580.70 4.1564e-14   6764.06 1 
  6583.38 4.7991e-14   6766.81 1 
  6586.05 4.6691e-14   6769.56 1 
  6588.73 3.9602e-14   6772.31 1 
  6591.40 3.0073e-14   6775.06 1 
  6594.08 2.1436e-14   6777.81 1 
  6596.75 1.6390e-14   6780.56 1 
  6599.43 1.3873e-14   6783.31 1 
  6602.11 1.3371e-14   6786.06 1 
  6604.78 1.3634e-14   6788.81 1 
  6607.46 1.3488e-14   6791.56 1 
  6610.13 1.2948e-14   6794.31 1 
  6612.81 1.3383e-14   6797.06 1 
  6615.48 1.3375e-14   6799.81 1 
  6618.16 1.4063e-14   6802.56 1 
  6620.83 1.4065e-14   6805.31 1 
  6623.51 1.4095e-14   6808.06 1 
  6626.18 1.3608e-14   6810.81 1 
  6628.86 1.3144e-14   6813.56 1 
  6631.54 1.3156e-14   6816.31 1 
  6634.21 1.3435e-14   6819.06 1 
  6636.89 1.3245e-14   6821.81 1 
  6639.56 1.3172e-14   6824.56 1 
  6642.24 1.3878e-14   6827.31 1 
  6653.72 1.3658e-14   6839.12 0 
  6669.06 1.3254e-14   6854.88 0 
  6684.43 1.3010e-14   6870.68 0 
  6699.85 1.3591e-14   6886.52 0 
  6715.29 1.3495e-14   6902.40 0 
  6730.77 1.3401e-14   6918.31 0 
  6746.29 1.3246e-14   6934.26 0 
  6761.84 1.3306e-14   6950.24 0 
  6777.42 1.3213e-14   6966.26 0 
  6793.05 1.3181e-14   6982.33 0 
  6808.71 1.3424e-14   6998.42 0 
  6824.40 1.3485e-14   7014.55 0 
  6840.13 1.3483e-14   7030.72 0 
  6855.91 1.3420e-14   7046.93 0 
  6871.71 1.2873e-14   7063.18 0 
  6887.55 1.3232e-14   7079.46 0 
  6903.43 1.3231e-14   7095.78 0 
  6919.34 1.3260e-14   7112.14 0 
  6935.29 1.3197e-14   7128.53 0 
  6951.28 1.3534e-14   7144.96 0 
  6967.30 1.3409e-14   7161.43 0 
  6983.36 1.2922e-14   7177.94 0 
  6999.47 1.3467e-14   7194.49 0 
  7015.60 1.3342e-14   7211.08 0 
  7031.77 1.2977e-14   7227.70 0 
  7047.98 1.3681e-14   7244.36 0 
  7064.23 1.3124e-14   7261.06 0 
  7080.51 1.3214e-14   7277.80 0 
  7096.83 1.2531e-14   7294.57 0 
  7113.20 1.2704e-14   7311.39 0 
  7129.59 1.2673e-14   7328.25 0 
  7146.03 1.2526e-14   7345.14 0 
  7162.50 1.2612e-14   7362.07 0 
  7179.01 1.2552e-14   7379.04 0 
  7195.56 1.1794e-14   7396.05 0 
  7212.15 1.2235e-14   7413.10 0 
  7228.78 1.2605e-14   7430.19 0 
  7245.44 1.2662e-14   7447.32 0 
  7262.14 1.2660e-14   7464.49 0 
  7278.88 1.2747e-14   7481.70 0 
  7295.66 1.2341e-14   7498.94 0 
  7312.48 1.2951e-14   7516.23 0 
  7329.34 1.3190e-14   7533.56 0 
  7346.23 1.3464e-14   7550.92 0 
  7363.17 1.2680e-14   7568.33 0 
  7380.14 1.3523e-14   7585.78 0 
  7397.16 1.2943e-14   7603.26 0 
  7414.21 1.3365e-14   7620.79 0 
  7431.30 1.2939e-14   7638.36 0 
  7448.43 1.3118e-14   7655.97 0 
  7465.60 1.3483e-14   7673.61 0 
  7482.81 1.3327e-14   7691.30 0 
  7500.06 1.3113e-14   7709.04 0 
  7517.35 1.3263e-14   7726.81 0 
  7534.68 1.3633e-14   7744.62 0 
  7552.05 1.3568e-14   7762.47 0 
  7569.46 1.3411e-14   7780.37 0 
  7586.91 1.3440e-14   7798.30 0 
  7604.39 1.3224e-14   7816.28 0 
  7621.93 1.3314e-14   7834.30 0 
  7639.50 1.2979e-14   7852.36 0 
  7657.11 1.3067e-14   7870.46 0 
  7674.76 1.1726e-14   7888.60 0 
  7692.45 1.2737e-14   7906.79 0 
  7710.18 1.1940e-14   7925.01 0 
  7727.96 1.2705e-14   7943.28 0 
  7745.77 1.2732e-14   7961.59 0 
  7763.63 1.2556e-14   7979.95 0 
  7781.53 1.2100e-14   7998.34 0 
  7799.46 1.2495e-14   8016.78 0 
  7817.44 1.2407e-14   8035.26 0 
  7835.46 1.2695e-14   8053.78 0 
  7853.53 1.2810e-14   8072.35 0 
  7871.63 1.2779e-14   8090.96 0 
  7889.78 1.2515e-14   8109.61 0 
  7907.97 1.2399e-14   8128.31 0 
  7926.20 1.1949e-14   8147.04 0 
  7944.47 1.2086e-14   8165.82 0 
  7962.78 1.2309e-14   8184.65 0 
  7981.14 1.2421e-14   8203.52 0 
  7999.53 1.2563e-14   8222.43 0 
  8017.97 1.2446e-14   8241.38 0 
  8036.46 1.2050e-14   8260.38 0 
  8054.98 1.2216e-14   8279.42 0 
  8073.55 1.2672e-14   8298.51 0 
  8092.17 1.2269e-14   8317.64 0 
  8110.82 1.2553e-14   8336.81 0 
  8129.52 1.2580e-14   8356.03 0 
  8148.26 1.2520e-14   8375.29 0 
  8167.04 1.2605e-14   8394.60 0 
  8185.87 1.1844e-14   8413.95 0 
  8204.74 1.1599e-14   8433.35 0 
  8223.65 1.2456e-14   8452.79 0 
  8242.61 1.2171e-14   8472.27 0 
  8261.61 1.2452e-14   8491.80 0 
  8280.66 1.2280e-14   8511.38 0 
  8299.75 1.2278e-14   8531.00 0 
  8318.88 1.2052e-14   8550.67 0 
  8338.06 1.2162e-14   8570.38 0 
  8357.28 1.2049e-14   8590.14 0 
  8376.54 1.2528e-14   8609.94 0 
  8395.85 1.1503e-14   8629.79 0 
  8415.21 1.2410e-14   8649.68 0 
  8434.60 1.1877e-14   8669.62 0 
  8454.05 1.1658e-14   8689.60 0 
  8473.54 1.1846e-14   8709.64 0 
  8493.07 1.2176e-14   8729.71 0 
  8512.65 1.1441e-14   8749.84 0 
  8532.27 1.2033e-14   8770.01 0 
  8551.94 7.8041e-15   8790.23 0 
  8571.66 1.1975e-14   8810.49 0 
  8591.42 1.1727e-14   8830.80 0 
  8611.22 1.1699e-14   8851.16 0 
  8631.07 1.1805e-14   8871.56 0 
  8650.97 1.1940e-14   8892.01 0 
  8670.91 7.7080e-15   8912.51 0 
  8690.90 1.1399e-14   8933.05 0 
  8710.93 1.1663e-14   8953.65 0 
  8731.02 1.2239e-14   8974.29 0 
  8751.14 1.1606e-14   8994.98 0 
  8771.31 1.1847e-14   9015.71 0 
  8791.54 1.2177e-14   9036.50 0 
  8811.80 1.2064e-14   9057.33 0 
  8832.11 1.1787e-14   9078.20 0 
  8852.48 1.1922e-14   9099.13 0 
  8872.88 1.0527e-14   9120.11 0 
  8893.34 1.1408e-14   9141.13 0 
  8913.84 1.1619e-14   9162.20 0 
  8934.39 1.1484e-14   9183.33 0 
  8954.98 1.1169e-14   9204.50 0 
  8975.63 1.0964e-14   9225.71 0 
  8996.32 1.0445e-14   9246.98 0 
  9017.06 1.0810e-14   9268.30 0 
  9037.84 1.1370e-14   9289.66 0 
  9058.68 1.2266e-14   9311.08 0 
  9079.56 1.0930e-14   9332.54 0 
  9100.49 1.1365e-14   9354.06 0 
  9121.47 1.1898e-14   9375.62 0 
  9142.50 1.1205e-14   9397.23 0 
  9163.57 1.0101e-14   9418.90 0 
  9184.69 1.0099e-14   9440.61 0 
  9205.87 1.1072e-14   9462.37 0 
  9227.09 1.0621e-14   9484.18 0 
  9248.36 1.0816e-14   9506.05 0 
  9269.68 1.1143e-14   9527.96 0 
  9291.05 1.1296e-14   9549.93 0 
  9312.47 1.1505e-14   9571.94 0 
  9333.94 1.1529e-14   9594.01 0 
  9355.45 1.1501e-14   9616.12 0 
  9377.02 1.1341e-14   9638.29 0 
  9398.63 1.1471e-14   9660.51 0 
  9420.30 1.1234e-14   9682.78 0 
  9442.02 1.1388e-14   9705.10 0 
  9463.78 1.1598e-14   9727.47 0 
  9485.60 1.1596e-14   9749.90 0 
  9507.47 1.1330e-14   9772.37 0 
  9529.38 1.1302e-14   9794.90 0 
  9551.35 1.0842e-14   9817.48 0 
  9573.37 1.1273e-14   9840.11 0 
  9595.44 1.1533e-14   9862.79 0 
  9617.55 1.1399e-14   9885.53 0 
  9639.73 1.1450e-14   9908.32 0 
  9661.95 1.1317e-14   9931.16 0 
  9684.22 1.1446e-14   9954.05 0 
  9706.55 1.1287e-14   9977.00 0 
  9728.92 1.1182e-14  10000.00 0 
  9751.35 1.1129e-14  10023.05 0 
  9773.83 1.1178e-14  10046.15 0 
  9796.36 1.1049e-14  10069.31 0 
  9818.95 1.1252e-14  10092.53 0 
  9841.58 1.1198e-14  10115.80 0 
  9864.27 1.1145e-14  10139.12 0 
  9887.00 1.1118e-14  10162.49 0 
  9909.79 1.1065e-14  10185.91 0 
  9932.64 1.1139e-14  10209.39 0 
  9955.54 1.1163e-14  10232.94 0 
  9978.49 1.1161e-14  10256.52 0 
 10001.49 1.1108e-14  10280.17 0 
 10024.55 1.1030e-14  10303.86 0 
 10070.82 1.0850e-14  10351.42 0 
 10117.31 1.1124e-14  10399.21 0 
 10164.00 1.1044e-14  10447.20 0 
 10234.45 1.1114e-14  10519.62 0 
 10281.70 1.1136e-14  10568.18 0 
 10305.40 1.1108e-14  10592.54 0 
 10496.99 1.0772e-14  10789.47 0 
 10692.14 1.0335e-14  10990.06 0 
 10890.92 9.9382e-15  11194.37 0 
 11093.41 9.5567e-15  11402.50 0 
 11299.65 9.4256e-15  11614.49 0 
 11509.72 9.4256e-15  11830.41 0 
 11696.74 9.2110e-15  12022.64 0 
 11886.79 8.8574e-15  12217.99 0 
 12107.78 8.7560e-15  12445.14 0 
 12304.53 8.6359e-15  12647.37 0 
 12504.46 8.4006e-15  12852.87 0 
 12707.64 8.2283e-15  13061.71 0 
 12914.12 8.0595e-15  13273.95 0 
 13093.78 7.9306e-15  13458.61 0 
 13306.53 7.6968e-15  13677.29 0 
 13491.65 7.5563e-15  13867.56 0 
 13710.87 7.4184e-15  14092.89 0 
 13901.61 7.1500e-15  14288.95 0 
 14094.98 6.8282e-15  14487.71 0 
 14291.06 6.7345e-15  14689.26 0 
 14489.87 6.7656e-15  14893.61 0 
 14691.45 6.5510e-15  15100.80 0 
 14895.83 6.6421e-15  15310.87 0 
 15103.05 6.6728e-15  15523.87 0 
 15313.16 6.7812e-15  15739.83 0 
 15490.48 6.7345e-15  15922.09 0 
 15705.98 6.6116e-15  16143.59 0 
 15887.83 6.3578e-15  16330.51 0 
 16108.85 6.3725e-15  16557.70 0 
 16295.39 6.3578e-15  16749.43 0 
 16484.08 6.2706e-15  16943.38 0 
 16713.40 6.2562e-15  17179.09 0 
 16906.92 6.1845e-15  17378.00 0 
 17102.70 6.0857e-15  17579.23 0 
 17300.74 5.8521e-15  17782.79 0 
 17501.08 5.6926e-15  17988.71 0 
 17703.74 5.4614e-15  18197.02 0 
 17908.72 5.2518e-15  18407.71 0 
 18116.10 5.0039e-15  18620.87 0 
 18283.74 4.8787e-15  18793.18 0 
 18495.44 4.7131e-15  19010.77 0 
 18709.61 4.5010e-15  19230.91 0 
 18882.73 4.3884e-15  19408.86 0 
 19101.39 4.3382e-15  19633.61 0 
 19278.12 4.2103e-15  19815.27 0 
 19501.36 4.0486e-15  20044.72 0 
 19681.81 3.9202e-15  20230.20 0 
 19909.70 3.8134e-15  20464.44 0 
 20093.93 3.7524e-15  20653.80 0 
 20279.84 3.6334e-15  20844.90 0 
 20514.68 3.5918e-15  21086.28 0 
 20704.50 3.5100e-15  21281.39 0 
 20896.07 3.4380e-15  21478.29 0 
 21089.42 3.3908e-15  21677.04 0 
 21284.57 3.3213e-15  21877.62 0 
 21481.50 3.2532e-15  22080.04 0 
 21680.28 3.1500e-15  22284.35 0 
 21880.89 3.1068e-15  22490.56 0 
 22083.34 3.0221e-15  22698.65 0 
 22287.68 2.9465e-15  22908.68 0 
 22493.89 2.8678e-15  23120.64 0 
 22702.04 2.7760e-15  23334.58 0 
 22912.10 2.4846e-15  23550.50 0 
 23124.09 2.4492e-15  23768.40 0 
 23284.39 2.1456e-15  23933.17 0 
 23499.83 2.0055e-15  24154.60 0 
 23717.28 2.0176e-15  24378.11 0 
 23881.67 1.8504e-15  24547.08 0 
 24102.65 1.7774e-15  24774.22 0 
 24325.65 1.7387e-15  25003.44 0 
 24494.29 1.6126e-15  25176.77 0 
 24720.94 1.5699e-15  25409.74 0 
 24828.79 1.6670e-15  25520.60 2 
 24922.97 1.4616e-15  25617.40 2 
 25017.15 1.4932e-15  25714.20 2 
 25111.23 1.4373e-15  25810.90 2 
 25205.40 1.4517e-15  25907.70 2 
 25299.48 1.4256e-15  26004.40 2 
 25393.66 1.4233e-15  26101.20 2 
 25487.83 1.4087e-15  26198.00 2 
 25581.91 1.3955e-15  26294.70 2 
 25676.09 1.3955e-15  26391.50 2 
 25770.17 1.3156e-15  26488.20 2 
 25864.34 1.3073e-15  26585.00 2 
 25958.52 1.3814e-15  26681.80 2 
 26052.60 1.2930e-15  26778.50 2 
 26146.77 1.2887e-15  26875.30 2 
 26240.95 1.2232e-15  26972.10 2 
 26335.03 1.2582e-15  27068.80 2 
 26429.20 1.1937e-15  27165.60 2 
 26523.38 1.1591e-15  27262.40 2 
 26617.46 1.0644e-15  27359.10 2 
 26711.63 1.2233e-15  27455.90 2 
 26805.71 1.1925e-15  27552.60 2 
 26899.89 1.2160e-15  27649.40 2 
 26994.07 1.1847e-15  27746.20 2 
 27088.14 1.2165e-15  27842.90 2 
 27182.32 1.1692e-15  27939.70 2 
 27276.50 1.1220e-15  28036.50 2 
 27370.57 1.1962e-15  28133.20 2 
 27464.75 1.1456e-15  28230.00 2 
 27558.83 1.1855e-15  28326.70 2 
 27653.00 1.1743e-15  28423.50 2 
 27747.18 1.1660e-15  28520.30 2 
 27841.26 1.1629e-15  28617.00 2 
 27935.44 1.0854e-15  28713.80 2 
 28029.61 1.0526e-15  28810.60 2 
 28123.69 1.0343e-15  28907.30 2 
 28217.87 1.0521e-15  29004.10 2 
 28311.94 1.0003e-15  29100.80 2 
 28406.12 1.0056e-15  29197.60 2 
 28500.30 9.7442e-16  29294.40 2 
 28594.37 9.9267e-16  29391.10 2 
 28688.55 9.9962e-16  29487.90 2 
 28782.73 9.6275e-16  29584.70 2 
 28876.80 9.9187e-16  29681.40 2 
 28970.98 9.6709e-16  29778.20 2 
 29065.06 9.4785e-16  29874.90 2 
 29159.24 9.1962e-16  29971.70 2 
 29253.41 9.0311e-16  30068.50 2 
 29347.49 8.8337e-16  30165.20 2 
 29441.67 8.5793e-16  30262.00 2 
 29535.84 8.7809e-16  30358.80 2 
 29629.92 8.6690e-16  30455.50 2 
 29724.10 8.3529e-16  30552.30 2 
 29818.18 8.1968e-16  30649.00 2 
 29912.35 8.0710e-16  30745.80 2 
 30006.53 8.3485e-16  30842.60 2 
 30100.61 8.4222e-16  30939.30 2 
 30194.78 8.3402e-16  31036.10 2 
 30288.96 8.3767e-16  31132.90 2 
 30383.04 8.0421e-16  31229.60 2 
 30477.21 8.0251e-16  31326.40 2 
 30571.29 7.5381e-16  31423.10 2 
 30665.47 7.8714e-16  31519.90 2 
 30759.64 8.0774e-16  31616.70 2 
 30853.72 7.4241e-16  31713.40 2 
 30947.90 7.7400e-16  31810.20 2 
 31042.07 7.5400e-16  31907.00 2 
 31136.15 7.5629e-16  32003.70 2 
 31230.33 7.2625e-16  32100.50 2 
 31324.41 8.1603e-16  32197.20 2 
 31418.58 8.0899e-16  32294.00 2 
 31512.76 8.3308e-16  32390.80 2 
 31606.84 8.3516e-16  32487.50 2 
 31701.02 8.6709e-16  32584.30 2 
 31795.19 9.2221e-16  32681.10 2 
 31889.27 8.8253e-16  32777.80 2 
 31983.45 8.9343e-16  32874.60 2 
 32077.52 9.4470e-16  32971.30 2 
 32171.70 9.8196e-16  33068.10 2 
 32265.87 1.0774e-15  33164.90 2 
 32359.95 1.0977e-15  33261.60 2 
 32454.13 1.1485e-15  33358.40 2 
 32548.31 1.2854e-15  33455.20 2 
 32642.38 1.2974e-15  33551.90 2 
 32736.56 1.3130e-15  33648.70 2 
 32830.64 1.3251e-15  33745.40 2 
 32924.82 1.2276e-15  33842.20 2 
 33018.99 1.1227e-15  33939.00 2 
 33113.07 9.8112e-16  34035.70 2 
 33207.25 9.3338e-16  34132.50 2 
 33301.42 9.0199e-16  34229.30 2 
 33395.50 8.6738e-16  34326.00 2 
 33489.68 8.7212e-16  34422.80 2 
 33583.76 7.8597e-16  34519.50 2 
 33677.93 8.3415e-16  34616.30 2 
 33772.11 9.0031e-16  34713.10 2 
 33866.19 9.2497e-16  34809.80 2 
 33960.36 9.1784e-16  34906.60 2 
 34054.54 9.0407e-16  35003.40 2 
 34148.62 8.9176e-16  35100.10 2 
 34242.79 8.4468e-16  35196.90 2 
 34336.87 8.3490e-16  35293.60 2 
 34431.05 8.0115e-16  35390.40 2 
 34525.22 8.0922e-16  35487.20 2 
 34619.30 7.9323e-16  35583.90 2 
 34713.48 7.9158e-16  35680.70 2 
 34807.65 7.6571e-16  35777.50 2 
 34901.73 7.7942e-16  35874.20 2 
 34995.91 7.8975e-16  35971.00 2 
 35089.99 7.3238e-16  36067.70 2 
 35184.16 6.7265e-16  36164.50 2 
 35278.34 7.3223e-16  36261.30 2 
 35372.42 7.4228e-16  36358.00 2 
 35466.60 7.6362e-16  36454.80 2 
 35560.77 7.1641e-16  36551.60 2 
 35654.85 6.8421e-16  36648.30 2 
 35749.03 6.8452e-16  36745.10 2 
 35843.10 6.5917e-16  36841.80 2 
 35937.28 6.6598e-16  36938.60 2 
 36031.46 6.8438e-16  37035.40 2 
 36125.54 6.6114e-16  37132.10 2 
 36219.71 6.5170e-16  37228.90 2 
 36313.89 6.1959e-16  37325.70 2 
 36407.96 6.3048e-16  37422.40 2 
 36502.14 6.4949e-16  37519.20 2 
 36596.22 6.3435e-16  37615.90 2 
 36690.39 6.1809e-16  37712.70 2 
 36784.57 6.0873e-16  37809.50 2 
 36878.65 6.4257e-16  37906.20 2 
 36972.83 6.1063e-16  38003.00 2 
 37067.00 5.9915e-16  38099.80 2 
 37161.08 6.1566e-16  38196.50 2 
 37255.26 5.9948e-16  38293.30 2 
 37349.34 6.0913e-16  38390.00 2 
 37443.51 6.0604e-16  38486.80 2 
 37537.69 6.3333e-16  38583.60 2 
 37631.77 6.2308e-16  38680.30 2 
 37725.94 6.2593e-16  38777.10 2 
 37820.12 5.6019e-16  38873.90 2 
 37914.19 5.8312e-16  38970.60 2 
 38008.37 5.6483e-16  39067.40 2 
 38102.45 5.6569e-16  39164.10 2 
 38196.63 5.7936e-16  39260.90 2 
 38290.80 5.5777e-16  39357.70 2 
 38384.88 5.4354e-16  39454.40 2 
 38479.06 5.1633e-16  39551.20 2 
 38573.23 5.3608e-16  39648.00 2 
 38667.31 5.5018e-16  39744.70 2 
 38761.49 5.4627e-16  39841.50 2 
 38855.57 5.5863e-16  39938.20 2 
 38949.74 5.4889e-16  40035.00 2 
 39043.92 5.5267e-16  40131.80 2 
 39138.00 5.6114e-16  40228.50 2 
 39232.17 5.5780e-16  40325.30 2 
 39326.25 5.5810e-16  40422.00 2 
 39420.43 5.4523e-16  40518.80 2 
 39514.61 5.7298e-16  40615.60 2 
 39608.68 5.5347e-16  40712.30 2 
 39702.86 5.7737e-16  40809.10 2 
 39797.03 5.2996e-16  40905.90 2 
 39891.11 5.6472e-16  41002.60 2 
 39985.29 5.3431e-16  41099.40 2 
 40079.37 5.0893e-16  41196.10 2 
 40173.55 5.1145e-16  41292.90 2 
 40267.72 6.2030e-16  41389.70 2 
 40361.80 6.3891e-16  41486.40 2 
 40455.97 6.4164e-16  41583.20 2 
 40550.15 5.4746e-16  41680.00 2 
 40644.23 5.1982e-16  41776.70 2 
 40738.40 5.0556e-16  41873.50 2 
 40832.48 4.6538e-16  41970.20 2 
 40926.66 4.7961e-16  42067.00 2 
 41020.84 4.6675e-16  42163.80 2 
 41114.92 4.8114e-16  42260.50 2 
 41209.09 4.4991e-16  42357.30 2 
 41303.27 4.2796e-16  42454.10 2 
 41397.35 4.6009e-16  42550.80 2 
 41491.52 4.7623e-16  42647.60 2 
 41585.70 4.6124e-16  42744.40 2 
 41679.78 4.4180e-16  42841.10 2 
 41773.95 4.5799e-16  42937.90 2 
 41868.03 4.2472e-16  43034.60 2 
 41962.21 4.2077e-16  43131.40 2 
 42056.39 4.1249e-16  43228.20 2 
 42150.46 4.1356e-16  43324.90 2 
 42244.64 3.9352e-16  43421.70 2 
 42338.71 3.9595e-16  43518.40 2 
 42432.89 4.1315e-16  43615.20 2 
 42527.07 3.6051e-16  43712.00 2 
 42621.15 3.6498e-16  43808.70 2 
 42715.32 3.4146e-16  43905.50 2 
 42809.50 4.1144e-16  44002.30 2 
 42903.58 3.9957e-16  44099.00 2 
 42997.75 4.1722e-16  44195.80 2 
 43091.83 3.9742e-16  44292.50 2 
 43186.01 3.8564e-16  44389.30 2 
 43280.18 4.0647e-16  44486.10 2 
 43374.26 3.9432e-16  44582.80 2 
 43468.44 4.0120e-16  44679.60 2 
 43562.62 3.9236e-16  44776.40 2 
 43656.69 3.9697e-16  44873.10 2 
 43750.87 3.8510e-16  44969.90 2 
 43844.95 3.7412e-16  45066.60 2 
 43939.12 3.6224e-16  45163.40 2 
 44033.30 3.4299e-16  45260.20 2 
 44127.38 3.7410e-16  45356.90 2 
 44221.55 3.5893e-16  45453.70 2 
 44315.73 3.5988e-16  45550.50 2 
 44409.81 3.5771e-16  45647.20 2 
 44503.99 3.4983e-16  45744.00 2 
 44598.07 3.7415e-16  45840.70 2 
 44692.24 3.7440e-16  45937.50 2 
 44786.41 3.6028e-16  46034.30 2 
 44880.49 3.4173e-16  46131.00 2 
 44974.67 3.4342e-16  46227.80 2 
 45068.85 3.5638e-16  46324.60 2 
 45162.93 3.3582e-16  46421.30 2 
 45257.10 3.1763e-16  46518.10 2 
 45351.18 2.9535e-16  46614.80 2 
 45445.36 2.9507e-16  46711.60 2 
 45539.53 3.0810e-16  46808.40 2 
 45633.61 3.2945e-16  46905.10 2 
 45727.79 2.9784e-16  47001.90 2 
 45821.96 3.0695e-16  47098.70 2 
 45916.04 3.1852e-16  47195.40 2 
 46010.22 3.3113e-16  47292.20 2 
 46104.30 3.5954e-16  47388.90 2 
 46198.47 3.7230e-16  47485.70 2 
 46292.65 3.3235e-16  47582.50 2 
 46386.73 3.5706e-16  47679.20 2 
 46480.90 3.5471e-16  47776.00 2 
 46575.08 3.4345e-16  47872.80 2 
 46669.16 3.4312e-16  47969.50 2 
 46763.33 3.4417e-16  48066.30 2 
 46857.41 3.1307e-16  48163.00 2 
 46951.59 2.7819e-16  48259.80 2 
 47045.77 3.3817e-16  48356.60 2 
 47139.84 3.4097e-16  48453.30 2 
 47234.02 3.1473e-16  48550.10 2 
 47328.19 3.4353e-16  48646.90 2 
 47422.27 2.9531e-16  48743.60 2 
 47516.45 2.9950e-16  48840.40 2 
 47610.53 2.8932e-16  48937.10 2 
 47704.70 3.2970e-16  49033.90 2 
 47798.88 3.2367e-16  49130.70 2 
 47892.96 3.4017e-16  49227.40 2 
 47987.13 3.4312e-16  49324.20 2 
 48081.31 2.9144e-16  49421.00 2 
 48644.62 3.0065e-16  50000.00 2 
 49131.06 2.9500e-16  50500.00 0 
 49617.51 2.8997e-16  51000.00 0 
 50103.95 2.8557e-16  51500.00 0 
 50590.40 2.8177e-16  52000.00 0 
 51076.85 2.7858e-16  52500.00 0 
 51563.29 2.7598e-16  53000.00 0 
 52049.74 2.7398e-16  53500.00 0 
 52536.18 2.7257e-16  54000.00 0 
 53022.63 2.7174e-16  54500.00 0 
 53509.08 2.7151e-16  55000.00 0 
 53995.52 2.7187e-16  55500.00 0 
 54624.41 4.5678e-16  56146.41 3 
 54925.87 1.9473e-16  56456.27 3 
 55227.32 2.9169e-16  56766.12 3 
 55528.78 4.6924e-16  57075.98 3 
 55830.23 2.8369e-16  57385.83 3 
 56131.68 4.8104e-16  57695.68 3 
 56433.13 4.4018e-16  58005.53 3 
 56734.59 2.9350e-16  58315.39 3 
 57036.05 3.0804e-16  58625.25 3 
 57337.50 4.2253e-16  58935.10 3 
 57638.96 1.5826e-16  59244.95 3 
 57940.41 2.6139e-16  59554.81 3 
 58241.87 3.7570e-16  59864.66 3 
 58543.32 1.5697e-16  60174.51 3 
 58844.78 2.7340e-16  60484.37 3 
 59146.23 2.3327e-16  60794.22 3 
 59447.68 2.1037e-16  61104.07 3 
 59749.14 4.4978e-16  61413.93 3 
 60050.59 6.2344e-16  61723.78 3 
 60352.04 4.5482e-16  62033.63 3 
 60653.50 5.0179e-16  62343.49 3 
 60954.95 5.1916e-16  62653.34 3 
 61256.40 7.5926e-16  62963.19 3 
 61557.86 8.8910e-16  63273.05 3 
 61859.32 1.1236e-15  63582.90 3 
 62160.78 1.2414e-15  63892.76 3 
 62462.22 1.1557e-15  64202.61 3 
 62763.67 8.6652e-16  64512.46 3 
 63065.14 8.1274e-16  64822.32 3 
 63366.58 6.5574e-16  65132.17 3 
 63668.04 5.4975e-16  65442.02 3 
 63969.50 5.9554e-16  65751.88 3 
 64270.95 5.9063e-16  66061.73 3 
 64572.40 4.2813e-16  66371.58 3 
 64873.86 5.1038e-16  66681.45 3 
 65175.31 4.2873e-16  66991.29 3 
 65476.76 4.2100e-16  67301.14 3 
 65778.22 5.2394e-16  67611.00 3 
 66079.67 5.2338e-16  67920.85 3 
 66381.13 5.0862e-16  68230.71 3 
 66682.59 3.7376e-16  68540.56 3 
 66984.04 3.4582e-16  68850.41 3 
 67285.50 3.8945e-16  69160.27 3 
 67586.94 3.0279e-16  69470.12 3 
 67888.40 4.6535e-16  69779.98 3 
 68189.85 3.4262e-16  70089.83 3 
 68491.31 4.7777e-16  70399.68 3 
 68792.77 3.6750e-16  70709.54 3 
 69094.22 4.9547e-16  71019.39 3 
 69395.67 3.3761e-16  71329.24 3 
 69697.13 6.6542e-16  71639.10 3 
 69998.58 8.0107e-16  71948.95 3 
 70300.04 5.0615e-16  72258.81 3 
 70601.49 5.1177e-16  72568.66 3 
 70902.94 4.7218e-16  72878.51 3 
 71204.41 6.0699e-16  73188.38 3 
 71505.85 8.1298e-16  73498.22 3 
 71807.30 6.7874e-16  73808.07 3 
 72108.76 5.5487e-16  74117.93 3 
 72410.22 6.4308e-16  74427.78 3 
 72711.67 6.6267e-16  74737.63 3 
 73013.12 7.1866e-16  75047.48 3 
 73294.85 4.6015e-16  75337.06 3 
 73314.58 7.0558e-16  75357.34 3 
 73616.04 7.4907e-16  75667.20 3 
 73898.95 6.8848e-16  75957.99 3 
 73917.48 7.0668e-16  75977.05 3 
 74503.06 8.9286e-16  76578.94 3 
 75107.16 9.9393e-16  77199.88 3 
 75711.28 1.3204e-15  77820.82 3 
 76315.38 1.4899e-15  78441.76 3 
 76919.50 1.2899e-15  79062.71 3 
 77523.61 1.2020e-15  79683.65 3 
 78127.71 1.1925e-15  80304.59 3 
 78731.83 1.1395e-15  80925.54 3 
 79335.94 9.8147e-16  81546.48 3 
 79940.04 8.4657e-16  82167.41 3 
 80544.16 5.9613e-16  82788.36 3 
 81148.26 6.2587e-16  83409.30 3 
 81752.38 6.2915e-16  84030.25 3 
 82356.49 4.9112e-16  84651.19 3 
 82960.60 5.6836e-16  85272.13 3 
 83564.71 5.9304e-16  85893.07 3 
 84168.83 5.7305e-16  86514.02 3 
 84772.93 6.2127e-16  87134.95 3 
 85377.04 6.7842e-16  87755.90 3 
 85981.15 6.3827e-16  88376.84 3 
 86585.26 6.9241e-16  88997.78 3 
 87189.36 5.5521e-16  89618.72 3 
 87793.47 4.9082e-16  90239.66 3 
 88397.58 4.2501e-16  90860.60 3 
 89001.70 4.6606e-16  91481.55 3 
 89605.81 3.5430e-16  92102.49 3 
 90209.92 3.5524e-16  92723.44 3 
 90814.03 2.8791e-16  93344.38 3 
 91418.14 2.6489e-16  93965.32 3 
 92022.24 2.3705e-16  94586.26 3 
 92626.35 2.5108e-16  95207.20 3 
 93230.47 3.0016e-16  95828.15 3 
 93834.57 2.7701e-16  96449.09 3 
 94438.68 3.0981e-16  97070.02 3 
 95042.80 3.2789e-16  97690.98 3 
 95646.91 3.2534e-16  98311.92 3 
 96251.02 3.5390e-16  98932.86 3 
 96855.13 2.9324e-16  99553.80 3 
 97459.20 2.6175e-16 100174.70 3 
 98063.36 2.5073e-16 100795.70 3 
 98667.42 2.2639e-16 101416.59 3 
 99271.60 2.5181e-16 102037.60 3 
 99875.66 2.4249e-16 102658.50 3 
100479.82 2.4634e-16 103279.49 3 
101083.91 2.4770e-16 103900.41 3 
101687.97 2.6570e-16 104521.30 3 
102292.13 2.6623e-16 105142.30 3 
102896.20 2.9429e-16 105763.20 3 
103500.37 3.0403e-16 106384.20 3 
104104.44 3.2078e-16 107005.10 3 
104708.51 4.0019e-16 107626.00 3 
105312.67 4.1564e-16 108247.00 3 
105916.75 3.8697e-16 108867.91 3 
106520.91 3.6631e-16 109488.90 3 
107124.97 3.5584e-16 110109.80 3 
107729.14 3.6246e-16 110730.80 3 
108333.21 3.3209e-16 111351.70 3 
108937.28 3.6031e-16 111972.60 3 
109541.45 3.6225e-16 112593.60 3 
110145.52 3.6555e-16 113214.50 3 
110749.68 3.9866e-16 113835.50 3 
111353.75 5.4181e-16 114456.40 3 
111957.92 7.3926e-16 115077.40 3 
112561.98 8.0749e-16 115698.30 3 
113166.05 7.6604e-16 116319.20 3 
113770.22 6.3846e-16 116940.20 3 
114374.29 5.6601e-16 117561.10 3 
114978.45 5.1403e-16 118182.09 3 
115582.52 4.5892e-16 118802.99 3 
116186.69 4.2793e-16 119424.00 3 
116790.76 4.6429e-16 120044.90 3 
117394.82 4.4019e-16 120665.80 3 
117999.00 4.5847e-16 121286.80 3 
118603.07 4.5149e-16 121907.70 3 
119207.22 4.5353e-16 122528.70 3 
119811.29 4.6860e-16 123149.59 3 
120415.37 4.6426e-16 123770.51 3 
121019.53 4.5712e-16 124391.50 3 
121623.60 5.0440e-16 125012.40 3 
122227.77 4.8902e-16 125633.40 3 
122831.84 4.8637e-16 126254.30 3 
123436.00 4.7422e-16 126875.30 3 
124040.07 4.9236e-16 127496.20 3 
124644.14 5.1992e-16 128117.10 3 
125248.31 5.4738e-16 128738.10 3 
125852.38 5.3361e-16 129359.00 3 
126456.54 5.7442e-16 129980.00 3 
127060.61 6.1184e-16 130600.90 3 
127664.68 7.9357e-16 131221.80 3 
128268.84 9.4501e-16 131842.80 3 
128872.92 6.2249e-16 132463.70 3 
129477.08 4.8088e-16 133084.70 3 
130081.14 4.3730e-16 133705.59 3 
130685.31 4.3709e-16 134326.59 3 
131289.38 4.3271e-16 134947.50 3 
131893.46 4.3010e-16 135568.41 3 
132497.62 4.2780e-16 136189.41 3 
133101.68 4.2270e-16 136810.30 3 
133705.85 4.2741e-16 137431.30 3 
134309.93 4.4567e-16 138052.20 3 
134914.09 4.4191e-16 138673.20 3 
135518.15 4.5138e-16 139294.09 3 
136122.23 4.5269e-16 139915.00 3 
136726.39 4.2773e-16 140536.00 3 
137330.47 4.0753e-16 141156.91 3 
137934.62 4.1126e-16 141777.89 3 
138538.69 4.5651e-16 142398.80 3 
139142.86 4.0355e-16 143019.80 3 
139746.93 3.9926e-16 143640.70 3 
140350.99 3.8064e-16 144261.59 3 
140955.18 3.7718e-16 144882.61 3 
141474.99 3.9948e-16 145416.91 3 
142367.02 4.7247e-16 146333.80 3 
143259.17 5.2097e-16 147250.80 3 
144151.22 4.2298e-16 148167.70 3 
145043.25 3.9289e-16 149084.59 3 
145935.30 3.7796e-16 150001.50 3 
146827.45 3.6526e-16 150918.50 3 
147719.50 3.7794e-16 151835.41 3 
148611.53 3.8606e-16 152752.30 3 
149503.68 4.2187e-16 153669.30 3 
150395.73 3.3960e-16 154586.20 3 
151287.76 3.6191e-16 155503.09 3 
152179.81 3.5740e-16 156420.00 3 
153071.96 3.6527e-16 157337.00 3 
153964.01 3.6794e-16 158253.91 3 
154856.04 5.3704e-16 159170.80 3 
155748.19 7.0222e-16 160087.80 3 
156640.24 4.5658e-16 161004.70 3 
157532.27 3.8974e-16 161921.59 3 
158424.41 3.9978e-16 162838.59 3 
159316.47 3.8120e-16 163755.50 3 
160208.50 3.8118e-16 164672.39 3 
161100.55 4.2522e-16 165589.30 3 
161992.71 3.9864e-16 166506.31 3 
162884.73 4.8377e-16 167423.19 3 
163776.78 4.7216e-16 168340.09 3 
164668.83 4.5799e-16 169257.00 3 
165560.97 4.7715e-16 170174.00 3 
166453.03 4.4726e-16 171090.91 3 
167345.08 4.6415e-16 172007.81 3 
168237.22 4.8068e-16 172924.81 3 
169129.25 4.7854e-16 173841.70 3 
170021.31 6.1235e-16 174758.61 3 
170913.45 5.8355e-16 175675.61 3 
171805.48 4.7291e-16 176592.50 3 
172697.53 4.6652e-16 177509.41 3 
173589.57 4.8121e-16 178426.30 3 
174481.71 4.4239e-16 179343.30 3 
175373.76 4.3936e-16 180260.20 3 
176265.80 4.4287e-16 181177.09 3 
177157.94 4.2362e-16 182094.09 3 
178049.99 4.4480e-16 183011.00 3 
178942.03 4.4549e-16 183927.89 3 
179834.17 4.2509e-16 184844.89 3 
180726.22 3.9181e-16 185761.80 3 
181618.27 4.0535e-16 186678.70 3 
182510.31 4.0007e-16 187595.59 3 
183402.45 4.1764e-16 188512.59 3 
184294.50 3.9135e-16 189429.50 3 
185186.54 3.9904e-16 190346.39 3 
186078.70 4.7387e-16 191263.41 3 
186970.75 6.8396e-16 192180.31 3 
187862.77 5.7014e-16 193097.19 3 
188754.82 4.2726e-16 194014.09 3 
189646.98 4.5110e-16 194931.11 3 
190539.01 4.3069e-16 195848.00 3 
191431.06 4.2456e-16 196764.91 3 
192323.20 3.9550e-16 197681.91 3 
193215.24 3.4478e-16 198598.80 3 
194107.29 4.0488e-16 199515.70 3 
194999.34 4.0107e-16 200432.61 3 
195891.48 4.0587e-16 201349.61 3 
196783.52 4.0051e-16 202266.50 3 
197675.57 3.7651e-16 203183.41 3 
198567.71 4.8460e-16 204100.41 3 
199980.35 4.1406e-16 205552.41 3 
201687.76 4.5149e-16 207307.39 3 
203396.16 4.5405e-16 209063.39 3 
205105.55 4.2426e-16 210820.41 3 
206815.79 4.5198e-16 212578.30 3 
208526.91 4.6433e-16 214337.09 3 
210239.00 4.2432e-16 216096.89 3 
211951.99 4.5306e-16 217857.61 3 
213665.92 4.6261e-16 219619.30 3 
215380.84 4.6882e-16 221382.00 3 
217096.63 4.2997e-16 223145.59 3 
218813.41 4.6490e-16 224910.20 3 
220531.05 4.9424e-16 226675.70 3 
222249.65 4.7574e-16 228442.19 3 
223969.23 4.4607e-16 230209.69 3 
225689.70 4.6397e-16 231978.09 3 
227411.14 4.7072e-16 233747.50 3 
229133.56 4.9830e-16 235517.91 3 
230856.84 4.8486e-16 237289.20 3 
232581.20 4.7039e-16 239061.61 3 
234306.34 4.9456e-16 240834.81 3 
236032.52 4.9711e-16 242609.09 3 
237759.71 5.0003e-16 244384.41 3 
239487.76 4.8438e-16 246160.61 3 
241216.77 5.0009e-16 247937.80 3 
242946.77 5.4843e-16 249716.00 3 
244677.64 5.4225e-16 251495.09 3 
246409.59 4.9767e-16 253275.30 3 
248142.41 5.0100e-16 255056.41 3 
249876.31 5.0203e-16 256838.61 3 
251611.05 5.2307e-16 258621.69 3 
253346.81 5.1777e-16 260405.81 3 
255083.51 5.2976e-16 262190.91 3 
256821.19 5.7427e-16 263977.00 3 
258559.84 7.5493e-16 265764.09 3 
260299.49 6.6271e-16 267552.22 3 
262040.09 5.2775e-16 269341.31 3 
263781.66 5.3555e-16 271131.41 3 
265524.20 5.3628e-16 272922.50 3 
267267.71 5.3656e-16 274714.59 3 
269012.32 5.2825e-16 276507.81 3 
270757.78 5.3456e-16 278301.91 3 
272504.22 5.5130e-16 280097.00 3 
274251.71 5.6971e-16 281893.19 3 
276000.21 5.3872e-16 283690.41 3 
277749.56 5.4752e-16 285488.50 3 
279499.98 5.4855e-16 287287.69 3 
281251.40 5.5410e-16 289087.91 3 
283003.88 5.5883e-16 290889.22 3 
284757.31 5.5937e-16 292691.50 3 
286511.64 5.5603e-16 294494.72 3 
288267.11 5.6414e-16 296299.09 3 
290023.48 5.6327e-16 298104.41 3 
291780.89 5.6644e-16 299910.78 3 
293539.30 5.4870e-16 301718.19 3 
295298.69 5.7984e-16 303526.59 3 
297059.14 5.7276e-16 305336.09 3 
298820.56 5.7181e-16 307146.59 3 
300582.95 5.6620e-16 308958.09 3 
302346.41 5.7843e-16 310770.69 3 
304110.96 5.7731e-16 312584.41 3 
305876.46 5.6053e-16 314399.09 3 
307642.96 5.7066e-16 316214.81 3 
309410.40 5.8037e-16 318031.50 3 
311179.03 5.8339e-16 319849.41 3 
312948.53 5.8795e-16 321668.22 3 
314719.17 6.0714e-16 323488.19 3 
316490.71 5.6485e-16 325309.09 3 
318263.41 6.1881e-16 327131.19 3 
320037.12 5.8779e-16 328954.31 3 
321811.73 6.0006e-16 330778.38 3 
323587.48 5.9712e-16 332603.59 3 
325364.28 6.0031e-16 334429.91 3 
327142.12 6.5796e-16 336257.28 3 
328920.99 6.3344e-16 338085.72 3 
330700.87 6.5211e-16 339915.19 3 
332481.75 7.0538e-16 341745.69 3 
334263.72 7.9403e-16 343577.31 3 
336046.85 7.0343e-16 345410.12 3 
337830.83 6.5585e-16 347243.81 3 
339616.00 6.6823e-16 349078.72 3 
