# An Atlas of Galaxy Spectral Energy Distributions from the Ultraviolet to the Mid-Infrared
# Brown et al. (2014)
# http://dx.doi.org/10.5072/03/529D3551F0117
# 
# Column 1 : Restframe Wavelength (Angstrom)
# Column 2 : Flux per unit wavelength (ergs/s/cm^2/Angstrom)
# Column 3 : Observed wavelength (Angstrom)
# Column 4 : Source (0 = model, 1 = Optical Spectrum, 2 = Akari, 3 = Spitzer IRS)
# 
   102.07 3.8118e-19    102.33 0 
   103.97 4.1892e-19    104.23 0 
   105.90 4.7548e-19    106.17 0 
   108.12 5.4844e-19    108.39 0 
   109.88 7.6583e-19    110.15 0 
   114.00 9.4001e-19    114.29 0 
   118.01 1.0968e-18    118.30 0 
   121.03 3.1925e-18    121.34 0 
   125.00 3.6739e-18    125.31 0 
   127.03 3.8827e-18    127.35 0 
   127.91 4.0284e-18    128.23 0 
   130.89 4.3165e-18    131.22 0 
   132.10 4.8655e-18    132.43 0 
   133.94 5.0714e-18    134.28 0 
   137.06 5.9584e-18    137.40 0 
   139.93 6.3552e-18    140.28 0 
   142.86 1.2478e-17    143.22 0 
   146.86 2.3181e-17    147.23 0 
   150.98 2.4611e-17    151.36 0 
   154.85 2.6311e-17    155.24 0 
   158.82 2.8257e-17    159.22 0 
   162.15 2.9726e-17    162.55 0 
   165.92 3.1925e-17    166.34 0 
   170.18 3.3739e-17    170.61 0 
   172.94 3.5329e-17    173.38 0 
   176.97 3.7165e-17    177.42 0 
   179.85 3.8648e-17    180.30 0 
   181.93 3.9731e-17    182.39 0 
   186.17 4.1700e-17    186.64 0 
   190.94 4.4170e-17    191.43 0 
   194.05 4.5934e-17    194.54 0 
   198.11 4.7878e-17    198.61 0 
   201.79 5.0019e-17    202.30 0 
   205.07 5.1657e-17    205.59 0 
   209.85 5.2255e-17    210.38 0 
   216.23 5.7297e-17    216.77 0 
   220.25 5.9584e-17    220.80 0 
   222.80 6.0552e-17    223.36 0 
   226.94 6.3115e-17    227.51 0 
   230.09 9.5089e-17    230.67 0 
   233.83 1.5351e-16    234.42 0 
   239.83 1.8669e-16    240.44 0 
   245.98 1.7666e-16    246.60 0 
   251.71 1.8371e-16    252.35 0 
   256.98 1.5316e-16    257.63 0 
   259.96 1.7625e-16    260.62 0 
   264.18 1.8244e-16    264.85 0 
   269.10 1.8077e-16    269.77 0 
   274.10 1.7829e-16    274.79 0 
   279.19 1.7585e-16    279.90 0 
   283.73 1.7423e-16    284.45 0 
   289.67 1.6449e-16    290.40 0 
   295.74 1.6525e-16    296.48 0 
   301.24 1.5927e-16    302.00 0 
   308.25 1.5927e-16    309.03 0 
   318.35 1.5854e-16    319.15 0 
   328.02 1.5457e-16    328.85 0 
   337.99 1.4932e-16    338.84 0 
   348.26 1.4426e-16    349.14 0 
   357.20 1.4065e-16    358.10 0 
   366.36 1.3808e-16    367.28 0 
   374.89 1.3401e-16    375.84 0 
   385.39 1.2593e-16    386.37 0 
   395.28 1.2593e-16    396.28 0 
   405.42 1.2363e-16    406.44 0 
   413.91 1.2026e-16    414.95 0 
   421.61 1.1672e-16    422.67 0 
   430.43 1.1354e-16    431.52 0 
   441.47 1.1198e-16    442.59 0 
   450.72 1.0943e-16    451.86 0 
   460.16 1.0645e-16    461.32 0 
   469.79 1.0499e-16    470.98 0 
   479.63 1.0547e-16    480.84 0 
   489.67 1.0236e-16    490.91 0 
   499.93 1.0596e-16    501.19 0 
   505.72 1.0694e-16    506.99 0 
   511.57 1.4162e-16    512.86 0 
   519.88 1.4293e-16    521.19 0 
   529.55 1.4392e-16    530.88 0 
   539.39 1.3808e-16    540.75 0 
   549.42 1.5245e-16    550.81 0 
   559.64 1.7788e-16    561.05 0 
   570.04 1.9640e-16    571.48 0 
   580.64 1.9821e-16    582.10 0 
   590.07 2.2036e-16    591.56 0 
   599.66 2.1734e-16    601.17 0 
   609.41 2.2810e-16    610.94 0 
   619.31 2.7934e-16    620.87 0 
   629.37 2.9049e-16    630.96 0 
   639.60 3.1632e-16    641.21 0 
   649.99 3.3739e-16    651.63 0 
   657.52 3.4208e-16    659.17 0 
   665.13 3.7856e-16    666.81 0 
   674.38 4.0563e-16    676.08 0 
   685.34 3.9186e-16    687.07 0 
   694.87 4.7112e-16    696.63 0 
   704.54 4.3665e-16    706.32 0 
   715.99 5.4217e-16    717.79 0 
   725.95 5.7297e-16    727.78 0 
   734.36 6.0136e-16    736.21 0 
   744.57 6.3406e-16    746.45 0 
   754.93 6.6701e-16    756.83 0 
   765.43 6.5937e-16    767.36 0 
   774.29 7.4496e-16    776.25 0 
   785.07 7.5706e-16    787.05 0 
   794.16 8.1871e-16    796.16 0 
   805.20 8.6523e-16    807.24 0 
   814.53 9.0184e-16    816.58 0 
   825.86 9.6190e-16    827.94 0 
   835.42 8.3202e-16    837.53 0 
   845.10 1.0236e-15    847.23 0 
   854.88 1.0499e-15    857.04 0 
   864.78 1.1224e-15    866.96 0 
   874.79 1.1753e-15    877.00 0 
   884.92 1.2335e-15    887.16 0 
   895.17 1.2857e-15    897.43 0 
   905.54 1.3006e-15    907.82 0 
   916.02 1.5210e-15    918.33 0 
   924.50 6.1113e-15    926.83 0 
   935.20 1.2166e-14    937.56 0 
   946.03 2.1734e-14    948.42 0 
   954.79 2.9385e-14    957.19 0 
   965.84 3.3973e-14    968.28 0 
   974.78 7.7114e-15    977.24 0 
   986.07 3.0912e-14    988.55 0 
   995.19 3.1127e-14    997.70 0 
  1004.40 4.1604e-14   1006.93 0 
  1016.03 3.9186e-14   1018.59 0 
  1025.43 1.7870e-14   1028.02 0 
  1034.92 2.9318e-14   1037.53 0 
  1044.49 5.0714e-14   1047.13 0 
  1054.16 4.9789e-14   1056.82 0 
  1063.91 4.0938e-14   1066.60 0 
  1076.23 4.7221e-14   1078.95 0 
  1086.19 3.8827e-14   1088.93 0 
  1096.24 4.8432e-14   1099.01 0 
  1103.84 4.6573e-14   1106.62 0 
  1114.05 4.5303e-14   1116.86 0 
  1124.36 4.0938e-14   1127.20 0 
  1134.77 4.9332e-14   1137.63 0 
  1145.27 4.5199e-14   1148.15 0 
  1155.86 4.7112e-14   1158.78 0 
  1163.87 4.8099e-14   1166.81 0 
  1174.64 3.4844e-14   1177.61 0 
  1185.51 4.5934e-14   1188.50 0 
  1193.73 3.3817e-14   1196.74 0 
  1204.78 2.6069e-14   1207.81 0 
  1215.92 1.6639e-14   1218.99 0 
  1224.35 3.1487e-14   1227.44 0 
  1235.68 4.4579e-14   1238.80 0 
  1244.25 4.8432e-14   1247.38 0 
  1255.76 4.6896e-14   1258.93 0 
  1264.46 4.1413e-14   1267.65 0 
  1276.16 5.0714e-14   1279.38 0 
  1285.01 5.2497e-14   1288.25 0 
  1293.92 4.3665e-14   1297.18 0 
  1305.89 4.2967e-14   1309.18 0 
  1314.94 5.1066e-14   1318.26 0 
  1324.05 4.8993e-14   1327.39 0 
  1336.31 4.4477e-14   1339.68 0 
  1345.57 5.0481e-14   1348.96 0 
  1354.90 4.8880e-14   1358.31 0 
  1364.29 4.4682e-14   1367.73 0 
  1373.74 4.6040e-14   1377.21 0 
  1386.46 4.6252e-14   1389.95 0 
  1396.07 4.0007e-14   1399.59 0 
  1405.74 4.0844e-14   1409.29 0 
  1415.49 4.3066e-14   1419.06 0 
  1425.30 4.3265e-14   1428.89 0 
  1435.18 4.3165e-14   1438.80 0 
  1441.80 4.4785e-14   1445.44 0 
  1448.46 4.5199e-14   1452.11 0 
  1455.14 4.3967e-14   1458.81 0 
  1465.23 4.1222e-14   1468.93 0 
  1475.39 4.0938e-14   1479.11 0 
  1485.61 4.1222e-14   1489.36 0 
  1495.91 4.1508e-14   1499.69 0 
  1506.28 3.9640e-14   1510.08 0 
  1513.23 3.6069e-14   1517.05 0 
  1516.72 3.7943e-14   1520.55 0 
  1523.72 3.6909e-14   1527.57 0 
  1534.29 3.2669e-14   1538.15 0 
  1544.92 3.4208e-14   1548.82 0 
  1555.63 3.2594e-14   1559.55 0 
  1566.41 3.3507e-14   1570.36 0 
  1573.64 3.5410e-14   1577.61 0 
  1584.55 3.6571e-14   1588.55 0 
  1595.53 3.7165e-14   1599.56 0 
  1606.59 3.5986e-14   1610.65 0 
  1614.01 3.5820e-14   1618.08 0 
  1625.20 3.4287e-14   1629.30 0 
  1636.46 3.5903e-14   1640.59 0 
  1644.02 3.6069e-14   1648.16 0 
  1655.41 3.3817e-14   1659.59 0 
  1666.89 3.6235e-14   1671.09 0 
  1670.73 3.2819e-14   1674.94 0 
  1678.44 3.6486e-14   1682.67 0 
  1686.19 3.7336e-14   1690.44 0 
  1693.97 3.5329e-14   1698.24 0 
  1705.71 3.4051e-14   1710.02 0 
  1713.59 3.2594e-14   1717.91 0 
  1725.46 3.2220e-14   1729.82 0 
  1733.43 3.3895e-14   1737.80 0 
  1745.44 3.3047e-14   1749.85 0 
  1753.50 3.4604e-14   1757.92 0 
  1765.66 3.2072e-14   1770.11 0 
  1773.81 3.2669e-14   1778.28 0 
  1786.10 3.2971e-14   1790.61 0 
  1794.35 3.4445e-14   1798.87 0 
  1806.78 3.4130e-14   1811.34 0 
  1815.12 3.1999e-14   1819.70 0 
  1823.50 3.2295e-14   1828.10 0 
  1836.14 3.1270e-14   1840.77 0 
  1844.62 2.8982e-14   1849.27 0 
  1853.13 2.9116e-14   1857.80 0 
  1865.98 2.9726e-14   1870.68 0 
  1874.59 3.1270e-14   1879.32 0 
  1883.24 2.9116e-14   1887.99 0 
  1896.30 2.8063e-14   1901.08 0 
  1905.05 2.9318e-14   1909.85 0 
  1913.84 2.8388e-14   1918.67 0 
  1927.11 2.7678e-14   1931.97 0 
  1936.00 2.8192e-14   1940.89 0 
  1944.94 2.9318e-14   1949.84 0 
  1953.92 2.7551e-14   1958.84 0 
  1967.46 2.9521e-14   1972.42 0 
  1976.54 3.0070e-14   1981.53 0 
  1985.67 2.8650e-14   1990.67 0 
  1994.83 2.7806e-14   1999.86 0 
  2004.04 2.8323e-14   2009.09 0 
  2013.29 2.7614e-14   2018.37 0 
  2027.24 2.8323e-14   2032.36 0 
  2036.60 2.7173e-14   2041.74 0 
  2046.00 2.7806e-14   2051.16 0 
  2055.45 2.6009e-14   2060.63 0 
  2064.93 2.6371e-14   2070.14 0 
  2074.47 2.8192e-14   2079.70 0 
  2079.25 2.7235e-14   2084.49 0 
  2084.04 2.7870e-14   2089.30 0 
  2093.66 2.6554e-14   2098.94 0 
  2103.32 2.6615e-14   2108.63 0 
  2113.03 2.6800e-14   2118.36 0 
  2122.79 2.6986e-14   2128.14 0 
  2132.58 2.5417e-14   2137.96 0 
  2147.37 2.5771e-14   2152.78 0 
  2157.28 2.6432e-14   2162.72 0 
  2167.23 2.5535e-14   2172.70 0 
  2177.24 2.5359e-14   2182.73 0 
  2187.29 2.5011e-14   2192.81 0 
  2197.38 2.5890e-14   2202.93 0 
  2207.53 2.5184e-14   2213.09 0 
  2212.62 2.4106e-14   2218.20 0 
  2222.83 2.3503e-14   2228.44 0 
  2233.09 2.4668e-14   2238.72 0 
  2243.40 2.3776e-14   2249.05 0 
  2253.75 2.2863e-14   2259.44 0 
  2264.15 2.3128e-14   2269.86 0 
  2274.61 2.3558e-14   2280.34 0 
  2285.10 2.3940e-14   2290.87 0 
  2295.65 2.2655e-14   2301.44 0 
  2306.25 2.2769e-14   2312.07 0 
  2316.89 2.2005e-14   2322.74 0 
  2327.59 1.8481e-14   2333.46 0 
  2332.95 2.0692e-14   2338.84 0 
  2343.72 1.9953e-14   2349.63 0 
  2354.54 2.1242e-14   2360.48 0 
  2365.41 1.9787e-14   2371.37 0 
  2376.33 2.0210e-14   2382.32 0 
  2387.29 1.8826e-14   2393.32 0 
  2392.80 1.9763e-14   2398.83 0 
  2403.84 1.9145e-14   2409.91 0 
  2414.94 1.9375e-14   2421.03 0 
  2426.09 2.0297e-14   2432.20 0 
  2437.28 1.9617e-14   2443.43 0 
  2442.90 2.0405e-14   2449.06 0 
  2454.18 2.0088e-14   2460.37 0 
  2465.51 1.9867e-14   2471.72 0 
  2476.89 1.9245e-14   2483.13 0 
  2482.60 1.9428e-14   2488.86 0 
  2494.06 1.8056e-14   2500.35 0 
  2505.57 2.0036e-14   2511.89 0 
  2511.34 1.8152e-14   2517.68 0 
  2517.13 1.8451e-14   2523.48 0 
  2522.94 1.7911e-14   2529.30 0 
  2534.58 1.8044e-14   2540.97 0 
  2546.28 1.7845e-14   2552.70 0 
  2552.15 1.8820e-14   2558.59 0 
  2563.93 1.8358e-14   2570.40 0 
  2575.76 1.9100e-14   2582.26 0 
  2587.65 1.8847e-14   2594.18 0 
  2593.62 1.8550e-14   2600.16 0 
  2605.59 1.8012e-14   2612.16 0 
  2617.62 1.7691e-14   2624.22 0 
  2623.65 1.8318e-14   2630.27 0 
  2635.76 1.8797e-14   2642.41 0 
  2647.93 2.0058e-14   2654.61 0 
  2654.03 2.0436e-14   2660.72 0 
  2666.28 1.8819e-14   2673.01 0 
  2672.43 1.9396e-14   2679.17 0 
  2684.76 1.9450e-14   2691.54 0 
  2697.16 1.8499e-14   2703.96 0 
  2703.37 1.8934e-14   2710.19 0 
  2715.85 1.8008e-14   2722.70 0 
  2722.11 1.7847e-14   2728.98 0 
  2734.68 1.8484e-14   2741.57 0 
  2747.30 1.6482e-14   2754.23 0 
  2753.63 1.6831e-14   2760.58 0 
  2766.34 1.7351e-14   2773.32 0 
  2772.72 1.7924e-14   2779.71 0 
  2785.52 1.6930e-14   2792.54 0 
  2791.94 1.4183e-14   2798.98 0 
  2804.83 1.4928e-14   2811.90 0 
  2817.77 1.7547e-14   2824.88 0 
  2824.27 1.8253e-14   2831.39 0 
  2837.31 1.7683e-14   2844.46 0 
  2843.85 1.7166e-14   2851.02 0 
  2856.97 1.6439e-14   2864.18 0 
  2863.56 1.7824e-14   2870.78 0 
  2876.78 1.7915e-14   2884.03 0 
  2883.41 1.7756e-14   2890.68 0 
  2896.72 1.7724e-14   2904.02 0 
  2910.09 1.8915e-14   2917.43 0 
  2930.26 1.8161e-14   2937.65 0 
  2950.57 1.7803e-14   2958.01 0 
  2971.02 1.7941e-14   2978.52 0 
  2991.62 1.7873e-14   2999.16 0 
  3012.35 1.7928e-14   3019.95 0 
  3033.24 1.7861e-14   3040.89 0 
  3047.24 1.7829e-14   3054.92 0 
  3068.36 1.7803e-14   3076.10 0 
  3089.63 1.7777e-14   3097.42 0 
  3111.04 1.7751e-14   3118.89 0 
  3132.61 1.7401e-14   3140.51 0 
  3147.07 1.7371e-14   3155.01 0 
  3168.88 1.7426e-14   3176.87 0 
  3190.85 1.6579e-14   3198.90 0 
  3212.97 1.6980e-14   3221.07 0 
  3227.80 1.6225e-14   3235.94 0 
  3250.17 1.7123e-14   3258.37 0 
  3272.70 1.7618e-14   3280.95 0 
  3287.80 1.7426e-14   3296.10 0 
  3310.59 1.7282e-14   3318.94 0 
  3318.23 1.7208e-14   3326.60 0 
  3325.88 1.7213e-14   3334.26 0 
  3333.54 1.7619e-14   3341.95 0 
  3341.23 1.6754e-14   3349.66 0 
  3348.93 1.7999e-14   3357.38 0 
  3356.65 1.7273e-14   3365.12 0 
  3364.39 1.5542e-14   3372.87 0 
  3372.14 1.5690e-14   3380.65 0 
  3379.92 1.7209e-14   3388.44 0 
  3387.71 1.7135e-14   3396.25 0 
  3395.52 1.6712e-14   3404.08 0 
  3403.35 1.7585e-14   3411.93 0 
  3411.19 1.6379e-14   3419.79 0 
  3419.06 1.6688e-14   3427.68 0 
  3426.94 1.6926e-14   3435.58 0 
  3434.84 1.7770e-14   3443.50 0 
  3442.76 1.6399e-14   3451.44 0 
  3450.69 1.6825e-14   3459.39 0 
  3458.65 1.6561e-14   3467.37 0 
  3466.62 1.6338e-14   3475.36 0 
  3474.61 1.6879e-14   3483.37 0 
  3482.62 1.6349e-14   3491.40 0 
  3490.65 1.6928e-14   3499.45 0 
  3498.70 1.5803e-14   3507.52 0 
  3506.76 1.6784e-14   3515.60 0 
  3514.84 1.5923e-14   3523.71 0 
  3522.95 1.6794e-14   3531.83 0 
  3531.07 1.6417e-14   3539.97 0 
  3539.21 1.6921e-14   3548.13 0 
  3547.37 1.7400e-14   3556.31 0 
  3555.54 1.7049e-14   3564.51 0 
  3563.74 1.6820e-14   3572.73 0 
  3571.96 1.5739e-14   3580.96 0 
  3580.19 1.5564e-14   3589.22 0 
  3588.44 1.4297e-14   3597.49 0 
  3596.71 1.5863e-14   3605.79 0 
  3605.01 1.6463e-14   3614.10 0 
  3613.32 1.5440e-14   3622.43 0 
  3621.65 1.5445e-14   3630.78 0 
  3630.00 1.7739e-14   3639.15 0 
  3638.36 1.6599e-14   3647.54 0 
  3646.75 1.6490e-14   3655.95 0 
  3655.16 1.6725e-14   3664.37 0 
  3663.58 1.7803e-14   3672.82 0 
  3672.03 1.7007e-14   3681.29 0 
  3680.49 1.6549e-14   3689.78 0 
  3680.58 2.1058e-14   3689.86 1 
  3683.32 1.7568e-14   3692.61 1 
  3686.06 1.6467e-14   3695.36 1 
  3688.81 1.9150e-14   3698.11 1 
  3691.55 1.4585e-14   3700.86 1 
  3694.29 1.3603e-14   3703.61 1 
  3697.04 1.2452e-14   3706.36 1 
  3699.78 1.2303e-14   3709.11 1 
  3702.52 1.5449e-14   3711.86 1 
  3705.27 1.7170e-14   3714.61 1 
  3708.01 1.5900e-14   3717.36 1 
  3710.75 1.7628e-14   3720.11 1 
  3713.49 1.7584e-14   3722.86 1 
  3716.24 1.7503e-14   3725.61 1 
  3718.98 2.2038e-14   3728.36 1 
  3721.72 4.0302e-14   3731.11 1 
  3724.47 7.2189e-14   3733.86 1 
  3727.21 8.7633e-14   3736.61 1 
  3729.95 7.6092e-14   3739.36 1 
  3732.70 5.3119e-14   3742.11 1 
  3735.44 3.0381e-14   3744.86 1 
  3738.18 2.0798e-14   3747.61 1 
  3740.93 2.0591e-14   3750.36 1 
  3743.67 1.5575e-14   3753.11 1 
  3746.41 1.4491e-14   3755.86 1 
  3749.15 1.3242e-14   3758.61 1 
  3751.90 1.8183e-14   3761.36 1 
  3754.64 1.8803e-14   3764.11 1 
  3757.38 1.8737e-14   3766.86 1 
  3760.13 1.9985e-14   3769.61 1 
  3762.87 2.0912e-14   3772.36 1 
  3765.61 1.7370e-14   3775.11 1 
  3768.36 1.6998e-14   3777.86 1 
  3771.10 1.6756e-14   3780.61 1 
  3773.84 1.9755e-14   3783.36 1 
  3776.59 1.9147e-14   3786.11 1 
  3779.33 2.0778e-14   3788.86 1 
  3782.07 1.9858e-14   3791.61 1 
  3784.81 2.1644e-14   3794.36 1 
  3787.56 2.2343e-14   3797.11 1 
  3790.30 1.9803e-14   3799.86 1 
  3793.04 2.0168e-14   3802.61 1 
  3795.79 1.7189e-14   3805.36 1 
  3798.53 1.5679e-14   3808.11 1 
  3801.27 1.4775e-14   3810.86 1 
  3804.02 1.8142e-14   3813.61 1 
  3806.76 2.2066e-14   3816.36 1 
  3809.50 2.1808e-14   3819.11 1 
  3812.25 2.1515e-14   3821.86 1 
  3814.99 2.2433e-14   3824.61 1 
  3817.73 2.1591e-14   3827.36 1 
  3820.47 2.3728e-14   3830.11 1 
  3823.22 2.2354e-14   3832.86 1 
  3825.96 1.9524e-14   3835.61 1 
  3828.70 1.8803e-14   3838.36 1 
  3831.45 1.8278e-14   3841.11 1 
  3834.19 1.7245e-14   3843.86 1 
  3836.93 1.5232e-14   3846.61 1 
  3839.68 1.6888e-14   3849.36 1 
  3842.42 1.8378e-14   3852.11 1 
  3845.16 1.9997e-14   3854.86 1 
  3847.91 2.3878e-14   3857.61 1 
  3850.65 2.5177e-14   3860.36 1 
  3853.39 2.3411e-14   3863.11 1 
  3856.13 2.5112e-14   3865.86 1 
  3858.88 2.5096e-14   3868.61 1 
  3861.62 2.2977e-14   3871.36 1 
  3864.36 2.4163e-14   3874.11 1 
  3867.11 2.5932e-14   3876.86 1 
  3869.85 2.5467e-14   3879.61 1 
  3872.59 2.2323e-14   3882.36 1 
  3875.34 2.3864e-14   3885.11 1 
  3878.08 2.0866e-14   3887.86 1 
  3880.82 2.0481e-14   3890.61 1 
  3883.57 2.0229e-14   3893.36 1 
  3886.31 1.9473e-14   3896.11 1 
  3889.05 1.9820e-14   3898.86 1 
  3891.80 2.1211e-14   3901.61 1 
  3894.54 1.6766e-14   3904.36 1 
  3897.28 2.1939e-14   3907.11 1 
  3900.02 2.2077e-14   3909.86 1 
  3902.77 2.1638e-14   3912.61 1 
  3905.51 2.4170e-14   3915.36 1 
  3908.25 2.5294e-14   3918.11 1 
  3911.00 2.5394e-14   3920.86 1 
  3913.74 2.5777e-14   3923.61 1 
  3916.48 2.3989e-14   3926.36 1 
  3919.23 2.3633e-14   3929.11 1 
  3921.97 2.3167e-14   3931.86 1 
  3924.71 2.1491e-14   3934.61 1 
  3927.46 2.0660e-14   3937.36 1 
  3930.20 1.9184e-14   3940.11 1 
  3932.94 1.7267e-14   3942.86 1 
  3935.68 1.8662e-14   3945.61 1 
  3938.43 1.9429e-14   3948.36 1 
  3941.17 2.1521e-14   3951.11 1 
  3943.91 2.1730e-14   3953.86 1 
  3946.66 2.0841e-14   3956.61 1 
  3949.40 2.2052e-14   3959.36 1 
  3952.14 2.3017e-14   3962.11 1 
  3954.89 2.4373e-14   3964.86 1 
  3957.63 2.1192e-14   3967.61 1 
  3960.37 1.9529e-14   3970.36 1 
  3963.12 1.8017e-14   3973.11 1 
  3965.86 1.8275e-14   3975.86 1 
  3968.60 1.7699e-14   3978.61 1 
  3971.34 1.6545e-14   3981.36 1 
  3974.09 1.8662e-14   3984.11 1 
  3976.83 2.1865e-14   3986.86 1 
  3979.57 2.2767e-14   3989.61 1 
  3982.32 2.1723e-14   3992.36 1 
  3985.06 2.4599e-14   3995.11 1 
  3987.80 2.4689e-14   3997.86 1 
  3990.55 2.3731e-14   4000.61 1 
  3993.29 2.3571e-14   4003.36 1 
  3996.03 2.4267e-14   4006.11 1 
  3998.78 2.2287e-14   4008.86 1 
  4001.52 2.4940e-14   4011.61 1 
  4004.26 2.5079e-14   4014.36 1 
  4007.00 2.3774e-14   4017.11 1 
  4009.75 2.5042e-14   4019.86 1 
  4012.49 2.6169e-14   4022.61 1 
  4015.23 2.4145e-14   4025.36 1 
  4017.98 2.5792e-14   4028.11 1 
  4020.72 2.6364e-14   4030.86 1 
  4023.46 2.5436e-14   4033.61 1 
  4026.21 2.5529e-14   4036.36 1 
  4028.95 2.4595e-14   4039.11 1 
  4031.69 2.2676e-14   4041.86 1 
  4034.44 2.7610e-14   4044.61 1 
  4037.18 2.5829e-14   4047.36 1 
  4039.92 2.6034e-14   4050.11 1 
  4042.66 2.3973e-14   4052.86 1 
  4045.41 2.4281e-14   4055.61 1 
  4048.15 2.5247e-14   4058.36 1 
  4050.89 2.4156e-14   4061.11 1 
  4053.64 2.3922e-14   4063.86 1 
  4056.38 2.4216e-14   4066.61 1 
  4059.12 2.3188e-14   4069.36 1 
  4061.87 2.5538e-14   4072.11 1 
  4064.61 2.5192e-14   4074.86 1 
  4067.35 2.5936e-14   4077.61 1 
  4070.10 2.4769e-14   4080.36 1 
  4072.84 2.5109e-14   4083.11 1 
  4075.58 2.4941e-14   4085.86 1 
  4078.32 2.2591e-14   4088.61 1 
  4081.07 2.2784e-14   4091.36 1 
  4083.81 2.2420e-14   4094.11 1 
  4086.55 2.3435e-14   4096.86 1 
  4089.30 2.1780e-14   4099.61 1 
  4092.04 2.2561e-14   4102.36 1 
  4094.78 2.2213e-14   4105.11 1 
  4097.53 2.1574e-14   4107.86 1 
  4100.27 2.2131e-14   4110.61 1 
  4103.01 2.2994e-14   4113.36 1 
  4105.76 2.1952e-14   4116.11 1 
  4108.50 2.0302e-14   4118.86 1 
  4111.24 2.0623e-14   4121.61 1 
  4113.98 2.2803e-14   4124.36 1 
  4116.73 2.3954e-14   4127.11 1 
  4119.47 2.2531e-14   4129.86 1 
  4122.21 2.2191e-14   4132.61 1 
  4124.96 2.3385e-14   4135.36 1 
  4127.70 2.4106e-14   4138.11 1 
  4130.44 2.3242e-14   4140.86 1 
  4133.19 2.4242e-14   4143.61 1 
  4135.93 2.3970e-14   4146.36 1 
  4138.67 2.4115e-14   4149.11 1 
  4141.42 2.2990e-14   4151.86 1 
  4144.16 2.3145e-14   4154.61 1 
  4146.90 2.4228e-14   4157.36 1 
  4149.64 2.5292e-14   4160.11 1 
  4152.39 2.3519e-14   4162.86 1 
  4155.13 2.1823e-14   4165.61 1 
  4157.87 2.3328e-14   4168.36 1 
  4160.62 2.3103e-14   4171.11 1 
  4163.36 2.3039e-14   4173.86 1 
  4166.10 2.4415e-14   4176.61 1 
  4168.85 2.3769e-14   4179.36 1 
  4171.59 2.2336e-14   4182.11 1 
  4174.33 2.2673e-14   4184.86 1 
  4177.08 2.3166e-14   4187.61 1 
  4179.82 2.3542e-14   4190.36 1 
  4182.56 2.3453e-14   4193.11 1 
  4185.30 2.3126e-14   4195.86 1 
  4188.05 2.2634e-14   4198.61 1 
  4190.79 2.4417e-14   4201.36 1 
  4193.53 2.4800e-14   4204.11 1 
  4196.28 2.4013e-14   4206.86 1 
  4199.02 2.2913e-14   4209.61 1 
  4201.76 2.3821e-14   4212.36 1 
  4204.51 2.4294e-14   4215.11 1 
  4207.25 2.5430e-14   4217.86 1 
  4209.99 2.5905e-14   4220.61 1 
  4212.74 2.5139e-14   4223.36 1 
  4215.48 2.4846e-14   4226.11 1 
  4218.22 2.4748e-14   4228.86 1 
  4220.96 2.5024e-14   4231.61 1 
  4223.71 2.3921e-14   4234.36 1 
  4226.45 2.2846e-14   4237.11 1 
  4229.19 2.2428e-14   4239.86 1 
  4231.94 2.3198e-14   4242.61 1 
  4234.68 2.2996e-14   4245.36 1 
  4237.42 2.3141e-14   4248.11 1 
  4240.17 2.4361e-14   4250.86 1 
  4242.91 2.3401e-14   4253.61 1 
  4245.65 2.3014e-14   4256.36 1 
  4248.40 2.3789e-14   4259.11 1 
  4251.14 2.3399e-14   4261.86 1 
  4253.88 2.2555e-14   4264.61 1 
  4256.62 2.2335e-14   4267.36 1 
  4259.37 2.2813e-14   4270.11 1 
  4262.11 2.3365e-14   4272.86 1 
  4264.85 2.3135e-14   4275.61 1 
  4267.60 2.3534e-14   4278.36 1 
  4270.34 2.1718e-14   4281.11 1 
  4273.08 2.1292e-14   4283.86 1 
  4275.83 2.2309e-14   4286.61 1 
  4278.57 2.1685e-14   4289.36 1 
  4281.31 2.2100e-14   4292.11 1 
  4284.06 2.2256e-14   4294.86 1 
  4286.80 2.1956e-14   4297.61 1 
  4289.54 2.2468e-14   4300.36 1 
  4292.28 2.2813e-14   4303.11 1 
  4295.03 2.1757e-14   4305.86 1 
  4297.77 2.1441e-14   4308.61 1 
  4300.51 2.0802e-14   4311.36 1 
  4303.26 2.0902e-14   4314.11 1 
  4306.00 2.0530e-14   4316.86 1 
  4308.74 2.0652e-14   4319.61 1 
  4311.49 2.0383e-14   4322.36 1 
  4314.23 2.1556e-14   4325.11 1 
  4316.97 2.2362e-14   4327.86 1 
  4319.72 2.2898e-14   4330.61 1 
  4322.46 1.9798e-14   4333.36 1 
  4325.20 1.9487e-14   4336.11 1 
  4327.94 2.1093e-14   4338.86 1 
  4330.69 2.1115e-14   4341.61 1 
  4333.43 2.0687e-14   4344.36 1 
  4336.17 2.3000e-14   4347.11 1 
  4338.92 2.5366e-14   4349.86 1 
  4341.66 2.7919e-14   4352.61 1 
  4344.40 2.3654e-14   4355.36 1 
  4347.15 2.1703e-14   4358.11 1 
  4349.89 2.0845e-14   4360.86 1 
  4352.63 2.0801e-14   4363.61 1 
  4355.38 2.0193e-14   4366.36 1 
  4358.12 2.1781e-14   4369.11 1 
  4360.86 2.2583e-14   4371.86 1 
  4363.60 2.3558e-14   4374.61 1 
  4366.35 2.3164e-14   4377.36 1 
  4369.09 2.2216e-14   4380.11 1 
  4371.83 2.2735e-14   4382.86 1 
  4374.58 2.2515e-14   4385.61 1 
  4377.32 2.1561e-14   4388.36 1 
  4380.06 2.1816e-14   4391.11 1 
  4382.81 2.2878e-14   4393.86 1 
  4385.55 2.0414e-14   4396.61 1 
  4388.29 2.1380e-14   4399.36 1 
  4391.04 2.1340e-14   4402.11 1 
  4393.78 2.3014e-14   4404.86 1 
  4396.52 2.2408e-14   4407.61 1 
  4399.26 2.2714e-14   4410.36 1 
  4402.01 2.2896e-14   4413.11 1 
  4404.75 2.1128e-14   4415.86 1 
  4407.49 2.2040e-14   4418.61 1 
  4410.24 2.2115e-14   4421.36 1 
  4412.98 2.1527e-14   4424.11 1 
  4415.72 2.2501e-14   4426.86 1 
  4418.47 2.2365e-14   4429.61 1 
  4421.21 2.2169e-14   4432.36 1 
  4423.95 2.2635e-14   4435.11 1 
  4426.70 2.3022e-14   4437.86 1 
  4429.44 2.3099e-14   4440.61 1 
  4432.18 2.0350e-14   4443.36 1 
  4434.92 2.3663e-14   4446.11 1 
  4437.67 2.2366e-14   4448.86 1 
  4440.41 2.4017e-14   4451.61 1 
  4443.15 2.3175e-14   4454.36 1 
  4445.90 2.3829e-14   4457.11 1 
  4448.64 2.2420e-14   4459.86 1 
  4451.38 2.3231e-14   4462.61 1 
  4454.13 2.3293e-14   4465.36 1 
  4456.87 2.2577e-14   4468.11 1 
  4459.61 2.1709e-14   4470.86 1 
  4462.36 2.1207e-14   4473.61 1 
  4465.10 2.3103e-14   4476.36 1 
  4467.84 2.2303e-14   4479.11 1 
  4470.59 2.2875e-14   4481.86 1 
  4473.33 2.3806e-14   4484.61 1 
  4476.07 2.4910e-14   4487.36 1 
  4478.81 2.4195e-14   4490.11 1 
  4481.56 2.2582e-14   4492.86 1 
  4484.30 2.3188e-14   4495.61 1 
  4487.04 2.3359e-14   4498.36 1 
  4489.79 2.3430e-14   4501.11 1 
  4492.53 2.2847e-14   4503.86 1 
  4495.27 2.3764e-14   4506.61 1 
  4498.02 2.3876e-14   4509.36 1 
  4500.76 2.3125e-14   4512.11 1 
  4503.50 2.1439e-14   4514.86 1 
  4506.25 2.4539e-14   4517.61 1 
  4508.99 2.3562e-14   4520.36 1 
  4511.73 2.5096e-14   4523.11 1 
  4514.47 2.3553e-14   4525.86 1 
  4517.22 2.3847e-14   4528.61 1 
  4519.96 2.1755e-14   4531.36 1 
  4522.70 2.3392e-14   4534.11 1 
  4525.45 2.3716e-14   4536.86 1 
  4528.19 2.1202e-14   4539.61 1 
  4530.93 2.2607e-14   4542.36 1 
  4533.68 2.1382e-14   4545.11 1 
  4536.42 2.2239e-14   4547.86 1 
  4539.16 2.2034e-14   4550.61 1 
  4541.91 2.1426e-14   4553.36 1 
  4544.65 2.3775e-14   4556.11 1 
  4547.39 2.2261e-14   4558.86 1 
  4550.13 2.1923e-14   4561.61 1 
  4552.88 2.2603e-14   4564.36 1 
  4555.62 2.1080e-14   4567.11 1 
  4558.36 2.3099e-14   4569.86 1 
  4561.11 2.2581e-14   4572.61 1 
  4563.85 2.2049e-14   4575.36 1 
  4566.59 2.3099e-14   4578.11 1 
  4569.34 2.1955e-14   4580.86 1 
  4572.08 2.2486e-14   4583.61 1 
  4574.82 2.4232e-14   4586.36 1 
  4577.57 2.4052e-14   4589.11 1 
  4580.31 2.4272e-14   4591.86 1 
  4583.05 2.3001e-14   4594.61 1 
  4585.79 2.3626e-14   4597.36 1 
  4588.54 2.1581e-14   4600.11 1 
  4591.28 2.2705e-14   4602.86 1 
  4594.02 2.3085e-14   4605.61 1 
  4596.77 2.2666e-14   4608.36 1 
  4599.51 2.3464e-14   4611.11 1 
  4602.25 2.1766e-14   4613.86 1 
  4605.00 2.2199e-14   4616.61 1 
  4607.74 2.2732e-14   4619.36 1 
  4610.48 2.2769e-14   4622.11 1 
  4613.23 2.3566e-14   4624.86 1 
  4615.97 2.2002e-14   4627.61 1 
  4618.71 2.3177e-14   4630.36 1 
  4621.45 2.2736e-14   4633.11 1 
  4624.20 2.3887e-14   4635.86 1 
  4626.94 2.3546e-14   4638.61 1 
  4629.68 2.3272e-14   4641.36 1 
  4632.43 2.2871e-14   4644.11 1 
  4635.17 2.2739e-14   4646.86 1 
  4637.91 2.3195e-14   4649.61 1 
  4640.66 2.3820e-14   4652.36 1 
  4643.40 2.2925e-14   4655.11 1 
  4646.14 2.2608e-14   4657.86 1 
  4648.89 2.2275e-14   4660.61 1 
  4651.63 2.2582e-14   4663.36 1 
  4654.37 2.3747e-14   4666.11 1 
  4657.11 2.3483e-14   4668.86 1 
  4659.86 2.2560e-14   4671.61 1 
  4662.60 2.2933e-14   4674.36 1 
  4665.34 2.3479e-14   4677.11 1 
  4668.09 2.2352e-14   4679.86 1 
  4670.83 2.2938e-14   4682.61 1 
  4673.57 2.2109e-14   4685.36 1 
  4676.32 2.2465e-14   4688.11 1 
  4679.06 2.2147e-14   4690.86 1 
  4681.80 2.2713e-14   4693.61 1 
  4684.55 2.3326e-14   4696.36 1 
  4687.29 2.3218e-14   4699.11 1 
  4690.03 2.3491e-14   4701.86 1 
  4692.77 2.2983e-14   4704.61 1 
  4695.52 2.2624e-14   4707.36 1 
  4698.26 2.2858e-14   4710.11 1 
  4701.00 2.2605e-14   4712.86 1 
  4703.75 2.1761e-14   4715.61 1 
  4706.49 2.2425e-14   4718.36 1 
  4709.23 2.2497e-14   4721.11 1 
  4711.98 2.2226e-14   4723.86 1 
  4714.72 2.2247e-14   4726.61 1 
  4717.46 2.2232e-14   4729.36 1 
  4720.21 2.1368e-14   4732.11 1 
  4722.95 2.1781e-14   4734.86 1 
  4725.69 2.2439e-14   4737.61 1 
  4728.43 2.1969e-14   4740.36 1 
  4731.18 2.2465e-14   4743.11 1 
  4733.92 2.0772e-14   4745.86 1 
  4736.66 2.1575e-14   4748.61 1 
  4739.41 2.2285e-14   4751.36 1 
  4742.15 2.2133e-14   4754.11 1 
  4744.89 2.2782e-14   4756.86 1 
  4747.64 2.2149e-14   4759.61 1 
  4750.38 2.0315e-14   4762.36 1 
  4753.12 2.1330e-14   4765.11 1 
  4755.87 2.2218e-14   4767.86 1 
  4758.61 2.2781e-14   4770.61 1 
  4761.35 2.1849e-14   4773.36 1 
  4764.09 2.1684e-14   4776.11 1 
  4766.84 2.1656e-14   4778.86 1 
  4769.58 2.1642e-14   4781.61 1 
  4772.32 2.2048e-14   4784.36 1 
  4775.07 2.2266e-14   4787.11 1 
  4777.81 2.2023e-14   4789.86 1 
  4780.55 2.1765e-14   4792.61 1 
  4783.30 2.2097e-14   4795.36 1 
  4786.04 2.2340e-14   4798.11 1 
  4788.78 2.1868e-14   4800.86 1 
  4791.53 2.2219e-14   4803.61 1 
  4794.27 2.3006e-14   4806.36 1 
  4797.01 2.2555e-14   4809.11 1 
  4799.75 2.2574e-14   4811.86 1 
  4802.50 2.3226e-14   4814.61 1 
  4805.24 2.2374e-14   4817.36 1 
  4807.98 2.1750e-14   4820.11 1 
  4810.73 2.2306e-14   4822.86 1 
  4813.47 2.1552e-14   4825.61 1 
  4816.21 2.1718e-14   4828.36 1 
  4818.96 2.1542e-14   4831.11 1 
  4821.70 2.1811e-14   4833.86 1 
  4824.44 2.2783e-14   4836.61 1 
  4827.19 2.2233e-14   4839.36 1 
  4829.93 2.2299e-14   4842.11 1 
  4832.67 2.2122e-14   4844.86 1 
  4835.41 2.1986e-14   4847.61 1 
  4838.16 2.1154e-14   4850.36 1 
  4840.90 2.1641e-14   4853.11 1 
  4843.64 2.1616e-14   4855.86 1 
  4846.39 2.0681e-14   4858.61 1 
  4849.13 2.0250e-14   4861.36 1 
  4851.87 1.9791e-14   4864.11 1 
  4854.62 2.2979e-14   4866.86 1 
  4857.36 2.8447e-14   4869.61 1 
  4860.10 3.4853e-14   4872.36 1 
  4862.85 3.5820e-14   4875.11 1 
  4865.59 3.1078e-14   4877.86 1 
  4868.33 2.4054e-14   4880.61 1 
  4871.08 2.0714e-14   4883.36 1 
  4873.82 1.9569e-14   4886.11 1 
  4876.56 1.9647e-14   4888.86 1 
  4879.30 2.0248e-14   4891.61 1 
  4882.05 1.9360e-14   4894.36 1 
  4884.79 1.9987e-14   4897.11 1 
  4887.53 2.1323e-14   4899.86 1 
  4890.28 2.1591e-14   4902.61 1 
  4893.02 2.0880e-14   4905.36 1 
  4895.76 2.1701e-14   4908.11 1 
  4898.51 2.0955e-14   4910.86 1 
  4901.25 2.2352e-14   4913.61 1 
  4903.99 2.1090e-14   4916.36 1 
  4906.74 2.0680e-14   4919.11 1 
  4909.48 2.1672e-14   4921.86 1 
  4912.22 2.1942e-14   4924.61 1 
  4914.96 2.1508e-14   4927.36 1 
  4917.71 2.0376e-14   4930.11 1 
  4920.45 2.1091e-14   4932.86 1 
  4923.19 2.0846e-14   4935.61 1 
  4925.94 2.0829e-14   4938.36 1 
  4928.68 2.1076e-14   4941.11 1 
  4931.42 2.1897e-14   4943.86 1 
  4934.17 2.1373e-14   4946.61 1 
  4936.91 2.1212e-14   4949.36 1 
  4939.65 2.0734e-14   4952.11 1 
  4942.40 2.1380e-14   4954.86 1 
  4945.14 2.2029e-14   4957.61 1 
  4947.88 2.1747e-14   4960.36 1 
  4950.62 2.1598e-14   4963.11 1 
  4953.37 2.3733e-14   4965.86 1 
  4956.11 2.8578e-14   4968.61 1 
  4958.85 3.1759e-14   4971.36 1 
  4961.60 3.0558e-14   4974.11 1 
  4964.34 2.6709e-14   4976.86 1 
  4967.08 2.3305e-14   4979.61 1 
  4969.83 2.0950e-14   4982.36 1 
  4972.57 2.0845e-14   4985.11 1 
  4975.31 2.1480e-14   4987.86 1 
  4978.06 2.0399e-14   4990.61 1 
  4980.80 2.0294e-14   4993.36 1 
  4983.54 1.9435e-14   4996.11 1 
  4986.28 1.9633e-14   4998.86 1 
  4989.03 2.1266e-14   5001.61 1 
  4991.77 2.0662e-14   5004.36 1 
  4994.51 2.1021e-14   5007.11 1 
  4997.26 2.2710e-14   5009.86 1 
  5000.00 2.6416e-14   5012.61 1 
  5002.74 3.7254e-14   5015.36 1 
  5005.49 5.0189e-14   5018.11 1 
  5008.23 5.3395e-14   5020.86 1 
  5010.97 4.2842e-14   5023.61 1 
  5013.72 3.0225e-14   5026.36 1 
  5016.46 2.2955e-14   5029.11 1 
  5019.20 2.0314e-14   5031.86 1 
  5021.94 1.9464e-14   5034.61 1 
  5024.69 1.9272e-14   5037.36 1 
  5027.43 2.0788e-14   5040.11 1 
  5030.17 2.0907e-14   5042.86 1 
  5032.92 2.1272e-14   5045.61 1 
  5035.66 2.0568e-14   5048.36 1 
  5038.40 1.9846e-14   5051.11 1 
  5041.15 1.9203e-14   5053.86 1 
  5043.89 2.1022e-14   5056.61 1 
  5046.63 2.1661e-14   5059.36 1 
  5049.38 2.1004e-14   5062.11 1 
  5052.12 2.1211e-14   5064.86 1 
  5054.86 2.1394e-14   5067.61 1 
  5057.60 2.1040e-14   5070.36 1 
  5060.35 2.1303e-14   5073.11 1 
  5063.09 2.1223e-14   5075.86 1 
  5065.83 2.0813e-14   5078.61 1 
  5068.58 2.1285e-14   5081.36 1 
  5071.32 2.0770e-14   5084.11 1 
  5074.06 1.9579e-14   5086.86 1 
  5076.81 1.9163e-14   5089.61 1 
  5079.55 1.9020e-14   5092.36 1 
  5082.29 1.9527e-14   5095.11 1 
  5085.04 2.0037e-14   5097.86 1 
  5087.78 2.0239e-14   5100.61 1 
  5090.52 2.1002e-14   5103.36 1 
  5093.26 2.1608e-14   5106.11 1 
  5096.01 2.0303e-14   5108.86 1 
  5098.75 1.9610e-14   5111.61 1 
  5101.49 2.0305e-14   5114.36 1 
  5104.24 2.0052e-14   5117.11 1 
  5106.98 2.0073e-14   5119.86 1 
  5109.72 2.0274e-14   5122.61 1 
  5112.47 2.0281e-14   5125.36 1 
  5115.21 1.9761e-14   5128.11 1 
  5117.95 2.0258e-14   5130.86 1 
  5120.70 1.9858e-14   5133.61 1 
  5123.44 1.9133e-14   5136.36 1 
  5126.18 1.9485e-14   5139.11 1 
  5128.92 2.0023e-14   5141.86 1 
  5131.67 2.0168e-14   5144.61 1 
  5134.41 2.0314e-14   5147.36 1 
  5137.15 2.0065e-14   5150.11 1 
  5139.90 2.0001e-14   5152.86 1 
  5142.64 1.9150e-14   5155.61 1 
  5145.38 1.8923e-14   5158.36 1 
  5148.13 1.9449e-14   5161.11 1 
  5150.87 1.8928e-14   5163.86 1 
  5153.61 1.9064e-14   5166.61 1 
  5156.36 2.0049e-14   5169.36 1 
  5159.10 1.9983e-14   5172.11 1 
  5161.84 1.9681e-14   5174.86 1 
  5164.58 1.9379e-14   5177.61 1 
  5167.33 1.8755e-14   5180.36 1 
  5170.07 1.7632e-14   5183.11 1 
  5172.81 1.8106e-14   5185.86 1 
  5175.56 1.8640e-14   5188.61 1 
  5178.30 1.9526e-14   5191.36 1 
  5181.04 2.0312e-14   5194.11 1 
  5183.79 1.9708e-14   5196.86 1 
  5186.53 1.9036e-14   5199.61 1 
  5189.27 1.8906e-14   5202.36 1 
  5192.02 1.8468e-14   5205.11 1 
  5194.76 1.9433e-14   5207.86 1 
  5197.50 1.9843e-14   5210.61 1 
  5200.24 2.0492e-14   5213.36 1 
  5202.99 2.0165e-14   5216.11 1 
  5205.73 1.9606e-14   5218.86 1 
  5208.47 1.8824e-14   5221.61 1 
  5211.22 1.8547e-14   5224.36 1 
  5213.96 1.9171e-14   5227.11 1 
  5216.70 1.9901e-14   5229.86 1 
  5219.45 1.9375e-14   5232.61 1 
  5222.19 1.9741e-14   5235.36 1 
  5224.93 1.8982e-14   5238.11 1 
  5227.68 1.9469e-14   5240.86 1 
  5230.42 1.9143e-14   5243.61 1 
  5233.16 1.8461e-14   5246.36 1 
  5235.90 1.9391e-14   5249.11 1 
  5238.65 1.9730e-14   5251.86 1 
  5241.39 2.0398e-14   5254.61 1 
  5244.13 2.0794e-14   5257.36 1 
  5246.88 2.0268e-14   5260.11 1 
  5249.62 1.9595e-14   5262.86 1 
  5252.36 1.9126e-14   5265.61 1 
  5255.11 1.9240e-14   5268.36 1 
  5257.85 1.9763e-14   5271.11 1 
  5260.59 1.9882e-14   5273.86 1 
  5263.34 1.9444e-14   5276.61 1 
  5266.08 1.8848e-14   5279.36 1 
  5268.82 1.8956e-14   5282.11 1 
  5271.56 1.9155e-14   5284.86 1 
  5274.31 1.8778e-14   5287.61 1 
  5277.05 1.9009e-14   5290.36 1 
  5279.79 1.9580e-14   5293.11 1 
  5282.54 2.0331e-14   5295.86 1 
  5285.28 1.9977e-14   5298.61 1 
  5288.02 2.0286e-14   5301.36 1 
  5290.77 2.0154e-14   5304.11 1 
  5293.51 1.9454e-14   5306.86 1 
  5296.25 1.8778e-14   5309.61 1 
  5299.00 1.9199e-14   5312.36 1 
  5301.74 1.9803e-14   5315.11 1 
  5304.48 2.0808e-14   5317.86 1 
  5307.23 2.0721e-14   5320.61 1 
  5309.97 2.0016e-14   5323.36 1 
  5312.71 2.0280e-14   5326.11 1 
  5315.45 2.0234e-14   5328.86 1 
  5318.20 1.9939e-14   5331.61 1 
  5320.94 1.9603e-14   5334.36 1 
  5323.68 1.9603e-14   5337.11 1 
  5326.43 1.9208e-14   5339.86 1 
  5329.17 1.9090e-14   5342.61 1 
  5331.91 1.9443e-14   5345.36 1 
  5334.66 1.9599e-14   5348.11 1 
  5337.40 2.0406e-14   5350.86 1 
  5340.14 2.0019e-14   5353.61 1 
  5342.89 1.9860e-14   5356.36 1 
  5345.63 2.0150e-14   5359.11 1 
  5348.37 1.9794e-14   5361.86 1 
  5351.11 2.0400e-14   5364.61 1 
  5353.86 2.0345e-14   5367.36 1 
  5356.60 2.1036e-14   5370.11 1 
  5359.34 2.1153e-14   5372.86 1 
  5362.09 2.0202e-14   5375.61 1 
  5364.83 1.9822e-14   5378.36 1 
  5367.57 1.9276e-14   5381.11 1 
  5370.32 1.9092e-14   5383.86 1 
  5373.06 1.9245e-14   5386.61 1 
  5375.80 1.9764e-14   5389.36 1 
  5378.55 2.0232e-14   5392.11 1 
  5381.29 1.9889e-14   5394.86 1 
  5384.03 1.9717e-14   5397.61 1 
  5386.77 1.9671e-14   5400.36 1 
  5389.52 1.9842e-14   5403.11 1 
  5392.26 1.9402e-14   5405.86 1 
  5395.00 1.8614e-14   5408.61 1 
  5397.75 1.9116e-14   5411.36 1 
  5400.49 1.9319e-14   5414.11 1 
  5403.23 1.9537e-14   5416.86 1 
  5405.98 1.9245e-14   5419.61 1 
  5408.72 1.8749e-14   5422.36 1 
  5411.46 1.8774e-14   5425.11 1 
  5414.21 1.8979e-14   5427.86 1 
  5416.95 1.9648e-14   5430.61 1 
  5419.69 1.8900e-14   5433.36 1 
  5422.43 1.9182e-14   5436.11 1 
  5425.18 1.9840e-14   5438.86 1 
  5427.92 1.9567e-14   5441.61 1 
  5430.66 1.9529e-14   5444.36 1 
  5433.41 1.9263e-14   5447.11 1 
  5436.15 1.9507e-14   5449.86 1 
  5438.89 1.9444e-14   5452.61 1 
  5441.64 1.9339e-14   5455.36 1 
  5444.38 1.9603e-14   5458.11 1 
  5447.12 1.8898e-14   5460.86 1 
  5449.87 1.8528e-14   5463.61 1 
  5452.61 1.9323e-14   5466.36 1 
  5455.35 1.9338e-14   5469.11 1 
  5458.09 1.9100e-14   5471.86 1 
  5460.84 1.9220e-14   5474.61 1 
  5463.58 1.9218e-14   5477.36 1 
  5466.32 1.9362e-14   5480.11 1 
  5469.07 1.9936e-14   5482.86 1 
  5471.81 1.9258e-14   5485.61 1 
  5474.55 1.8410e-14   5488.36 1 
  5477.30 1.8824e-14   5491.11 1 
  5480.04 1.9573e-14   5493.86 1 
  5482.78 1.9662e-14   5496.61 1 
  5485.53 1.9415e-14   5499.36 1 
  5488.27 1.9657e-14   5502.11 1 
  5491.01 2.0203e-14   5504.86 1 
  5493.75 2.0161e-14   5507.61 1 
  5496.50 1.9623e-14   5510.36 1 
  5499.24 1.8942e-14   5513.11 1 
  5501.98 1.9604e-14   5515.86 1 
  5504.73 1.9602e-14   5518.61 1 
  5507.47 1.9766e-14   5521.36 1 
  5510.21 1.9319e-14   5524.11 1 
  5512.96 1.9249e-14   5526.86 1 
  5515.70 2.0292e-14   5529.61 1 
  5518.44 1.9954e-14   5532.36 1 
  5521.19 1.9737e-14   5535.11 1 
  5523.93 1.9717e-14   5537.86 1 
  5526.67 1.9358e-14   5540.61 1 
  5529.41 1.9259e-14   5543.36 1 
  5532.16 1.8699e-14   5546.11 1 
  5534.90 1.9150e-14   5548.86 1 
  5537.64 1.8924e-14   5551.61 1 
  5540.39 1.8923e-14   5554.36 1 
  5543.13 1.9456e-14   5557.11 1 
  5545.87 1.9089e-14   5559.86 1 
  5548.62 2.0299e-14   5562.61 1 
  5551.36 1.9227e-14   5565.36 1 
  5554.10 1.9958e-14   5568.11 1 
  5556.85 1.9823e-14   5570.86 1 
  5559.59 1.9550e-14   5573.61 1 
  5562.33 1.8788e-14   5576.36 1 
  5565.07 1.8406e-14   5579.11 1 
  5567.82 1.8419e-14   5581.86 1 
  5570.56 2.0047e-14   5584.61 1 
  5573.30 1.9369e-14   5587.36 1 
  5576.05 1.9906e-14   5590.11 1 
  5578.79 1.9128e-14   5592.86 1 
  5581.53 2.0458e-14   5595.61 1 
  5584.28 1.7685e-14   5598.36 1 
  5587.02 1.8468e-14   5601.11 1 
  5589.76 1.8085e-14   5603.86 1 
  5592.51 1.9599e-14   5606.61 1 
  5595.25 1.8523e-14   5609.36 1 
  5597.99 1.8446e-14   5612.11 1 
  5600.73 1.8298e-14   5614.86 1 
  5603.48 1.9900e-14   5617.61 1 
  5606.22 2.0007e-14   5620.36 1 
  5608.96 1.9538e-14   5623.11 1 
  5611.71 1.9801e-14   5625.86 1 
  5614.45 1.9515e-14   5628.61 1 
  5617.19 1.8777e-14   5631.36 1 
  5619.94 1.8985e-14   5634.11 1 
  5622.68 1.8864e-14   5636.86 1 
  5625.42 1.8704e-14   5639.61 1 
  5628.17 1.8679e-14   5642.36 1 
  5630.91 1.9236e-14   5645.11 1 
  5633.65 1.9354e-14   5647.86 1 
  5636.39 1.8667e-14   5650.61 1 
  5639.14 1.8848e-14   5653.36 1 
  5641.88 1.8474e-14   5656.11 1 
  5644.62 1.9066e-14   5658.86 1 
  5647.37 1.9905e-14   5661.61 1 
  5650.11 1.8694e-14   5664.36 1 
  5652.85 1.8365e-14   5667.11 1 
  5655.60 1.8617e-14   5669.86 1 
  5658.34 1.9258e-14   5672.61 1 
  5661.08 1.8418e-14   5675.36 1 
  5663.83 1.7735e-14   5678.11 1 
  5666.57 1.8318e-14   5680.86 1 
  5669.31 1.8864e-14   5683.61 1 
  5672.05 1.9883e-14   5686.36 1 
  5674.80 1.9604e-14   5689.11 1 
  5677.54 1.8665e-14   5691.86 1 
  5680.28 1.8959e-14   5694.61 1 
  5683.03 1.9810e-14   5697.36 1 
  5685.77 1.9343e-14   5700.11 1 
  5688.51 1.8638e-14   5702.86 1 
  5691.26 1.8339e-14   5705.61 1 
  5694.00 1.9380e-14   5708.36 1 
  5696.74 1.9574e-14   5711.11 1 
  5699.49 1.9361e-14   5713.86 1 
  5702.23 1.8905e-14   5716.61 1 
  5704.97 1.8887e-14   5719.36 1 
  5707.72 1.9195e-14   5722.11 1 
  5710.46 1.8302e-14   5724.86 1 
  5713.20 1.8479e-14   5727.61 1 
  5715.94 1.9099e-14   5730.36 1 
  5718.69 1.8554e-14   5733.11 1 
  5721.43 1.8963e-14   5735.86 1 
  5724.17 1.9044e-14   5738.61 1 
  5726.92 1.8762e-14   5741.36 1 
  5729.66 1.8916e-14   5744.11 1 
  5732.40 1.9592e-14   5746.86 1 
  5735.15 1.9544e-14   5749.61 1 
  5737.89 2.0438e-14   5752.36 1 
  5740.63 1.9158e-14   5755.11 1 
  5743.38 1.8915e-14   5757.86 1 
  5746.12 1.9193e-14   5760.61 1 
  5748.86 2.0089e-14   5763.36 1 
  5751.60 1.8650e-14   5766.11 1 
  5754.35 1.8681e-14   5768.86 1 
  5757.09 1.8401e-14   5771.61 1 
  5759.83 1.8395e-14   5774.36 1 
  5762.58 1.9147e-14   5777.11 1 
  5765.32 1.9120e-14   5779.86 1 
  5768.06 1.9166e-14   5782.61 1 
  5770.81 1.9182e-14   5785.36 1 
  5773.55 1.8749e-14   5788.11 1 
  5776.29 1.9099e-14   5790.86 1 
  5779.04 1.8100e-14   5793.61 1 
  5781.78 1.8419e-14   5796.36 1 
  5784.52 1.8456e-14   5799.11 1 
  5787.26 1.7712e-14   5801.86 1 
  5790.01 1.6882e-14   5804.61 1 
  5792.75 1.7733e-14   5807.36 1 
  5795.49 1.9043e-14   5810.11 1 
  5798.24 1.9429e-14   5812.86 1 
  5800.98 1.9071e-14   5815.61 1 
  5803.72 1.8585e-14   5818.36 1 
  5806.47 1.9464e-14   5821.11 1 
  5809.21 1.9614e-14   5823.86 1 
  5811.95 1.7752e-14   5826.61 1 
  5814.70 1.9005e-14   5829.36 1 
  5817.44 1.8959e-14   5832.11 1 
  5820.18 1.9205e-14   5834.86 1 
  5822.92 1.9934e-14   5837.61 1 
  5825.67 1.9456e-14   5840.36 1 
  5828.41 1.8617e-14   5843.11 1 
  5831.15 1.8925e-14   5845.86 1 
  5833.90 1.8141e-14   5848.61 1 
  5836.64 1.8770e-14   5851.36 1 
  5839.38 1.9345e-14   5854.11 1 
  5842.13 2.0581e-14   5856.86 1 
  5844.87 1.8586e-14   5859.61 1 
  5847.61 1.7849e-14   5862.36 1 
  5850.36 1.8608e-14   5865.11 1 
  5853.10 1.8556e-14   5867.86 1 
  5855.84 1.8666e-14   5870.61 1 
  5858.58 1.8451e-14   5873.36 1 
  5861.33 1.7430e-14   5876.11 1 
  5864.07 1.8638e-14   5878.86 1 
  5866.81 1.8787e-14   5881.61 1 
  5869.56 1.7285e-14   5884.36 1 
  5872.30 1.8949e-14   5887.11 1 
  5875.04 2.1381e-14   5889.86 1 
  5877.79 2.2690e-14   5892.61 1 
  5880.53 2.0055e-14   5895.36 1 
  5883.27 1.8898e-14   5898.11 1 
  5886.02 1.8048e-14   5900.86 1 
  5888.76 1.7878e-14   5903.61 1 
  5891.50 1.6895e-14   5906.36 1 
  5894.24 1.5929e-14   5909.11 1 
  5896.99 1.7223e-14   5911.86 1 
  5899.73 1.7546e-14   5914.61 1 
  5902.47 1.8794e-14   5917.36 1 
  5905.22 1.7545e-14   5920.11 1 
  5907.96 1.7179e-14   5922.86 1 
  5910.70 1.8405e-14   5925.61 1 
  5913.45 1.8419e-14   5928.36 1 
  5916.19 1.6958e-14   5931.11 1 
  5918.93 1.7134e-14   5933.86 1 
  5921.68 1.8066e-14   5936.61 1 
  5924.42 1.8096e-14   5939.36 1 
  5927.16 1.8425e-14   5942.11 1 
  5929.90 1.7817e-14   5944.86 1 
  5932.65 1.8335e-14   5947.61 1 
  5935.39 1.8865e-14   5950.36 1 
  5938.13 1.8761e-14   5953.11 1 
  5940.88 1.7559e-14   5955.86 1 
  5943.62 1.7446e-14   5958.61 1 
  5946.36 1.7551e-14   5961.36 1 
  5949.11 1.7263e-14   5964.11 1 
  5951.85 1.8200e-14   5966.86 1 
  5954.59 1.8255e-14   5969.61 1 
  5957.34 1.8088e-14   5972.36 1 
  5960.08 1.8487e-14   5975.11 1 
  5962.82 1.8117e-14   5977.86 1 
  5965.56 1.8480e-14   5980.61 1 
  5968.31 1.8387e-14   5983.36 1 
  5971.05 1.8864e-14   5986.11 1 
  5973.79 1.9417e-14   5988.86 1 
  5976.54 1.8448e-14   5991.61 1 
  5979.28 1.8039e-14   5994.36 1 
  5982.02 1.7321e-14   5997.11 1 
  5984.77 1.6750e-14   5999.86 1 
  5987.51 1.8191e-14   6002.61 1 
  5990.25 1.8827e-14   6005.36 1 
  5993.00 1.9359e-14   6008.11 1 
  5995.74 1.8084e-14   6010.86 1 
  5998.48 1.7869e-14   6013.61 1 
  6001.22 1.7652e-14   6016.36 1 
  6003.97 1.7270e-14   6019.11 1 
  6006.71 1.7888e-14   6021.86 1 
  6009.45 1.7428e-14   6024.61 1 
  6012.20 1.6570e-14   6027.36 1 
  6014.94 1.6937e-14   6030.11 1 
  6017.68 1.6868e-14   6032.86 1 
  6020.43 1.7304e-14   6035.61 1 
  6023.17 1.8236e-14   6038.36 1 
  6025.91 1.7978e-14   6041.11 1 
  6028.66 1.8185e-14   6043.86 1 
  6031.40 1.8300e-14   6046.61 1 
  6034.14 1.8418e-14   6049.36 1 
  6036.88 1.8207e-14   6052.11 1 
  6039.63 1.8106e-14   6054.86 1 
  6042.37 1.8354e-14   6057.61 1 
  6045.11 1.8475e-14   6060.36 1 
  6047.86 1.7771e-14   6063.11 1 
  6050.60 1.7307e-14   6065.86 1 
  6053.34 1.8014e-14   6068.61 1 
  6056.09 1.7640e-14   6071.36 1 
  6058.83 1.7512e-14   6074.11 1 
  6061.57 1.7659e-14   6076.86 1 
  6064.32 1.6514e-14   6079.61 1 
  6067.06 1.7178e-14   6082.36 1 
  6069.80 1.7662e-14   6085.11 1 
  6072.54 1.7989e-14   6087.86 1 
  6075.29 1.7569e-14   6090.61 1 
  6078.03 1.7585e-14   6093.36 1 
  6080.77 1.7287e-14   6096.11 1 
  6083.52 1.7670e-14   6098.86 1 
  6086.26 1.7295e-14   6101.61 1 
  6089.00 1.7746e-14   6104.36 1 
  6091.75 1.6859e-14   6107.11 1 
  6094.49 1.7930e-14   6109.86 1 
  6097.23 1.7903e-14   6112.61 1 
  6099.98 1.7683e-14   6115.36 1 
  6102.72 1.6596e-14   6118.11 1 
  6105.46 1.6411e-14   6120.86 1 
  6108.20 1.7210e-14   6123.61 1 
  6110.95 1.7807e-14   6126.36 1 
  6113.69 1.7621e-14   6129.11 1 
  6116.43 1.7344e-14   6131.86 1 
  6119.18 1.7361e-14   6134.61 1 
  6121.92 1.7890e-14   6137.36 1 
  6124.66 1.6247e-14   6140.11 1 
  6127.41 1.6615e-14   6142.86 1 
  6130.15 1.7208e-14   6145.61 1 
  6132.89 1.6736e-14   6148.36 1 
  6135.64 1.7144e-14   6151.11 1 
  6138.38 1.7151e-14   6153.86 1 
  6141.12 1.6885e-14   6156.61 1 
  6143.87 1.7314e-14   6159.36 1 
  6146.61 1.7195e-14   6162.11 1 
  6149.35 1.7353e-14   6164.86 1 
  6152.09 1.7824e-14   6167.61 1 
  6154.84 1.6736e-14   6170.36 1 
  6157.58 1.6881e-14   6173.11 1 
  6160.32 1.5836e-14   6175.86 1 
  6163.07 1.5975e-14   6178.61 1 
  6165.81 1.6606e-14   6181.36 1 
  6168.55 1.6564e-14   6184.11 1 
  6171.30 1.6954e-14   6186.86 1 
  6174.04 1.5960e-14   6189.61 1 
  6176.78 1.7107e-14   6192.36 1 
  6179.53 1.7144e-14   6195.11 1 
  6182.27 1.6373e-14   6197.86 1 
  6185.01 1.7769e-14   6200.61 1 
  6187.75 1.6979e-14   6203.36 1 
  6190.50 1.6114e-14   6206.11 1 
  6193.24 1.6959e-14   6208.86 1 
  6195.98 1.5724e-14   6211.61 1 
  6198.73 1.6394e-14   6214.36 1 
  6201.47 1.7452e-14   6217.11 1 
  6204.21 1.7736e-14   6219.86 1 
  6206.96 1.6143e-14   6222.61 1 
  6209.70 1.6103e-14   6225.36 1 
  6212.44 1.6381e-14   6228.11 1 
  6215.19 1.6627e-14   6230.86 1 
  6217.93 1.6980e-14   6233.61 1 
  6220.67 1.6297e-14   6236.36 1 
  6223.41 1.5844e-14   6239.11 1 
  6226.16 1.6889e-14   6241.86 1 
  6228.90 1.7218e-14   6244.61 1 
  6231.64 1.6478e-14   6247.36 1 
  6234.39 1.6049e-14   6250.11 1 
  6237.13 1.6507e-14   6252.86 1 
  6239.87 1.5811e-14   6255.61 1 
  6242.62 1.6470e-14   6258.36 1 
  6245.36 1.6009e-14   6261.11 1 
  6248.10 1.6477e-14   6263.86 1 
  6250.85 1.6180e-14   6266.61 1 
  6253.59 1.6845e-14   6269.36 1 
  6256.33 1.6148e-14   6272.11 1 
  6259.07 1.6842e-14   6274.86 1 
  6261.82 1.5589e-14   6277.61 1 
  6264.56 1.7029e-14   6280.36 1 
  6267.30 1.6215e-14   6283.11 1 
  6270.05 1.6334e-14   6285.86 1 
  6272.79 1.8235e-14   6288.61 1 
  6275.53 1.7425e-14   6291.36 1 
  6278.28 1.6436e-14   6294.11 1 
  6281.02 1.5793e-14   6296.86 1 
  6283.76 1.5311e-14   6299.61 1 
  6286.51 1.5491e-14   6302.36 1 
  6289.25 1.5070e-14   6305.11 1 
  6291.99 1.4850e-14   6307.86 1 
  6294.73 1.6402e-14   6310.61 1 
  6297.48 1.8561e-14   6313.36 1 
  6300.22 1.8988e-14   6316.11 1 
  6302.96 1.8889e-14   6318.86 1 
  6305.71 1.8352e-14   6321.61 1 
  6308.45 1.7625e-14   6324.36 1 
  6311.19 1.6918e-14   6327.11 1 
  6313.94 1.6613e-14   6329.86 1 
  6316.68 1.5776e-14   6332.61 1 
  6319.42 1.5851e-14   6335.36 1 
  6322.17 1.7141e-14   6338.11 1 
  6324.91 1.7180e-14   6340.86 1 
  6327.65 1.6973e-14   6343.61 1 
  6330.39 1.7040e-14   6346.36 1 
  6333.14 1.6586e-14   6349.11 1 
  6335.88 1.6628e-14   6351.86 1 
  6338.62 1.6319e-14   6354.61 1 
  6341.37 1.7047e-14   6357.36 1 
  6344.11 1.7138e-14   6360.11 1 
  6346.85 1.7240e-14   6362.86 1 
  6349.60 1.7100e-14   6365.61 1 
  6352.34 1.5498e-14   6368.36 1 
  6355.08 1.8278e-14   6371.11 1 
  6357.83 1.6844e-14   6373.86 1 
  6360.57 1.5698e-14   6376.61 1 
  6363.31 1.7120e-14   6379.36 1 
  6366.05 1.7426e-14   6382.11 1 
  6368.80 1.6858e-14   6384.86 1 
  6371.54 1.7162e-14   6387.61 1 
  6374.28 1.6233e-14   6390.36 1 
  6377.03 1.6923e-14   6393.11 1 
  6379.77 1.6744e-14   6395.86 1 
  6382.51 1.7135e-14   6398.61 1 
  6385.26 1.7115e-14   6401.36 1 
  6388.00 1.7086e-14   6404.11 1 
  6390.74 1.7201e-14   6406.86 1 
  6393.49 1.7087e-14   6409.61 1 
  6396.23 1.6355e-14   6412.36 1 
  6398.97 1.7682e-14   6415.11 1 
  6401.71 1.6615e-14   6417.86 1 
  6404.46 1.7377e-14   6420.61 1 
  6407.20 1.6393e-14   6423.36 1 
  6409.94 1.6358e-14   6426.11 1 
  6412.69 1.7156e-14   6428.86 1 
  6415.43 1.7164e-14   6431.61 1 
  6418.17 1.6141e-14   6434.36 1 
  6420.92 1.6406e-14   6437.11 1 
  6423.66 1.6302e-14   6439.86 1 
  6426.40 1.7571e-14   6442.61 1 
  6429.15 1.6230e-14   6445.36 1 
  6431.89 1.8658e-14   6448.11 1 
  6434.63 1.7956e-14   6450.86 1 
  6437.37 1.8441e-14   6453.61 1 
  6440.12 1.9208e-14   6456.36 1 
  6442.86 1.7915e-14   6459.11 1 
  6445.60 1.8032e-14   6461.86 1 
  6448.35 1.5539e-14   6464.61 1 
  6451.09 1.6683e-14   6467.36 1 
  6453.83 1.6224e-14   6470.11 1 
  6456.58 1.5368e-14   6472.86 1 
  6459.32 1.6884e-14   6475.61 1 
  6462.06 1.7352e-14   6478.36 1 
  6464.81 1.7194e-14   6481.11 1 
  6467.55 1.6521e-14   6483.86 1 
  6470.29 1.7175e-14   6486.61 1 
  6473.03 1.7286e-14   6489.36 1 
  6475.78 1.7869e-14   6492.11 1 
  6478.52 1.7508e-14   6494.86 1 
  6481.26 1.6262e-14   6497.61 1 
  6484.01 1.6075e-14   6500.36 1 
  6486.75 1.5792e-14   6503.11 1 
  6489.49 1.5484e-14   6505.86 1 
  6492.24 1.5817e-14   6508.61 1 
  6494.98 1.6323e-14   6511.36 1 
  6497.72 1.5812e-14   6514.11 1 
  6500.47 1.5370e-14   6516.86 1 
  6503.21 1.6225e-14   6519.61 1 
  6505.95 1.5918e-14   6522.36 1 
  6508.69 1.5668e-14   6525.11 1 
  6511.44 1.6315e-14   6527.86 1 
  6514.18 1.6096e-14   6530.61 1 
  6516.92 1.6280e-14   6533.36 1 
  6519.67 1.5744e-14   6536.11 1 
  6522.41 1.5778e-14   6538.86 1 
  6525.15 1.6250e-14   6541.61 1 
  6527.90 1.6258e-14   6544.36 1 
  6530.64 1.6844e-14   6547.11 1 
  6533.38 1.7776e-14   6549.86 1 
  6536.13 1.6984e-14   6552.61 1 
  6538.87 1.7094e-14   6555.36 1 
  6541.61 1.6877e-14   6558.11 1 
  6544.35 1.8033e-14   6560.86 1 
  6547.10 2.0419e-14   6563.61 1 
  6549.84 2.0367e-14   6566.36 1 
  6552.58 2.0381e-14   6569.11 1 
  6555.33 2.4474e-14   6571.86 1 
  6558.07 4.0090e-14   6574.61 1 
  6560.81 6.8087e-14   6577.36 1 
  6563.56 8.4856e-14   6580.11 1 
  6566.30 7.0868e-14   6582.86 1 
  6569.04 4.0534e-14   6585.61 1 
  6571.79 2.1806e-14   6588.36 1 
  6574.53 1.7114e-14   6591.11 1 
  6577.27 1.9276e-14   6593.86 1 
  6580.02 2.2115e-14   6596.61 1 
  6582.76 2.6528e-14   6599.36 1 
  6585.50 2.8109e-14   6602.11 1 
  6588.24 2.3319e-14   6604.86 1 
  6590.99 1.8059e-14   6607.61 1 
  6593.73 1.6354e-14   6610.36 1 
  6596.47 1.5657e-14   6613.11 1 
  6599.22 1.5943e-14   6615.86 1 
  6601.96 1.7778e-14   6618.61 1 
  6604.70 1.6881e-14   6621.36 1 
  6607.45 1.5896e-14   6624.11 1 
  6610.19 1.5936e-14   6626.86 1 
  6612.93 1.6260e-14   6629.61 1 
  6615.68 1.5628e-14   6632.36 1 
  6618.42 1.7081e-14   6635.11 1 
  6621.16 1.6814e-14   6637.86 1 
  6623.90 1.6642e-14   6640.61 1 
  6626.65 1.6114e-14   6643.36 1 
  6629.39 1.6584e-14   6646.11 1 
  6632.13 1.6709e-14   6648.86 1 
  6634.88 1.6046e-14   6651.61 1 
  6637.62 1.5920e-14   6654.36 1 
  6640.36 1.5923e-14   6657.11 1 
  6643.11 1.5615e-14   6659.86 1 
  6645.85 1.5357e-14   6662.61 1 
  6648.59 1.6321e-14   6665.36 1 
  6651.34 1.5813e-14   6668.11 1 
  6654.08 1.5836e-14   6670.86 1 
  6656.82 1.6374e-14   6673.61 1 
  6659.56 1.6043e-14   6676.36 1 
  6662.31 1.5559e-14   6679.11 1 
  6665.05 1.6189e-14   6681.86 1 
  6667.79 1.6611e-14   6684.61 1 
  6670.54 1.6490e-14   6687.36 1 
  6673.28 1.6563e-14   6690.11 1 
  6676.02 1.6054e-14   6692.86 1 
  6678.77 1.5935e-14   6695.61 1 
  6681.51 1.5608e-14   6698.36 1 
  6684.25 1.5935e-14   6701.11 1 
  6687.00 1.6453e-14   6703.86 1 
  6689.74 1.6446e-14   6706.61 1 
  6692.48 1.5579e-14   6709.36 1 
  6695.22 1.6062e-14   6712.11 1 
  6697.97 1.5430e-14   6714.86 1 
  6700.71 1.6376e-14   6717.61 1 
  6703.45 1.6709e-14   6720.36 1 
  6706.20 1.6180e-14   6723.11 1 
  6708.94 1.6763e-14   6725.86 1 
  6711.68 2.1343e-14   6728.61 1 
  6714.43 2.7427e-14   6731.36 1 
  6717.17 2.9459e-14   6734.11 1 
  6719.91 2.6813e-14   6736.86 1 
  6722.66 2.2233e-14   6739.61 1 
  6725.40 2.0521e-14   6742.36 1 
  6728.14 2.3815e-14   6745.11 1 
  6730.88 2.7695e-14   6747.86 1 
  6733.63 2.5558e-14   6750.61 1 
  6736.37 2.1419e-14   6753.36 1 
  6739.11 1.6287e-14   6756.11 1 
  6741.86 1.5293e-14   6758.86 1 
  6744.60 1.5445e-14   6761.61 1 
  6747.34 1.5121e-14   6764.36 1 
  6750.09 1.6045e-14   6767.11 1 
  6752.83 1.4434e-14   6769.86 1 
  6755.57 1.5402e-14   6772.61 1 
  6758.32 1.6347e-14   6775.36 1 
  6761.06 1.4862e-14   6778.11 1 
  6763.80 1.5386e-14   6780.86 1 
  6766.54 1.4624e-14   6783.61 1 
  6769.29 1.5268e-14   6786.36 1 
  6772.03 1.6109e-14   6789.11 1 
  6774.77 1.5117e-14   6791.86 1 
  6777.52 1.4894e-14   6794.61 1 
  6780.26 1.4505e-14   6797.36 1 
  6783.00 1.4509e-14   6800.11 1 
  6785.75 1.5987e-14   6802.86 1 
  6788.49 1.6335e-14   6805.61 1 
  6791.23 1.4391e-14   6808.36 1 
  6793.98 1.5213e-14   6811.11 1 
  6796.72 1.4632e-14   6813.86 1 
  6799.46 1.4963e-14   6816.61 1 
  6802.20 1.4886e-14   6819.36 1 
  6804.95 1.4719e-14   6822.11 1 
  6807.69 1.5138e-14   6824.86 1 
  6810.43 1.6148e-14   6827.61 1 
  6821.91 1.5453e-14   6839.12 0 
  6837.64 1.5488e-14   6854.88 0 
  6853.40 1.5487e-14   6870.68 0 
  6869.20 1.4926e-14   6886.52 0 
  6885.03 1.5168e-14   6902.40 0 
  6900.90 1.5167e-14   6918.31 0 
  6916.82 1.5166e-14   6934.26 0 
  6932.76 1.5096e-14   6950.24 0 
  6948.74 1.5270e-14   6966.26 0 
  6964.76 1.5199e-14   6982.33 0 
  6980.81 1.5304e-14   6998.42 0 
  6996.91 1.5059e-14   7014.55 0 
  7013.03 1.4749e-14   7030.72 0 
  7029.20 1.4851e-14   7046.93 0 
  7045.41 1.4884e-14   7063.18 0 
  7061.65 1.4883e-14   7079.46 0 
  7077.93 1.4746e-14   7095.78 0 
  7094.24 1.4510e-14   7112.14 0 
  7110.60 1.4476e-14   7128.53 0 
  7126.99 1.4342e-14   7144.96 0 
  7143.42 1.4375e-14   7161.43 0 
  7159.88 1.4374e-14   7177.94 0 
  7176.39 1.4111e-14   7194.49 0 
  7192.94 1.3229e-14   7211.08 0 
  7209.51 1.3631e-14   7227.70 0 
  7226.13 1.4338e-14   7244.36 0 
  7242.79 1.3915e-14   7261.06 0 
  7259.49 1.3786e-14   7277.80 0 
  7276.22 1.4536e-14   7294.57 0 
  7293.00 1.4270e-14   7311.39 0 
  7309.81 1.4171e-14   7328.25 0 
  7326.66 1.4334e-14   7345.14 0 
  7343.55 1.4701e-14   7362.07 0 
  7360.48 1.4267e-14   7379.04 0 
  7377.45 1.4598e-14   7396.05 0 
  7394.45 1.4070e-14   7413.10 0 
  7411.50 1.4698e-14   7430.19 0 
  7428.58 1.4101e-14   7447.32 0 
  7445.71 1.4462e-14   7464.49 0 
  7462.87 1.4628e-14   7481.70 0 
  7480.08 1.4394e-14   7498.94 0 
  7497.32 1.4393e-14   7516.23 0 
  7514.61 1.4359e-14   7533.56 0 
  7531.93 1.4326e-14   7550.92 0 
  7549.29 1.4591e-14   7568.33 0 
  7566.69 1.4291e-14   7585.78 0 
  7584.14 1.4389e-14   7603.26 0 
  7601.62 1.3997e-14   7620.79 0 
  7619.14 1.3868e-14   7638.36 0 
  7636.71 1.4125e-14   7655.97 0 
  7654.31 1.3898e-14   7673.61 0 
  7671.95 1.2910e-14   7691.30 0 
  7689.64 1.3456e-14   7709.04 0 
  7707.37 1.2968e-14   7726.81 0 
  7725.13 1.3239e-14   7744.62 0 
  7742.95 1.3516e-14   7762.47 0 
  7760.79 1.3238e-14   7780.37 0 
  7778.68 1.3086e-14   7798.30 0 
  7796.61 1.2995e-14   7816.28 0 
  7814.59 1.3266e-14   7834.30 0 
  7832.60 1.3481e-14   7852.36 0 
  7850.66 1.3419e-14   7870.46 0 
  7868.76 1.3480e-14   7888.60 0 
  7886.90 1.3203e-14   7906.79 0 
  7905.08 1.2931e-14   7925.01 0 
  7923.30 1.2753e-14   7943.28 0 
  7941.57 1.2694e-14   7961.59 0 
  7959.87 1.2840e-14   7979.95 0 
  7978.22 1.2958e-14   7998.34 0 
  7996.61 1.2839e-14   8016.78 0 
  8015.05 1.2987e-14   8035.26 0 
  8033.52 1.2661e-14   8053.78 0 
  8052.04 1.3015e-14   8072.35 0 
  8070.60 1.3165e-14   8090.96 0 
  8089.21 1.2806e-14   8109.61 0 
  8107.86 1.2717e-14   8128.31 0 
  8126.55 1.2923e-14   8147.04 0 
  8145.28 1.2922e-14   8165.82 0 
  8164.06 1.2627e-14   8184.65 0 
  8182.88 1.3070e-14   8203.52 0 
  8201.74 1.2254e-14   8222.43 0 
  8220.65 1.2684e-14   8241.38 0 
  8239.60 1.1594e-14   8260.38 0 
  8258.59 1.3128e-14   8279.42 0 
  8277.63 1.3127e-14   8298.51 0 
  8296.72 1.2138e-14   8317.64 0 
  8315.84 1.2221e-14   8336.81 0 
  8335.01 1.2277e-14   8356.03 0 
  8354.23 1.2447e-14   8375.29 0 
  8373.48 1.2276e-14   8394.60 0 
  8392.78 1.2051e-14   8413.95 0 
  8412.13 1.2474e-14   8433.35 0 
  8431.52 1.2359e-14   8452.79 0 
  8450.96 1.2132e-14   8472.27 0 
  8470.44 1.2301e-14   8491.80 0 
  8489.97 1.2131e-14   8511.38 0 
  8509.54 1.0638e-14   8531.00 0 
  8529.16 1.2046e-14   8550.67 0 
  8548.82 9.6789e-15   8570.38 0 
  8568.53 1.2073e-14   8590.14 0 
  8588.28 1.2156e-14   8609.94 0 
  8608.08 1.1449e-14   8629.79 0 
  8627.92 1.1960e-14   8649.68 0 
  8647.81 1.2042e-14   8669.62 0 
  8667.74 1.0536e-14   8689.60 0 
  8687.73 1.1367e-14   8709.64 0 
  8707.75 1.1498e-14   8729.71 0 
  8727.82 1.1792e-14   8749.84 0 
  8747.95 1.1603e-14   8770.01 0 
  8768.11 1.1656e-14   8790.23 0 
  8788.32 1.1790e-14   8810.49 0 
  8808.59 1.1926e-14   8830.80 0 
  8828.89 1.1789e-14   8851.16 0 
  8849.24 1.1520e-14   8871.56 0 
  8869.64 1.0603e-14   8892.01 0 
  8890.09 1.1127e-14   8912.51 0 
  8910.58 1.1386e-14   8933.05 0 
  8931.12 1.1359e-14   8953.65 0 
  8951.71 1.1203e-14   8974.29 0 
  8972.35 1.0649e-14   8994.98 0 
  8993.03 1.1305e-14   9015.71 0 
  9013.76 1.0574e-14   9036.50 0 
  9034.54 1.0262e-14   9057.33 0 
  9055.37 1.1835e-14   9078.20 0 
  9076.24 1.1592e-14   9099.13 0 
  9097.17 1.0236e-14   9120.11 0 
  9118.14 1.0917e-14   9141.13 0 
  9139.15 1.0594e-14   9162.20 0 
  9160.23 1.0841e-14   9183.33 0 
  9181.34 1.0448e-14   9204.50 0 
  9202.50 1.0940e-14   9225.71 0 
  9223.72 1.0399e-14   9246.98 0 
  9244.98 1.0470e-14   9268.30 0 
  9266.29 1.0664e-14   9289.66 0 
  9287.66 1.0541e-14   9311.08 0 
  9309.07 9.9052e-15   9332.54 0 
  9330.52 1.1037e-14   9354.06 0 
  9352.03 1.0985e-14   9375.62 0 
  9373.59 1.0859e-14   9397.23 0 
  9395.20 1.0933e-14   9418.90 0 
  9416.86 1.0733e-14   9440.61 0 
  9438.57 1.0932e-14   9462.37 0 
  9460.33 1.0806e-14   9484.18 0 
  9482.13 1.0880e-14   9506.05 0 
  9503.99 1.0681e-14   9527.96 0 
  9525.90 1.0583e-14   9549.93 0 
  9547.86 1.0129e-14   9571.94 0 
  9569.87 1.0533e-14   9594.01 0 
  9591.93 1.0703e-14   9616.12 0 
  9614.04 1.0629e-14   9638.29 0 
  9636.20 1.0628e-14   9660.51 0 
  9658.42 1.0530e-14   9682.78 0 
  9680.68 1.0481e-14   9705.10 0 
  9703.00 1.0432e-14   9727.47 0 
  9725.37 1.0359e-14   9749.90 0 
  9747.79 1.0287e-14   9772.37 0 
  9770.26 1.0310e-14   9794.90 0 
  9792.78 1.0192e-14   9817.48 0 
  9815.36 1.0309e-14   9840.11 0 
  9837.98 1.0237e-14   9862.79 0 
  9860.66 1.0237e-14   9885.53 0 
  9883.39 1.0119e-14   9908.32 0 
  9906.18 1.0072e-14   9931.16 0 
  9929.01 1.0094e-14   9954.05 0 
  9951.90 1.0070e-14   9977.00 0 
  9974.84 1.0047e-14  10000.00 0 
  9997.84 9.9998e-15  10023.05 0 
 10020.88 9.8392e-15  10046.15 0 
 10067.14 9.6361e-15  10092.53 0 
 10113.61 9.8139e-15  10139.12 0 
 10183.71 9.6996e-15  10209.39 0 
 10230.72 9.6760e-15  10256.52 0 
 10277.94 9.6302e-15  10303.86 0 
 10301.63 9.5632e-15  10327.61 0 
 10493.15 9.1910e-15  10519.62 0 
 10688.24 8.7525e-15  10715.20 0 
 10912.04 8.2819e-15  10939.56 0 
 11089.35 8.0192e-15  11117.32 0 
 11295.51 7.7470e-15  11324.00 0 
 11505.51 7.5881e-15  11534.53 0 
 11692.46 7.3305e-15  11721.95 0 
 11909.85 7.0491e-15  11939.88 0 
 12103.37 6.8412e-15  12133.89 0 
 12300.03 6.6701e-15  12331.05 0 
 12499.89 6.4585e-15  12531.41 0 
 12702.99 6.2680e-15  12735.03 0 
 12909.40 6.0832e-15  12941.96 0 
 13088.99 5.9447e-15  13122.00 0 
 13301.67 5.7429e-15  13335.21 0 
 13486.71 5.6122e-15  13520.73 0 
 13705.85 5.4718e-15  13740.42 0 
 13896.52 5.2861e-15  13931.57 0 
 14089.84 5.0831e-15  14125.38 0 
 14285.85 4.9789e-15  14321.88 0 
 14484.59 4.9560e-15  14521.12 0 
 14686.09 4.7988e-15  14723.13 0 
 14890.38 4.7988e-15  14927.94 0 
 15097.53 4.7658e-15  15135.61 0 
 15307.56 4.7878e-15  15346.17 0 
 15484.82 4.7329e-15  15523.87 0 
 15700.23 4.6252e-15  15739.83 0 
 15882.04 4.4579e-15  15922.09 0 
 16102.98 4.4579e-15  16143.59 0 
 16289.43 4.4170e-15  16330.51 0 
 16516.04 4.3165e-15  16557.70 0 
 16707.29 4.2573e-15  16749.43 0 
 16900.76 4.1508e-15  16943.38 0 
 17096.46 4.0563e-15  17139.58 0 
 17294.42 3.8827e-15  17338.03 0 
 17494.68 3.7769e-15  17538.80 0 
 17697.27 3.6319e-15  17741.90 0 
 17902.19 3.5005e-15  17947.34 0 
 18109.48 3.3353e-15  18155.15 0 
 18319.18 3.2519e-15  18365.38 0 
 18488.69 3.1487e-15  18535.32 0 
 18702.77 3.0070e-15  18749.94 0 
 18919.34 2.9318e-15  18967.05 0 
 19094.41 2.8650e-15  19142.56 0 
 19315.51 2.7678e-15  19364.23 0 
 19494.22 2.6493e-15  19543.39 0 
 19719.96 2.5771e-15  19769.70 0 
 19902.44 2.4954e-15  19952.63 0 
 20086.58 2.4442e-15  20137.24 0 
 20319.18 2.3612e-15  20370.42 0 
 20507.20 2.3234e-15  20558.92 0 
 20696.93 2.2601e-15  20749.13 0 
 20888.45 2.2036e-15  20941.13 0 
 21081.71 2.1584e-15  21134.88 0 
 21276.79 2.1044e-15  21330.45 0 
 21523.17 2.0518e-15  21577.45 0 
 21722.30 1.9776e-15  21777.09 0 
 21923.31 1.9459e-15  21978.60 0 
 22075.26 1.8886e-15  22130.94 0 
 22279.53 1.8371e-15  22335.72 0 
 22485.69 1.7911e-15  22542.40 0 
 22693.73 1.7423e-15  22750.97 0 
 22903.73 1.5745e-15  22961.49 0 
 23115.64 1.5600e-15  23173.93 0 
 23275.88 1.3776e-15  23334.58 0 
 23491.26 1.3036e-15  23550.50 0 
 23708.61 1.3156e-15  23768.40 0 
 23872.96 1.2138e-15  23933.17 0 
 24093.84 1.1753e-15  24154.60 0 
 24316.79 1.1618e-15  24378.11 0 
 24485.33 1.0868e-15  24547.08 0 
 24711.90 1.0694e-15  24774.22 0 
 24883.18 9.2711e-16  24945.94 0 
 25113.44 9.1439e-16  25176.77 0 
 25287.50 9.1439e-16  25351.28 0 
 25521.49 9.0184e-16  25585.86 0 
 25698.39 9.1019e-16  25763.20 0 
 25876.53 8.8947e-16  25941.79 0 
 26115.98 8.8335e-16  26181.84 0 
 26296.99 8.5927e-16  26363.31 0 
 26479.26 8.5140e-16  26546.04 0 
 26724.28 8.3202e-16  26791.68 0 
 26909.54 8.2060e-16  26977.41 0 
 27096.06 8.0748e-16  27164.39 0 
 27283.86 7.9092e-16  27352.67 0 
 27473.00 7.7648e-16  27542.29 0 
 27727.19 7.6056e-16  27797.12 0 
 27919.40 7.5012e-16  27989.81 0 
 28112.92 7.3474e-16  28183.82 0 
 28307.80 7.2133e-16  28379.20 0 
 28504.01 7.0653e-16  28575.90 0 
 28701.61 6.9045e-16  28773.99 0 
 28900.54 6.8098e-16  28973.43 0 
 29100.89 6.6855e-16  29174.28 0 
 29302.59 6.5483e-16  29376.49 0 
 29505.73 6.4140e-16  29580.14 0 
 29710.23 6.3115e-16  29785.16 0 
 29916.19 6.1678e-16  29991.64 0 
 30123.55 6.0692e-16  30199.52 0 
 30332.34 5.9310e-16  30408.84 0 
 30472.37 5.8632e-16  30549.22 0 
 30683.58 5.7694e-16  30760.96 0 
 30896.28 5.6772e-16  30974.21 0 
 31110.43 5.5864e-16  31188.89 0 
 31326.10 5.4971e-16  31405.10 0 
 31470.68 5.4092e-16  31550.05 0 
 31688.81 5.3227e-16  31768.73 0 
 31908.49 5.2618e-16  31988.96 0 
 32129.65 5.1896e-16  32210.68 0 
 32277.98 5.1538e-16  32359.38 0 
 32501.70 5.1896e-16  32583.67 0 
 32726.98 5.4092e-16  32809.52 0 
 32878.06 6.1254e-16  32960.98 0 
 33105.94 6.0413e-16  33189.44 0 
 33335.44 5.1302e-16  33419.52 0 
 33489.30 4.7548e-16  33573.76 0 
 33721.42 4.5513e-16  33806.47 0 
 33877.10 4.4170e-16  33962.54 0 
 34111.91 4.2967e-16  34197.94 0 
 34269.35 4.2085e-16  34355.78 0 
 34506.91 4.1222e-16  34593.94 0 
 34666.18 4.0377e-16  34753.61 0 
 34906.49 3.9549e-16  34994.53 0 
 35067.60 3.8827e-16  35156.04 0 
 35310.66 3.7943e-16  35399.71 0 
 35473.68 3.7250e-16  35563.14 0 
 35719.55 3.6571e-16  35809.64 0 
 35884.45 3.5821e-16  35974.95 0 
 36133.17 3.5248e-16  36224.30 0 
 36299.94 3.4525e-16  36391.49 0 
 36467.52 3.3817e-16  36559.50 0 
 36720.29 3.3200e-16  36812.89 0 
 36889.77 3.2444e-16  36982.80 0 
 37060.07 3.1852e-16  37153.54 0 
 37316.94 3.1342e-16  37411.05 0 
 37489.17 3.0558e-16  37583.72 0 
 37662.25 3.0209e-16  37757.23 0 
 37923.29 2.9657e-16  38018.93 0 
 38098.32 2.9116e-16  38194.41 0 
 38274.21 2.8585e-16  38370.73 0 
 38539.49 2.8128e-16  38636.69 0 
 38717.41 2.7551e-16  38815.06 0 
 38896.11 2.7048e-16  38994.21 0 
 39075.63 2.6554e-16  39174.18 0 
 39255.98 2.6130e-16  39354.99 0 
 39528.12 2.5594e-16  39627.81 0 
 39710.56 2.5184e-16  39810.71 0 
 39893.88 2.4668e-16  39994.50 0 
 40078.01 2.4273e-16  40179.09 0 
 40262.99 2.3885e-16  40364.54 0 
 40542.10 2.3395e-16  40644.35 0 
 40729.23 2.3074e-16  40831.95 0 
 40917.21 2.2706e-16  41020.40 0 
 41106.06 2.2394e-16  41209.73 0 
 41295.83 2.2036e-16  41399.98 0 
 41486.43 2.1634e-16  41591.06 0 
 41677.91 2.1288e-16  41783.02 0 
 41870.32 2.0947e-16  41975.91 0 
 42063.56 2.0613e-16  42169.65 0 
 42257.71 2.0377e-16  42364.28 0 
 42452.79 2.0005e-16  42559.86 0 
 42747.04 1.9730e-16  42854.85 0 
 42944.34 1.9017e-16  43052.64 0 
 43142.59 1.8371e-16  43251.40 0 
 43341.72 1.8329e-16  43451.02 0 
 43541.76 1.7666e-16  43651.57 0 
 43742.77 1.7303e-16  43853.09 0 
 43944.66 1.7027e-16  44055.49 0 
 44147.49 1.6487e-16  44258.83 0 
 44249.25 1.6298e-16  44360.85 0 
 44453.53 1.6037e-16  44565.64 0 
 44658.70 1.5600e-16  44771.33 0 
 44864.82 1.5564e-16  44977.97 0 
 45071.95 1.5280e-16  45185.62 0 
 45279.97 1.4932e-16  45394.17 0 
 45488.96 1.4864e-16  45603.68 0 
 45698.91 1.4694e-16  45814.16 0 
 45909.88 1.4293e-16  46025.67 0 
 46121.78 1.4293e-16  46238.10 0 
 46334.65 1.4065e-16  46451.51 0 
 46548.56 1.3872e-16  46665.95 0 
 46655.86 1.3776e-16  46773.52 0 
 46871.19 1.3619e-16  46989.40 0 
 47087.53 1.3401e-16  47206.28 0 
 47304.91 1.3370e-16  47424.21 0 
 47523.24 1.3156e-16  47643.10 0 
 47742.59 1.3006e-16  47862.99 0 
 47852.69 1.2886e-16  47973.37 0 
 48073.55 1.2651e-16  48194.79 0 
 48295.43 1.2651e-16  48417.23 0 
 48518.34 1.2478e-16  48640.70 0 
 48742.32 1.2306e-16  48865.25 0 
 48854.68 1.2166e-16  48977.89 0 
 49080.17 1.2026e-16  49203.95 0 
 49306.69 1.1916e-16  49431.04 0 
 49534.32 1.1780e-16  49659.24 0 
 49648.50 1.1699e-16  49773.71 0 
 49877.65 1.1566e-16  50003.44 0 
 50107.91 1.1544e-16  50234.29 0 
 50339.18 1.1522e-16  50466.14 0 
 50455.22 1.1405e-16  50582.46 0 
 50688.09 1.1410e-16  50815.93 0 
 50804.93 1.1398e-16  50933.06 0 
 50922.10 1.1387e-16  51050.52 0 
 51039.47 1.1350e-16  51168.20 0 
 51157.13 1.1339e-16  51286.14 0 
 51275.04 1.1301e-16  51404.36 0 
 51393.24 1.1290e-16  51522.85 0 
 51511.70 1.1279e-16  51641.62 0 
 51630.50 1.1293e-16  51760.71 0 
 51749.51 1.1308e-16  51880.02 0 
 51868.80 1.1270e-16  51999.61 0 
 51988.36 1.1259e-16  52119.47 0 
 52108.19 1.1247e-16  52239.61 0 
 52228.31 1.1235e-16  52360.03 0 
 52348.70 1.1198e-16  52480.72 0 
 52469.42 1.1212e-16  52601.75 0 
 52590.37 1.1226e-16  52723.00 0 
 52711.59 1.1266e-16  52844.53 0 
 52833.09 1.1228e-16  52966.34 0 
 52954.88 1.1191e-16  53088.43 0 
 53076.94 1.1179e-16  53210.80 0 
 53199.35 1.1167e-16  53333.52 0 
 53321.98 1.1181e-16  53456.46 0 
 53444.89 1.1194e-16  53579.68 0 
 53568.08 1.1208e-16  53703.18 0 
 53691.56 1.1196e-16  53826.97 0 
 53815.32 1.1209e-16  53951.05 0 
 53939.37 1.1223e-16  54075.41 0 
 54063.76 1.1236e-16  54200.11 0 
 54188.39 1.1224e-16  54325.05 0 
 54313.30 1.1212e-16  54450.27 0 
 54438.49 1.1251e-16  54575.79 0 
 54563.98 1.1290e-16  54701.59 0 
 54689.75 1.1277e-16  54827.68 0 
 54815.81 1.1291e-16  54954.06 0 
 54942.23 1.1330e-16  55080.79 0 
 55068.87 1.1343e-16  55207.76 0 
 55195.81 1.1357e-16  55335.02 0 
 55323.04 1.1449e-16  55462.57 0 
 55450.56 1.1462e-16  55590.41 0 
 55578.38 1.1449e-16  55718.55 0 
 55706.55 1.1515e-16  55847.05 0 
 55834.96 1.1581e-16  55975.78 0 
 55963.67 1.1594e-16  56104.81 0 
 56092.67 1.1661e-16  56234.13 0 
 56221.97 1.1701e-16  56363.76 0 
 56351.56 1.1742e-16  56493.68 0 
 56481.46 1.1836e-16  56623.90 0 
 56611.71 1.1904e-16  56754.48 0 
 56742.20 1.2000e-16  56885.31 0 
 56873.00 1.2041e-16  57016.43 0 
 57004.10 1.2138e-16  57147.86 0 
 57135.49 1.2264e-16  57279.59 0 
 57267.19 1.2391e-16  57411.62 0 
 57399.26 1.2491e-16  57544.02 0 
 57531.57 1.2620e-16  57676.67 0 
 57664.19 1.2751e-16  57809.62 0 
 57797.11 1.2913e-16  57942.87 0 
 57930.33 1.3077e-16  58076.43 0 
 58063.87 1.3242e-16  58210.30 0 
 58197.71 1.3441e-16  58344.48 0 
 58331.92 1.3643e-16  58479.04 0 
 58466.38 1.3879e-16  58613.83 0 
 58601.15 1.4152e-16  58748.94 0 
 58736.23 1.4398e-16  58884.36 0 
 58871.62 1.4749e-16  59020.09 0 
 59095.91 8.4060e-17  59244.95 3 
 59404.99 1.6899e-16  59554.81 3 
 59714.06 1.8763e-16  59864.66 3 
 60023.13 1.8413e-16  60174.51 3 
 60332.21 1.5103e-16  60484.37 3 
 60641.28 1.8790e-16  60794.22 3 
 60950.35 2.7381e-16  61104.07 3 
 61259.44 3.2864e-16  61413.93 3 
 61568.51 3.7769e-16  61723.78 3 
 61877.57 5.7731e-16  62033.63 3 
 62186.65 6.3277e-16  62343.49 3 
 62495.73 5.4220e-16  62653.34 3 
 62804.80 4.7227e-16  62963.19 3 
 63113.87 3.9577e-16  63273.05 3 
 63422.95 3.2428e-16  63582.90 3 
 63732.03 2.7292e-16  63892.76 3 
 64041.10 2.7794e-16  64202.61 3 
 64350.17 2.5742e-16  64512.46 3 
 64659.25 2.2495e-16  64822.32 3 
 64968.32 2.1030e-16  65132.17 3 
 65277.39 2.0624e-16  65442.02 3 
 65586.47 1.9304e-16  65751.88 3 
 65895.54 2.0484e-16  66061.73 3 
 66204.61 2.7158e-16  66371.58 3 
 66513.70 1.8145e-16  66681.45 3 
 66822.76 2.2345e-16  66991.29 3 
 67131.83 1.3813e-16  67301.14 3 
 67440.91 1.9744e-16  67611.00 3 
 67749.99 1.8094e-16  67920.85 3 
 68059.07 1.7407e-16  68230.71 3 
 68368.14 1.7462e-16  68540.56 3 
 68677.21 2.0127e-16  68850.41 3 
 68986.29 1.2700e-16  69160.27 3 
 69295.35 1.9993e-16  69470.12 3 
 69604.43 2.8035e-16  69779.98 3 
 69913.51 2.4188e-16  70089.83 3 
 70222.58 1.6637e-16  70399.68 3 
 70531.66 1.9617e-16  70709.54 3 
 70840.73 1.4314e-16  71019.39 3 
 71149.80 2.2988e-16  71329.24 3 
 71458.88 2.2902e-16  71639.10 3 
 71767.95 2.3771e-16  71948.95 3 
 72077.03 2.5661e-16  72258.81 3 
 72386.10 1.8984e-16  72568.66 3 
 72695.17 2.7102e-16  72878.51 3 
 73004.26 2.5966e-16  73188.38 3 
 73313.32 2.5771e-16  73498.22 3 
 73622.39 3.7223e-16  73808.07 3 
 73931.47 3.1961e-16  74117.93 3 
 74240.55 4.5629e-16  74427.78 3 
 74549.62 4.7657e-16  74737.63 3 
 74858.69 5.1050e-16  75047.48 3 
 75147.54 5.1356e-16  75337.06 3 
 75167.77 4.6852e-16  75357.34 3 
 75476.85 3.9708e-16  75667.20 3 
 75766.91 5.2949e-16  75957.99 3 
 75785.91 6.5459e-16  75977.05 3 
 76386.29 5.6915e-16  76578.94 3 
 77005.67 5.3262e-16  77199.88 3 
 77625.05 4.9184e-16  77820.82 3 
 78244.43 4.8717e-16  78441.76 3 
 78863.82 3.9500e-16  79062.71 3 
 79483.19 3.5219e-16  79683.65 3 
 80102.57 2.9060e-16  80304.59 3 
 80721.96 2.6117e-16  80925.54 3 
 81341.33 2.2958e-16  81546.48 3 
 81960.71 2.0029e-16  82167.41 3 
 82580.09 2.0507e-16  82788.36 3 
 83199.47 2.0304e-16  83409.30 3 
 83818.86 1.9044e-16  84030.25 3 
 84438.23 2.2568e-16  84651.19 3 
 85057.62 2.2061e-16  85272.13 3 
 85676.99 2.5727e-16  85893.07 3 
 86296.38 2.7017e-16  86514.02 3 
 86915.75 2.2662e-16  87134.95 3 
 87535.13 1.9498e-16  87755.90 3 
 88154.52 1.3734e-16  88376.84 3 
 88773.89 1.3283e-16  88997.78 3 
 89393.27 1.1902e-16  89618.72 3 
 90012.65 7.5738e-17  90239.66 3 
 90632.03 8.4361e-17  90860.60 3 
 91251.42 9.4947e-17  91481.55 3 
 91870.79 7.2769e-17  92102.49 3 
 92490.18 8.7956e-17  92723.44 3 
 93109.56 6.0266e-17  93344.38 3 
 93728.94 8.6346e-17  93965.32 3 
 94348.31 9.8681e-17  94586.26 3 
 94967.69 9.6481e-17  95207.20 3 
 95587.08 8.3572e-17  95828.15 3 
 96206.45 6.8517e-17  96449.09 3 
 96825.83 6.3566e-17  97070.02 3 
 97445.22 4.4775e-17  97690.98 3 
 98064.60 5.3632e-17  98311.92 3 
 98683.98 7.3093e-17  98932.86 3 
 99303.36 5.7558e-17  99553.80 3 
 99922.70 5.9269e-17 100174.70 3 
100542.13 5.7769e-17 100795.70 3 
101161.46 5.9378e-17 101416.59 3 
101780.91 6.5113e-17 102037.60 3 
102400.25 5.9704e-17 102658.50 3 
103019.68 5.5976e-17 103279.49 3 
103639.03 5.4861e-17 103900.41 3 
104258.37 6.4196e-17 104521.30 3 
104877.80 7.2902e-17 105142.30 3 
105497.13 9.5490e-17 105763.20 3 
106116.58 9.4161e-17 106384.20 3 
106735.91 7.5657e-17 107005.10 3 
107355.25 7.9119e-17 107626.00 3 
107974.69 7.0893e-17 108247.00 3 
108594.03 7.5196e-17 108867.91 3 
109213.46 6.8230e-17 109488.90 3 
109832.80 1.0034e-16 110109.80 3 
110452.24 1.1958e-16 110730.80 3 
111071.58 1.3269e-16 111351.70 3 
111690.92 2.2027e-16 111972.60 3 
112310.35 2.9428e-16 112593.60 3 
112929.69 2.7868e-16 113214.50 3 
113549.13 2.0977e-16 113835.50 3 
114168.47 1.6740e-16 114456.40 3 
114787.90 1.3088e-16 115077.40 3 
115407.24 1.0296e-16 115698.30 3 
116026.58 9.6730e-17 116319.20 3 
116646.02 7.7572e-17 116940.20 3 
117265.36 9.0414e-17 117561.10 3 
117884.79 9.6481e-17 118182.09 3 
118504.12 8.9035e-17 118802.99 3 
119123.57 8.2430e-17 119424.00 3 
119742.91 8.6662e-17 120044.90 3 
120362.24 8.7283e-17 120665.80 3 
120981.69 6.8710e-17 121286.80 3 
121601.03 7.8375e-17 121907.70 3 
122220.46 7.9764e-17 122528.70 3 
122839.79 8.3255e-17 123149.59 3 
123459.14 9.0639e-17 123770.51 3 
124078.57 8.9628e-17 124391.50 3 
124697.91 7.5748e-17 125012.40 3 
125317.35 8.2635e-17 125633.40 3 
125936.69 9.3709e-17 126254.30 3 
126556.12 1.0602e-16 126875.30 3 
127175.47 1.1639e-16 127496.20 3 
127794.80 1.4320e-16 128117.10 3 
128414.24 1.5129e-16 128738.10 3 
129033.58 9.3931e-17 129359.00 3 
129653.02 6.3119e-17 129980.00 3 
130272.35 5.0055e-17 130600.90 3 
130891.69 5.7120e-17 131221.80 3 
131511.13 5.7214e-17 131842.80 3 
132130.47 5.0474e-17 132463.70 3 
132749.91 4.7598e-17 133084.70 3 
133369.24 5.6034e-17 133705.59 3 
133988.67 5.6854e-17 134326.59 3 
134608.02 5.5650e-17 134947.50 3 
135227.36 5.2225e-17 135568.41 3 
135846.80 5.0915e-17 136189.41 3 
136466.13 5.0461e-17 136810.30 3 
137085.57 4.0332e-17 137431.30 3 
137704.91 4.7892e-17 138052.20 3 
138324.35 4.2364e-17 138673.20 3 
138943.68 3.5234e-17 139294.09 3 
139563.02 3.3902e-17 139915.00 3 
140182.46 3.8613e-17 140536.00 3 
140801.80 3.4064e-17 141156.91 3 
141421.23 4.5407e-17 141777.89 3 
142040.57 4.3519e-17 142398.80 3 
142660.01 3.9627e-17 143019.80 3 
143279.35 3.7808e-17 143640.70 3 
143898.68 3.6141e-17 144261.59 3 
144518.13 3.3121e-17 144882.61 3 
145051.09 3.1952e-17 145416.91 3 
145965.67 2.7733e-17 146333.80 3 
146880.36 3.1144e-17 147250.80 3 
147794.96 3.4477e-17 148167.70 3 
148709.55 3.8169e-17 149084.59 3 
149624.15 3.3145e-17 150001.50 3 
150538.84 3.1555e-17 150918.50 3 
151453.44 1.5595e-17 151835.41 3 
152368.02 2.7660e-17 152752.30 3 
153282.72 2.9590e-17 153669.30 3 
154197.32 3.5199e-17 154586.20 3 
155111.90 6.9749e-17 155503.09 3 
156026.50 7.6479e-17 156420.00 3 
156941.19 4.0159e-17 157337.00 3 
157855.79 3.0408e-17 158253.91 3 
158770.38 3.2360e-17 159170.80 3 
159685.07 3.5724e-17 160087.80 3 
160599.67 3.3623e-17 161004.70 3 
161514.25 3.3544e-17 161921.59 3 
162428.95 3.0800e-17 162838.59 3 
163343.55 4.3288e-17 163755.50 3 
164258.13 5.1113e-17 164672.39 3 
165172.73 4.6195e-17 165589.30 3 
166087.44 4.5072e-17 166506.31 3 
167002.01 4.4091e-17 167423.19 3 
167916.61 4.9108e-17 168340.09 3 
168831.21 4.9301e-17 169257.00 3 
169745.90 5.0710e-17 170174.00 3 
170660.50 5.9671e-17 171090.91 3 
171575.10 5.2105e-17 172007.81 3 
172489.79 4.5685e-17 172924.81 3 
173404.38 4.5126e-17 173841.70 3 
174318.98 4.9282e-17 174758.61 3 
175233.67 4.2719e-17 175675.61 3 
176148.25 4.3004e-17 176592.50 3 
177062.85 3.5196e-17 177509.41 3 
177977.44 4.7035e-17 178426.30 3 
178892.13 3.6739e-17 179343.30 3 
179806.73 3.7473e-17 180260.20 3 
180721.31 3.7957e-17 181177.09 3 
181636.01 3.9047e-17 182094.09 3 
182550.61 3.4510e-17 183011.00 3 
183465.19 3.6302e-17 183927.89 3 
184379.88 4.2397e-17 184844.89 3 
185294.48 4.8906e-17 185761.80 3 
186209.08 5.3612e-17 186678.70 3 
187123.67 7.8038e-17 187595.59 3 
188038.36 5.5696e-17 188512.59 3 
188952.96 3.5891e-17 189429.50 3 
189867.54 3.9921e-17 190346.39 3 
190782.25 3.7388e-17 191263.41 3 
191696.85 3.0948e-17 192180.31 3 
192611.42 3.9018e-17 193097.19 3 
193526.02 3.7782e-17 194014.09 3 
194440.73 3.9141e-17 194931.11 3 
195355.31 3.2222e-17 195848.00 3 
196269.91 4.0937e-17 196764.91 3 
197184.61 4.1153e-17 197681.91 3 
198099.19 2.8269e-17 198598.80 3 
199013.79 3.5926e-17 199515.70 3 
199928.39 3.8138e-17 200432.61 3 
200843.08 4.1183e-17 201349.61 3 
201757.67 4.5899e-17 202266.50 3 
202672.27 2.9913e-17 203183.41 3 
203586.96 3.2765e-17 204100.41 3 
205035.31 4.2223e-17 205552.41 3 
206785.88 3.6736e-17 207307.39 3 
208537.46 3.8341e-17 209063.39 3 
210290.05 4.3959e-17 210820.41 3 
212043.52 4.2834e-17 212578.30 3 
213797.90 4.5016e-17 214337.09 3 
215553.27 4.3563e-17 216096.89 3 
217309.55 4.6109e-17 217857.61 3 
219066.81 4.8466e-17 219619.30 3 
220825.08 4.6560e-17 221382.00 3 
222584.24 4.2180e-17 223145.59 3 
224344.41 4.8051e-17 224910.20 3 
226105.47 4.7890e-17 226675.70 3 
227867.51 5.1262e-17 228442.19 3 
229630.56 5.4546e-17 230209.69 3 
231394.52 5.3406e-17 231978.09 3 
233159.47 5.5530e-17 233747.50 3 
234925.42 5.2346e-17 235517.91 3 
236692.27 5.3923e-17 237289.20 3 
238460.21 5.4378e-17 239061.61 3 
240228.96 5.2051e-17 240834.81 3 
241998.77 4.9706e-17 242609.09 3 
243769.62 5.1945e-17 244384.41 3 
245541.35 5.5271e-17 246160.61 3 
247314.07 5.8982e-17 247937.80 3 
249087.80 5.8311e-17 249716.00 3 
250862.42 5.5104e-17 251495.09 3 
252638.14 5.4717e-17 253275.30 3 
254414.77 5.3158e-17 255056.41 3 
256192.49 5.5687e-17 256838.61 3 
257971.08 6.2083e-17 258621.69 3 
259750.72 6.1233e-17 260405.81 3 
261531.32 5.8047e-17 262190.91 3 
263312.92 5.6241e-17 263977.00 3 
265095.52 5.7841e-17 265764.09 3 
266879.15 5.7616e-17 267552.22 3 
268663.74 5.7532e-17 269341.31 3 
270449.33 5.5436e-17 271131.41 3 
272235.92 5.9617e-17 272922.50 3 
274023.51 6.1838e-17 274714.59 3 
275812.21 6.0963e-17 276507.81 3 
277601.79 5.8026e-17 278301.91 3 
279392.37 5.8338e-17 280097.00 3 
281184.04 6.1375e-17 281893.19 3 
282976.74 6.2781e-17 283690.41 3 
284770.31 6.3931e-17 285488.50 3 
286564.97 6.1070e-17 287287.69 3 
288360.66 6.0095e-17 289087.91 3 
290157.44 6.5313e-17 290889.22 3 
291955.19 6.4734e-17 292691.50 3 
293753.87 6.2358e-17 294494.72 3 
295553.71 6.0263e-17 296299.09 3 
297354.48 6.1827e-17 298104.41 3 
299156.31 6.4457e-17 299910.78 3 
300959.17 6.1073e-17 301718.19 3 
302763.03 6.2986e-17 303526.59 3 
304567.97 6.3647e-17 305336.09 3 
306373.92 6.1280e-17 307146.59 3 
308180.86 6.1597e-17 308958.09 3 
309988.90 6.3760e-17 310770.69 3 
311798.05 6.7630e-17 312584.41 3 
313608.17 6.5912e-17 314399.09 3 
315419.32 6.5427e-17 316214.81 3 
317231.44 6.6329e-17 318031.50 3 
319044.78 6.8035e-17 319849.41 3 
320859.01 6.9337e-17 321668.22 3 
322674.40 6.8262e-17 323488.19 3 
324490.73 6.6774e-17 325309.09 3 
326308.24 6.7260e-17 327131.19 3 
328126.78 7.2180e-17 328954.31 3 
329946.25 6.6046e-17 330778.38 3 
331766.88 6.5477e-17 332603.59 3 
333588.60 9.8452e-17 334429.91 3 
335411.37 9.5125e-17 336257.28 3 
337235.21 7.3856e-17 338085.72 3 
339060.08 7.1471e-17 339915.19 3 
340885.97 6.9032e-17 341745.69 3 
342712.99 7.9077e-17 343577.31 3 
344541.19 7.4054e-17 345410.12 3 
346370.27 1.0435e-16 347243.81 3 
348200.56 1.2968e-16 349078.72 3 
