# An Atlas of Galaxy Spectral Energy Distributions from the Ultraviolet to the Mid-Infrared
# Brown et al. (2014)
# http://dx.doi.org/10.5072/03/529D3551F0117
# 
# Column 1 : Restframe Wavelength (Angstrom)
# Column 2 : Flux per unit wavelength (ergs/s/cm^2/Angstrom)
# Column 3 : Observed wavelength (Angstrom)
# Column 4 : Source (0 = model, 1 = Optical Spectrum, 2 = Akari, 3 = Spitzer IRS)
# 
   100.03 8.9369e-22    100.23 0 
   101.89 1.1355e-21    102.09 0 
   104.03 1.3280e-21    104.23 0 
   105.96 1.6039e-21    106.17 0 
   107.93 1.9597e-21    108.14 0 
   109.94 2.9867e-21    110.15 0 
   114.06 4.1513e-21    114.29 0 
   118.07 5.4348e-21    118.30 0 
   121.10 1.4797e-20    121.34 0 
   125.07 1.9507e-20    125.31 0 
   127.10 2.2191e-20    127.35 0 
   127.98 2.3724e-20    128.23 0 
   130.96 2.8196e-20    131.22 0 
   131.87 3.1856e-20    132.13 0 
   134.01 3.5578e-20    134.28 0 
   137.13 4.4585e-20    137.40 0 
   140.00 5.2382e-20    140.28 0 
   142.94 8.2830e-20    143.22 0 
   146.94 1.2365e-19    147.23 0 
   151.06 1.5003e-19    151.36 0 
   154.93 1.8163e-19    155.24 0 
   158.91 2.1786e-19    159.22 0 
   161.86 2.4899e-19    162.18 0 
   166.01 2.9593e-19    166.34 0 
   169.88 3.4768e-19    170.22 0 
   173.04 3.9191e-19    173.38 0 
   177.07 4.5518e-19    177.42 0 
   179.95 5.0838e-19    180.30 0 
   182.03 5.4725e-19    182.39 0 
   185.84 6.2977e-19    186.21 0 
   191.05 7.4163e-19    191.43 0 
   194.15 8.1881e-19    194.54 0 
   198.22 9.2723e-19    198.61 0 
   201.90 1.0452e-18    202.30 0 
   205.18 1.1407e-18    205.59 0 
   209.96 1.2829e-18    210.38 0 
   215.85 1.5424e-18    216.27 0 
   219.86 1.7107e-18    220.29 0 
   222.92 1.8331e-18    223.36 0 
   227.06 2.0285e-18    227.51 0 
   230.22 3.5009e-18    230.67 0 
   233.96 5.7701e-18    234.42 0 
   239.96 7.4334e-18    240.44 0 
   246.12 7.7658e-18    246.60 0 
   251.85 8.5543e-18    252.35 0 
   257.12 7.6946e-18    257.63 0 
   260.10 9.0612e-18    260.62 0 
   263.72 9.7316e-18    264.24 0 
   269.24 1.0190e-17    269.77 0 
   274.25 1.0646e-17    274.79 0 
   278.70 1.1045e-17    279.25 0 
   283.89 1.1513e-17    284.45 0 
   289.83 1.1593e-17    290.40 0 
   295.90 1.2336e-17    296.48 0 
   300.71 1.2365e-17    301.30 0 
   307.71 1.3128e-17    308.32 0 
   317.79 1.4197e-17    318.42 0 
   328.20 1.4934e-17    328.85 0 
   338.18 1.5602e-17    338.84 0 
   347.65 1.6188e-17    348.34 0 
   357.39 1.6757e-17    358.10 0 
   365.72 1.7345e-17    366.44 0 
   375.10 1.7790e-17    375.84 0 
   384.72 1.7831e-17    385.48 0 
   394.59 1.8672e-17    395.37 0 
   404.71 1.9151e-17    405.51 0 
   414.14 1.9462e-17    414.95 0 
   421.84 1.9687e-17    422.67 0 
   429.68 1.9824e-17    430.53 0 
   440.70 2.0239e-17    441.57 0 
   450.97 2.0473e-17    451.86 0 
   460.41 2.0615e-17    461.32 0 
   470.05 2.0854e-17    470.98 0 
   479.89 2.1095e-17    480.84 0 
   489.94 2.1193e-17    490.91 0 
   500.20 2.1537e-17    501.19 0 
   505.99 2.4614e-17    506.99 0 
   511.85 3.8035e-17    512.86 0 
   520.17 3.8211e-17    521.19 0 
   529.84 3.8653e-17    530.88 0 
   539.69 3.7513e-17    540.75 0 
   549.72 4.2578e-17    550.81 0 
   559.94 4.7444e-17    561.05 0 
   570.35 5.0488e-17    571.48 0 
   579.62 4.9338e-17    580.76 0 
   590.40 5.4223e-17    591.56 0 
   599.99 5.4223e-17    601.17 0 
   609.74 5.8774e-17    610.94 0 
   619.65 6.5946e-17    620.87 0 
   629.71 6.8736e-17    630.96 0 
   639.95 7.0499e-17    641.21 0 
   650.34 7.5368e-17    651.63 0 
   657.87 7.7479e-17    659.17 0 
   665.49 8.1693e-17    666.81 0 
   674.75 8.4564e-17    676.08 0 
   685.71 8.3404e-17    687.07 0 
   695.25 9.6869e-17    696.63 0 
   704.93 9.3151e-17    706.32 0 
   716.38 1.0819e-16    717.79 0 
   726.35 1.1173e-16    727.78 0 
   734.76 1.1593e-16    736.21 0 
   744.98 1.2393e-16    746.45 0 
   755.34 1.2947e-16    756.83 0 
   765.85 1.3464e-16    767.36 0 
   774.72 1.4361e-16    776.25 0 
   785.49 1.5282e-16    787.05 0 
   794.59 1.5856e-16    796.16 0 
   805.64 1.6413e-16    807.24 0 
   814.97 1.6951e-16    816.58 0 
   824.41 1.8121e-16    826.04 0 
   835.88 1.6527e-16    837.53 0 
   845.56 1.9195e-16    847.23 0 
   855.35 1.9915e-16    857.04 0 
   865.25 2.1047e-16    866.96 0 
   875.27 2.2140e-16    877.00 0 
   885.41 2.3398e-16    887.16 0 
   895.66 2.4445e-16    897.43 0 
   906.03 2.4957e-16    907.82 0 
   914.41 3.5990e-16    916.22 0 
   925.00 2.0426e-15    926.83 0 
   935.71 4.2873e-15    937.56 0 
   944.37 8.4175e-15    946.24 0 
   955.31 1.1513e-14    957.19 0 
   964.15 1.4197e-14    966.05 0 
   975.31 3.8035e-15    977.24 0 
   984.34 1.5747e-14    986.28 0 
   995.73 1.5674e-14    997.70 0 
  1004.95 1.8801e-14   1006.93 0 
  1014.25 1.6489e-14   1016.25 0 
  1025.99 6.5492e-15   1028.02 0 
  1035.48 1.3280e-14   1037.53 0 
  1045.06 2.1988e-14   1047.13 0 
  1054.73 2.2294e-14   1056.82 0 
  1064.49 1.9687e-14   1066.60 0 
  1074.34 2.2089e-14   1076.47 0 
  1084.28 1.9507e-14   1086.43 0 
  1094.32 2.2656e-14   1096.48 0 
  1104.44 2.2039e-14   1106.62 0 
  1114.66 2.1937e-14   1116.86 0 
  1124.98 2.0473e-14   1127.20 0 
  1135.38 2.3024e-14   1137.63 0 
  1145.89 2.1438e-14   1148.15 0 
  1153.83 2.2140e-14   1156.11 0 
  1164.51 2.2761e-14   1166.81 0 
  1175.29 1.8205e-14   1177.61 0 
  1186.16 2.1537e-14   1188.50 0 
  1194.38 1.6912e-14   1196.74 0 
  1205.43 1.3188e-14   1207.81 0 
  1213.79 6.4148e-15   1216.19 0 
  1225.02 1.4164e-14   1227.44 0 
  1236.35 2.0007e-14   1238.80 0 
  1244.92 2.2039e-14   1247.38 0 
  1256.44 2.2039e-14   1258.93 0 
  1265.15 2.0146e-14   1267.65 0 
  1273.92 2.3561e-14   1276.44 0 
  1285.71 2.4389e-14   1288.25 0 
  1294.62 2.1988e-14   1297.18 0 
  1303.60 2.1636e-14   1306.17 0 
  1315.66 2.4501e-14   1318.26 0 
  1324.78 2.3943e-14   1327.39 0 
  1333.96 2.2708e-14   1336.60 0 
  1346.30 2.4671e-14   1348.96 0 
  1355.64 2.4221e-14   1358.31 0 
  1365.03 2.2918e-14   1367.73 0 
  1374.49 2.3506e-14   1377.21 0 
  1384.02 2.3779e-14   1386.76 0 
  1393.62 2.2039e-14   1396.37 0 
  1406.51 2.2552e-14   1409.29 0 
  1416.26 2.2971e-14   1419.06 0 
  1426.08 2.2971e-14   1428.89 0 
  1435.96 2.2866e-14   1438.80 0 
  1442.59 2.3669e-14   1445.44 0 
  1445.92 2.3833e-14   1448.77 0 
  1455.94 2.3561e-14   1458.81 0 
  1466.03 2.2552e-14   1468.93 0 
  1476.19 2.2397e-14   1479.11 0 
  1486.43 2.2448e-14   1489.36 0 
  1493.29 2.2604e-14   1496.24 0 
  1503.64 2.2089e-14   1506.61 0 
  1510.58 2.0806e-14   1513.56 0 
  1517.55 2.1537e-14   1520.55 0 
  1524.56 2.1095e-14   1527.57 0 
  1535.12 1.9552e-14   1538.15 0 
  1545.76 2.0663e-14   1548.82 0 
  1556.48 1.9778e-14   1559.55 0 
  1563.66 1.9778e-14   1566.75 0 
  1574.50 2.0758e-14   1577.61 0 
  1585.42 2.1242e-14   1588.55 0 
  1596.41 2.1736e-14   1599.56 0 
  1603.77 2.0998e-14   1606.94 0 
  1614.89 2.0902e-14   1618.08 0 
  1626.08 2.0192e-14   1629.30 0 
  1633.59 2.0902e-14   1636.82 0 
  1644.91 2.1095e-14   1648.16 0 
  1656.32 1.9687e-14   1659.59 0 
  1663.96 2.1290e-14   1667.25 0 
  1671.64 1.9552e-14   1674.94 0 
  1675.49 2.1242e-14   1678.80 0 
  1683.23 2.1786e-14   1686.55 0 
  1694.90 2.0806e-14   1698.24 0 
  1706.64 2.0332e-14   1710.02 0 
  1714.52 2.0053e-14   1717.91 0 
  1726.41 1.9869e-14   1729.82 0 
  1734.38 2.0710e-14   1737.80 0 
  1746.40 2.0239e-14   1749.85 0 
  1754.46 2.1095e-14   1757.92 0 
  1766.62 1.9552e-14   1770.11 0 
  1774.77 2.0332e-14   1778.28 0 
  1782.97 2.0426e-14   1786.49 0 
  1795.33 2.1242e-14   1798.87 0 
  1803.61 2.1047e-14   1807.17 0 
  1816.11 2.0332e-14   1819.70 0 
  1824.50 2.0285e-14   1828.10 0 
  1832.92 1.9869e-14   1836.54 0 
  1845.62 1.8629e-14   1849.27 0 
  1854.14 1.8845e-14   1857.80 0 
  1867.00 1.9239e-14   1870.68 0 
  1875.61 1.9869e-14   1879.32 0 
  1884.27 1.9019e-14   1887.99 0 
  1892.97 1.8629e-14   1896.71 0 
  1906.09 1.9063e-14   1909.85 0 
  1914.89 1.8845e-14   1918.67 0 
  1923.73 1.8586e-14   1927.53 0 
  1937.06 1.8458e-14   1940.89 0 
  1946.00 1.9507e-14   1949.84 0 
  1954.98 1.8715e-14   1958.84 0 
  1968.54 1.9642e-14   1972.42 0 
  1977.62 1.9824e-14   1981.53 0 
  1982.18 1.9151e-14   1986.10 0 
  1995.92 1.8715e-14   1999.86 0 
  2005.13 1.8758e-14   2009.09 0 
  2014.39 1.8543e-14   2018.37 0 
  2023.69 1.8672e-14   2027.68 0 
  2033.03 1.8543e-14   2037.04 0 
  2047.12 1.8932e-14   2051.16 0 
  2056.57 1.8289e-14   2060.63 0 
  2066.06 1.8331e-14   2070.14 0 
  2075.60 1.9195e-14   2079.70 0 
  2080.38 1.8975e-14   2084.49 0 
  2085.18 1.9151e-14   2089.30 0 
  2094.80 1.8458e-14   2098.94 0 
  2104.47 1.8458e-14   2108.63 0 
  2114.19 1.8586e-14   2118.36 0 
  2123.94 1.8715e-14   2128.14 0 
  2133.75 1.7668e-14   2137.96 0 
  2143.60 1.8247e-14   2147.83 0 
  2153.49 1.8416e-14   2157.74 0 
  2163.43 1.7831e-14   2167.70 0 
  2173.42 1.7749e-14   2177.71 0 
  2183.45 1.7831e-14   2187.76 0 
  2193.53 1.8458e-14   2197.86 0 
  2203.65 1.7955e-14   2208.01 0 
  2213.82 1.7226e-14   2218.20 0 
  2224.04 1.6990e-14   2228.44 0 
  2234.31 1.8079e-14   2238.72 0 
  2244.62 1.7345e-14   2249.05 0 
  2254.98 1.6795e-14   2259.44 0 
  2265.39 1.6795e-14   2269.86 0 
  2275.85 1.7226e-14   2280.34 0 
  2286.35 1.7668e-14   2290.87 0 
  2296.91 1.6834e-14   2301.44 0 
  2307.51 1.7066e-14   2312.07 0 
  2312.83 1.6677e-14   2317.39 0 
  2323.50 1.4457e-14   2328.09 0 
  2334.23 1.5850e-14   2338.84 0 
  2345.00 1.4928e-14   2349.63 0 
  2355.83 1.6291e-14   2360.48 0 
  2366.70 1.5029e-14   2371.37 0 
  2377.62 1.5627e-14   2382.32 0 
  2383.10 1.4284e-14   2387.81 0 
  2394.11 1.5094e-14   2398.83 0 
  2405.16 1.4715e-14   2409.91 0 
  2416.26 1.4884e-14   2421.03 0 
  2427.41 1.5874e-14   2432.20 0 
  2433.01 1.5405e-14   2437.81 0 
  2444.24 1.6093e-14   2449.06 0 
  2455.52 1.5907e-14   2460.37 0 
  2466.85 1.5723e-14   2471.72 0 
  2472.54 1.5189e-14   2477.42 0 
  2483.95 1.5222e-14   2488.86 0 
  2495.42 1.4738e-14   2500.35 0 
  2506.94 1.6121e-14   2511.89 0 
  2512.71 1.4601e-14   2517.68 0 
  2518.51 1.4433e-14   2523.48 0 
  2524.31 1.3974e-14   2529.30 0 
  2535.96 1.4200e-14   2540.97 0 
  2547.67 1.4231e-14   2552.70 0 
  2553.54 1.5319e-14   2558.59 0 
  2565.33 1.4900e-14   2570.40 0 
  2577.17 1.5636e-14   2582.26 0 
  2583.11 1.5492e-14   2588.21 0 
  2595.03 1.5278e-14   2600.16 0 
  2607.01 1.4724e-14   2612.16 0 
  2613.02 1.4454e-14   2618.18 0 
  2625.08 1.5239e-14   2630.27 0 
  2637.20 1.5882e-14   2642.41 0 
  2643.28 1.7413e-14   2648.50 0 
  2655.48 1.8065e-14   2660.72 0 
  2667.74 1.6512e-14   2673.01 0 
  2673.89 1.7130e-14   2679.17 0 
  2686.23 1.7407e-14   2691.54 0 
  2692.42 1.6282e-14   2697.74 0 
  2704.85 1.6852e-14   2710.19 0 
  2717.33 1.5762e-14   2722.70 0 
  2723.60 1.5545e-14   2728.98 0 
  2736.17 1.6351e-14   2741.57 0 
  2742.48 1.4240e-14   2747.89 0 
  2755.14 1.4773e-14   2760.58 0 
  2767.85 1.5574e-14   2773.32 0 
  2774.23 1.6158e-14   2779.71 0 
  2787.04 1.4974e-14   2792.54 0 
  2793.46 1.1596e-14   2798.98 0 
  2806.36 1.2482e-14   2811.90 0 
  2812.83 1.6041e-14   2818.38 0 
  2825.81 1.6912e-14   2831.39 0 
  2832.33 1.6526e-14   2837.92 0 
  2845.40 1.5744e-14   2851.02 0 
  2851.96 1.4692e-14   2857.59 0 
  2865.12 1.6636e-14   2870.78 0 
  2871.73 1.7062e-14   2877.40 0 
  2884.98 1.6903e-14   2890.68 0 
  2898.30 1.7058e-14   2904.02 0 
  2911.68 1.8658e-14   2917.43 0 
  2931.86 1.7898e-14   2937.65 0 
  2952.18 1.7568e-14   2958.01 0 
  2972.65 1.7809e-14   2978.52 0 
  2993.25 1.7929e-14   2999.16 0 
  3007.07 1.8093e-14   3013.01 0 
  3027.91 1.8215e-14   3033.89 0 
  3048.90 1.8423e-14   3054.92 0 
  3070.03 1.8504e-14   3076.10 0 
  3091.31 1.8501e-14   3097.42 0 
  3112.74 1.8755e-14   3118.89 0 
  3127.11 1.8368e-14   3133.29 0 
  3148.79 1.8364e-14   3155.01 0 
  3170.61 1.8745e-14   3176.87 0 
  3192.59 1.7816e-14   3198.90 0 
  3207.33 1.8525e-14   3213.66 0 
  3229.56 1.7647e-14   3235.94 0 
  3251.94 1.9213e-14   3258.37 0 
  3266.96 2.0162e-14   3273.41 0 
  3289.60 2.0019e-14   3296.10 0 
  3312.40 1.9786e-14   3318.94 0 
  3320.04 1.9069e-14   3326.60 0 
  3327.69 1.9156e-14   3334.26 0 
  3335.36 2.0336e-14   3341.95 0 
  3343.05 1.8890e-14   3349.66 0 
  3350.76 1.9374e-14   3357.38 0 
  3358.48 1.9328e-14   3365.12 0 
  3366.23 1.7995e-14   3372.87 0 
  3373.99 1.6754e-14   3380.65 0 
  3381.76 1.8327e-14   3388.44 0 
  3389.56 1.9457e-14   3396.25 0 
  3397.37 1.8537e-14   3404.08 0 
  3405.20 1.9231e-14   3411.93 0 
  3413.05 1.8879e-14   3419.79 0 
  3420.92 1.9317e-14   3427.68 0 
  3428.81 1.9630e-14   3435.58 0 
  3436.71 1.9810e-14   3443.50 0 
  3444.64 1.7095e-14   3451.44 0 
  3452.58 2.0741e-14   3459.39 0 
  3460.53 1.9178e-14   3467.37 0 
  3468.51 1.9443e-14   3475.36 0 
  3476.51 1.9308e-14   3483.37 0 
  3484.52 1.9666e-14   3491.40 0 
  3492.55 1.9394e-14   3499.45 0 
  3500.61 1.8520e-14   3507.52 0 
  3508.67 1.9616e-14   3515.60 0 
  3516.76 1.8264e-14   3523.71 0 
  3524.87 1.9123e-14   3531.83 0 
  3533.00 1.9977e-14   3539.97 0 
  3541.14 2.0677e-14   3548.13 0 
  3549.30 2.1206e-14   3556.31 0 
  3557.49 2.0344e-14   3564.51 0 
  3565.69 2.1350e-14   3572.73 0 
  3573.91 1.7880e-14   3580.96 0 
  3582.15 1.8253e-14   3589.22 0 
  3590.40 1.6608e-14   3597.49 0 
  3598.68 1.9828e-14   3605.79 0 
  3606.98 1.9286e-14   3614.10 0 
  3615.29 1.9463e-14   3622.43 0 
  3621.47 2.0018e-14   3628.62 1 
  3624.21 1.8932e-14   3631.37 1 
  3626.96 1.6749e-14   3634.12 1 
  3629.70 1.1894e-14   3636.87 1 
  3632.45 2.2351e-14   3639.62 1 
  3635.19 1.9560e-14   3642.37 1 
  3637.94 1.5650e-14   3645.12 1 
  3640.68 1.1415e-14   3647.87 1 
  3643.42 1.1018e-14   3650.62 1 
  3646.17 1.0974e-14   3653.37 1 
  3648.91 1.1831e-14   3656.12 1 
  3651.66 1.5585e-14   3658.87 1 
  3654.40 2.1373e-14   3661.62 1 
  3657.15 1.8335e-14   3664.37 1 
  3659.89 2.2277e-14   3667.12 1 
  3662.64 2.2751e-14   3669.87 1 
  3665.38 2.2752e-14   3672.62 1 
  3668.13 2.1039e-14   3675.37 1 
  3670.87 1.9531e-14   3678.12 1 
  3673.61 2.3826e-14   3680.87 1 
  3676.36 2.2668e-14   3683.62 1 
  3679.10 2.1154e-14   3686.37 1 
  3681.85 1.8986e-14   3689.12 1 
  3684.59 2.0794e-14   3691.87 1 
  3687.34 2.3103e-14   3694.62 1 
  3690.08 2.2948e-14   3697.37 1 
  3692.83 2.4310e-14   3700.12 1 
  3695.57 2.3690e-14   3702.87 1 
  3698.32 2.2824e-14   3705.62 1 
  3701.06 2.3688e-14   3708.37 1 
  3703.81 1.8960e-14   3711.12 1 
  3706.55 1.8719e-14   3713.87 1 
  3709.29 2.0650e-14   3716.62 1 
  3712.04 2.0186e-14   3719.37 1 
  3714.78 2.1828e-14   3722.12 1 
  3717.53 2.3015e-14   3724.87 1 
  3720.27 3.1524e-14   3727.62 1 
  3723.02 3.6313e-14   3730.37 1 
  3725.76 5.6459e-14   3733.12 1 
  3728.51 8.1396e-14   3735.87 1 
  3731.25 8.5716e-14   3738.62 1 
  3734.00 7.3358e-14   3741.37 1 
  3736.74 4.4157e-14   3744.12 1 
  3739.48 3.2012e-14   3746.87 1 
  3742.23 2.1619e-14   3749.62 1 
  3744.97 2.2094e-14   3752.37 1 
  3747.72 1.9332e-14   3755.12 1 
  3750.46 1.8016e-14   3757.87 1 
  3753.21 2.2462e-14   3760.62 1 
  3755.95 2.3552e-14   3763.37 1 
  3758.70 2.3758e-14   3766.12 1 
  3761.44 2.5978e-14   3768.87 1 
  3764.19 2.2219e-14   3771.62 1 
  3766.93 2.5361e-14   3774.37 1 
  3769.68 2.2809e-14   3777.12 1 
  3772.42 2.2555e-14   3779.87 1 
  3775.16 2.6588e-14   3782.62 1 
  3777.91 2.3260e-14   3785.37 1 
  3780.65 2.8364e-14   3788.12 1 
  3783.40 2.9512e-14   3790.87 1 
  3786.14 3.1069e-14   3793.62 1 
  3788.89 2.7553e-14   3796.37 1 
  3791.63 2.8057e-14   3799.12 1 
  3794.38 2.3084e-14   3801.87 1 
  3797.12 2.3196e-14   3804.62 1 
  3799.87 2.3514e-14   3807.37 1 
  3802.61 2.1017e-14   3810.12 1 
  3805.35 2.5531e-14   3812.87 1 
  3808.10 2.8003e-14   3815.62 1 
  3810.84 2.8213e-14   3818.37 1 
  3813.59 2.8720e-14   3821.12 1 
  3816.33 3.0494e-14   3823.87 1 
  3819.08 2.7763e-14   3826.62 1 
  3821.82 3.2435e-14   3829.37 1 
  3824.57 2.8971e-14   3832.12 1 
  3827.31 2.9383e-14   3834.87 1 
  3830.06 2.2977e-14   3837.62 1 
  3832.80 2.3749e-14   3840.37 1 
  3835.54 2.0915e-14   3843.12 1 
  3838.29 2.1254e-14   3845.87 1 
  3841.03 2.1799e-14   3848.62 1 
  3843.78 2.3381e-14   3851.37 1 
  3846.52 2.6248e-14   3854.12 1 
  3849.27 3.1771e-14   3856.87 1 
  3852.01 3.0260e-14   3859.62 1 
  3854.76 3.0908e-14   3862.37 1 
  3857.50 3.2115e-14   3865.12 1 
  3860.25 3.0047e-14   3867.87 1 
  3862.99 2.3937e-14   3870.62 1 
  3865.74 3.2645e-14   3873.37 1 
  3868.48 3.1038e-14   3876.12 1 
  3871.22 3.5621e-14   3878.87 1 
  3873.97 3.1282e-14   3881.62 1 
  3876.71 3.1975e-14   3884.37 1 
  3879.46 2.8136e-14   3887.12 1 
  3882.20 3.0119e-14   3889.87 1 
  3884.95 2.3127e-14   3892.62 1 
  3887.69 2.4965e-14   3895.37 1 
  3890.44 2.4851e-14   3898.12 1 
  3893.18 2.7746e-14   3900.87 1 
  3895.93 2.7461e-14   3903.62 1 
  3898.67 2.3428e-14   3906.37 1 
  3901.41 3.1574e-14   3909.12 1 
  3904.16 3.2008e-14   3911.87 1 
  3906.90 3.4091e-14   3914.62 1 
  3909.65 3.1216e-14   3917.37 1 
  3912.39 3.2845e-14   3920.12 1 
  3915.14 3.3996e-14   3922.87 1 
  3917.88 3.1345e-14   3925.62 1 
  3920.63 2.8098e-14   3928.37 1 
  3923.37 2.8570e-14   3931.12 1 
  3926.12 3.0192e-14   3933.87 1 
  3928.86 2.8313e-14   3936.62 1 
  3931.61 2.5856e-14   3939.37 1 
  3934.35 2.2416e-14   3942.12 1 
  3937.09 2.0014e-14   3944.87 1 
  3939.84 2.4971e-14   3947.62 1 
  3942.58 2.6365e-14   3950.37 1 
  3945.33 2.8971e-14   3953.12 1 
  3948.07 2.8278e-14   3955.87 1 
  3950.82 2.9850e-14   3958.62 1 
  3953.56 3.1224e-14   3961.37 1 
  3956.31 3.0509e-14   3964.12 1 
  3959.05 2.7665e-14   3966.87 1 
  3961.80 2.4247e-14   3969.62 1 
  3964.54 2.4837e-14   3972.37 1 
  3967.28 2.2472e-14   3975.12 1 
  3970.03 2.1463e-14   3977.87 1 
  3972.77 2.1824e-14   3980.62 1 
  3975.52 2.3202e-14   3983.37 1 
  3978.26 2.5022e-14   3986.12 1 
  3981.01 2.7083e-14   3988.87 1 
  3983.75 3.1544e-14   3991.62 1 
  3986.50 3.2064e-14   3994.37 1 
  3989.24 3.2890e-14   3997.12 1 
  3991.99 3.0906e-14   3999.87 1 
  3994.73 3.4673e-14   4002.62 1 
  3997.48 3.3305e-14   4005.37 1 
  4000.22 3.2860e-14   4008.12 1 
  4002.96 3.4783e-14   4010.87 1 
  4005.71 3.5614e-14   4013.62 1 
  4008.45 3.3523e-14   4016.37 1 
  4011.20 3.3405e-14   4019.12 1 
  4013.94 3.4881e-14   4021.87 1 
  4016.69 3.4406e-14   4024.62 1 
  4019.43 3.6247e-14   4027.37 1 
  4022.18 3.4733e-14   4030.12 1 
  4024.92 3.8054e-14   4032.87 1 
  4027.67 3.5203e-14   4035.62 1 
  4030.41 3.5392e-14   4038.37 1 
  4033.15 3.4668e-14   4041.12 1 
  4035.90 3.3732e-14   4043.87 1 
  4038.64 3.5366e-14   4046.62 1 
  4041.39 3.7128e-14   4049.37 1 
  4044.13 3.8980e-14   4052.12 1 
  4046.88 3.4882e-14   4054.87 1 
  4049.62 3.7889e-14   4057.62 1 
  4052.37 3.6102e-14   4060.37 1 
  4055.11 3.6232e-14   4063.12 1 
  4057.86 3.9317e-14   4065.87 1 
  4060.60 3.7646e-14   4068.62 1 
  4063.35 3.3760e-14   4071.37 1 
  4066.09 3.6131e-14   4074.12 1 
  4068.83 3.6646e-14   4076.87 1 
  4071.58 3.7413e-14   4079.62 1 
  4074.32 3.7867e-14   4082.37 1 
  4077.07 3.2624e-14   4085.12 1 
  4079.81 3.2776e-14   4087.87 1 
  4082.56 3.4629e-14   4090.62 1 
  4085.30 3.1857e-14   4093.37 1 
  4088.05 3.4011e-14   4096.12 1 
  4090.79 3.4883e-14   4098.87 1 
  4093.54 3.5105e-14   4101.62 1 
  4096.28 3.3244e-14   4104.37 1 
  4099.02 3.1750e-14   4107.12 1 
  4101.77 3.2636e-14   4109.87 1 
  4104.51 3.3346e-14   4112.62 1 
  4107.26 3.2843e-14   4115.37 1 
  4110.00 3.3974e-14   4118.12 1 
  4112.75 3.3379e-14   4120.87 1 
  4115.49 3.2842e-14   4123.62 1 
  4118.24 3.5320e-14   4126.37 1 
  4120.98 3.6760e-14   4129.12 1 
  4123.73 3.4566e-14   4131.87 1 
  4126.47 3.4108e-14   4134.62 1 
  4129.21 3.5863e-14   4137.37 1 
  4131.96 3.5199e-14   4140.12 1 
  4134.70 3.4475e-14   4142.87 1 
  4137.45 3.5715e-14   4145.62 1 
  4140.19 3.5893e-14   4148.37 1 
  4142.94 3.5232e-14   4151.12 1 
  4145.68 3.5207e-14   4153.87 1 
  4148.43 3.5507e-14   4156.62 1 
  4151.17 3.5441e-14   4159.37 1 
  4153.92 3.5540e-14   4162.12 1 
  4156.66 3.5265e-14   4164.87 1 
  4159.41 3.4698e-14   4167.62 1 
  4162.15 3.5621e-14   4170.37 1 
  4164.89 3.6987e-14   4173.12 1 
  4167.64 3.5575e-14   4175.87 1 
  4170.38 3.3383e-14   4178.62 1 
  4173.13 3.3400e-14   4181.37 1 
  4175.87 3.3457e-14   4184.12 1 
  4178.62 3.0483e-14   4186.87 1 
  4181.36 3.2137e-14   4189.62 1 
  4184.11 3.4097e-14   4192.37 1 
  4186.85 3.3877e-14   4195.12 1 
  4189.60 3.5762e-14   4197.87 1 
  4192.34 3.4992e-14   4200.62 1 
  4195.08 3.5719e-14   4203.37 1 
  4197.83 3.4799e-14   4206.12 1 
  4200.57 3.3790e-14   4208.87 1 
  4203.32 3.4890e-14   4211.62 1 
  4206.06 3.3923e-14   4214.37 1 
  4208.81 3.5086e-14   4217.12 1 
  4211.55 3.7381e-14   4219.87 1 
  4214.30 3.6537e-14   4222.62 1 
  4217.04 3.5007e-14   4225.37 1 
  4219.79 3.5865e-14   4228.12 1 
  4222.53 3.5293e-14   4230.87 1 
  4225.28 3.3174e-14   4233.62 1 
  4228.02 3.3179e-14   4236.37 1 
  4230.76 3.3833e-14   4239.12 1 
  4233.51 3.4608e-14   4241.87 1 
  4236.25 3.3438e-14   4244.62 1 
  4239.00 3.2782e-14   4247.37 1 
  4241.74 3.4940e-14   4250.12 1 
  4244.49 3.5227e-14   4252.87 1 
  4247.23 3.4681e-14   4255.62 1 
  4249.98 3.4742e-14   4258.37 1 
  4252.72 3.2948e-14   4261.12 1 
  4255.47 3.3806e-14   4263.87 1 
  4258.21 3.5220e-14   4266.62 1 
  4260.95 3.3870e-14   4269.37 1 
  4263.70 3.4603e-14   4272.12 1 
  4266.44 3.5857e-14   4274.87 1 
  4269.19 3.5493e-14   4277.62 1 
  4271.93 3.1775e-14   4280.37 1 
  4274.68 3.6047e-14   4283.12 1 
  4277.42 3.5885e-14   4285.87 1 
  4280.17 3.5255e-14   4288.62 1 
  4282.91 3.5625e-14   4291.37 1 
  4285.66 3.5309e-14   4294.12 1 
  4288.40 3.2801e-14   4296.87 1 
  4291.15 3.4047e-14   4299.62 1 
  4293.89 3.2282e-14   4302.37 1 
  4296.63 3.4202e-14   4305.12 1 
  4299.38 2.9327e-14   4307.87 1 
  4302.12 3.0699e-14   4310.62 1 
  4304.87 3.0377e-14   4313.37 1 
  4307.61 3.0695e-14   4316.12 1 
  4310.36 3.1848e-14   4318.87 1 
  4313.10 3.3386e-14   4321.62 1 
  4315.85 3.1663e-14   4324.37 1 
  4318.59 3.5168e-14   4327.12 1 
  4321.34 3.3629e-14   4329.87 1 
  4324.08 3.6380e-14   4332.62 1 
  4326.82 3.2179e-14   4335.37 1 
  4329.57 3.3054e-14   4338.12 1 
  4332.31 3.2719e-14   4340.87 1 
  4335.06 3.3239e-14   4343.62 1 
  4337.80 3.5546e-14   4346.37 1 
  4340.55 3.6061e-14   4349.12 1 
  4343.29 3.8381e-14   4351.87 1 
  4346.04 3.7713e-14   4354.62 1 
  4348.78 3.3990e-14   4357.37 1 
  4351.53 3.3037e-14   4360.12 1 
  4354.27 3.3457e-14   4362.87 1 
  4357.02 3.5010e-14   4365.62 1 
  4359.76 3.5711e-14   4368.37 1 
  4362.50 3.4934e-14   4371.12 1 
  4365.25 3.7677e-14   4373.87 1 
  4367.99 3.6765e-14   4376.62 1 
  4370.74 3.6428e-14   4379.37 1 
  4373.48 3.4865e-14   4382.12 1 
  4376.23 3.4354e-14   4384.87 1 
  4378.97 3.4543e-14   4387.62 1 
  4381.72 3.2036e-14   4390.37 1 
  4384.46 3.1384e-14   4393.12 1 
  4387.21 3.3346e-14   4395.87 1 
  4389.95 3.3474e-14   4398.62 1 
  4392.69 3.6480e-14   4401.37 1 
  4395.44 3.3883e-14   4404.12 1 
  4398.18 3.3053e-14   4406.87 1 
  4400.93 3.4815e-14   4409.62 1 
  4403.67 3.5742e-14   4412.37 1 
  4406.42 3.5415e-14   4415.12 1 
  4409.16 3.4423e-14   4417.87 1 
  4411.91 3.3869e-14   4420.62 1 
  4414.65 3.5788e-14   4423.37 1 
  4417.40 3.3850e-14   4426.12 1 
  4420.14 3.3580e-14   4428.87 1 
  4422.88 3.7192e-14   4431.62 1 
  4425.63 3.6793e-14   4434.37 1 
  4428.37 3.4590e-14   4437.12 1 
  4431.12 3.7423e-14   4439.87 1 
  4433.86 3.6317e-14   4442.62 1 
  4436.61 3.4608e-14   4445.37 1 
  4439.35 3.6044e-14   4448.12 1 
  4442.10 3.6731e-14   4450.87 1 
  4444.84 3.8715e-14   4453.62 1 
  4447.59 3.8552e-14   4456.37 1 
  4450.33 3.7687e-14   4459.12 1 
  4453.08 3.7077e-14   4461.87 1 
  4455.82 3.5364e-14   4464.62 1 
  4458.56 3.5517e-14   4467.37 1 
  4461.31 3.6271e-14   4470.12 1 
  4464.05 3.5575e-14   4472.87 1 
  4466.80 3.4593e-14   4475.62 1 
  4469.54 3.5646e-14   4478.37 1 
  4472.29 3.8008e-14   4481.12 1 
  4475.03 3.7613e-14   4483.87 1 
  4477.78 3.8570e-14   4486.62 1 
  4480.52 3.6199e-14   4489.37 1 
  4483.27 3.8175e-14   4492.12 1 
  4486.01 4.0502e-14   4494.87 1 
  4488.75 3.7112e-14   4497.62 1 
  4491.50 3.7460e-14   4500.37 1 
  4494.24 3.6839e-14   4503.12 1 
  4496.99 3.9541e-14   4505.87 1 
  4499.73 3.7884e-14   4508.62 1 
  4502.48 3.9386e-14   4511.37 1 
  4505.22 3.9391e-14   4514.12 1 
  4507.97 3.9266e-14   4516.87 1 
  4510.71 4.0066e-14   4519.62 1 
  4513.46 3.8335e-14   4522.37 1 
  4516.20 3.8351e-14   4525.12 1 
  4518.95 3.7805e-14   4527.87 1 
  4521.69 3.7743e-14   4530.62 1 
  4524.43 3.9922e-14   4533.37 1 
  4527.18 3.4875e-14   4536.12 1 
  4529.92 3.5241e-14   4538.87 1 
  4532.67 3.5200e-14   4541.62 1 
  4535.41 3.6833e-14   4544.37 1 
  4538.16 3.6983e-14   4547.12 1 
  4540.90 3.6376e-14   4549.87 1 
  4543.65 3.7656e-14   4552.62 1 
  4546.39 4.0471e-14   4555.37 1 
  4549.14 3.7902e-14   4558.12 1 
  4551.88 3.7315e-14   4560.87 1 
  4554.62 3.6049e-14   4563.62 1 
  4557.37 3.6295e-14   4566.37 1 
  4560.11 3.8175e-14   4569.12 1 
  4562.86 3.8090e-14   4571.87 1 
  4565.60 3.4859e-14   4574.62 1 
  4568.35 3.7278e-14   4577.37 1 
  4571.09 3.8913e-14   4580.12 1 
  4573.84 3.5913e-14   4582.87 1 
  4576.58 3.6760e-14   4585.62 1 
  4579.33 3.8106e-14   4588.37 1 
  4582.07 3.7234e-14   4591.12 1 
  4584.82 3.6752e-14   4593.87 1 
  4587.56 3.7243e-14   4596.62 1 
  4590.30 3.9067e-14   4599.37 1 
  4593.05 3.9649e-14   4602.12 1 
  4595.79 3.8470e-14   4604.87 1 
  4598.54 3.8540e-14   4607.62 1 
  4601.28 3.8723e-14   4610.37 1 
  4604.03 3.8514e-14   4613.12 1 
  4606.77 3.6262e-14   4615.87 1 
  4609.52 3.7774e-14   4618.62 1 
  4612.26 3.9642e-14   4621.37 1 
  4615.01 3.9124e-14   4624.12 1 
  4617.75 3.7975e-14   4626.87 1 
  4620.49 4.0001e-14   4629.62 1 
  4623.24 3.9432e-14   4632.37 1 
  4625.98 3.7254e-14   4635.12 1 
  4628.73 3.8573e-14   4637.87 1 
  4631.47 3.9285e-14   4640.62 1 
  4634.22 3.9113e-14   4643.37 1 
  4636.96 3.7964e-14   4646.12 1 
  4639.71 3.9201e-14   4648.87 1 
  4642.45 3.7843e-14   4651.62 1 
  4645.20 3.6705e-14   4654.37 1 
  4647.94 3.7948e-14   4657.12 1 
  4650.69 3.8844e-14   4659.87 1 
  4653.43 3.8230e-14   4662.62 1 
  4656.17 3.9459e-14   4665.37 1 
  4658.92 4.0012e-14   4668.12 1 
  4661.66 4.0004e-14   4670.87 1 
  4664.41 3.8056e-14   4673.62 1 
  4667.15 3.7834e-14   4676.37 1 
  4669.90 3.7817e-14   4679.12 1 
  4672.64 3.9040e-14   4681.87 1 
  4675.39 3.8300e-14   4684.62 1 
  4678.13 4.0659e-14   4687.37 1 
  4680.88 3.8494e-14   4690.12 1 
  4683.62 3.8890e-14   4692.87 1 
  4686.36 3.7636e-14   4695.62 1 
  4689.11 3.6439e-14   4698.37 1 
  4691.85 3.8220e-14   4701.12 1 
  4694.60 3.6929e-14   4703.87 1 
  4697.34 3.6533e-14   4706.62 1 
  4700.09 3.8524e-14   4709.37 1 
  4702.83 3.8157e-14   4712.12 1 
  4705.58 3.7121e-14   4714.87 1 
  4708.32 3.6517e-14   4717.62 1 
  4711.07 3.7367e-14   4720.37 1 
  4713.81 3.8016e-14   4723.12 1 
  4716.55 3.8768e-14   4725.87 1 
  4719.30 3.9115e-14   4728.62 1 
  4722.04 3.8315e-14   4731.37 1 
  4724.79 3.8740e-14   4734.12 1 
  4727.53 3.7897e-14   4736.87 1 
  4730.28 3.8838e-14   4739.62 1 
  4733.02 3.8408e-14   4742.37 1 
  4735.77 3.8562e-14   4745.12 1 
  4738.51 3.9424e-14   4747.87 1 
  4741.26 3.8862e-14   4750.62 1 
  4744.00 3.8740e-14   4753.37 1 
  4746.75 4.0612e-14   4756.12 1 
  4749.49 3.8405e-14   4758.87 1 
  4752.23 3.7580e-14   4761.62 1 
  4754.98 3.8145e-14   4764.37 1 
  4757.72 3.7820e-14   4767.12 1 
  4760.47 3.8324e-14   4769.87 1 
  4763.21 3.7966e-14   4772.62 1 
  4765.96 3.7220e-14   4775.37 1 
  4768.70 3.7355e-14   4778.12 1 
  4771.45 3.8213e-14   4780.87 1 
  4774.19 3.8373e-14   4783.62 1 
  4776.94 3.8988e-14   4786.37 1 
  4779.68 3.9974e-14   4789.12 1 
  4782.42 3.7714e-14   4791.87 1 
  4785.17 3.7851e-14   4794.62 1 
  4787.91 3.8360e-14   4797.37 1 
  4790.66 3.8534e-14   4800.12 1 
  4793.40 3.7944e-14   4802.87 1 
  4796.15 3.7527e-14   4805.62 1 
  4798.89 3.7926e-14   4808.37 1 
  4801.64 3.8960e-14   4811.12 1 
  4804.38 3.9044e-14   4813.87 1 
  4807.13 3.9527e-14   4816.62 1 
  4809.87 3.8539e-14   4819.37 1 
  4812.62 4.0307e-14   4822.12 1 
  4815.36 4.0473e-14   4824.87 1 
  4818.10 4.0044e-14   4827.62 1 
  4820.85 3.8034e-14   4830.37 1 
  4823.59 3.9372e-14   4833.12 1 
  4826.34 3.7411e-14   4835.87 1 
  4829.08 3.9055e-14   4838.62 1 
  4831.83 3.9695e-14   4841.37 1 
  4834.57 3.8092e-14   4844.12 1 
  4837.32 3.8806e-14   4846.87 1 
  4840.06 3.8924e-14   4849.62 1 
  4842.81 3.6686e-14   4852.37 1 
  4845.55 3.5874e-14   4855.12 1 
  4848.29 3.6424e-14   4857.87 1 
  4851.04 3.5371e-14   4860.62 1 
  4853.78 3.5119e-14   4863.37 1 
  4856.53 3.6701e-14   4866.12 1 
  4859.27 4.1863e-14   4868.87 1 
  4862.02 4.9931e-14   4871.62 1 
  4864.76 5.1324e-14   4874.37 1 
  4867.51 4.4247e-14   4877.12 1 
  4870.25 3.8328e-14   4879.87 1 
  4873.00 3.4714e-14   4882.62 1 
  4875.74 3.4954e-14   4885.37 1 
  4878.49 3.4114e-14   4888.12 1 
  4881.23 3.4040e-14   4890.87 1 
  4883.97 3.5376e-14   4893.62 1 
  4886.72 3.6164e-14   4896.37 1 
  4889.46 3.5169e-14   4899.12 1 
  4892.21 3.5117e-14   4901.87 1 
  4894.95 3.6286e-14   4904.62 1 
  4897.70 3.7465e-14   4907.37 1 
  4900.44 3.6470e-14   4910.12 1 
  4903.19 3.7815e-14   4912.87 1 
  4905.93 3.6303e-14   4915.62 1 
  4908.68 3.5514e-14   4918.37 1 
  4911.42 3.5632e-14   4921.12 1 
  4914.16 3.6280e-14   4923.87 1 
  4916.91 3.6333e-14   4926.62 1 
  4919.65 3.7104e-14   4929.37 1 
  4922.40 3.4111e-14   4932.12 1 
  4925.14 3.3146e-14   4934.87 1 
  4927.89 3.5939e-14   4937.62 1 
  4930.63 3.6958e-14   4940.37 1 
  4933.38 3.7159e-14   4943.12 1 
  4936.12 3.6141e-14   4945.87 1 
  4938.87 3.5116e-14   4948.62 1 
  4941.61 3.5297e-14   4951.37 1 
  4944.36 3.7104e-14   4954.12 1 
  4947.10 3.8272e-14   4956.87 1 
  4949.84 3.8590e-14   4959.62 1 
  4952.59 3.9189e-14   4962.37 1 
  4955.33 4.0978e-14   4965.12 1 
  4958.08 4.4883e-14   4967.87 1 
  4960.82 4.9475e-14   4970.62 1 
  4963.57 4.9202e-14   4973.37 1 
  4966.31 4.2332e-14   4976.12 1 
  4969.06 3.9284e-14   4978.87 1 
  4971.80 3.6992e-14   4981.62 1 
  4974.55 3.7128e-14   4984.37 1 
  4977.29 3.6961e-14   4987.12 1 
  4980.03 3.6758e-14   4989.87 1 
  4982.78 3.6373e-14   4992.62 1 
  4985.52 3.6279e-14   4995.37 1 
  4988.27 3.7932e-14   4998.12 1 
  4991.01 3.7415e-14   5000.87 1 
  4993.76 3.5969e-14   5003.62 1 
  4996.50 3.6064e-14   5006.37 1 
  4999.25 3.8415e-14   5009.12 1 
  5001.99 4.1985e-14   5011.87 1 
  5004.74 5.1889e-14   5014.62 1 
  5007.48 6.8138e-14   5017.37 1 
  5010.22 7.3320e-14   5020.12 1 
  5012.97 6.2160e-14   5022.87 1 
  5015.71 4.4012e-14   5025.62 1 
  5018.46 3.7318e-14   5028.37 1 
  5021.20 3.6418e-14   5031.12 1 
  5023.95 3.5875e-14   5033.87 1 
  5026.69 3.6590e-14   5036.62 1 
  5029.44 3.6411e-14   5039.37 1 
  5032.18 3.7109e-14   5042.12 1 
  5034.93 3.6917e-14   5044.87 1 
  5037.67 3.5591e-14   5047.62 1 
  5040.42 3.4271e-14   5050.37 1 
  5043.16 3.4625e-14   5053.12 1 
  5045.90 3.6092e-14   5055.87 1 
  5048.65 3.7130e-14   5058.62 1 
  5051.39 3.6450e-14   5061.37 1 
  5054.14 3.7736e-14   5064.12 1 
  5056.88 3.8335e-14   5066.87 1 
  5059.63 3.7495e-14   5069.62 1 
  5062.37 3.7807e-14   5072.37 1 
  5065.12 3.8031e-14   5075.12 1 
  5067.86 3.6879e-14   5077.87 1 
  5070.61 3.6363e-14   5080.62 1 
  5073.35 3.7238e-14   5083.37 1 
  5076.09 3.8542e-14   5086.12 1 
  5078.84 3.8393e-14   5088.87 1 
  5081.58 3.7148e-14   5091.62 1 
  5084.33 3.6579e-14   5094.37 1 
  5087.07 3.4907e-14   5097.12 1 
  5089.82 3.5513e-14   5099.87 1 
  5092.56 3.6864e-14   5102.62 1 
  5095.31 3.7356e-14   5105.37 1 
  5098.05 3.7167e-14   5108.12 1 
  5100.80 3.4470e-14   5110.87 1 
  5103.54 3.5715e-14   5113.62 1 
  5106.29 3.7197e-14   5116.37 1 
  5109.03 3.6103e-14   5119.12 1 
  5111.77 3.6566e-14   5121.87 1 
  5114.52 3.7159e-14   5124.62 1 
  5117.26 3.7396e-14   5127.37 1 
  5120.01 3.7296e-14   5130.12 1 
  5122.75 3.5336e-14   5132.87 1 
  5125.50 3.5072e-14   5135.62 1 
  5128.24 3.6110e-14   5138.37 1 
  5130.99 3.5914e-14   5141.12 1 
  5133.73 3.4893e-14   5143.87 1 
  5136.48 3.5618e-14   5146.62 1 
  5139.22 3.6711e-14   5149.37 1 
  5141.96 3.5317e-14   5152.12 1 
  5144.71 3.5328e-14   5154.87 1 
  5147.45 3.4743e-14   5157.62 1 
  5150.20 3.5555e-14   5160.37 1 
  5152.94 3.5310e-14   5163.12 1 
  5155.69 3.6284e-14   5165.87 1 
  5158.43 3.7101e-14   5168.62 1 
  5161.18 3.5927e-14   5171.37 1 
  5163.92 3.5389e-14   5174.12 1 
  5166.67 3.3864e-14   5176.87 1 
  5169.41 3.2727e-14   5179.62 1 
  5172.16 3.1915e-14   5182.37 1 
  5174.90 3.1762e-14   5185.12 1 
  5177.64 3.2839e-14   5187.87 1 
  5180.39 3.4677e-14   5190.62 1 
  5183.13 3.4392e-14   5193.37 1 
  5185.88 3.3417e-14   5196.12 1 
  5188.62 3.4876e-14   5198.87 1 
  5191.37 3.4675e-14   5201.62 1 
  5194.11 3.4805e-14   5204.37 1 
  5196.86 3.5699e-14   5207.12 1 
  5199.60 3.4776e-14   5209.87 1 
  5202.35 3.5857e-14   5212.62 1 
  5205.09 3.6430e-14   5215.37 1 
  5207.83 3.5619e-14   5218.12 1 
  5210.58 3.5498e-14   5220.87 1 
  5213.32 3.4879e-14   5223.62 1 
  5216.07 3.6177e-14   5226.37 1 
  5218.81 3.7712e-14   5229.12 1 
  5221.56 3.6354e-14   5231.87 1 
  5224.30 3.5716e-14   5234.62 1 
  5227.05 3.4445e-14   5237.37 1 
  5229.79 3.3400e-14   5240.12 1 
  5232.54 3.4842e-14   5242.87 1 
  5235.28 3.5175e-14   5245.62 1 
  5238.03 3.5682e-14   5248.37 1 
  5240.77 3.6173e-14   5251.12 1 
  5243.51 3.6256e-14   5253.87 1 
  5246.26 3.7527e-14   5256.62 1 
  5249.00 3.7193e-14   5259.37 1 
  5251.75 3.6317e-14   5262.12 1 
  5254.49 3.5572e-14   5264.87 1 
  5257.24 3.5236e-14   5267.62 1 
  5259.98 3.6047e-14   5270.37 1 
  5262.73 3.4644e-14   5273.12 1 
  5265.47 3.3272e-14   5275.87 1 
  5268.22 3.2553e-14   5278.62 1 
  5270.96 3.2037e-14   5281.37 1 
  5273.70 3.3221e-14   5284.12 1 
  5276.45 3.4533e-14   5286.87 1 
  5279.19 3.4633e-14   5289.62 1 
  5281.94 3.5818e-14   5292.37 1 
  5284.68 3.7209e-14   5295.12 1 
  5287.43 3.6479e-14   5297.87 1 
  5290.17 3.7755e-14   5300.62 1 
  5292.92 3.7002e-14   5303.37 1 
  5295.66 3.6040e-14   5306.12 1 
  5298.41 3.4989e-14   5308.87 1 
  5301.15 3.6621e-14   5311.62 1 
  5303.89 3.5419e-14   5314.37 1 
  5306.64 3.5150e-14   5317.12 1 
  5309.38 3.5730e-14   5319.87 1 
  5312.13 3.6809e-14   5322.62 1 
  5314.87 3.6012e-14   5325.37 1 
  5317.62 3.6406e-14   5328.12 1 
  5320.36 3.7120e-14   5330.87 1 
  5323.11 3.5931e-14   5333.62 1 
  5325.85 3.5790e-14   5336.37 1 
  5328.60 3.3889e-14   5339.12 1 
  5331.34 3.3871e-14   5341.87 1 
  5334.09 3.5114e-14   5344.62 1 
  5336.83 3.7203e-14   5347.37 1 
  5339.57 3.6752e-14   5350.12 1 
  5342.32 3.6544e-14   5352.87 1 
  5345.06 3.7353e-14   5355.62 1 
  5347.81 3.6809e-14   5358.37 1 
  5350.55 3.6034e-14   5361.12 1 
  5353.30 3.6730e-14   5363.87 1 
  5356.04 3.7240e-14   5366.62 1 
  5358.79 3.8422e-14   5369.37 1 
  5361.53 3.7514e-14   5372.12 1 
  5364.28 3.6602e-14   5374.87 1 
  5367.02 3.7091e-14   5377.62 1 
  5369.76 3.7380e-14   5380.37 1 
  5372.51 3.6756e-14   5383.12 1 
  5375.25 3.6507e-14   5385.87 1 
  5378.00 3.7766e-14   5388.62 1 
  5380.74 3.7641e-14   5391.37 1 
  5383.49 3.6298e-14   5394.12 1 
  5386.23 3.5723e-14   5396.87 1 
  5388.98 3.5160e-14   5399.62 1 
  5391.72 3.6927e-14   5402.37 1 
  5394.47 3.6038e-14   5405.12 1 
  5397.21 3.4835e-14   5407.87 1 
  5399.96 3.5796e-14   5410.62 1 
  5402.70 3.4230e-14   5413.37 1 
  5405.44 3.3676e-14   5416.12 1 
  5408.19 3.4515e-14   5418.87 1 
  5410.93 3.4606e-14   5421.62 1 
  5413.68 3.3491e-14   5424.37 1 
  5416.42 3.5773e-14   5427.12 1 
  5419.17 3.4838e-14   5429.87 1 
  5421.91 3.5983e-14   5432.62 1 
  5424.66 3.6813e-14   5435.37 1 
  5427.40 3.5914e-14   5438.12 1 
  5430.15 3.6848e-14   5440.87 1 
  5432.89 3.7169e-14   5443.62 1 
  5435.63 3.4927e-14   5446.37 1 
  5438.38 3.6512e-14   5449.12 1 
  5441.12 3.7287e-14   5451.87 1 
  5443.87 3.6579e-14   5454.62 1 
  5446.61 3.6130e-14   5457.37 1 
  5449.36 3.7321e-14   5460.12 1 
  5452.10 3.7281e-14   5462.87 1 
  5454.85 3.7617e-14   5465.62 1 
  5457.59 3.6008e-14   5468.37 1 
  5460.34 3.5606e-14   5471.12 1 
  5463.08 3.6622e-14   5473.87 1 
  5465.83 3.5547e-14   5476.62 1 
  5468.57 3.7498e-14   5479.37 1 
  5471.31 3.7136e-14   5482.12 1 
  5474.06 3.6582e-14   5484.87 1 
  5476.80 3.4503e-14   5487.62 1 
  5479.55 3.4487e-14   5490.37 1 
  5482.29 3.4961e-14   5493.12 1 
  5485.04 3.6042e-14   5495.87 1 
  5487.78 3.7526e-14   5498.62 1 
  5490.53 3.6826e-14   5501.37 1 
  5493.27 3.5913e-14   5504.12 1 
  5496.02 3.6613e-14   5506.87 1 
  5498.76 3.6616e-14   5509.62 1 
  5501.50 3.5980e-14   5512.37 1 
  5504.25 3.6524e-14   5515.12 1 
  5506.99 3.5901e-14   5517.87 1 
  5509.74 3.5274e-14   5520.62 1 
  5512.48 3.5790e-14   5523.37 1 
  5515.23 3.4419e-14   5526.12 1 
  5517.97 3.6972e-14   5528.87 1 
  5520.72 3.5384e-14   5531.62 1 
  5523.46 3.7031e-14   5534.37 1 
  5526.21 3.6419e-14   5537.12 1 
  5528.95 3.5668e-14   5539.87 1 
  5531.70 3.4510e-14   5542.62 1 
  5534.44 3.4215e-14   5545.37 1 
  5537.18 3.3380e-14   5548.12 1 
  5539.93 3.5729e-14   5550.87 1 
  5542.67 3.5711e-14   5553.62 1 
  5545.42 3.6610e-14   5556.37 1 
  5548.16 3.4774e-14   5559.12 1 
  5550.91 3.7669e-14   5561.87 1 
  5553.65 3.6688e-14   5564.62 1 
  5556.40 3.5753e-14   5567.37 1 
  5559.14 3.6677e-14   5570.12 1 
  5561.89 3.5032e-14   5572.87 1 
  5564.63 3.7499e-14   5575.62 1 
  5567.37 3.5649e-14   5578.37 1 
  5570.12 3.3692e-14   5581.12 1 
  5572.86 3.5282e-14   5583.87 1 
  5575.61 3.4482e-14   5586.62 1 
  5578.35 3.6569e-14   5589.37 1 
  5581.10 3.2948e-14   5592.12 1 
  5583.84 3.4992e-14   5594.87 1 
  5586.59 3.5853e-14   5597.62 1 
  5589.33 3.1947e-14   5600.37 1 
  5592.08 3.5135e-14   5603.12 1 
  5594.82 3.4553e-14   5605.87 1 
  5597.56 3.5482e-14   5608.62 1 
  5600.31 3.6007e-14   5611.37 1 
  5603.05 3.5094e-14   5614.12 1 
  5605.80 3.5405e-14   5616.87 1 
  5608.54 3.6416e-14   5619.62 1 
  5611.29 3.5266e-14   5622.37 1 
  5614.03 3.5678e-14   5625.12 1 
  5616.78 3.5644e-14   5627.87 1 
  5619.52 3.6693e-14   5630.62 1 
  5622.27 3.4815e-14   5633.37 1 
  5625.01 3.3580e-14   5636.12 1 
  5627.76 3.4492e-14   5638.87 1 
  5630.50 3.5686e-14   5641.62 1 
  5633.24 3.5295e-14   5644.37 1 
  5635.99 3.4830e-14   5647.12 1 
  5638.73 3.6763e-14   5649.87 1 
  5641.48 3.7963e-14   5652.62 1 
  5644.22 3.4761e-14   5655.37 1 
  5646.97 3.3630e-14   5658.12 1 
  5649.71 3.4796e-14   5660.87 1 
  5652.46 3.6293e-14   5663.62 1 
  5655.20 3.5809e-14   5666.37 1 
  5657.95 3.5103e-14   5669.12 1 
  5660.69 3.5354e-14   5671.87 1 
  5663.43 3.4860e-14   5674.62 1 
  5666.18 3.4649e-14   5677.37 1 
  5668.92 3.5095e-14   5680.12 1 
  5671.67 3.6934e-14   5682.87 1 
  5674.41 3.6722e-14   5685.62 1 
  5677.16 3.5973e-14   5688.37 1 
  5679.90 3.6820e-14   5691.12 1 
  5682.65 3.8022e-14   5693.87 1 
  5685.39 3.3544e-14   5696.62 1 
  5688.14 3.4022e-14   5699.37 1 
  5690.88 3.5847e-14   5702.12 1 
  5693.63 3.5674e-14   5704.87 1 
  5696.37 3.6799e-14   5707.62 1 
  5699.11 3.6242e-14   5710.37 1 
  5701.86 3.5274e-14   5713.12 1 
  5704.60 3.5241e-14   5715.87 1 
  5707.35 3.4413e-14   5718.62 1 
  5710.09 3.2750e-14   5721.37 1 
  5712.84 3.4842e-14   5724.12 1 
  5715.58 3.6138e-14   5726.87 1 
  5718.33 3.5129e-14   5729.62 1 
  5721.07 3.6466e-14   5732.37 1 
  5723.82 3.6695e-14   5735.12 1 
  5726.56 3.5605e-14   5737.87 1 
  5729.30 3.4397e-14   5740.62 1 
  5732.05 3.5394e-14   5743.37 1 
  5734.79 3.6677e-14   5746.12 1 
  5737.54 3.6263e-14   5748.87 1 
  5740.28 3.5199e-14   5751.62 1 
  5743.03 3.5146e-14   5754.37 1 
  5745.77 3.5148e-14   5757.12 1 
  5748.52 3.5121e-14   5759.87 1 
  5751.26 3.4517e-14   5762.62 1 
  5754.01 3.6692e-14   5765.37 1 
  5756.75 3.6716e-14   5768.12 1 
  5759.50 3.5519e-14   5770.87 1 
  5762.24 3.6051e-14   5773.62 1 
  5764.98 3.4841e-14   5776.37 1 
  5767.73 3.5766e-14   5779.12 1 
  5770.47 3.3763e-14   5781.87 1 
  5773.22 3.6159e-14   5784.62 1 
  5775.96 3.5061e-14   5787.37 1 
  5778.71 3.4356e-14   5790.12 1 
  5781.45 3.3991e-14   5792.87 1 
  5784.20 3.3304e-14   5795.62 1 
  5786.94 3.4287e-14   5798.37 1 
  5789.69 3.4266e-14   5801.12 1 
  5792.43 3.5330e-14   5803.87 1 
  5795.17 3.5218e-14   5806.62 1 
  5797.92 3.5594e-14   5809.37 1 
  5800.66 3.5503e-14   5812.12 1 
  5803.41 3.7763e-14   5814.87 1 
  5806.15 3.4705e-14   5817.62 1 
  5808.90 3.7115e-14   5820.37 1 
  5811.64 3.3579e-14   5823.12 1 
  5814.39 3.5957e-14   5825.87 1 
  5817.13 3.3448e-14   5828.62 1 
  5819.88 3.5820e-14   5831.37 1 
  5822.62 3.3247e-14   5834.12 1 
  5825.37 3.6740e-14   5836.87 1 
  5828.11 3.5380e-14   5839.62 1 
  5830.85 3.6100e-14   5842.37 1 
  5833.60 3.4309e-14   5845.12 1 
  5836.34 3.7090e-14   5847.87 1 
  5839.09 3.6246e-14   5850.62 1 
  5841.83 3.7845e-14   5853.37 1 
  5844.58 3.4486e-14   5856.12 1 
  5847.32 3.7179e-14   5858.87 1 
  5850.07 3.8605e-14   5861.62 1 
  5852.81 3.3819e-14   5864.37 1 
  5855.56 3.5369e-14   5867.12 1 
  5858.30 3.3796e-14   5869.87 1 
  5861.04 3.4649e-14   5872.62 1 
  5863.79 3.4262e-14   5875.37 1 
  5866.53 3.5508e-14   5878.12 1 
  5869.28 3.6026e-14   5880.87 1 
  5872.02 3.4841e-14   5883.62 1 
  5874.77 3.5265e-14   5886.37 1 
  5877.51 3.4802e-14   5889.12 1 
  5880.26 3.9496e-14   5891.87 1 
  5883.00 2.9659e-14   5894.62 1 
  5885.75 3.0253e-14   5897.37 1 
  5888.49 2.4390e-14   5900.12 1 
  5891.23 2.5148e-14   5902.87 1 
  5893.98 2.7587e-14   5905.62 1 
  5896.72 3.0942e-14   5908.37 1 
  5899.47 3.1870e-14   5911.12 1 
  5902.21 3.6005e-14   5913.87 1 
  5904.96 3.3671e-14   5916.62 1 
  5907.70 3.4416e-14   5919.37 1 
  5910.45 3.3253e-14   5922.12 1 
  5913.19 3.4213e-14   5924.87 1 
  5915.94 3.4489e-14   5927.62 1 
  5918.68 3.5303e-14   5930.37 1 
  5921.43 3.3976e-14   5933.12 1 
  5924.17 3.6751e-14   5935.87 1 
  5926.91 3.5730e-14   5938.62 1 
  5929.66 3.3577e-14   5941.37 1 
  5932.40 3.4024e-14   5944.12 1 
  5935.15 3.4332e-14   5946.87 1 
  5937.89 3.3667e-14   5949.62 1 
  5940.64 3.3212e-14   5952.37 1 
  5943.38 3.3805e-14   5955.12 1 
  5946.13 3.2872e-14   5957.87 1 
  5948.87 3.3882e-14   5960.62 1 
  5951.62 3.3713e-14   5963.37 1 
  5954.36 3.3255e-14   5966.12 1 
  5957.10 3.3228e-14   5968.87 1 
  5959.85 3.2791e-14   5971.62 1 
  5962.59 3.4241e-14   5974.37 1 
  5965.34 3.5061e-14   5977.12 1 
  5968.08 3.3841e-14   5979.87 1 
  5970.83 3.3999e-14   5982.62 1 
  5973.57 3.4219e-14   5985.37 1 
  5976.32 3.3623e-14   5988.12 1 
  5979.06 3.3888e-14   5990.87 1 
  5981.81 3.4275e-14   5993.62 1 
  5984.55 3.3723e-14   5996.37 1 
  5987.30 3.4900e-14   5999.12 1 
  5990.04 3.3081e-14   6001.87 1 
  5992.78 3.4700e-14   6004.62 1 
  5995.53 3.3455e-14   6007.37 1 
  5998.27 3.1625e-14   6010.12 1 
  6001.02 3.4246e-14   6012.87 1 
  6003.76 3.1998e-14   6015.62 1 
  6006.51 3.4363e-14   6018.37 1 
  6009.25 3.4241e-14   6021.12 1 
  6012.00 3.3771e-14   6023.87 1 
  6014.74 3.4003e-14   6026.62 1 
  6017.49 3.4672e-14   6029.37 1 
  6020.23 3.6042e-14   6032.12 1 
  6022.97 3.3887e-14   6034.87 1 
  6025.72 3.3017e-14   6037.62 1 
  6028.46 3.4212e-14   6040.37 1 
  6031.21 3.4742e-14   6043.12 1 
  6033.95 3.2730e-14   6045.87 1 
  6036.70 3.3728e-14   6048.62 1 
  6039.44 3.5808e-14   6051.37 1 
  6042.19 3.4407e-14   6054.12 1 
  6044.93 3.5803e-14   6056.87 1 
  6047.68 3.4994e-14   6059.62 1 
  6050.42 3.4446e-14   6062.37 1 
  6053.17 3.4147e-14   6065.12 1 
  6055.91 3.5514e-14   6067.87 1 
  6058.65 3.4292e-14   6070.62 1 
  6061.40 3.3864e-14   6073.37 1 
  6064.14 3.3450e-14   6076.12 1 
  6066.89 3.3087e-14   6078.87 1 
  6069.63 3.3001e-14   6081.62 1 
  6072.38 3.3864e-14   6084.37 1 
  6075.12 3.4494e-14   6087.12 1 
  6077.87 3.5090e-14   6089.87 1 
  6080.61 3.3985e-14   6092.62 1 
  6083.36 3.3270e-14   6095.37 1 
  6086.10 3.4786e-14   6098.12 1 
  6088.84 3.4476e-14   6100.87 1 
  6091.59 3.5610e-14   6103.62 1 
  6094.33 3.4246e-14   6106.37 1 
  6097.08 3.4010e-14   6109.12 1 
  6099.82 3.3631e-14   6111.87 1 
  6102.57 3.4245e-14   6114.62 1 
  6105.31 3.2438e-14   6117.37 1 
  6108.06 3.2420e-14   6120.12 1 
  6110.80 3.4498e-14   6122.87 1 
  6113.55 3.5503e-14   6125.62 1 
  6116.29 3.3606e-14   6128.37 1 
  6119.04 3.3813e-14   6131.12 1 
  6121.78 3.3995e-14   6133.87 1 
  6124.52 3.3352e-14   6136.62 1 
  6127.27 3.3526e-14   6139.37 1 
  6130.01 3.3801e-14   6142.12 1 
  6132.76 3.3322e-14   6144.87 1 
  6135.50 3.3825e-14   6147.62 1 
  6138.25 3.5095e-14   6150.37 1 
  6140.99 3.2388e-14   6153.12 1 
  6143.74 3.3438e-14   6155.87 1 
  6146.48 3.3561e-14   6158.62 1 
  6149.23 3.3867e-14   6161.37 1 
  6151.97 3.5149e-14   6164.12 1 
  6154.71 3.3956e-14   6166.87 1 
  6157.46 3.1995e-14   6169.62 1 
  6160.20 3.1630e-14   6172.37 1 
  6162.95 3.0945e-14   6175.12 1 
  6165.69 3.1827e-14   6177.87 1 
  6168.44 3.1237e-14   6180.62 1 
  6171.18 3.1776e-14   6183.37 1 
  6173.93 3.0800e-14   6186.12 1 
  6176.67 3.3737e-14   6188.87 1 
  6179.42 3.3974e-14   6191.62 1 
  6182.16 3.4597e-14   6194.37 1 
  6184.90 3.2537e-14   6197.12 1 
  6187.65 3.4488e-14   6199.87 1 
  6190.39 3.2070e-14   6202.62 1 
  6193.14 3.2584e-14   6205.37 1 
  6195.88 3.1978e-14   6208.12 1 
  6198.63 3.3561e-14   6210.87 1 
  6201.37 3.2556e-14   6213.62 1 
  6204.12 3.3110e-14   6216.37 1 
  6206.86 3.4499e-14   6219.12 1 
  6209.61 3.3877e-14   6221.87 1 
  6212.35 3.3676e-14   6224.62 1 
  6215.10 3.2386e-14   6227.37 1 
  6217.84 2.9788e-14   6230.12 1 
  6220.58 3.1999e-14   6232.87 1 
  6223.33 3.4442e-14   6235.62 1 
  6226.07 3.1782e-14   6238.37 1 
  6228.82 3.3699e-14   6241.12 1 
  6231.56 3.2352e-14   6243.87 1 
  6234.31 3.2283e-14   6246.62 1 
  6237.05 3.2762e-14   6249.37 1 
  6239.80 3.2368e-14   6252.12 1 
  6242.54 3.3490e-14   6254.87 1 
  6245.29 3.4802e-14   6257.62 1 
  6248.03 3.1566e-14   6260.37 1 
  6250.77 3.1474e-14   6263.12 1 
  6253.52 3.1195e-14   6265.87 1 
  6256.26 3.3198e-14   6268.62 1 
  6259.01 3.2729e-14   6271.37 1 
  6261.75 2.9866e-14   6274.12 1 
  6264.50 3.1123e-14   6276.87 1 
  6267.24 3.2130e-14   6279.62 1 
  6269.99 3.2093e-14   6282.37 1 
  6272.73 3.2890e-14   6285.12 1 
  6275.48 3.3121e-14   6287.87 1 
  6278.22 3.1832e-14   6290.62 1 
  6280.97 3.3155e-14   6293.37 1 
  6283.71 3.2509e-14   6296.12 1 
  6286.45 3.6545e-14   6298.87 1 
  6289.20 3.8553e-14   6301.62 1 
  6291.94 3.0391e-14   6304.37 1 
  6294.69 2.8691e-14   6307.12 1 
  6297.43 2.9144e-14   6309.87 1 
  6300.18 3.0505e-14   6312.62 1 
  6302.92 3.1669e-14   6315.37 1 
  6305.67 3.4749e-14   6318.12 1 
  6308.41 3.4908e-14   6320.87 1 
  6311.16 3.1729e-14   6323.62 1 
  6313.90 3.1839e-14   6326.37 1 
  6316.64 3.2033e-14   6329.12 1 
  6319.39 3.3579e-14   6331.87 1 
  6322.13 3.2930e-14   6334.62 1 
  6324.88 3.3282e-14   6337.37 1 
  6327.62 3.3838e-14   6340.12 1 
  6330.37 3.2396e-14   6342.87 1 
  6333.11 3.2904e-14   6345.62 1 
  6335.86 3.3576e-14   6348.37 1 
  6338.60 3.2367e-14   6351.12 1 
  6341.35 3.1133e-14   6353.87 1 
  6344.09 3.5492e-14   6356.62 1 
  6346.84 3.3449e-14   6359.37 1 
  6349.58 3.3707e-14   6362.12 1 
  6352.32 3.3706e-14   6364.87 1 
  6355.07 3.2029e-14   6367.62 1 
  6357.81 3.2927e-14   6370.37 1 
  6360.56 3.2862e-14   6373.12 1 
  6363.30 3.1511e-14   6375.87 1 
  6366.05 3.1679e-14   6378.62 1 
  6368.79 3.2377e-14   6381.37 1 
  6371.54 3.2090e-14   6384.12 1 
  6374.28 3.4154e-14   6386.87 1 
  6377.03 3.3587e-14   6389.62 1 
  6379.77 3.2316e-14   6392.37 1 
  6382.51 3.1084e-14   6395.12 1 
  6385.26 3.3064e-14   6397.87 1 
  6388.00 3.3000e-14   6400.62 1 
  6390.75 3.4021e-14   6403.37 1 
  6393.49 3.3931e-14   6406.12 1 
  6396.24 3.3037e-14   6408.87 1 
  6398.98 3.0813e-14   6411.62 1 
  6401.73 3.3129e-14   6414.37 1 
  6404.47 3.3169e-14   6417.12 1 
  6407.22 3.2729e-14   6419.87 1 
  6409.96 3.2535e-14   6422.62 1 
  6412.71 3.3051e-14   6425.37 1 
  6415.45 3.0504e-14   6428.12 1 
  6418.19 3.3827e-14   6430.87 1 
  6420.94 3.2846e-14   6433.62 1 
  6423.68 3.2797e-14   6436.37 1 
  6426.43 3.3557e-14   6439.12 1 
  6429.17 3.3095e-14   6441.87 1 
  6431.92 3.3532e-14   6444.62 1 
  6434.66 3.2619e-14   6447.37 1 
  6437.41 3.2355e-14   6450.12 1 
  6440.15 3.2458e-14   6452.87 1 
  6442.90 3.2775e-14   6455.62 1 
  6445.64 3.4187e-14   6458.37 1 
  6448.38 3.3009e-14   6461.12 1 
  6451.13 3.2311e-14   6463.87 1 
  6453.87 3.1758e-14   6466.62 1 
  6456.62 3.1149e-14   6469.37 1 
  6459.36 3.2738e-14   6472.12 1 
  6462.11 3.1930e-14   6474.87 1 
  6464.85 3.1927e-14   6477.62 1 
  6467.60 3.2602e-14   6480.37 1 
  6470.34 3.3567e-14   6483.12 1 
  6473.09 3.2879e-14   6485.87 1 
  6475.83 3.2480e-14   6488.62 1 
  6478.57 3.3045e-14   6491.37 1 
  6481.32 3.3587e-14   6494.12 1 
  6484.06 3.2968e-14   6496.87 1 
  6486.81 3.5149e-14   6499.62 1 
  6489.55 3.3379e-14   6502.37 1 
  6492.30 3.2084e-14   6505.12 1 
  6495.04 2.9495e-14   6507.87 1 
  6497.79 3.1392e-14   6510.62 1 
  6500.53 3.1128e-14   6513.37 1 
  6503.28 3.1700e-14   6516.12 1 
  6506.02 3.1564e-14   6518.87 1 
  6508.77 3.4475e-14   6521.62 1 
  6511.51 3.3466e-14   6524.37 1 
  6514.25 3.2100e-14   6527.12 1 
  6517.00 3.1486e-14   6529.87 1 
  6519.74 3.4173e-14   6532.62 1 
  6522.49 3.3195e-14   6535.37 1 
  6525.23 3.3565e-14   6538.12 1 
  6527.98 3.0789e-14   6540.87 1 
  6530.72 3.5050e-14   6543.62 1 
  6533.47 3.3315e-14   6546.37 1 
  6536.21 3.2036e-14   6549.12 1 
  6538.96 3.5416e-14   6551.87 1 
  6541.70 3.5535e-14   6554.62 1 
  6544.44 3.4130e-14   6557.37 1 
  6547.19 3.3511e-14   6560.12 1 
  6549.93 3.6633e-14   6562.87 1 
  6552.68 3.4789e-14   6565.62 1 
  6555.42 3.4594e-14   6568.37 1 
  6558.17 4.0060e-14   6571.12 1 
  6560.91 6.2730e-14   6573.87 1 
  6563.66 9.9155e-14   6576.62 1 
  6566.40 1.0522e-13   6579.37 1 
  6569.15 7.8848e-14   6582.12 1 
  6571.89 4.4835e-14   6584.87 1 
  6574.64 3.5536e-14   6587.62 1 
  6577.38 3.2689e-14   6590.37 1 
  6580.12 3.5007e-14   6593.12 1 
  6582.87 3.9557e-14   6595.87 1 
  6585.61 4.3759e-14   6598.62 1 
  6588.36 4.1051e-14   6601.37 1 
  6591.10 3.5301e-14   6604.12 1 
  6593.85 2.9548e-14   6606.87 1 
  6596.59 3.0293e-14   6609.62 1 
  6599.34 3.1059e-14   6612.37 1 
  6602.08 3.2200e-14   6615.12 1 
  6604.83 3.1542e-14   6617.87 1 
  6607.57 3.1580e-14   6620.62 1 
  6610.31 3.1397e-14   6623.37 1 
  6613.06 3.1761e-14   6626.12 1 
  6615.80 3.2652e-14   6628.87 1 
  6618.55 3.3640e-14   6631.62 1 
  6621.29 3.2700e-14   6634.37 1 
  6624.04 3.3170e-14   6637.12 1 
  6626.78 3.2277e-14   6639.87 1 
  6629.53 3.2723e-14   6642.62 1 
  6632.27 3.2193e-14   6645.37 1 
  6635.02 3.3003e-14   6648.12 1 
  6637.76 3.2916e-14   6650.87 1 
  6640.51 3.4003e-14   6653.62 1 
  6643.25 3.2351e-14   6656.37 1 
  6645.99 3.2360e-14   6659.12 1 
  6648.74 3.0298e-14   6661.87 1 
  6651.48 3.1841e-14   6664.62 1 
  6654.23 3.3729e-14   6667.37 1 
  6656.97 3.3952e-14   6670.12 1 
  6659.72 3.2512e-14   6672.87 1 
  6662.46 3.0985e-14   6675.62 1 
  6665.21 3.3507e-14   6678.37 1 
  6667.95 3.1956e-14   6681.12 1 
  6670.70 3.4051e-14   6683.87 1 
  6673.44 3.2839e-14   6686.62 1 
  6676.18 3.1748e-14   6689.37 1 
  6678.93 3.3532e-14   6692.12 1 
  6681.67 3.4673e-14   6694.87 1 
  6684.42 3.4344e-14   6697.62 1 
  6687.16 3.3843e-14   6700.37 1 
  6689.91 3.1337e-14   6703.12 1 
  6692.65 3.1264e-14   6705.87 1 
  6695.40 3.1616e-14   6708.62 1 
  6698.14 3.4001e-14   6711.37 1 
  6700.89 3.2509e-14   6714.12 1 
  6703.63 3.0626e-14   6716.87 1 
  6706.38 3.1426e-14   6719.62 1 
  6709.12 3.3333e-14   6722.37 1 
  6711.86 3.4214e-14   6725.12 1 
  6714.61 3.8389e-14   6727.87 1 
  6717.35 4.9474e-14   6730.62 1 
  6720.10 5.2822e-14   6733.37 1 
  6722.84 4.5816e-14   6736.12 1 
  6725.59 3.8891e-14   6738.87 1 
  6728.33 4.0934e-14   6741.62 1 
  6731.08 4.2296e-14   6744.37 1 
  6733.82 4.7155e-14   6747.12 1 
  6736.57 4.5522e-14   6749.87 1 
  6739.31 3.7089e-14   6752.62 1 
  6742.05 3.2747e-14   6755.37 1 
  6744.80 3.3638e-14   6758.12 1 
  6747.54 3.1002e-14   6760.87 1 
  6750.29 3.0465e-14   6763.62 1 
  6753.03 2.9766e-14   6766.37 1 
  6755.78 3.1966e-14   6769.12 1 
  6758.52 3.1652e-14   6771.87 1 
  6761.27 3.0926e-14   6774.62 1 
  6764.01 3.4469e-14   6777.37 1 
  6766.76 3.3629e-14   6780.12 1 
  6769.50 3.3262e-14   6782.87 1 
  6772.24 3.2124e-14   6785.62 1 
  6774.99 3.2769e-14   6788.37 1 
  6777.73 3.1987e-14   6791.12 1 
  6780.48 3.2341e-14   6793.87 1 
  6783.22 3.2414e-14   6796.62 1 
  6785.97 3.2491e-14   6799.37 1 
  6788.71 3.1283e-14   6802.12 1 
  6791.46 2.9948e-14   6804.87 1 
  6794.20 3.1933e-14   6807.62 1 
  6796.95 3.0448e-14   6810.37 1 
  6799.69 3.3375e-14   6813.12 1 
  6802.44 3.1346e-14   6815.87 1 
  6805.18 3.1555e-14   6818.62 1 
  6807.92 3.0399e-14   6821.37 1 
  6810.67 2.9589e-14   6824.12 1 
  6813.41 2.9882e-14   6826.87 1 
  6816.16 3.3011e-14   6829.62 1 
  6825.64 3.1564e-14   6839.12 0 
  6841.37 3.1633e-14   6854.88 0 
  6857.14 3.1196e-14   6870.68 0 
  6872.95 3.1121e-14   6886.52 0 
  6888.79 3.1261e-14   6902.40 0 
  6904.67 3.1258e-14   6918.31 0 
  6920.59 3.1327e-14   6934.26 0 
  6936.54 3.1396e-14   6950.24 0 
  6952.53 3.1538e-14   6966.26 0 
  6968.56 3.1389e-14   6982.33 0 
  6984.63 3.0813e-14   6998.42 0 
  7000.73 3.1239e-14   7014.55 0 
  7016.86 3.1307e-14   7030.72 0 
  7033.04 3.1089e-14   7046.93 0 
  7049.25 3.2104e-14   7063.18 0 
  7065.50 3.1011e-14   7079.46 0 
  7081.79 3.1439e-14   7095.78 0 
  7098.12 3.0438e-14   7112.14 0 
  7114.48 3.0646e-14   7128.53 0 
  7130.88 3.0713e-14   7144.96 0 
  7147.32 3.0219e-14   7161.43 0 
  7163.79 3.0425e-14   7177.94 0 
  7180.31 2.9593e-14   7194.49 0 
  7196.86 2.8850e-14   7211.08 0 
  7213.45 2.8913e-14   7227.70 0 
  7230.08 2.9995e-14   7244.36 0 
  7246.75 2.9716e-14   7261.06 0 
  7263.45 3.0405e-14   7277.80 0 
  7280.20 3.0054e-14   7294.57 0 
  7296.98 2.9367e-14   7311.39 0 
  7313.80 3.0465e-14   7328.25 0 
  7330.66 3.1028e-14   7345.14 0 
  7347.56 3.1457e-14   7362.07 0 
  7364.50 3.0667e-14   7379.04 0 
  7381.47 3.1233e-14   7396.05 0 
  7398.49 3.0730e-14   7413.10 0 
  7415.55 3.0515e-14   7430.19 0 
  7432.64 3.0865e-14   7447.32 0 
  7449.77 3.0933e-14   7464.49 0 
  7466.95 3.1072e-14   7481.70 0 
  7484.16 3.0997e-14   7498.94 0 
  7501.41 3.0428e-14   7516.23 0 
  7518.71 3.0565e-14   7533.56 0 
  7536.04 3.0987e-14   7550.92 0 
  7553.41 3.1126e-14   7568.33 0 
  7570.83 3.0980e-14   7585.78 0 
  7588.28 3.0976e-14   7603.26 0 
  7605.77 2.9990e-14   7620.79 0 
  7623.30 3.0404e-14   7638.36 0 
  7640.88 2.9572e-14   7655.97 0 
  7658.49 2.9980e-14   7673.61 0 
  7676.14 2.6594e-14   7691.30 0 
  7693.84 2.9022e-14   7709.04 0 
  7711.58 2.7841e-14   7726.81 0 
  7729.35 2.8949e-14   7744.62 0 
  7747.17 2.9146e-14   7762.47 0 
  7765.03 2.8809e-14   7780.37 0 
  7782.93 2.7764e-14   7798.30 0 
  7800.87 2.8604e-14   7816.28 0 
  7818.86 2.8799e-14   7834.30 0 
  7836.88 2.8928e-14   7852.36 0 
  7854.94 2.9059e-14   7870.46 0 
  7873.05 2.8855e-14   7888.60 0 
  7891.20 2.8918e-14   7906.79 0 
  7909.39 2.8716e-14   7925.01 0 
  7927.63 2.8059e-14   7943.28 0 
  7945.90 2.8055e-14   7961.59 0 
  7964.22 2.8442e-14   7979.95 0 
  7982.58 2.8702e-14   7998.34 0 
  8000.98 2.8501e-14   8016.78 0 
  8019.42 2.8498e-14   8035.26 0 
  8037.91 2.8363e-14   8053.78 0 
  8056.44 2.8295e-14   8072.35 0 
  8075.01 2.8817e-14   8090.96 0 
  8093.62 2.8353e-14   8109.61 0 
  8112.28 2.8876e-14   8128.31 0 
  8130.98 2.9006e-14   8147.04 0 
  8149.73 2.8473e-14   8165.82 0 
  8168.52 2.7567e-14   8184.65 0 
  8187.35 2.7627e-14   8203.52 0 
  8206.22 2.5485e-14   8222.43 0 
  8225.13 2.8263e-14   8241.38 0 
  8244.10 2.8130e-14   8260.38 0 
  8263.10 2.8321e-14   8279.42 0 
  8282.15 2.7610e-14   8298.51 0 
  8301.24 2.7479e-14   8317.64 0 
  8320.38 2.7666e-14   8336.81 0 
  8339.56 2.7158e-14   8356.03 0 
  8358.79 2.7851e-14   8375.29 0 
  8378.05 2.7784e-14   8394.60 0 
  8397.37 2.6347e-14   8413.95 0 
  8416.73 2.7649e-14   8433.35 0 
  8436.13 2.7203e-14   8452.79 0 
  8455.57 2.6459e-14   8472.27 0 
  8475.06 2.6577e-14   8491.80 0 
  8494.60 2.7256e-14   8511.38 0 
  8514.19 2.6878e-14   8531.00 0 
  8533.81 2.7123e-14   8550.67 0 
  8553.49 2.0573e-14   8570.38 0 
  8573.20 2.7054e-14   8590.14 0 
  8592.97 2.6741e-14   8609.94 0 
  8612.78 2.6492e-14   8629.79 0 
  8632.63 2.6550e-14   8649.68 0 
  8652.53 2.6608e-14   8669.62 0 
  8672.47 1.9229e-14   8689.60 0 
  8692.47 2.5876e-14   8709.64 0 
  8712.51 2.5872e-14   8729.71 0 
  8732.59 2.6410e-14   8749.84 0 
  8752.72 2.5569e-14   8770.01 0 
  8772.90 2.6041e-14   8790.23 0 
  8793.12 2.6218e-14   8810.49 0 
  8813.39 2.5267e-14   8830.80 0 
  8833.71 2.5147e-14   8851.16 0 
  8854.07 2.5789e-14   8871.56 0 
  8874.48 2.3954e-14   8892.01 0 
  8894.94 2.5370e-14   8912.51 0 
  8915.45 2.5719e-14   8933.05 0 
  8936.00 2.4957e-14   8953.65 0 
  8956.60 2.4954e-14   8974.29 0 
  8977.25 2.4270e-14   8994.98 0 
  8997.94 2.2492e-14   9015.71 0 
  9018.69 2.3657e-14   9036.50 0 
  9039.47 2.5229e-14   9057.33 0 
  9060.31 2.6354e-14   9078.20 0 
  9081.20 2.4310e-14   9099.13 0 
  9102.13 2.4645e-14   9120.11 0 
  9123.11 2.5215e-14   9141.13 0 
  9144.14 2.3153e-14   9162.20 0 
  9165.23 2.2519e-14   9183.33 0 
  9186.35 2.3307e-14   9204.50 0 
  9207.53 2.4346e-14   9225.71 0 
  9228.76 2.4008e-14   9246.98 0 
  9250.03 2.4116e-14   9268.30 0 
  9271.35 2.4391e-14   9289.66 0 
  9292.73 2.4276e-14   9311.08 0 
  9314.15 2.4161e-14   9332.54 0 
  9335.62 2.4102e-14   9354.06 0 
  9357.14 2.3988e-14   9375.62 0 
  9378.71 2.3819e-14   9397.23 0 
  9400.33 2.3871e-14   9418.90 0 
  9422.00 2.3703e-14   9440.61 0 
  9443.72 2.3537e-14   9462.37 0 
  9465.49 2.3533e-14   9484.18 0 
  9487.31 2.3422e-14   9506.05 0 
  9509.18 2.3204e-14   9527.96 0 
  9531.10 2.2882e-14   9549.93 0 
  9553.07 2.1899e-14   9571.94 0 
  9575.10 2.2770e-14   9594.01 0 
  9597.17 2.2977e-14   9616.12 0 
  9619.29 2.2869e-14   9638.29 0 
  9641.46 2.2656e-14   9660.51 0 
  9663.69 2.2600e-14   9682.78 0 
  9685.97 2.2597e-14   9705.10 0 
  9708.30 2.2490e-14   9727.47 0 
  9730.68 2.2383e-14   9749.90 0 
  9753.11 2.2277e-14   9772.37 0 
  9775.59 2.2222e-14   9794.90 0 
  9798.13 2.2066e-14   9817.48 0 
  9820.72 2.2114e-14   9840.11 0 
  9843.35 2.1958e-14   9862.79 0 
  9866.04 2.1854e-14   9885.53 0 
  9888.79 2.1750e-14   9908.32 0 
  9911.58 2.1647e-14   9931.16 0 
  9934.43 2.1644e-14   9954.05 0 
  9957.34 2.1541e-14   9977.00 0 
  9980.29 2.1488e-14  10000.00 0 
 10026.35 2.0896e-14  10046.15 0 
 10072.64 2.0509e-14  10092.53 0 
 10119.13 2.0740e-14  10139.12 0 
 10165.83 2.0496e-14  10185.91 0 
 10236.31 2.0392e-14  10256.52 0 
 10283.55 2.0245e-14  10303.86 0 
 10307.26 2.0103e-14  10327.61 0 
 10498.88 1.9307e-14  10519.62 0 
 10694.08 1.8458e-14  10715.20 0 
 10892.89 1.7506e-14  10914.41 0 
 11095.40 1.7107e-14  11117.32 0 
 11301.68 1.6451e-14  11324.00 0 
 11511.79 1.6039e-14  11534.53 0 
 11698.84 1.5459e-14  11721.95 0 
 11888.95 1.4900e-14  11912.43 0 
 12109.97 1.4427e-14  12133.89 0 
 12306.74 1.4034e-14  12331.05 0 
 12506.71 1.3620e-14  12531.41 0 
 12709.93 1.3219e-14  12735.03 0 
 12886.74 1.2829e-14  12912.19 0 
 13096.14 1.2537e-14  13122.00 0 
 13308.93 1.2167e-14  13335.21 0 
 13494.08 1.1945e-14  13520.73 0 
 13713.34 1.1646e-14  13740.42 0 
 13904.11 1.1355e-14  13931.57 0 
 14097.54 1.1071e-14  14125.38 0 
 14293.65 1.0844e-14  14321.88 0 
 14492.50 1.0720e-14  14521.12 0 
 14694.11 1.0500e-14  14723.13 0 
 14898.51 1.0380e-14  14927.94 0 
 15105.77 1.0237e-14  15135.61 0 
 15315.92 1.0214e-14  15346.17 0 
 15493.27 1.0120e-14  15523.87 0 
 15708.81 9.8897e-15  15739.83 0 
 15890.71 9.6424e-15  15922.09 0 
 16111.77 9.5981e-15  16143.59 0 
 16298.32 9.5101e-15  16330.51 0 
 16487.05 9.2084e-15  16519.62 0 
 16716.41 9.0196e-15  16749.43 0 
 16909.98 8.7134e-15  16943.38 0 
 17105.80 8.4954e-15  17139.58 0 
 17303.86 8.1131e-15  17338.03 0 
 17504.23 7.9467e-15  17538.80 0 
 17706.93 7.6946e-15  17741.90 0 
 17911.97 7.4677e-15  17947.34 0 
 18119.36 7.1480e-15  18155.15 0 
 18287.03 7.0014e-15  18323.14 0 
 18498.79 6.7949e-15  18535.32 0 
 18712.98 6.5191e-15  18749.94 0 
 18886.13 6.3707e-15  18923.43 0 
 19104.83 6.2113e-15  19142.56 0 
 19281.59 5.9867e-15  19319.67 0 
 19504.87 5.7304e-15  19543.39 0 
 19685.35 5.6129e-15  19724.23 0 
 19913.30 5.4474e-15  19952.63 0 
 20097.55 5.3356e-15  20137.24 0 
 20283.51 5.1545e-15  20323.57 0 
 20518.39 5.0488e-15  20558.92 0 
 20708.23 4.8886e-15  20749.13 0 
 20899.85 4.7663e-15  20941.13 0 
 21093.22 4.6471e-15  21134.88 0 
 21288.40 4.5205e-15  21330.45 0 
 21485.39 4.4074e-15  21527.83 0 
 21684.18 4.2382e-15  21727.01 0 
 21884.83 4.1705e-15  21928.05 0 
 22087.31 4.0475e-15  22130.94 0 
 22291.69 3.9372e-15  22335.72 0 
 22497.97 3.8387e-15  22542.40 0 
 22706.12 3.7341e-15  22750.97 0 
 22916.23 3.4291e-15  22961.49 0 
 23075.07 3.3977e-15  23120.64 0 
 23288.59 3.0562e-15  23334.58 0 
 23504.08 2.9254e-15  23550.50 0 
 23721.55 2.9457e-15  23768.40 0 
 23885.99 2.7301e-15  23933.17 0 
 24106.99 2.6680e-15  24154.60 0 
 24274.11 2.6435e-15  24322.05 0 
 24498.70 2.5072e-15  24547.08 0 
 24725.39 2.4899e-15  24774.22 0 
 24896.77 2.2345e-15  24945.94 0 
 25127.15 2.2089e-15  25176.77 0 
 25301.31 2.1988e-15  25351.28 0 
 25476.70 2.1686e-15  25527.02 0 
 25712.42 2.1686e-15  25763.20 0 
 25890.66 2.1193e-15  25941.79 0 
 26070.11 2.0902e-15  26121.60 0 
 26311.35 2.0379e-15  26363.31 0 
 26493.72 2.0192e-15  26546.04 0 
 26677.38 1.9687e-15  26730.07 0 
 26924.23 1.9417e-15  26977.41 0 
 27110.85 1.9063e-15  27164.39 0 
 27298.76 1.8672e-15  27352.67 0 
 27488.00 1.8289e-15  27542.29 0 
 27678.53 1.7955e-15  27733.19 0 
 27870.40 1.7668e-15  27925.45 0 
 28128.26 1.7266e-15  28183.82 0 
 28323.26 1.6951e-15  28379.20 0 
 28519.57 1.6565e-15  28575.90 0 
 28717.28 1.6113e-15  28773.99 0 
 28916.32 1.5892e-15  28973.43 0 
 29116.78 1.5566e-15  29174.28 0 
 29318.59 1.5212e-15  29376.49 0 
 29521.83 1.4866e-15  29580.14 0 
 29726.45 1.4561e-15  29785.16 0 
 29932.52 1.4262e-15  29991.64 0 
 30070.68 1.3938e-15  30130.07 0 
 30279.10 1.3589e-15  30338.90 0 
 30489.00 1.3372e-15  30549.22 0 
 30700.33 1.3128e-15  30760.96 0 
 30913.15 1.2829e-15  30974.21 0 
 31127.42 1.2566e-15  31188.89 0 
 31271.08 1.2336e-15  31332.84 0 
 31487.86 1.2056e-15  31550.05 0 
 31706.11 1.1808e-15  31768.73 0 
 31925.91 1.1593e-15  31988.96 0 
 32073.26 1.1355e-15  32136.60 0 
 32295.60 1.1148e-15  32359.38 0 
 32519.45 1.0995e-15  32583.67 0 
 32669.54 1.0944e-15  32734.06 0 
 32896.01 1.1148e-15  32960.98 0 
 33124.02 1.0969e-15  33189.44 0 
 33276.90 1.0261e-15  33342.62 0 
 33507.58 9.8898e-16  33573.76 0 
 33662.24 9.5981e-16  33728.72 0 
 33895.60 9.3580e-16  33962.54 0 
 34130.53 9.1450e-16  34197.94 0 
 34288.06 8.9575e-16  34355.78 0 
 34525.75 8.7738e-16  34593.94 0 
 34685.10 8.5938e-16  34753.61 0 
 34925.55 8.4175e-16  34994.53 0 
 35086.75 8.2449e-16  35156.04 0 
 35329.94 8.0572e-16  35399.71 0 
 35493.04 7.9102e-16  35563.14 0 
 35739.05 7.7301e-16  35809.64 0 
 35904.04 7.5890e-16  35974.95 0 
 36069.75 7.4334e-16  36140.99 0 
 36319.76 7.2977e-16  36391.49 0 
 36487.43 7.1316e-16  36559.50 0 
 36740.33 7.0014e-16  36812.89 0 
 36909.91 6.8420e-16  36982.80 0 
 37080.31 6.7172e-16  37153.54 0 
 37337.31 6.5794e-16  37411.05 0 
 37509.64 6.4148e-16  37583.72 0 
 37682.81 6.3414e-16  37757.23 0 
 37856.73 6.2113e-16  37931.50 0 
 38119.12 6.0980e-16  38194.41 0 
 38295.10 5.9867e-16  38370.73 0 
 38471.85 5.8774e-16  38547.83 0 
 38738.55 5.7569e-16  38815.06 0 
 38917.35 5.6518e-16  38994.21 0 
 39096.97 5.5486e-16  39174.18 0 
 39277.42 5.4599e-16  39354.99 0 
 39458.74 5.3479e-16  39536.67 0 
 39732.24 5.2503e-16  39810.71 0 
 39915.66 5.1426e-16  39994.50 0 
 40099.89 5.0488e-16  40179.09 0 
 40284.97 4.9680e-16  40364.54 0 
 40470.91 4.8661e-16  40550.84 0 
 40657.74 4.7994e-16  40738.04 0 
 40939.55 4.7226e-16  41020.40 0 
 41128.50 4.6471e-16  41209.73 0 
 41318.37 4.5728e-16  41399.98 0 
 41509.08 4.4894e-16  41591.06 0 
 41700.66 4.4074e-16  41783.02 0 
 41893.18 4.3370e-16  41975.91 0 
 42086.53 4.2676e-16  42169.65 0 
 42280.78 4.2091e-16  42364.28 0 
 42475.97 4.1322e-16  42559.86 0 
 42672.02 4.0662e-16  42756.29 0 
 42868.97 3.9101e-16  42953.63 0 
 43066.87 3.7686e-16  43151.93 0 
 43265.65 3.7600e-16  43351.10 0 
 43465.34 3.6156e-16  43551.18 0 
 43665.95 3.5333e-16  43752.19 0 
 43867.54 3.4768e-16  43954.18 0 
 44070.00 3.3511e-16  44157.04 0 
 44273.41 3.3127e-16  44360.85 0 
 44477.80 3.2598e-16  44565.64 0 
 44683.08 3.1564e-16  44771.33 0 
 44889.32 3.1491e-16  44977.97 0 
 45096.55 3.0845e-16  45185.62 0 
 45304.69 3.0074e-16  45394.17 0 
 45513.79 2.9935e-16  45603.68 0 
 45723.86 2.9525e-16  45814.16 0 
 45934.95 2.8654e-16  46025.67 0 
 46146.96 2.8654e-16  46238.10 0 
 46253.33 2.8131e-16  46344.68 0 
 46466.86 2.7745e-16  46558.63 0 
 46681.33 2.7491e-16  46773.52 0 
 46896.78 2.7176e-16  46989.40 0 
 47113.23 2.6741e-16  47206.28 0 
 47330.73 2.6680e-16  47424.21 0 
 47549.19 2.6193e-16  47643.10 0 
 47658.79 2.5893e-16  47752.92 0 
 47878.81 2.5597e-16  47973.37 0 
 48099.79 2.5072e-16  48194.79 0 
 48321.79 2.5072e-16  48417.23 0 
 48544.82 2.4671e-16  48640.70 0 
 48656.77 2.4276e-16  48752.87 0 
 48881.35 2.3999e-16  48977.89 0 
 49106.96 2.3669e-16  49203.95 0 
 49333.61 2.3398e-16  49431.04 0 
 49447.38 2.3077e-16  49545.04 0 
 49675.60 2.2918e-16  49773.71 0 
 49904.88 2.2603e-16  50003.44 0 
 50135.27 2.2318e-16  50234.29 0 
 50250.83 2.2024e-16  50350.08 0 
 50482.76 2.1546e-16  50582.46 0 
 50715.76 2.1273e-16  50815.93 0 
 50832.67 2.1138e-16  50933.06 0 
 50949.90 2.1003e-16  51050.52 0 
 51067.34 2.0773e-16  51168.20 0 
 51185.05 2.0546e-16  51286.14 0 
 51303.04 2.0414e-16  51404.36 0 
 51421.29 2.0237e-16  51522.85 0 
 51539.83 2.0061e-16  51641.62 0 
 51658.69 1.9978e-16  51760.71 0 
 51777.76 1.9895e-16  51880.02 0 
 51897.11 1.9631e-16  51999.61 0 
 52016.74 1.9460e-16  52119.47 0 
 52136.64 1.9335e-16  52239.61 0 
 52256.82 1.9121e-16  52360.03 0 
 52377.27 1.8998e-16  52480.72 0 
 52498.07 1.8875e-16  52601.75 0 
 52619.08 1.8796e-16  52723.00 0 
 52740.37 1.8674e-16  52844.53 0 
 52861.94 1.8467e-16  52966.34 0 
 52983.79 1.8263e-16  53088.43 0 
 53105.92 1.8102e-16  53210.80 0 
 53228.39 1.7984e-16  53333.52 0 
 53351.09 1.7867e-16  53456.46 0 
 53474.06 1.7750e-16  53579.68 0 
 53597.33 1.7593e-16  53703.18 0 
 53720.87 1.7478e-16  53826.97 0 
 53844.70 1.7363e-16  53951.05 0 
 53968.82 1.7249e-16  54075.41 0 
 54093.28 1.7096e-16  54200.11 0 
 54217.97 1.6945e-16  54325.05 0 
 54342.95 1.6794e-16  54450.27 0 
 54468.21 1.6722e-16  54575.79 0 
 54593.76 1.6611e-16  54701.59 0 
 54719.60 1.6463e-16  54827.68 0 
 54845.74 1.6354e-16  54954.06 0 
 54972.22 1.6245e-16  55080.79 0 
 55098.94 1.6100e-16  55207.76 0 
 55225.94 1.6030e-16  55335.02 0 
 55353.24 1.6034e-16  55462.57 0 
 55480.84 1.5817e-16  55590.41 0 
 55608.72 1.5675e-16  55718.55 0 
 55736.97 1.5642e-16  55847.05 0 
 55865.44 1.5537e-16  55975.78 0 
 55994.22 1.5433e-16  56104.81 0 
 56123.29 1.5364e-16  56234.13 0 
 56252.66 1.5226e-16  56363.76 0 
 56382.32 1.5123e-16  56493.68 0 
 56512.29 1.5091e-16  56623.90 0 
 56642.62 1.5023e-16  56754.48 0 
 56773.18 1.4921e-16  56885.31 0 
 56904.05 1.4786e-16  57016.43 0 
 57035.21 1.4753e-16  57147.86 0 
 57166.69 1.4721e-16  57279.59 0 
 57298.46 1.4654e-16  57411.62 0 
 57430.60 1.4588e-16  57544.02 0 
 57562.98 1.4522e-16  57676.67 0 
 57695.67 1.4456e-16  57809.62 0 
 57828.66 1.4423e-16  57942.87 0 
 57961.96 1.4423e-16  58076.43 0 
 58095.57 1.4357e-16  58210.30 0 
 58229.48 1.4324e-16  58344.48 0 
 58363.77 1.4324e-16  58479.04 0 
 58498.30 1.4324e-16  58613.83 0 
 58633.14 1.4290e-16  58748.94 0 
 58768.30 1.4290e-16  58884.36 0 
 58903.76 1.4322e-16  59020.09 0 
 59128.17 1.8157e-16  59244.95 3 
 59437.42 1.6074e-16  59554.81 3 
 59746.66 3.9991e-17  59864.66 3 
 60055.90 1.2851e-16  60174.51 3 
 60365.15 1.3882e-16  60484.37 3 
 60674.39 1.0443e-16  60794.22 3 
 60983.63 1.3772e-16  61104.07 3 
 61292.88 2.5069e-16  61413.93 3 
 61602.12 3.6428e-16  61723.78 3 
 61911.35 5.3391e-16  62033.63 3 
 62220.60 5.1020e-16  62343.49 3 
 62529.84 4.4377e-16  62653.34 3 
 62839.08 3.1497e-16  62963.19 3 
 63148.33 4.0319e-16  63273.05 3 
 63457.57 2.6024e-16  63582.90 3 
 63766.82 2.0362e-16  63892.76 3 
 64076.06 1.9697e-16  64202.61 3 
 64385.30 1.9010e-16  64512.46 3 
 64694.55 2.5024e-16  64822.32 3 
 65003.79 1.3271e-16  65132.17 3 
 65313.03 1.2354e-16  65442.02 3 
 65622.28 1.9107e-16  65751.88 3 
 65931.51 1.7547e-16  66061.73 3 
 66240.75 1.4881e-16  66371.58 3 
 66550.01 1.8752e-16  66681.45 3 
 66859.24 2.1816e-16  66991.29 3 
 67168.48 2.2794e-16  67301.14 3 
 67477.73 3.0693e-16  67611.00 3 
 67786.97 2.3651e-16  67920.85 3 
 68096.22 2.1911e-16  68230.71 3 
 68405.46 2.3801e-16  68540.56 3 
 68714.70 1.4682e-16  68850.41 3 
 69023.95 1.0146e-16  69160.27 3 
 69333.18 1.1092e-16  69470.12 3 
 69642.43 1.1122e-16  69779.98 3 
 69951.67 2.0722e-16  70089.83 3 
 70260.91 3.2080e-16  70399.68 3 
 70570.16 1.6368e-16  70709.54 3 
 70879.40 1.9914e-16  71019.39 3 
 71188.64 1.0842e-16  71329.24 3 
 71497.89 1.8252e-16  71639.10 3 
 71807.13 1.5079e-16  71948.95 3 
 72116.38 1.1020e-16  72258.81 3 
 72425.62 8.1788e-17  72568.66 3 
 72734.86 2.0580e-16  72878.51 3 
 73044.11 2.7204e-16  73188.38 3 
 73353.35 2.6282e-16  73498.22 3 
 73662.59 2.0197e-16  73808.07 3 
 73971.84 2.0412e-16  74117.93 3 
 74281.08 3.7731e-16  74427.78 3 
 74590.32 3.7570e-16  74737.63 3 
 74899.56 3.2019e-16  75047.48 3 
 75188.57 4.4302e-16  75337.06 3 
 75208.81 3.0808e-16  75357.34 3 
 75518.05 5.6735e-16  75667.20 3 
 75808.27 4.3237e-16  75957.99 3 
 75827.29 5.5402e-16  75977.05 3 
 76427.99 4.1991e-16  76578.94 3 
 77047.71 4.1365e-16  77199.88 3 
 77667.43 3.9585e-16  77820.82 3 
 78287.14 3.4596e-16  78441.76 3 
 78906.87 2.7691e-16  79062.71 3 
 79526.58 2.8943e-16  79683.65 3 
 80146.30 2.6296e-16  80304.59 3 
 80766.03 1.7646e-16  80925.54 3 
 81385.74 2.3758e-16  81546.48 3 
 82005.45 1.9091e-16  82167.41 3 
 82625.17 2.1511e-16  82788.36 3 
 83244.89 2.1581e-16  83409.30 3 
 83864.62 2.0200e-16  84030.25 3 
 84484.33 1.6322e-16  84651.19 3 
 85104.05 2.2892e-16  85272.13 3 
 85723.77 2.4294e-16  85893.07 3 
 86343.50 2.1700e-16  86514.02 3 
 86963.20 2.2616e-16  87134.95 3 
 87582.92 1.6287e-16  87755.90 3 
 88202.64 1.4146e-16  88376.84 3 
 88822.36 1.0583e-16  88997.78 3 
 89442.07 1.2045e-16  89618.72 3 
 90061.79 7.4930e-17  90239.66 3 
 90681.51 1.0799e-16  90860.60 3 
 91301.23 1.0748e-16  91481.55 3 
 91920.95 1.1353e-16  92102.49 3 
 92540.67 5.3432e-17  92723.44 3 
 93160.39 6.2986e-17  93344.38 3 
 93780.10 7.1229e-17  93965.32 3 
 94399.82 9.9183e-17  94586.26 3 
 95019.53 9.2883e-17  95207.20 3 
 95639.26 6.3050e-17  95828.15 3 
 96258.97 8.0592e-17  96449.09 3 
 96878.69 1.0226e-16  97070.02 3 
 97498.42 7.3236e-17  97690.98 3 
 98118.14 3.5354e-17  98311.92 3 
 98737.85 6.4928e-17  98932.86 3 
 99357.57 4.4318e-17  99553.80 3 
 99977.25 6.4824e-17 100174.70 3 
100597.02 7.6342e-17 100795.70 3 
101216.69 4.4646e-17 101416.59 3 
101836.47 5.0983e-17 102037.60 3 
102456.15 5.0106e-17 102658.50 3 
103075.92 5.1744e-17 103279.49 3 
103695.61 7.5700e-17 103900.41 3 
104315.28 5.7875e-17 104521.30 3 
104935.05 8.9251e-17 105142.30 3 
105554.72 6.7117e-17 105763.20 3 
106174.51 8.3264e-17 106384.20 3 
106794.18 7.2017e-17 107005.10 3 
107413.86 9.5274e-17 107626.00 3 
108033.63 9.3914e-17 108247.00 3 
108653.32 5.2901e-17 108867.91 3 
109273.08 8.8564e-17 109488.90 3 
109892.76 1.1735e-16 110109.80 3 
110512.53 1.3561e-16 110730.80 3 
111132.22 1.6397e-16 111351.70 3 
111751.89 2.9399e-16 111972.60 3 
112371.67 3.5733e-16 112593.60 3 
112991.34 2.9244e-16 113214.50 3 
113611.12 2.3271e-16 113835.50 3 
114230.79 1.6932e-16 114456.40 3 
114850.57 1.4338e-16 115077.40 3 
115470.24 1.0264e-16 115698.30 3 
116089.92 1.0938e-16 116319.20 3 
116709.70 9.4363e-17 116940.20 3 
117329.38 1.0519e-16 117561.10 3 
117949.14 9.2859e-17 118182.09 3 
118568.82 1.0433e-16 118802.99 3 
119188.60 1.0620e-16 119424.00 3 
119808.28 1.0823e-16 120044.90 3 
120427.95 8.5839e-17 120665.80 3 
121047.74 6.5131e-17 121286.80 3 
121667.41 9.6079e-17 121907.70 3 
122287.18 6.7755e-17 122528.70 3 
122906.85 9.3967e-17 123149.59 3 
123526.54 9.8673e-17 123770.51 3 
124146.31 8.6520e-17 124391.50 3 
124765.99 8.5027e-17 125012.40 3 
125385.76 1.1540e-16 125633.40 3 
126005.44 1.3405e-16 126254.30 3 
126625.21 1.2574e-16 126875.30 3 
127244.89 1.5154e-16 127496.20 3 
127864.57 1.6356e-16 128117.10 3 
128484.34 1.4886e-16 128738.10 3 
129104.02 1.0575e-16 129359.00 3 
129723.80 7.3658e-17 129980.00 3 
130343.47 5.0002e-17 130600.90 3 
130963.14 6.1911e-17 131221.80 3 
131582.92 9.1965e-17 131842.80 3 
132202.60 7.2531e-17 132463.70 3 
132822.38 4.7063e-17 133084.70 3 
133442.05 5.1380e-17 133705.59 3 
134061.82 5.3534e-17 134326.59 3 
134681.50 6.2778e-17 134947.50 3 
135301.19 7.0260e-17 135568.41 3 
135920.96 4.5829e-17 136189.41 3 
136540.63 5.2447e-17 136810.30 3 
137160.41 6.3138e-17 137431.30 3 
137780.09 5.5007e-17 138052.20 3 
138399.86 6.0938e-17 138673.20 3 
139019.53 6.6576e-17 139294.09 3 
139639.21 3.9092e-17 139915.00 3 
140258.99 2.3869e-17 140536.00 3 
140878.67 1.5482e-17 141156.91 3 
141498.43 3.4588e-17 141777.89 3 
142118.11 5.3417e-17 142398.80 3 
142737.89 5.3135e-17 143019.80 3 
143357.57 5.2315e-17 143640.70 3 
143977.24 5.8489e-17 144261.59 3 
144597.03 4.3331e-17 144882.61 3 
145130.27 3.5225e-17 145416.91 3 
146045.36 2.9907e-17 146333.80 3 
146960.55 2.8238e-17 147250.80 3 
147875.65 2.1367e-17 148167.70 3 
148790.73 3.1274e-17 149084.59 3 
149705.83 2.7081e-17 150001.50 3 
150621.02 1.8308e-17 150918.50 3 
151536.12 2.5789e-17 151835.41 3 
152451.21 1.6990e-17 152752.30 3 
153366.40 1.9784e-17 153669.30 3 
154281.50 4.1774e-17 154586.20 3 
155196.58 7.5386e-17 155503.09 3 
156111.68 7.4694e-17 156420.00 3 
157026.87 4.3179e-17 157337.00 3 
157941.97 1.8163e-17 158253.91 3 
158857.05 2.7567e-17 159170.80 3 
159772.25 2.2581e-17 160087.80 3 
160687.35 2.0774e-17 161004.70 3 
161602.43 3.9791e-17 161921.59 3 
162517.62 3.4953e-17 162838.59 3 
163432.72 4.1616e-17 163755.50 3 
164347.80 5.9111e-17 164672.39 3 
165262.90 5.5266e-17 165589.30 3 
166178.11 5.3473e-17 166506.31 3 
167093.18 3.7835e-17 167423.19 3 
168008.28 4.8117e-17 168340.09 3 
168923.38 4.4171e-17 169257.00 3 
169838.57 4.5945e-17 170174.00 3 
170753.67 5.3410e-17 171090.91 3 
171668.77 4.8475e-17 172007.81 3 
172583.96 5.3319e-17 172924.81 3 
173499.04 5.4190e-17 173841.70 3 
174414.14 4.2551e-17 174758.61 3 
175329.33 3.3193e-17 175675.61 3 
176244.42 3.5139e-17 176592.50 3 
177159.52 2.7584e-17 177509.41 3 
178074.60 3.1880e-17 178426.30 3 
178989.79 3.1634e-17 179343.30 3 
179904.89 3.4668e-17 180260.20 3 
180819.97 2.6611e-17 181177.09 3 
181735.17 1.8658e-17 182094.09 3 
182650.27 3.0634e-17 183011.00 3 
183565.35 1.2978e-17 183927.89 3 
184480.54 1.7401e-17 184844.89 3 
185395.64 3.6366e-17 185761.80 3 
186310.74 5.4808e-17 186678.70 3 
187225.82 7.9726e-17 187595.59 3 
188141.02 4.7560e-17 188512.59 3 
189056.11 3.7502e-17 189429.50 3 
189971.20 2.2477e-17 190346.39 3 
190886.41 2.6452e-17 191263.41 3 
191801.50 2.3553e-17 192180.31 3 
192716.57 2.2620e-17 193097.19 3 
193631.67 2.2391e-17 194014.09 3 
194546.88 2.3935e-17 194931.11 3 
195461.96 1.4440e-17 195848.00 3 
196377.06 2.7462e-17 196764.91 3 
197292.25 2.4783e-17 197681.91 3 
198207.34 7.6799e-18 198598.80 3 
199122.44 1.7565e-17 199515.70 3 
200037.54 3.3498e-17 200432.61 3 
200952.73 2.9656e-17 201349.61 3 
201867.81 3.5702e-17 202266.50 3 
202782.91 2.3445e-17 203183.41 3 
204796.03 3.3190e-17 205200.50 3 
206557.86 3.2895e-17 206965.81 3 
208320.77 3.9344e-17 208732.20 3 
210084.58 3.2690e-17 210499.50 3 
211849.49 4.2347e-17 212267.89 3 
213615.41 4.2854e-17 214037.30 3 
215382.42 4.5105e-17 215807.80 3 
217150.32 3.6099e-17 217579.19 3 
218919.32 4.6694e-17 219351.69 3 
220689.34 4.1664e-17 221125.20 3 
222460.44 3.5842e-17 222899.80 3 
224232.55 3.6141e-17 224675.41 3 
226005.64 4.4106e-17 226452.00 3 
227779.82 4.2185e-17 228229.69 3 
229555.02 4.0493e-17 230008.39 3 
231331.21 3.9002e-17 231788.09 3 
233108.50 3.6858e-17 233568.89 3 
234886.80 4.2082e-17 235350.70 3 
236666.18 4.8493e-17 237133.59 3 
238446.66 4.1692e-17 238917.59 3 
240228.14 4.5643e-17 240702.59 3 
242010.62 4.7539e-17 242488.59 3 
243794.21 4.5261e-17 244275.70 3 
245578.78 3.8486e-17 246063.80 3 
247364.56 4.0987e-17 247853.11 3 
249151.24 3.9875e-17 249643.31 3 
250938.99 4.6862e-17 251434.59 3 
252727.86 4.6900e-17 253227.00 3 
254517.83 4.6342e-17 255020.50 3 
256308.79 4.7574e-17 256815.00 3 
258100.84 4.9933e-17 258610.59 3 
259894.01 5.5099e-17 260407.30 3 
261688.26 4.2920e-17 262205.09 3 
263483.53 4.5959e-17 264003.91 3 
265279.85 4.4634e-17 265803.78 3 
267077.33 4.6294e-17 267604.81 3 
268875.75 4.7262e-17 269406.78 3 
270675.42 4.6698e-17 271210.00 3 
272476.05 4.6303e-17 273014.19 3 
274277.80 4.4131e-17 274819.50 3 
276080.65 4.5901e-17 276625.91 3 
277884.58 4.8826e-17 278433.41 3 
279689.61 5.1991e-17 280242.00 3 
281495.73 4.8571e-17 282051.69 3 
283302.98 4.4804e-17 283862.50 3 
285111.31 4.5926e-17 285674.41 3 
286920.74 4.9824e-17 287487.41 3 
288731.26 4.8185e-17 289301.50 3 
290542.87 5.2833e-17 291116.69 3 
292355.60 5.0744e-17 292933.00 3 
294169.42 4.9644e-17 294750.41 3 
295984.34 4.9596e-17 296568.91 3 
297800.44 5.0684e-17 298388.59 3 
299617.66 5.3668e-17 300209.41 3 
301435.85 5.1479e-17 302031.19 3 
303255.26 5.2398e-17 303854.19 3 
305075.76 5.3044e-17 305678.28 3 
306897.47 5.5201e-17 307503.59 3 
308720.18 5.5152e-17 309329.91 3 
310544.08 5.8617e-17 311157.41 3 
312369.16 5.5558e-17 312986.09 3 
314195.28 5.5086e-17 314815.81 3 
316022.57 5.2610e-17 316646.72 3 
317851.03 5.7187e-17 318478.78 3 
319680.51 5.6188e-17 320311.88 3 
321511.20 5.7943e-17 322146.19 3 
323343.12 5.8934e-17 323981.72 3 
325176.06 5.7583e-17 325818.28 3 
327010.12 5.9297e-17 327655.97 3 
328845.44 5.9260e-17 329494.91 3 
330681.90 6.4391e-17 331335.00 3 
332519.46 7.5610e-17 333176.19 3 
334358.14 1.0629e-16 335018.50 3 
336198.01 9.6614e-17 336862.00 3 
338039.09 7.4097e-17 338706.72 3 
339881.33 6.2150e-17 340552.59 3 
341724.69 5.9057e-17 342399.59 3 
343569.17 6.1277e-17 344247.72 3 
345414.90 7.2498e-17 346097.09 3 
347261.78 1.0377e-16 347947.62 3 
349109.82 1.1863e-16 349799.31 3 
