# An Atlas of Galaxy Spectral Energy Distributions from the Ultraviolet to the Mid-Infrared
# Brown et al. (2014)
# http://dx.doi.org/10.5072/03/529D3551F0117
# 
# Column 1 : Restframe Wavelength (Angstrom)
# Column 2 : Flux per unit wavelength (ergs/s/cm^2/Angstrom)
# Column 3 : Observed wavelength (Angstrom)
# Column 4 : Source (0 = model, 1 = Optical Spectrum, 2 = Akari, 3 = Spitzer IRS)
# 
   100.09 4.5137e-22    100.69 0 
   101.95 6.6456e-22    102.57 0 
   104.09 8.9029e-22    104.71 0 
   106.02 1.2121e-21    106.66 0 
   107.99 1.6770e-21    108.64 0 
   110.00 2.5854e-21    110.66 0 
   114.13 4.3404e-21    114.82 0 
   117.87 6.8004e-21    118.58 0 
   120.89 2.7831e-20    121.62 0 
   125.14 3.9860e-20    125.89 0 
   126.88 4.6082e-20    127.64 0 
   128.05 5.0412e-20    128.82 0 
   131.04 6.1452e-20    131.83 0 
   131.94 7.5082e-20    132.74 0 
   134.09 8.4827e-20    134.90 0 
   136.90 1.1736e-19    137.72 0 
   140.08 1.3949e-19    140.93 0 
   143.02 4.3305e-19    143.88 0 
   147.02 1.2547e-18    147.91 0 
   151.14 1.4775e-18    152.05 0 
   155.02 1.7560e-18    155.96 0 
   159.00 2.0823e-18    159.96 0 
   161.95 2.3471e-18    162.93 0 
   166.11 2.7831e-18    167.11 0 
   169.98 3.2102e-18    171.00 0 
   173.14 3.5854e-18    174.18 0 
   177.17 4.0976e-18    178.24 0 
   180.05 4.5137e-18    181.13 0 
   182.13 4.8254e-18    183.23 0 
   185.95 5.4517e-18    187.07 0 
   191.16 6.3319e-18    192.31 0 
   193.82 6.9588e-18    194.98 0 
   197.87 7.7363e-18    199.07 0 
   202.02 8.6404e-18    203.24 0 
   204.83 9.3656e-18    206.06 0 
   210.08 1.0128e-17    211.35 0 
   215.97 1.2233e-17    217.27 0 
   219.98 1.3475e-17    221.31 0 
   223.04 1.4241e-17    224.39 0 
   227.19 1.5651e-17    228.56 0 
   229.82 2.4862e-17    231.21 0 
   234.09 4.4008e-17    235.50 0 
   240.10 5.7350e-17    241.55 0 
   246.26 5.7615e-17    247.74 0 
   251.99 6.4645e-17    253.51 0 
   257.27 5.7350e-17    258.82 0 
   260.25 6.7536e-17    261.82 0 
   263.87 7.3035e-17    265.46 0 
   268.77 7.5951e-17    270.40 0 
   273.77 7.8620e-17    275.42 0 
   278.86 8.1571e-17    280.54 0 
   284.05 8.4437e-17    285.76 0 
   289.99 8.3663e-17    291.74 0 
   296.07 8.8417e-17    297.85 0 
   300.88 9.0476e-17    302.69 0 
   307.89 9.5177e-17    309.74 0 
   317.97 1.0222e-16    319.89 0 
   327.63 1.0704e-16    329.61 0 
   338.37 1.1105e-16    340.41 0 
   347.85 1.1443e-16    349.95 0 
   356.77 1.1763e-16    358.92 0 
   365.92 1.2149e-16    368.13 0 
   375.31 1.2403e-16    377.57 0 
   384.94 1.2289e-16    387.26 0 
   394.81 1.2898e-16    397.19 0 
   404.94 1.3229e-16    407.38 0 
   414.37 1.3352e-16    416.87 0 
   422.07 1.3382e-16    424.62 0 
   429.92 1.3475e-16    432.51 0 
   440.95 1.3694e-16    443.61 0 
   451.22 1.3694e-16    453.94 0 
   459.61 1.3726e-16    462.38 0 
   470.31 1.3757e-16    473.15 0 
   480.16 1.3885e-16    483.06 0 
   490.22 1.3726e-16    493.17 0 
   500.48 1.3917e-16    503.50 0 
   506.28 1.3821e-16    509.33 0 
   512.14 1.4673e-16    515.23 0 
   520.46 1.4741e-16    523.60 0 
   530.14 1.4640e-16    533.33 0 
   539.99 1.4339e-16    543.25 0 
   550.03 1.4707e-16    553.35 0 
   560.26 1.5189e-16    563.64 0 
   569.36 1.5615e-16    572.80 0 
   579.95 1.5330e-16    583.45 0 
   589.37 1.5942e-16    592.93 0 
   600.33 1.5796e-16    603.95 0 
   610.08 1.5050e-16    613.76 0 
   620.00 1.7043e-16    623.73 0 
   630.07 1.7280e-16    633.87 0 
   640.31 1.7359e-16    644.17 0 
   650.71 1.7969e-16    654.64 0 
   658.25 1.8303e-16    662.22 0 
   664.34 1.8773e-16    668.34 0 
   675.13 1.8773e-16    679.20 0 
   684.52 1.8346e-16    688.65 0 
   695.65 2.0775e-16    699.84 0 
   705.32 2.0023e-16    709.58 0 
   716.78 2.2107e-16    721.11 0 
   726.76 2.2518e-16    731.14 0 
   735.17 2.2990e-16    739.61 0 
   745.40 2.4634e-16    749.89 0 
   755.77 2.5617e-16    760.33 0 
   764.52 2.5736e-16    769.13 0 
   775.16 2.8024e-16    779.83 0 
   784.13 2.9277e-16    788.86 0 
   795.04 3.0306e-16    799.83 0 
   804.25 3.1299e-16    809.10 0 
   815.43 3.2102e-16    820.35 0 
   824.88 3.4477e-16    829.85 0 
   834.43 2.9009e-16    839.46 0 
   844.09 3.5689e-16    849.18 0 
   855.83 3.6520e-16    860.99 0 
   865.74 3.8773e-16    870.96 0 
   875.77 4.1260e-16    881.05 0 
   885.91 4.4518e-16    891.25 0 
   894.11 4.6616e-16    899.50 0 
   904.46 4.6295e-16    909.91 0 
   914.93 7.2033e-16    920.45 0 
   925.53 4.9720e-15    931.11 0 
   934.09 1.0953e-14    939.72 0 
   944.91 2.1161e-14    950.60 0 
   955.85 3.0799e-14    961.61 0 
   964.69 3.3154e-14    970.51 0 
   975.86 4.8254e-15    981.75 0 
   984.89 2.5382e-14    990.83 0 
   994.01 2.8876e-14   1000.00 0 
  1005.52 4.5765e-14   1011.58 0 
  1014.82 4.5345e-14   1020.94 0 
  1024.21 1.9885e-14   1030.39 0 
  1036.07 2.9959e-14   1042.32 0 
  1045.66 6.2307e-14   1051.96 0 
  1055.33 6.1169e-14   1061.70 0 
  1065.10 4.5976e-14   1071.52 0 
  1074.95 5.6694e-14   1081.43 0 
  1084.90 4.2809e-14   1091.44 0 
  1094.94 6.0748e-14   1101.54 0 
  1105.07 5.8416e-14   1111.73 0 
  1115.29 5.5403e-14   1122.02 0 
  1125.61 4.9038e-14   1132.40 0 
  1136.03 6.5998e-14   1142.88 0 
  1143.90 5.9365e-14   1150.80 0 
  1154.49 6.4496e-14   1161.45 0 
  1165.17 6.6609e-14   1172.20 0 
  1175.95 4.3705e-14   1183.04 0 
  1184.10 6.4794e-14   1191.24 0 
  1195.06 4.1356e-14   1202.26 0 
  1206.12 2.7895e-14   1213.39 0 
  1214.47 2.0919e-14   1221.80 0 
  1225.71 4.3907e-14   1233.11 0 
  1234.21 7.0232e-14   1241.65 0 
  1245.63 7.7720e-14   1253.14 0 
  1254.26 7.3204e-14   1261.83 0 
  1265.87 6.1452e-14   1273.50 0 
  1274.64 8.3471e-14   1282.33 0 
  1286.44 8.8620e-14   1294.20 0 
  1295.35 6.6151e-14   1303.17 0 
  1304.33 6.5093e-14   1312.20 0 
  1316.40 8.6007e-14   1324.34 0 
  1325.53 8.1947e-14   1333.52 0 
  1334.72 7.0232e-14   1342.77 0 
  1343.97 8.8010e-14   1352.07 0 
  1356.40 8.5022e-14   1364.58 0 
  1365.80 7.4222e-14   1374.04 0 
  1375.27 7.9165e-14   1383.57 0 
  1384.81 8.0082e-14   1393.16 0 
  1394.40 6.9268e-14   1402.81 0 
  1404.07 7.2199e-14   1412.54 0 
  1413.80 7.3372e-14   1422.33 0 
  1423.60 7.6477e-14   1432.19 0 
  1433.47 7.5602e-14   1442.12 0 
  1443.41 8.0823e-14   1452.11 0 
  1446.73 8.2705e-14   1455.46 0 
  1453.41 7.9898e-14   1462.18 0 
  1463.49 7.2533e-14   1472.31 0 
  1473.63 7.2700e-14   1482.52 0 
  1483.85 7.4737e-14   1492.79 0 
  1494.13 7.6654e-14   1503.14 0 
  1504.49 7.1868e-14   1513.56 0 
  1511.43 6.2450e-14   1520.55 0 
  1518.41 6.8161e-14   1527.57 0 
  1525.42 6.5393e-14   1534.62 0 
  1535.99 5.5659e-14   1545.25 0 
  1546.64 6.3319e-14   1555.97 0 
  1553.78 5.9365e-14   1563.15 0 
  1564.55 6.0191e-14   1573.98 0 
  1575.39 6.4645e-14   1584.89 0 
  1586.31 6.8791e-14   1595.88 0 
  1593.63 7.0394e-14   1603.25 0 
  1604.68 6.9109e-14   1614.36 0 
  1615.80 6.9748e-14   1625.55 0 
  1623.26 6.5243e-14   1633.05 0 
  1634.51 7.0232e-14   1644.37 0 
  1645.84 7.1537e-14   1655.77 0 
  1653.44 6.5243e-14   1663.41 0 
  1664.90 7.2366e-14   1674.94 0 
  1672.59 6.2883e-14   1682.67 0 
  1676.44 7.2700e-14   1686.55 0 
  1684.18 7.6831e-14   1694.34 0 
  1695.86 7.1537e-14   1706.08 0 
  1703.68 6.8318e-14   1713.96 0 
  1715.49 6.4200e-14   1725.84 0 
  1723.41 6.3905e-14   1733.80 0 
  1735.36 6.8950e-14   1745.82 0 
  1743.37 6.7225e-14   1753.88 0 
  1755.45 7.2700e-14   1766.04 0 
  1763.55 6.5544e-14   1774.19 0 
  1775.78 6.7536e-14   1786.49 0 
  1783.97 6.8950e-14   1794.73 0 
  1796.34 7.4737e-14   1807.17 0 
  1804.63 7.4051e-14   1815.52 0 
  1812.96 6.7536e-14   1823.90 0 
  1825.53 6.9268e-14   1836.54 0 
  1833.95 6.6151e-14   1845.02 0 
  1846.67 6.0053e-14   1857.80 0 
  1855.19 6.0191e-14   1866.38 0 
  1863.75 6.2450e-14   1874.99 0 
  1876.67 6.8791e-14   1887.99 0 
  1885.34 6.2738e-14   1896.71 0 
  1894.04 6.0191e-14   1905.46 0 
  1907.17 6.4052e-14   1918.67 0 
  1915.97 6.1310e-14   1927.53 0 
  1924.81 6.0330e-14   1936.42 0 
  1933.70 6.2020e-14   1945.36 0 
  1947.10 6.5243e-14   1958.84 0 
  1956.09 6.0888e-14   1967.89 0 
  1965.12 6.7691e-14   1976.97 0 
  1974.19 6.9588e-14   1986.10 0 
  1983.30 6.5393e-14   1995.26 0 
  1997.05 6.3465e-14   2009.09 0 
  2006.27 6.5544e-14   2018.37 0 
  2015.53 6.2738e-14   2027.68 0 
  2024.83 6.6151e-14   2037.04 0 
  2034.18 6.2450e-14   2046.45 0 
  2043.57 6.5393e-14   2055.89 0 
  2053.00 6.2307e-14   2065.38 0 
  2067.23 6.2450e-14   2079.70 0 
  2071.99 6.7380e-14   2084.49 0 
  2076.77 6.4348e-14   2089.30 0 
  2086.36 6.7225e-14   2098.94 0 
  2095.99 6.3319e-14   2108.63 0 
  2105.66 6.3465e-14   2118.36 0 
  2115.38 6.4200e-14   2128.14 0 
  2125.14 6.5243e-14   2137.96 0 
  2134.95 5.9915e-14   2147.83 0 
  2144.81 6.2020e-14   2157.74 0 
  2154.71 6.4645e-14   2167.70 0 
  2164.65 6.2307e-14   2177.71 0 
  2174.65 6.1735e-14   2187.76 0 
  2184.68 6.0888e-14   2197.86 0 
  2194.77 6.3905e-14   2208.01 0 
  2204.90 6.2020e-14   2218.20 0 
  2215.08 5.8282e-14   2228.44 0 
  2225.30 5.6433e-14   2238.72 0 
  2235.57 6.1169e-14   2249.05 0 
  2245.89 5.8148e-14   2259.44 0 
  2256.26 5.5022e-14   2269.86 0 
  2266.67 5.6433e-14   2280.34 0 
  2277.13 5.8282e-14   2290.87 0 
  2282.38 6.0330e-14   2296.15 0 
  2292.92 5.6544e-14   2306.75 0 
  2303.50 5.6776e-14   2317.39 0 
  2314.14 5.3572e-14   2328.09 0 
  2324.82 4.0710e-14   2338.84 0 
  2335.55 4.8806e-14   2349.63 0 
  2346.33 4.6800e-14   2360.48 0 
  2357.16 5.1762e-14   2371.37 0 
  2362.59 4.6440e-14   2376.84 0 
  2373.50 4.8268e-14   2387.81 0 
  2384.45 4.4098e-14   2398.83 0 
  2395.46 4.7554e-14   2409.91 0 
  2406.52 4.5389e-14   2421.03 0 
  2417.62 4.6850e-14   2432.20 0 
  2423.20 5.0651e-14   2437.81 0 
  2434.38 4.8456e-14   2449.06 0 
  2445.62 5.1773e-14   2460.37 0 
  2456.91 5.1034e-14   2471.72 0 
  2462.57 5.0319e-14   2477.42 0 
  2473.94 4.8138e-14   2488.86 0 
  2485.36 4.9005e-14   2500.35 0 
  2496.83 4.6238e-14   2511.89 0 
  2502.58 5.2344e-14   2517.68 0 
  2514.14 4.5250e-14   2529.30 0 
  2519.93 4.6397e-14   2535.13 0 
  2525.74 4.4194e-14   2540.97 0 
  2537.40 4.5406e-14   2552.70 0 
  2543.25 4.4564e-14   2558.59 0 
  2554.99 4.9061e-14   2570.40 0 
  2566.78 4.7041e-14   2582.26 0 
  2572.70 5.0390e-14   2588.21 0 
  2584.57 4.9441e-14   2600.16 0 
  2596.50 4.8398e-14   2612.16 0 
  2602.49 4.6313e-14   2618.18 0 
  2614.50 4.5440e-14   2630.27 0 
  2626.57 4.8325e-14   2642.41 0 
  2632.62 5.1291e-14   2648.50 0 
  2644.77 5.6987e-14   2660.72 0 
  2656.98 5.9774e-14   2673.01 0 
  2663.11 5.1806e-14   2679.17 0 
  2675.40 5.4841e-14   2691.54 0 
  2687.75 5.5187e-14   2703.96 0 
  2693.94 5.1488e-14   2710.19 0 
  2706.38 5.4005e-14   2722.70 0 
  2712.62 4.9922e-14   2728.98 0 
  2725.14 4.9093e-14   2741.57 0 
  2737.72 5.2329e-14   2754.23 0 
  2744.03 4.3512e-14   2760.58 0 
  2756.69 4.5220e-14   2773.32 0 
  2763.05 4.7774e-14   2779.71 0 
  2775.80 5.0224e-14   2792.54 0 
  2782.20 4.6001e-14   2798.98 0 
  2795.04 3.5767e-14   2811.90 0 
  2807.95 3.8744e-14   2824.88 0 
  2814.42 4.9098e-14   2831.39 0 
  2827.41 5.3429e-14   2844.46 0 
  2833.93 5.1361e-14   2851.02 0 
  2847.01 4.9016e-14   2864.18 0 
  2853.57 4.5624e-14   2870.78 0 
  2866.74 5.3322e-14   2884.03 0 
  2873.35 5.4671e-14   2890.68 0 
  2886.61 5.3637e-14   2904.02 0 
  2893.27 5.4240e-14   2910.72 0 
  2913.32 6.0936e-14   2930.89 0 
  2926.77 5.7621e-14   2944.42 0 
  2947.06 5.6122e-14   2964.83 0 
  2967.49 5.7767e-14   2985.38 0 
  2988.05 5.7839e-14   3006.08 0 
  3008.77 5.8717e-14   3026.91 0 
  3029.62 5.8925e-14   3047.89 0 
  3050.62 5.9133e-14   3069.02 0 
  3071.77 6.0029e-14   3090.30 0 
  3093.06 6.0379e-14   3111.72 0 
  3107.34 6.1315e-14   3126.08 0 
  3128.88 5.9853e-14   3147.75 0 
  3150.57 5.9923e-14   3169.57 0 
  3172.40 6.0829e-14   3191.54 0 
  3187.05 5.6595e-14   3206.27 0 
  3209.14 5.9468e-14   3228.49 0 
  3231.39 5.5180e-14   3250.87 0 
  3246.30 6.1440e-14   3265.88 0 
  3268.80 6.5154e-14   3288.52 0 
  3291.46 6.4185e-14   3311.31 0 
  3306.65 6.3546e-14   3326.60 0 
  3321.92 6.3204e-14   3341.95 0 
  3329.57 6.6309e-14   3349.66 0 
  3337.25 6.4476e-14   3357.38 0 
  3344.94 6.3274e-14   3365.12 0 
  3352.65 6.1101e-14   3372.87 0 
  3360.38 6.4695e-14   3380.65 0 
  3368.13 6.4076e-14   3388.44 0 
  3375.89 5.7348e-14   3396.25 0 
  3383.68 5.7723e-14   3404.08 0 
  3391.47 6.4889e-14   3411.93 0 
  3399.29 6.6679e-14   3419.79 0 
  3407.13 6.2924e-14   3427.68 0 
  3414.98 6.3480e-14   3435.58 0 
  3422.86 6.8148e-14   3443.50 0 
  3430.75 6.5355e-14   3451.44 0 
  3438.66 6.6542e-14   3459.39 0 
  3446.58 5.5708e-14   3467.37 0 
  3454.53 6.4675e-14   3475.36 0 
  3462.49 5.8419e-14   3483.37 0 
  3470.47 6.2427e-14   3491.40 0 
  3478.47 5.6519e-14   3499.45 0 
  3486.49 6.0675e-14   3507.52 0 
  3494.53 5.9269e-14   3515.60 0 
  3502.58 6.4512e-14   3523.71 0 
  3510.66 6.3308e-14   3531.83 0 
  3518.75 6.0992e-14   3539.97 0 
  3526.86 5.9441e-14   3548.13 0 
  3534.99 6.4551e-14   3556.31 0 
  3543.14 6.8504e-14   3564.51 0 
  3551.31 6.8003e-14   3572.73 0 
  3559.50 6.6121e-14   3580.96 0 
  3567.70 6.4440e-14   3589.22 0 
  3575.93 5.7938e-14   3597.49 0 
  3584.17 5.3676e-14   3605.79 0 
  3592.43 5.6181e-14   3614.10 0 
  3600.71 6.6896e-14   3622.43 0 
  3609.01 6.0563e-14   3630.78 0 
  3616.32 5.0137e-14   3638.13 1 
  3619.05 4.2718e-14   3640.88 1 
  3621.79 4.8939e-14   3643.63 1 
  3624.52 5.6779e-14   3646.38 1 
  3627.25 6.8022e-14   3649.13 1 
  3629.99 7.0350e-14   3651.88 1 
  3632.72 7.0614e-14   3654.63 1 
  3635.45 6.7412e-14   3657.38 1 
  3638.19 6.1592e-14   3660.13 1 
  3640.92 5.4885e-14   3662.88 1 
  3643.65 6.1566e-14   3665.63 1 
  3646.39 6.8263e-14   3668.38 1 
  3649.12 6.7895e-14   3671.13 1 
  3651.86 5.9141e-14   3673.88 1 
  3654.59 6.5956e-14   3676.63 1 
  3657.32 6.7712e-14   3679.38 1 
  3660.06 6.8836e-14   3682.13 1 
  3662.79 7.1235e-14   3684.88 1 
  3665.52 7.1063e-14   3687.63 1 
  3668.26 7.6057e-14   3690.38 1 
  3670.99 7.2171e-14   3693.13 1 
  3673.72 5.3016e-14   3695.88 1 
  3676.46 5.4635e-14   3698.63 1 
  3679.19 6.8207e-14   3701.38 1 
  3681.92 6.8789e-14   3704.13 1 
  3684.66 6.6841e-14   3706.88 1 
  3687.39 6.9780e-14   3709.63 1 
  3690.12 5.8132e-14   3712.38 1 
  3692.86 6.5885e-14   3715.13 1 
  3695.59 7.4859e-14   3717.88 1 
  3698.33 7.1787e-14   3720.63 1 
  3701.06 6.4619e-14   3723.38 1 
  3703.79 7.2379e-14   3726.13 1 
  3706.53 8.3166e-14   3728.88 1 
  3709.26 6.6980e-14   3731.63 1 
  3711.99 7.3484e-14   3734.38 1 
  3714.73 7.5285e-14   3737.13 1 
  3717.46 7.5282e-14   3739.88 1 
  3720.19 7.5903e-14   3742.63 1 
  3722.93 8.7070e-14   3745.38 1 
  3725.66 9.7102e-14   3748.13 1 
  3728.39 1.1882e-13   3750.88 1 
  3731.13 1.5457e-13   3753.63 1 
  3733.86 1.7423e-13   3756.38 1 
  3736.59 1.4774e-13   3759.13 1 
  3739.33 9.9356e-14   3761.88 1 
  3742.06 6.6890e-14   3764.63 1 
  3744.80 6.6531e-14   3767.38 1 
  3747.53 7.2154e-14   3770.13 1 
  3750.26 6.6893e-14   3772.88 1 
  3753.00 7.3522e-14   3775.63 1 
  3755.73 6.7176e-14   3778.38 1 
  3758.46 6.5565e-14   3781.13 1 
  3761.20 7.1030e-14   3783.88 1 
  3763.93 8.0925e-14   3786.63 1 
  3766.66 8.5803e-14   3789.38 1 
  3769.40 8.2599e-14   3792.13 1 
  3772.13 8.2011e-14   3794.88 1 
  3774.86 7.9101e-14   3797.63 1 
  3777.60 7.4500e-14   3800.38 1 
  3780.33 7.7758e-14   3803.13 1 
  3783.06 9.0944e-14   3805.88 1 
  3785.80 9.0787e-14   3808.63 1 
  3788.53 1.0017e-13   3811.38 1 
  3791.26 9.7598e-14   3814.13 1 
  3794.00 8.6807e-14   3816.88 1 
  3796.73 8.6130e-14   3819.63 1 
  3799.47 7.5761e-14   3822.38 1 
  3802.20 7.0873e-14   3825.13 1 
  3804.93 7.8196e-14   3827.88 1 
  3807.67 8.4094e-14   3830.63 1 
  3810.40 9.2850e-14   3833.38 1 
  3813.13 9.3830e-14   3836.13 1 
  3815.87 9.4007e-14   3838.88 1 
  3818.60 8.9493e-14   3841.63 1 
  3821.33 9.4257e-14   3844.38 1 
  3824.07 8.7291e-14   3847.13 1 
  3826.80 8.4043e-14   3849.88 1 
  3829.53 7.7155e-14   3852.63 1 
  3832.27 6.9675e-14   3855.38 1 
  3835.00 6.3441e-14   3858.13 1 
  3837.73 6.2149e-14   3860.88 1 
  3840.47 6.4500e-14   3863.63 1 
  3843.20 6.4507e-14   3866.38 1 
  3845.94 7.5730e-14   3869.13 1 
  3848.67 8.7653e-14   3871.88 1 
  3851.40 9.1343e-14   3874.63 1 
  3854.14 9.5498e-14   3877.38 1 
  3856.87 9.7955e-14   3880.13 1 
  3859.60 1.0004e-13   3882.88 1 
  3862.34 9.2997e-14   3885.63 1 
  3865.07 9.9994e-14   3888.38 1 
  3867.80 1.0329e-13   3891.13 1 
  3870.54 1.0650e-13   3893.88 1 
  3873.27 1.0621e-13   3896.63 1 
  3876.00 9.5161e-14   3899.38 1 
  3878.74 9.5944e-14   3902.13 1 
  3881.47 9.3059e-14   3904.88 1 
  3884.20 8.9332e-14   3907.63 1 
  3886.94 8.2660e-14   3910.38 1 
  3889.67 8.6209e-14   3913.13 1 
  3892.40 8.2279e-14   3915.88 1 
  3895.14 8.1675e-14   3918.63 1 
  3897.87 8.3339e-14   3921.38 1 
  3900.61 8.7539e-14   3924.13 1 
  3903.34 8.9364e-14   3926.88 1 
  3906.07 9.9491e-14   3929.63 1 
  3908.81 9.6020e-14   3932.38 1 
  3911.54 9.9700e-14   3935.13 1 
  3914.27 1.0684e-13   3937.88 1 
  3917.01 1.0620e-13   3940.63 1 
  3919.74 1.1350e-13   3943.38 1 
  3922.47 1.0786e-13   3946.13 1 
  3925.21 1.0265e-13   3948.88 1 
  3927.94 9.3897e-14   3951.63 1 
  3930.67 8.9951e-14   3954.38 1 
  3933.41 7.7897e-14   3957.13 1 
  3936.14 6.8973e-14   3959.88 1 
  3938.87 6.5326e-14   3962.63 1 
  3941.61 7.1155e-14   3965.38 1 
  3944.34 8.4379e-14   3968.13 1 
  3947.08 8.4825e-14   3970.88 1 
  3949.81 9.4869e-14   3973.63 1 
  3952.54 1.0169e-13   3976.38 1 
  3955.28 1.0159e-13   3979.13 1 
  3958.01 1.0496e-13   3981.88 1 
  3960.74 1.0152e-13   3984.63 1 
  3963.48 9.0439e-14   3987.38 1 
  3966.21 7.9141e-14   3990.13 1 
  3968.94 7.4159e-14   3992.88 1 
  3971.68 6.5677e-14   3995.63 1 
  3974.41 6.2883e-14   3998.38 1 
  3977.14 6.3853e-14   4001.13 1 
  3979.88 7.5465e-14   4003.88 1 
  3982.61 9.2042e-14   4006.63 1 
  3985.34 9.9799e-14   4009.38 1 
  3988.08 1.0156e-13   4012.13 1 
  3990.81 1.0504e-13   4014.88 1 
  3993.54 1.0585e-13   4017.63 1 
  3996.28 1.1534e-13   4020.38 1 
  3999.01 1.1227e-13   4023.13 1 
  4001.75 1.1284e-13   4025.88 1 
  4004.48 1.1339e-13   4028.63 1 
  4007.21 1.1303e-13   4031.38 1 
  4009.95 1.1038e-13   4034.13 1 
  4012.68 1.1363e-13   4036.88 1 
  4015.41 1.1754e-13   4039.63 1 
  4018.15 1.1941e-13   4042.38 1 
  4020.88 1.2121e-13   4045.13 1 
  4023.61 1.2110e-13   4047.88 1 
  4026.35 1.2372e-13   4050.63 1 
  4029.08 1.2195e-13   4053.38 1 
  4031.81 1.1750e-13   4056.13 1 
  4034.55 1.1558e-13   4058.88 1 
  4037.28 1.2175e-13   4061.63 1 
  4040.01 1.2454e-13   4064.38 1 
  4042.75 1.3049e-13   4067.13 1 
  4045.48 1.2817e-13   4069.88 1 
  4048.22 1.2097e-13   4072.63 1 
  4050.95 1.2364e-13   4075.38 1 
  4053.68 1.2185e-13   4078.13 1 
  4056.42 1.1977e-13   4080.88 1 
  4059.15 1.2091e-13   4083.63 1 
  4061.88 1.1502e-13   4086.38 1 
  4064.62 1.1326e-13   4089.13 1 
  4067.35 1.1712e-13   4091.88 1 
  4070.08 1.1363e-13   4094.63 1 
  4072.82 1.1887e-13   4097.38 1 
  4075.55 1.1613e-13   4100.13 1 
  4078.28 1.0655e-13   4102.88 1 
  4081.02 1.1340e-13   4105.63 1 
  4083.75 1.1412e-13   4108.38 1 
  4086.48 1.1952e-13   4111.13 1 
  4089.22 1.2121e-13   4113.88 1 
  4091.95 1.1796e-13   4116.63 1 
  4094.68 1.1499e-13   4119.38 1 
  4097.42 1.0996e-13   4122.13 1 
  4100.15 9.7214e-14   4124.88 1 
  4102.89 9.7266e-14   4127.63 1 
  4105.62 1.0023e-13   4130.38 1 
  4108.35 1.0135e-13   4133.13 1 
  4111.09 9.7353e-14   4135.88 1 
  4113.82 1.0515e-13   4138.63 1 
  4116.55 1.1144e-13   4141.38 1 
  4119.29 1.1171e-13   4144.13 1 
  4122.02 1.1392e-13   4146.88 1 
  4124.75 1.1556e-13   4149.63 1 
  4127.49 1.1587e-13   4152.38 1 
  4130.22 1.1655e-13   4155.13 1 
  4132.95 1.1816e-13   4157.88 1 
  4135.69 1.1486e-13   4160.63 1 
  4138.42 1.1607e-13   4163.38 1 
  4141.15 1.2245e-13   4166.13 1 
  4143.89 1.2043e-13   4168.88 1 
  4146.62 1.1975e-13   4171.63 1 
  4149.36 1.1415e-13   4174.38 1 
  4152.09 1.1345e-13   4177.13 1 
  4154.82 1.1369e-13   4179.88 1 
  4157.56 1.1854e-13   4182.63 1 
  4160.29 1.1902e-13   4185.38 1 
  4163.02 1.1879e-13   4188.13 1 
  4165.76 1.2088e-13   4190.88 1 
  4168.49 1.2025e-13   4193.63 1 
  4171.22 1.1887e-13   4196.38 1 
  4173.96 1.1597e-13   4199.13 1 
  4176.69 1.1568e-13   4201.88 1 
  4179.42 1.1755e-13   4204.63 1 
  4182.16 1.1573e-13   4207.38 1 
  4184.89 1.1378e-13   4210.13 1 
  4187.62 1.1770e-13   4212.88 1 
  4190.36 1.1831e-13   4215.63 1 
  4193.09 1.1566e-13   4218.38 1 
  4195.82 1.2004e-13   4221.13 1 
  4198.56 1.1400e-13   4223.88 1 
  4201.29 1.1607e-13   4226.63 1 
  4204.03 1.1291e-13   4229.38 1 
  4206.76 1.1616e-13   4232.13 1 
  4209.49 1.1950e-13   4234.88 1 
  4212.23 1.2063e-13   4237.63 1 
  4214.96 1.1935e-13   4240.38 1 
  4217.69 1.2498e-13   4243.13 1 
  4220.43 1.2385e-13   4245.88 1 
  4223.16 1.2158e-13   4248.63 1 
  4225.89 1.1537e-13   4251.38 1 
  4228.63 1.1477e-13   4254.13 1 
  4231.36 1.1152e-13   4256.88 1 
  4234.09 1.1713e-13   4259.63 1 
  4236.83 1.1303e-13   4262.38 1 
  4239.56 1.1930e-13   4265.13 1 
  4242.29 1.2022e-13   4267.88 1 
  4245.03 1.2261e-13   4270.63 1 
  4247.76 1.1695e-13   4273.38 1 
  4250.50 1.2622e-13   4276.13 1 
  4253.23 1.2408e-13   4278.88 1 
  4255.96 1.2191e-13   4281.63 1 
  4258.70 1.1919e-13   4284.38 1 
  4261.43 1.1731e-13   4287.13 1 
  4264.16 1.2172e-13   4289.88 1 
  4266.90 1.1779e-13   4292.63 1 
  4269.63 1.2034e-13   4295.38 1 
  4272.36 1.2066e-13   4298.13 1 
  4275.10 1.1844e-13   4300.88 1 
  4277.83 1.1644e-13   4303.63 1 
  4280.56 1.1850e-13   4306.38 1 
  4283.30 1.1790e-13   4309.13 1 
  4286.03 1.1396e-13   4311.88 1 
  4288.76 1.2041e-13   4314.63 1 
  4291.50 1.2025e-13   4317.38 1 
  4294.23 1.1311e-13   4320.13 1 
  4296.96 1.1067e-13   4322.88 1 
  4299.70 1.0485e-13   4325.63 1 
  4302.43 1.0286e-13   4328.38 1 
  4305.17 9.7922e-14   4331.13 1 
  4307.90 9.7737e-14   4333.88 1 
  4310.63 1.0280e-13   4336.63 1 
  4313.37 1.0321e-13   4339.38 1 
  4316.10 1.0123e-13   4342.13 1 
  4318.83 1.1204e-13   4344.88 1 
  4321.57 1.2124e-13   4347.63 1 
  4324.30 1.2280e-13   4350.38 1 
  4327.03 1.1586e-13   4353.13 1 
  4329.77 1.1026e-13   4355.88 1 
  4332.50 1.1405e-13   4358.63 1 
  4335.23 1.1512e-13   4361.38 1 
  4337.97 1.1233e-13   4364.13 1 
  4340.70 1.1095e-13   4366.88 1 
  4343.43 1.1294e-13   4369.63 1 
  4346.17 1.1948e-13   4372.38 1 
  4348.90 1.2019e-13   4375.13 1 
  4351.64 1.1575e-13   4377.88 1 
  4354.37 1.1642e-13   4380.63 1 
  4357.10 1.2058e-13   4383.38 1 
  4359.84 1.1723e-13   4386.13 1 
  4362.57 1.2250e-13   4388.88 1 
  4365.30 1.2590e-13   4391.63 1 
  4368.04 1.2853e-13   4394.38 1 
  4370.77 1.2730e-13   4397.13 1 
  4373.50 1.3086e-13   4399.88 1 
  4376.24 1.2694e-13   4402.63 1 
  4378.97 1.2122e-13   4405.38 1 
  4381.70 1.1762e-13   4408.13 1 
  4384.44 1.1976e-13   4410.88 1 
  4387.17 1.1476e-13   4413.63 1 
  4389.90 1.2086e-13   4416.38 1 
  4392.64 1.1944e-13   4419.13 1 
  4395.37 1.2034e-13   4421.88 1 
  4398.10 1.2152e-13   4424.63 1 
  4400.84 1.2530e-13   4427.38 1 
  4403.57 1.2166e-13   4430.13 1 
  4406.31 1.2305e-13   4432.88 1 
  4409.04 1.2338e-13   4435.63 1 
  4411.77 1.2314e-13   4438.38 1 
  4414.51 1.2124e-13   4441.13 1 
  4417.24 1.2401e-13   4443.88 1 
  4419.97 1.2212e-13   4446.63 1 
  4422.71 1.2566e-13   4449.38 1 
  4425.44 1.2547e-13   4452.13 1 
  4428.17 1.2696e-13   4454.88 1 
  4430.91 1.2849e-13   4457.63 1 
  4433.64 1.2387e-13   4460.38 1 
  4436.37 1.2569e-13   4463.13 1 
  4439.11 1.2677e-13   4465.88 1 
  4441.84 1.2390e-13   4468.63 1 
  4444.57 1.2708e-13   4471.38 1 
  4447.31 1.2880e-13   4474.13 1 
  4450.04 1.2970e-13   4476.88 1 
  4452.78 1.3063e-13   4479.63 1 
  4455.51 1.2823e-13   4482.38 1 
  4458.24 1.2585e-13   4485.13 1 
  4460.98 1.2284e-13   4487.88 1 
  4463.71 1.2657e-13   4490.63 1 
  4466.44 1.2365e-13   4493.38 1 
  4469.18 1.2674e-13   4496.13 1 
  4471.91 1.2941e-13   4498.88 1 
  4474.64 1.3047e-13   4501.63 1 
  4477.38 1.3438e-13   4504.38 1 
  4480.11 1.3600e-13   4507.13 1 
  4482.84 1.3044e-13   4509.88 1 
  4485.58 1.2812e-13   4512.63 1 
  4488.31 1.2785e-13   4515.38 1 
  4491.04 1.3440e-13   4518.13 1 
  4493.78 1.3272e-13   4520.88 1 
  4496.51 1.3282e-13   4523.63 1 
  4499.24 1.3075e-13   4526.38 1 
  4501.98 1.3709e-13   4529.13 1 
  4504.71 1.3639e-13   4531.88 1 
  4507.45 1.4084e-13   4534.63 1 
  4510.18 1.4057e-13   4537.38 1 
  4512.91 1.3974e-13   4540.13 1 
  4515.65 1.4336e-13   4542.88 1 
  4518.38 1.4295e-13   4545.63 1 
  4521.11 1.3844e-13   4548.38 1 
  4523.85 1.3810e-13   4551.13 1 
  4526.58 1.3412e-13   4553.88 1 
  4529.31 1.2935e-13   4556.63 1 
  4532.05 1.2883e-13   4559.38 1 
  4534.78 1.3173e-13   4562.13 1 
  4537.51 1.3015e-13   4564.88 1 
  4540.25 1.3195e-13   4567.63 1 
  4542.98 1.3136e-13   4570.38 1 
  4545.71 1.3410e-13   4573.13 1 
  4548.45 1.3426e-13   4575.88 1 
  4551.18 1.3174e-13   4578.63 1 
  4553.92 1.2987e-13   4581.38 1 
  4556.65 1.2983e-13   4584.13 1 
  4559.38 1.3006e-13   4586.88 1 
  4562.12 1.3481e-13   4589.63 1 
  4564.85 1.3654e-13   4592.38 1 
  4567.58 1.3807e-13   4595.13 1 
  4570.32 1.4045e-13   4597.88 1 
  4573.05 1.3879e-13   4600.63 1 
  4575.78 1.3736e-13   4603.38 1 
  4578.52 1.3965e-13   4606.13 1 
  4581.25 1.3821e-13   4608.88 1 
  4583.98 1.3626e-13   4611.63 1 
  4586.72 1.3301e-13   4614.38 1 
  4589.45 1.3325e-13   4617.13 1 
  4592.18 1.3551e-13   4619.88 1 
  4594.92 1.3564e-13   4622.63 1 
  4597.65 1.3412e-13   4625.38 1 
  4600.38 1.3391e-13   4628.13 1 
  4603.12 1.3213e-13   4630.88 1 
  4605.85 1.3721e-13   4633.63 1 
  4608.59 1.3468e-13   4636.38 1 
  4611.32 1.3492e-13   4639.13 1 
  4614.05 1.4022e-13   4641.88 1 
  4616.79 1.4088e-13   4644.63 1 
  4619.52 1.3814e-13   4647.38 1 
  4622.25 1.3758e-13   4650.13 1 
  4624.99 1.4059e-13   4652.88 1 
  4627.72 1.4455e-13   4655.63 1 
  4630.45 1.4261e-13   4658.38 1 
  4633.19 1.3728e-13   4661.13 1 
  4635.92 1.3960e-13   4663.88 1 
  4638.65 1.4100e-13   4666.63 1 
  4641.39 1.3571e-13   4669.38 1 
  4644.12 1.3307e-13   4672.13 1 
  4646.85 1.3578e-13   4674.88 1 
  4649.59 1.3593e-13   4677.63 1 
  4652.32 1.3547e-13   4680.38 1 
  4655.06 1.3423e-13   4683.13 1 
  4657.79 1.3581e-13   4685.88 1 
  4660.52 1.3839e-13   4688.63 1 
  4663.26 1.4014e-13   4691.38 1 
  4665.99 1.4113e-13   4694.13 1 
  4668.72 1.3685e-13   4696.88 1 
  4671.46 1.3350e-13   4699.63 1 
  4674.19 1.3260e-13   4702.38 1 
  4676.92 1.3476e-13   4705.13 1 
  4679.66 1.3594e-13   4707.88 1 
  4682.39 1.3565e-13   4710.63 1 
  4685.12 1.3446e-13   4713.38 1 
  4687.86 1.3503e-13   4716.13 1 
  4690.59 1.3821e-13   4718.88 1 
  4693.32 1.3982e-13   4721.63 1 
  4696.06 1.3649e-13   4724.38 1 
  4698.79 1.3481e-13   4727.13 1 
  4701.52 1.3348e-13   4729.88 1 
  4704.26 1.3215e-13   4732.63 1 
  4706.99 1.3087e-13   4735.38 1 
  4709.73 1.3236e-13   4738.13 1 
  4712.46 1.3280e-13   4740.88 1 
  4715.19 1.3225e-13   4743.63 1 
  4717.93 1.3436e-13   4746.38 1 
  4720.66 1.3603e-13   4749.13 1 
  4723.39 1.4040e-13   4751.88 1 
  4726.13 1.3840e-13   4754.63 1 
  4728.86 1.3897e-13   4757.38 1 
  4731.59 1.3787e-13   4760.13 1 
  4734.33 1.3288e-13   4762.88 1 
  4737.06 1.3062e-13   4765.63 1 
  4739.79 1.3501e-13   4768.38 1 
  4742.53 1.4139e-13   4771.13 1 
  4745.26 1.4217e-13   4773.88 1 
  4747.99 1.4002e-13   4776.63 1 
  4750.73 1.4005e-13   4779.38 1 
  4753.46 1.3961e-13   4782.13 1 
  4756.20 1.4198e-13   4784.88 1 
  4758.93 1.4144e-13   4787.63 1 
  4761.66 1.3914e-13   4790.38 1 
  4764.40 1.3753e-13   4793.13 1 
  4767.13 1.3885e-13   4795.88 1 
  4769.86 1.3575e-13   4798.63 1 
  4772.60 1.3810e-13   4801.38 1 
  4775.33 1.4055e-13   4804.13 1 
  4778.06 1.4154e-13   4806.88 1 
  4780.80 1.4073e-13   4809.63 1 
  4783.53 1.4147e-13   4812.38 1 
  4786.26 1.3952e-13   4815.13 1 
  4789.00 1.3839e-13   4817.88 1 
  4791.73 1.3870e-13   4820.63 1 
  4794.46 1.4140e-13   4823.38 1 
  4797.20 1.4513e-13   4826.13 1 
  4799.93 1.4351e-13   4828.88 1 
  4802.67 1.4373e-13   4831.63 1 
  4805.40 1.4457e-13   4834.38 1 
  4808.13 1.4022e-13   4837.13 1 
  4810.87 1.3792e-13   4839.88 1 
  4813.60 1.3971e-13   4842.63 1 
  4816.33 1.4271e-13   4845.38 1 
  4819.07 1.4530e-13   4848.13 1 
  4821.80 1.4492e-13   4850.88 1 
  4824.53 1.4153e-13   4853.63 1 
  4827.27 1.4155e-13   4856.38 1 
  4830.00 1.3858e-13   4859.13 1 
  4832.73 1.3594e-13   4861.88 1 
  4835.47 1.3792e-13   4864.63 1 
  4838.20 1.3959e-13   4867.38 1 
  4840.93 1.3948e-13   4870.13 1 
  4843.67 1.3741e-13   4872.88 1 
  4846.40 1.3897e-13   4875.63 1 
  4849.13 1.3669e-13   4878.38 1 
  4851.87 1.3567e-13   4881.13 1 
  4854.60 1.3511e-13   4883.88 1 
  4857.34 1.3179e-13   4886.63 1 
  4860.07 1.3439e-13   4889.38 1 
  4862.80 1.4231e-13   4892.13 1 
  4865.54 1.5673e-13   4894.88 1 
  4868.27 1.6001e-13   4897.63 1 
  4871.00 1.4588e-13   4900.38 1 
  4873.74 1.3538e-13   4903.13 1 
  4876.47 1.2693e-13   4905.88 1 
  4879.20 1.2924e-13   4908.63 1 
  4881.94 1.3070e-13   4911.38 1 
  4884.67 1.3177e-13   4914.13 1 
  4887.40 1.2999e-13   4916.88 1 
  4890.14 1.2838e-13   4919.63 1 
  4892.87 1.3024e-13   4922.38 1 
  4895.60 1.3002e-13   4925.13 1 
  4898.34 1.3372e-13   4927.88 1 
  4901.07 1.3962e-13   4930.63 1 
  4903.81 1.3959e-13   4933.38 1 
  4906.54 1.3524e-13   4936.13 1 
  4909.27 1.3853e-13   4938.88 1 
  4912.01 1.3891e-13   4941.63 1 
  4914.74 1.4020e-13   4944.38 1 
  4917.47 1.3611e-13   4947.13 1 
  4920.21 1.3509e-13   4949.88 1 
  4922.94 1.3521e-13   4952.63 1 
  4925.67 1.2944e-13   4955.38 1 
  4928.41 1.3029e-13   4958.13 1 
  4931.14 1.3298e-13   4960.88 1 
  4933.87 1.3817e-13   4963.63 1 
  4936.61 1.4257e-13   4966.38 1 
  4939.34 1.4025e-13   4969.13 1 
  4942.07 1.3716e-13   4971.88 1 
  4944.81 1.4284e-13   4974.63 1 
  4947.54 1.4157e-13   4977.38 1 
  4950.27 1.4208e-13   4980.13 1 
  4953.01 1.4117e-13   4982.88 1 
  4955.74 1.4206e-13   4985.63 1 
  4958.48 1.4213e-13   4988.38 1 
  4961.21 1.4015e-13   4991.13 1 
  4963.94 1.4298e-13   4993.88 1 
  4966.68 1.4201e-13   4996.63 1 
  4969.41 1.4373e-13   4999.38 1 
  4972.14 1.3805e-13   5002.13 1 
  4974.88 1.3788e-13   5004.88 1 
  4977.61 1.3901e-13   5007.63 1 
  4980.34 1.3806e-13   5010.38 1 
  4983.08 1.3839e-13   5013.13 1 
  4985.81 1.3395e-13   5015.88 1 
  4988.54 1.3115e-13   5018.63 1 
  4991.28 1.3550e-13   5021.38 1 
  4994.01 1.3800e-13   5024.13 1 
  4996.74 1.3738e-13   5026.88 1 
  4999.48 1.3965e-13   5029.63 1 
  5002.21 1.3781e-13   5032.38 1 
  5004.95 1.3729e-13   5035.13 1 
  5007.68 1.4148e-13   5037.88 1 
  5010.41 1.4747e-13   5040.63 1 
  5013.15 1.4961e-13   5043.38 1 
  5015.88 1.4535e-13   5046.13 1 
  5018.61 1.3677e-13   5048.88 1 
  5021.35 1.2846e-13   5051.63 1 
  5024.08 1.2762e-13   5054.38 1 
  5026.81 1.3153e-13   5057.13 1 
  5029.55 1.3090e-13   5059.88 1 
  5032.28 1.3160e-13   5062.63 1 
  5035.01 1.3529e-13   5065.38 1 
  5037.75 1.3642e-13   5068.13 1 
  5040.48 1.3592e-13   5070.88 1 
  5043.21 1.3125e-13   5073.63 1 
  5045.95 1.3370e-13   5076.38 1 
  5048.68 1.3363e-13   5079.13 1 
  5051.41 1.3702e-13   5081.88 1 
  5054.15 1.3699e-13   5084.63 1 
  5056.88 1.3665e-13   5087.38 1 
  5059.62 1.3731e-13   5090.13 1 
  5062.35 1.3801e-13   5092.88 1 
  5065.08 1.3879e-13   5095.63 1 
  5067.82 1.3941e-13   5098.38 1 
  5070.55 1.3777e-13   5101.13 1 
  5073.28 1.3693e-13   5103.88 1 
  5076.02 1.3724e-13   5106.63 1 
  5078.75 1.2992e-13   5109.38 1 
  5081.48 1.3020e-13   5112.13 1 
  5084.22 1.3250e-13   5114.88 1 
  5086.95 1.3251e-13   5117.63 1 
  5089.68 1.3568e-13   5120.38 1 
  5092.42 1.3658e-13   5123.13 1 
  5095.15 1.3832e-13   5125.88 1 
  5097.88 1.3609e-13   5128.63 1 
  5100.62 1.3715e-13   5131.38 1 
  5103.35 1.3918e-13   5134.13 1 
  5106.09 1.3474e-13   5136.88 1 
  5108.82 1.3377e-13   5139.63 1 
  5111.55 1.3333e-13   5142.38 1 
  5114.29 1.3688e-13   5145.13 1 
  5117.02 1.3761e-13   5147.88 1 
  5119.75 1.3894e-13   5150.63 1 
  5122.49 1.3720e-13   5153.38 1 
  5125.22 1.3710e-13   5156.13 1 
  5127.95 1.3523e-13   5158.88 1 
  5130.69 1.3201e-13   5161.63 1 
  5133.42 1.3179e-13   5164.38 1 
  5136.15 1.3060e-13   5167.13 1 
  5138.89 1.3152e-13   5169.88 1 
  5141.62 1.3334e-13   5172.63 1 
  5144.35 1.3358e-13   5175.38 1 
  5147.09 1.3122e-13   5178.13 1 
  5149.82 1.2852e-13   5180.88 1 
  5152.55 1.2960e-13   5183.63 1 
  5155.29 1.2952e-13   5186.38 1 
  5158.02 1.3225e-13   5189.13 1 
  5160.76 1.3568e-13   5191.88 1 
  5163.49 1.3347e-13   5194.63 1 
  5166.22 1.3114e-13   5197.38 1 
  5168.96 1.2837e-13   5200.13 1 
  5171.69 1.2136e-13   5202.88 1 
  5174.42 1.1783e-13   5205.63 1 
  5177.16 1.1661e-13   5208.38 1 
  5179.89 1.1754e-13   5211.13 1 
  5182.62 1.2233e-13   5213.88 1 
  5185.36 1.2158e-13   5216.63 1 
  5188.09 1.1866e-13   5219.38 1 
  5190.82 1.2191e-13   5222.13 1 
  5193.56 1.2510e-13   5224.88 1 
  5196.29 1.2863e-13   5227.63 1 
  5199.02 1.3185e-13   5230.38 1 
  5201.76 1.3308e-13   5233.13 1 
  5204.49 1.3394e-13   5235.88 1 
  5207.23 1.3551e-13   5238.63 1 
  5209.96 1.3053e-13   5241.38 1 
  5212.69 1.2619e-13   5244.13 1 
  5215.43 1.2909e-13   5246.88 1 
  5218.16 1.3114e-13   5249.63 1 
  5220.89 1.3443e-13   5252.38 1 
  5223.63 1.3631e-13   5255.13 1 
  5226.36 1.3750e-13   5257.88 1 
  5229.09 1.3624e-13   5260.63 1 
  5231.83 1.3406e-13   5263.38 1 
  5234.56 1.3064e-13   5266.13 1 
  5237.29 1.3283e-13   5268.88 1 
  5240.03 1.3626e-13   5271.63 1 
  5242.76 1.3859e-13   5274.38 1 
  5245.49 1.4029e-13   5277.13 1 
  5248.23 1.4416e-13   5279.88 1 
  5250.96 1.4430e-13   5282.63 1 
  5253.69 1.3945e-13   5285.38 1 
  5256.43 1.3600e-13   5288.13 1 
  5259.16 1.3816e-13   5290.88 1 
  5261.90 1.4016e-13   5293.63 1 
  5264.63 1.3891e-13   5296.38 1 
  5267.36 1.3429e-13   5299.13 1 
  5270.10 1.2935e-13   5301.88 1 
  5272.83 1.2700e-13   5304.63 1 
  5275.56 1.2953e-13   5307.38 1 
  5278.30 1.3471e-13   5310.13 1 
  5281.03 1.3604e-13   5312.88 1 
  5283.76 1.3611e-13   5315.63 1 
  5286.50 1.3767e-13   5318.38 1 
  5289.23 1.4094e-13   5321.13 1 
  5291.96 1.4485e-13   5323.88 1 
  5294.70 1.4889e-13   5326.63 1 
  5297.43 1.4895e-13   5329.38 1 
  5300.16 1.4208e-13   5332.13 1 
  5302.90 1.4467e-13   5334.88 1 
  5305.63 1.4479e-13   5337.63 1 
  5308.37 1.4455e-13   5340.38 1 
  5311.10 1.4657e-13   5343.13 1 
  5313.83 1.4813e-13   5345.88 1 
  5316.57 1.4696e-13   5348.63 1 
  5319.30 1.4720e-13   5351.38 1 
  5322.03 1.4779e-13   5354.13 1 
  5324.77 1.4591e-13   5356.88 1 
  5327.50 1.4321e-13   5359.63 1 
  5330.23 1.4111e-13   5362.38 1 
  5332.97 1.4075e-13   5365.13 1 
  5335.70 1.4024e-13   5367.88 1 
  5338.43 1.4231e-13   5370.63 1 
  5341.17 1.4399e-13   5373.38 1 
  5343.90 1.4672e-13   5376.13 1 
  5346.63 1.4589e-13   5378.88 1 
  5349.37 1.4596e-13   5381.63 1 
  5352.10 1.4563e-13   5384.38 1 
  5354.83 1.4748e-13   5387.13 1 
  5357.57 1.4740e-13   5389.88 1 
  5360.30 1.4958e-13   5392.63 1 
  5363.04 1.5391e-13   5395.38 1 
  5365.77 1.5209e-13   5398.13 1 
  5368.50 1.4628e-13   5400.88 1 
  5371.24 1.4261e-13   5403.63 1 
  5373.97 1.4141e-13   5406.38 1 
  5376.70 1.4481e-13   5409.13 1 
  5379.44 1.4707e-13   5411.88 1 
  5382.17 1.4484e-13   5414.63 1 
  5384.90 1.4254e-13   5417.38 1 
  5387.64 1.4329e-13   5420.13 1 
  5390.37 1.4566e-13   5422.88 1 
  5393.10 1.4693e-13   5425.63 1 
  5395.84 1.4569e-13   5428.38 1 
  5398.57 1.4270e-13   5431.13 1 
  5401.30 1.4065e-13   5433.88 1 
  5404.04 1.3591e-13   5436.63 1 
  5406.77 1.3641e-13   5439.38 1 
  5409.51 1.3862e-13   5442.13 1 
  5412.24 1.3629e-13   5444.88 1 
  5414.97 1.3783e-13   5447.63 1 
  5417.71 1.4149e-13   5450.38 1 
  5420.44 1.4322e-13   5453.13 1 
  5423.17 1.4631e-13   5455.88 1 
  5425.91 1.4868e-13   5458.63 1 
  5428.64 1.4898e-13   5461.38 1 
  5431.37 1.4625e-13   5464.13 1 
  5434.11 1.4084e-13   5466.88 1 
  5436.84 1.4100e-13   5469.63 1 
  5439.57 1.4046e-13   5472.38 1 
  5442.31 1.4176e-13   5475.13 1 
  5445.04 1.4321e-13   5477.88 1 
  5447.77 1.4459e-13   5480.63 1 
  5450.51 1.4549e-13   5483.38 1 
  5453.24 1.4601e-13   5486.13 1 
  5455.97 1.4414e-13   5488.88 1 
  5458.71 1.4409e-13   5491.63 1 
  5461.44 1.4511e-13   5494.38 1 
  5464.18 1.4650e-13   5497.13 1 
  5466.91 1.4661e-13   5499.88 1 
  5469.64 1.4638e-13   5502.63 1 
  5472.38 1.4708e-13   5505.38 1 
  5475.11 1.4340e-13   5508.13 1 
  5477.84 1.4306e-13   5510.88 1 
  5480.58 1.4154e-13   5513.63 1 
  5483.31 1.4081e-13   5516.38 1 
  5486.04 1.4272e-13   5519.13 1 
  5488.78 1.4322e-13   5521.88 1 
  5491.51 1.4506e-13   5524.63 1 
  5494.24 1.4432e-13   5527.38 1 
  5496.98 1.4601e-13   5530.13 1 
  5499.71 1.4633e-13   5532.88 1 
  5502.44 1.4378e-13   5535.63 1 
  5505.18 1.4707e-13   5538.38 1 
  5507.91 1.4517e-13   5541.13 1 
  5510.65 1.4275e-13   5543.88 1 
  5513.38 1.4326e-13   5546.63 1 
  5516.11 1.4175e-13   5549.38 1 
  5518.85 1.3513e-13   5552.13 1 
  5521.58 1.4262e-13   5554.88 1 
  5524.31 1.4225e-13   5557.63 1 
  5527.05 1.4009e-13   5560.38 1 
  5529.78 1.4237e-13   5563.13 1 
  5532.51 1.4183e-13   5565.88 1 
  5535.25 1.4098e-13   5568.63 1 
  5537.98 1.4443e-13   5571.38 1 
  5540.71 1.4232e-13   5574.13 1 
  5543.45 1.4248e-13   5576.88 1 
  5546.18 1.4335e-13   5579.63 1 
  5548.91 1.4908e-13   5582.38 1 
  5551.65 1.4827e-13   5585.13 1 
  5554.38 1.4106e-13   5587.88 1 
  5557.11 1.5140e-13   5590.63 1 
  5559.85 1.4675e-13   5593.38 1 
  5562.58 1.4320e-13   5596.13 1 
  5565.32 1.4189e-13   5598.88 1 
  5568.05 1.4510e-13   5601.63 1 
  5570.78 1.4661e-13   5604.38 1 
  5573.52 1.4398e-13   5607.13 1 
  5576.25 1.4338e-13   5609.88 1 
  5578.98 1.4384e-13   5612.63 1 
  5581.72 1.4723e-13   5615.38 1 
  5584.45 1.4816e-13   5618.13 1 
  5587.18 1.4636e-13   5620.88 1 
  5589.92 1.4320e-13   5623.63 1 
  5592.65 1.4181e-13   5626.38 1 
  5595.38 1.4206e-13   5629.13 1 
  5598.12 1.4310e-13   5631.88 1 
  5600.85 1.4668e-13   5634.63 1 
  5603.58 1.4510e-13   5637.38 1 
  5606.32 1.4454e-13   5640.13 1 
  5609.05 1.4649e-13   5642.88 1 
  5611.79 1.4916e-13   5645.63 1 
  5614.52 1.4735e-13   5648.38 1 
  5617.25 1.4539e-13   5651.13 1 
  5619.99 1.4311e-13   5653.88 1 
  5622.72 1.4652e-13   5656.63 1 
  5625.45 1.4331e-13   5659.38 1 
  5628.19 1.4685e-13   5662.13 1 
  5630.92 1.4472e-13   5664.88 1 
  5633.65 1.4471e-13   5667.63 1 
  5636.39 1.4947e-13   5670.38 1 
  5639.12 1.5050e-13   5673.13 1 
  5641.85 1.5188e-13   5675.88 1 
  5644.59 1.4336e-13   5678.63 1 
  5647.32 1.4609e-13   5681.38 1 
  5650.05 1.4720e-13   5684.13 1 
  5652.79 1.4769e-13   5686.88 1 
  5655.52 1.4408e-13   5689.63 1 
  5658.25 1.4706e-13   5692.38 1 
  5660.99 1.4482e-13   5695.13 1 
  5663.72 1.4085e-13   5697.88 1 
  5666.46 1.4318e-13   5700.63 1 
  5669.19 1.4359e-13   5703.38 1 
  5671.92 1.4700e-13   5706.13 1 
  5674.66 1.4648e-13   5708.88 1 
  5677.39 1.4712e-13   5711.63 1 
  5680.12 1.5105e-13   5714.38 1 
  5682.86 1.4808e-13   5717.13 1 
  5685.59 1.4567e-13   5719.88 1 
  5688.32 1.4595e-13   5722.63 1 
  5691.06 1.4451e-13   5725.38 1 
  5693.79 1.4698e-13   5728.13 1 
  5696.52 1.4834e-13   5730.88 1 
  5699.26 1.4810e-13   5733.63 1 
  5701.99 1.4821e-13   5736.38 1 
  5704.72 1.4857e-13   5739.13 1 
  5707.46 1.4577e-13   5741.88 1 
  5710.19 1.4194e-13   5744.63 1 
  5712.93 1.3988e-13   5747.38 1 
  5715.66 1.4361e-13   5750.13 1 
  5718.39 1.4728e-13   5752.88 1 
  5721.13 1.5312e-13   5755.63 1 
  5723.86 1.4988e-13   5758.38 1 
  5726.59 1.5299e-13   5761.13 1 
  5729.33 1.5429e-13   5763.88 1 
  5732.06 1.5262e-13   5766.63 1 
  5734.79 1.5008e-13   5769.38 1 
  5737.53 1.5175e-13   5772.13 1 
  5740.26 1.5172e-13   5774.88 1 
  5742.99 1.5296e-13   5777.63 1 
  5745.73 1.4862e-13   5780.38 1 
  5748.46 1.5150e-13   5783.13 1 
  5751.19 1.4728e-13   5785.88 1 
  5753.93 1.5025e-13   5788.63 1 
  5756.66 1.4801e-13   5791.38 1 
  5759.39 1.4980e-13   5794.13 1 
  5762.13 1.4816e-13   5796.88 1 
  5764.86 1.5099e-13   5799.63 1 
  5767.60 1.5134e-13   5802.38 1 
  5770.33 1.5237e-13   5805.13 1 
  5773.06 1.5384e-13   5807.88 1 
  5775.80 1.5205e-13   5810.63 1 
  5778.53 1.5041e-13   5813.38 1 
  5781.26 1.4957e-13   5816.13 1 
  5784.00 1.4287e-13   5818.88 1 
  5786.73 1.4397e-13   5821.63 1 
  5789.46 1.4518e-13   5824.38 1 
  5792.20 1.4629e-13   5827.13 1 
  5794.93 1.4952e-13   5829.88 1 
  5797.66 1.5187e-13   5832.63 1 
  5800.40 1.5289e-13   5835.38 1 
  5803.13 1.5130e-13   5838.13 1 
  5805.86 1.4969e-13   5840.88 1 
  5808.60 1.5107e-13   5843.63 1 
  5811.33 1.4921e-13   5846.38 1 
  5814.07 1.4747e-13   5849.13 1 
  5816.80 1.5167e-13   5851.88 1 
  5819.53 1.5420e-13   5854.63 1 
  5822.27 1.5048e-13   5857.38 1 
  5825.00 1.5401e-13   5860.13 1 
  5827.73 1.5310e-13   5862.88 1 
  5830.47 1.5868e-13   5865.63 1 
  5833.20 1.5483e-13   5868.38 1 
  5835.93 1.5396e-13   5871.13 1 
  5838.67 1.5193e-13   5873.88 1 
  5841.40 1.5380e-13   5876.63 1 
  5844.13 1.5824e-13   5879.38 1 
  5846.87 1.5519e-13   5882.13 1 
  5849.60 1.5350e-13   5884.88 1 
  5852.33 1.5257e-13   5887.63 1 
  5855.07 1.5429e-13   5890.38 1 
  5857.80 1.4723e-13   5893.13 1 
  5860.53 1.4551e-13   5895.88 1 
  5863.27 1.3246e-13   5898.63 1 
  5866.00 1.2933e-13   5901.38 1 
  5868.74 1.3992e-13   5904.13 1 
  5871.47 1.3578e-13   5906.88 1 
  5874.20 1.4719e-13   5909.63 1 
  5876.94 1.5248e-13   5912.38 1 
  5879.67 1.5420e-13   5915.13 1 
  5882.40 1.5412e-13   5917.88 1 
  5885.14 1.5174e-13   5920.63 1 
  5887.87 1.4510e-13   5923.38 1 
  5890.60 1.3847e-13   5926.13 1 
  5893.34 1.3227e-13   5928.88 1 
  5896.07 1.2804e-13   5931.63 1 
  5898.80 1.2648e-13   5934.38 1 
  5901.54 1.3230e-13   5937.13 1 
  5904.27 1.3186e-13   5939.88 1 
  5907.00 1.3673e-13   5942.63 1 
  5909.74 1.4106e-13   5945.38 1 
  5912.47 1.4333e-13   5948.13 1 
  5915.21 1.4736e-13   5950.88 1 
  5917.94 1.4824e-13   5953.63 1 
  5920.67 1.4633e-13   5956.38 1 
  5923.41 1.4630e-13   5959.13 1 
  5926.14 1.4705e-13   5961.88 1 
  5928.87 1.4984e-13   5964.63 1 
  5931.61 1.4923e-13   5967.38 1 
  5934.34 1.4654e-13   5970.13 1 
  5937.07 1.4646e-13   5972.88 1 
  5939.81 1.4658e-13   5975.63 1 
  5942.54 1.4787e-13   5978.38 1 
  5945.27 1.4939e-13   5981.13 1 
  5948.01 1.4745e-13   5983.88 1 
  5950.74 1.4716e-13   5986.63 1 
  5953.47 1.4841e-13   5989.38 1 
  5956.21 1.4808e-13   5992.13 1 
  5958.94 1.4796e-13   5994.88 1 
  5961.68 1.4706e-13   5997.63 1 
  5964.41 1.4804e-13   6000.38 1 
  5967.14 1.4713e-13   6003.13 1 
  5969.88 1.4913e-13   6005.88 1 
  5972.61 1.4891e-13   6008.63 1 
  5975.34 1.4715e-13   6011.38 1 
  5978.08 1.4799e-13   6014.13 1 
  5980.81 1.4796e-13   6016.88 1 
  5983.54 1.4811e-13   6019.63 1 
  5986.28 1.4940e-13   6022.38 1 
  5989.01 1.4452e-13   6025.13 1 
  5991.74 1.4375e-13   6027.88 1 
  5994.48 1.4832e-13   6030.63 1 
  5997.21 1.4908e-13   6033.38 1 
  5999.94 1.4477e-13   6036.13 1 
  6002.68 1.4681e-13   6038.88 1 
  6005.41 1.4441e-13   6041.63 1 
  6008.14 1.4132e-13   6044.38 1 
  6010.88 1.4438e-13   6047.13 1 
  6013.61 1.4407e-13   6049.88 1 
  6016.35 1.4269e-13   6052.63 1 
  6019.08 1.4455e-13   6055.38 1 
  6021.81 1.4272e-13   6058.13 1 
  6024.55 1.4622e-13   6060.88 1 
  6027.28 1.5090e-13   6063.63 1 
  6030.01 1.5032e-13   6066.38 1 
  6032.75 1.4723e-13   6069.13 1 
  6035.48 1.4713e-13   6071.88 1 
  6038.21 1.5056e-13   6074.63 1 
  6040.95 1.4869e-13   6077.38 1 
  6043.68 1.5020e-13   6080.13 1 
  6046.41 1.4779e-13   6082.88 1 
  6049.15 1.4631e-13   6085.63 1 
  6051.88 1.4657e-13   6088.38 1 
  6054.61 1.5078e-13   6091.13 1 
  6057.35 1.5336e-13   6093.88 1 
  6060.08 1.5116e-13   6096.63 1 
  6062.82 1.4957e-13   6099.38 1 
  6065.55 1.4757e-13   6102.13 1 
  6068.28 1.4969e-13   6104.88 1 
  6071.02 1.4929e-13   6107.63 1 
  6073.75 1.5015e-13   6110.38 1 
  6076.48 1.4951e-13   6113.13 1 
  6079.22 1.4963e-13   6115.88 1 
  6081.95 1.4930e-13   6118.63 1 
  6084.68 1.5383e-13   6121.38 1 
  6087.42 1.4904e-13   6124.13 1 
  6090.15 1.4507e-13   6126.88 1 
  6092.88 1.4671e-13   6129.63 1 
  6095.62 1.4666e-13   6132.38 1 
  6098.35 1.4480e-13   6135.13 1 
  6101.08 1.4912e-13   6137.88 1 
  6103.82 1.4735e-13   6140.63 1 
  6106.55 1.4779e-13   6143.38 1 
  6109.28 1.4893e-13   6146.13 1 
  6112.02 1.5021e-13   6148.88 1 
  6114.75 1.4926e-13   6151.63 1 
  6117.49 1.5102e-13   6154.38 1 
  6120.22 1.4621e-13   6157.13 1 
  6122.95 1.4761e-13   6159.88 1 
  6125.69 1.4712e-13   6162.63 1 
  6128.42 1.4694e-13   6165.38 1 
  6131.15 1.4379e-13   6168.13 1 
  6133.89 1.5018e-13   6170.88 1 
  6136.62 1.4825e-13   6173.63 1 
  6139.35 1.4424e-13   6176.38 1 
  6142.09 1.4026e-13   6179.13 1 
  6144.82 1.4261e-13   6181.88 1 
  6147.55 1.4628e-13   6184.63 1 
  6150.29 1.4455e-13   6187.38 1 
  6153.02 1.4239e-13   6190.13 1 
  6155.75 1.4311e-13   6192.88 1 
  6158.49 1.4482e-13   6195.63 1 
  6161.22 1.4262e-13   6198.38 1 
  6163.96 1.3988e-13   6201.13 1 
  6166.69 1.3488e-13   6203.88 1 
  6169.42 1.3139e-13   6206.63 1 
  6172.16 1.3909e-13   6209.38 1 
  6174.89 1.3743e-13   6212.13 1 
  6177.62 1.4380e-13   6214.88 1 
  6180.36 1.4191e-13   6217.63 1 
  6183.09 1.4371e-13   6220.38 1 
  6185.82 1.4946e-13   6223.13 1 
  6188.56 1.4350e-13   6225.88 1 
  6191.29 1.4034e-13   6228.63 1 
  6194.02 1.4219e-13   6231.38 1 
  6196.76 1.4257e-13   6234.13 1 
  6199.49 1.4520e-13   6236.88 1 
  6202.22 1.4873e-13   6239.63 1 
  6204.96 1.4210e-13   6242.38 1 
  6207.69 1.3769e-13   6245.13 1 
  6210.42 1.3340e-13   6247.88 1 
  6213.16 1.3774e-13   6250.63 1 
  6215.89 1.4260e-13   6253.38 1 
  6218.63 1.4435e-13   6256.13 1 
  6221.36 1.4754e-13   6258.88 1 
  6224.09 1.4564e-13   6261.63 1 
  6226.83 1.3984e-13   6264.38 1 
  6229.56 1.3827e-13   6267.13 1 
  6232.29 1.3803e-13   6269.88 1 
  6235.03 1.3909e-13   6272.63 1 
  6237.76 1.4008e-13   6275.38 1 
  6240.49 1.3681e-13   6278.13 1 
  6243.23 1.3808e-13   6280.88 1 
  6245.96 1.4312e-13   6283.63 1 
  6248.69 1.4339e-13   6286.38 1 
  6251.43 1.3867e-13   6289.13 1 
  6254.16 1.3898e-13   6291.88 1 
  6256.89 1.3262e-13   6294.63 1 
  6259.63 1.3463e-13   6297.38 1 
  6262.36 1.4190e-13   6300.13 1 
  6265.10 1.4214e-13   6302.88 1 
  6267.83 1.3909e-13   6305.63 1 
  6270.56 1.4415e-13   6308.38 1 
  6273.30 1.3738e-13   6311.13 1 
  6276.03 1.4095e-13   6313.88 1 
  6278.76 1.4351e-13   6316.63 1 
  6281.50 1.3956e-13   6319.38 1 
  6284.23 1.4226e-13   6322.13 1 
  6286.96 1.4444e-13   6324.88 1 
  6289.70 1.3883e-13   6327.63 1 
  6292.43 1.4171e-13   6330.38 1 
  6295.16 1.4454e-13   6333.13 1 
  6297.90 1.4660e-13   6335.88 1 
  6300.63 1.4604e-13   6338.63 1 
  6303.36 1.5372e-13   6341.38 1 
  6306.10 1.5523e-13   6344.13 1 
  6308.83 1.5093e-13   6346.88 1 
  6311.56 1.4829e-13   6349.63 1 
  6314.30 1.4370e-13   6352.38 1 
  6317.03 1.4047e-13   6355.13 1 
  6319.77 1.3848e-13   6357.88 1 
  6322.50 1.4480e-13   6360.63 1 
  6325.23 1.4579e-13   6363.38 1 
  6327.97 1.4050e-13   6366.13 1 
  6330.70 1.4832e-13   6368.88 1 
  6333.43 1.4479e-13   6371.63 1 
  6336.17 1.4580e-13   6374.38 1 
  6338.90 1.4554e-13   6377.13 1 
  6341.63 1.4333e-13   6379.88 1 
  6344.37 1.4425e-13   6382.63 1 
  6347.10 1.4378e-13   6385.38 1 
  6349.83 1.4306e-13   6388.13 1 
  6352.57 1.4439e-13   6390.88 1 
  6355.30 1.4039e-13   6393.63 1 
  6358.03 1.4115e-13   6396.38 1 
  6360.77 1.4163e-13   6399.13 1 
  6363.50 1.4083e-13   6401.88 1 
  6366.24 1.4367e-13   6404.63 1 
  6368.97 1.4081e-13   6407.38 1 
  6371.70 1.4353e-13   6410.13 1 
  6374.44 1.4177e-13   6412.88 1 
  6377.17 1.4473e-13   6415.63 1 
  6379.90 1.4538e-13   6418.38 1 
  6382.64 1.4384e-13   6421.13 1 
  6385.37 1.4026e-13   6423.88 1 
  6388.10 1.4352e-13   6426.63 1 
  6390.84 1.4455e-13   6429.38 1 
  6393.57 1.4286e-13   6432.13 1 
  6396.30 1.5025e-13   6434.88 1 
  6399.04 1.4652e-13   6437.63 1 
  6401.77 1.4153e-13   6440.38 1 
  6404.50 1.4460e-13   6443.13 1 
  6407.24 1.4247e-13   6445.88 1 
  6409.97 1.4791e-13   6448.63 1 
  6412.70 1.4602e-13   6451.38 1 
  6415.44 1.4420e-13   6454.13 1 
  6418.17 1.4322e-13   6456.88 1 
  6420.91 1.4580e-13   6459.63 1 
  6423.64 1.4852e-13   6462.38 1 
  6426.37 1.4520e-13   6465.13 1 
  6429.11 1.4767e-13   6467.88 1 
  6431.84 1.4762e-13   6470.63 1 
  6434.57 1.5186e-13   6473.38 1 
  6437.31 1.4006e-13   6476.13 1 
  6440.04 1.3923e-13   6478.88 1 
  6442.77 1.4354e-13   6481.63 1 
  6445.51 1.4464e-13   6484.38 1 
  6448.24 1.4089e-13   6487.13 1 
  6450.97 1.4934e-13   6489.88 1 
  6453.71 1.4773e-13   6492.63 1 
  6456.44 1.4644e-13   6495.38 1 
  6459.17 1.5027e-13   6498.13 1 
  6461.91 1.5258e-13   6500.88 1 
  6464.64 1.4474e-13   6503.63 1 
  6467.38 1.4272e-13   6506.38 1 
  6470.11 1.3868e-13   6509.13 1 
  6472.84 1.3780e-13   6511.88 1 
  6475.58 1.4172e-13   6514.63 1 
  6478.31 1.4333e-13   6517.38 1 
  6481.04 1.4555e-13   6520.13 1 
  6483.78 1.4802e-13   6522.88 1 
  6486.51 1.4353e-13   6525.63 1 
  6489.24 1.4113e-13   6528.38 1 
  6491.98 1.4340e-13   6531.13 1 
  6494.71 1.4692e-13   6533.88 1 
  6497.44 1.4036e-13   6536.63 1 
  6500.18 1.3512e-13   6539.38 1 
  6502.91 1.3191e-13   6542.13 1 
  6505.64 1.3547e-13   6544.88 1 
  6508.38 1.4380e-13   6547.63 1 
  6511.11 1.4714e-13   6550.38 1 
  6513.84 1.4892e-13   6553.13 1 
  6516.58 1.5174e-13   6555.88 1 
  6519.31 1.4787e-13   6558.63 1 
  6522.05 1.4237e-13   6561.38 1 
  6524.78 1.4735e-13   6564.13 1 
  6527.51 1.4564e-13   6566.88 1 
  6530.25 1.4764e-13   6569.63 1 
  6532.98 1.4602e-13   6572.38 1 
  6535.71 1.4964e-13   6575.13 1 
  6538.45 1.4939e-13   6577.88 1 
  6541.18 1.5198e-13   6580.63 1 
  6543.91 1.4954e-13   6583.38 1 
  6546.65 1.5532e-13   6586.13 1 
  6549.38 1.6578e-13   6588.88 1 
  6552.11 1.7831e-13   6591.63 1 
  6554.85 1.8168e-13   6594.38 1 
  6557.58 1.8228e-13   6597.13 1 
  6560.31 2.0415e-13   6599.88 1 
  6563.05 2.7158e-13   6602.63 1 
  6565.78 3.5984e-13   6605.38 1 
  6568.52 3.9911e-13   6608.13 1 
  6571.25 3.5303e-13   6610.88 1 
  6573.98 2.5121e-13   6613.63 1 
  6576.72 1.7990e-13   6616.38 1 
  6579.45 1.6173e-13   6619.13 1 
  6582.18 1.8552e-13   6621.88 1 
  6584.92 2.2336e-13   6624.63 1 
  6587.65 2.5941e-13   6627.38 1 
  6590.38 2.5392e-13   6630.13 1 
  6593.12 2.2310e-13   6632.88 1 
  6595.85 1.7358e-13   6635.63 1 
  6598.58 1.5170e-13   6638.38 1 
  6601.32 1.4492e-13   6641.13 1 
  6604.05 1.4412e-13   6643.88 1 
  6606.78 1.4468e-13   6646.63 1 
  6609.52 1.4593e-13   6649.38 1 
  6612.25 1.4092e-13   6652.13 1 
  6614.98 1.4289e-13   6654.88 1 
  6617.72 1.4303e-13   6657.63 1 
  6620.45 1.4883e-13   6660.38 1 
  6623.19 1.4941e-13   6663.13 1 
  6625.92 1.4986e-13   6665.88 1 
  6628.65 1.4937e-13   6668.63 1 
  6631.39 1.4399e-13   6671.38 1 
  6634.12 1.4485e-13   6674.13 1 
  6636.85 1.4781e-13   6676.88 1 
  6639.59 1.5085e-13   6679.63 1 
  6642.32 1.4858e-13   6682.38 1 
  6645.05 1.4838e-13   6685.13 1 
  6647.79 1.4547e-13   6687.88 1 
  6650.52 1.4224e-13   6690.63 1 
  6653.25 1.4358e-13   6693.38 1 
  6655.99 1.4645e-13   6696.13 1 
  6658.72 1.4353e-13   6698.88 1 
  6661.45 1.4530e-13   6701.63 1 
  6664.19 1.4402e-13   6704.38 1 
  6666.92 1.4252e-13   6707.13 1 
  6669.66 1.4202e-13   6709.88 1 
  6672.39 1.4281e-13   6712.63 1 
  6675.12 1.4448e-13   6715.38 1 
  6677.86 1.4432e-13   6718.13 1 
  6680.59 1.4683e-13   6720.88 1 
  6683.32 1.5042e-13   6723.63 1 
  6686.06 1.4987e-13   6726.38 1 
  6688.79 1.4830e-13   6729.13 1 
  6691.52 1.4573e-13   6731.88 1 
  6694.26 1.4170e-13   6734.63 1 
  6696.99 1.4248e-13   6737.38 1 
  6699.72 1.4466e-13   6740.13 1 
  6702.46 1.4484e-13   6742.88 1 
  6705.19 1.4552e-13   6745.63 1 
  6707.92 1.4445e-13   6748.38 1 
  6710.66 1.4539e-13   6751.13 1 
  6713.39 1.5292e-13   6753.88 1 
  6716.12 1.7647e-13   6756.63 1 
  6718.86 1.9395e-13   6759.38 1 
  6721.59 2.0779e-13   6762.13 1 
  6724.33 1.9471e-13   6764.88 1 
  6727.06 1.7775e-13   6767.63 1 
  6729.79 1.7172e-13   6770.38 1 
  6732.53 1.7821e-13   6773.13 1 
  6735.26 1.9344e-13   6775.88 1 
  6737.99 1.8695e-13   6778.63 1 
  6740.73 1.6793e-13   6781.38 1 
  6743.46 1.5074e-13   6784.13 1 
  6746.19 1.4763e-13   6786.88 1 
  6748.93 1.4493e-13   6789.63 1 
  6751.66 1.4335e-13   6792.38 1 
  6754.39 1.3939e-13   6795.13 1 
  6757.13 1.4351e-13   6797.88 1 
  6759.86 1.4434e-13   6800.63 1 
  6762.59 1.3950e-13   6803.38 1 
  6765.33 1.4312e-13   6806.13 1 
  6768.06 1.4052e-13   6808.88 1 
  6770.80 1.4114e-13   6811.63 1 
  6773.53 1.3780e-13   6814.38 1 
  6776.26 1.4165e-13   6817.13 1 
  6779.00 1.4261e-13   6819.88 1 
  6781.73 1.3613e-13   6822.63 1 
  6784.46 1.3987e-13   6825.38 1 
  6787.20 1.4404e-13   6828.13 1 
  6798.12 1.4165e-13   6839.12 0 
  6813.79 1.4192e-13   6854.88 0 
  6829.49 1.4385e-13   6870.68 0 
  6845.24 1.4020e-13   6886.52 0 
  6861.02 1.3983e-13   6902.40 0 
  6876.83 1.3978e-13   6918.31 0 
  6892.69 1.3592e-13   6934.26 0 
  6908.58 1.3904e-13   6950.24 0 
  6924.50 1.3867e-13   6966.26 0 
  6940.47 1.4250e-13   6982.33 0 
  6956.47 1.4410e-13   6998.42 0 
  6972.50 1.4372e-13   7014.55 0 
  6988.57 1.4170e-13   7030.72 0 
  7004.69 1.4263e-13   7046.93 0 
  7020.83 1.4127e-13   7063.18 0 
  7037.02 1.4285e-13   7079.46 0 
  7053.24 1.4714e-13   7095.78 0 
  7069.50 1.3664e-13   7112.14 0 
  7085.79 1.4107e-13   7128.53 0 
  7102.13 1.3313e-13   7144.96 0 
  7118.50 1.3125e-13   7161.43 0 
  7134.91 1.2970e-13   7177.94 0 
  7151.36 1.3146e-13   7194.49 0 
  7167.85 1.3232e-13   7211.08 0 
  7184.37 1.3046e-13   7227.70 0 
  7200.93 1.2656e-13   7244.36 0 
  7217.53 1.3340e-13   7261.06 0 
  7234.17 1.3551e-13   7277.80 0 
  7250.84 1.3238e-13   7294.57 0 
  7267.56 1.3263e-13   7311.39 0 
  7284.31 1.3381e-13   7328.25 0 
  7301.10 1.3253e-13   7345.14 0 
  7317.94 1.3526e-13   7362.07 0 
  7334.81 1.3804e-13   7379.04 0 
  7351.71 1.3830e-13   7396.05 0 
  7368.66 1.3730e-13   7413.10 0 
  7385.65 1.4538e-13   7430.19 0 
  7402.67 1.4267e-13   7447.32 0 
  7419.74 1.4066e-13   7464.49 0 
  7436.84 1.4322e-13   7481.70 0 
  7453.99 1.3990e-13   7498.94 0 
  7471.17 1.3953e-13   7516.23 0 
  7488.39 1.4272e-13   7533.56 0 
  7505.66 1.4333e-13   7550.92 0 
  7522.96 1.4493e-13   7568.33 0 
  7540.30 1.4354e-13   7585.78 0 
  7557.68 1.4582e-13   7603.26 0 
  7575.10 1.4277e-13   7620.79 0 
  7592.57 1.4173e-13   7638.36 0 
  7610.07 1.4038e-13   7655.97 0 
  7627.61 1.3494e-13   7673.61 0 
  7645.19 1.3739e-13   7691.30 0 
  7662.82 1.3829e-13   7709.04 0 
  7680.49 1.3416e-13   7726.81 0 
  7698.19 1.3410e-13   7744.62 0 
  7715.94 1.3313e-13   7762.47 0 
  7733.72 1.3155e-13   7780.37 0 
  7751.55 1.3029e-13   7798.30 0 
  7769.42 1.3175e-13   7816.28 0 
  7787.33 1.2869e-13   7834.30 0 
  7805.28 1.2894e-13   7852.36 0 
  7823.27 1.3465e-13   7870.46 0 
  7841.31 1.2824e-13   7888.60 0 
  7859.39 1.3148e-13   7906.79 0 
  7877.50 1.3264e-13   7925.01 0 
  7895.67 1.3412e-13   7943.28 0 
  7913.87 1.3162e-13   7961.59 0 
  7932.11 1.2857e-13   7979.95 0 
  7950.40 1.2530e-13   7998.34 0 
  7968.72 1.2905e-13   8016.78 0 
  7987.09 1.2930e-13   8035.26 0 
  8005.50 1.2747e-13   8053.78 0 
  8023.96 1.3342e-13   8072.35 0 
  8042.45 1.3460e-13   8090.96 0 
  8060.99 1.3361e-13   8109.61 0 
  8079.58 1.2843e-13   8128.31 0 
  8098.20 1.2986e-13   8147.04 0 
  8116.87 1.3192e-13   8165.82 0 
  8135.58 1.3247e-13   8184.65 0 
  8154.34 1.3029e-13   8203.52 0 
  8173.13 1.2381e-13   8222.43 0 
  8191.97 1.2404e-13   8241.38 0 
  8210.86 1.2923e-13   8260.38 0 
  8229.79 1.2711e-13   8279.42 0 
  8248.76 1.3427e-13   8298.51 0 
  8267.78 1.3207e-13   8317.64 0 
  8286.83 1.2930e-13   8336.81 0 
  8305.94 1.2806e-13   8356.03 0 
  8325.09 1.2979e-13   8375.29 0 
  8344.28 1.2504e-13   8394.60 0 
  8363.51 1.2878e-13   8413.95 0 
  8382.79 1.2784e-13   8433.35 0 
  8402.12 1.3015e-13   8452.79 0 
  8421.48 1.2453e-13   8472.27 0 
  8440.90 1.2885e-13   8491.80 0 
  8460.36 1.2528e-13   8511.38 0 
  8479.86 1.2237e-13   8531.00 0 
  8499.41 1.2691e-13   8550.67 0 
  8519.00 1.2511e-13   8570.38 0 
  8538.64 1.2362e-13   8590.14 0 
  8558.32 1.1585e-13   8609.94 0 
  8578.05 1.2465e-13   8629.79 0 
  8597.83 1.2402e-13   8649.68 0 
  8617.65 1.2311e-13   8669.62 0 
  8637.51 1.2505e-13   8689.60 0 
  8657.42 1.1882e-13   8709.64 0 
  8677.38 1.1474e-13   8729.71 0 
  8697.38 1.1130e-13   8749.84 0 
  8717.43 1.2311e-13   8770.01 0 
  8737.53 1.2192e-13   8790.23 0 
  8757.67 1.2020e-13   8810.49 0 
  8777.86 1.2322e-13   8830.80 0 
  8798.09 1.2516e-13   8851.16 0 
  8818.38 1.1920e-13   8871.56 0 
  8838.70 1.2419e-13   8892.01 0 
  8859.08 1.2327e-13   8912.51 0 
  8879.50 1.1552e-13   8933.05 0 
  8899.97 1.1815e-13   8953.65 0 
  8920.49 1.1783e-13   8974.29 0 
  8941.05 1.1777e-13   8994.98 0 
  8961.66 1.1690e-13   9015.71 0 
  8982.32 1.1210e-13   9036.50 0 
  9003.03 1.1102e-13   9057.33 0 
  9023.78 1.0671e-13   9078.20 0 
  9044.59 1.2331e-13   9099.13 0 
  9065.44 1.2641e-13   9120.11 0 
  9086.33 1.2206e-13   9141.13 0 
  9107.28 1.1950e-13   9162.20 0 
  9128.27 1.0620e-13   9183.33 0 
  9149.32 1.1559e-13   9204.50 0 
  9170.41 1.1768e-13   9225.71 0 
  9191.55 1.1708e-13   9246.98 0 
  9212.74 1.1702e-13   9268.30 0 
  9233.97 1.0966e-13   9289.66 0 
  9255.26 1.1113e-13   9311.08 0 
  9276.60 1.2207e-13   9332.54 0 
  9297.98 1.1102e-13   9354.06 0 
  9319.41 1.1808e-13   9375.62 0 
  9340.90 1.1802e-13   9397.23 0 
  9362.43 1.1608e-13   9418.90 0 
  9384.01 1.1790e-13   9440.61 0 
  9405.65 1.1543e-13   9462.37 0 
  9427.33 1.1860e-13   9484.18 0 
  9449.06 1.1691e-13   9506.05 0 
  9470.85 1.1985e-13   9527.96 0 
  9492.68 1.1979e-13   9549.93 0 
  9514.56 1.1673e-13   9571.94 0 
  9536.49 1.1694e-13   9594.01 0 
  9558.48 1.1317e-13   9616.12 0 
  9580.51 1.1655e-13   9638.29 0 
  9602.59 1.1730e-13   9660.51 0 
  9624.73 1.1778e-13   9682.78 0 
  9646.92 1.1637e-13   9705.10 0 
  9669.16 1.1604e-13   9727.47 0 
  9691.45 1.1759e-13   9749.90 0 
  9713.79 1.1538e-13   9772.37 0 
  9736.18 1.1400e-13   9794.90 0 
  9758.63 1.1368e-13   9817.48 0 
  9781.12 1.1414e-13   9840.11 0 
  9803.67 1.1540e-13   9862.79 0 
  9826.27 1.1428e-13   9885.53 0 
  9848.92 1.1475e-13   9908.32 0 
  9871.62 1.1390e-13   9931.16 0 
  9894.38 1.1384e-13   9954.05 0 
  9917.19 1.1299e-13   9977.00 0 
  9940.05 1.1397e-13  10000.00 0 
  9962.96 1.1444e-13  10023.05 0 
  9985.93 1.1385e-13  10046.15 0 
 10032.03 1.1372e-13  10092.53 0 
 10078.33 1.1204e-13  10139.12 0 
 10124.85 1.1479e-13  10185.91 0 
 10171.59 1.1387e-13  10232.94 0 
 10218.54 1.1479e-13  10280.17 0 
 10265.70 1.1546e-13  10327.61 0 
 10289.36 1.1513e-13  10351.42 0 
 10504.82 1.1064e-13  10568.18 0 
 10700.12 1.0508e-13  10764.65 0 
 10899.05 1.0222e-13  10964.78 0 
 11101.67 9.6724e-14  11168.63 0 
 11308.08 9.6058e-14  11376.28 0 
 11491.82 9.6501e-14  11561.13 0 
 11705.47 9.4305e-14  11776.06 0 
 11895.66 8.9440e-14  11967.41 0 
 12088.95 8.9029e-14  12161.86 0 
 12313.70 8.8010e-14  12387.96 0 
 12513.78 8.5218e-14  12589.25 0 
 12687.87 8.3279e-14  12764.39 0 
 12894.03 8.1759e-14  12971.79 0 
 13103.54 8.0451e-14  13182.56 0 
 13285.83 7.7720e-14  13365.95 0 
 13501.70 7.5951e-14  13583.13 0 
 13689.53 7.4565e-14  13772.09 0 
 13911.97 7.1373e-14  13995.87 0 
 14105.50 6.7691e-14  14190.57 0 
 14301.73 6.6917e-14  14387.99 0 
 14500.69 6.7536e-14  14588.14 0 
 14702.42 6.4943e-14  14791.09 0 
 14906.95 6.6151e-14  14996.85 0 
 15114.33 6.6763e-14  15205.48 0 
 15289.33 6.8161e-14  15381.54 0 
 15502.03 6.7536e-14  15595.52 0 
 15717.68 6.6151e-14  15812.48 0 
 15899.69 6.3611e-14  15995.58 0 
 16083.80 6.3465e-14  16180.80 0 
 16307.55 6.3319e-14  16405.90 0 
 16496.37 6.2594e-14  16595.86 0 
 16687.40 6.2594e-14  16788.04 0 
 16880.63 6.2020e-14  16982.44 0 
 17115.46 6.1169e-14  17218.69 0 
 17313.66 5.8821e-14  17418.08 0 
 17514.12 5.6955e-14  17619.75 0 
 17716.93 5.4392e-14  17823.79 0 
 17880.88 5.1944e-14  17988.71 0 
 18087.93 4.9264e-14  18197.02 0 
 18297.36 4.7922e-14  18407.71 0 
 18509.24 4.6188e-14  18620.87 0 
 18680.51 4.3907e-14  18793.18 0 
 18896.81 4.2809e-14  19010.77 0 
 19115.63 4.2319e-14  19230.91 0 
 19292.51 4.1071e-14  19408.86 0 
 19515.91 3.9585e-14  19633.61 0 
 19696.48 3.8153e-14  19815.27 0 
 19878.74 3.6943e-14  19998.62 0 
 20108.93 3.6436e-14  20230.20 0 
 20294.98 3.5280e-14  20417.38 0 
 20482.77 3.4957e-14  20606.30 0 
 20719.94 3.4240e-14  20844.90 0 
 20911.66 3.3615e-14  21037.78 0 
 21105.17 3.3154e-14  21232.45 0 
 21300.44 3.2474e-14  21428.90 0 
 21497.54 3.1881e-14  21627.19 0 
 21696.46 3.0941e-14  21827.31 0 
 21897.20 3.0446e-14  22029.26 0 
 22099.82 2.9617e-14  22233.11 0 
 22304.29 2.8809e-14  22438.81 0 
 22510.68 2.8154e-14  22646.44 0 
 22718.98 2.7449e-14  22856.00 0 
 22876.45 2.4634e-14  23014.42 0 
 23088.13 2.4352e-14  23227.38 0 
 23301.75 2.1357e-14  23442.28 0 
 23517.37 2.0069e-14  23659.20 0 
 23680.37 2.0302e-14  23823.19 0 
 23899.49 1.8687e-14  24043.63 0 
 24120.64 1.7969e-14  24266.11 0 
 24287.83 1.7641e-14  24434.31 0 
 24512.57 1.6313e-14  24660.40 0 
 24682.47 1.5905e-14  24831.33 0 
 24910.86 1.3413e-14  25061.10 0 
 25083.53 1.3199e-14  25234.80 0 
 25315.63 1.3260e-14  25468.31 0 
 25491.10 1.3138e-14  25644.84 0 
 25726.98 1.3382e-14  25882.13 0 
 25905.29 1.3138e-14  26061.53 0 
 26084.88 1.3108e-14  26242.20 0 
 26326.22 1.2780e-14  26484.99 0 
 26508.72 1.2663e-14  26668.59 0 
 26692.46 1.2432e-14  26853.44 0 
 26877.50 1.2261e-14  27039.59 0 
 27126.17 1.2065e-14  27289.77 0 
 27314.22 1.1818e-14  27478.95 0 
 27503.54 1.1656e-14  27669.41 0 
 27694.20 1.1390e-14  27861.22 0 
 27886.15 1.1260e-14  28054.33 0 
 28079.47 1.1054e-14  28248.81 0 
 28274.09 1.0878e-14  28444.61 0 
 28470.06 1.0679e-14  28641.77 0 
 28667.43 1.0484e-14  28840.32 0 
 28932.69 1.0340e-14  29107.19 0 
 29133.23 1.0175e-14  29308.93 0 
 29267.69 9.9663e-15  29444.21 0 
 29470.59 9.8069e-15  29648.32 0 
 29674.85 9.6501e-15  29853.82 0 
 29880.56 9.4740e-15  30060.77 0 
 30087.67 9.3440e-15  30269.13 0 
 30296.25 9.1946e-15  30478.96 0 
 30506.24 9.1103e-15  30690.22 0 
 30717.68 9.0060e-15  30902.94 0 
 30930.62 8.9029e-15  31117.17 0 
 31073.38 8.8213e-15  31260.79 0 
 31288.79 8.7404e-15  31477.49 0 
 31505.66 8.6404e-15  31695.67 0 
 31724.06 8.5415e-15  31915.39 0 
 31870.49 8.5022e-15  32062.70 0 
 32091.38 8.4632e-15  32284.93 0 
 32313.85 8.5022e-15  32508.74 0 
 32462.99 8.7203e-15  32658.78 0 
 32688.04 9.3871e-15  32885.18 0 
 32914.60 1.1338e-14  33113.11 0 
 33066.52 1.1234e-14  33265.94 0 
 33295.74 9.0476e-15  33496.55 0 
 33526.52 8.1947e-15  33728.72 0 
 33681.30 7.7899e-15  33884.43 0 
 33914.75 7.5428e-15  34119.29 0 
 34071.28 7.3542e-15  34276.77 0 
 34307.47 7.2033e-15  34514.38 0 
 34465.82 7.0719e-15  34673.68 0 
 34704.75 6.9428e-15  34914.05 0 
 34864.92 6.8318e-15  35075.20 0 
 35106.58 6.7071e-15  35318.30 0 
 35268.65 6.5847e-15  35481.36 0 
 35513.10 6.4794e-15  35727.28 0 
 35677.01 6.3758e-15  35892.18 0 
 35924.33 6.2738e-15  36140.99 0 
 36090.14 6.1735e-15  36307.80 0 
 36340.33 6.0748e-15  36559.50 0 
 36508.05 5.9639e-15  36728.23 0 
 36676.56 5.8551e-15  36897.75 0 
 36930.81 5.7482e-15  37153.54 0 
 37101.26 5.6433e-15  37325.02 0 
 37272.50 5.5659e-15  37497.29 0 
 37530.88 5.4517e-15  37757.23 0 
 37704.11 5.3893e-15  37931.50 0 
 37878.13 5.2909e-15  38106.57 0 
 38140.71 5.2064e-15  38370.73 0 
 38316.74 5.1349e-15  38547.83 0 
 38493.60 5.0528e-15  38725.75 0 
 38671.30 4.9606e-15  38904.53 0 
 38939.34 4.8700e-15  39174.18 0 
 39119.06 4.8032e-15  39354.99 0 
 39299.66 4.7264e-15  39536.67 0 
 39481.04 4.6295e-15  39719.15 0 
 39663.27 4.5555e-15  39902.48 0 
 39938.22 4.4723e-15  40179.09 0 
 40122.56 4.4110e-15  40364.54 0 
 40307.74 4.3404e-15  40550.84 0 
 40493.82 4.2612e-15  40738.04 0 
 40680.72 4.2028e-15  40926.07 0 
 40868.48 4.1451e-15  41114.96 0 
 41057.15 4.0788e-15  41304.77 0 
 41341.73 4.0228e-15  41591.06 0 
 41532.54 3.9585e-15  41783.02 0 
 41724.27 3.9042e-15  41975.91 0 
 41916.85 3.8418e-15  42169.65 0 
 42110.31 3.7891e-15  42364.28 0 
 42304.72 3.7457e-15  42559.86 0 
 42499.98 3.6858e-15  42756.29 0 
 42696.13 3.6352e-15  42953.63 0 
 42893.24 3.5199e-15  43151.93 0 
 43091.21 3.3926e-15  43351.10 0 
 43290.10 3.3848e-15  43551.18 0 
 43489.90 3.2774e-15  43752.19 0 
 43690.68 3.2176e-15  43954.18 0 
 43892.33 3.1735e-15  44157.04 0 
 44094.91 3.0870e-15  44360.85 0 
 44298.48 3.0516e-15  44565.64 0 
 44502.93 3.0098e-15  44771.33 0 
 44708.34 2.9413e-15  44977.97 0 
 44914.74 2.9277e-15  45185.62 0 
 45122.04 2.8809e-15  45394.17 0 
 45330.30 2.8349e-15  45603.68 0 
 45539.52 2.8154e-15  45814.16 0 
 45749.75 2.7831e-15  46025.67 0 
 45855.21 2.7198e-15  46131.76 0 
 46066.85 2.7135e-15  46344.68 0 
 46279.52 2.6763e-15  46558.63 0 
 46493.12 2.6518e-15  46773.52 0 
 46707.71 2.6335e-15  46989.40 0 
 46923.29 2.6034e-15  47206.28 0 
 47139.91 2.5676e-15  47424.21 0 
 47248.57 2.5617e-15  47533.53 0 
 47466.65 2.5266e-15  47752.92 0 
 47685.78 2.5034e-15  47973.37 0 
 47905.87 2.4805e-15  48194.79 0 
 48126.98 2.4464e-15  48417.23 0 
 48349.11 2.4464e-15  48640.70 0 
 48460.61 2.4129e-15  48752.87 0 
 48684.27 2.3852e-15  48977.89 0 
 48908.98 2.3634e-15  49203.95 0 
 49134.71 2.3363e-15  49431.04 0 
 49248.02 2.3202e-15  49545.04 0 
 49475.33 2.2937e-15  49773.71 0 
 49703.68 2.2886e-15  50003.44 0 
 49933.14 2.2756e-15  50234.29 0 
 50048.24 2.2665e-15  50350.08 0 
 50279.23 2.2588e-15  50582.46 0 
 50511.29 2.2460e-15  50815.93 0 
 50744.48 2.2487e-15  51050.52 0 
 50861.45 2.2448e-15  51168.20 0 
 50978.69 2.2410e-15  51286.14 0 
 51096.20 2.2371e-15  51404.36 0 
 51213.98 2.2333e-15  51522.85 0 
 51332.03 2.2346e-15  51641.62 0 
 51450.41 2.2308e-15  51760.71 0 
 51569.01 2.2269e-15  51880.02 0 
 51687.88 2.2334e-15  51999.61 0 
 51807.02 2.2295e-15  52119.47 0 
 51926.44 2.2257e-15  52239.61 0 
 52046.14 2.2270e-15  52360.03 0 
 52166.10 2.2231e-15  52480.72 0 
 52286.41 2.2193e-15  52601.75 0 
 52406.93 2.2205e-15  52723.00 0 
 52527.74 2.2218e-15  52844.53 0 
 52648.81 2.2282e-15  52966.34 0 
 52770.18 2.2346e-15  53088.43 0 
 52891.81 2.2256e-15  53210.80 0 
 53013.79 2.2217e-15  53333.52 0 
 53135.99 2.2230e-15  53456.46 0 
 53258.47 2.2293e-15  53579.68 0 
 53381.24 2.2306e-15  53703.18 0 
 53504.29 2.2318e-15  53826.97 0 
 53627.62 2.2331e-15  53951.05 0 
 53751.23 2.2394e-15  54075.41 0 
 53875.19 2.2407e-15  54200.11 0 
 53999.38 2.2471e-15  54325.05 0 
 54123.85 2.2483e-15  54450.27 0 
 54248.61 2.2495e-15  54575.79 0 
 54373.66 2.2560e-15  54701.59 0 
 54498.99 2.2624e-15  54827.68 0 
 54624.62 2.2688e-15  54954.06 0 
 54750.59 2.2701e-15  55080.79 0 
 54876.80 2.2765e-15  55207.76 0 
 55003.29 2.2830e-15  55335.02 0 
 55130.08 2.2895e-15  55462.57 0 
 55257.15 2.3066e-15  55590.41 0 
 55384.53 2.3185e-15  55718.55 0 
 55512.25 2.3197e-15  55847.05 0 
 55640.21 2.3317e-15  55975.78 0 
 55768.47 2.3491e-15  56104.81 0 
 55897.02 2.3557e-15  56234.13 0 
 56025.87 2.3733e-15  56363.76 0 
 56155.01 2.3855e-15  56493.68 0 
 56284.45 2.3978e-15  56623.90 0 
 56414.25 2.4156e-15  56754.48 0 
 56544.29 2.4393e-15  56885.31 0 
 56674.63 2.4574e-15  57016.43 0 
 56805.27 2.4758e-15  57147.86 0 
 56936.21 2.5000e-15  57279.59 0 
 57067.45 2.5244e-15  57411.62 0 
 57199.06 2.5549e-15  57544.02 0 
 57330.91 2.5799e-15  57676.67 0 
 57463.06 2.6111e-15  57809.62 0 
 57595.51 2.6427e-15  57942.87 0 
 57728.27 2.6808e-15  58076.43 0 
 57861.34 2.7257e-15  58210.30 0 
 57994.72 2.7650e-15  58344.48 0 
 58128.46 2.8114e-15  58479.04 0 
 58262.45 2.8651e-15  58613.83 0 
 58396.75 2.9131e-15  58748.94 0 
 58531.36 2.9824e-15  58884.36 0 
 58666.28 3.0394e-15  59020.09 0 
 58801.51 3.1117e-15  59156.14 0 
 58937.05 3.1931e-15  59292.50 0 
 59197.79 3.0160e-15  59554.81 3 
 59505.78 3.0688e-15  59864.66 3 
 59813.77 3.8403e-15  60174.51 3 
 60121.78 4.7157e-15  60484.37 3 
 60429.77 4.6002e-15  60794.22 3 
 60737.76 4.9677e-15  61104.07 3 
 61045.77 5.5521e-15  61413.93 3 
 61353.76 7.5252e-15  61723.78 3 
 61661.75 1.0998e-14  62033.63 3 
 61969.75 1.3872e-14  62343.49 3 
 62277.74 1.3986e-14  62653.34 3 
 62585.74 1.2055e-14  62963.19 3 
 62893.73 9.6296e-15  63273.05 3 
 63201.73 8.3193e-15  63582.90 3 
 63509.73 6.8125e-15  63892.76 3 
 63817.72 5.9035e-15  64202.61 3 
 64125.71 5.3058e-15  64512.46 3 
 64433.72 4.6266e-15  64822.32 3 
 64741.71 4.3353e-15  65132.17 3 
 65049.70 4.1195e-15  65442.02 3 
 65357.71 3.9491e-15  65751.88 3 
 65665.70 4.0317e-15  66061.73 3 
 65973.69 4.0832e-15  66371.58 3 
 66281.70 4.2003e-15  66681.45 3 
 66589.69 3.9601e-15  66991.29 3 
 66897.68 3.9602e-15  67301.14 3 
 67205.68 3.9343e-15  67611.00 3 
 67513.68 4.0958e-15  67920.85 3 
 67821.68 4.0577e-15  68230.71 3 
 68129.67 4.0830e-15  68540.56 3 
 68437.67 4.1664e-15  68850.41 3 
 68745.67 4.2149e-15  69160.27 3 
 69053.65 4.2425e-15  69470.12 3 
 69361.66 4.5792e-15  69779.98 3 
 69669.65 5.7871e-15  70089.83 3 
 69977.64 6.0025e-15  70399.68 3 
 70285.65 5.0186e-15  70709.54 3 
 70593.64 4.9499e-15  71019.39 3 
 70901.63 4.8774e-15  71329.24 3 
 71209.64 5.2334e-15  71639.10 3 
 71517.62 5.3999e-15  71948.95 3 
 71825.63 5.4867e-15  72258.81 3 
 72133.62 5.9506e-15  72568.66 3 
 72441.61 6.0827e-15  72878.51 3 
 72749.62 6.2670e-15  73188.38 3 
 73057.61 6.7479e-15  73498.22 3 
 73365.60 7.5997e-15  73808.07 3 
 73673.60 8.3381e-15  74117.93 3 
 73981.60 9.0464e-15  74427.78 3 
 74289.59 9.7189e-15  74737.63 3 
 74597.59 1.0866e-14  75047.48 3 
 74885.43 1.1320e-14  75337.06 3 
 74905.59 1.1262e-14  75357.34 3 
 75213.59 1.2325e-14  75667.20 3 
 75502.64 1.3786e-14  75957.99 3 
 75521.58 1.3165e-14  75977.05 3 
 76119.86 1.4636e-14  76578.94 3 
 76737.07 1.4121e-14  77199.88 3 
 77354.30 1.3442e-14  77820.82 3 
 77971.51 1.2908e-14  78441.76 3 
 78588.74 1.2049e-14  79062.71 3 
 79205.96 1.0493e-14  79683.65 3 
 79823.17 8.7661e-15  80304.59 3 
 80440.40 7.4881e-15  80925.54 3 
 81057.62 6.4226e-15  81546.48 3 
 81674.83 5.9101e-15  82167.41 3 
 82292.06 5.6723e-15  82788.36 3 
 82909.27 5.6555e-15  83409.30 3 
 83526.50 5.6781e-15  84030.25 3 
 84143.72 5.5824e-15  84651.19 3 
 84760.94 5.9698e-15  85272.13 3 
 85378.15 6.5628e-15  85893.07 3 
 85995.39 6.6882e-15  86514.02 3 
 86612.59 5.9385e-15  87134.95 3 
 87229.82 4.7232e-15  87755.90 3 
 87847.04 3.7607e-15  88376.84 3 
 88464.25 2.9593e-15  88997.78 3 
 89081.47 2.5430e-15  89618.72 3 
 89698.69 2.3605e-15  90239.66 3 
 90315.91 2.0364e-15  90860.60 3 
 90933.14 1.7258e-15  91481.55 3 
 91550.35 1.6426e-15  92102.49 3 
 92167.57 1.5373e-15  92723.44 3 
 92784.80 1.3908e-15  93344.38 3 
 93402.01 1.4048e-15  93965.32 3 
 94019.23 1.3341e-15  94586.26 3 
 94636.44 1.2788e-15  95207.20 3 
 95253.67 1.2585e-15  95828.15 3 
 95870.89 1.3092e-15  96449.09 3 
 96488.10 1.4489e-15  97070.02 3 
 97105.33 1.3282e-15  97690.98 3 
 97722.56 1.1756e-15  98311.92 3 
 98339.77 1.1586e-15  98932.86 3 
 98957.00 1.1319e-15  99553.80 3 
 99574.17 1.0956e-15 100174.70 3 
100191.44 1.1259e-15 100795.70 3 
100808.62 1.1017e-15 101416.59 3 
101425.90 1.0445e-15 102037.60 3 
102043.08 1.0551e-15 102658.50 3 
102660.35 1.0913e-15 103279.49 3 
103277.54 1.1088e-15 103900.41 3 
103894.72 1.1369e-15 104521.30 3 
104511.99 1.2473e-15 105142.30 3 
105129.16 1.3978e-15 105763.20 3 
105746.45 1.5370e-15 106384.20 3 
106363.62 1.5464e-15 107005.10 3 
106980.80 1.5472e-15 107626.00 3 
107598.08 1.5926e-15 108247.00 3 
108215.26 1.6178e-15 108867.91 3 
108832.53 1.7491e-15 109488.90 3 
109449.71 2.0669e-15 110109.80 3 
110066.98 2.6138e-15 110730.80 3 
110684.17 2.8513e-15 111351.70 3 
111301.34 3.9754e-15 111972.60 3 
111918.62 6.5030e-15 112593.60 3 
112535.80 7.4340e-15 113214.50 3 
113153.07 6.2859e-15 113835.50 3 
113770.25 4.9165e-15 114456.40 3 
114387.53 3.9598e-15 115077.40 3 
115004.70 3.3531e-15 115698.30 3 
115621.88 2.9269e-15 116319.20 3 
116239.16 2.6338e-15 116940.20 3 
116856.34 2.4632e-15 117561.10 3 
117473.61 2.3424e-15 118182.09 3 
118090.79 2.3339e-15 118802.99 3 
118708.07 2.5204e-15 119424.00 3 
119325.25 2.6955e-15 120044.90 3 
119942.42 2.6936e-15 120665.80 3 
120559.71 2.6435e-15 121286.80 3 
121176.89 2.5280e-15 121907.70 3 
121794.15 2.5005e-15 122528.70 3 
122411.33 2.5957e-15 123149.59 3 
123028.52 2.8208e-15 123770.51 3 
123645.79 2.8418e-15 124391.50 3 
124262.97 2.9646e-15 125012.40 3 
124880.25 3.1529e-15 125633.40 3 
125497.43 3.3859e-15 126254.30 3 
126114.70 3.5783e-15 126875.30 3 
126731.88 3.7417e-15 127496.20 3 
127349.06 4.3053e-15 128117.10 3 
127966.34 6.3402e-15 128738.10 3 
128583.51 5.0221e-15 129359.00 3 
129200.79 2.5873e-15 129980.00 3 
129817.97 2.0728e-15 130600.90 3 
130435.14 1.9421e-15 131221.80 3 
131052.42 1.9082e-15 131842.80 3 
131669.60 1.9056e-15 132463.70 3 
132286.88 1.8803e-15 133084.70 3 
132904.05 1.8302e-15 133705.59 3 
133521.33 1.8389e-15 134326.59 3 
134138.51 1.8155e-15 134947.50 3 
134755.69 1.8076e-15 135568.41 3 
135372.97 1.8476e-15 136189.41 3 
135990.14 1.7830e-15 136810.30 3 
136607.42 1.7003e-15 137431.30 3 
137224.60 1.6504e-15 138052.20 3 
137841.88 1.5742e-15 138673.20 3 
138459.05 1.5520e-15 139294.09 3 
139076.23 1.5546e-15 139915.00 3 
139693.51 1.5709e-15 140536.00 3 
140310.69 1.5681e-15 141156.91 3 
140927.95 1.6551e-15 141777.89 3 
141545.14 1.6467e-15 142398.80 3 
142162.42 1.6142e-15 143019.80 3 
142779.60 1.5837e-15 143640.70 3 
143396.77 1.5059e-15 144261.59 3 
144014.06 1.4328e-15 144882.61 3 
144545.15 1.4052e-15 145416.91 3 
145456.55 1.3436e-15 146333.80 3 
146368.05 1.3028e-15 147250.80 3 
147279.46 1.2418e-15 148167.70 3 
148190.85 1.2118e-15 149084.59 3 
149102.26 1.1970e-15 150001.50 3 
150013.77 1.1806e-15 150918.50 3 
150925.18 1.2009e-15 151835.41 3 
151836.57 1.1811e-15 152752.30 3 
152748.07 1.2136e-15 153669.30 3 
153659.48 1.2091e-15 154586.20 3 
154570.88 1.3422e-15 155503.09 3 
155482.29 1.6292e-15 156420.00 3 
156393.79 1.5046e-15 157337.00 3 
157305.20 1.3111e-15 158253.91 3 
158216.59 1.3320e-15 159170.80 3 
159128.10 1.3448e-15 160087.80 3 
160039.50 1.3526e-15 161004.70 3 
160950.90 1.3595e-15 161921.59 3 
161862.40 1.4205e-15 162838.59 3 
162773.81 1.5729e-15 163755.50 3 
163685.21 1.9239e-15 164672.39 3 
164596.61 2.1246e-15 165589.30 3 
165508.13 1.9503e-15 166506.31 3 
166419.51 1.8589e-15 167423.19 3 
167330.92 1.8761e-15 168340.09 3 
168242.33 1.8583e-15 169257.00 3 
169153.83 1.9367e-15 170174.00 3 
170065.24 2.3277e-15 171090.91 3 
170976.65 2.3049e-15 172007.81 3 
171888.16 2.0120e-15 172924.81 3 
172799.55 1.9902e-15 173841.70 3 
173710.96 1.9633e-15 174758.61 3 
174622.46 1.8160e-15 175675.61 3 
175533.86 1.6113e-15 176592.50 3 
176445.26 1.5482e-15 177509.41 3 
177356.66 1.5452e-15 178426.30 3 
178268.16 1.5733e-15 179343.30 3 
179179.57 1.5055e-15 180260.20 3 
180090.97 1.3917e-15 181177.09 3 
181002.47 1.3741e-15 182094.09 3 
181913.88 1.3361e-15 183011.00 3 
182825.27 1.3575e-15 183927.89 3 
183736.77 1.3533e-15 184844.89 3 
184648.18 1.3886e-15 185761.80 3 
185559.59 1.4519e-15 186678.70 3 
186470.99 2.1278e-15 187595.59 3 
187382.49 2.4795e-15 188512.59 3 
188293.90 1.7010e-15 189429.50 3 
189205.29 1.4838e-15 190346.39 3 
190116.81 1.4725e-15 191263.41 3 
191028.22 1.4468e-15 192180.31 3 
191939.60 1.4176e-15 193097.19 3 
192851.01 1.3869e-15 194014.09 3 
193762.53 1.4134e-15 194931.11 3 
194673.92 1.4619e-15 195848.00 3 
195585.33 1.4480e-15 196764.91 3 
196496.83 1.4119e-15 197681.91 3 
197408.23 1.4437e-15 198598.80 3 
198319.64 1.4876e-15 199515.70 3 
199231.05 1.4517e-15 200432.61 3 
200142.55 1.5009e-15 201349.61 3 
201053.94 1.4898e-15 202266.50 3 
201965.35 1.4634e-15 203183.41 3 
202876.86 1.4398e-15 204100.41 3 
203970.35 1.4145e-15 205200.50 3 
205725.08 1.5660e-15 206965.81 3 
207480.89 1.4797e-15 208732.20 3 
209237.59 1.4657e-15 210499.50 3 
210995.38 1.5383e-15 212267.89 3 
212754.18 1.5378e-15 214037.30 3 
214514.06 1.4728e-15 215807.80 3 
216274.83 1.5437e-15 217579.19 3 
218036.71 1.6371e-15 219351.69 3 
219799.59 1.5917e-15 221125.20 3 
221563.55 1.5356e-15 222899.80 3 
223328.51 1.6324e-15 224675.41 3 
225094.46 1.7020e-15 226452.00 3 
226861.49 1.6810e-15 228229.69 3 
228629.53 1.6632e-15 230008.39 3 
230398.56 1.7082e-15 231788.09 3 
232168.68 1.7155e-15 233568.89 3 
233939.81 1.7566e-15 235350.70 3 
235712.01 1.7407e-15 237133.59 3 
237485.32 1.7321e-15 238917.59 3 
239259.62 1.7474e-15 240702.59 3 
241034.91 1.7628e-15 242488.59 3 
242811.31 1.7547e-15 244275.70 3 
244588.68 1.7665e-15 246063.80 3 
246367.27 1.7752e-15 247853.11 3 
248146.74 1.7634e-15 249643.31 3 
249927.28 1.7892e-15 251434.59 3 
251708.94 1.7897e-15 253227.00 3 
253491.69 1.7793e-15 255020.50 3 
255275.43 1.8255e-15 256815.00 3 
257060.26 1.8614e-15 258610.59 3 
258846.20 1.9270e-15 260407.30 3 
260633.21 1.9077e-15 262205.09 3 
262421.24 1.8375e-15 264003.91 3 
264210.33 1.8390e-15 265803.78 3 
266000.56 1.8964e-15 267604.81 3 
267791.73 1.8764e-15 269406.78 3 
269584.14 1.9049e-15 271210.00 3 
271377.51 1.9094e-15 273014.19 3 
273172.00 1.9411e-15 274819.50 3 
274967.58 1.9091e-15 276625.91 3 
276764.24 1.9171e-15 278433.41 3 
278561.99 1.9553e-15 280242.00 3 
280360.83 2.0299e-15 282051.69 3 
282160.79 2.0636e-15 283862.50 3 
283961.83 2.0033e-15 285674.41 3 
285763.96 1.9767e-15 287487.41 3 
287567.18 1.9732e-15 289301.50 3 
289371.49 2.0018e-15 291116.69 3 
291176.91 1.9982e-15 292933.00 3 
292983.42 1.9829e-15 294750.41 3 
294791.02 2.0261e-15 296568.91 3 
296599.80 2.0294e-15 298388.59 3 
298409.70 2.0385e-15 300209.41 3 
300220.56 2.0453e-15 302031.19 3 
302032.63 2.0770e-15 303854.19 3 
303845.79 2.0833e-15 305678.28 3 
305660.16 2.1367e-15 307503.59 3 
307475.52 2.0981e-15 309329.91 3 
309292.07 2.1155e-15 311157.41 3 
311109.79 2.1427e-15 312986.09 3 
312928.54 2.1135e-15 314815.81 3 
314748.47 2.1687e-15 316646.72 3 
316569.55 2.2270e-15 318478.78 3 
318391.65 2.2224e-15 320311.88 3 
320214.97 2.3123e-15 322146.19 3 
322039.50 2.3953e-15 323981.72 3 
323865.05 2.3003e-15 325818.28 3 
325691.72 2.3402e-15 327655.97 3 
327519.64 2.3647e-15 329494.91 3 
329348.70 2.4408e-15 331335.00 3 
331178.85 2.4631e-15 333176.19 3 
333010.12 2.7369e-15 335018.50 3 
334842.56 3.4004e-15 336862.00 3 
336676.22 2.9131e-15 338706.72 3 
338511.03 2.5713e-15 340552.59 3 
340346.96 2.4585e-15 342399.59 3 
342184.01 2.4542e-15 344247.72 3 
344022.30 2.5607e-15 346097.09 3 
345861.73 2.7414e-15 347947.62 3 
347702.32 3.5814e-15 349799.31 3 
