# An Atlas of Galaxy Spectral Energy Distributions from the Ultraviolet to the Mid-Infrared
# Brown et al. (2014)
# http://dx.doi.org/10.5072/03/529D3551F0117
# 
# Column 1 : Restframe Wavelength (Angstrom)
# Column 2 : Flux per unit wavelength (ergs/s/cm^2/Angstrom)
# Column 3 : Observed wavelength (Angstrom)
# Column 4 : Source (0 = model, 1 = Optical Spectrum, 2 = Akari, 3 = Spitzer IRS)
# 
   100.08 1.2981e-21    100.23 0 
   101.94 1.8849e-21    102.09 0 
   104.07 2.4905e-21    104.23 0 
   106.01 3.3519e-21    106.17 0 
   107.98 4.5845e-21    108.14 0 
   109.98 7.1169e-21    110.15 0 
   114.11 1.1730e-20    114.29 0 
   118.12 1.8126e-20    118.30 0 
   120.87 7.1498e-20    121.06 0 
   125.12 1.0193e-19    125.31 0 
   126.86 1.1811e-19    127.06 0 
   128.04 1.2921e-19    128.23 0 
   131.02 1.5787e-19    131.22 0 
   131.93 1.9111e-19    132.13 0 
   134.07 2.1642e-19    134.28 0 
   136.88 2.9737e-19    137.09 0 
   140.07 3.5424e-19    140.28 0 
   143.00 1.0240e-18    143.22 0 
   147.00 2.7816e-18    147.23 0 
   151.12 3.3059e-18    151.36 0 
   155.00 3.9563e-18    155.24 0 
   158.98 4.7238e-18    159.22 0 
   161.93 5.3492e-18    162.18 0 
   166.08 6.3722e-18    166.34 0 
   169.95 7.4010e-18    170.22 0 
   173.11 8.3041e-18    173.38 0 
   177.15 9.5564e-18    177.42 0 
   180.02 1.0575e-17    180.30 0 
   182.11 1.1332e-17    182.39 0 
   185.92 1.2891e-17    186.21 0 
   191.13 1.5076e-17    191.43 0 
   193.79 1.6607e-17    194.09 0 
   197.85 1.8591e-17    198.15 0 
   201.99 2.0859e-17    202.30 0 
   204.80 2.2662e-17    205.12 0 
   210.05 2.4734e-17    210.38 0 
   215.94 2.9943e-17    216.27 0 
   219.95 3.3135e-17    220.29 0 
   223.01 3.5180e-17    223.36 0 
   227.16 3.8841e-17    227.51 0 
   229.79 6.1559e-17    230.14 0 
   234.06 1.0872e-16    234.42 0 
   240.07 1.4266e-16    240.44 0 
   246.22 1.4431e-16    246.60 0 
   251.96 1.6266e-16    252.35 0 
   257.23 1.4464e-16    257.63 0 
   260.21 1.7072e-16    260.62 0 
   263.83 1.8548e-16    264.24 0 
   268.74 1.9377e-16    269.15 0 
   273.73 2.0104e-16    274.16 0 
   278.82 2.0907e-16    279.25 0 
   284.01 2.1742e-16    284.45 0 
   289.95 2.1642e-16    290.40 0 
   296.03 2.2977e-16    296.48 0 
   300.84 2.3512e-16    301.30 0 
   307.84 2.4848e-16    308.32 0 
   317.93 2.6810e-16    318.42 0 
   328.34 2.8268e-16    328.85 0 
   338.32 2.9464e-16    338.84 0 
   347.80 3.0499e-16    348.34 0 
   356.72 3.1499e-16    357.27 0 
   365.87 3.2681e-16    366.44 0 
   375.26 3.3442e-16    375.84 0 
   384.88 3.3288e-16    385.48 0 
   394.76 3.5099e-16    395.37 0 
   404.88 3.6082e-16    405.51 0 
   414.31 3.6584e-16    414.95 0 
   422.02 3.6838e-16    422.67 0 
   429.86 3.7093e-16    430.53 0 
   440.89 3.7870e-16    441.57 0 
   451.16 3.8045e-16    451.86 0 
   459.55 3.8220e-16    460.26 0 
   470.25 3.8485e-16    470.98 0 
   480.10 3.9020e-16    480.84 0 
   490.15 3.8752e-16    490.91 0 
   500.41 3.9472e-16    501.19 0 
   506.21 3.9654e-16    506.99 0 
   512.07 4.4698e-16    512.86 0 
   520.39 4.5216e-16    521.19 0 
   530.07 4.5425e-16    530.88 0 
   539.92 4.4698e-16    540.75 0 
   549.96 4.7785e-16    550.81 0 
   560.18 5.1203e-16    561.05 0 
   570.60 5.4112e-16    571.48 0 
   579.87 5.3616e-16    580.76 0 
   590.65 5.8116e-16    591.56 0 
   600.25 5.8384e-16    601.17 0 
   610.00 5.9332e-16    610.94 0 
   619.91 6.9070e-16    620.87 0 
   629.98 7.1993e-16    630.96 0 
   640.22 7.4867e-16    641.21 0 
   650.62 8.0592e-16    651.63 0 
   658.16 8.3232e-16    659.17 0 
   664.25 8.8980e-16    665.27 0 
   675.04 9.2745e-16    676.08 0 
   684.43 9.1473e-16    685.49 0 
   695.55 1.1048e-15    696.63 0 
   705.23 1.0551e-15    706.32 0 
   716.69 1.2714e-15    717.79 0 
   726.66 1.3437e-15    727.78 0 
   735.07 1.4135e-15    736.21 0 
   745.30 1.5427e-15    746.45 0 
   755.67 1.6493e-15    756.83 0 
   764.42 1.6838e-15    765.60 0 
   775.05 1.9067e-15    776.25 0 
   785.83 1.9966e-15    787.05 0 
   794.93 2.1592e-15    796.16 0 
   804.14 2.3030e-15    805.38 0 
   815.32 2.4338e-15    816.58 0 
   824.76 2.6625e-15    826.04 0 
   834.31 2.2766e-15    835.60 0 
   845.92 2.8993e-15    847.23 0 
   855.72 3.0220e-15    857.04 0 
   865.63 3.2907e-15    866.96 0 
   875.65 3.5342e-15    877.00 0 
   885.79 3.8220e-15    887.16 0 
   893.98 4.0578e-15    895.36 0 
   904.34 4.1523e-15    905.73 0 
   914.81 5.4991e-15    916.22 0 
   925.40 2.9532e-14    926.83 0 
   933.96 6.3138e-14    935.41 0 
   944.78 1.1811e-13    946.24 0 
   955.72 1.6645e-13    957.19 0 
   964.56 1.8893e-13    966.05 0 
   975.73 3.3674e-14    977.24 0 
   984.76 1.6154e-13    986.28 0 
   993.87 1.7151e-13    995.41 0 
  1005.38 2.5020e-13   1006.93 0 
  1014.68 2.4282e-13   1016.25 0 
  1024.07 1.0872e-13   1025.65 0 
  1035.93 1.7430e-13   1037.53 0 
  1045.51 3.2983e-13   1047.13 0 
  1055.19 3.2456e-13   1056.82 0 
  1064.95 2.5840e-13   1066.60 0 
  1074.81 3.0853e-13   1076.47 0 
  1084.75 2.4677e-13   1086.43 0 
  1094.79 3.2756e-13   1096.48 0 
  1104.92 3.1571e-13   1106.62 0 
  1115.14 3.0499e-13   1116.86 0 
  1125.46 2.7434e-13   1127.20 0 
  1135.87 3.5018e-13   1137.63 0 
  1143.75 3.2011e-13   1145.51 0 
  1154.33 3.4064e-13   1156.11 0 
  1165.01 3.5180e-13   1166.81 0 
  1175.79 2.4338e-13   1177.61 0 
  1183.94 3.4379e-13   1185.77 0 
  1194.90 2.4171e-13   1196.74 0 
  1205.95 1.7754e-13   1207.81 0 
  1214.31 1.2226e-13   1216.19 0 
  1225.55 2.4060e-13   1227.44 0 
  1234.04 3.5916e-13   1235.95 0 
  1245.46 3.9563e-13   1247.38 0 
  1254.09 3.7957e-13   1256.03 0 
  1265.70 3.3059e-13   1267.65 0 
  1274.47 4.2491e-13   1276.44 0 
  1286.26 4.4596e-13   1288.25 0 
  1295.18 3.5587e-13   1297.18 0 
  1304.16 3.5342e-13   1306.17 0 
  1316.22 4.4085e-13   1318.26 0 
  1325.35 4.2295e-13   1327.39 0 
  1334.53 3.7783e-13   1336.60 0 
  1343.79 4.4801e-13   1345.86 0 
  1356.22 4.3480e-13   1358.31 0 
  1365.62 3.9110e-13   1367.73 0 
  1375.09 4.1048e-13   1377.21 0 
  1384.62 4.1619e-13   1386.76 0 
  1394.22 3.5751e-13   1396.37 0 
  1403.88 3.7008e-13   1406.05 0 
  1413.61 3.8931e-13   1415.79 0 
  1423.41 3.9838e-13   1425.61 0 
  1436.58 3.9929e-13   1438.80 0 
  1443.21 4.2004e-13   1445.44 0 
  1446.54 4.2687e-13   1448.77 0 
  1456.57 4.1619e-13   1458.81 0 
  1466.66 3.8574e-13   1468.93 0 
  1473.43 3.8663e-13   1475.71 0 
  1483.64 3.9472e-13   1485.94 0 
  1493.93 4.0114e-13   1496.24 0 
  1504.28 3.8132e-13   1506.61 0 
  1511.23 3.4142e-13   1513.56 0 
  1518.20 3.6500e-13   1520.55 0 
  1525.21 3.5505e-13   1527.57 0 
  1535.78 3.0995e-13   1538.15 0 
  1546.43 3.3365e-13   1548.82 0 
  1553.57 3.1790e-13   1555.97 0 
  1564.34 3.2907e-13   1566.75 0 
  1575.18 3.5180e-13   1577.61 0 
  1586.10 3.6838e-13   1588.55 0 
  1593.42 3.7696e-13   1595.88 0 
  1604.46 3.7008e-13   1606.94 0 
  1615.59 3.7093e-13   1618.08 0 
  1626.78 3.5342e-13   1629.30 0 
  1634.29 3.7609e-13   1636.82 0 
  1645.62 3.8220e-13   1648.16 0 
  1653.22 3.5669e-13   1655.77 0 
  1664.68 3.8752e-13   1667.25 0 
  1672.36 3.4777e-13   1674.94 0 
  1676.22 3.9291e-13   1678.80 0 
  1683.95 4.0765e-13   1686.55 0 
  1695.63 3.8397e-13   1698.24 0 
  1703.45 3.7093e-13   1706.08 0 
  1715.26 3.5261e-13   1717.91 0 
  1723.18 3.5099e-13   1725.84 0 
  1735.12 3.7436e-13   1737.80 0 
  1743.13 3.6668e-13   1745.82 0 
  1755.21 3.8931e-13   1757.92 0 
  1763.32 3.5999e-13   1766.04 0 
  1775.54 3.6753e-13   1778.28 0 
  1783.73 3.7436e-13   1786.49 0 
  1796.10 3.9746e-13   1798.87 0 
  1804.39 3.9563e-13   1807.17 0 
  1816.90 3.6753e-13   1819.70 0 
  1825.28 3.7523e-13   1828.10 0 
  1833.71 3.6165e-13   1836.54 0 
  1846.42 3.3442e-13   1849.27 0 
  1854.94 3.3674e-13   1857.80 0 
  1863.50 3.4697e-13   1866.38 0 
  1876.42 3.7264e-13   1879.32 0 
  1885.08 3.4458e-13   1887.99 0 
  1893.78 3.3212e-13   1896.71 0 
  1906.91 3.5180e-13   1909.85 0 
  1915.71 3.3985e-13   1918.67 0 
  1924.55 3.3212e-13   1927.53 0 
  1933.44 3.4221e-13   1936.42 0 
  1946.84 3.5834e-13   1949.84 0 
  1955.83 3.3519e-13   1958.84 0 
  1964.85 3.6584e-13   1967.89 0 
  1973.92 3.7609e-13   1976.97 0 
  1983.03 3.5669e-13   1986.10 0 
  1996.78 3.4777e-13   1999.86 0 
  2006.00 3.5751e-13   2009.09 0 
  2015.26 3.4777e-13   2018.37 0 
  2024.56 3.6165e-13   2027.68 0 
  2033.90 3.4458e-13   2037.04 0 
  2043.29 3.5669e-13   2046.45 0 
  2052.72 3.3596e-13   2055.89 0 
  2066.95 3.4064e-13   2070.14 0 
  2071.71 3.6753e-13   2074.91 0 
  2076.49 3.5261e-13   2079.70 0 
  2086.07 3.6584e-13   2089.30 0 
  2095.70 3.4697e-13   2098.94 0 
  2105.38 3.5018e-13   2108.63 0 
  2115.10 3.5424e-13   2118.36 0 
  2124.86 3.5834e-13   2128.14 0 
  2134.67 3.3674e-13   2137.96 0 
  2144.52 3.4379e-13   2147.83 0 
  2154.42 3.5587e-13   2157.74 0 
  2164.36 3.4458e-13   2167.70 0 
  2174.35 3.4300e-13   2177.71 0 
  2184.39 3.3907e-13   2187.76 0 
  2194.47 3.5342e-13   2197.86 0 
  2204.60 3.4458e-13   2208.01 0 
  2214.78 3.2907e-13   2218.20 0 
  2225.00 3.2084e-13   2228.44 0 
  2235.27 3.4064e-13   2238.72 0 
  2245.59 3.2832e-13   2249.05 0 
  2255.95 3.1499e-13   2259.44 0 
  2266.37 3.2084e-13   2269.86 0 
  2276.83 3.2832e-13   2280.34 0 
  2287.34 3.3674e-13   2290.87 0 
  2292.61 3.1790e-13   2296.15 0 
  2303.19 3.2083e-13   2306.75 0 
  2313.82 3.0779e-13   2317.39 0 
  2324.50 2.5190e-13   2328.09 0 
  2335.23 2.8853e-13   2338.84 0 
  2346.01 2.7936e-13   2349.63 0 
  2356.84 3.0001e-13   2360.48 0 
  2367.72 2.7805e-13   2371.37 0 
  2373.18 2.8583e-13   2376.84 0 
  2384.13 2.6612e-13   2387.81 0 
  2395.14 2.8122e-13   2398.83 0 
  2406.19 2.7166e-13   2409.91 0 
  2417.30 2.7733e-13   2421.03 0 
  2422.87 2.9375e-13   2426.61 0 
  2434.05 2.8376e-13   2437.81 0 
  2445.29 2.9780e-13   2449.06 0 
  2456.57 2.9437e-13   2460.37 0 
  2462.24 2.9166e-13   2466.04 0 
  2473.60 2.8174e-13   2477.42 0 
  2485.02 2.8433e-13   2488.86 0 
  2496.49 2.6351e-13   2500.35 0 
  2502.25 2.9770e-13   2506.11 0 
  2513.80 2.6592e-13   2517.68 0 
  2519.59 2.7211e-13   2523.48 0 
  2525.40 2.6346e-13   2529.30 0 
  2537.06 2.6773e-13   2540.97 0 
  2542.90 2.6405e-13   2546.83 0 
  2554.64 2.8291e-13   2558.59 0 
  2566.43 2.7518e-13   2570.40 0 
  2572.35 2.8881e-13   2576.32 0 
  2584.22 2.8482e-13   2588.21 0 
  2596.15 2.8090e-13   2600.16 0 
  2602.14 2.7198e-13   2606.15 0 
  2614.15 2.6761e-13   2618.18 0 
  2626.21 2.7956e-13   2630.27 0 
  2632.27 2.9071e-13   2636.33 0 
  2644.42 3.1364e-13   2648.50 0 
  2656.62 3.2314e-13   2660.72 0 
  2662.75 2.9200e-13   2666.86 0 
  2675.04 3.0433e-13   2679.17 0 
  2687.39 3.0642e-13   2691.54 0 
  2693.58 2.8994e-13   2697.74 0 
  2706.01 2.9873e-13   2710.19 0 
  2712.25 2.8266e-13   2716.44 0 
  2724.77 2.8004e-13   2728.98 0 
  2737.35 2.9255e-13   2741.57 0 
  2743.66 2.5655e-13   2747.89 0 
  2756.32 2.6372e-13   2760.58 0 
  2762.68 2.7424e-13   2766.94 0 
  2775.43 2.8451e-13   2779.71 0 
  2781.83 2.6674e-13   2786.12 0 
  2794.67 2.2134e-13   2798.98 0 
  2807.57 2.3443e-13   2811.90 0 
  2814.04 2.7990e-13   2818.38 0 
  2827.03 2.9578e-13   2831.39 0 
  2833.54 2.8573e-13   2837.92 0 
  2846.62 2.7664e-13   2851.02 0 
  2853.19 2.6236e-13   2857.59 0 
  2866.35 2.9233e-13   2870.78 0 
  2872.96 2.9638e-13   2877.40 0 
  2886.22 2.9297e-13   2890.68 0 
  2892.88 2.9499e-13   2897.34 0 
  2912.93 3.2045e-13   2917.43 0 
  2933.12 3.0669e-13   2937.65 0 
  2946.66 3.0038e-13   2951.21 0 
  2967.09 3.0593e-13   2971.67 0 
  2987.65 3.0589e-13   2992.27 0 
  3008.36 3.0798e-13   3013.01 0 
  3029.21 3.0865e-13   3033.89 0 
  3050.21 3.0932e-13   3054.92 0 
  3071.35 3.1215e-13   3076.10 0 
  3092.64 3.1211e-13   3097.42 0 
  3106.92 3.1570e-13   3111.72 0 
  3128.46 3.0918e-13   3133.29 0 
  3150.14 3.0915e-13   3155.01 0 
  3171.98 3.1269e-13   3176.87 0 
  3186.62 2.9517e-13   3191.54 0 
  3208.71 3.0621e-13   3213.66 0 
  3230.95 2.8971e-13   3235.94 0 
  3253.34 3.1326e-13   3258.37 0 
  3268.36 3.2649e-13   3273.41 0 
  3291.01 3.2345e-13   3296.10 0 
  3306.21 3.2046e-13   3311.31 0 
  3321.47 3.2117e-13   3326.60 0 
  3329.12 3.3168e-13   3334.26 0 
  3336.80 3.3473e-13   3341.95 0 
  3344.49 3.1527e-13   3349.66 0 
  3352.20 3.1164e-13   3357.38 0 
  3359.93 3.2258e-13   3365.12 0 
  3367.67 3.2035e-13   3372.87 0 
  3375.44 2.8814e-13   3380.65 0 
  3383.22 2.9552e-13   3388.44 0 
  3391.02 3.2476e-13   3396.25 0 
  3398.83 3.2624e-13   3404.08 0 
  3406.67 3.1734e-13   3411.93 0 
  3414.52 3.1952e-13   3419.79 0 
  3422.39 3.3766e-13   3427.68 0 
  3430.28 3.2694e-13   3435.58 0 
  3438.19 3.3147e-13   3443.50 0 
  3446.12 2.8935e-13   3451.44 0 
  3454.06 3.2241e-13   3459.39 0 
  3462.02 2.9811e-13   3467.37 0 
  3470.00 3.1287e-13   3475.36 0 
  3478.00 2.8996e-13   3483.37 0 
  3486.02 3.0502e-13   3491.40 0 
  3494.06 3.0151e-13   3499.45 0 
  3502.11 3.2158e-13   3507.52 0 
  3510.18 3.1424e-13   3515.60 0 
  3518.28 3.0566e-13   3523.71 0 
  3526.39 3.0076e-13   3531.83 0 
  3534.52 3.2004e-13   3539.97 0 
  3542.66 3.3665e-13   3548.13 0 
  3550.83 3.3509e-13   3556.31 0 
  3559.02 3.2295e-13   3564.51 0 
  3567.22 3.1998e-13   3572.73 0 
  3575.44 2.9248e-13   3580.96 0 
  3583.69 2.8189e-13   3589.22 0 
  3591.95 2.7419e-13   3597.49 0 
  3600.23 3.2586e-13   3605.79 0 
  3608.53 3.0340e-13   3614.10 0 
  3616.85 3.0903e-13   3622.43 0 
  3625.18 3.2657e-13   3630.78 0 
  3633.54 3.2356e-13   3639.15 0 
  3641.92 3.3801e-13   3647.54 0 
  3650.31 3.1399e-13   3655.95 0 
  3658.73 3.5066e-13   3664.37 0 
  3667.16 3.4663e-13   3672.82 0 
  3675.61 3.5144e-13   3681.29 0 
  3684.09 3.1976e-13   3689.78 0 
  3692.58 3.2719e-13   3698.28 0 
  3701.09 3.3557e-13   3706.81 0 
  3709.62 2.9293e-13   3715.35 0 
  3718.18 3.4813e-13   3723.92 0 
  3726.75 2.9021e-13   3732.50 0 
  3735.34 3.0388e-13   3741.11 0 
  3743.95 3.7903e-13   3749.73 0 
  3752.58 2.5099e-13   3758.37 0 
  3761.23 3.8074e-13   3767.04 0 
  3769.90 3.4963e-13   3775.72 0 
  3778.59 3.6609e-13   3784.43 0 
  3787.30 4.6619e-13   3793.15 0 
  3796.03 3.7979e-13   3801.89 0 
  3804.78 3.2774e-13   3810.66 0 
  3813.55 4.6612e-13   3819.44 0 
  3822.35 4.3299e-13   3828.25 0 
  3831.16 3.6514e-13   3837.07 0 
  3839.99 2.3738e-13   3845.92 0 
  3848.84 4.2016e-13   3854.78 0 
  3857.71 4.6493e-13   3863.67 0 
  3866.61 4.7355e-13   3872.58 0 
  3875.52 4.3486e-13   3881.50 0 
  3884.45 4.1146e-13   3890.45 0 
  3893.41 2.5722e-13   3899.42 0 
  3902.38 4.2882e-13   3908.41 0 
  3911.38 4.7671e-13   3917.42 0 
  3920.40 5.0261e-13   3926.45 0 
  3929.43 4.8329e-13   3935.50 0 
  3938.49 3.0074e-13   3944.57 0 
  3947.57 4.6899e-13   3953.67 0 
  3956.67 4.8545e-13   3962.78 0 
  3965.79 3.8205e-13   3971.92 0 
  3974.93 2.2444e-13   3981.07 0 
  3984.10 4.7106e-13   3990.25 0 
  3993.28 5.2851e-13   3999.45 0 
  3994.60 5.2084e-13   4000.77 1 
  3997.35 5.1847e-13   4003.52 1 
  4000.09 5.5883e-13   4006.27 1 
  4002.84 5.5767e-13   4009.02 1 
  4005.59 5.5812e-13   4011.77 1 
  4008.33 5.4896e-13   4014.52 1 
  4011.08 5.6507e-13   4017.27 1 
  4013.82 5.7763e-13   4020.02 1 
  4016.57 5.7890e-13   4022.77 1 
  4019.31 5.7199e-13   4025.52 1 
  4022.06 5.7186e-13   4028.27 1 
  4024.81 5.4279e-13   4031.02 1 
  4027.55 5.2665e-13   4033.77 1 
  4030.30 5.6104e-13   4036.52 1 
  4033.04 5.6026e-13   4039.27 1 
  4035.79 5.9017e-13   4042.02 1 
  4038.53 5.9841e-13   4044.77 1 
  4041.28 5.6176e-13   4047.52 1 
  4044.03 5.5173e-13   4050.27 1 
  4046.77 5.7315e-13   4053.02 1 
  4049.52 5.5732e-13   4055.77 1 
  4052.26 5.9433e-13   4058.52 1 
  4055.01 5.9047e-13   4061.27 1 
  4057.75 5.4181e-13   4064.02 1 
  4060.50 5.2535e-13   4066.77 1 
  4063.25 5.2319e-13   4069.52 1 
  4065.99 5.5103e-13   4072.27 1 
  4068.74 5.5387e-13   4075.02 1 
  4071.48 5.5317e-13   4077.77 1 
  4074.23 5.3495e-13   4080.52 1 
  4076.98 5.2723e-13   4083.27 1 
  4079.72 5.6156e-13   4086.02 1 
  4082.47 5.2588e-13   4088.77 1 
  4085.21 5.2350e-13   4091.52 1 
  4087.96 5.2320e-13   4094.27 1 
  4090.70 5.0715e-13   4097.02 1 
  4093.45 5.0140e-13   4099.77 1 
  4096.20 4.7747e-13   4102.52 1 
  4098.94 4.4574e-13   4105.27 1 
  4101.69 4.3281e-13   4108.02 1 
  4104.43 4.3502e-13   4110.77 1 
  4107.18 4.5658e-13   4113.52 1 
  4109.92 4.7989e-13   4116.27 1 
  4112.67 5.0281e-13   4119.02 1 
  4115.42 5.2123e-13   4121.77 1 
  4118.16 5.2350e-13   4124.52 1 
  4120.91 5.4084e-13   4127.27 1 
  4123.65 5.5044e-13   4130.02 1 
  4126.40 5.3946e-13   4132.77 1 
  4129.14 5.3917e-13   4135.52 1 
  4131.89 5.3217e-13   4138.27 1 
  4134.64 5.3803e-13   4141.02 1 
  4137.38 5.4211e-13   4143.77 1 
  4140.13 5.3926e-13   4146.52 1 
  4142.87 5.6149e-13   4149.27 1 
  4145.62 5.6788e-13   4152.02 1 
  4148.36 5.5533e-13   4154.77 1 
  4151.11 5.4712e-13   4157.52 1 
  4153.86 5.4125e-13   4160.27 1 
  4156.60 5.3867e-13   4163.02 1 
  4159.35 5.5656e-13   4165.77 1 
  4162.09 5.5250e-13   4168.52 1 
  4164.84 5.5210e-13   4171.27 1 
  4167.59 5.4107e-13   4174.02 1 
  4170.33 5.4688e-13   4176.77 1 
  4173.08 5.3415e-13   4179.52 1 
  4175.82 5.2894e-13   4182.27 1 
  4178.57 5.4089e-13   4185.02 1 
  4181.31 5.3462e-13   4187.77 1 
  4184.06 5.3246e-13   4190.52 1 
  4186.81 5.3750e-13   4193.27 1 
  4189.55 5.4303e-13   4196.02 1 
  4192.30 5.5791e-13   4198.77 1 
  4195.04 5.6032e-13   4201.52 1 
  4197.79 5.3818e-13   4204.27 1 
  4200.53 5.3568e-13   4207.02 1 
  4203.28 5.5265e-13   4209.77 1 
  4206.03 5.5233e-13   4212.52 1 
  4208.77 5.5483e-13   4215.27 1 
  4211.52 5.4792e-13   4218.02 1 
  4214.26 5.4460e-13   4220.77 1 
  4217.01 5.4579e-13   4223.52 1 
  4219.75 5.3615e-13   4226.27 1 
  4222.50 5.4087e-13   4229.02 1 
  4225.25 5.3010e-13   4231.77 1 
  4227.99 5.3320e-13   4234.52 1 
  4230.74 5.3284e-13   4237.27 1 
  4233.48 5.3356e-13   4240.02 1 
  4236.23 5.4814e-13   4242.77 1 
  4238.98 5.7343e-13   4245.52 1 
  4241.72 5.5249e-13   4248.27 1 
  4244.47 5.5122e-13   4251.02 1 
  4247.21 5.4215e-13   4253.77 1 
  4249.96 5.2395e-13   4256.52 1 
  4252.70 5.4269e-13   4259.27 1 
  4255.45 5.3543e-13   4262.02 1 
  4258.20 5.4184e-13   4264.77 1 
  4260.94 5.3220e-13   4267.52 1 
  4263.69 5.4415e-13   4270.27 1 
  4266.43 5.4102e-13   4273.02 1 
  4269.18 5.1660e-13   4275.77 1 
  4271.92 5.0850e-13   4278.52 1 
  4274.67 5.2014e-13   4281.27 1 
  4277.42 5.2299e-13   4284.02 1 
  4280.16 5.2944e-13   4286.77 1 
  4282.91 5.0770e-13   4289.52 1 
  4285.65 5.0638e-13   4292.27 1 
  4288.40 5.1179e-13   4295.02 1 
  4291.14 5.0705e-13   4297.77 1 
  4293.89 4.9100e-13   4300.52 1 
  4296.64 4.6620e-13   4303.27 1 
  4299.38 4.6480e-13   4306.02 1 
  4302.13 4.7352e-13   4308.77 1 
  4304.87 4.9134e-13   4311.52 1 
  4307.62 4.9683e-13   4314.27 1 
  4310.36 4.9285e-13   4317.02 1 
  4313.11 5.3648e-13   4319.77 1 
  4315.86 5.3121e-13   4322.52 1 
  4318.60 5.3899e-13   4325.27 1 
  4321.35 5.2071e-13   4328.02 1 
  4324.09 4.8758e-13   4330.77 1 
  4326.84 4.8722e-13   4333.52 1 
  4329.59 5.0248e-13   4336.27 1 
  4332.33 5.0497e-13   4339.02 1 
  4335.08 5.0600e-13   4341.77 1 
  4337.82 5.2334e-13   4344.52 1 
  4340.57 4.9558e-13   4347.27 1 
  4343.31 5.0336e-13   4350.02 1 
  4346.06 5.0598e-13   4352.77 1 
  4348.81 5.0615e-13   4355.52 1 
  4351.55 5.2489e-13   4358.27 1 
  4354.30 5.3882e-13   4361.02 1 
  4357.04 5.3532e-13   4363.77 1 
  4359.79 5.4377e-13   4366.52 1 
  4362.53 5.7206e-13   4369.27 1 
  4365.28 5.6335e-13   4372.02 1 
  4368.03 5.5631e-13   4374.77 1 
  4370.77 5.4369e-13   4377.52 1 
  4373.52 5.3764e-13   4380.27 1 
  4376.26 5.3467e-13   4383.02 1 
  4379.01 5.3300e-13   4385.77 1 
  4381.75 4.9542e-13   4388.52 1 
  4384.50 4.9848e-13   4391.27 1 
  4387.25 5.3137e-13   4394.02 1 
  4389.99 5.4299e-13   4396.77 1 
  4392.74 5.3505e-13   4399.52 1 
  4395.48 5.2327e-13   4402.27 1 
  4398.23 5.4936e-13   4405.02 1 
  4400.97 5.3548e-13   4407.77 1 
  4403.72 5.3532e-13   4410.52 1 
  4406.47 5.6384e-13   4413.27 1 
  4409.21 5.6043e-13   4416.02 1 
  4411.96 5.4670e-13   4418.77 1 
  4414.70 5.4446e-13   4421.52 1 
  4417.45 5.5525e-13   4424.27 1 
  4420.20 5.5445e-13   4427.02 1 
  4422.94 5.5127e-13   4429.77 1 
  4425.69 5.4992e-13   4432.52 1 
  4428.43 5.6980e-13   4435.27 1 
  4431.18 5.7251e-13   4438.02 1 
  4433.92 5.6091e-13   4440.77 1 
  4436.67 5.6000e-13   4443.52 1 
  4439.42 5.4940e-13   4446.27 1 
  4442.16 5.5833e-13   4449.02 1 
  4444.91 5.6611e-13   4451.77 1 
  4447.65 5.6827e-13   4454.52 1 
  4450.40 5.7228e-13   4457.27 1 
  4453.14 5.5280e-13   4460.02 1 
  4455.89 5.5108e-13   4462.77 1 
  4458.64 5.3977e-13   4465.52 1 
  4461.38 5.4541e-13   4468.27 1 
  4464.13 5.3845e-13   4471.02 1 
  4466.87 5.6576e-13   4473.77 1 
  4469.62 5.7614e-13   4476.52 1 
  4472.36 5.6964e-13   4479.27 1 
  4475.11 5.6022e-13   4482.02 1 
  4477.86 5.7223e-13   4484.77 1 
  4480.60 5.7702e-13   4487.52 1 
  4483.35 5.8732e-13   4490.27 1 
  4486.09 5.7083e-13   4493.02 1 
  4488.84 5.8434e-13   4495.77 1 
  4491.59 6.0409e-13   4498.52 1 
  4494.33 6.0130e-13   4501.27 1 
  4497.08 5.8801e-13   4504.02 1 
  4499.82 6.0310e-13   4506.77 1 
  4502.57 6.1123e-13   4509.52 1 
  4505.31 6.0722e-13   4512.27 1 
  4508.06 6.1042e-13   4515.02 1 
  4510.81 5.9205e-13   4517.77 1 
  4513.55 5.9565e-13   4520.52 1 
  4516.30 6.0412e-13   4523.27 1 
  4519.04 5.9243e-13   4526.02 1 
  4521.79 5.7487e-13   4528.77 1 
  4524.53 5.4390e-13   4531.52 1 
  4527.28 5.5087e-13   4534.27 1 
  4530.03 5.5080e-13   4537.02 1 
  4532.77 5.6673e-13   4539.77 1 
  4535.52 5.7309e-13   4542.52 1 
  4538.26 5.9124e-13   4545.27 1 
  4541.01 6.0236e-13   4548.02 1 
  4543.75 5.6788e-13   4550.77 1 
  4546.50 5.5225e-13   4553.52 1 
  4549.25 5.6737e-13   4556.27 1 
  4551.99 5.7427e-13   4559.02 1 
  4554.74 5.9024e-13   4561.77 1 
  4557.48 5.9471e-13   4564.52 1 
  4560.23 5.9460e-13   4567.27 1 
  4562.97 5.8204e-13   4570.02 1 
  4565.72 5.9023e-13   4572.77 1 
  4568.47 5.9587e-13   4575.52 1 
  4571.21 5.6914e-13   4578.27 1 
  4573.96 5.8139e-13   4581.02 1 
  4576.70 5.9461e-13   4583.77 1 
  4579.45 5.7076e-13   4586.52 1 
  4582.20 5.8089e-13   4589.27 1 
  4584.94 5.8333e-13   4592.02 1 
  4587.69 5.7239e-13   4594.77 1 
  4590.43 5.7673e-13   4597.52 1 
  4593.18 5.7574e-13   4600.27 1 
  4595.92 5.6178e-13   4603.02 1 
  4598.67 5.7568e-13   4605.77 1 
  4601.42 5.7803e-13   4608.52 1 
  4604.16 5.7915e-13   4611.27 1 
  4606.91 5.9933e-13   4614.02 1 
  4609.65 6.0940e-13   4616.77 1 
  4612.40 6.1253e-13   4619.52 1 
  4615.14 5.9541e-13   4622.27 1 
  4617.89 5.9255e-13   4625.02 1 
  4620.64 5.9614e-13   4627.77 1 
  4623.38 5.9839e-13   4630.52 1 
  4626.13 6.1323e-13   4633.27 1 
  4628.87 5.9221e-13   4636.02 1 
  4631.62 5.8066e-13   4638.77 1 
  4634.36 5.6948e-13   4641.52 1 
  4637.11 5.7092e-13   4644.27 1 
  4639.86 5.6890e-13   4647.02 1 
  4642.60 5.5292e-13   4649.77 1 
  4645.35 5.5744e-13   4652.52 1 
  4648.09 5.7052e-13   4655.27 1 
  4650.84 5.6942e-13   4658.02 1 
  4653.58 5.8247e-13   4660.77 1 
  4656.33 6.0440e-13   4663.52 1 
  4659.08 5.7556e-13   4666.27 1 
  4661.82 5.4598e-13   4669.02 1 
  4664.57 5.4814e-13   4671.77 1 
  4667.31 5.5632e-13   4674.52 1 
  4670.06 5.6139e-13   4677.27 1 
  4672.81 5.5967e-13   4680.02 1 
  4675.55 5.6656e-13   4682.77 1 
  4678.30 5.6834e-13   4685.52 1 
  4681.04 5.5596e-13   4688.27 1 
  4683.79 5.7292e-13   4691.02 1 
  4686.53 5.7662e-13   4693.77 1 
  4689.28 5.7602e-13   4696.52 1 
  4692.03 5.7686e-13   4699.27 1 
  4694.77 5.6497e-13   4702.02 1 
  4697.52 5.5313e-13   4704.77 1 
  4700.26 5.4133e-13   4707.52 1 
  4703.01 5.3768e-13   4710.27 1 
  4705.75 5.3640e-13   4713.02 1 
  4708.50 5.4064e-13   4715.77 1 
  4711.25 5.6927e-13   4718.52 1 
  4713.99 5.8143e-13   4721.27 1 
  4716.74 5.7711e-13   4724.02 1 
  4719.48 5.8721e-13   4726.77 1 
  4722.23 5.8994e-13   4729.52 1 
  4724.97 5.8939e-13   4732.27 1 
  4727.72 5.7317e-13   4735.02 1 
  4730.47 5.6732e-13   4737.77 1 
  4733.21 5.5685e-13   4740.52 1 
  4735.96 5.7391e-13   4743.27 1 
  4738.70 5.7121e-13   4746.02 1 
  4741.45 5.7380e-13   4748.77 1 
  4744.19 6.0004e-13   4751.52 1 
  4746.94 5.8276e-13   4754.27 1 
  4749.69 5.7402e-13   4757.02 1 
  4752.43 5.6474e-13   4759.77 1 
  4755.18 5.6709e-13   4762.52 1 
  4757.92 5.5786e-13   4765.27 1 
  4760.67 5.4945e-13   4768.02 1 
  4763.42 5.4350e-13   4770.77 1 
  4766.16 5.4965e-13   4773.52 1 
  4768.91 5.6022e-13   4776.27 1 
  4771.65 5.7022e-13   4779.02 1 
  4774.40 5.8306e-13   4781.77 1 
  4777.14 5.7595e-13   4784.52 1 
  4779.89 5.7617e-13   4787.27 1 
  4782.64 5.7739e-13   4790.02 1 
  4785.38 5.8375e-13   4792.77 1 
  4788.13 5.6477e-13   4795.52 1 
  4790.87 5.7436e-13   4798.27 1 
  4793.62 5.7896e-13   4801.02 1 
  4796.36 5.8600e-13   4803.77 1 
  4799.11 5.8292e-13   4806.52 1 
  4801.86 5.6840e-13   4809.27 1 
  4804.60 5.6259e-13   4812.02 1 
  4807.35 5.5662e-13   4814.77 1 
  4810.09 5.7739e-13   4817.52 1 
  4812.84 5.8634e-13   4820.27 1 
  4815.58 5.8277e-13   4823.02 1 
  4818.33 5.9249e-13   4825.77 1 
  4821.08 5.7990e-13   4828.52 1 
  4823.82 5.7407e-13   4831.27 1 
  4826.57 5.8416e-13   4834.02 1 
  4829.31 5.7157e-13   4836.77 1 
  4832.06 5.6389e-13   4839.52 1 
  4834.81 5.6567e-13   4842.27 1 
  4837.55 5.5028e-13   4845.02 1 
  4840.30 5.5821e-13   4847.77 1 
  4843.04 5.5671e-13   4850.52 1 
  4845.79 5.5111e-13   4853.27 1 
  4848.53 5.4479e-13   4856.02 1 
  4851.28 5.4529e-13   4858.77 1 
  4854.03 5.6745e-13   4861.52 1 
  4856.77 6.0793e-13   4864.27 1 
  4859.52 6.3421e-13   4867.02 1 
  4862.26 6.1230e-13   4869.77 1 
  4865.01 5.5631e-13   4872.52 1 
  4867.75 5.1581e-13   4875.27 1 
  4870.50 5.1586e-13   4878.02 1 
  4873.25 5.3739e-13   4880.77 1 
  4875.99 5.4958e-13   4883.52 1 
  4878.74 5.4108e-13   4886.27 1 
  4881.48 5.3152e-13   4889.02 1 
  4884.23 5.3973e-13   4891.77 1 
  4886.97 5.3305e-13   4894.52 1 
  4889.72 5.5241e-13   4897.27 1 
  4892.47 5.6844e-13   4900.02 1 
  4895.21 5.6342e-13   4902.77 1 
  4897.96 5.6749e-13   4905.52 1 
  4900.70 5.8053e-13   4908.27 1 
  4903.45 5.7731e-13   4911.02 1 
  4906.19 5.7203e-13   4913.77 1 
  4908.94 5.6957e-13   4916.52 1 
  4911.69 5.5667e-13   4919.27 1 
  4914.43 5.5614e-13   4922.02 1 
  4917.18 5.4867e-13   4924.77 1 
  4919.92 5.4810e-13   4927.52 1 
  4922.67 5.5830e-13   4930.27 1 
  4925.42 5.6725e-13   4933.02 1 
  4928.16 5.7306e-13   4935.77 1 
  4930.91 5.7113e-13   4938.52 1 
  4933.65 5.6438e-13   4941.27 1 
  4936.40 5.5545e-13   4944.02 1 
  4939.14 5.6308e-13   4946.77 1 
  4941.89 5.7080e-13   4949.52 1 
  4944.64 5.6370e-13   4952.27 1 
  4947.38 5.7846e-13   4955.02 1 
  4950.13 5.8143e-13   4957.77 1 
  4952.87 5.8417e-13   4960.52 1 
  4955.62 5.8435e-13   4963.27 1 
  4958.36 5.7998e-13   4966.02 1 
  4961.11 5.7223e-13   4968.77 1 
  4963.86 5.6383e-13   4971.52 1 
  4966.60 5.6849e-13   4974.27 1 
  4969.35 5.7362e-13   4977.02 1 
  4972.09 5.7123e-13   4979.77 1 
  4974.84 5.6041e-13   4982.52 1 
  4977.58 5.4377e-13   4985.27 1 
  4980.33 5.2509e-13   4988.02 1 
  4983.08 5.2549e-13   4990.77 1 
  4985.82 5.3798e-13   4993.52 1 
  4988.57 5.5380e-13   4996.27 1 
  4991.31 5.5496e-13   4999.02 1 
  4994.06 5.5098e-13   5001.77 1 
  4996.80 5.3809e-13   5004.52 1 
  4999.55 5.3171e-13   5007.27 1 
  5002.30 5.5457e-13   5010.02 1 
  5005.04 5.6103e-13   5012.77 1 
  5007.79 5.4442e-13   5015.52 1 
  5010.53 5.3360e-13   5018.27 1 
  5013.28 5.2506e-13   5021.02 1 
  5016.03 5.1959e-13   5023.77 1 
  5018.77 5.1912e-13   5026.52 1 
  5021.52 5.2394e-13   5029.27 1 
  5024.26 5.2304e-13   5032.02 1 
  5027.01 5.1963e-13   5034.77 1 
  5029.75 5.2600e-13   5037.52 1 
  5032.50 5.4367e-13   5040.27 1 
  5035.25 5.3766e-13   5043.02 1 
  5037.99 5.2258e-13   5045.77 1 
  5040.74 5.2395e-13   5048.52 1 
  5043.48 5.3064e-13   5051.27 1 
  5046.23 5.2572e-13   5054.02 1 
  5048.97 5.2425e-13   5056.77 1 
  5051.72 5.3081e-13   5059.52 1 
  5054.47 5.5127e-13   5062.27 1 
  5057.21 5.6032e-13   5065.02 1 
  5059.96 5.4988e-13   5067.77 1 
  5062.70 5.4209e-13   5070.52 1 
  5065.45 5.3519e-13   5073.27 1 
  5068.19 5.2980e-13   5076.02 1 
  5070.94 5.2419e-13   5078.77 1 
  5073.69 5.1725e-13   5081.52 1 
  5076.43 5.0662e-13   5084.27 1 
  5079.18 5.0723e-13   5087.02 1 
  5081.92 5.3280e-13   5089.77 1 
  5084.67 5.3561e-13   5092.52 1 
  5087.42 5.2567e-13   5095.27 1 
  5090.16 5.3459e-13   5098.02 1 
  5092.91 5.4730e-13   5100.77 1 
  5095.65 5.3632e-13   5103.52 1 
  5098.40 5.2452e-13   5106.27 1 
  5101.14 5.1131e-13   5109.02 1 
  5103.89 5.1269e-13   5111.77 1 
  5106.64 5.2448e-13   5114.52 1 
  5109.38 5.3219e-13   5117.27 1 
  5112.13 5.3426e-13   5120.02 1 
  5114.87 5.3680e-13   5122.77 1 
  5117.62 5.3950e-13   5125.52 1 
  5120.36 5.2870e-13   5128.27 1 
  5123.11 5.1593e-13   5131.02 1 
  5125.86 5.0125e-13   5133.77 1 
  5128.60 5.1197e-13   5136.52 1 
  5131.35 5.1816e-13   5139.27 1 
  5134.09 5.1477e-13   5142.02 1 
  5136.84 5.2847e-13   5144.77 1 
  5139.58 5.1404e-13   5147.52 1 
  5142.33 4.9284e-13   5150.27 1 
  5145.08 4.9501e-13   5153.02 1 
  5147.82 4.9943e-13   5155.77 1 
  5150.57 4.9697e-13   5158.52 1 
  5153.31 5.0642e-13   5161.27 1 
  5156.06 5.1873e-13   5164.02 1 
  5158.80 5.0285e-13   5166.77 1 
  5161.55 4.8381e-13   5169.52 1 
  5164.30 4.6391e-13   5172.27 1 
  5167.04 4.4630e-13   5175.02 1 
  5169.79 4.5258e-13   5177.77 1 
  5172.53 4.6330e-13   5180.52 1 
  5175.28 4.7792e-13   5183.27 1 
  5178.03 4.7564e-13   5186.02 1 
  5180.77 4.7936e-13   5188.77 1 
  5183.52 4.8908e-13   5191.52 1 
  5186.26 4.9223e-13   5194.27 1 
  5189.01 4.9057e-13   5197.02 1 
  5191.75 5.0671e-13   5199.77 1 
  5194.50 5.1431e-13   5202.52 1 
  5197.25 5.2210e-13   5205.27 1 
  5199.99 5.2019e-13   5208.02 1 
  5202.74 5.1952e-13   5210.77 1 
  5205.48 4.9979e-13   5213.52 1 
  5208.23 5.0589e-13   5216.27 1 
  5210.97 5.1462e-13   5219.02 1 
  5213.72 5.2889e-13   5221.77 1 
  5216.47 5.2763e-13   5224.52 1 
  5219.21 5.2858e-13   5227.27 1 
  5221.96 5.2850e-13   5230.02 1 
  5224.70 5.2375e-13   5232.77 1 
  5227.45 5.3023e-13   5235.52 1 
  5230.19 5.3631e-13   5238.27 1 
  5232.94 5.2938e-13   5241.02 1 
  5235.69 5.2564e-13   5243.77 1 
  5238.43 5.4069e-13   5246.52 1 
  5241.18 5.3342e-13   5249.27 1 
  5243.92 5.2704e-13   5252.02 1 
  5246.67 5.3958e-13   5254.77 1 
  5249.41 5.3035e-13   5257.52 1 
  5252.16 5.1412e-13   5260.27 1 
  5254.91 5.2232e-13   5263.02 1 
  5257.65 5.2483e-13   5265.77 1 
  5260.40 5.1298e-13   5268.52 1 
  5263.14 4.8737e-13   5271.27 1 
  5265.89 4.9517e-13   5274.02 1 
  5268.64 4.9680e-13   5276.77 1 
  5271.38 5.0587e-13   5279.52 1 
  5274.13 5.1398e-13   5282.27 1 
  5276.87 5.2258e-13   5285.02 1 
  5279.62 5.4219e-13   5287.77 1 
  5282.36 5.4853e-13   5290.52 1 
  5285.11 5.5080e-13   5293.27 1 
  5287.86 5.7086e-13   5296.02 1 
  5290.60 5.6120e-13   5298.77 1 
  5293.35 5.4789e-13   5301.52 1 
  5296.09 5.4479e-13   5304.27 1 
  5298.84 5.5160e-13   5307.02 1 
  5301.58 5.4839e-13   5309.77 1 
  5304.33 5.6310e-13   5312.52 1 
  5307.08 5.6971e-13   5315.27 1 
  5309.82 5.7321e-13   5318.02 1 
  5312.57 5.6510e-13   5320.77 1 
  5315.31 5.6504e-13   5323.52 1 
  5318.06 5.4842e-13   5326.27 1 
  5320.80 5.4204e-13   5329.02 1 
  5323.55 5.3665e-13   5331.77 1 
  5326.30 5.2108e-13   5334.52 1 
  5329.04 5.3013e-13   5337.27 1 
  5331.79 5.2807e-13   5340.02 1 
  5334.53 5.3207e-13   5342.77 1 
  5337.28 5.5099e-13   5345.52 1 
  5340.03 5.3783e-13   5348.27 1 
  5342.77 5.3345e-13   5351.02 1 
  5345.52 5.4170e-13   5353.77 1 
  5348.26 5.4437e-13   5356.52 1 
  5351.01 5.6354e-13   5359.27 1 
  5353.75 5.7862e-13   5362.02 1 
  5356.50 5.7137e-13   5364.77 1 
  5359.25 5.6273e-13   5367.52 1 
  5361.99 5.6596e-13   5370.27 1 
  5364.74 5.4867e-13   5373.02 1 
  5367.48 5.3524e-13   5375.77 1 
  5370.23 5.3328e-13   5378.52 1 
  5372.97 5.6301e-13   5381.27 1 
  5375.72 5.5831e-13   5384.02 1 
  5378.47 5.6075e-13   5386.77 1 
  5381.21 5.6484e-13   5389.52 1 
  5383.96 5.5687e-13   5392.27 1 
  5386.70 5.5021e-13   5395.02 1 
  5389.45 5.5018e-13   5397.77 1 
  5392.19 5.3848e-13   5400.52 1 
  5394.94 5.4678e-13   5403.27 1 
  5397.69 5.2966e-13   5406.02 1 
  5400.43 5.2591e-13   5408.77 1 
  5403.18 5.1246e-13   5411.52 1 
  5405.92 5.1105e-13   5414.27 1 
  5408.67 5.1603e-13   5417.02 1 
  5411.41 5.4109e-13   5419.77 1 
  5414.16 5.5479e-13   5422.52 1 
  5416.91 5.4364e-13   5425.27 1 
  5419.65 5.5307e-13   5428.02 1 
  5422.40 5.5542e-13   5430.77 1 
  5425.14 5.4176e-13   5433.52 1 
  5427.89 5.3591e-13   5436.27 1 
  5430.64 5.4885e-13   5439.02 1 
  5433.38 5.3788e-13   5441.77 1 
  5436.13 5.3914e-13   5444.52 1 
  5438.87 5.5593e-13   5447.27 1 
  5441.62 5.5067e-13   5450.02 1 
  5444.36 5.4063e-13   5452.77 1 
  5447.11 5.5006e-13   5455.52 1 
  5449.86 5.5166e-13   5458.27 1 
  5452.60 5.5760e-13   5461.02 1 
  5455.35 5.5813e-13   5463.77 1 
  5458.09 5.5182e-13   5466.52 1 
  5460.84 5.5621e-13   5469.27 1 
  5463.58 5.3989e-13   5472.02 1 
  5466.33 5.3242e-13   5474.77 1 
  5469.08 5.4167e-13   5477.52 1 
  5471.82 5.3144e-13   5480.27 1 
  5474.57 5.2968e-13   5483.02 1 
  5477.31 5.4409e-13   5485.77 1 
  5480.06 5.3503e-13   5488.52 1 
  5482.80 5.4894e-13   5491.27 1 
  5485.55 5.5235e-13   5494.02 1 
  5488.30 5.3767e-13   5496.77 1 
  5491.04 5.3778e-13   5499.52 1 
  5493.79 5.2775e-13   5502.27 1 
  5496.53 5.3808e-13   5505.02 1 
  5499.28 5.3404e-13   5507.77 1 
  5502.02 5.4143e-13   5510.52 1 
  5504.77 5.4024e-13   5513.27 1 
  5507.52 5.3407e-13   5516.02 1 
  5510.26 5.2050e-13   5518.77 1 
  5513.01 5.3838e-13   5521.52 1 
  5515.75 5.4359e-13   5524.27 1 
  5518.50 5.5231e-13   5527.02 1 
  5521.25 5.4417e-13   5529.77 1 
  5523.99 5.3445e-13   5532.52 1 
  5526.74 5.2082e-13   5535.27 1 
  5529.48 5.4329e-13   5538.02 1 
  5532.23 5.4168e-13   5540.77 1 
  5534.97 5.3697e-13   5543.52 1 
  5537.72 5.5541e-13   5546.27 1 
  5540.47 5.1505e-13   5549.02 1 
  5543.21 5.6780e-13   5551.77 1 
  5545.96 5.8076e-13   5554.52 1 
  5548.70 5.4809e-13   5557.27 1 
  5551.45 5.7822e-13   5560.02 1 
  5554.19 5.3569e-13   5562.77 1 
  5556.94 5.6221e-13   5565.52 1 
  5559.69 5.4566e-13   5568.27 1 
  5562.43 5.2167e-13   5571.02 1 
  5565.18 5.4193e-13   5573.77 1 
  5567.92 5.0755e-13   5576.52 1 
  5570.67 5.2344e-13   5579.27 1 
  5573.41 5.4391e-13   5582.02 1 
  5576.16 5.5435e-13   5584.77 1 
  5578.91 5.2373e-13   5587.52 1 
  5581.65 5.4271e-13   5590.27 1 
  5584.40 5.2422e-13   5593.02 1 
  5587.14 5.3014e-13   5595.77 1 
  5589.89 5.1830e-13   5598.52 1 
  5592.63 5.2473e-13   5601.27 1 
  5595.38 5.1935e-13   5604.02 1 
  5598.13 5.2135e-13   5606.77 1 
  5600.87 5.5649e-13   5609.52 1 
  5603.62 5.3882e-13   5612.27 1 
  5606.36 5.6466e-13   5615.02 1 
  5609.11 5.4778e-13   5617.77 1 
  5611.86 5.4051e-13   5620.52 1 
  5614.60 5.3194e-13   5623.27 1 
  5617.35 5.3692e-13   5626.02 1 
  5620.09 5.2877e-13   5628.77 1 
  5622.84 5.2292e-13   5631.52 1 
  5625.58 5.4568e-13   5634.27 1 
  5628.33 5.5525e-13   5637.02 1 
  5631.08 5.3999e-13   5639.77 1 
  5633.82 5.4806e-13   5642.52 1 
  5636.57 5.6004e-13   5645.27 1 
  5639.31 5.3812e-13   5648.02 1 
  5642.06 5.5213e-13   5650.77 1 
  5644.80 5.4596e-13   5653.52 1 
  5647.55 5.5006e-13   5656.27 1 
  5650.30 5.4273e-13   5659.02 1 
  5653.04 5.4271e-13   5661.77 1 
  5655.79 5.2287e-13   5664.52 1 
  5658.53 5.3516e-13   5667.27 1 
  5661.28 5.4047e-13   5670.02 1 
  5664.02 5.2431e-13   5672.77 1 
  5666.77 5.5485e-13   5675.52 1 
  5669.52 5.4089e-13   5678.27 1 
  5672.26 5.5957e-13   5681.02 1 
  5675.01 5.7364e-13   5683.77 1 
  5677.75 5.6506e-13   5686.52 1 
  5680.50 5.4940e-13   5689.27 1 
  5683.25 5.5898e-13   5692.02 1 
  5685.99 5.5440e-13   5694.77 1 
  5688.74 5.4863e-13   5697.52 1 
  5691.48 5.4043e-13   5700.27 1 
  5694.23 5.5034e-13   5703.02 1 
  5696.97 5.4822e-13   5705.77 1 
  5699.72 5.4147e-13   5708.52 1 
  5702.47 5.3051e-13   5711.27 1 
  5705.21 5.3395e-13   5714.02 1 
  5707.96 5.2837e-13   5716.77 1 
  5710.70 5.2708e-13   5719.52 1 
  5713.45 5.2992e-13   5722.27 1 
  5716.19 5.3165e-13   5725.02 1 
  5718.94 5.3349e-13   5727.77 1 
  5721.69 5.5527e-13   5730.52 1 
  5724.43 5.4537e-13   5733.27 1 
  5727.18 5.4936e-13   5736.02 1 
  5729.92 5.4382e-13   5738.77 1 
  5732.67 5.5048e-13   5741.52 1 
  5735.41 5.5745e-13   5744.27 1 
  5738.16 5.5637e-13   5747.02 1 
  5740.91 5.5670e-13   5749.77 1 
  5743.65 5.4377e-13   5752.52 1 
  5746.40 5.5608e-13   5755.27 1 
  5749.14 5.5862e-13   5758.02 1 
  5751.89 5.4357e-13   5760.77 1 
  5754.63 5.5590e-13   5763.52 1 
  5757.38 5.5138e-13   5766.27 1 
  5760.13 5.5214e-13   5769.02 1 
  5762.87 5.5438e-13   5771.77 1 
  5765.62 5.6027e-13   5774.52 1 
  5768.36 5.5320e-13   5777.27 1 
  5771.11 5.5513e-13   5780.02 1 
  5773.86 5.5027e-13   5782.77 1 
  5776.60 5.4695e-13   5785.52 1 
  5779.35 5.3757e-13   5788.27 1 
  5782.09 5.1554e-13   5791.02 1 
  5784.84 5.1932e-13   5793.77 1 
  5787.58 5.3588e-13   5796.52 1 
  5790.33 5.4860e-13   5799.27 1 
  5793.08 5.5986e-13   5802.02 1 
  5795.82 5.6640e-13   5804.77 1 
  5798.57 5.4649e-13   5807.52 1 
  5801.31 5.5026e-13   5810.27 1 
  5804.06 5.5687e-13   5813.02 1 
  5806.80 5.5030e-13   5815.77 1 
  5809.55 5.5838e-13   5818.52 1 
  5812.30 5.5365e-13   5821.27 1 
  5815.04 5.6088e-13   5824.02 1 
  5817.79 5.6530e-13   5826.77 1 
  5820.53 5.5499e-13   5829.52 1 
  5823.28 5.5856e-13   5832.27 1 
  5826.02 5.6415e-13   5835.02 1 
  5828.77 5.6495e-13   5837.77 1 
  5831.52 5.7198e-13   5840.52 1 
  5834.26 5.7131e-13   5843.27 1 
  5837.01 5.7241e-13   5846.02 1 
  5839.75 5.7342e-13   5848.77 1 
  5842.50 5.6057e-13   5851.52 1 
  5845.24 5.6205e-13   5854.27 1 
  5847.99 5.6178e-13   5857.02 1 
  5850.74 5.3597e-13   5859.77 1 
  5853.48 5.2867e-13   5862.52 1 
  5856.23 5.3423e-13   5865.27 1 
  5858.97 5.5066e-13   5868.02 1 
  5861.72 5.4217e-13   5870.77 1 
  5864.47 5.4938e-13   5873.52 1 
  5867.21 5.5411e-13   5876.27 1 
  5869.96 5.5781e-13   5879.02 1 
  5872.70 5.5761e-13   5881.77 1 
  5875.45 5.2762e-13   5884.52 1 
  5878.19 5.0378e-13   5887.27 1 
  5880.94 5.0037e-13   5890.02 1 
  5883.69 4.9864e-13   5892.77 1 
  5886.43 4.9139e-13   5895.52 1 
  5889.18 4.5204e-13   5898.27 1 
  5891.92 4.7338e-13   5901.02 1 
  5894.67 4.8213e-13   5903.77 1 
  5897.41 5.0934e-13   5906.52 1 
  5900.16 5.2369e-13   5909.27 1 
  5902.91 5.4921e-13   5912.02 1 
  5905.65 5.5112e-13   5914.77 1 
  5908.40 5.5567e-13   5917.52 1 
  5911.14 5.3866e-13   5920.27 1 
  5913.89 5.3923e-13   5923.02 1 
  5916.63 5.5130e-13   5925.77 1 
  5919.38 5.6706e-13   5928.52 1 
  5922.13 5.6703e-13   5931.27 1 
  5924.87 5.3356e-13   5934.02 1 
  5927.62 5.2948e-13   5936.77 1 
  5930.36 5.3638e-13   5939.52 1 
  5933.11 5.3720e-13   5942.27 1 
  5935.86 5.4262e-13   5945.02 1 
  5938.60 5.3500e-13   5947.77 1 
  5941.35 5.4955e-13   5950.52 1 
  5944.09 5.4715e-13   5953.27 1 
  5946.84 5.4241e-13   5956.02 1 
  5949.58 5.3592e-13   5958.77 1 
  5952.33 5.3946e-13   5961.52 1 
  5955.08 5.4469e-13   5964.27 1 
  5957.82 5.5416e-13   5967.02 1 
  5960.57 5.5227e-13   5969.77 1 
  5963.31 5.4285e-13   5972.52 1 
  5966.06 5.5383e-13   5975.27 1 
  5968.80 5.6634e-13   5978.02 1 
  5971.55 5.5247e-13   5980.77 1 
  5974.30 5.3301e-13   5983.52 1 
  5977.04 5.4521e-13   5986.27 1 
  5979.79 5.4066e-13   5989.02 1 
  5982.53 5.3610e-13   5991.77 1 
  5985.28 5.4168e-13   5994.52 1 
  5988.02 5.4880e-13   5997.27 1 
  5990.77 5.4158e-13   6000.02 1 
  5993.52 5.3574e-13   6002.77 1 
  5996.26 5.3787e-13   6005.52 1 
  5999.01 5.2662e-13   6008.27 1 
  6001.75 5.5590e-13   6011.02 1 
  6004.50 5.4175e-13   6013.77 1 
  6007.24 5.2643e-13   6016.52 1 
  6009.99 5.1351e-13   6019.27 1 
  6012.74 5.4566e-13   6022.02 1 
  6015.48 5.2026e-13   6024.77 1 
  6018.23 5.2322e-13   6027.52 1 
  6020.97 5.2997e-13   6030.27 1 
  6023.72 5.4570e-13   6033.02 1 
  6026.47 5.4072e-13   6035.77 1 
  6029.21 5.5855e-13   6038.52 1 
  6031.96 5.5670e-13   6041.27 1 
  6034.70 5.5286e-13   6044.02 1 
  6037.45 5.6132e-13   6046.77 1 
  6040.19 5.4078e-13   6049.52 1 
  6042.94 5.5751e-13   6052.27 1 
  6045.69 5.5402e-13   6055.02 1 
  6048.43 5.4382e-13   6057.77 1 
  6051.18 5.3376e-13   6060.52 1 
  6053.92 5.2718e-13   6063.27 1 
  6056.67 5.2833e-13   6066.02 1 
  6059.41 5.3541e-13   6068.77 1 
  6062.16 5.4034e-13   6071.52 1 
  6064.91 5.3925e-13   6074.27 1 
  6067.65 5.3676e-13   6077.02 1 
  6070.40 5.3775e-13   6079.77 1 
  6073.14 5.2840e-13   6082.52 1 
  6075.89 5.4359e-13   6085.27 1 
  6078.63 5.5509e-13   6088.02 1 
  6081.38 5.5203e-13   6090.77 1 
  6084.13 5.3859e-13   6093.52 1 
  6086.87 5.3157e-13   6096.27 1 
  6089.62 5.2658e-13   6099.02 1 
  6092.36 5.3993e-13   6101.77 1 
  6095.11 5.3321e-13   6104.52 1 
  6097.85 5.3397e-13   6107.27 1 
  6100.60 5.4264e-13   6110.02 1 
  6103.35 5.2455e-13   6112.77 1 
  6106.09 5.2624e-13   6115.52 1 
  6108.84 5.3597e-13   6118.27 1 
  6111.58 5.2930e-13   6121.02 1 
  6114.33 5.4361e-13   6123.77 1 
  6117.08 5.3954e-13   6126.52 1 
  6119.82 5.3423e-13   6129.27 1 
  6122.57 5.2023e-13   6132.02 1 
  6125.31 5.3723e-13   6134.77 1 
  6128.06 5.3854e-13   6137.52 1 
  6130.80 5.3260e-13   6140.27 1 
  6133.55 5.0556e-13   6143.02 1 
  6136.30 5.0894e-13   6145.77 1 
  6139.04 5.1569e-13   6148.52 1 
  6141.79 5.2624e-13   6151.27 1 
  6144.53 5.3123e-13   6154.02 1 
  6147.28 5.1843e-13   6156.77 1 
  6150.02 5.1811e-13   6159.52 1 
  6152.77 5.2143e-13   6162.27 1 
  6155.52 5.1085e-13   6165.02 1 
  6158.26 5.1044e-13   6167.77 1 
  6161.01 4.9581e-13   6170.52 1 
  6163.75 4.8920e-13   6173.27 1 
  6166.50 4.8996e-13   6176.02 1 
  6169.24 4.9692e-13   6178.77 1 
  6171.99 5.0737e-13   6181.52 1 
  6174.74 5.0768e-13   6184.27 1 
  6177.48 5.1780e-13   6187.02 1 
  6180.23 5.1594e-13   6189.77 1 
  6182.97 5.0761e-13   6192.52 1 
  6185.72 5.0533e-13   6195.27 1 
  6188.47 4.9632e-13   6198.02 1 
  6191.21 4.9589e-13   6200.77 1 
  6193.96 5.1468e-13   6203.52 1 
  6196.70 5.2799e-13   6206.27 1 
  6199.45 5.2125e-13   6209.02 1 
  6202.19 5.2196e-13   6211.77 1 
  6204.94 5.1522e-13   6214.52 1 
  6207.69 5.1436e-13   6217.27 1 
  6210.43 5.1389e-13   6220.02 1 
  6213.18 4.9858e-13   6222.77 1 
  6215.92 5.0022e-13   6225.52 1 
  6218.67 5.0587e-13   6228.27 1 
  6221.41 5.2608e-13   6231.02 1 
  6224.16 5.3317e-13   6233.77 1 
  6226.91 5.1935e-13   6236.52 1 
  6229.65 5.1300e-13   6239.27 1 
  6232.40 5.2899e-13   6242.02 1 
  6235.14 5.1672e-13   6244.77 1 
  6237.89 4.9889e-13   6247.52 1 
  6240.63 5.0227e-13   6250.27 1 
  6243.38 4.9905e-13   6253.02 1 
  6246.13 5.0300e-13   6255.77 1 
  6248.87 5.0851e-13   6258.52 1 
  6251.62 5.0206e-13   6261.27 1 
  6254.36 4.9173e-13   6264.02 1 
  6257.11 4.9354e-13   6266.77 1 
  6259.85 4.9659e-13   6269.52 1 
  6262.60 5.0329e-13   6272.27 1 
  6265.35 4.8464e-13   6275.02 1 
  6268.09 4.8590e-13   6277.77 1 
  6270.84 4.9367e-13   6280.52 1 
  6273.58 4.8893e-13   6283.27 1 
  6276.33 5.1537e-13   6286.02 1 
  6279.08 4.8667e-13   6288.77 1 
  6281.82 5.0025e-13   6291.52 1 
  6284.57 5.2491e-13   6294.27 1 
  6287.31 2.6816e-13   6297.02 1 
  6290.06 3.9948e-13   6299.77 1 
  6292.80 4.7883e-13   6302.52 1 
  6295.55 5.3053e-13   6305.27 1 
  6298.30 5.3883e-13   6308.02 1 
  6301.04 5.3982e-13   6310.77 1 
  6303.79 5.1777e-13   6313.52 1 
  6306.53 5.2431e-13   6316.27 1 
  6309.28 5.3106e-13   6319.02 1 
  6312.02 5.4258e-13   6321.77 1 
  6314.77 5.1055e-13   6324.52 1 
  6317.52 4.9582e-13   6327.27 1 
  6320.26 5.2537e-13   6330.02 1 
  6323.01 5.3235e-13   6332.77 1 
  6325.75 5.1605e-13   6335.52 1 
  6328.50 5.3107e-13   6338.27 1 
  6331.24 5.3636e-13   6341.02 1 
  6333.99 5.1653e-13   6343.77 1 
  6336.74 5.0270e-13   6346.52 1 
  6339.48 5.1981e-13   6349.27 1 
  6342.23 5.1128e-13   6352.02 1 
  6344.97 5.3957e-13   6354.77 1 
  6347.72 5.3606e-13   6357.52 1 
  6350.46 4.9730e-13   6360.27 1 
  6353.21 5.0020e-13   6363.02 1 
  6355.96 5.2146e-13   6365.77 1 
  6358.70 4.8134e-13   6368.52 1 
  6361.45 4.9732e-13   6371.27 1 
  6364.19 5.2164e-13   6374.02 1 
  6366.94 5.1550e-13   6376.77 1 
  6369.69 5.3909e-13   6379.52 1 
  6372.43 5.1197e-13   6382.27 1 
  6375.18 5.3280e-13   6385.02 1 
  6377.92 5.1733e-13   6387.77 1 
  6380.67 5.0785e-13   6390.52 1 
  6383.41 5.2688e-13   6393.27 1 
  6386.16 5.2256e-13   6396.02 1 
  6388.91 5.2133e-13   6398.77 1 
  6391.65 5.1200e-13   6401.52 1 
  6394.40 5.0117e-13   6404.27 1 
  6397.14 5.1300e-13   6407.02 1 
  6399.89 5.1153e-13   6409.77 1 
  6402.63 5.2571e-13   6412.52 1 
  6405.38 5.2371e-13   6415.27 1 
  6408.13 5.2004e-13   6418.02 1 
  6410.87 5.2205e-13   6420.77 1 
  6413.62 5.0939e-13   6423.52 1 
  6416.36 5.1157e-13   6426.27 1 
  6419.11 5.1727e-13   6429.02 1 
  6421.85 5.1400e-13   6431.77 1 
  6424.60 5.2016e-13   6434.52 1 
  6427.35 5.0980e-13   6437.27 1 
  6430.09 5.0666e-13   6440.02 1 
  6432.84 5.0690e-13   6442.77 1 
  6435.58 5.0701e-13   6445.52 1 
  6438.33 5.0825e-13   6448.27 1 
  6441.07 5.1067e-13   6451.02 1 
  6443.82 5.0746e-13   6453.77 1 
  6446.57 5.0052e-13   6456.52 1 
  6449.31 5.0106e-13   6459.27 1 
  6452.06 5.0982e-13   6462.02 1 
  6454.80 5.1248e-13   6464.77 1 
  6457.55 5.1746e-13   6467.52 1 
  6460.30 5.0234e-13   6470.27 1 
  6463.04 5.0244e-13   6473.02 1 
  6465.79 5.1001e-13   6475.77 1 
  6468.53 5.1728e-13   6478.52 1 
  6471.28 5.1891e-13   6481.27 1 
  6474.02 5.0979e-13   6484.02 1 
  6476.77 5.1948e-13   6486.77 1 
  6479.52 5.0563e-13   6489.52 1 
  6482.26 5.0412e-13   6492.27 1 
  6485.01 4.9532e-13   6495.02 1 
  6487.75 5.0625e-13   6497.77 1 
  6490.50 5.1823e-13   6500.52 1 
  6493.24 5.0122e-13   6503.27 1 
  6495.99 4.8601e-13   6506.02 1 
  6498.74 4.6403e-13   6508.77 1 
  6501.48 4.7872e-13   6511.52 1 
  6504.23 5.0425e-13   6514.27 1 
  6506.97 5.0361e-13   6517.02 1 
  6509.72 5.0791e-13   6519.77 1 
  6512.46 5.2396e-13   6522.52 1 
  6515.21 5.0897e-13   6525.27 1 
  6517.96 5.1234e-13   6528.02 1 
  6520.70 5.2144e-13   6530.77 1 
  6523.45 5.2623e-13   6533.52 1 
  6526.19 5.1234e-13   6536.27 1 
  6528.94 5.1089e-13   6539.02 1 
  6531.69 5.3985e-13   6541.77 1 
  6534.43 5.3813e-13   6544.52 1 
  6537.18 5.2034e-13   6547.27 1 
  6539.92 5.7458e-13   6550.02 1 
  6542.67 5.8953e-13   6552.77 1 
  6545.41 6.2588e-13   6555.52 1 
  6548.16 6.3136e-13   6558.27 1 
  6550.91 6.2039e-13   6561.02 1 
  6553.65 6.6388e-13   6563.77 1 
  6556.40 8.8333e-13   6566.52 1 
  6559.14 1.1733e-12   6569.27 1 
  6561.89 1.2362e-12   6572.02 1 
  6564.63 1.0025e-12   6574.77 1 
  6567.38 7.3685e-13   6577.52 1 
  6570.13 5.8902e-13   6580.27 1 
  6572.87 5.4998e-13   6583.02 1 
  6575.62 6.5599e-13   6585.77 1 
  6578.36 7.8496e-13   6588.52 1 
  6581.11 8.6490e-13   6591.27 1 
  6583.85 8.3003e-13   6594.02 1 
  6586.60 7.1150e-13   6596.77 1 
  6589.35 6.2752e-13   6599.52 1 
  6592.09 5.5871e-13   6602.27 1 
  6594.84 5.2649e-13   6605.02 1 
  6597.58 5.1537e-13   6607.77 1 
  6600.33 5.1495e-13   6610.52 1 
  6603.07 5.0710e-13   6613.27 1 
  6605.82 5.2228e-13   6616.02 1 
  6608.57 5.1841e-13   6618.77 1 
  6611.31 5.0417e-13   6621.52 1 
  6614.06 5.0904e-13   6624.27 1 
  6616.80 5.1679e-13   6627.02 1 
  6619.55 5.0870e-13   6629.77 1 
  6622.30 5.1850e-13   6632.52 1 
  6625.04 5.2620e-13   6635.27 1 
  6627.79 5.1322e-13   6638.02 1 
  6630.53 4.9148e-13   6640.77 1 
  6633.28 4.9967e-13   6643.52 1 
  6636.02 5.0297e-13   6646.27 1 
  6638.77 5.0400e-13   6649.02 1 
  6641.52 5.1179e-13   6651.77 1 
  6644.26 5.1272e-13   6654.52 1 
  6647.01 5.0865e-13   6657.27 1 
  6649.75 4.9889e-13   6660.02 1 
  6652.50 5.0078e-13   6662.77 1 
  6655.24 5.0559e-13   6665.52 1 
  6657.99 4.8827e-13   6668.27 1 
  6660.74 4.8088e-13   6671.02 1 
  6663.48 4.9925e-13   6673.77 1 
  6666.23 4.9806e-13   6676.52 1 
  6668.97 5.0425e-13   6679.27 1 
  6671.72 5.0741e-13   6682.02 1 
  6674.46 5.0237e-13   6684.77 1 
  6677.21 5.1827e-13   6687.52 1 
  6679.96 5.1185e-13   6690.27 1 
  6682.70 5.1584e-13   6693.02 1 
  6685.45 5.1045e-13   6695.77 1 
  6688.19 5.0734e-13   6698.52 1 
  6690.94 5.0565e-13   6701.27 1 
  6693.68 5.0513e-13   6704.02 1 
  6696.43 4.7381e-13   6706.77 1 
  6699.18 4.9343e-13   6709.52 1 
  6701.92 4.8835e-13   6712.27 1 
  6704.67 4.9735e-13   6715.02 1 
  6707.41 5.2084e-13   6717.77 1 
  6710.16 5.4569e-13   6720.52 1 
  6712.91 5.6296e-13   6723.27 1 
  6715.65 5.7811e-13   6726.02 1 
  6718.40 5.6165e-13   6728.77 1 
  6721.14 5.2525e-13   6731.52 1 
  6723.89 5.3845e-13   6734.27 1 
  6726.63 5.8662e-13   6737.02 1 
  6729.38 5.7829e-13   6739.77 1 
  6732.13 5.5639e-13   6742.52 1 
  6734.87 5.1868e-13   6745.27 1 
  6737.62 5.0159e-13   6748.02 1 
  6740.36 5.1033e-13   6750.77 1 
  6743.11 4.8103e-13   6753.52 1 
  6745.85 4.8011e-13   6756.27 1 
  6748.60 4.9178e-13   6759.02 1 
  6751.35 4.9139e-13   6761.77 1 
  6754.09 4.9342e-13   6764.52 1 
  6756.84 4.7989e-13   6767.27 1 
  6759.58 5.1424e-13   6770.02 1 
  6762.33 5.1496e-13   6772.77 1 
  6765.07 4.9527e-13   6775.52 1 
  6767.82 4.8625e-13   6778.27 1 
  6770.57 4.8474e-13   6781.02 1 
  6773.31 4.8738e-13   6783.77 1 
  6776.06 4.8655e-13   6786.52 1 
  6778.80 4.8143e-13   6789.27 1 
  6781.55 4.9826e-13   6792.02 1 
  6784.30 4.9592e-13   6794.77 1 
  6787.04 4.7693e-13   6797.52 1 
  6789.79 4.8822e-13   6800.27 1 
  6792.53 4.8949e-13   6803.02 1 
  6795.28 4.8024e-13   6805.77 1 
  6798.02 4.9234e-13   6808.52 1 
  6800.77 5.0018e-13   6811.27 1 
  6803.52 4.9358e-13   6814.02 1 
  6806.26 5.0217e-13   6816.77 1 
  6809.01 5.0328e-13   6819.52 1 
  6811.75 5.0321e-13   6822.27 1 
  6814.50 5.2459e-13   6825.02 1 
  6817.24 5.3867e-13   6827.77 1 
  6828.57 5.0204e-13   6839.12 0 
  6844.31 4.9857e-13   6854.88 0 
  6860.09 4.9171e-13   6870.68 0 
  6875.91 4.9396e-13   6886.52 0 
  6891.76 4.7718e-13   6902.40 0 
  6907.64 4.8940e-13   6918.31 0 
  6923.57 4.8826e-13   6934.26 0 
  6939.53 4.9962e-13   6950.24 0 
  6955.52 4.9960e-13   6966.26 0 
  6971.56 5.0189e-13   6982.33 0 
  6987.63 4.8595e-13   6998.42 0 
  7003.74 5.0070e-13   7014.55 0 
  7019.88 4.9724e-13   7030.72 0 
  7036.07 4.9494e-13   7046.93 0 
  7052.29 5.0645e-13   7063.18 0 
  7068.54 4.7810e-13   7079.46 0 
  7084.84 4.9262e-13   7095.78 0 
  7101.17 4.6935e-13   7112.14 0 
  7117.54 4.6396e-13   7128.53 0 
  7133.95 4.6288e-13   7144.96 0 
  7150.39 4.6714e-13   7161.43 0 
  7166.88 4.6820e-13   7177.94 0 
  7183.40 4.5753e-13   7194.49 0 
  7199.96 4.4198e-13   7211.08 0 
  7216.55 4.6280e-13   7227.70 0 
  7233.19 4.7575e-13   7244.36 0 
  7249.87 4.6812e-13   7261.06 0 
  7266.58 4.7244e-13   7277.80 0 
  7283.33 4.6809e-13   7294.57 0 
  7300.12 4.5427e-13   7311.39 0 
  7316.95 4.7130e-13   7328.25 0 
  7333.81 4.7675e-13   7345.14 0 
  7350.72 4.8448e-13   7362.07 0 
  7367.67 4.8558e-13   7379.04 0 
  7384.65 5.0262e-13   7396.05 0 
  7401.67 4.9343e-13   7413.10 0 
  7418.74 4.8889e-13   7430.19 0 
  7435.84 5.0257e-13   7447.32 0 
  7452.98 4.8549e-13   7464.49 0 
  7470.16 4.7881e-13   7481.70 0 
  7487.38 4.9906e-13   7498.94 0 
  7504.64 4.9789e-13   7516.23 0 
  7521.94 5.0248e-13   7533.56 0 
  7539.28 4.9557e-13   7550.92 0 
  7556.66 5.0476e-13   7568.33 0 
  7574.08 4.9668e-13   7585.78 0 
  7591.54 4.9551e-13   7603.26 0 
  7609.04 4.9322e-13   7620.79 0 
  7626.58 4.6776e-13   7638.36 0 
  7644.16 4.8530e-13   7655.97 0 
  7661.78 4.7206e-13   7673.61 0 
  7679.45 4.7422e-13   7691.30 0 
  7697.15 4.7094e-13   7709.04 0 
  7714.89 4.6768e-13   7726.81 0 
  7732.68 4.6124e-13   7744.62 0 
  7750.51 4.5700e-13   7762.47 0 
  7768.37 4.6121e-13   7780.37 0 
  7786.28 4.5382e-13   7798.30 0 
  7804.23 4.5590e-13   7816.28 0 
  7822.22 4.7299e-13   7834.30 0 
  7840.25 4.5168e-13   7852.36 0 
  7858.32 4.6113e-13   7870.46 0 
  7876.44 4.6752e-13   7888.60 0 
  7894.60 4.6966e-13   7906.79 0 
  7912.79 4.6107e-13   7925.01 0 
  7931.04 4.5264e-13   7943.28 0 
  7949.32 4.4232e-13   7961.59 0 
  7967.64 4.4949e-13   7979.95 0 
  7986.01 4.5573e-13   7998.34 0 
  8004.42 4.4739e-13   8016.78 0 
  8022.87 4.6523e-13   8035.26 0 
  8041.37 4.6952e-13   8053.78 0 
  8059.91 4.6413e-13   8072.35 0 
  8078.49 4.4836e-13   8090.96 0 
  8097.11 4.5667e-13   8109.61 0 
  8115.78 4.5876e-13   8128.31 0 
  8134.48 4.6086e-13   8147.04 0 
  8153.23 4.5452e-13   8165.82 0 
  8172.03 4.2222e-13   8184.65 0 
  8190.87 4.3906e-13   8203.52 0 
  8209.75 4.4618e-13   8222.43 0 
  8228.67 4.4309e-13   8241.38 0 
  8247.65 4.6717e-13   8260.38 0 
  8266.66 4.5337e-13   8279.42 0 
  8285.71 4.4713e-13   8298.51 0 
  8304.82 4.4712e-13   8317.64 0 
  8323.96 4.5228e-13   8336.81 0 
  8343.15 4.3390e-13   8356.03 0 
  8362.38 4.5328e-13   8375.29 0 
  8381.66 4.4705e-13   8394.60 0 
  8400.98 4.5325e-13   8413.95 0 
  8420.35 4.4088e-13   8433.35 0 
  8439.76 4.5740e-13   8452.79 0 
  8459.21 4.3882e-13   8472.27 0 
  8478.71 4.1809e-13   8491.80 0 
  8498.26 4.4591e-13   8511.38 0 
  8517.85 4.4181e-13   8531.00 0 
  8537.48 4.3472e-13   8550.67 0 
  8557.17 4.0012e-13   8570.38 0 
  8576.89 4.4074e-13   8590.14 0 
  8596.66 4.3668e-13   8609.94 0 
  8616.48 4.3166e-13   8629.79 0 
  8636.35 4.3967e-13   8649.68 0 
  8656.25 4.2277e-13   8669.62 0 
  8676.21 3.9273e-13   8689.60 0 
  8696.21 4.0278e-13   8709.64 0 
  8716.25 4.3356e-13   8729.71 0 
  8736.35 4.3555e-13   8749.84 0 
  8756.49 4.2366e-13   8770.01 0 
  8776.67 4.3152e-13   8790.23 0 
  8796.90 4.4359e-13   8810.49 0 
  8817.19 4.0547e-13   8830.80 0 
  8837.51 4.3747e-13   8851.16 0 
  8857.88 4.3344e-13   8871.56 0 
  8878.30 4.0171e-13   8892.01 0 
  8898.77 4.1869e-13   8912.51 0 
  8919.28 4.1867e-13   8933.05 0 
  8939.84 4.1673e-13   8953.65 0 
  8960.45 4.1480e-13   8974.29 0 
  8981.11 3.9702e-13   8994.98 0 
  9001.81 3.7653e-13   9015.71 0 
  9022.57 3.7912e-13   9036.50 0 
  9043.36 4.3628e-13   9057.33 0 
  9064.21 4.4335e-13   9078.20 0 
  9085.11 4.3423e-13   9099.13 0 
  9106.05 4.2629e-13   9120.11 0 
  9127.04 3.8431e-13   9141.13 0 
  9148.08 4.0334e-13   9162.20 0 
  9169.17 4.1749e-13   9183.33 0 
  9190.31 4.1844e-13   9204.50 0 
  9211.49 4.1938e-13   9225.71 0 
  9232.73 3.9591e-13   9246.98 0 
  9254.01 3.9772e-13   9268.30 0 
  9275.34 4.2712e-13   9289.66 0 
  9296.73 3.9313e-13   9311.08 0 
  9318.16 4.1545e-13   9332.54 0 
  9339.64 4.1639e-13   9354.06 0 
  9361.16 4.0971e-13   9375.62 0 
  9382.75 4.1444e-13   9397.23 0 
  9404.38 4.0592e-13   9418.90 0 
  9426.05 4.1631e-13   9440.61 0 
  9447.79 4.1058e-13   9462.37 0 
  9469.56 4.1820e-13   9484.18 0 
  9491.39 4.1722e-13   9506.05 0 
  9513.28 4.0864e-13   9527.96 0 
  9535.20 4.0862e-13   9549.93 0 
  9557.18 3.9382e-13   9571.94 0 
  9579.22 4.0671e-13   9594.01 0 
  9601.30 4.1045e-13   9616.12 0 
  9623.43 4.1138e-13   9638.29 0 
  9645.61 4.0665e-13   9660.51 0 
  9667.85 4.0663e-13   9682.78 0 
  9690.14 4.1038e-13   9705.10 0 
  9712.47 4.0473e-13   9727.47 0 
  9734.87 4.0100e-13   9749.90 0 
  9757.31 4.0006e-13   9772.37 0 
  9779.80 4.0096e-13   9794.90 0 
  9802.35 4.0372e-13   9817.48 0 
  9824.94 4.0000e-13   9840.11 0 
  9847.59 4.0183e-13   9862.79 0 
  9870.29 3.9904e-13   9885.53 0 
  9893.05 3.9811e-13   9908.32 0 
  9915.85 3.9535e-13   9931.16 0 
  9938.71 3.9715e-13   9954.05 0 
  9961.62 3.9805e-13   9977.00 0 
  9984.58 3.9620e-13  10000.00 0 
 10030.67 3.9344e-13  10046.15 0 
 10076.97 3.8711e-13  10092.53 0 
 10123.48 3.9427e-13  10139.12 0 
 10170.21 3.9062e-13  10185.91 0 
 10217.16 3.9148e-13  10232.94 0 
 10264.32 3.9144e-13  10280.17 0 
 10311.69 3.8961e-13  10327.61 0 
 10503.40 3.7710e-13  10519.62 0 
 10698.68 3.6165e-13  10715.20 0 
 10897.58 3.4777e-13  10914.41 0 
 11100.18 3.3442e-13  11117.32 0 
 11306.54 3.2756e-13  11324.00 0 
 11490.26 3.2456e-13  11508.00 0 
 11703.88 3.1571e-13  11721.95 0 
 11894.06 3.0499e-13  11912.43 0 
 12087.32 2.9874e-13  12105.99 0 
 12312.04 2.9396e-13  12331.05 0 
 12512.09 2.8595e-13  12531.41 0 
 12686.16 2.7880e-13  12705.74 0 
 12892.29 2.7245e-13  12912.19 0 
 13101.77 2.6748e-13  13122.00 0 
 13314.66 2.5959e-13  13335.21 0 
 13499.88 2.5427e-13  13520.73 0 
 13687.69 2.4963e-13  13708.82 0 
 13910.09 2.4115e-13  13931.57 0 
 14103.60 2.3083e-13  14125.38 0 
 14299.80 2.2714e-13  14321.88 0 
 14498.74 2.2766e-13  14521.12 0 
 14700.44 2.2044e-13  14723.13 0 
 14904.92 2.2248e-13  14927.94 0 
 15112.27 2.2248e-13  15135.61 0 
 15287.27 2.2506e-13  15310.87 0 
 15499.94 2.2299e-13  15523.87 0 
 15715.57 2.1892e-13  15739.83 0 
 15897.55 2.1100e-13  15922.09 0 
 16081.62 2.1149e-13  16106.45 0 
 16305.34 2.1052e-13  16330.51 0 
 16494.15 2.0668e-13  16519.62 0 
 16685.15 2.0525e-13  16710.91 0 
 16917.26 2.0104e-13  16943.38 0 
 17113.16 1.9692e-13  17139.58 0 
 17311.30 1.8936e-13  17338.03 0 
 17511.76 1.8378e-13  17538.80 0 
 17714.55 1.7672e-13  17741.90 0 
 17919.68 1.7033e-13  17947.34 0 
 18085.47 1.6229e-13  18113.40 0 
 18294.90 1.5823e-13  18323.14 0 
 18506.75 1.5286e-13  18535.32 0 
 18721.03 1.4598e-13  18749.94 0 
 18894.26 1.4233e-13  18923.43 0 
 19113.05 1.3973e-13  19142.56 0 
 19289.89 1.3499e-13  19319.67 0 
 19513.26 1.2981e-13  19543.39 0 
 19693.82 1.2569e-13  19724.23 0 
 19921.87 1.2198e-13  19952.63 0 
 20106.19 1.1975e-13  20137.24 0 
 20292.24 1.1569e-13  20323.57 0 
 20479.99 1.1410e-13  20511.61 0 
 20717.14 1.1099e-13  20749.13 0 
 20908.85 1.0847e-13  20941.13 0 
 21102.30 1.0624e-13  21134.88 0 
 21297.57 1.0382e-13  21330.45 0 
 21494.64 1.0169e-13  21527.83 0 
 21693.51 9.8241e-14  21727.01 0 
 21894.25 9.6448e-14  21928.05 0 
 22096.82 9.3819e-14  22130.94 0 
 22301.29 9.1263e-14  22335.72 0 
 22507.65 8.8980e-14  22542.40 0 
 22715.89 8.6555e-14  22750.97 0 
 22926.09 7.8036e-14  22961.49 0 
 23085.00 7.7320e-14  23120.64 0 
 23298.61 6.7966e-14  23334.58 0 
 23514.20 6.4164e-14  23550.50 0 
 23677.18 6.4907e-14  23713.74 0 
 23896.27 5.9881e-14  23933.17 0 
 24117.37 5.7849e-14  24154.60 0 
 24284.55 5.7318e-14  24322.05 0 
 24509.24 5.3492e-14  24547.08 0 
 24679.14 5.2759e-14  24717.25 0 
 24907.48 4.5008e-14  24945.94 0 
 25080.15 4.4493e-14  25118.87 0 
 25312.19 4.4698e-14  25351.28 0 
 25487.66 4.4391e-14  25527.02 0 
 25723.48 4.5008e-14  25763.20 0 
 25901.80 4.4085e-14  25941.79 0 
 26081.33 4.3883e-14  26121.60 0 
 26322.67 4.2785e-14  26363.31 0 
 26505.12 4.2393e-14  26546.04 0 
 26688.86 4.1523e-14  26730.07 0 
 26873.84 4.0954e-14  26915.34 0 
 27122.52 4.0392e-14  27164.39 0 
 27310.51 3.9563e-14  27352.67 0 
 27499.83 3.8931e-14  27542.29 0 
 27690.44 3.8045e-14  27733.19 0 
 27882.39 3.7609e-14  27925.45 0 
 28075.65 3.6838e-14  28119.00 0 
 28270.28 3.6249e-14  28313.93 0 
 28531.84 3.5505e-14  28575.90 0 
 28729.63 3.4777e-14  28773.99 0 
 28928.76 3.4300e-14  28973.43 0 
 29129.31 3.3674e-14  29174.28 0 
 29331.20 3.2983e-14  29376.49 0 
 29466.58 3.2381e-14  29512.08 0 
 29670.85 3.1863e-14  29716.66 0 
 29876.51 3.1210e-14  29922.63 0 
 30083.62 3.0711e-14  30130.07 0 
 30292.13 3.0150e-14  30338.90 0 
 30502.13 2.9805e-14  30549.22 0 
 30713.54 2.9329e-14  30760.96 0 
 30926.45 2.8926e-14  30974.21 0 
 31069.20 2.8464e-14  31117.17 0 
 31284.54 2.8138e-14  31332.84 0 
 31501.41 2.7688e-14  31550.05 0 
 31719.76 2.7308e-14  31768.73 0 
 31866.19 2.6996e-14  31915.39 0 
 32087.06 2.6687e-14  32136.60 0 
 32309.50 2.6564e-14  32359.38 0 
 32533.44 2.6810e-14  32583.67 0 
 32683.60 2.8009e-14  32734.06 0 
 32910.17 3.1863e-14  32960.98 0 
 33062.06 3.1426e-14  33113.11 0 
 33291.22 2.6748e-14  33342.62 0 
 33522.00 2.4791e-14  33573.76 0 
 33676.73 2.3784e-14  33728.72 0 
 33910.18 2.3083e-14  33962.54 0 
 34066.69 2.2506e-14  34119.29 0 
 34302.81 2.2095e-14  34355.78 0 
 34461.17 2.1642e-14  34514.38 0 
 34700.03 2.1198e-14  34753.61 0 
 34860.23 2.0811e-14  34914.05 0 
 35101.85 2.0478e-14  35156.04 0 
 35263.86 2.0058e-14  35318.30 0 
 35508.32 1.9692e-14  35563.14 0 
 35672.20 1.9333e-14  35727.28 0 
 35919.49 1.9024e-14  35974.95 0 
 36085.28 1.8676e-14  36140.99 0 
 36335.39 1.8378e-14  36391.49 0 
 36503.14 1.8001e-14  36559.50 0 
 36671.61 1.7672e-14  36728.23 0 
 36925.79 1.7310e-14  36982.80 0 
 37096.26 1.6994e-14  37153.54 0 
 37267.48 1.6722e-14  37325.02 0 
 37525.78 1.6379e-14  37583.72 0 
 37699.02 1.6192e-14  37757.23 0 
 37873.02 1.5896e-14  37931.50 0 
 38135.52 1.5606e-14  38194.41 0 
 38311.58 1.5392e-14  38370.73 0 
 38488.41 1.5111e-14  38547.83 0 
 38666.05 1.4835e-14  38725.75 0 
 38934.09 1.4598e-14  38994.21 0 
 39113.79 1.4332e-14  39174.18 0 
 39294.32 1.4135e-14  39354.99 0 
 39475.72 1.3845e-14  39536.67 0 
 39657.92 1.3624e-14  39719.15 0 
 39932.84 1.3344e-14  39994.50 0 
 40117.15 1.3161e-14  40179.09 0 
 40302.31 1.2951e-14  40364.54 0 
 40488.32 1.2714e-14  40550.84 0 
 40675.24 1.2540e-14  40738.04 0 
 40862.97 1.2339e-14  40926.07 0 
 41146.20 1.2170e-14  41209.73 0 
 41336.15 1.2003e-14  41399.98 0 
 41526.94 1.1784e-14  41591.06 0 
 41718.61 1.1596e-14  41783.02 0 
 41911.20 1.1436e-14  41975.91 0 
 42104.64 1.1254e-14  42169.65 0 
 42298.97 1.1125e-14  42364.28 0 
 42494.25 1.0947e-14  42559.86 0 
 42690.38 1.0797e-14  42756.29 0 
 42887.41 1.0430e-14  42953.63 0 
 43085.41 1.0053e-14  43151.93 0 
 43284.27 1.0030e-14  43351.10 0 
 43484.04 9.6893e-15  43551.18 0 
 43684.74 9.4906e-15  43752.19 0 
 43886.42 9.3604e-15  43954.18 0 
 44088.97 9.0843e-15  44157.04 0 
 44292.46 8.9803e-15  44360.85 0 
 44496.94 8.8571e-15  44565.64 0 
 44702.31 8.6356e-15  44771.33 0 
 44908.63 8.5959e-15  44977.97 0 
 45115.96 8.4585e-15  45185.62 0 
 45324.19 8.3041e-15  45394.17 0 
 45533.38 8.2469e-15  45603.68 0 
 45743.54 8.1525e-15  45814.16 0 
 45849.03 7.9670e-15  45919.82 0 
 46060.64 7.9670e-15  46131.76 0 
 46273.23 7.8396e-15  46344.68 0 
 46486.86 7.7498e-15  46558.63 0 
 46701.42 7.7142e-15  46773.52 0 
 46916.96 7.6259e-15  46989.40 0 
 47133.51 7.5213e-15  47206.28 0 
 47351.10 7.5040e-15  47424.21 0 
 47460.25 7.4010e-15  47533.53 0 
 47679.30 7.3332e-15  47752.92 0 
 47899.41 7.2660e-15  47973.37 0 
 48120.49 7.1498e-15  48194.79 0 
 48342.59 7.1498e-15  48417.23 0 
 48454.02 7.0517e-15  48528.84 0 
 48677.71 6.9710e-15  48752.87 0 
 48902.38 6.9070e-15  48977.89 0 
 49128.09 6.8437e-15  49203.95 0 
 49354.84 6.7810e-15  49431.04 0 
 49468.66 6.7188e-15  49545.04 0 
 49696.98 6.6879e-15  49773.71 0 
 49926.36 6.6118e-15  50003.44 0 
 50156.84 6.5971e-15  50234.29 0 
 50272.46 6.5519e-15  50350.08 0 
 50504.49 6.5073e-15  50582.46 0 
 50737.59 6.4928e-15  50815.93 0 
 50854.54 6.4930e-15  50933.06 0 
 50971.82 6.4783e-15  51050.52 0 
 51089.31 6.4488e-15  51168.20 0 
 51207.08 6.4342e-15  51286.14 0 
 51325.11 6.4344e-15  51404.36 0 
 51443.42 6.4198e-15  51522.85 0 
 51562.01 6.4053e-15  51641.62 0 
 51680.92 6.4203e-15  51760.71 0 
 51800.04 6.4057e-15  51880.02 0 
 51919.45 6.3912e-15  51999.61 0 
 52039.12 6.3767e-15  52119.47 0 
 52159.08 6.3770e-15  52239.61 0 
 52279.31 6.3625e-15  52360.03 0 
 52399.81 6.3481e-15  52480.72 0 
 52520.66 6.3483e-15  52601.75 0 
 52641.72 6.3632e-15  52723.00 0 
 52763.07 6.3634e-15  52844.53 0 
 52884.69 6.3490e-15  52966.34 0 
 53006.59 6.3200e-15  53088.43 0 
 53128.77 6.3202e-15  53210.80 0 
 53251.30 6.3350e-15  53333.52 0 
 53374.05 6.3352e-15  53456.46 0 
 53497.08 6.3355e-15  53579.68 0 
 53620.39 6.3357e-15  53703.18 0 
 53743.99 6.3359e-15  53826.97 0 
 53867.87 6.3361e-15  53951.05 0 
 53992.04 6.3509e-15  54075.41 0 
 54116.56 6.3511e-15  54200.11 0 
 54241.30 6.3367e-15  54325.05 0 
 54366.33 6.3369e-15  54450.27 0 
 54491.65 6.3518e-15  54575.79 0 
 54617.26 6.3666e-15  54701.59 0 
 54743.15 6.3668e-15  54827.68 0 
 54869.34 6.3817e-15  54954.06 0 
 54995.88 6.3819e-15  55080.79 0 
 55122.65 6.3968e-15  55207.76 0 
 55249.71 6.4266e-15  55335.02 0 
 55377.06 6.4564e-15  55462.57 0 
 55504.71 6.4418e-15  55590.41 0 
 55632.65 6.4569e-15  55718.55 0 
 55760.95 6.5018e-15  55847.05 0 
 55889.48 6.5020e-15  55975.78 0 
 56018.32 6.5323e-15  56104.81 0 
 56147.44 6.5626e-15  56234.13 0 
 56276.87 6.5780e-15  56363.76 0 
 56406.59 6.6085e-15  56493.68 0 
 56536.61 6.6545e-15  56623.90 0 
 56666.99 6.6855e-15  56754.48 0 
 56797.61 6.7320e-15  56885.31 0 
 56928.54 6.7633e-15  57016.43 0 
 57059.76 6.8104e-15  57147.86 0 
 57191.29 6.8736e-15  57279.59 0 
 57323.11 6.9215e-15  57411.62 0 
 57455.31 6.9858e-15  57544.02 0 
 57587.75 7.0506e-15  57676.67 0 
 57720.50 7.1161e-15  57809.62 0 
 57853.55 7.1822e-15  57942.87 0 
 57986.90 7.2823e-15  58076.43 0 
 58120.57 7.3669e-15  58210.30 0 
 58254.54 7.4524e-15  58344.48 0 
 58388.88 7.5737e-15  58479.04 0 
 58523.47 7.6793e-15  58613.83 0 
 58658.37 7.8043e-15  58748.94 0 
 58793.59 7.9497e-15  58884.36 0 
 58929.11 8.1164e-15  59020.09 0 
 59153.62 8.0585e-15  59244.95 3 
 59463.00 8.5488e-15  59554.81 3 
 59772.37 9.1114e-15  59864.66 3 
 60081.74 1.1056e-14  60174.51 3 
 60391.13 1.1455e-14  60484.37 3 
 60700.50 1.2438e-14  60794.22 3 
 61009.87 1.3301e-14  61104.07 3 
 61319.26 1.6388e-14  61413.93 3 
 61628.63 2.1895e-14  61723.78 3 
 61938.00 2.7368e-14  62033.63 3 
 62247.38 2.8195e-14  62343.49 3 
 62556.75 2.5934e-14  62653.34 3 
 62866.13 2.2010e-14  62963.19 3 
 63175.50 1.8515e-14  63273.05 3 
 63484.88 1.6483e-14  63582.90 3 
 63794.26 1.5004e-14  63892.76 3 
 64103.63 1.3318e-14  64202.61 3 
 64413.00 1.1973e-14  64512.46 3 
 64722.39 1.1145e-14  64822.32 3 
 65031.76 1.1001e-14  65132.17 3 
 65341.13 1.0531e-14  65442.02 3 
 65650.52 1.0776e-14  65751.88 3 
 65959.88 1.0596e-14  66061.73 3 
 66269.26 1.1275e-14  66371.58 3 
 66578.65 1.0608e-14  66681.45 3 
 66888.01 1.0764e-14  66991.29 3 
 67197.39 1.0174e-14  67301.14 3 
 67506.77 1.0808e-14  67611.00 3 
 67816.14 1.1258e-14  67920.85 3 
 68125.53 1.1367e-14  68230.71 3 
 68434.90 1.1818e-14  68540.56 3 
 68744.27 1.1969e-14  68850.41 3 
 69053.65 1.2932e-14  69160.27 3 
 69363.02 1.3383e-14  69470.12 3 
 69672.40 1.6054e-14  69779.98 3 
 69981.78 1.6069e-14  70089.83 3 
 70291.15 1.3701e-14  70399.68 3 
 70600.53 1.2199e-14  70709.54 3 
 70909.91 1.2322e-14  71019.39 3 
 71219.28 1.3540e-14  71329.24 3 
 71528.66 1.4145e-14  71639.10 3 
 71838.03 1.3621e-14  71948.95 3 
 72147.42 1.4331e-14  72258.81 3 
 72456.78 1.5019e-14  72568.66 3 
 72766.16 1.5815e-14  72878.51 3 
 73075.55 1.6098e-14  73188.38 3 
 73384.91 1.6807e-14  73498.22 3 
 73694.29 1.8583e-14  73808.07 3 
 74003.67 1.9958e-14  74117.93 3 
 74313.04 2.0409e-14  74427.78 3 
 74622.42 2.2432e-14  74737.63 3 
 74931.79 2.4661e-14  75047.48 3 
 75220.92 2.5647e-14  75337.06 3 
 75241.17 2.7800e-14  75357.34 3 
 75550.55 2.8507e-14  75667.20 3 
 75840.89 2.9777e-14  75957.99 3 
 75859.92 2.9999e-14  75977.05 3 
 76460.88 2.9807e-14  76578.94 3 
 77080.86 2.8930e-14  77199.88 3 
 77700.85 2.8307e-14  77820.82 3 
 78320.83 2.7670e-14  78441.76 3 
 78940.83 2.5658e-14  79062.71 3 
 79560.81 2.2444e-14  79683.65 3 
 80180.79 1.9928e-14  80304.59 3 
 80800.78 1.7524e-14  80925.54 3 
 81420.76 1.5911e-14  81546.48 3 
 82040.74 1.5027e-14  82167.41 3 
 82660.73 1.4781e-14  82788.36 3 
 83280.71 1.4835e-14  83409.30 3 
 83900.71 1.4627e-14  84030.25 3 
 84520.69 1.4464e-14  84651.19 3 
 85140.68 1.5319e-14  85272.13 3 
 85760.66 1.6463e-14  85893.07 3 
 86380.65 1.5206e-14  86514.02 3 
 87000.62 1.3281e-14  87134.95 3 
 87620.61 1.0931e-14  87755.90 3 
 88240.60 9.4189e-15  88376.84 3 
 88860.58 7.8096e-15  88997.78 3 
 89480.56 6.8049e-15  89618.72 3 
 90100.55 6.7478e-15  90239.66 3 
 90720.53 5.8910e-15  90860.60 3 
 91340.52 5.8004e-15  91481.55 3 
 91960.51 5.7771e-15  92102.49 3 
 92580.49 5.4618e-15  92723.44 3 
 93200.48 5.1019e-15  93344.38 3 
 93820.46 5.2987e-15  93965.32 3 
 94440.44 5.1609e-15  94586.26 3 
 95060.42 5.1886e-15  95207.20 3 
 95680.42 5.0769e-15  95828.15 3 
 96300.40 5.6566e-15  96449.09 3 
 96920.38 5.8234e-15  97070.02 3 
 97540.37 4.9246e-15  97690.98 3 
 98160.36 4.4619e-15  98311.92 3 
 98780.34 4.4863e-15  98932.86 3 
 99400.33 4.4892e-15  99553.80 3 
100020.27 4.4313e-15 100174.70 3 
100640.31 4.1272e-15 100795.70 3 
101260.25 4.2010e-15 101416.59 3 
101880.30 3.9978e-15 102037.60 3 
102500.24 4.1013e-15 102658.50 3 
103120.27 3.9459e-15 103279.49 3 
103740.23 4.1823e-15 103900.41 3 
104360.17 4.4270e-15 104521.30 3 
104980.21 5.0074e-15 105142.30 3 
105600.15 5.1065e-15 105763.20 3 
106220.20 5.2733e-15 106384.20 3 
106840.14 5.2978e-15 107005.10 3 
107460.08 5.4105e-15 107626.00 3 
108080.12 5.4596e-15 108247.00 3 
108700.07 5.7349e-15 108867.91 3 
109320.11 6.4894e-15 109488.90 3 
109940.05 7.5275e-15 110109.80 3 
110560.09 8.6915e-15 110730.80 3 
111180.04 1.1361e-14 111351.70 3 
111799.98 1.7763e-14 111972.60 3 
112420.03 2.1574e-14 112593.60 3 
113039.97 1.9566e-14 113214.50 3 
113660.01 1.5938e-14 113835.50 3 
114279.95 1.2871e-14 114456.40 3 
114899.99 1.0831e-14 115077.40 3 
115519.93 9.2879e-15 115698.30 3 
116139.88 8.2104e-15 116319.20 3 
116759.93 7.5501e-15 116940.20 3 
117379.87 7.2376e-15 117561.10 3 
117999.90 7.1047e-15 118182.09 3 
118619.84 7.3981e-15 118802.99 3 
119239.89 7.9655e-15 119424.00 3 
119859.83 8.0766e-15 120044.90 3 
120479.78 7.8983e-15 120665.80 3 
121099.83 7.5543e-15 121286.80 3 
121719.77 7.3273e-15 121907.70 3 
122339.80 7.7548e-15 122528.70 3 
122959.74 8.1806e-15 123149.59 3 
123579.70 8.1525e-15 123770.51 3 
124199.74 8.3146e-15 124391.50 3 
124819.68 8.8216e-15 125012.40 3 
125439.72 9.2038e-15 125633.40 3 
126059.67 9.5797e-15 126254.30 3 
126679.70 9.7349e-15 126875.30 3 
127299.65 1.0747e-14 127496.20 3 
127919.59 1.3637e-14 128117.10 3 
128539.64 1.1831e-14 128738.10 3 
129159.58 7.2710e-15 129359.00 3 
129779.62 5.7629e-15 129980.00 3 
130399.56 5.5169e-15 130600.90 3 
131019.50 5.3894e-15 131221.80 3 
131639.55 5.3835e-15 131842.80 3 
132259.49 5.2360e-15 132463.70 3 
132879.54 5.1172e-15 133084.70 3 
133499.47 5.0185e-15 133705.59 3 
134119.51 4.8352e-15 134326.59 3 
134739.46 4.7463e-15 134947.50 3 
135359.41 4.7041e-15 135568.41 3 
135979.45 4.5768e-15 136189.41 3 
136599.39 4.4527e-15 136810.30 3 
137219.43 4.1916e-15 137431.30 3 
137839.38 4.0645e-15 138052.20 3 
138459.42 4.0957e-15 138673.20 3 
139079.36 3.8161e-15 139294.09 3 
139699.30 3.7937e-15 139915.00 3 
140319.35 3.9650e-15 140536.00 3 
140939.30 4.0907e-15 141156.91 3 
141559.32 4.1190e-15 141777.89 3 
142179.27 4.1594e-15 142398.80 3 
142799.31 4.1335e-15 143019.80 3 
143419.26 3.8665e-15 143640.70 3 
144039.20 3.5540e-15 144261.59 3 
144659.26 3.4811e-15 144882.61 3 
145192.73 3.4020e-15 145416.91 3 
146108.21 3.2777e-15 146333.80 3 
147023.79 3.2369e-15 147250.80 3 
147939.28 3.1133e-15 148167.70 3 
148854.76 3.0622e-15 149084.59 3 
149770.25 3.0036e-15 150001.50 3 
150685.84 2.9444e-15 150918.50 3 
151601.33 2.9785e-15 151835.41 3 
152516.81 3.0043e-15 152752.30 3 
153432.40 2.9704e-15 153669.30 3 
154347.89 3.1539e-15 154586.20 3 
155263.37 3.8306e-15 155503.09 3 
156178.86 3.7760e-15 156420.00 3 
157094.45 3.2316e-15 157337.00 3 
158009.94 3.1797e-15 158253.91 3 
158925.42 3.2762e-15 159170.80 3 
159841.00 3.3352e-15 160087.80 3 
160756.50 3.3515e-15 161004.70 3 
161671.97 3.3802e-15 161921.59 3 
162587.56 3.7287e-15 162838.59 3 
163503.05 4.4931e-15 163755.50 3 
164418.53 5.2575e-15 164672.39 3 
165334.02 4.9509e-15 165589.30 3 
166249.62 4.6005e-15 166506.31 3 
167165.08 4.6510e-15 167423.19 3 
168080.58 4.7323e-15 168340.09 3 
168996.07 4.9027e-15 169257.00 3 
169911.66 5.8989e-15 170174.00 3 
170827.15 6.0031e-15 171090.91 3 
171742.64 5.0564e-15 172007.81 3 
172658.23 4.8398e-15 172924.81 3 
173573.71 4.8382e-15 173841.70 3 
174489.20 4.4852e-15 174758.61 3 
175404.78 3.8083e-15 175675.61 3 
176320.26 3.4574e-15 176592.50 3 
177235.75 3.3981e-15 177509.41 3 
178151.23 3.3424e-15 178426.30 3 
179066.82 3.2224e-15 179343.30 3 
179982.31 2.9821e-15 180260.20 3 
180897.79 2.8539e-15 181177.09 3 
181813.37 2.7913e-15 182094.09 3 
182728.87 2.7589e-15 183011.00 3 
183644.34 2.7810e-15 183927.89 3 
184559.93 2.7740e-15 184844.89 3 
185475.42 2.8678e-15 185761.80 3 
186390.92 3.4833e-15 186678.70 3 
187306.39 4.1302e-15 187595.59 3 
188221.98 3.2864e-15 188512.59 3 
189137.47 2.8451e-15 189429.50 3 
190052.95 2.7993e-15 190346.39 3 
190968.55 2.8042e-15 191263.41 3 
191884.04 2.7151e-15 192180.31 3 
192799.51 2.6236e-15 193097.19 3 
193715.00 2.5294e-15 194014.09 3 
194630.60 2.5251e-15 194931.11 3 
195546.08 2.5632e-15 195848.00 3 
196461.57 2.5595e-15 196764.91 3 
197377.16 2.5346e-15 197681.91 3 
198292.63 2.5173e-15 198598.80 3 
199208.13 2.4524e-15 199515.70 3 
200123.62 2.4795e-15 200432.61 3 
201039.20 2.4751e-15 201349.61 3 
201954.68 2.4486e-15 202266.50 3 
202870.17 2.3940e-15 203183.41 3 
203785.76 2.4476e-15 204100.41 3 
204884.16 2.3396e-15 205200.50 3 
206646.75 2.4569e-15 206965.81 3 
208410.42 2.3953e-15 208732.20 3 
210174.99 2.3172e-15 210499.50 3 
211940.65 2.3971e-15 212267.89 3 
213707.33 2.4036e-15 214037.30 3 
215475.10 2.3103e-15 215807.80 3 
217243.76 2.3787e-15 217579.19 3 
219013.53 2.4091e-15 219351.69 3 
220784.31 2.3730e-15 221125.20 3 
222556.17 2.3057e-15 222899.80 3 
224329.04 2.3767e-15 224675.41 3 
226102.90 2.4379e-15 226452.00 3 
227877.84 2.4125e-15 228229.69 3 
229653.81 2.3564e-15 230008.39 3 
231430.76 2.3981e-15 231788.09 3 
233208.82 2.4504e-15 233568.89 3 
234987.88 2.4872e-15 235350.70 3 
236768.02 2.4375e-15 237133.59 3 
238549.27 2.4333e-15 238917.59 3 
240331.52 2.4311e-15 240702.59 3 
242114.77 2.4390e-15 242488.59 3 
243899.12 2.3910e-15 244275.70 3 
245684.46 2.3465e-15 246063.80 3 
247471.01 2.3605e-15 247853.11 3 
249258.46 2.3950e-15 249643.31 3 
251046.98 2.4326e-15 251434.59 3 
252836.62 2.3901e-15 253227.00 3 
254627.36 2.3869e-15 255020.50 3 
256419.09 2.4713e-15 256815.00 3 
258211.91 2.6312e-15 258610.59 3 
260005.85 2.6569e-15 260407.30 3 
261800.87 2.4561e-15 262205.09 3 
263596.91 2.3623e-15 264003.91 3 
265394.01 2.3496e-15 265803.78 3 
267192.27 2.3824e-15 267604.81 3 
268991.46 2.3587e-15 269406.78 3 
270791.90 2.3628e-15 271210.00 3 
272593.30 2.3657e-15 273014.19 3 
274395.83 2.3498e-15 274819.50 3 
276199.45 2.3384e-15 276625.91 3 
278004.17 2.3458e-15 278433.41 3 
279809.97 2.4059e-15 280242.00 3 
281616.87 2.5229e-15 282051.69 3 
283424.89 2.4671e-15 283862.50 3 
285234.00 2.3604e-15 285674.41 3 
287044.21 2.3266e-15 287487.41 3 
288855.51 2.3442e-15 289301.50 3 
290667.90 2.3462e-15 291116.69 3 
292481.41 2.3787e-15 292933.00 3 
294296.01 2.3832e-15 294750.41 3 
296111.71 2.4074e-15 296568.91 3 
297928.59 2.3720e-15 298388.59 3 
299746.60 2.3842e-15 300209.41 3 
301565.57 2.3759e-15 302031.19 3 
303385.76 2.4416e-15 303854.19 3 
305207.04 2.4503e-15 305678.28 3 
307029.54 2.4872e-15 307503.59 3 
308853.04 2.4728e-15 309329.91 3 
310677.72 2.4658e-15 311157.41 3 
312503.59 2.4756e-15 312986.09 3 
314330.49 2.4737e-15 314815.81 3 
316158.57 2.5244e-15 316646.72 3 
317987.81 2.5606e-15 318478.78 3 
319818.08 2.5317e-15 320311.88 3 
321649.56 2.6057e-15 322146.19 3 
323482.26 2.7147e-15 323981.72 3 
325315.99 2.6699e-15 325818.28 3 
327150.85 2.6799e-15 327655.97 3 
328986.95 2.7207e-15 329494.91 3 
330824.21 2.7503e-15 331335.00 3 
332662.56 3.0623e-15 333176.19 3 
334502.03 3.8578e-15 335018.50 3 
336342.69 3.5628e-15 336862.00 3 
338184.56 2.8187e-15 338706.72 3 
340027.59 2.8094e-15 340552.59 3 
341871.74 2.7652e-15 342399.59 3 
343717.02 2.7258e-15 344247.72 3 
345563.54 3.1007e-15 346097.09 3 
347411.22 4.8312e-15 347947.62 3 
349260.05 5.4112e-15 349799.31 3 
