# An Atlas of Galaxy Spectral Energy Distributions from the Ultraviolet to the Mid-Infrared
# Brown et al. (2014)
# http://dx.doi.org/10.5072/03/529D3551F0117
# 
# Column 1 : Restframe Wavelength (Angstrom)
# Column 2 : Flux per unit wavelength (ergs/s/cm^2/Angstrom)
# Column 3 : Observed wavelength (Angstrom)
# Column 4 : Source (0 = model, 1 = Optical Spectrum, 2 = Akari, 3 = Spitzer IRS)
# 
   100.04 5.8346e-18    100.69 0 
   101.90 7.1451e-18    102.57 0 
   104.03 8.0539e-18    104.71 0 
   105.97 9.3542e-18    106.66 0 
   107.94 1.1016e-17    108.64 0 
   109.95 1.5311e-17    110.66 0 
   114.07 1.9499e-17    114.82 0 
   118.08 2.3605e-17    118.85 0 
   121.11 6.9664e-17    121.90 0 
   125.08 8.2037e-17    125.89 0 
   127.11 8.7299e-17    127.94 0 
   127.99 9.1203e-17    128.82 0 
   130.97 9.8857e-17    131.83 0 
   131.88 1.1246e-16    132.74 0 
   134.02 1.1803e-16    134.90 0 
   137.14 1.4126e-16    138.04 0 
   140.02 1.5206e-16    140.93 0 
   142.95 3.2286e-16    143.88 0 
   146.95 6.3827e-16    147.91 0 
   151.07 6.8078e-16    152.05 0 
   154.95 7.3115e-16    155.96 0 
   158.92 7.8706e-16    159.96 0 
   161.87 8.2987e-16    162.93 0 
   166.03 8.9332e-16    167.11 0 
   169.89 9.4844e-16    171.00 0 
   173.05 9.9542e-16    174.18 0 
   177.08 1.0520e-15    178.24 0 
   179.96 1.0965e-15    181.13 0 
   182.04 1.1298e-15    183.23 0 
   185.86 1.1885e-15    187.07 0 
   191.06 1.2648e-15    192.31 0 
   194.17 1.3183e-15    195.43 0 
   197.78 1.3804e-15    199.07 0 
   201.92 1.4455e-15    203.24 0 
   205.20 1.4928e-15    206.54 0 
   209.98 1.5171e-15    211.35 0 
   215.86 1.6711e-15    217.27 0 
   219.88 1.7418e-15    221.31 0 
   222.94 1.7742e-15    224.39 0 
   227.08 1.8536e-15    228.56 0 
   230.24 2.7798e-15    231.74 0 
   233.98 4.6452e-15    235.50 0 
   239.98 5.7811e-15    241.55 0 
   246.14 5.4829e-15    247.74 0 
   251.87 5.7545e-15    253.51 0 
   257.15 4.7534e-15    258.82 0 
   260.12 5.5464e-15    261.82 0 
   263.74 5.7944e-15    265.46 0 
   269.26 5.7545e-15    271.02 0 
   274.27 5.7017e-15    276.06 0 
   278.73 5.6365e-15    280.54 0 
   283.91 5.6106e-15    285.76 0 
   289.85 5.3089e-15    291.74 0 
   295.92 5.3457e-15    297.85 0 
   300.73 5.1524e-15    302.69 0 
   307.74 5.1881e-15    309.74 0 
   317.82 5.2120e-15    319.89 0 
   328.23 5.0934e-15    330.37 0 
   338.20 4.9546e-15    340.41 0 
   347.68 4.7974e-15    349.95 0 
   356.60 4.6990e-15    358.92 0 
   365.75 4.6452e-15    368.13 0 
   375.13 4.5186e-15    377.57 0 
   384.75 4.2463e-15    387.26 0 
   394.62 4.2561e-15    397.19 0 
   404.74 4.1784e-15    407.38 0 
   414.17 4.0552e-15    416.87 0 
   421.87 3.9265e-15    424.62 0 
   429.71 3.8107e-15    432.51 0 
   440.74 3.7154e-15    443.61 0 
   451.00 3.5893e-15    453.94 0 
   460.45 3.4674e-15    463.45 0 
   470.09 3.3574e-15    473.15 0 
   479.93 3.2735e-15    483.06 0 
   489.98 3.1261e-15    493.17 0 
   500.24 3.0762e-15    503.50 0 
   506.03 2.9923e-15    509.33 0 
   511.89 3.0832e-15    515.23 0 
   520.21 2.9992e-15    523.60 0 
   529.88 2.8774e-15    533.33 0 
   539.73 2.7227e-15    543.25 0 
   549.77 2.6303e-15    553.35 0 
   559.99 2.6303e-15    563.64 0 
   570.40 2.5883e-15    574.12 0 
   579.67 2.4889e-15    583.45 0 
   590.44 2.4379e-15    594.29 0 
   600.04 2.3121e-15    603.95 0 
   609.79 2.0465e-15    613.76 0 
   619.70 2.2439e-15    623.73 0 
   629.76 2.1578e-15    633.87 0 
   640.00 2.1282e-15    644.17 0 
   650.40 2.0607e-15    654.64 0 
   657.93 1.9861e-15    662.22 0 
   665.55 1.9861e-15    669.88 0 
   674.81 1.9454e-15    679.20 0 
   685.77 1.8408e-15    690.24 0 
   695.31 1.8493e-15    699.84 0 
   704.98 1.7338e-15    709.58 0 
   716.44 1.7620e-15    721.11 0 
   726.40 1.7179e-15    731.14 0 
   734.82 1.6827e-15    739.61 0 
   745.04 1.6331e-15    749.89 0 
   755.40 1.5922e-15    760.33 0 
   764.15 1.4521e-15    769.13 0 
   774.78 1.5206e-15    779.83 0 
   785.56 1.4622e-15    790.68 0 
   794.65 1.4488e-15    799.83 0 
   805.71 1.4256e-15    810.96 0 
   815.04 1.3964e-15    820.35 0 
   824.48 1.3741e-15    829.85 0 
   835.95 1.2589e-15    841.40 0 
   845.63 1.3092e-15    851.14 0 
   855.42 1.2765e-15    860.99 0 
   865.32 1.2618e-15    870.96 0 
   875.34 1.2445e-15    881.05 0 
   885.48 1.2218e-15    891.25 0 
   895.73 1.2023e-15    901.57 0 
   904.02 1.1722e-15    909.91 0 
   914.49 1.3366e-15    920.45 0 
   925.08 2.9175e-15    931.11 0 
   935.79 4.8979e-15    941.89 0 
   944.45 7.7626e-15    950.60 0 
   955.39 1.0023e-14    961.61 0 
   964.23 1.1246e-14    970.51 0 
   975.39 3.3963e-15    981.75 0 
   984.42 1.0069e-14    990.83 0 
   995.81 1.0116e-14   1002.31 0 
  1005.03 1.3274e-14   1011.58 0 
  1014.33 1.2589e-14   1020.94 0 
  1026.07 5.9567e-15   1032.76 0 
  1035.57 9.4844e-15   1042.32 0 
  1045.15 1.5886e-14   1051.96 0 
  1054.82 1.5524e-14   1061.70 0 
  1064.58 1.2765e-14   1071.52 0 
  1074.43 1.4622e-14   1081.43 0 
  1084.37 1.1803e-14   1091.44 0 
  1094.41 1.4928e-14   1101.54 0 
  1104.53 1.4322e-14   1111.73 0 
  1114.75 1.3804e-14   1122.02 0 
  1125.07 1.2474e-14   1132.40 0 
  1135.48 1.5032e-14   1142.88 0 
  1145.98 1.3741e-14   1153.45 0 
  1153.93 1.4322e-14   1161.45 0 
  1164.60 1.4588e-14   1172.20 0 
  1175.38 1.0593e-14   1183.04 0 
  1186.26 1.3900e-14   1193.99 0 
  1194.48 1.0163e-14   1202.26 0 
  1205.53 7.7626e-15   1213.39 0 
  1213.89 4.9318e-15   1221.80 0 
  1225.12 9.5062e-15   1233.11 0 
  1233.61 1.3459e-14   1241.65 0 
  1245.03 1.4588e-14   1253.14 0 
  1253.66 1.4028e-14   1261.83 0 
  1265.26 1.2275e-14   1273.50 0 
  1274.03 1.5136e-14   1282.33 0 
  1285.81 1.5632e-14   1294.20 0 
  1294.73 1.2824e-14   1303.17 0 
  1303.70 1.2589e-14   1312.20 0 
  1315.77 1.5066e-14   1324.34 0 
  1324.89 1.4421e-14   1333.52 0 
  1334.07 1.2942e-14   1342.77 0 
  1346.41 1.4860e-14   1355.19 0 
  1355.75 1.4355e-14   1364.58 0 
  1365.14 1.3002e-14   1374.04 0 
  1374.61 1.3428e-14   1383.57 0 
  1384.14 1.3490e-14   1393.16 0 
  1393.73 1.1749e-14   1402.81 0 
  1403.39 1.2051e-14   1412.54 0 
  1416.38 1.2417e-14   1425.61 0 
  1426.19 1.2561e-14   1435.49 0 
  1436.08 1.2445e-14   1445.44 0 
  1442.71 1.2972e-14   1452.11 0 
  1446.03 1.3092e-14   1455.46 0 
  1456.06 1.2706e-14   1465.55 0 
  1466.15 1.1803e-14   1475.71 0 
  1476.31 1.1695e-14   1485.94 0 
  1486.55 1.1803e-14   1496.24 0 
  1493.41 1.1885e-14   1503.14 0 
  1503.76 1.1272e-14   1513.56 0 
  1510.70 1.0163e-14   1520.55 0 
  1517.67 1.0740e-14   1527.57 0 
  1524.68 1.0423e-14   1534.62 0 
  1535.25 9.1835e-15   1545.25 0 
  1545.89 9.8177e-15   1555.97 0 
  1556.60 9.2898e-15   1566.75 0 
  1563.79 9.4408e-15   1573.98 0 
  1574.63 9.9542e-15   1584.89 0 
  1585.54 1.0280e-14   1595.88 0 
  1596.54 1.0471e-14   1606.94 0 
  1603.90 1.0163e-14   1614.36 0 
  1615.02 1.0116e-14   1625.55 0 
  1626.22 9.5942e-15   1636.82 0 
  1633.72 1.0069e-14   1644.37 0 
  1645.05 1.0139e-14   1655.77 0 
  1656.45 9.3974e-15   1667.25 0 
  1664.10 1.0139e-14   1674.94 0 
  1671.78 9.1203e-15   1682.67 0 
  1675.63 1.0163e-14   1686.55 0 
  1683.37 1.0471e-14   1694.34 0 
  1695.03 9.8630e-15   1706.08 0 
  1706.78 9.4625e-15   1717.91 0 
  1714.66 9.0366e-15   1725.84 0 
  1726.55 8.9538e-15   1737.80 0 
  1734.52 9.4625e-15   1745.82 0 
  1746.54 9.2047e-15   1757.92 0 
  1754.60 9.7501e-15   1766.04 0 
  1766.76 8.9127e-15   1778.28 0 
  1774.92 9.1413e-15   1786.49 0 
  1783.11 9.2471e-15   1794.73 0 
  1795.47 9.8177e-15   1807.17 0 
  1803.76 9.6607e-15   1815.52 0 
  1816.26 8.9951e-15   1828.10 0 
  1824.65 9.1203e-15   1836.54 0 
  1833.07 8.7702e-15   1845.02 0 
  1845.77 8.0169e-15   1857.80 0 
  1854.29 8.1284e-15   1866.38 0 
  1867.15 8.4141e-15   1879.32 0 
  1875.77 8.9127e-15   1887.99 0 
  1884.42 8.2987e-15   1896.71 0 
  1893.12 8.0725e-15   1905.46 0 
  1906.24 8.3947e-15   1918.67 0 
  1915.04 8.1660e-15   1927.53 0 
  1923.88 7.9069e-15   1936.42 0 
  1937.22 7.8164e-15   1949.84 0 
  1946.16 8.5115e-15   1958.84 0 
  1955.14 8.0539e-15   1967.89 0 
  1968.69 8.7904e-15   1981.53 0 
  1977.78 8.8513e-15   1990.67 0 
  1982.34 8.5705e-15   1995.26 0 
  1996.08 8.3754e-15   2009.09 0 
  2005.30 8.4529e-15   2018.37 0 
  2014.55 8.2796e-15   2027.68 0 
  2023.85 8.2987e-15   2037.04 0 
  2033.19 8.2796e-15   2046.45 0 
  2047.29 8.6498e-15   2060.63 0 
  2056.74 8.2415e-15   2070.14 0 
  2066.23 8.2037e-15   2079.70 0 
  2075.77 8.8310e-15   2089.30 0 
  2085.35 1.0990e-14   2098.94 0 
  2094.97 1.0304e-14   2108.63 0 
  2104.64 1.0139e-14   2118.36 0 
  2114.36 1.0666e-14   2128.14 0 
  2124.12 1.0210e-14   2137.96 0 
  2133.92 9.5721e-15   2147.83 0 
  2143.77 1.0715e-14   2157.74 0 
  2153.67 1.0839e-14   2167.70 0 
  2163.61 1.0023e-14   2177.71 0 
  2173.59 1.0000e-14   2187.76 0 
  2183.63 1.1016e-14   2197.86 0 
  2193.71 1.1220e-14   2208.01 0 
  2203.83 1.0864e-14   2218.20 0 
  2214.00 9.4191e-15   2228.44 0 
  2224.22 9.9313e-15   2238.72 0 
  2234.49 1.1803e-14   2249.05 0 
  2244.80 1.1220e-14   2259.44 0 
  2255.17 9.5942e-15   2269.86 0 
  2265.58 9.3542e-15   2280.34 0 
  2276.03 9.9085e-15   2290.87 0 
  2286.54 1.1668e-14   2301.44 0 
  2297.09 1.0255e-14   2312.07 0 
  2302.39 1.1426e-14   2317.39 0 
  2313.02 1.0228e-14   2328.09 0 
  2323.69 8.2553e-15   2338.84 0 
  2334.42 8.3303e-15   2349.63 0 
  2345.19 6.9436e-15   2360.48 0 
  2356.02 9.6495e-15   2371.37 0 
  2366.89 7.2016e-15   2382.32 0 
  2372.35 8.2298e-15   2387.81 0 
  2383.30 6.3579e-15   2398.83 0 
  2394.30 7.1818e-15   2409.91 0 
  2405.35 7.0171e-15   2421.03 0 
  2416.45 7.6397e-15   2432.20 0 
  2427.61 1.0399e-14   2443.43 0 
  2433.20 1.0279e-14   2449.06 0 
  2444.43 1.1719e-14   2460.37 0 
  2455.72 1.2100e-14   2471.72 0 
  2467.05 1.0932e-14   2483.13 0 
  2472.74 9.9467e-15   2488.86 0 
  2484.15 7.7019e-15   2500.35 0 
  2495.62 8.3275e-15   2511.89 0 
  2507.14 1.1283e-14   2523.48 0 
  2512.92 6.8927e-15   2529.30 0 
  2518.71 6.2857e-15   2535.13 0 
  2524.52 6.4167e-15   2540.97 0 
  2536.17 8.2837e-15   2552.70 0 
  2547.88 8.5535e-15   2564.48 0 
  2553.75 1.2915e-14   2570.40 0 
  2565.54 1.0400e-14   2582.26 0 
  2577.38 1.2501e-14   2594.18 0 
  2583.32 1.1426e-14   2600.16 0 
  2595.25 1.0539e-14   2612.16 0 
  2607.22 9.4129e-15   2624.22 0 
  2613.24 8.7635e-15   2630.27 0 
  2625.30 1.0955e-14   2642.41 0 
  2637.42 1.6577e-14   2654.61 0 
  2643.49 2.1551e-14   2660.72 0 
  2655.70 2.8469e-14   2673.01 0 
  2667.95 1.9155e-14   2685.34 0 
  2674.11 2.1441e-14   2691.54 0 
  2686.45 2.4275e-14   2703.96 0 
  2692.64 1.8413e-14   2710.19 0 
  2705.07 2.2081e-14   2722.70 0 
  2717.56 1.6670e-14   2735.27 0 
  2723.82 1.3960e-14   2741.57 0 
  2736.39 1.7053e-14   2754.23 0 
  2742.70 1.0562e-14   2760.58 0 
  2755.36 1.3479e-14   2773.32 0 
  2768.08 1.6927e-14   2786.12 0 
  2774.46 1.8011e-14   2792.54 0 
  2787.27 1.1788e-14   2805.43 0 
  2793.69 6.3884e-15   2811.90 0 
  2806.59 7.3672e-15   2824.88 0 
  2813.06 1.6153e-14   2831.39 0 
  2826.04 2.2499e-14   2844.46 0 
  2832.56 2.1287e-14   2851.02 0 
  2845.63 1.6144e-14   2864.18 0 
  2852.19 1.0375e-14   2870.78 0 
  2865.36 2.1472e-14   2884.03 0 
  2871.96 2.7851e-14   2890.68 0 
  2885.22 2.5394e-14   2904.02 0 
  2891.87 3.0248e-14   2910.72 0 
  2911.91 3.9953e-14   2930.89 0 
  2932.10 3.5108e-14   2951.21 0 
  2952.42 3.2678e-14   2971.67 0 
  2972.89 3.4207e-14   2992.27 0 
  2986.61 3.4675e-14   3006.08 0 
  3007.31 3.4984e-14   3026.91 0 
  3028.16 3.6959e-14   3047.89 0 
  3049.15 3.8598e-14   3069.02 0 
  3070.28 4.1439e-14   3090.30 0 
  3091.57 4.0575e-14   3111.72 0 
  3113.00 4.6250e-14   3133.29 0 
  3127.36 4.3053e-14   3147.75 0 
  3149.04 4.2840e-14   3169.57 0 
  3170.87 4.6956e-14   3191.54 0 
  3192.85 4.0976e-14   3213.66 0 
  3207.59 4.5334e-14   3228.49 0 
  3229.82 3.8572e-14   3250.87 0 
  3252.21 5.2979e-14   3273.41 0 
  3267.22 6.1376e-14   3288.52 0 
  3289.87 6.0095e-14   3311.31 0 
  3312.67 5.6581e-14   3334.26 0 
  3320.31 5.3287e-14   3341.95 0 
  3327.96 5.7751e-14   3349.66 0 
  3335.63 6.0885e-14   3357.38 0 
  3343.32 5.5520e-14   3365.12 0 
  3351.03 5.4752e-14   3372.87 0 
  3358.76 6.1424e-14   3380.65 0 
  3366.50 5.1320e-14   3388.44 0 
  3374.26 4.1805e-14   3396.25 0 
  3382.04 4.9565e-14   3404.08 0 
  3389.83 5.9172e-14   3411.93 0 
  3397.65 5.2007e-14   3419.79 0 
  3405.48 6.2231e-14   3427.68 0 
  3413.33 5.7273e-14   3435.58 0 
  3421.20 6.1220e-14   3443.50 0 
  3429.09 5.9270e-14   3451.44 0 
  3436.99 5.9948e-14   3459.39 0 
  3444.91 4.0246e-14   3467.37 0 
  3452.86 6.1896e-14   3475.36 0 
  3460.82 5.6572e-14   3483.37 0 
  3468.79 5.7088e-14   3491.40 0 
  3476.79 5.3640e-14   3499.45 0 
  3484.81 5.8537e-14   3507.52 0 
  3492.84 5.4497e-14   3515.60 0 
  3500.89 5.1798e-14   3523.71 0 
  3508.96 6.3864e-14   3531.83 0 
  3517.05 5.1784e-14   3539.97 0 
  3525.16 5.3597e-14   3548.13 0 
  3533.28 6.3986e-14   3556.31 0 
  3541.43 6.9028e-14   3564.51 0 
  3549.59 6.9177e-14   3572.73 0 
  3557.77 6.1081e-14   3580.96 0 
  3565.98 6.7584e-14   3589.22 0 
  3574.20 4.7401e-14   3597.49 0 
  3582.44 4.7394e-14   3605.79 0 
  3590.70 4.0427e-14   3614.10 0 
  3598.97 6.4063e-14   3622.43 0 
  3607.27 5.6435e-14   3630.78 0 
  3611.10 5.0917e-14   3634.64 1 
  3613.83 5.3887e-14   3637.39 1 
  3616.57 5.6962e-14   3640.14 1 
  3619.30 5.9228e-14   3642.89 1 
  3622.03 5.8987e-14   3645.64 1 
  3624.76 5.7114e-14   3648.39 1 
  3627.50 5.9393e-14   3651.14 1 
  3630.23 6.4916e-14   3653.89 1 
  3632.96 6.0457e-14   3656.64 1 
  3635.69 6.1844e-14   3659.39 1 
  3638.42 6.6591e-14   3662.14 1 
  3641.16 6.8150e-14   3664.89 1 
  3643.89 6.3027e-14   3667.64 1 
  3646.62 6.0266e-14   3670.39 1 
  3649.35 6.5138e-14   3673.14 1 
  3652.09 7.4281e-14   3675.89 1 
  3654.82 8.0206e-14   3678.64 1 
  3657.55 7.8479e-14   3681.39 1 
  3660.28 7.8494e-14   3684.14 1 
  3663.01 7.9888e-14   3686.89 1 
  3665.75 8.0083e-14   3689.64 1 
  3668.48 7.6801e-14   3692.39 1 
  3671.21 7.4365e-14   3695.14 1 
  3673.94 7.7539e-14   3697.89 1 
  3676.68 7.1162e-14   3700.64 1 
  3679.41 6.8542e-14   3703.39 1 
  3682.14 6.4893e-14   3706.14 1 
  3684.87 6.5756e-14   3708.89 1 
  3687.60 6.7076e-14   3711.64 1 
  3690.34 6.7774e-14   3714.39 1 
  3693.07 7.5149e-14   3717.14 1 
  3695.80 8.4883e-14   3719.89 1 
  3698.53 8.3323e-14   3722.64 1 
  3701.27 7.8598e-14   3725.39 1 
  3704.00 7.4436e-14   3728.14 1 
  3706.73 6.8272e-14   3730.89 1 
  3709.46 6.4579e-14   3733.64 1 
  3712.19 7.3574e-14   3736.39 1 
  3714.93 7.9590e-14   3739.14 1 
  3717.66 7.5555e-14   3741.89 1 
  3720.39 7.1048e-14   3744.64 1 
  3723.12 8.1005e-14   3747.39 1 
  3725.85 9.5890e-14   3750.14 1 
  3728.59 9.8223e-14   3752.89 1 
  3731.32 8.8064e-14   3755.64 1 
  3734.05 7.3053e-14   3758.39 1 
  3736.78 6.2308e-14   3761.14 1 
  3739.52 5.8985e-14   3763.89 1 
  3742.25 6.2712e-14   3766.64 1 
  3744.98 5.9333e-14   3769.39 1 
  3747.71 5.6551e-14   3772.14 1 
  3750.44 5.9809e-14   3774.89 1 
  3753.18 6.8081e-14   3777.64 1 
  3755.91 6.9633e-14   3780.39 1 
  3758.64 6.7612e-14   3783.14 1 
  3761.37 6.4159e-14   3785.89 1 
  3764.11 6.6548e-14   3788.64 1 
  3766.84 7.0107e-14   3791.39 1 
  3769.57 7.6261e-14   3794.14 1 
  3772.30 7.7662e-14   3796.89 1 
  3775.03 8.0612e-14   3799.64 1 
  3777.77 8.2524e-14   3802.39 1 
  3780.50 8.9789e-14   3805.14 1 
  3783.23 9.1433e-14   3807.89 1 
  3785.96 8.2848e-14   3810.64 1 
  3788.70 7.8283e-14   3813.39 1 
  3791.43 7.5571e-14   3816.14 1 
  3794.16 6.7548e-14   3818.89 1 
  3796.89 7.0136e-14   3821.64 1 
  3799.62 7.0351e-14   3824.39 1 
  3802.36 7.3874e-14   3827.14 1 
  3805.09 8.5139e-14   3829.89 1 
  3807.82 8.0738e-14   3832.64 1 
  3810.55 7.8752e-14   3835.39 1 
  3813.28 8.1231e-14   3838.14 1 
  3816.02 7.1714e-14   3840.89 1 
  3818.75 6.5702e-14   3843.64 1 
  3821.48 6.4420e-14   3846.39 1 
  3824.21 5.9023e-14   3849.14 1 
  3826.95 5.5878e-14   3851.89 1 
  3829.68 5.1067e-14   3854.64 1 
  3832.41 5.7213e-14   3857.39 1 
  3835.14 4.7336e-14   3860.14 1 
  3837.87 4.9435e-14   3862.89 1 
  3840.61 5.9488e-14   3865.64 1 
  3843.34 6.3764e-14   3868.39 1 
  3846.07 7.1982e-14   3871.14 1 
  3848.80 6.8625e-14   3873.89 1 
  3851.54 7.2560e-14   3876.64 1 
  3854.27 7.1186e-14   3879.39 1 
  3857.00 6.7681e-14   3882.14 1 
  3859.73 7.1076e-14   3884.89 1 
  3862.46 7.1808e-14   3887.64 1 
  3865.20 7.7158e-14   3890.39 1 
  3867.93 7.8032e-14   3893.14 1 
  3870.66 7.4320e-14   3895.89 1 
  3873.39 7.4831e-14   3898.64 1 
  3876.13 7.0471e-14   3901.39 1 
  3878.86 6.8768e-14   3904.14 1 
  3881.59 6.6955e-14   3906.89 1 
  3884.32 7.2514e-14   3909.64 1 
  3887.05 6.9361e-14   3912.39 1 
  3889.79 7.0308e-14   3915.14 1 
  3892.52 7.4673e-14   3917.89 1 
  3895.25 7.8289e-14   3920.64 1 
  3897.98 8.3047e-14   3923.39 1 
  3900.72 8.0345e-14   3926.14 1 
  3903.45 8.1636e-14   3928.89 1 
  3906.18 7.6917e-14   3931.64 1 
  3908.91 8.7026e-14   3934.39 1 
  3911.64 9.0776e-14   3937.14 1 
  3914.38 8.9247e-14   3939.89 1 
  3917.11 9.0874e-14   3942.64 1 
  3919.84 7.9153e-14   3945.39 1 
  3922.57 7.1518e-14   3948.14 1 
  3925.30 6.6477e-14   3950.89 1 
  3928.04 5.7001e-14   3953.64 1 
  3930.77 4.6103e-14   3956.39 1 
  3933.50 3.9335e-14   3959.14 1 
  3936.23 4.3192e-14   3961.89 1 
  3938.97 5.3146e-14   3964.64 1 
  3941.70 6.1389e-14   3967.39 1 
  3944.43 7.2290e-14   3970.14 1 
  3947.16 7.9481e-14   3972.89 1 
  3949.89 8.3993e-14   3975.64 1 
  3952.63 9.1932e-14   3978.39 1 
  3955.36 8.5466e-14   3981.14 1 
  3958.09 7.8351e-14   3983.89 1 
  3960.82 7.2389e-14   3986.64 1 
  3963.56 5.8805e-14   3989.39 1 
  3966.29 5.0317e-14   3992.14 1 
  3969.02 4.4046e-14   3994.89 1 
  3971.75 5.4389e-14   3997.64 1 
  3974.48 6.4137e-14   4000.39 1 
  3977.22 8.0056e-14   4003.14 1 
  3979.95 8.9978e-14   4005.89 1 
  3982.68 9.7407e-14   4008.64 1 
  3985.41 1.0400e-13   4011.39 1 
  3988.15 1.0998e-13   4014.14 1 
  3990.88 1.1154e-13   4016.89 1 
  3993.61 1.1030e-13   4019.64 1 
  3996.34 1.1077e-13   4022.39 1 
  3999.07 1.1359e-13   4025.14 1 
  4001.81 1.1429e-13   4027.89 1 
  4004.54 1.1327e-13   4030.64 1 
  4007.27 1.1430e-13   4033.39 1 
  4010.00 1.1723e-13   4036.14 1 
  4012.73 1.1796e-13   4038.89 1 
  4015.47 1.2089e-13   4041.64 1 
  4018.20 1.2582e-13   4044.39 1 
  4020.93 1.2237e-13   4047.14 1 
  4023.66 1.2004e-13   4049.89 1 
  4026.40 1.1909e-13   4052.64 1 
  4029.13 1.1780e-13   4055.39 1 
  4031.86 1.1363e-13   4058.14 1 
  4034.59 1.1355e-13   4060.89 1 
  4037.32 1.1990e-13   4063.64 1 
  4040.06 1.1952e-13   4066.39 1 
  4042.79 1.1385e-13   4069.14 1 
  4045.52 1.1224e-13   4071.89 1 
  4048.25 1.1682e-13   4074.64 1 
  4050.99 1.1789e-13   4077.39 1 
  4053.72 1.1562e-13   4080.14 1 
  4056.45 1.1166e-13   4082.89 1 
  4059.18 1.0837e-13   4085.64 1 
  4061.91 1.0794e-13   4088.39 1 
  4064.65 1.0892e-13   4091.14 1 
  4067.38 1.0999e-13   4093.89 1 
  4070.11 1.1475e-13   4096.64 1 
  4072.84 1.1605e-13   4099.39 1 
  4075.58 1.1385e-13   4102.14 1 
  4078.31 1.1700e-13   4104.89 1 
  4081.04 1.2029e-13   4107.64 1 
  4083.77 1.2245e-13   4110.39 1 
  4086.50 1.2717e-13   4113.14 1 
  4089.24 1.2907e-13   4115.89 1 
  4091.97 1.2542e-13   4118.64 1 
  4094.70 1.1971e-13   4121.39 1 
  4097.43 1.1144e-13   4124.14 1 
  4100.17 1.0686e-13   4126.89 1 
  4102.90 1.1010e-13   4129.64 1 
  4105.63 1.1465e-13   4132.39 1 
  4108.36 1.2091e-13   4135.14 1 
  4111.09 1.2224e-13   4137.89 1 
  4113.83 1.2319e-13   4140.64 1 
  4116.56 1.2425e-13   4143.39 1 
  4119.29 1.2247e-13   4146.14 1 
  4122.02 1.2256e-13   4148.89 1 
  4124.75 1.2312e-13   4151.64 1 
  4127.49 1.1976e-13   4154.39 1 
  4130.22 1.1598e-13   4157.14 1 
  4132.95 1.1746e-13   4159.89 1 
  4135.68 1.2191e-13   4162.64 1 
  4138.42 1.2256e-13   4165.39 1 
  4141.15 1.1840e-13   4168.14 1 
  4143.88 1.1667e-13   4170.89 1 
  4146.61 1.1389e-13   4173.64 1 
  4149.34 1.1655e-13   4176.39 1 
  4152.08 1.1910e-13   4179.14 1 
  4154.81 1.1697e-13   4181.89 1 
  4157.54 1.2096e-13   4184.64 1 
  4160.27 1.2434e-13   4187.39 1 
  4163.01 1.2317e-13   4190.14 1 
  4165.74 1.2250e-13   4192.89 1 
  4168.47 1.2062e-13   4195.64 1 
  4171.20 1.1474e-13   4198.39 1 
  4173.93 1.1342e-13   4201.14 1 
  4176.67 1.1515e-13   4203.89 1 
  4179.40 1.1541e-13   4206.64 1 
  4182.13 1.1655e-13   4209.39 1 
  4184.86 1.1933e-13   4212.14 1 
  4187.60 1.2123e-13   4214.89 1 
  4190.33 1.2368e-13   4217.64 1 
  4193.06 1.2314e-13   4220.39 1 
  4195.79 1.2200e-13   4223.14 1 
  4198.52 1.1546e-13   4225.89 1 
  4201.26 1.1767e-13   4228.64 1 
  4203.99 1.2118e-13   4231.39 1 
  4206.72 1.2281e-13   4234.14 1 
  4209.45 1.2413e-13   4236.89 1 
  4212.19 1.2558e-13   4239.64 1 
  4214.92 1.2494e-13   4242.39 1 
  4217.65 1.2466e-13   4245.14 1 
  4220.38 1.2416e-13   4247.89 1 
  4223.11 1.2132e-13   4250.64 1 
  4225.85 1.1296e-13   4253.39 1 
  4228.58 1.1172e-13   4256.14 1 
  4231.31 1.1896e-13   4258.89 1 
  4234.04 1.2293e-13   4261.64 1 
  4236.77 1.2425e-13   4264.39 1 
  4239.51 1.2611e-13   4267.14 1 
  4242.24 1.3075e-13   4269.89 1 
  4244.97 1.2641e-13   4272.64 1 
  4247.70 1.2561e-13   4275.39 1 
  4250.44 1.2322e-13   4278.14 1 
  4253.17 1.1921e-13   4280.89 1 
  4255.90 1.2451e-13   4283.64 1 
  4258.63 1.2613e-13   4286.39 1 
  4261.36 1.2438e-13   4289.14 1 
  4264.10 1.2735e-13   4291.89 1 
  4266.83 1.2712e-13   4294.64 1 
  4269.56 1.2063e-13   4297.39 1 
  4272.29 1.1763e-13   4300.14 1 
  4275.03 1.1788e-13   4302.89 1 
  4277.76 1.2163e-13   4305.64 1 
  4280.49 1.2301e-13   4308.39 1 
  4283.22 1.2422e-13   4311.14 1 
  4285.95 1.2275e-13   4313.89 1 
  4288.69 1.1861e-13   4316.64 1 
  4291.42 1.1656e-13   4319.39 1 
  4294.15 1.1443e-13   4322.14 1 
  4296.88 1.0722e-13   4324.89 1 
  4299.62 9.9756e-14   4327.64 1 
  4302.35 9.6191e-14   4330.39 1 
  4305.08 9.2103e-14   4333.14 1 
  4307.81 9.2759e-14   4335.89 1 
  4310.54 1.0118e-13   4338.64 1 
  4313.28 1.1627e-13   4341.39 1 
  4316.01 1.3113e-13   4344.14 1 
  4318.74 1.3566e-13   4346.89 1 
  4321.47 1.3355e-13   4349.64 1 
  4324.20 1.2962e-13   4352.39 1 
  4326.94 1.2737e-13   4355.14 1 
  4329.67 1.3625e-13   4357.89 1 
  4332.40 1.3953e-13   4360.64 1 
  4335.13 1.3344e-13   4363.39 1 
  4337.87 1.2757e-13   4366.14 1 
  4340.60 1.2828e-13   4368.89 1 
  4343.33 1.3304e-13   4371.64 1 
  4346.06 1.3606e-13   4374.39 1 
  4348.79 1.3602e-13   4377.14 1 
  4351.53 1.3494e-13   4379.89 1 
  4354.26 1.3785e-13   4382.64 1 
  4356.99 1.3986e-13   4385.39 1 
  4359.72 1.4286e-13   4388.14 1 
  4362.46 1.5057e-13   4390.89 1 
  4365.19 1.4883e-13   4393.64 1 
  4367.92 1.4193e-13   4396.39 1 
  4370.65 1.3919e-13   4399.14 1 
  4373.38 1.3688e-13   4401.89 1 
  4376.12 1.3640e-13   4404.64 1 
  4378.85 1.3147e-13   4407.39 1 
  4381.58 1.2633e-13   4410.14 1 
  4384.31 1.1981e-13   4412.89 1 
  4387.05 1.2219e-13   4415.64 1 
  4389.78 1.2774e-13   4418.39 1 
  4392.51 1.3129e-13   4421.14 1 
  4395.24 1.3973e-13   4423.89 1 
  4397.97 1.3953e-13   4426.64 1 
  4400.71 1.4058e-13   4429.39 1 
  4403.44 1.3488e-13   4432.14 1 
  4406.17 1.3459e-13   4434.89 1 
  4408.90 1.4066e-13   4437.64 1 
  4411.64 1.4241e-13   4440.39 1 
  4414.37 1.4451e-13   4443.14 1 
  4417.10 1.4873e-13   4445.89 1 
  4419.83 1.4872e-13   4448.64 1 
  4422.56 1.4946e-13   4451.39 1 
  4425.30 1.4985e-13   4454.14 1 
  4428.03 1.4831e-13   4456.89 1 
  4430.76 1.5087e-13   4459.64 1 
  4433.49 1.4593e-13   4462.39 1 
  4436.22 1.4994e-13   4465.14 1 
  4438.96 1.4956e-13   4467.89 1 
  4441.69 1.5327e-13   4470.64 1 
  4444.42 1.5658e-13   4473.39 1 
  4447.15 1.5710e-13   4476.14 1 
  4449.89 1.5681e-13   4478.89 1 
  4452.62 1.5094e-13   4481.64 1 
  4455.35 1.4527e-13   4484.39 1 
  4458.08 1.4469e-13   4487.14 1 
  4460.81 1.4435e-13   4489.89 1 
  4463.55 1.4631e-13   4492.64 1 
  4466.28 1.5129e-13   4495.39 1 
  4469.01 1.5330e-13   4498.14 1 
  4471.74 1.5937e-13   4500.89 1 
  4474.48 1.6295e-13   4503.64 1 
  4477.21 1.6435e-13   4506.39 1 
  4479.94 1.6291e-13   4509.14 1 
  4482.67 1.6036e-13   4511.89 1 
  4485.40 1.6327e-13   4514.64 1 
  4488.14 1.6191e-13   4517.39 1 
  4490.87 1.6147e-13   4520.14 1 
  4493.60 1.5892e-13   4522.89 1 
  4496.33 1.5926e-13   4525.64 1 
  4499.07 1.6557e-13   4528.39 1 
  4501.80 1.6809e-13   4531.14 1 
  4504.53 1.7354e-13   4533.89 1 
  4507.26 1.7165e-13   4536.64 1 
  4509.99 1.7214e-13   4539.39 1 
  4512.73 1.7069e-13   4542.14 1 
  4515.46 1.6827e-13   4544.89 1 
  4518.19 1.6646e-13   4547.64 1 
  4520.92 1.6467e-13   4550.39 1 
  4523.65 1.6001e-13   4553.14 1 
  4526.39 1.5334e-13   4555.89 1 
  4529.12 1.4938e-13   4558.64 1 
  4531.85 1.4979e-13   4561.39 1 
  4534.58 1.5339e-13   4564.14 1 
  4537.32 1.5832e-13   4566.89 1 
  4540.05 1.6229e-13   4569.64 1 
  4542.78 1.6330e-13   4572.39 1 
  4545.51 1.6197e-13   4575.14 1 
  4548.24 1.6403e-13   4577.89 1 
  4550.98 1.5765e-13   4580.64 1 
  4553.71 1.5972e-13   4583.39 1 
  4556.44 1.6459e-13   4586.14 1 
  4559.17 1.6809e-13   4588.89 1 
  4561.91 1.6981e-13   4591.64 1 
  4564.64 1.6668e-13   4594.39 1 
  4567.37 1.7173e-13   4597.14 1 
  4570.10 1.7192e-13   4599.89 1 
  4572.83 1.6945e-13   4602.64 1 
  4575.57 1.6894e-13   4605.39 1 
  4578.30 1.6848e-13   4608.14 1 
  4581.03 1.6460e-13   4610.89 1 
  4583.76 1.6330e-13   4613.64 1 
  4586.50 1.6687e-13   4616.39 1 
  4589.23 1.6830e-13   4619.14 1 
  4591.96 1.6895e-13   4621.89 1 
  4594.69 1.6525e-13   4624.64 1 
  4597.42 1.6604e-13   4627.39 1 
  4600.16 1.6569e-13   4630.14 1 
  4602.89 1.6501e-13   4632.89 1 
  4605.62 1.6786e-13   4635.64 1 
  4608.35 1.7452e-13   4638.39 1 
  4611.09 1.7961e-13   4641.14 1 
  4613.82 1.7845e-13   4643.89 1 
  4616.55 1.7796e-13   4646.64 1 
  4619.28 1.7813e-13   4649.39 1 
  4622.01 1.7701e-13   4652.14 1 
  4624.75 1.7504e-13   4654.89 1 
  4627.48 1.7715e-13   4657.64 1 
  4630.21 1.7635e-13   4660.39 1 
  4632.94 1.7236e-13   4663.14 1 
  4635.67 1.7192e-13   4665.89 1 
  4638.41 1.6942e-13   4668.64 1 
  4641.14 1.6648e-13   4671.39 1 
  4643.87 1.6282e-13   4674.14 1 
  4646.60 1.6375e-13   4676.89 1 
  4649.34 1.6540e-13   4679.64 1 
  4652.07 1.6500e-13   4682.39 1 
  4654.80 1.6944e-13   4685.14 1 
  4657.53 1.7049e-13   4687.89 1 
  4660.26 1.7174e-13   4690.64 1 
  4663.00 1.7162e-13   4693.39 1 
  4665.73 1.6497e-13   4696.14 1 
  4668.46 1.5966e-13   4698.89 1 
  4671.19 1.6278e-13   4701.64 1 
  4673.93 1.6618e-13   4704.39 1 
  4676.66 1.6441e-13   4707.14 1 
  4679.39 1.6322e-13   4709.89 1 
  4682.12 1.6784e-13   4712.64 1 
  4684.85 1.6775e-13   4715.39 1 
  4687.59 1.6868e-13   4718.14 1 
  4690.32 1.6781e-13   4720.89 1 
  4693.05 1.6664e-13   4723.64 1 
  4695.78 1.6475e-13   4726.39 1 
  4698.52 1.6364e-13   4729.14 1 
  4701.25 1.6380e-13   4731.89 1 
  4703.98 1.6014e-13   4734.64 1 
  4706.71 1.6230e-13   4737.39 1 
  4709.44 1.6255e-13   4740.14 1 
  4712.18 1.6561e-13   4742.89 1 
  4714.91 1.7075e-13   4745.64 1 
  4717.64 1.7221e-13   4748.39 1 
  4720.37 1.7773e-13   4751.14 1 
  4723.10 1.7712e-13   4753.89 1 
  4725.84 1.7245e-13   4756.64 1 
  4728.57 1.7084e-13   4759.39 1 
  4731.30 1.6785e-13   4762.14 1 
  4734.03 1.7013e-13   4764.89 1 
  4736.77 1.7383e-13   4767.64 1 
  4739.50 1.7182e-13   4770.39 1 
  4742.23 1.7491e-13   4773.14 1 
  4744.96 1.8072e-13   4775.89 1 
  4747.69 1.7945e-13   4778.64 1 
  4750.43 1.7892e-13   4781.39 1 
  4753.16 1.7864e-13   4784.14 1 
  4755.89 1.7478e-13   4786.89 1 
  4758.62 1.7429e-13   4789.64 1 
  4761.36 1.7169e-13   4792.39 1 
  4764.09 1.6998e-13   4795.14 1 
  4766.82 1.6944e-13   4797.89 1 
  4769.55 1.7224e-13   4800.64 1 
  4772.28 1.7594e-13   4803.39 1 
  4775.02 1.8052e-13   4806.14 1 
  4777.75 1.7960e-13   4808.89 1 
  4780.48 1.7682e-13   4811.64 1 
  4783.21 1.7732e-13   4814.39 1 
  4785.95 1.7597e-13   4817.14 1 
  4788.68 1.7610e-13   4819.89 1 
  4791.41 1.7810e-13   4822.64 1 
  4794.14 1.8140e-13   4825.39 1 
  4796.87 1.7969e-13   4828.14 1 
  4799.61 1.7908e-13   4830.89 1 
  4802.34 1.8101e-13   4833.64 1 
  4805.07 1.7984e-13   4836.39 1 
  4807.80 1.8019e-13   4839.14 1 
  4810.54 1.7924e-13   4841.89 1 
  4813.27 1.8261e-13   4844.64 1 
  4816.00 1.8347e-13   4847.39 1 
  4818.73 1.8329e-13   4850.14 1 
  4821.46 1.8377e-13   4852.89 1 
  4824.20 1.8009e-13   4855.64 1 
  4826.93 1.7758e-13   4858.39 1 
  4829.66 1.7868e-13   4861.14 1 
  4832.39 1.7924e-13   4863.89 1 
  4835.12 1.7672e-13   4866.64 1 
  4837.86 1.7395e-13   4869.39 1 
  4840.59 1.7782e-13   4872.14 1 
  4843.32 1.7858e-13   4874.89 1 
  4846.05 1.7521e-13   4877.64 1 
  4848.79 1.7411e-13   4880.39 1 
  4851.52 1.7105e-13   4883.14 1 
  4854.25 1.6823e-13   4885.89 1 
  4856.98 1.6242e-13   4888.64 1 
  4859.71 1.5610e-13   4891.39 1 
  4862.45 1.5574e-13   4894.14 1 
  4865.18 1.5948e-13   4896.89 1 
  4867.91 1.6029e-13   4899.64 1 
  4870.64 1.5892e-13   4902.39 1 
  4873.38 1.6181e-13   4905.14 1 
  4876.11 1.6497e-13   4907.89 1 
  4878.84 1.6802e-13   4910.64 1 
  4881.57 1.6996e-13   4913.39 1 
  4884.30 1.6805e-13   4916.14 1 
  4887.04 1.6454e-13   4918.89 1 
  4889.77 1.6697e-13   4921.64 1 
  4892.50 1.6986e-13   4924.39 1 
  4895.23 1.7846e-13   4927.14 1 
  4897.97 1.8286e-13   4929.89 1 
  4900.70 1.8217e-13   4932.64 1 
  4903.43 1.8276e-13   4935.39 1 
  4906.16 1.7910e-13   4938.14 1 
  4908.89 1.7542e-13   4940.89 1 
  4911.63 1.7675e-13   4943.64 1 
  4914.36 1.7600e-13   4946.39 1 
  4917.09 1.6880e-13   4949.14 1 
  4919.82 1.6628e-13   4951.89 1 
  4922.55 1.6507e-13   4954.64 1 
  4925.29 1.7166e-13   4957.39 1 
  4928.02 1.7759e-13   4960.14 1 
  4930.75 1.7966e-13   4962.89 1 
  4933.48 1.7850e-13   4965.64 1 
  4936.22 1.7378e-13   4968.39 1 
  4938.95 1.7620e-13   4971.14 1 
  4941.68 1.7931e-13   4973.89 1 
  4944.41 1.8311e-13   4976.64 1 
  4947.14 1.8551e-13   4979.39 1 
  4949.88 1.8581e-13   4982.14 1 
  4952.61 1.8189e-13   4984.89 1 
  4955.34 1.8231e-13   4987.64 1 
  4958.07 1.8076e-13   4990.39 1 
  4960.81 1.7852e-13   4993.14 1 
  4963.54 1.7687e-13   4995.89 1 
  4966.27 1.7635e-13   4998.64 1 
  4969.00 1.7819e-13   5001.39 1 
  4971.73 1.7971e-13   5004.14 1 
  4974.47 1.7977e-13   5006.89 1 
  4977.20 1.7665e-13   5009.64 1 
  4979.93 1.7113e-13   5012.39 1 
  4982.66 1.6577e-13   5015.14 1 
  4985.40 1.6459e-13   5017.89 1 
  4988.13 1.7087e-13   5020.64 1 
  4990.86 1.7313e-13   5023.39 1 
  4993.59 1.7330e-13   5026.14 1 
  4996.32 1.7368e-13   5028.89 1 
  4999.06 1.7307e-13   5031.64 1 
  5001.79 1.7187e-13   5034.39 1 
  5004.52 1.7609e-13   5037.14 1 
  5007.25 1.7747e-13   5039.89 1 
  5009.99 1.7281e-13   5042.64 1 
  5012.72 1.6613e-13   5045.39 1 
  5015.45 1.6198e-13   5048.14 1 
  5018.18 1.5825e-13   5050.89 1 
  5020.91 1.6117e-13   5053.64 1 
  5023.65 1.6373e-13   5056.39 1 
  5026.38 1.6754e-13   5059.14 1 
  5029.11 1.7086e-13   5061.89 1 
  5031.84 1.7361e-13   5064.64 1 
  5034.57 1.6904e-13   5067.39 1 
  5037.31 1.6616e-13   5070.14 1 
  5040.04 1.6352e-13   5072.89 1 
  5042.77 1.6665e-13   5075.64 1 
  5045.50 1.6999e-13   5078.39 1 
  5048.24 1.7184e-13   5081.14 1 
  5050.97 1.7265e-13   5083.89 1 
  5053.70 1.7327e-13   5086.64 1 
  5056.43 1.7785e-13   5089.39 1 
  5059.16 1.7946e-13   5092.14 1 
  5061.90 1.7892e-13   5094.89 1 
  5064.63 1.7472e-13   5097.64 1 
  5067.36 1.7250e-13   5100.39 1 
  5070.09 1.6905e-13   5103.14 1 
  5072.83 1.7020e-13   5105.89 1 
  5075.56 1.6821e-13   5108.64 1 
  5078.29 1.6547e-13   5111.39 1 
  5081.02 1.6566e-13   5114.14 1 
  5083.75 1.6607e-13   5116.89 1 
  5086.49 1.7022e-13   5119.64 1 
  5089.22 1.7299e-13   5122.39 1 
  5091.95 1.7532e-13   5125.14 1 
  5094.68 1.7313e-13   5127.89 1 
  5097.42 1.7014e-13   5130.64 1 
  5100.15 1.6926e-13   5133.39 1 
  5102.88 1.6747e-13   5136.14 1 
  5105.61 1.6655e-13   5138.89 1 
  5108.34 1.6712e-13   5141.64 1 
  5111.08 1.6871e-13   5144.39 1 
  5113.81 1.7258e-13   5147.14 1 
  5116.54 1.7209e-13   5149.89 1 
  5119.27 1.6974e-13   5152.64 1 
  5122.00 1.7047e-13   5155.39 1 
  5124.74 1.6539e-13   5158.14 1 
  5127.47 1.6224e-13   5160.89 1 
  5130.20 1.6353e-13   5163.64 1 
  5132.93 1.6372e-13   5166.39 1 
  5135.67 1.6605e-13   5169.14 1 
  5138.40 1.6683e-13   5171.89 1 
  5141.13 1.6496e-13   5174.64 1 
  5143.86 1.6459e-13   5177.39 1 
  5146.59 1.6445e-13   5180.14 1 
  5149.33 1.6017e-13   5182.89 1 
  5152.06 1.6004e-13   5185.64 1 
  5154.79 1.6419e-13   5188.39 1 
  5157.52 1.6431e-13   5191.14 1 
  5160.26 1.6483e-13   5193.89 1 
  5162.99 1.5719e-13   5196.64 1 
  5165.72 1.4913e-13   5199.39 1 
  5168.45 1.4129e-13   5202.14 1 
  5171.18 1.3518e-13   5204.89 1 
  5173.92 1.3724e-13   5207.64 1 
  5176.65 1.4357e-13   5210.39 1 
  5179.38 1.4660e-13   5213.14 1 
  5182.11 1.4491e-13   5215.89 1 
  5184.85 1.4548e-13   5218.64 1 
  5187.58 1.5077e-13   5221.39 1 
  5190.31 1.5493e-13   5224.14 1 
  5193.04 1.6072e-13   5226.89 1 
  5195.77 1.6400e-13   5229.64 1 
  5198.51 1.6703e-13   5232.39 1 
  5201.24 1.6765e-13   5235.14 1 
  5203.97 1.6441e-13   5237.89 1 
  5206.70 1.5944e-13   5240.64 1 
  5209.44 1.5880e-13   5243.39 1 
  5212.17 1.6340e-13   5246.14 1 
  5214.90 1.6991e-13   5248.89 1 
  5217.63 1.7531e-13   5251.64 1 
  5220.36 1.7353e-13   5254.39 1 
  5223.10 1.7200e-13   5257.14 1 
  5225.83 1.6710e-13   5259.89 1 
  5228.56 1.6652e-13   5262.64 1 
  5231.29 1.6935e-13   5265.39 1 
  5234.02 1.7379e-13   5268.14 1 
  5236.76 1.7763e-13   5270.89 1 
  5239.49 1.7999e-13   5273.64 1 
  5242.22 1.8171e-13   5276.39 1 
  5244.95 1.7985e-13   5279.14 1 
  5247.69 1.7590e-13   5281.89 1 
  5250.42 1.7508e-13   5284.64 1 
  5253.15 1.7606e-13   5287.39 1 
  5255.88 1.7932e-13   5290.14 1 
  5258.61 1.7833e-13   5292.89 1 
  5261.35 1.7121e-13   5295.64 1 
  5264.08 1.6271e-13   5298.39 1 
  5266.81 1.5613e-13   5301.14 1 
  5269.54 1.5391e-13   5303.89 1 
  5272.28 1.5922e-13   5306.64 1 
  5275.01 1.6801e-13   5309.39 1 
  5277.74 1.7818e-13   5312.14 1 
  5280.47 1.7988e-13   5314.89 1 
  5283.20 1.8270e-13   5317.64 1 
  5285.94 1.8573e-13   5320.39 1 
  5288.67 1.8821e-13   5323.14 1 
  5291.40 1.9200e-13   5325.89 1 
  5294.13 1.8801e-13   5328.64 1 
  5296.87 1.8276e-13   5331.39 1 
  5299.60 1.7966e-13   5334.14 1 
  5302.33 1.8344e-13   5336.89 1 
  5305.06 1.8922e-13   5339.64 1 
  5307.79 1.9571e-13   5342.39 1 
  5310.53 1.9858e-13   5345.14 1 
  5313.26 1.9598e-13   5347.89 1 
  5315.99 1.9098e-13   5350.64 1 
  5318.72 1.9199e-13   5353.39 1 
  5321.45 1.9002e-13   5356.14 1 
  5324.19 1.7896e-13   5358.89 1 
  5326.92 1.7246e-13   5361.64 1 
  5329.65 1.7269e-13   5364.39 1 
  5332.38 1.7665e-13   5367.14 1 
  5335.12 1.8290e-13   5369.89 1 
  5337.85 1.8556e-13   5372.64 1 
  5340.58 1.8407e-13   5375.39 1 
  5343.31 1.8449e-13   5378.14 1 
  5346.04 1.8367e-13   5380.89 1 
  5348.78 1.8723e-13   5383.64 1 
  5351.51 1.9015e-13   5386.39 1 
  5354.24 1.9359e-13   5389.14 1 
  5356.97 1.9563e-13   5391.89 1 
  5359.71 1.9659e-13   5394.64 1 
  5362.44 1.9324e-13   5397.39 1 
  5365.17 1.8664e-13   5400.14 1 
  5367.90 1.8173e-13   5402.89 1 
  5370.63 1.7962e-13   5405.64 1 
  5373.37 1.8429e-13   5408.39 1 
  5376.10 1.8802e-13   5411.14 1 
  5378.83 1.8915e-13   5413.89 1 
  5381.56 1.8871e-13   5416.64 1 
  5384.30 1.8722e-13   5419.39 1 
  5387.03 1.8756e-13   5422.14 1 
  5389.76 1.8455e-13   5424.89 1 
  5392.49 1.8161e-13   5427.64 1 
  5395.22 1.7842e-13   5430.39 1 
  5397.96 1.7626e-13   5433.14 1 
  5400.69 1.7633e-13   5435.89 1 
  5403.42 1.7648e-13   5438.64 1 
  5406.15 1.7694e-13   5441.39 1 
  5408.89 1.7574e-13   5444.14 1 
  5411.62 1.7979e-13   5446.89 1 
  5414.35 1.8580e-13   5449.64 1 
  5417.08 1.8744e-13   5452.39 1 
  5419.81 1.8830e-13   5455.14 1 
  5422.55 1.8839e-13   5457.89 1 
  5425.28 1.8795e-13   5460.64 1 
  5428.01 1.8479e-13   5463.39 1 
  5430.74 1.7968e-13   5466.14 1 
  5433.47 1.7970e-13   5468.89 1 
  5436.21 1.8396e-13   5471.64 1 
  5438.94 1.8984e-13   5474.39 1 
  5441.67 1.9218e-13   5477.14 1 
  5444.40 1.8859e-13   5479.89 1 
  5447.14 1.8535e-13   5482.64 1 
  5449.87 1.8296e-13   5485.39 1 
  5452.60 1.8291e-13   5488.14 1 
  5455.33 1.8320e-13   5490.89 1 
  5458.06 1.8302e-13   5493.64 1 
  5460.80 1.8269e-13   5496.39 1 
  5463.53 1.8437e-13   5499.14 1 
  5466.26 1.8576e-13   5501.89 1 
  5468.99 1.8777e-13   5504.64 1 
  5471.73 1.8823e-13   5507.39 1 
  5474.46 1.8574e-13   5510.14 1 
  5477.19 1.8113e-13   5512.89 1 
  5479.92 1.8082e-13   5515.64 1 
  5482.65 1.8324e-13   5518.39 1 
  5485.39 1.8465e-13   5521.14 1 
  5488.12 1.8487e-13   5523.89 1 
  5490.85 1.8655e-13   5526.64 1 
  5493.58 1.8604e-13   5529.39 1 
  5496.32 1.8616e-13   5532.14 1 
  5499.05 1.8766e-13   5534.89 1 
  5501.78 1.8716e-13   5537.64 1 
  5504.51 1.8253e-13   5540.39 1 
  5507.24 1.8224e-13   5543.14 1 
  5509.98 1.8435e-13   5545.89 1 
  5512.71 1.8022e-13   5548.64 1 
  5515.44 1.8000e-13   5551.39 1 
  5518.17 1.8287e-13   5554.14 1 
  5520.90 1.9137e-13   5556.89 1 
  5523.64 1.8719e-13   5559.64 1 
  5526.37 1.8425e-13   5562.39 1 
  5529.10 1.8099e-13   5565.14 1 
  5531.83 1.8320e-13   5567.89 1 
  5534.57 1.8348e-13   5570.64 1 
  5537.30 1.8820e-13   5573.39 1 
  5540.03 1.8687e-13   5576.14 1 
  5542.76 1.9146e-13   5578.89 1 
  5545.49 1.8752e-13   5581.64 1 
  5548.23 1.8880e-13   5584.39 1 
  5550.96 1.9414e-13   5587.14 1 
  5553.69 1.8852e-13   5589.89 1 
  5556.42 1.9255e-13   5592.64 1 
  5559.16 1.8781e-13   5595.39 1 
  5561.89 1.8693e-13   5598.14 1 
  5564.62 1.8522e-13   5600.89 1 
  5567.35 1.8855e-13   5603.64 1 
  5570.08 1.8472e-13   5606.39 1 
  5572.82 1.8716e-13   5609.14 1 
  5575.55 1.8676e-13   5611.89 1 
  5578.28 1.8744e-13   5614.64 1 
  5581.01 1.8779e-13   5617.39 1 
  5583.75 1.8586e-13   5620.14 1 
  5586.48 1.7998e-13   5622.89 1 
  5589.21 1.7819e-13   5625.64 1 
  5591.94 1.7772e-13   5628.39 1 
  5594.67 1.7805e-13   5631.14 1 
  5597.41 1.7962e-13   5633.89 1 
  5600.14 1.8029e-13   5636.64 1 
  5602.87 1.8347e-13   5639.39 1 
  5605.60 1.8630e-13   5642.14 1 
  5608.34 1.8866e-13   5644.89 1 
  5611.07 1.8967e-13   5647.64 1 
  5613.80 1.8664e-13   5650.39 1 
  5616.53 1.8387e-13   5653.14 1 
  5619.26 1.8215e-13   5655.89 1 
  5622.00 1.8191e-13   5658.64 1 
  5624.73 1.8351e-13   5661.39 1 
  5627.46 1.8665e-13   5664.14 1 
  5630.19 1.9149e-13   5666.89 1 
  5632.92 1.9181e-13   5669.64 1 
  5635.66 1.8998e-13   5672.39 1 
  5638.39 1.8572e-13   5675.14 1 
  5641.12 1.8638e-13   5677.89 1 
  5643.85 1.8669e-13   5680.64 1 
  5646.59 1.8789e-13   5683.39 1 
  5649.32 1.9191e-13   5686.14 1 
  5652.05 1.8856e-13   5688.89 1 
  5654.78 1.8385e-13   5691.64 1 
  5657.51 1.8257e-13   5694.39 1 
  5660.25 1.8271e-13   5697.14 1 
  5662.98 1.8336e-13   5699.89 1 
  5665.71 1.8716e-13   5702.64 1 
  5668.44 1.8683e-13   5705.39 1 
  5671.18 1.9029e-13   5708.14 1 
  5673.91 1.9222e-13   5710.89 1 
  5676.64 1.9225e-13   5713.64 1 
  5679.37 1.9247e-13   5716.39 1 
  5682.10 1.9078e-13   5719.14 1 
  5684.84 1.9183e-13   5721.89 1 
  5687.57 1.9075e-13   5724.64 1 
  5690.30 1.9064e-13   5727.39 1 
  5693.03 1.9113e-13   5730.14 1 
  5695.77 1.9233e-13   5732.89 1 
  5698.50 1.8814e-13   5735.64 1 
  5701.23 1.8295e-13   5738.39 1 
  5703.96 1.8548e-13   5741.14 1 
  5706.69 1.8173e-13   5743.89 1 
  5709.43 1.7955e-13   5746.64 1 
  5712.16 1.8266e-13   5749.39 1 
  5714.89 1.8842e-13   5752.14 1 
  5717.62 1.9387e-13   5754.89 1 
  5720.35 1.9427e-13   5757.64 1 
  5723.09 1.9558e-13   5760.39 1 
  5725.82 1.9399e-13   5763.14 1 
  5728.55 1.9369e-13   5765.89 1 
  5731.28 1.9482e-13   5768.64 1 
  5734.02 1.9422e-13   5771.39 1 
  5736.75 1.9405e-13   5774.14 1 
  5739.48 1.9166e-13   5776.89 1 
  5742.21 1.9430e-13   5779.64 1 
  5744.94 1.9480e-13   5782.39 1 
  5747.68 1.9521e-13   5785.14 1 
  5750.41 1.9200e-13   5787.89 1 
  5753.14 1.8944e-13   5790.64 1 
  5755.87 1.9226e-13   5793.39 1 
  5758.61 1.9209e-13   5796.14 1 
  5761.34 1.9156e-13   5798.89 1 
  5764.07 1.9065e-13   5801.64 1 
  5766.80 1.9316e-13   5804.39 1 
  5769.53 1.9614e-13   5807.14 1 
  5772.27 1.9582e-13   5809.89 1 
  5775.00 1.9234e-13   5812.64 1 
  5777.73 1.9286e-13   5815.39 1 
  5780.46 1.8527e-13   5818.14 1 
  5783.20 1.8567e-13   5820.89 1 
  5785.93 1.8320e-13   5823.64 1 
  5788.66 1.8759e-13   5826.39 1 
  5791.39 1.9142e-13   5829.14 1 
  5794.12 1.9224e-13   5831.89 1 
  5796.86 1.9529e-13   5834.64 1 
  5799.59 1.9310e-13   5837.39 1 
  5802.32 1.9625e-13   5840.14 1 
  5805.05 1.9867e-13   5842.89 1 
  5807.78 1.9710e-13   5845.64 1 
  5810.52 1.9533e-13   5848.39 1 
  5813.25 1.9630e-13   5851.14 1 
  5815.98 1.9545e-13   5853.89 1 
  5818.71 1.9738e-13   5856.64 1 
  5821.45 1.9944e-13   5859.39 1 
  5824.18 1.9934e-13   5862.14 1 
  5826.91 1.9701e-13   5864.89 1 
  5829.64 1.9838e-13   5867.64 1 
  5832.37 1.9892e-13   5870.39 1 
  5835.11 2.0470e-13   5873.14 1 
  5837.84 2.0304e-13   5875.89 1 
  5840.57 2.0113e-13   5878.64 1 
  5843.30 1.9934e-13   5881.39 1 
  5846.04 1.9562e-13   5884.14 1 
  5848.77 1.9944e-13   5886.89 1 
  5851.50 1.9499e-13   5889.64 1 
  5854.23 1.8892e-13   5892.39 1 
  5856.96 1.9251e-13   5895.14 1 
  5859.70 1.8850e-13   5897.89 1 
  5862.43 1.8349e-13   5900.64 1 
  5865.16 1.9204e-13   5903.39 1 
  5867.89 1.9060e-13   5906.14 1 
  5870.63 1.9337e-13   5908.89 1 
  5873.36 1.9295e-13   5911.64 1 
  5876.09 1.9318e-13   5914.39 1 
  5878.82 1.9134e-13   5917.14 1 
  5881.55 1.8800e-13   5919.89 1 
  5884.29 1.8441e-13   5922.64 1 
  5887.02 1.7429e-13   5925.39 1 
  5889.75 1.6614e-13   5928.14 1 
  5892.48 1.6376e-13   5930.89 1 
  5895.22 1.6900e-13   5933.64 1 
  5897.95 1.7282e-13   5936.39 1 
  5900.68 1.7772e-13   5939.14 1 
  5903.41 1.8279e-13   5941.89 1 
  5906.14 1.8669e-13   5944.64 1 
  5908.88 1.8664e-13   5947.39 1 
  5911.61 1.8653e-13   5950.14 1 
  5914.34 1.8700e-13   5952.89 1 
  5917.07 1.8491e-13   5955.64 1 
  5919.80 1.8902e-13   5958.39 1 
  5922.54 1.9032e-13   5961.14 1 
  5925.27 1.9050e-13   5963.89 1 
  5928.00 1.8943e-13   5966.64 1 
  5930.73 1.9139e-13   5969.39 1 
  5933.47 1.8964e-13   5972.14 1 
  5936.20 1.9084e-13   5974.89 1 
  5938.93 1.9099e-13   5977.64 1 
  5941.66 1.9118e-13   5980.39 1 
  5944.39 1.8889e-13   5983.14 1 
  5947.13 1.8969e-13   5985.89 1 
  5949.86 1.8893e-13   5988.64 1 
  5952.59 1.8695e-13   5991.39 1 
  5955.32 1.8774e-13   5994.14 1 
  5958.06 1.8852e-13   5996.89 1 
  5960.79 1.9170e-13   5999.64 1 
  5963.52 1.9002e-13   6002.39 1 
  5966.25 1.8938e-13   6005.14 1 
  5968.98 1.9156e-13   6007.89 1 
  5971.72 1.9206e-13   6010.64 1 
  5974.45 1.9070e-13   6013.39 1 
  5977.18 1.8792e-13   6016.14 1 
  5979.91 1.8510e-13   6018.89 1 
  5982.65 1.8789e-13   6021.64 1 
  5985.38 1.8788e-13   6024.39 1 
  5988.11 1.8514e-13   6027.14 1 
  5990.84 1.8582e-13   6029.89 1 
  5993.57 1.8880e-13   6032.64 1 
  5996.31 1.9038e-13   6035.39 1 
  5999.04 1.8761e-13   6038.14 1 
  6001.77 1.8679e-13   6040.89 1 
  6004.50 1.8609e-13   6043.64 1 
  6007.23 1.8569e-13   6046.39 1 
  6009.97 1.8503e-13   6049.14 1 
  6012.70 1.8565e-13   6051.89 1 
  6015.43 1.8607e-13   6054.64 1 
  6018.16 1.8564e-13   6057.39 1 
  6020.90 1.8496e-13   6060.14 1 
  6023.63 1.8653e-13   6062.89 1 
  6026.36 1.8959e-13   6065.64 1 
  6029.09 1.8883e-13   6068.39 1 
  6031.82 1.9073e-13   6071.14 1 
  6034.56 1.9436e-13   6073.89 1 
  6037.29 1.9603e-13   6076.64 1 
  6040.02 1.9682e-13   6079.39 1 
  6042.75 1.9642e-13   6082.14 1 
  6045.49 1.9799e-13   6084.89 1 
  6048.22 1.9632e-13   6087.64 1 
  6050.95 1.9691e-13   6090.39 1 
  6053.68 1.8927e-13   6093.14 1 
  6056.41 1.8990e-13   6095.89 1 
  6059.15 1.9262e-13   6098.64 1 
  6061.88 1.9241e-13   6101.39 1 
  6064.61 1.9403e-13   6104.14 1 
  6067.34 1.9176e-13   6106.89 1 
  6070.08 1.9636e-13   6109.64 1 
  6072.81 1.9519e-13   6112.39 1 
  6075.54 1.9547e-13   6115.14 1 
  6078.27 1.9340e-13   6117.89 1 
  6081.00 1.9041e-13   6120.64 1 
  6083.74 1.9084e-13   6123.39 1 
  6086.47 1.9165e-13   6126.14 1 
  6089.20 1.8663e-13   6128.89 1 
  6091.93 1.9012e-13   6131.64 1 
  6094.67 1.8902e-13   6134.39 1 
  6097.40 1.9096e-13   6137.14 1 
  6100.13 1.8883e-13   6139.89 1 
  6102.86 1.9237e-13   6142.64 1 
  6105.59 1.8790e-13   6145.39 1 
  6108.33 1.9288e-13   6148.14 1 
  6111.06 1.9011e-13   6150.89 1 
  6113.79 1.9094e-13   6153.64 1 
  6116.52 1.9592e-13   6156.39 1 
  6119.25 1.8734e-13   6159.14 1 
  6121.99 1.8675e-13   6161.89 1 
  6124.72 1.8455e-13   6164.64 1 
  6127.45 1.8770e-13   6167.39 1 
  6130.18 1.8895e-13   6170.14 1 
  6132.92 1.8747e-13   6172.89 1 
  6135.65 1.8377e-13   6175.64 1 
  6138.38 1.8595e-13   6178.39 1 
  6141.11 1.8692e-13   6181.14 1 
  6143.84 1.8920e-13   6183.89 1 
  6146.58 1.8874e-13   6186.64 1 
  6149.31 1.8704e-13   6189.39 1 
  6152.04 1.8559e-13   6192.14 1 
  6154.77 1.8434e-13   6194.89 1 
  6157.51 1.7667e-13   6197.64 1 
  6160.24 1.7615e-13   6200.39 1 
  6162.97 1.7081e-13   6203.14 1 
  6165.70 1.7121e-13   6205.89 1 
  6168.43 1.7615e-13   6208.64 1 
  6171.17 1.7578e-13   6211.39 1 
  6173.90 1.7954e-13   6214.14 1 
  6176.63 1.8026e-13   6216.89 1 
  6179.36 1.8393e-13   6219.64 1 
  6182.10 1.8396e-13   6222.39 1 
  6184.83 1.7972e-13   6225.14 1 
  6187.56 1.7794e-13   6227.89 1 
  6190.29 1.7896e-13   6230.64 1 
  6193.02 1.8044e-13   6233.39 1 
  6195.76 1.8492e-13   6236.14 1 
  6198.49 1.8459e-13   6238.89 1 
  6201.22 1.8339e-13   6241.64 1 
  6203.95 1.8488e-13   6244.39 1 
  6206.68 1.8660e-13   6247.14 1 
  6209.42 1.8544e-13   6249.89 1 
  6212.15 1.8556e-13   6252.64 1 
  6214.88 1.8209e-13   6255.39 1 
  6217.61 1.7708e-13   6258.14 1 
  6220.35 1.7749e-13   6260.89 1 
  6223.08 1.7921e-13   6263.64 1 
  6225.81 1.7859e-13   6266.39 1 
  6228.54 1.7690e-13   6269.14 1 
  6231.27 1.7504e-13   6271.89 1 
  6234.01 1.7446e-13   6274.64 1 
  6236.74 1.7231e-13   6277.39 1 
  6239.47 1.7636e-13   6280.14 1 
  6242.20 1.7442e-13   6282.89 1 
  6244.94 1.7172e-13   6285.64 1 
  6247.67 1.7075e-13   6288.39 1 
  6250.40 1.7468e-13   6291.14 1 
  6253.13 1.7498e-13   6293.89 1 
  6255.86 1.7574e-13   6296.64 1 
  6258.60 1.7208e-13   6299.39 1 
  6261.33 1.7588e-13   6302.14 1 
  6264.06 1.8148e-13   6304.89 1 
  6266.79 1.7690e-13   6307.64 1 
  6269.53 1.7915e-13   6310.39 1 
  6272.26 1.8139e-13   6313.14 1 
  6274.99 1.7623e-13   6315.89 1 
  6277.72 1.7495e-13   6318.64 1 
  6280.45 1.7865e-13   6321.39 1 
  6283.19 1.7980e-13   6324.14 1 
  6285.92 1.8626e-13   6326.89 1 
  6288.65 1.8541e-13   6329.64 1 
  6291.38 1.8330e-13   6332.39 1 
  6294.12 1.8121e-13   6335.14 1 
  6296.85 1.8159e-13   6337.89 1 
  6299.58 1.8166e-13   6340.64 1 
  6302.31 1.8361e-13   6343.39 1 
  6305.04 1.8483e-13   6346.14 1 
  6307.78 1.8475e-13   6348.89 1 
  6310.51 1.8276e-13   6351.64 1 
  6313.24 1.8051e-13   6354.39 1 
  6315.97 1.8245e-13   6357.14 1 
  6318.70 1.7899e-13   6359.89 1 
  6321.44 1.7994e-13   6362.64 1 
  6324.17 1.8184e-13   6365.39 1 
  6326.90 1.7975e-13   6368.14 1 
  6329.63 1.8564e-13   6370.89 1 
  6332.37 1.8530e-13   6373.64 1 
  6335.10 1.8926e-13   6376.39 1 
  6337.83 1.8433e-13   6379.14 1 
  6340.56 1.8599e-13   6381.89 1 
  6343.29 1.8576e-13   6384.64 1 
  6346.03 1.8795e-13   6387.39 1 
  6348.76 1.8781e-13   6390.14 1 
  6351.49 1.8197e-13   6392.89 1 
  6354.22 1.7740e-13   6395.64 1 
  6356.96 1.8061e-13   6398.39 1 
  6359.69 1.7923e-13   6401.14 1 
  6362.42 1.7791e-13   6403.89 1 
  6365.15 1.8059e-13   6406.64 1 
  6367.88 1.8590e-13   6409.39 1 
  6370.62 1.8899e-13   6412.14 1 
  6373.35 1.8749e-13   6414.89 1 
  6376.08 1.8855e-13   6417.64 1 
  6378.81 1.9125e-13   6420.39 1 
  6381.55 1.8866e-13   6423.14 1 
  6384.28 1.8757e-13   6425.89 1 
  6387.01 1.8654e-13   6428.64 1 
  6389.74 1.8433e-13   6431.39 1 
  6392.47 1.8685e-13   6434.14 1 
  6395.21 1.8632e-13   6436.89 1 
  6397.94 1.8339e-13   6439.64 1 
  6400.67 1.8271e-13   6442.39 1 
  6403.40 1.8696e-13   6445.14 1 
  6406.13 1.8570e-13   6447.89 1 
  6408.87 1.8665e-13   6450.64 1 
  6411.60 1.8421e-13   6453.39 1 
  6414.33 1.8611e-13   6456.14 1 
  6417.06 1.8371e-13   6458.89 1 
  6419.80 1.8538e-13   6461.64 1 
  6422.53 1.8573e-13   6464.39 1 
  6425.26 1.8803e-13   6467.14 1 
  6427.99 1.8974e-13   6469.89 1 
  6430.72 1.8808e-13   6472.64 1 
  6433.46 1.8553e-13   6475.39 1 
  6436.19 1.8501e-13   6478.14 1 
  6438.92 1.8477e-13   6480.89 1 
  6441.65 1.8588e-13   6483.64 1 
  6444.39 1.9016e-13   6486.39 1 
  6447.12 1.8665e-13   6489.14 1 
  6449.85 1.8729e-13   6491.89 1 
  6452.58 1.9019e-13   6494.64 1 
  6455.31 1.8864e-13   6497.39 1 
  6458.05 1.9119e-13   6500.14 1 
  6460.78 1.8924e-13   6502.89 1 
  6463.51 1.9073e-13   6505.64 1 
  6466.24 1.9095e-13   6508.39 1 
  6468.98 1.9109e-13   6511.14 1 
  6471.71 1.9055e-13   6513.89 1 
  6474.44 1.8749e-13   6516.64 1 
  6477.17 1.9033e-13   6519.39 1 
  6479.90 1.9179e-13   6522.14 1 
  6482.64 1.8994e-13   6524.89 1 
  6485.37 1.8725e-13   6527.64 1 
  6488.10 1.8579e-13   6530.39 1 
  6490.83 1.8325e-13   6533.14 1 
  6493.57 1.7567e-13   6535.89 1 
  6496.30 1.7200e-13   6538.64 1 
  6499.03 1.7683e-13   6541.39 1 
  6501.76 1.8269e-13   6544.14 1 
  6504.49 1.8623e-13   6546.89 1 
  6507.23 1.9270e-13   6549.64 1 
  6509.96 1.9417e-13   6552.39 1 
  6512.69 1.9067e-13   6555.14 1 
  6515.42 1.9228e-13   6557.89 1 
  6518.15 1.8887e-13   6560.64 1 
  6520.89 1.8901e-13   6563.39 1 
  6523.62 1.9096e-13   6566.14 1 
  6526.35 1.9061e-13   6568.89 1 
  6529.08 1.9019e-13   6571.64 1 
  6531.82 1.9000e-13   6574.39 1 
  6534.55 1.9362e-13   6577.14 1 
  6537.28 1.9284e-13   6579.89 1 
  6540.01 1.9159e-13   6582.64 1 
  6542.74 1.9436e-13   6585.39 1 
  6545.48 1.9654e-13   6588.14 1 
  6548.21 2.0020e-13   6590.89 1 
  6550.94 1.9826e-13   6593.64 1 
  6553.67 1.9053e-13   6596.39 1 
  6556.41 1.8847e-13   6599.14 1 
  6559.14 1.8773e-13   6601.89 1 
  6561.87 1.9437e-13   6604.64 1 
  6564.60 1.9622e-13   6607.39 1 
  6567.33 1.9555e-13   6610.14 1 
  6570.07 1.8938e-13   6612.89 1 
  6572.80 1.8658e-13   6615.64 1 
  6575.53 1.8979e-13   6618.39 1 
  6578.26 1.9588e-13   6621.14 1 
  6581.00 2.1125e-13   6623.89 1 
  6583.73 2.1565e-13   6626.64 1 
  6586.46 2.1342e-13   6629.39 1 
  6589.19 2.0021e-13   6632.14 1 
  6591.92 1.8715e-13   6634.89 1 
  6594.66 1.8426e-13   6637.64 1 
  6597.39 1.8462e-13   6640.39 1 
  6600.12 1.8690e-13   6643.14 1 
  6602.85 1.8956e-13   6645.89 1 
  6605.58 1.8850e-13   6648.64 1 
  6608.32 1.8515e-13   6651.39 1 
  6611.05 1.8358e-13   6654.14 1 
  6613.78 1.8533e-13   6656.89 1 
  6616.51 1.8464e-13   6659.64 1 
  6619.25 1.8989e-13   6662.39 1 
  6621.98 1.9211e-13   6665.14 1 
  6624.71 1.8929e-13   6667.89 1 
  6627.44 1.8584e-13   6670.64 1 
  6630.17 1.8512e-13   6673.39 1 
  6632.91 1.8562e-13   6676.14 1 
  6635.64 1.8534e-13   6678.89 1 
  6638.37 1.8217e-13   6681.64 1 
  6641.10 1.8510e-13   6684.39 1 
  6643.84 1.8600e-13   6687.14 1 
  6646.57 1.8377e-13   6689.89 1 
  6649.30 1.8212e-13   6692.64 1 
  6652.03 1.8067e-13   6695.39 1 
  6654.76 1.8467e-13   6698.14 1 
  6657.50 1.8659e-13   6700.89 1 
  6660.23 1.8284e-13   6703.64 1 
  6662.96 1.8071e-13   6706.39 1 
  6665.69 1.8105e-13   6709.14 1 
  6668.43 1.8008e-13   6711.89 1 
  6671.16 1.8073e-13   6714.64 1 
  6673.89 1.8300e-13   6717.39 1 
  6676.62 1.8299e-13   6720.14 1 
  6679.35 1.8035e-13   6722.89 1 
  6682.09 1.8052e-13   6725.64 1 
  6684.82 1.8228e-13   6728.39 1 
  6687.55 1.7993e-13   6731.14 1 
  6690.28 1.7885e-13   6733.89 1 
  6693.02 1.8162e-13   6736.64 1 
  6695.75 1.7930e-13   6739.39 1 
  6698.48 1.7781e-13   6742.14 1 
  6701.21 1.7636e-13   6744.89 1 
  6703.94 1.8062e-13   6747.64 1 
  6706.68 1.7974e-13   6750.39 1 
  6709.41 1.8358e-13   6753.14 1 
  6712.14 1.8674e-13   6755.89 1 
  6714.87 1.9101e-13   6758.64 1 
  6717.60 1.9047e-13   6761.39 1 
  6720.34 1.8767e-13   6764.14 1 
  6723.07 1.8403e-13   6766.89 1 
  6725.80 1.8480e-13   6769.64 1 
  6728.53 1.8602e-13   6772.39 1 
  6731.27 1.9004e-13   6775.14 1 
  6734.00 1.8364e-13   6777.89 1 
  6736.73 1.8147e-13   6780.64 1 
  6739.46 1.7774e-13   6783.39 1 
  6742.19 1.7869e-13   6786.14 1 
  6744.93 1.7646e-13   6788.89 1 
  6747.66 1.7175e-13   6791.64 1 
  6750.39 1.7479e-13   6794.39 1 
  6753.12 1.7788e-13   6797.14 1 
  6755.86 1.7491e-13   6799.89 1 
  6758.59 1.7980e-13   6802.64 1 
  6761.32 1.8158e-13   6805.39 1 
  6764.05 1.7756e-13   6808.14 1 
  6766.78 1.7542e-13   6810.89 1 
  6769.52 1.7391e-13   6813.64 1 
  6772.25 1.7436e-13   6816.39 1 
  6774.98 1.7608e-13   6819.14 1 
  6777.71 1.7572e-13   6821.89 1 
  6780.45 1.7656e-13   6824.64 1 
  6783.18 1.8439e-13   6827.39 1 
  6794.83 1.8076e-13   6839.12 0 
  6810.49 1.8115e-13   6854.88 0 
  6826.19 1.8071e-13   6870.68 0 
  6841.93 1.8320e-13   6886.52 0 
  6857.70 1.8025e-13   6902.40 0 
  6873.51 1.7612e-13   6918.31 0 
  6889.35 1.7569e-13   6934.26 0 
  6905.23 1.7811e-13   6950.24 0 
  6921.15 1.7891e-13   6966.26 0 
  6937.11 1.8305e-13   6982.33 0 
  6953.10 1.8219e-13   6998.42 0 
  6969.13 1.8427e-13   7014.55 0 
  6985.19 1.7038e-13   7030.72 0 
  7001.30 1.8423e-13   7046.93 0 
  7017.44 1.8251e-13   7063.18 0 
  7033.61 1.8040e-13   7079.46 0 
  7049.83 1.9106e-13   7095.78 0 
  7066.08 1.7706e-13   7112.14 0 
  7082.37 1.8032e-13   7128.53 0 
  7098.70 1.6982e-13   7144.96 0 
  7115.06 1.7216e-13   7161.43 0 
  7131.46 1.7214e-13   7177.94 0 
  7147.90 1.6975e-13   7194.49 0 
  7164.38 1.7289e-13   7211.08 0 
  7180.89 1.7128e-13   7227.70 0 
  7197.44 1.6317e-13   7244.36 0 
  7214.04 1.6091e-13   7261.06 0 
  7230.67 1.7121e-13   7277.80 0 
  7247.34 1.7277e-13   7294.57 0 
  7264.05 1.7964e-13   7311.39 0 
  7280.79 1.7351e-13   7328.25 0 
  7297.57 1.6606e-13   7345.14 0 
  7314.40 1.7588e-13   7362.07 0 
  7331.26 1.7912e-13   7379.04 0 
  7348.16 1.8797e-13   7396.05 0 
  7365.09 1.7866e-13   7413.10 0 
  7382.08 1.8491e-13   7430.19 0 
  7399.09 1.8277e-13   7447.32 0 
  7416.15 1.8107e-13   7464.49 0 
  7433.25 1.8697e-13   7481.70 0 
  7450.38 1.8396e-13   7498.94 0 
  7467.55 1.8436e-13   7516.23 0 
  7484.77 1.8732e-13   7533.56 0 
  7502.02 1.7723e-13   7550.92 0 
  7519.32 1.8259e-13   7568.33 0 
  7536.65 1.8898e-13   7585.78 0 
  7554.03 1.8722e-13   7603.26 0 
  7571.44 1.8719e-13   7620.79 0 
  7588.89 1.8759e-13   7638.36 0 
  7606.39 1.7995e-13   7655.97 0 
  7623.92 1.8327e-13   7673.61 0 
  7641.50 1.7866e-13   7691.30 0 
  7659.11 1.7987e-13   7709.04 0 
  7676.77 1.5343e-13   7726.81 0 
  7694.46 1.7331e-13   7744.62 0 
  7712.20 1.7012e-13   7762.47 0 
  7729.98 1.7366e-13   7780.37 0 
  7747.80 1.7524e-13   7798.30 0 
  7765.66 1.7123e-13   7816.28 0 
  7783.56 1.7120e-13   7834.30 0 
  7801.51 1.7276e-13   7852.36 0 
  7819.49 1.7234e-13   7870.46 0 
  7837.52 1.7191e-13   7888.60 0 
  7855.58 1.7589e-13   7906.79 0 
  7873.69 1.7668e-13   7925.01 0 
  7891.85 1.7343e-13   7943.28 0 
  7910.04 1.7221e-13   7961.59 0 
  7928.27 1.6865e-13   7979.95 0 
  7946.55 1.6516e-13   7998.34 0 
  7964.87 1.6898e-13   8016.78 0 
  7983.23 1.7409e-13   8035.26 0 
  8001.63 1.7010e-13   8053.78 0 
  8020.08 1.7324e-13   8072.35 0 
  8038.56 1.7481e-13   8090.96 0 
  8057.09 1.7081e-13   8109.61 0 
  8075.67 1.7316e-13   8128.31 0 
  8094.28 1.7194e-13   8147.04 0 
  8112.94 1.7430e-13   8165.82 0 
  8131.65 1.7834e-13   8184.65 0 
  8150.39 1.7186e-13   8203.52 0 
  8169.18 1.6715e-13   8222.43 0 
  8188.01 1.6635e-13   8241.38 0 
  8206.89 1.6031e-13   8260.38 0 
  8225.81 1.7615e-13   8279.42 0 
  8244.77 1.7451e-13   8298.51 0 
  8263.78 1.7051e-13   8317.64 0 
  8282.82 1.6546e-13   8336.81 0 
  8301.92 1.6773e-13   8356.03 0 
  8321.06 1.6887e-13   8375.29 0 
  8340.24 1.6462e-13   8394.60 0 
  8359.46 1.7077e-13   8413.95 0 
  8378.74 1.7192e-13   8433.35 0 
  8398.05 1.5968e-13   8452.79 0 
  8417.41 1.7226e-13   8472.27 0 
  8436.81 1.6831e-13   8491.80 0 
  8456.26 1.6220e-13   8511.38 0 
  8475.76 1.5487e-13   8531.00 0 
  8495.29 1.6631e-13   8550.67 0 
  8514.88 1.6475e-13   8570.38 0 
  8534.51 1.6061e-13   8590.14 0 
  8554.18 1.3204e-13   8609.94 0 
  8573.90 1.6467e-13   8629.79 0 
  8593.67 1.6127e-13   8649.68 0 
  8613.48 1.6236e-13   8669.62 0 
  8633.33 1.6346e-13   8689.60 0 
  8653.23 1.6230e-13   8709.64 0 
  8673.18 1.2141e-13   8729.71 0 
  8693.17 1.5856e-13   8749.84 0 
  8713.22 1.6000e-13   8770.01 0 
  8733.30 1.6483e-13   8790.23 0 
  8753.43 1.6329e-13   8810.49 0 
  8773.61 1.5991e-13   8830.80 0 
  8793.84 1.6399e-13   8851.16 0 
  8814.11 1.5196e-13   8871.56 0 
  8834.43 1.5548e-13   8892.01 0 
  8854.80 1.6203e-13   8912.51 0 
  8875.21 1.5084e-13   8933.05 0 
  8895.66 1.5575e-13   8953.65 0 
  8916.17 1.5789e-13   8974.29 0 
  8936.73 1.5356e-13   8994.98 0 
  8957.33 1.5108e-13   9015.71 0 
  8977.98 1.5105e-13   9036.50 0 
  8998.67 1.3276e-13   9057.33 0 
  9019.42 1.4421e-13   9078.20 0 
  9040.21 1.5773e-13   9099.13 0 
  9061.05 1.6437e-13   9120.11 0 
  9081.94 1.4954e-13   9141.13 0 
  9102.87 1.5441e-13   9162.20 0 
  9123.86 1.6054e-13   9183.33 0 
  9144.89 1.4372e-13   9204.50 0 
  9165.97 1.3882e-13   9225.71 0 
  9187.10 1.4600e-13   9246.98 0 
  9208.28 1.5180e-13   9268.30 0 
  9229.50 1.5004e-13   9289.66 0 
  9250.78 1.4967e-13   9311.08 0 
  9272.11 1.5137e-13   9332.54 0 
  9293.48 1.5416e-13   9354.06 0 
  9314.90 1.5628e-13   9375.62 0 
  9336.38 1.5625e-13   9397.23 0 
  9357.90 1.5586e-13   9418.90 0 
  9379.47 1.5334e-13   9440.61 0 
  9401.10 1.5296e-13   9462.37 0 
  9422.77 1.5577e-13   9484.18 0 
  9444.49 1.5396e-13   9506.05 0 
  9466.26 1.5607e-13   9527.96 0 
  9488.08 1.5605e-13   9549.93 0 
  9509.95 1.5352e-13   9571.94 0 
  9531.88 1.5420e-13   9594.01 0 
  9553.85 1.5136e-13   9616.12 0 
  9575.87 1.5308e-13   9638.29 0 
  9597.95 1.5483e-13   9660.51 0 
  9620.08 1.5303e-13   9682.78 0 
  9642.25 1.5125e-13   9705.10 0 
  9664.48 1.5122e-13   9727.47 0 
  9686.76 1.5259e-13   9749.90 0 
  9709.09 1.5046e-13   9772.37 0 
  9731.47 1.4906e-13   9794.90 0 
  9753.91 1.4869e-13   9817.48 0 
  9776.39 1.4900e-13   9840.11 0 
  9798.92 1.4693e-13   9862.79 0 
  9821.51 1.4894e-13   9885.53 0 
  9844.16 1.4926e-13   9908.32 0 
  9866.85 1.4820e-13   9931.16 0 
  9889.59 1.4783e-13   9954.05 0 
  9912.39 1.4611e-13   9977.00 0 
  9935.24 1.4676e-13  10000.00 0 
  9958.14 1.4707e-13  10023.05 0 
  9981.10 1.4704e-13  10046.15 0 
 10027.18 1.4597e-13  10092.53 0 
 10073.46 1.4391e-13  10139.12 0 
 10119.95 1.4451e-13  10185.91 0 
 10166.67 1.4280e-13  10232.94 0 
 10213.59 1.4275e-13  10280.17 0 
 10284.39 1.4266e-13  10351.42 0 
 10308.09 1.4165e-13  10375.28 0 
 10499.74 1.3693e-13  10568.18 0 
 10694.94 1.3122e-13  10764.65 0 
 10893.78 1.2648e-13  10964.78 0 
 11096.30 1.2134e-13  11168.63 0 
 11302.61 1.1803e-13  11376.28 0 
 11512.74 1.1641e-13  11587.78 0 
 11699.80 1.1272e-13  11776.06 0 
 11889.91 1.0889e-13  11967.41 0 
 12110.96 1.0617e-13  12189.90 0 
 12307.74 1.0423e-13  12387.96 0 
 12507.73 1.0116e-13  12589.25 0 
 12710.96 9.8630e-14  12793.81 0 
 12887.79 9.6163e-14  12971.79 0 
 13097.20 9.4191e-14  13182.56 0 
 13310.01 9.1413e-14  13396.76 0 
 13495.17 8.9744e-14  13583.13 0 
 13714.45 8.8106e-14  13803.84 0 
 13905.24 8.5115e-14  13995.87 0 
 14098.68 8.2037e-14  14190.57 0 
 14294.81 8.0539e-14  14387.99 0 
 14493.67 8.0725e-14  14588.14 0 
 14695.30 7.8164e-14  14791.09 0 
 14899.74 7.8525e-14  14996.85 0 
 15107.01 7.8525e-14  15205.48 0 
 15317.17 7.9434e-14  15417.01 0 
 15494.53 7.8525e-14  15595.52 0 
 15710.08 7.7448e-14  15812.48 0 
 15892.00 7.4991e-14  15995.58 0 
 16113.08 7.5164e-14  16218.10 0 
 16299.66 7.4475e-14  16405.90 0 
 16488.39 7.3115e-14  16595.86 0 
 16717.77 7.1781e-14  16826.73 0 
 16911.35 7.0308e-14  17021.58 0 
 17107.18 6.8392e-14  17218.69 0 
 17305.28 6.5616e-14  17418.08 0 
 17505.65 6.3681e-14  17619.75 0 
 17708.36 6.1236e-14  17823.79 0 
 17913.42 5.9157e-14  18030.18 0 
 18079.18 5.6625e-14  18197.02 0 
 18288.51 5.5082e-14  18407.71 0 
 18500.29 5.3212e-14  18620.87 0 
 18714.51 5.1051e-14  18836.49 0 
 18887.66 4.9546e-14  19010.77 0 
 19106.38 4.8418e-14  19230.91 0 
 19283.18 4.6667e-14  19408.86 0 
 19506.47 4.4875e-14  19633.61 0 
 19686.95 4.3452e-14  19815.27 0 
 19914.92 4.2073e-14  20044.72 0 
 20099.20 4.1210e-14  20230.20 0 
 20285.16 3.9720e-14  20417.38 0 
 20520.05 3.9085e-14  20653.80 0 
 20709.91 3.7932e-14  20844.90 0 
 20901.54 3.6898e-14  21037.78 0 
 21094.95 3.6142e-14  21232.45 0 
 21290.13 3.5238e-14  21428.90 0 
 21487.13 3.4356e-14  21627.19 0 
 21685.96 3.3267e-14  21827.31 0 
 21886.60 3.2584e-14  22029.26 0 
 22089.13 3.1551e-14  22233.11 0 
 22293.50 3.0691e-14  22438.81 0 
 22499.79 2.9923e-14  22646.44 0 
 22707.99 2.9108e-14  22856.00 0 
 22918.09 2.6122e-14  23067.47 0 
 23076.96 2.5823e-14  23227.38 0 
 23290.47 2.2647e-14  23442.28 0 
 23505.99 2.1380e-14  23659.20 0 
 23723.47 2.1677e-14  23878.10 0 
 23887.93 1.9907e-14  24043.63 0 
 24108.97 1.9276e-14  24266.11 0 
 24276.08 1.9099e-14  24434.31 0 
 24500.71 1.7865e-14  24660.40 0 
 24727.40 1.7620e-14  24888.57 0 
 24898.81 1.4963e-14  25061.10 0 
 25071.39 1.4757e-14  25234.80 0 
 25303.38 1.4860e-14  25468.31 0 
 25478.77 1.4723e-14  25644.84 0 
 25714.53 1.4928e-14  25882.13 0 
 25892.76 1.4622e-14  26061.53 0 
 26072.26 1.4555e-14  26242.20 0 
 26313.48 1.4191e-14  26484.99 0 
 26495.89 1.3996e-14  26668.59 0 
 26679.54 1.3741e-14  26853.44 0 
 26926.42 1.3521e-14  27101.92 0 
 27113.05 1.3274e-14  27289.77 0 
 27301.00 1.3002e-14  27478.95 0 
 27490.23 1.2794e-14  27669.41 0 
 27680.80 1.2503e-14  27861.22 0 
 27872.66 1.2303e-14  28054.33 0 
 28130.57 1.2051e-14  28313.93 0 
 28325.55 1.1831e-14  28510.18 0 
 28521.91 1.1588e-14  28707.82 0 
 28719.60 1.1324e-14  28906.80 0 
 28918.69 1.1118e-14  29107.19 0 
 29119.14 1.0889e-14  29308.93 0 
 29320.96 1.0666e-14  29512.08 0 
 29524.23 1.0447e-14  29716.66 0 
 29728.86 1.0257e-14  29922.63 0 
 29866.11 1.0023e-14  30060.77 0 
 30073.11 9.8403e-15  30269.13 0 
 30281.59 9.6385e-15  30478.96 0 
 30491.48 9.5062e-15  30690.22 0 
 30702.82 9.3327e-15  30902.94 0 
 30915.66 9.1624e-15  31117.17 0 
 31129.94 9.0159e-15  31332.84 0 
 31273.65 8.8717e-15  31477.49 0 
 31490.42 8.7098e-15  31695.67 0 
 31708.72 8.5508e-15  31915.39 0 
 31928.49 8.2191e-15  32136.60 0 
 32075.86 8.0734e-15  32284.93 0 
 32298.22 7.8537e-15  32508.74 0 
 32522.08 7.6419e-15  32734.06 0 
 32672.22 7.5087e-15  32885.18 0 
 32898.68 7.3078e-15  33113.11 0 
 33126.71 7.1100e-15  33342.62 0 
 33279.63 6.9882e-15  33496.55 0 
 33510.30 6.8044e-15  33728.72 0 
 33665.01 6.6812e-15  33884.43 0 
 33898.34 6.5081e-15  34119.29 0 
 34133.30 6.3399e-15  34355.78 0 
 34290.87 6.2270e-15  34514.38 0 
 34528.55 6.0651e-15  34753.61 0 
 34687.95 5.9624e-15  34914.05 0 
 34928.38 5.8076e-15  35156.04 0 
 35089.59 5.7037e-15  35318.30 0 
 35332.84 5.5619e-15  35563.14 0 
 35495.92 5.4674e-15  35727.28 0 
 35659.75 5.3724e-15  35892.18 0 
 35906.95 5.2351e-15  36140.99 0 
 36072.68 5.1485e-15  36307.80 0 
 36322.74 5.0179e-15  36559.50 0 
 36490.39 4.9304e-15  36728.23 0 
 36658.81 4.8496e-15  36897.75 0 
 36912.94 4.7300e-15  37153.54 0 
 37083.31 4.6499e-15  37325.02 0 
 37340.34 4.5330e-15  37583.72 0 
 37512.72 4.4599e-15  37757.23 0 
 37685.86 4.3864e-15  37931.50 0 
 37859.80 4.3125e-15  38106.57 0 
 38122.25 4.2064e-15  38370.73 0 
 38298.20 4.1390e-15  38547.83 0 
 38474.97 4.0713e-15  38725.75 0 
 38741.69 3.9691e-15  38994.21 0 
 38920.50 3.9067e-15  39174.18 0 
 39100.13 3.8446e-15  39354.99 0 
 39280.64 3.7821e-15  39536.67 0 
 39461.94 3.7194e-15  39719.15 0 
 39735.50 3.6315e-15  39994.50 0 
 39918.90 3.5742e-15  40179.09 0 
 40103.14 3.5166e-15  40364.54 0 
 40288.24 3.4587e-15  40550.84 0 
 40474.23 3.4051e-15  40738.04 0 
 40661.04 3.3523e-15  40926.07 0 
 40942.86 3.2726e-15  41209.73 0 
 41131.88 3.2192e-15  41399.98 0 
 41321.72 3.1706e-15  41591.06 0 
 41512.44 3.1218e-15  41783.02 0 
 41704.09 3.0728e-15  41975.91 0 
 41896.57 3.0235e-15  42169.65 0 
 42089.94 2.9774e-15  42364.28 0 
 42284.25 2.9323e-15  42559.86 0 
 42479.41 2.8871e-15  42756.29 0 
 42675.47 2.8417e-15  42953.63 0 
 42872.49 2.7978e-15  43151.93 0 
 43070.37 2.7562e-15  43351.10 0 
 43269.15 2.7145e-15  43551.18 0 
 43468.86 2.6725e-15  43752.19 0 
 43669.54 2.6309e-15  43954.18 0 
 43871.09 2.5925e-15  44157.04 0 
 44073.58 2.5539e-15  44360.85 0 
 44277.04 2.5151e-15  44565.64 0 
 44481.40 2.4762e-15  44771.33 0 
 44686.70 2.4401e-15  44977.97 0 
 44893.00 2.4044e-15  45185.62 0 
 45100.20 2.3686e-15  45394.17 0 
 45308.36 2.3326e-15  45603.68 0 
 45517.48 2.2982e-15  45814.16 0 
 45727.62 2.2653e-15  46025.67 0 
 45938.67 2.2321e-15  46238.10 0 
 46150.70 2.1989e-15  46451.51 0 
 46257.13 2.1821e-15  46558.63 0 
 46470.63 2.1509e-15  46773.52 0 
 46685.11 2.1203e-15  46989.40 0 
 46900.58 2.0895e-15  47206.28 0 
 47117.10 2.0587e-15  47424.21 0 
 47334.57 2.0288e-15  47643.10 0 
 47553.04 2.0005e-15  47862.99 0 
 47662.71 1.9863e-15  47973.37 0 
 47882.69 1.9578e-15  48194.79 0 
 48103.69 1.9291e-15  48417.23 0 
 48325.71 1.9020e-15  48640.70 0 
 48548.81 1.8756e-15  48865.25 0 
 48660.72 1.8624e-15  48977.89 0 
 48885.31 1.8360e-15  49203.95 0 
 49110.94 1.8093e-15  49431.04 0 
 49337.66 1.7846e-15  49659.24 0 
 49451.39 1.7724e-15  49773.71 0 
 49679.63 1.7478e-15  50003.44 0 
 49908.98 1.7232e-15  50234.29 0 
 50139.33 1.6985e-15  50466.14 0 
 50254.90 1.6872e-15  50582.46 0 
 50486.85 1.6645e-15  50815.93 0 
 50719.93 1.6417e-15  51050.52 0 
 50836.84 1.6303e-15  51168.20 0 
 50954.03 1.6188e-15  51286.14 0 
 51071.48 1.6074e-15  51404.36 0 
 51189.20 1.5963e-15  51522.85 0 
 51307.20 1.5858e-15  51641.62 0 
 51425.52 1.5752e-15  51760.71 0 
 51544.06 1.5647e-15  51880.02 0 
 51662.87 1.5541e-15  51999.61 0 
 51781.96 1.5434e-15  52119.47 0 
 51901.32 1.5328e-15  52239.61 0 
 52020.95 1.5221e-15  52360.03 0 
 52140.86 1.5114e-15  52480.72 0 
 52261.11 1.5015e-15  52601.75 0 
 52381.58 1.4917e-15  52723.00 0 
 52502.32 1.4819e-15  52844.53 0 
 52623.34 1.4721e-15  52966.34 0 
 52744.64 1.4622e-15  53088.43 0 
 52866.22 1.4523e-15  53210.80 0 
 52988.14 1.4424e-15  53333.52 0 
 53110.28 1.4325e-15  53456.46 0 
 53232.71 1.4227e-15  53579.68 0 
 53355.41 1.4136e-15  53703.18 0 
 53478.40 1.4045e-15  53826.97 0 
 53601.67 1.3953e-15  53951.05 0 
 53725.23 1.3862e-15  54075.41 0 
 53849.12 1.3770e-15  54200.11 0 
 53973.25 1.3678e-15  54325.05 0 
 54097.66 1.3585e-15  54450.27 0 
 54222.36 1.3493e-15  54575.79 0 
 54347.35 1.3405e-15  54701.59 0 
 54472.62 1.3320e-15  54827.68 0 
 54598.19 1.3235e-15  54954.06 0 
 54724.10 1.3150e-15  55080.79 0 
 54850.24 1.3064e-15  55207.76 0 
 54976.68 1.2979e-15  55335.02 0 
 55103.40 1.2893e-15  55462.57 0 
 55230.42 1.2807e-15  55590.41 0 
 55357.73 1.2721e-15  55718.55 0 
 55485.39 1.2642e-15  55847.05 0 
 55613.29 1.2563e-15  55975.78 0 
 55741.49 1.2483e-15  56104.81 0 
 55869.97 1.2404e-15  56234.13 0 
 55998.76 1.2324e-15  56363.76 0 
 56127.84 1.2244e-15  56493.68 0 
 56257.22 1.2164e-15  56623.90 0 
 56386.95 1.2083e-15  56754.48 0 
 56516.93 1.2006e-15  56885.31 0 
 56647.21 1.1932e-15  57016.43 0 
 56777.78 1.1858e-15  57147.86 0 
 56908.66 1.1784e-15  57279.59 0 
 57039.84 1.1710e-15  57411.62 0 
 57171.38 1.1635e-15  57544.02 0 
 57303.17 1.1561e-15  57676.67 0 
 57435.25 1.1486e-15  57809.62 0 
 57567.65 1.1411e-15  57942.87 0 
 57700.34 1.1341e-15  58076.43 0 
 57833.35 1.1272e-15  58210.30 0 
 57966.66 1.1203e-15  58344.48 0 
 58100.34 1.1134e-15  58479.04 0 
 58234.26 1.1065e-15  58613.83 0 
 58368.50 1.0995e-15  58748.94 0 
 58503.04 1.0926e-15  58884.36 0 
 58637.89 1.0856e-15  59020.09 0 
 58773.06 1.0787e-15  59156.14 0 
 58908.53 1.0723e-15  59292.50 0 
 59044.39 1.0659e-15  59429.24 0 
 59180.49 1.0594e-15  59566.23 0 
 59316.90 1.0529e-15  59703.53 0 
 59453.63 1.0465e-15  59841.15 0 
 59590.68 1.0400e-15  59979.09 0 
 59728.04 1.0334e-15  60117.35 0 
 59865.78 1.0269e-15  60255.99 0 
 60003.78 1.0207e-15  60394.88 0 
 60142.09 1.0147e-15  60534.10 0 
 60280.72 1.0087e-15  60673.63 0 
 60419.67 1.0027e-15  60813.49 0 
 60558.94 9.9662e-16  60953.67 0 
 60698.54 9.9055e-16  61094.17 0 
 60838.52 9.8447e-16  61235.06 0 
 60978.76 9.7839e-16  61376.21 0 
 61119.32 9.7230e-16  61517.69 0 
 61260.20 9.6670e-16  61659.50 0 
 61401.41 9.6108e-16  61801.62 0 
 61542.95 9.5545e-16  61944.08 0 
 61684.87 9.4980e-16  62086.93 0 
 61827.06 9.4414e-16  62230.05 0 
 61969.58 9.3847e-16  62373.50 0 
 62112.42 9.3278e-16  62517.27 0 
 62255.59 9.2709e-16  62661.38 0 
 62399.10 9.2159e-16  62805.82 0 
 62542.93 9.1634e-16  62950.59 0 
 62687.17 9.1107e-16  63095.76 0 
 62831.67 9.0580e-16  63241.20 0 
 62976.50 9.0052e-16  63386.98 0 
 63121.66 8.9522e-16  63533.09 0 
 63267.16 8.8991e-16  63679.54 0 
 63413.00 8.8459e-16  63826.32 0 
 63559.24 8.7925e-16  63973.52 0 
 63705.75 8.7428e-16  64120.98 0 
 63852.59 8.6936e-16  64268.79 0 
 63999.78 8.6444e-16  64416.93 0 
 64147.30 8.5950e-16  64565.41 0 
 64295.17 8.5455e-16  64714.24 0 
 64443.37 8.4959e-16  64863.41 0 
 64591.99 8.4461e-16  65013.00 0 
 64740.88 8.3963e-16  65162.86 0 
 64890.11 8.3473e-16  65313.06 0 
 65039.68 8.3014e-16  65463.61 0 
 65189.61 8.2553e-16  65614.52 0 
 65339.87 8.2091e-16  65765.76 0 
 65490.48 8.1628e-16  65917.35 0 
 65641.52 8.1164e-16  66069.37 0 
 65792.83 8.0699e-16  66221.66 0 
 65944.49 8.0233e-16  66374.31 0 
 66096.50 7.9766e-16  66527.31 0 
 66248.85 7.9322e-16  66680.66 0 
 66401.55 7.8891e-16  66834.36 0 
 66554.69 7.8459e-16  66988.49 0 
 66708.10 7.8026e-16  67142.91 0 
 66861.87 7.7592e-16  67297.68 0 
 67015.99 7.7157e-16  67452.80 0 
 67170.47 7.6721e-16  67608.29 0 
 67325.30 7.6284e-16  67764.12 0 
 67480.49 7.5848e-16  67920.33 0 
 67636.11 7.5444e-16  68076.96 0 
 67792.02 7.5040e-16  68233.89 0 
 67948.28 7.4635e-16  68391.17 0 
 68104.91 7.4229e-16  68548.82 0 
 68261.90 7.3821e-16  68706.83 0 
 68419.25 7.3413e-16  68865.20 0 
 68577.03 7.3004e-16  69024.02 0 
 68735.11 7.2594e-16  69183.12 0 
 68893.55 7.2198e-16  69342.59 0 
 69052.35 7.1819e-16  69502.43 0 
 69211.52 7.1440e-16  69662.64 0 
 69371.06 7.1059e-16  69823.22 0 
 69530.96 7.0678e-16  69984.16 0 
 69691.31 7.0296e-16  70145.56 0 
 69851.95 6.9913e-16  70307.25 0 
 70012.97 6.9529e-16  70469.31 0 
 70174.35 6.9144e-16  70631.75 0 
 70336.11 6.8784e-16  70794.56 0 
 70498.24 6.8429e-16  70957.75 0 
 70660.82 6.8072e-16  71121.39 0 
 70823.70 6.7715e-16  71285.33 0 
 70986.96 6.7357e-16  71449.65 0 
 71150.58 6.6998e-16  71614.34 0 
 71314.59 6.6638e-16  71779.42 0 
 71478.98 6.6278e-16  71944.88 0 
 71643.74 6.5923e-16  72110.72 0 
 71808.96 6.5590e-16  72277.02 0 
 71974.49 6.5256e-16  72443.62 0 
 72140.40 6.4921e-16  72610.61 0 
 72306.68 6.4585e-16  72777.98 0 
 72473.35 6.4249e-16  72945.73 0 
 72640.41 6.3911e-16  73113.88 0 
 72807.85 6.3573e-16  73282.41 0 
 72975.76 6.3234e-16  73451.41 0 
 73143.97 6.2912e-16  73620.73 0 
 73312.58 6.2599e-16  73790.43 0 
 73481.57 6.2285e-16  73960.52 0 
 73650.95 6.1970e-16  74131.01 0 
 73820.72 6.1654e-16  74301.88 0 
 73990.96 6.1338e-16  74473.23 0 
 74161.51 6.1021e-16  74644.90 0 
 74332.46 6.0703e-16  74816.96 0 
 74503.81 6.0386e-16  74989.42 0 
 74675.54 6.0092e-16  75162.27 0 
 74847.67 5.9797e-16  75335.53 0 
 75020.21 5.9502e-16  75509.19 0 
 75193.21 5.9206e-16  75683.32 0 
 75366.54 5.8909e-16  75857.78 0 
 75540.26 5.8611e-16  76032.63 0 
 75714.39 5.8313e-16  76207.90 0 
 75888.92 5.8014e-16  76383.56 0 
 76063.85 5.7725e-16  76559.63 0 
 76239.26 5.7449e-16  76736.19 0 
 76415.00 5.7171e-16  76913.07 0 
 76591.14 5.6893e-16  77090.36 0 
 76767.69 5.6615e-16  77268.06 0 
 76944.65 5.6335e-16  77446.17 0 
 77122.01 5.6056e-16  77624.69 0 
 77299.78 5.5775e-16  77803.62 0 
 77478.04 5.5494e-16  77983.05 0 
 77656.64 5.5230e-16  78162.80 0 
 77835.64 5.4970e-16  78342.98 0 
 78015.06 5.4709e-16  78523.56 0 
 78194.89 5.4447e-16  78704.56 0 
 78375.14 5.4185e-16  78885.98 0 
 78555.79 5.3922e-16  79067.82 0 
 78736.96 5.3659e-16  79250.16 0 
 78918.45 5.3395e-16  79432.84 0 
 79100.36 5.3135e-16  79615.94 0 
 79282.70 5.2890e-16  79799.46 0 
 79465.45 5.2645e-16  79983.41 0 
 79784.55 4.1229e-16  80304.59 3 
 80401.48 5.5246e-16  80925.54 3 
 81018.40 5.2646e-16  81546.48 3 
 81635.32 4.1033e-16  82167.41 3 
 82252.24 5.2075e-16  82788.36 3 
 82869.16 5.2666e-16  83409.30 3 
 83486.09 5.0926e-16  84030.25 3 
 84103.00 5.3386e-16  84651.19 3 
 84719.93 3.9495e-16  85272.13 3 
 85336.84 3.7852e-16  85893.07 3 
 85953.78 3.1506e-16  86514.02 3 
 86570.69 4.0248e-16  87134.95 3 
 87187.61 2.9266e-16  87755.90 3 
 87804.53 3.9264e-16  88376.84 3 
 88421.45 3.0160e-16  88997.78 3 
 89038.37 2.6903e-16  89618.72 3 
 89655.29 2.7692e-16  90239.66 3 
 90272.21 2.1087e-16  90860.60 3 
 90889.14 3.1843e-16  91481.55 3 
 91506.06 2.4807e-16  92102.49 3 
 92122.98 3.4109e-16  92723.44 3 
 92739.90 3.2771e-16  93344.38 3 
 93356.82 2.6843e-16  93965.32 3 
 93973.74 2.1817e-16  94586.26 3 
 94590.65 2.7372e-16  95207.20 3 
 95207.59 2.8729e-16  95828.15 3 
 95824.50 3.2793e-16  96449.09 3 
 96441.42 4.4321e-16  97070.02 3 
 97058.35 3.8978e-16  97690.98 3 
 97675.27 2.5577e-16  98311.92 3 
 98292.19 2.5490e-16  98932.86 3 
 98909.12 3.1079e-16  99553.80 3 
 99525.99 2.9135e-16 100174.70 3 
100142.96 3.3417e-16 100795.70 3 
100759.84 2.5859e-16 101416.59 3 
101376.83 2.8960e-16 102037.60 3 
101993.71 2.2312e-16 102658.50 3 
102610.68 3.0084e-16 103279.49 3 
103227.57 3.2519e-16 103900.41 3 
103844.45 3.1928e-16 104521.30 3 
104461.42 3.2580e-16 105142.30 3 
105078.29 1.9257e-16 105763.20 3 
105695.28 1.6927e-16 106384.20 3 
106312.16 1.7173e-16 107005.10 3 
106929.04 1.6978e-16 107626.00 3 
107546.02 1.9268e-16 108247.00 3 
108162.90 2.2045e-16 108867.91 3 
108779.87 2.1289e-16 109488.90 3 
109396.75 2.6916e-16 110109.80 3 
110013.73 2.9208e-16 110730.80 3 
110630.61 2.6141e-16 111351.70 3 
111247.49 3.6925e-16 111972.60 3 
111864.47 4.7147e-16 112593.60 3 
112481.35 5.6366e-16 113214.50 3 
113098.33 5.6015e-16 113835.50 3 
113715.20 4.5432e-16 114456.40 3 
114332.18 3.8918e-16 115077.40 3 
114949.06 3.0084e-16 115698.30 3 
115565.94 2.9679e-16 116319.20 3 
116182.92 2.9693e-16 116940.20 3 
116799.80 2.7442e-16 117561.10 3 
117416.77 1.8181e-16 118182.09 3 
118033.65 2.0036e-16 118802.99 3 
118650.64 2.3799e-16 119424.00 3 
119267.51 2.1979e-16 120044.90 3 
119884.39 2.7068e-16 120665.80 3 
120501.38 2.3812e-16 121286.80 3 
121118.25 2.1886e-16 121907.70 3 
121735.23 2.1021e-16 122528.70 3 
122352.10 2.7148e-16 123149.59 3 
122969.00 3.2686e-16 123770.51 3 
123585.97 2.8225e-16 124391.50 3 
124202.84 2.5489e-16 125012.40 3 
124819.82 2.3771e-16 125633.40 3 
125436.71 2.3232e-16 126254.30 3 
126053.68 2.3600e-16 126875.30 3 
126670.56 2.2394e-16 127496.20 3 
127287.44 2.8776e-16 128117.10 3 
127904.42 3.0430e-16 128738.10 3 
128521.30 2.2396e-16 129359.00 3 
129138.28 1.8849e-16 129980.00 3 
129755.15 1.7473e-16 130600.90 3 
130372.03 1.5233e-16 131221.80 3 
130989.01 1.6916e-16 131842.80 3 
131605.90 1.3965e-16 132463.70 3 
132222.87 1.3991e-16 133084.70 3 
132839.74 1.5608e-16 133705.59 3 
133456.72 1.2501e-16 134326.59 3 
134073.61 1.2679e-16 134947.50 3 
134690.49 1.3836e-16 135568.41 3 
135307.47 1.5294e-16 136189.41 3 
135924.34 1.5794e-16 136810.30 3 
136541.32 1.8013e-16 137431.30 3 
137158.21 1.6390e-16 138052.20 3 
137775.18 1.6495e-16 138673.20 3 
138392.05 1.4294e-16 139294.09 3 
139008.94 1.1240e-16 139915.00 3 
139625.92 9.6849e-17 140536.00 3 
140242.80 1.0096e-16 141156.91 3 
140859.77 1.5900e-16 141777.89 3 
141476.65 1.2995e-16 142398.80 3 
141742.22 1.4981e-16 142666.09 3 
142653.19 1.3384e-16 143583.00 3 
143564.25 1.3834e-16 144500.00 3 
144475.22 1.2312e-16 145416.91 3 
145386.17 1.1446e-16 146333.80 3 
146297.23 1.0791e-16 147250.80 3 
147208.20 1.2152e-16 148167.70 3 
148119.15 1.0950e-16 149084.59 3 
149030.12 1.1230e-16 150001.50 3 
149941.18 1.1097e-16 150918.50 3 
150852.15 1.0103e-16 151835.41 3 
151763.10 1.0496e-16 152752.30 3 
152674.17 1.1201e-16 153669.30 3 
153585.14 1.1126e-16 154586.20 3 
154496.09 1.1591e-16 155503.09 3 
155407.06 1.5504e-16 156420.00 3 
156318.12 1.3948e-16 157337.00 3 
157229.09 1.1373e-16 158253.91 3 
158140.04 1.1484e-16 159170.80 3 
159051.10 1.2562e-16 160087.80 3 
159962.07 1.1345e-16 161004.70 3 
160873.02 1.1588e-16 161921.59 3 
161784.09 1.1451e-16 162838.59 3 
162695.05 1.2528e-16 163755.50 3 
163606.01 1.3546e-16 164672.39 3 
164516.98 1.4827e-16 165589.30 3 
165428.05 1.5287e-16 166506.31 3 
166338.99 1.3297e-16 167423.19 3 
167249.96 1.3859e-16 168340.09 3 
168160.93 1.4259e-16 169257.00 3 
169071.99 1.6970e-16 170174.00 3 
169982.96 3.4280e-16 171090.91 3 
170893.93 3.4662e-16 172007.81 3 
171804.99 1.7318e-16 172924.81 3 
172715.94 1.3613e-16 173841.70 3 
173626.91 1.2353e-16 174758.61 3 
174537.97 1.2463e-16 175675.61 3 
175448.92 1.1460e-16 176592.50 3 
176359.89 1.0661e-16 177509.41 3 
177270.85 1.0307e-16 178426.30 3 
178181.91 1.0312e-16 179343.30 3 
179092.88 1.1190e-16 180260.20 3 
180003.83 1.0724e-16 181177.09 3 
180914.89 9.1852e-17 182094.09 3 
181825.86 8.9181e-17 183011.00 3 
182736.81 8.8997e-17 183927.89 3 
183647.87 8.4982e-17 184844.89 3 
184558.84 8.4332e-17 185761.80 3 
185469.81 9.3839e-17 186678.70 3 
186380.76 1.0072e-16 187595.59 3 
187291.83 1.1360e-16 188512.59 3 
188202.79 9.0488e-17 189429.50 3 
189113.75 9.0925e-17 190346.39 3 
190024.82 7.6145e-17 191263.41 3 
190935.79 6.6683e-17 192180.31 3 
191846.73 7.5262e-17 193097.19 3 
192757.70 7.3756e-17 194014.09 3 
193668.78 7.8689e-17 194931.11 3 
194579.73 7.3344e-17 195848.00 3 
195490.70 7.5706e-17 196764.91 3 
196401.76 8.1219e-17 197681.91 3 
197312.71 8.2903e-17 198598.80 3 
198223.68 7.2604e-17 199515.70 3 
199134.65 6.0565e-17 200432.61 3 
200045.71 6.2211e-17 201349.61 3 
200956.66 6.7003e-17 202266.50 3 
201867.63 6.9115e-17 203183.41 3 
202778.69 7.2457e-17 204100.41 3 
203689.65 7.0795e-17 205017.30 3 
203871.66 6.9286e-17 205200.50 3 
205625.55 7.0859e-17 206965.81 3 
207380.50 6.4952e-17 208732.20 3 
209136.35 6.5901e-17 210499.50 3 
210893.29 6.6035e-17 212267.89 3 
212651.24 6.5806e-17 214037.30 3 
214410.27 6.3333e-17 215807.80 3 
216170.19 6.4735e-17 217579.19 3 
217931.21 6.2089e-17 219351.69 3 
219693.24 6.2211e-17 221125.20 3 
221456.34 5.8041e-17 222899.80 3 
223220.46 6.0056e-17 224675.41 3 
224985.54 5.5996e-17 226452.00 3 
226751.72 5.3345e-17 228229.69 3 
228518.90 5.5739e-17 230008.39 3 
230287.08 5.6992e-17 231788.09 3 
232056.35 5.4738e-17 233568.89 3 
233826.62 5.1715e-17 235350.70 3 
235597.97 5.1707e-17 237133.59 3 
237370.41 5.1104e-17 238917.59 3 
239143.85 5.2272e-17 240702.59 3 
240918.29 5.3817e-17 242488.59 3 
242693.82 5.1037e-17 244275.70 3 
244470.34 4.8931e-17 246063.80 3 
246248.06 4.9209e-17 247853.11 3 
248026.67 4.7538e-17 249643.31 3 
249806.36 4.9190e-17 251434.59 3 
251587.15 5.0079e-17 253227.00 3 
253369.04 4.6094e-17 255020.50 3 
255151.92 4.5747e-17 256815.00 3 
256935.89 4.5321e-17 258610.59 3 
258720.95 5.6505e-17 260407.30 3 
260507.11 5.3078e-17 262205.09 3 
262294.27 4.4940e-17 264003.91 3 
264082.49 4.4484e-17 265803.78 3 
265871.86 4.1975e-17 267604.81 3 
267662.16 4.2288e-17 269406.78 3 
269453.70 4.3676e-17 271210.00 3 
271246.20 4.1474e-17 273014.19 3 
273039.83 3.9678e-17 274819.50 3 
274834.53 4.0297e-17 276625.91 3 
276630.33 4.3072e-17 278433.41 3 
278427.21 4.1377e-17 280242.00 3 
280225.18 4.6156e-17 282051.69 3 
282024.27 5.2652e-17 283862.50 3 
283824.44 4.8391e-17 285674.41 3 
285625.70 4.1792e-17 287487.41 3 
287428.04 3.9879e-17 289301.50 3 
289231.48 4.1351e-17 291116.69 3 
291036.03 4.0918e-17 292933.00 3 
292841.66 4.0417e-17 294750.41 3 
294648.39 3.7980e-17 296568.91 3 
296456.29 3.7771e-17 298388.59 3 
298265.31 3.7559e-17 300209.41 3 
300075.30 3.9323e-17 302031.19 3 
301886.49 4.0131e-17 303854.19 3 
303698.77 3.9310e-17 305678.28 3 
305512.26 3.8211e-17 307503.59 3 
307326.75 4.0524e-17 309329.91 3 
309142.42 3.7997e-17 311157.41 3 
310959.26 4.0903e-17 312986.09 3 
312777.13 3.8255e-17 314815.81 3 
314596.18 3.8820e-17 316646.72 3 
316416.38 3.6861e-17 318478.78 3 
318237.60 3.7470e-17 320311.88 3 
320060.04 4.0817e-17 322146.19 3 
321883.68 3.7825e-17 323981.72 3 
323708.35 4.0525e-17 325818.28 3 
325534.14 4.1397e-17 327655.97 3 
327361.17 3.9096e-17 329494.91 3 
329189.34 4.1861e-17 331335.00 3 
331018.61 4.1465e-17 333176.19 3 
332848.99 4.4639e-17 335018.50 3 
334680.55 5.0518e-17 336862.00 3 
336513.32 4.5661e-17 338706.72 3 
338347.25 4.8759e-17 340552.59 3 
340182.29 3.9112e-17 342399.59 3 
342018.44 4.4943e-17 344247.72 3 
343855.84 4.2211e-17 346097.09 3 
345694.39 4.7657e-17 347947.62 3 
347534.09 7.6478e-17 349799.31 3 
