# An Atlas of Galaxy Spectral Energy Distributions from the Ultraviolet to the Mid-Infrared
# Brown et al. (2014)
# http://dx.doi.org/10.5072/03/529D3551F0117
# 
# Column 1 : Restframe Wavelength (Angstrom)
# Column 2 : Flux per unit wavelength (ergs/s/cm^2/Angstrom)
# Column 3 : Observed wavelength (Angstrom)
# Column 4 : Source (0 = model, 1 = Optical Spectrum, 2 = Akari, 3 = Spitzer IRS)
# 
   102.05 2.0972e-18    102.80 0 
   103.94 2.4526e-18    104.71 0 
   106.12 2.9284e-18    106.91 0 
   108.09 3.5697e-18    108.89 0 
   110.10 4.9847e-18    110.92 0 
   113.97 6.6625e-18    114.82 0 
   117.98 8.4263e-18    118.85 0 
   121.00 2.8421e-17    121.90 0 
   124.97 3.3934e-17    125.89 0 
   127.00 3.6194e-17    127.94 0 
   127.88 3.7987e-17    128.82 0 
   130.86 4.1175e-17    131.83 0 
   132.07 4.7823e-17    133.05 0 
   133.91 5.0192e-17    134.90 0 
   137.03 6.1608e-17    138.04 0 
   139.90 6.6014e-17    140.93 0 
   143.15 1.6735e-16    144.21 0 
   147.16 3.8515e-16    148.25 0 
   150.94 4.0517e-16    152.05 0 
   155.17 4.3116e-16    156.31 0 
   159.15 4.5987e-16    160.32 0 
   162.11 4.8044e-16    163.31 0 
   165.88 5.1480e-16    167.11 0 
   170.14 5.4155e-16    171.40 0 
   172.90 5.6446e-16    174.18 0 
   176.93 5.9243e-16    178.24 0 
   179.81 6.1184e-16    181.13 0 
   181.89 6.2753e-16    183.23 0 
   186.12 6.5559e-16    187.50 0 
   190.90 6.9125e-16    192.31 0 
   194.00 7.1884e-16    195.43 0 
   198.06 7.4411e-16    199.53 0 
   202.21 7.7738e-16    203.70 0 
   205.02 7.9916e-16    206.54 0 
   209.80 7.9916e-16    211.35 0 
   216.17 8.7828e-16    217.77 0 
   220.19 9.1124e-16    221.82 0 
   223.26 9.2180e-16    224.91 0 
   226.88 9.5860e-16    228.56 0 
   230.04 1.4476e-15    231.74 0 
   233.78 2.4470e-15    235.50 0 
   239.77 2.9692e-15    241.55 0 
   245.93 2.7838e-15    247.74 0 
   252.23 2.9016e-15    254.10 0 
   256.92 2.4134e-15    258.82 0 
   259.90 2.7646e-15    261.82 0 
   264.12 2.8684e-15    266.07 0 
   269.03 2.8290e-15    271.02 0 
   274.03 2.7838e-15    276.06 0 
   279.13 2.7456e-15    281.19 0 
   284.32 2.7079e-15    286.42 0 
   290.27 2.5447e-15    292.42 0 
   295.67 2.5506e-15    297.85 0 
   301.16 2.4810e-15    303.39 0 
   308.18 2.4640e-15    310.46 0 
   318.28 2.4414e-15    320.63 0 
   327.95 2.3748e-15    330.37 0 
   337.91 2.2889e-15    340.41 0 
   348.18 2.2011e-15    350.75 0 
   357.11 2.1362e-15    359.75 0 
   366.27 2.0875e-15    368.98 0 
   374.80 2.0167e-15    377.57 0 
   385.30 1.8864e-15    388.15 0 
   395.19 1.8734e-15    398.11 0 
   405.32 1.8224e-15    408.32 0 
   413.81 1.7564e-15    416.87 0 
   422.48 1.6968e-15    425.60 0 
   430.33 1.6430e-15    433.51 0 
   441.37 1.5872e-15    444.63 0 
   450.61 1.5193e-15    453.94 0 
   460.05 1.4643e-15    463.45 0 
   469.68 1.4114e-15    473.15 0 
   479.52 1.3697e-15    483.06 0 
   489.56 1.3051e-15    493.17 0 
   499.81 1.2724e-15    503.50 0 
   505.60 1.2349e-15    509.33 0 
   511.45 1.2492e-15    515.23 0 
   519.76 1.2152e-15    523.60 0 
   529.42 1.1631e-15    533.33 0 
   540.51 1.1006e-15    544.50 0 
   550.56 1.0584e-15    554.63 0 
   559.50 1.0438e-15    563.64 0 
   569.91 1.0248e-15    574.12 0 
   580.50 9.7867e-16    584.79 0 
   589.93 9.5419e-16    594.29 0 
   599.52 9.0497e-16    603.95 0 
   610.67 7.9366e-16    615.18 0 
   620.59 8.6623e-16    625.17 0 
   630.67 8.3106e-16    635.33 0 
   639.45 8.1402e-16    644.17 0 
   649.84 7.8458e-16    654.64 0 
   657.36 7.5620e-16    662.22 0 
   664.97 7.5272e-16    669.88 0 
   675.78 7.3390e-16    680.77 0 
   685.18 6.9284e-16    690.24 0 
   694.71 6.8966e-16    699.84 0 
   704.37 6.4809e-16    709.58 0 
   715.82 6.5108e-16    721.11 0 
   725.78 6.3188e-16    731.14 0 
   734.18 6.1750e-16    739.61 0 
   744.39 5.9653e-16    749.89 0 
   754.75 5.7894e-16    760.33 0 
   765.25 5.2316e-16    770.90 0 
   774.11 5.4782e-16    779.83 0 
   784.88 5.2316e-16    790.68 0 
   795.80 5.1598e-16    801.68 0 
   805.01 5.0656e-16    810.96 0 
   814.34 4.9390e-16    820.35 0 
   825.66 4.8265e-16    831.76 0 
   835.22 4.4324e-16    841.40 0 
   844.90 4.5670e-16    851.14 0 
   854.68 4.4324e-16    860.99 0 
   864.58 4.3414e-16    870.96 0 
   874.59 4.2622e-16    881.05 0 
   884.71 4.1652e-16    891.25 0 
   894.96 4.0798e-16    901.57 0 
   905.32 3.9594e-16    912.01 0 
   915.81 4.5252e-16    922.57 0 
   924.28 8.0100e-16    931.11 0 
   934.98 1.2096e-15    941.89 0 
   945.81 1.7204e-15    952.80 0 
   954.56 2.1117e-15    961.61 0 
   965.61 2.3048e-15    972.75 0 
   974.55 8.9461e-16    981.75 0 
   985.83 1.9982e-15    993.12 0 
   994.95 2.0028e-15   1002.31 0 
  1004.16 2.5742e-15   1011.58 0 
  1015.79 2.4925e-15   1023.29 0 
  1025.19 1.3081e-15   1032.76 0 
  1034.67 1.9572e-15   1042.32 0 
  1044.25 3.0594e-15   1051.96 0 
  1053.91 2.9760e-15   1061.70 0 
  1066.11 2.4583e-15   1073.99 0 
  1075.98 2.7774e-15   1083.93 0 
  1085.93 2.2368e-15   1093.96 0 
  1095.98 2.8421e-15   1104.08 0 
  1106.12 2.7142e-15   1114.29 0 
  1113.79 2.6100e-15   1122.02 0 
  1124.10 2.3477e-15   1132.40 0 
  1134.50 2.8225e-15   1142.88 0 
  1144.99 2.5980e-15   1153.45 0 
  1155.59 2.6893e-15   1164.13 0 
  1166.28 2.7142e-15   1174.90 0 
  1174.37 1.9572e-15   1183.04 0 
  1185.23 2.5860e-15   1193.99 0 
  1196.20 1.9572e-15   1205.04 0 
  1204.49 1.5333e-15   1213.39 0 
  1215.64 1.0535e-15   1224.62 0 
  1224.06 1.8734e-15   1233.11 0 
  1235.39 2.5388e-15   1244.51 0 
  1243.95 2.7079e-15   1253.14 0 
  1255.46 2.5980e-15   1264.74 0 
  1264.16 2.3101e-15   1273.50 0 
  1275.86 2.7966e-15   1285.29 0 
  1284.70 2.8816e-15   1294.20 0 
  1293.61 2.3585e-15   1303.17 0 
  1305.58 2.3261e-15   1315.22 0 
  1314.63 2.7774e-15   1324.34 0 
  1323.74 2.6524e-15   1333.52 0 
  1335.99 2.3803e-15   1345.86 0 
  1345.25 2.7267e-15   1355.19 0 
  1354.58 2.6341e-15   1364.58 0 
  1363.97 2.3803e-15   1374.04 0 
  1373.42 2.4526e-15   1383.57 0 
  1386.13 2.4526e-15   1396.37 0 
  1395.74 2.0972e-15   1406.05 0 
  1405.41 2.1362e-15   1415.79 0 
  1415.15 2.2575e-15   1425.61 0 
  1424.96 2.2732e-15   1435.49 0 
  1434.84 2.2627e-15   1445.44 0 
  1441.46 2.3531e-15   1452.11 0 
  1448.12 2.3748e-15   1458.81 0 
  1454.80 2.3048e-15   1465.55 0 
  1464.88 2.1362e-15   1475.71 0 
  1475.04 2.1264e-15   1485.94 0 
  1485.26 2.1460e-15   1496.24 0 
  1495.56 2.1559e-15   1506.61 0 
  1505.92 2.0447e-15   1517.05 0 
  1512.88 1.8435e-15   1524.05 0 
  1516.36 1.9393e-15   1527.57 0 
  1523.36 1.9126e-15   1534.62 0 
  1533.92 1.6890e-15   1545.25 0 
  1544.55 1.8057e-15   1555.97 0 
  1555.26 1.7086e-15   1566.75 0 
  1566.04 1.7403e-15   1577.61 0 
  1573.27 1.8821e-15   1584.89 0 
  1584.18 1.9617e-15   1595.88 0 
  1595.16 2.0167e-15   1606.94 0 
  1606.21 1.9527e-15   1618.08 0 
  1613.63 1.9303e-15   1625.55 0 
  1624.81 1.8057e-15   1636.82 0 
  1636.08 1.9215e-15   1648.16 0 
  1643.63 1.9890e-15   1655.77 0 
  1655.02 1.7768e-15   1667.25 0 
  1666.49 1.9890e-15   1678.80 0 
  1670.33 1.7086e-15   1682.67 0 
  1678.04 2.2163e-15   1690.44 0 
  1685.79 2.2995e-15   1698.24 0 
  1693.57 2.0827e-15   1706.08 0 
  1705.31 2.0353e-15   1717.91 0 
  1713.18 2.0589e-15   1725.84 0 
  1725.06 2.0636e-15   1737.80 0 
  1733.02 2.2472e-15   1745.82 0 
  1745.03 2.1809e-15   1757.92 0 
  1753.09 2.3968e-15   1766.04 0 
  1765.24 2.0780e-15   1778.28 0 
  1773.39 2.2420e-15   1786.49 0 
  1785.68 2.2680e-15   1798.87 0 
  1793.92 2.5801e-15   1807.17 0 
  1806.36 2.4583e-15   1819.70 0 
  1814.69 2.3531e-15   1828.10 0 
  1823.07 2.3423e-15   1836.54 0 
  1835.71 2.2163e-15   1849.27 0 
  1844.18 1.9617e-15   1857.80 0 
  1856.96 2.1313e-15   1870.68 0 
  1865.53 2.3208e-15   1879.32 0 
  1874.15 2.3694e-15   1887.99 0 
  1887.14 2.2837e-15   1901.08 0 
  1895.85 2.3639e-15   1909.85 0 
  1904.60 2.3531e-15   1918.67 0 
  1913.39 2.3803e-15   1927.53 0 
  1926.65 2.2472e-15   1940.89 0 
  1935.54 1.9348e-15   1949.84 0 
  1944.48 2.5330e-15   1958.84 0 
  1953.45 2.4696e-15   1967.89 0 
  1966.99 2.7838e-15   1981.53 0 
  1976.07 2.7017e-15   1990.67 0 
  1985.20 2.7519e-15   1999.86 0 
  1994.36 2.7204e-15   2009.09 0 
  2003.56 2.6281e-15   2018.37 0 
  2012.81 2.6100e-15   2027.68 0 
  2026.76 2.4583e-15   2041.74 0 
  2036.12 2.7267e-15   2051.16 0 
  2045.52 2.9555e-15   2060.63 0 
  2054.96 2.7966e-15   2070.14 0 
  2064.44 2.7142e-15   2079.70 0 
  2073.97 3.0664e-15   2089.30 0 
  2078.76 4.1270e-15   2094.11 0 
  2083.55 4.6734e-15   2098.94 0 
  2093.16 4.3315e-15   2108.63 0 
  2102.83 4.0892e-15   2118.36 0 
  2117.40 4.4018e-15   2133.04 0 
  2127.18 4.1080e-15   2142.89 0 
  2136.99 3.7037e-15   2152.78 0 
  2146.86 4.5148e-15   2162.72 0 
  2156.77 4.5670e-15   2172.70 0 
  2166.72 4.0517e-15   2182.73 0 
  2176.72 4.0986e-15   2192.81 0 
  2186.77 4.7823e-15   2202.93 0 
  2196.86 4.8712e-15   2213.09 0 
  2207.00 4.6627e-15   2223.31 0 
  2217.19 3.7725e-15   2233.57 0 
  2227.43 4.0986e-15   2243.88 0 
  2232.56 5.2316e-15   2249.05 0 
  2242.87 4.9050e-15   2259.44 0 
  2253.22 3.9322e-15   2269.86 0 
  2263.62 3.7987e-15   2280.34 0 
  2274.07 4.1844e-15   2290.87 0 
  2284.56 5.1955e-15   2301.44 0 
  2295.11 4.4218e-15   2312.07 0 
  2305.70 5.1590e-15   2322.74 0 
  2316.35 4.4724e-15   2333.46 0 
  2327.04 3.3768e-15   2344.23 0 
  2332.40 3.2396e-15   2349.63 0 
  2343.17 2.3848e-15   2360.48 0 
  2353.98 4.0778e-15   2371.37 0 
  2364.85 2.5668e-15   2382.32 0 
  2375.76 3.2237e-15   2393.32 0 
  2386.73 2.0957e-15   2404.36 0 
  2397.75 2.5544e-15   2415.46 0 
  2403.27 2.5135e-15   2421.03 0 
  2414.37 2.9057e-15   2432.20 0 
  2425.51 4.5837e-15   2443.43 0 
  2436.71 4.5728e-15   2454.71 0 
  2442.32 5.3476e-15   2460.37 0 
  2453.60 5.5992e-15   2471.72 0 
  2464.92 4.9785e-15   2483.13 0 
  2476.30 4.4469e-15   2494.60 0 
  2487.73 3.2436e-15   2506.11 0 
  2493.47 3.6059e-15   2511.89 0 
  2504.97 5.3700e-15   2523.48 0 
  2510.75 2.6666e-15   2529.30 0 
  2516.54 2.2384e-15   2535.13 0 
  2522.34 2.3764e-15   2540.97 0 
  2533.98 3.3876e-15   2552.70 0 
  2545.68 3.6046e-15   2564.48 0 
  2557.43 5.8996e-15   2576.32 0 
  2563.32 4.5478e-15   2582.26 0 
  2575.15 5.6463e-15   2594.18 0 
  2587.04 5.0902e-15   2606.15 0 
  2593.00 4.5890e-15   2612.16 0 
  2604.97 4.0149e-15   2624.22 0 
  2617.00 3.6278e-15   2636.33 0 
  2623.03 4.9275e-15   2642.41 0 
  2635.14 7.8449e-15   2654.61 0 
  2647.30 1.0606e-14   2666.86 0 
  2653.40 1.3949e-14   2673.01 0 
  2665.65 9.1096e-15   2685.34 0 
  2677.95 1.0434e-14   2697.74 0 
  2684.13 1.1734e-14   2703.96 0 
  2696.52 8.9209e-15   2716.44 0 
  2702.73 1.0824e-14   2722.70 0 
  2715.21 8.0603e-15   2735.27 0 
  2727.74 6.9074e-15   2747.89 0 
  2734.03 8.4391e-15   2754.23 0 
  2746.65 4.7126e-15   2766.94 0 
  2752.98 6.2264e-15   2773.32 0 
  2765.69 7.9836e-15   2786.12 0 
  2772.06 8.6533e-15   2792.54 0 
  2784.86 5.3474e-15   2805.43 0 
  2797.71 2.4049e-15   2818.38 0 
  2804.16 2.9180e-15   2824.88 0 
  2817.11 7.7455e-15   2837.92 0 
  2823.60 1.1273e-14   2844.46 0 
  2836.63 1.0889e-14   2857.59 0 
  2843.17 8.6093e-15   2864.18 0 
  2856.30 5.4191e-15   2877.40 0 
  2862.88 1.1426e-14   2884.03 0 
  2876.09 1.4219e-14   2897.34 0 
  2882.73 1.2878e-14   2904.02 0 
  2896.03 1.4990e-14   2917.43 0 
  2909.40 1.9851e-14   2930.89 0 
  2929.57 1.7447e-14   2951.21 0 
  2949.87 1.6393e-14   2971.67 0 
  2970.32 1.7442e-14   2992.27 0 
  2990.91 1.7682e-14   3013.01 0 
  3011.64 1.8133e-14   3033.89 0 
  3032.52 1.8898e-14   3054.92 0 
  3046.51 1.9695e-14   3069.02 0 
  3067.63 2.1004e-14   3090.30 0 
  3088.90 2.0953e-14   3111.72 0 
  3110.31 2.3344e-14   3133.29 0 
  3131.87 2.1934e-14   3155.01 0 
  3153.58 2.1930e-14   3176.87 0 
  3168.13 2.3768e-14   3191.54 0 
  3190.09 2.0698e-14   3213.66 0 
  3212.20 2.3007e-14   3235.94 0 
  3227.03 1.9446e-14   3250.87 0 
  3249.40 2.6349e-14   3273.41 0 
  3271.92 3.0387e-14   3296.10 0 
  3287.03 2.9761e-14   3311.31 0 
  3309.81 2.8417e-14   3334.26 0 
  3325.09 2.7135e-14   3349.66 0 
  3332.75 2.7766e-14   3357.38 0 
  3340.44 2.5792e-14   3365.12 0 
  3348.14 3.1803e-14   3372.87 0 
  3355.86 2.9474e-14   3380.65 0 
  3363.59 2.0817e-14   3388.44 0 
  3371.34 2.3464e-14   3396.25 0 
  3379.12 3.0295e-14   3404.08 0 
  3386.91 2.8797e-14   3411.93 0 
  3394.71 2.8011e-14   3419.79 0 
  3402.54 3.4064e-14   3427.68 0 
  3410.38 2.7623e-14   3435.58 0 
  3418.24 2.5957e-14   3443.50 0 
  3426.13 2.9123e-14   3451.44 0 
  3434.02 3.3053e-14   3459.39 0 
  3441.94 2.8196e-14   3467.37 0 
  3449.87 2.6373e-14   3475.36 0 
  3457.83 2.9658e-14   3483.37 0 
  3465.80 2.6188e-14   3491.40 0 
  3473.79 3.1629e-14   3499.45 0 
  3481.80 2.7673e-14   3507.52 0 
  3489.82 3.0412e-14   3515.60 0 
  3497.87 2.7291e-14   3523.71 0 
  3505.93 3.3112e-14   3531.83 0 
  3514.01 2.9307e-14   3539.97 0 
  3522.11 3.2579e-14   3548.13 0 
  3530.23 2.6787e-14   3556.31 0 
  3538.37 3.2953e-14   3564.51 0 
  3546.53 3.3719e-14   3572.73 0 
  3554.70 3.3562e-14   3580.96 0 
  3562.90 3.1248e-14   3589.22 0 
  3571.11 2.5633e-14   3597.49 0 
  3579.34 2.8364e-14   3605.79 0 
  3587.59 2.1966e-14   3614.10 0 
  3595.86 2.9903e-14   3622.43 0 
  3604.15 3.4174e-14   3630.78 0 
  3612.46 2.5744e-14   3639.15 0 
  3620.79 2.9830e-14   3647.54 0 
  3629.14 3.7378e-14   3655.95 0 
  3637.50 3.0381e-14   3664.37 0 
  3645.89 3.6105e-14   3672.82 0 
  3654.29 3.4478e-14   3681.29 0 
  3662.72 4.3104e-14   3689.78 0 
  3671.16 3.8859e-14   3698.28 0 
  3679.62 3.8324e-14   3706.81 0 
  3688.10 3.6012e-14   3715.35 0 
  3696.61 3.8942e-14   3723.92 0 
  3705.13 4.1917e-14   3732.50 0 
  3713.67 3.2989e-14   3741.11 0 
  3722.23 3.4068e-14   3749.73 0 
  3730.81 3.4066e-14   3758.37 0 
  3739.41 2.1247e-14   3767.04 0 
  3748.03 2.8991e-14   3775.72 0 
  3756.67 3.5912e-14   3784.43 0 
  3765.33 3.3129e-14   3793.15 0 
  3774.01 3.1491e-14   3801.89 0 
  3782.71 4.2088e-14   3810.66 0 
  3791.43 3.3507e-14   3819.44 0 
  3800.17 2.8126e-14   3828.25 0 
  3808.93 3.9544e-14   3837.07 0 
  3817.71 3.2513e-14   3845.92 0 
  3826.51 3.0834e-14   3854.78 0 
  3835.33 2.4774e-14   3863.67 0 
  3844.18 2.4546e-14   3872.58 0 
  3853.04 3.5806e-14   3881.50 0 
  3861.92 3.1617e-14   3890.45 0 
  3870.82 3.6974e-14   3899.42 0 
  3872.26 3.1997e-14   3900.87 1 
  3876.30 3.1281e-14   3904.94 1 
  3880.34 3.2718e-14   3909.00 1 
  3884.37 3.4798e-14   3913.07 1 
  3888.41 3.5107e-14   3917.14 1 
  3892.45 3.7858e-14   3921.21 1 
  3896.49 3.9804e-14   3925.27 1 
  3900.52 4.0300e-14   3929.34 1 
  3904.56 4.2458e-14   3933.41 1 
  3908.60 4.2204e-14   3937.47 1 
  3912.63 4.1781e-14   3941.54 1 
  3916.67 4.1603e-14   3945.61 1 
  3920.71 3.7598e-14   3949.68 1 
  3924.75 3.2605e-14   3953.74 1 
  3928.78 2.5943e-14   3957.81 1 
  3932.82 2.2967e-14   3961.88 1 
  3936.86 2.5882e-14   3965.94 1 
  3940.90 2.7278e-14   3970.01 1 
  3944.93 3.6003e-14   3974.08 1 
  3948.97 3.9634e-14   3978.14 1 
  3953.01 3.8450e-14   3982.21 1 
  3957.04 3.5215e-14   3986.28 1 
  3961.08 3.4303e-14   3990.35 1 
  3965.12 2.9359e-14   3994.41 1 
  3969.16 2.8507e-14   3998.48 1 
  3973.19 3.2983e-14   4002.55 1 
  3977.23 3.9301e-14   4006.61 1 
  3981.27 4.7024e-14   4010.68 1 
  3985.31 4.9102e-14   4014.75 1 
  3989.34 5.3579e-14   4018.82 1 
  3993.38 5.5317e-14   4022.88 1 
  3997.42 5.5833e-14   4026.95 1 
  4001.45 5.7452e-14   4031.02 1 
  4005.49 5.6188e-14   4035.08 1 
  4009.53 5.7170e-14   4039.15 1 
  4013.57 5.8732e-14   4043.22 1 
  4017.60 6.1969e-14   4047.29 1 
  4021.64 6.1646e-14   4051.35 1 
  4025.68 5.9164e-14   4055.42 1 
  4029.72 5.8275e-14   4059.49 1 
  4033.75 5.7356e-14   4063.55 1 
  4037.79 5.7919e-14   4067.62 1 
  4041.83 5.6573e-14   4071.69 1 
  4045.86 5.5648e-14   4075.76 1 
  4049.90 5.5571e-14   4079.82 1 
  4053.94 5.5859e-14   4083.89 1 
  4057.98 5.5529e-14   4087.96 1 
  4062.01 5.8709e-14   4092.02 1 
  4066.05 5.6591e-14   4096.09 1 
  4070.09 5.4699e-14   4100.16 1 
  4074.13 5.5163e-14   4104.23 1 
  4078.16 5.8375e-14   4108.29 1 
  4082.20 5.9787e-14   4112.36 1 
  4086.24 6.0170e-14   4116.43 1 
  4090.27 6.0563e-14   4120.49 1 
  4094.31 5.7647e-14   4124.56 1 
  4098.35 5.5174e-14   4128.63 1 
  4102.39 5.3678e-14   4132.69 1 
  4106.42 5.3969e-14   4136.76 1 
  4110.46 5.6124e-14   4140.83 1 
  4114.50 5.8759e-14   4144.90 1 
  4118.54 5.9012e-14   4148.96 1 
  4122.57 5.9647e-14   4153.03 1 
  4126.61 5.8778e-14   4157.10 1 
  4130.65 5.6787e-14   4161.16 1 
  4134.68 5.7682e-14   4165.23 1 
  4138.72 5.8432e-14   4169.30 1 
  4142.76 5.7088e-14   4173.37 1 
  4146.80 5.6011e-14   4177.43 1 
  4150.83 5.7906e-14   4181.50 1 
  4154.87 5.7251e-14   4185.57 1 
  4158.91 5.9250e-14   4189.63 1 
  4162.95 5.6886e-14   4193.70 1 
  4166.98 5.9621e-14   4197.77 1 
  4171.02 5.6553e-14   4201.83 1 
  4175.06 5.4919e-14   4205.90 1 
  4179.09 5.6854e-14   4209.97 1 
  4183.13 5.7040e-14   4214.04 1 
  4187.17 5.8252e-14   4218.10 1 
  4191.21 5.8118e-14   4222.17 1 
  4195.24 5.6027e-14   4226.24 1 
  4199.28 5.6852e-14   4230.31 1 
  4203.32 5.8570e-14   4234.37 1 
  4207.36 5.8272e-14   4238.44 1 
  4211.39 5.9674e-14   4242.51 1 
  4215.43 6.0063e-14   4246.57 1 
  4219.47 5.6336e-14   4250.64 1 
  4223.50 5.6940e-14   4254.71 1 
  4227.54 5.7919e-14   4258.77 1 
  4231.58 5.7344e-14   4262.84 1 
  4235.62 5.9277e-14   4266.91 1 
  4239.65 6.1264e-14   4270.98 1 
  4243.69 6.2657e-14   4275.04 1 
  4247.73 6.1600e-14   4279.11 1 
  4251.77 6.1232e-14   4283.18 1 
  4255.80 5.9819e-14   4287.24 1 
  4259.84 6.0205e-14   4291.31 1 
  4263.88 6.0300e-14   4295.38 1 
  4267.91 6.1056e-14   4299.45 1 
  4271.95 5.9238e-14   4303.51 1 
  4275.99 5.8293e-14   4307.58 1 
  4280.03 5.7181e-14   4311.65 1 
  4284.06 5.8241e-14   4315.71 1 
  4288.10 5.7024e-14   4319.78 1 
  4292.14 5.4667e-14   4323.85 1 
  4296.18 5.0316e-14   4327.92 1 
  4300.21 4.8414e-14   4331.98 1 
  4304.25 4.8328e-14   4336.05 1 
  4308.29 4.9538e-14   4340.12 1 
  4312.32 5.4828e-14   4344.18 1 
  4316.36 5.8365e-14   4348.25 1 
  4320.40 6.4201e-14   4352.32 1 
  4324.44 6.6488e-14   4356.38 1 
  4328.47 6.4968e-14   4360.45 1 
  4332.51 6.5220e-14   4364.52 1 
  4336.55 6.4882e-14   4368.59 1 
  4340.59 6.5093e-14   4372.65 1 
  4344.62 6.3939e-14   4376.72 1 
  4348.66 6.5748e-14   4380.79 1 
  4352.70 6.9034e-14   4384.85 1 
  4356.73 7.1050e-14   4388.92 1 
  4360.77 7.0010e-14   4392.99 1 
  4364.81 7.2054e-14   4397.06 1 
  4368.85 7.0626e-14   4401.12 1 
  4372.88 6.9708e-14   4405.19 1 
  4376.92 6.6054e-14   4409.26 1 
  4380.96 6.3537e-14   4413.32 1 
  4385.00 6.2438e-14   4417.39 1 
  4389.03 6.4009e-14   4421.46 1 
  4393.07 6.5164e-14   4425.53 1 
  4397.11 6.5219e-14   4429.59 1 
  4401.14 6.9002e-14   4433.66 1 
  4405.18 6.8748e-14   4437.73 1 
  4409.22 6.8019e-14   4441.79 1 
  4413.26 6.9188e-14   4445.86 1 
  4417.29 7.0805e-14   4449.93 1 
  4421.33 7.3311e-14   4454.00 1 
  4425.37 7.2694e-14   4458.06 1 
  4429.40 7.1641e-14   4462.13 1 
  4433.44 7.2520e-14   4466.20 1 
  4437.48 7.2804e-14   4470.26 1 
  4441.52 7.5994e-14   4474.33 1 
  4445.55 7.5996e-14   4478.40 1 
  4449.59 7.3089e-14   4482.46 1 
  4453.63 7.2777e-14   4486.53 1 
  4457.67 7.3412e-14   4490.60 1 
  4461.70 7.3465e-14   4494.67 1 
  4465.74 7.3873e-14   4498.73 1 
  4469.78 7.5816e-14   4502.80 1 
  4473.82 7.7304e-14   4506.87 1 
  4477.85 8.1682e-14   4510.94 1 
  4481.89 8.1077e-14   4515.00 1 
  4485.93 7.8461e-14   4519.07 1 
  4489.96 7.8614e-14   4523.14 1 
  4494.00 8.1484e-14   4527.20 1 
  4498.04 8.1560e-14   4531.27 1 
  4502.08 8.2141e-14   4535.34 1 
  4506.11 8.4710e-14   4539.40 1 
  4510.15 8.5763e-14   4543.47 1 
  4514.19 8.3233e-14   4547.54 1 
  4518.23 8.2460e-14   4551.61 1 
  4522.26 7.7229e-14   4555.67 1 
  4526.30 7.6975e-14   4559.74 1 
  4530.34 7.7288e-14   4563.81 1 
  4534.37 7.8094e-14   4567.87 1 
  4538.41 7.8600e-14   4571.94 1 
  4542.45 7.8264e-14   4576.01 1 
  4546.49 7.9559e-14   4580.08 1 
  4550.52 8.1150e-14   4584.14 1 
  4554.56 8.2440e-14   4588.21 1 
  4558.60 8.2477e-14   4592.28 1 
  4562.64 8.2338e-14   4596.34 1 
  4566.67 8.5000e-14   4600.41 1 
  4570.71 8.4121e-14   4604.48 1 
  4574.75 8.2571e-14   4608.54 1 
  4578.78 8.3075e-14   4612.61 1 
  4582.82 8.1818e-14   4616.68 1 
  4586.86 7.9456e-14   4620.75 1 
  4590.90 8.1864e-14   4624.81 1 
  4594.93 8.2908e-14   4628.88 1 
  4598.97 8.3534e-14   4632.95 1 
  4603.01 8.4882e-14   4637.01 1 
  4607.04 8.5240e-14   4641.08 1 
  4611.08 8.6174e-14   4645.15 1 
  4615.12 8.9857e-14   4649.22 1 
  4619.16 8.8500e-14   4653.28 1 
  4623.19 8.7575e-14   4657.35 1 
  4627.23 8.8098e-14   4661.42 1 
  4631.27 8.5854e-14   4665.48 1 
  4635.31 8.3393e-14   4669.55 1 
  4639.34 8.3186e-14   4673.62 1 
  4643.38 8.2212e-14   4677.69 1 
  4647.42 8.0848e-14   4681.75 1 
  4651.45 8.2537e-14   4685.82 1 
  4655.49 8.2413e-14   4689.89 1 
  4659.53 8.3790e-14   4693.95 1 
  4663.57 8.4754e-14   4698.02 1 
  4667.60 8.2212e-14   4702.09 1 
  4671.64 8.1125e-14   4706.16 1 
  4675.68 8.2964e-14   4710.22 1 
  4679.72 8.2261e-14   4714.29 1 
  4683.75 8.2123e-14   4718.36 1 
  4687.79 8.2219e-14   4722.42 1 
  4691.83 8.1669e-14   4726.49 1 
  4695.86 8.1335e-14   4730.56 1 
  4699.90 7.9659e-14   4734.62 1 
  4703.94 8.2041e-14   4738.69 1 
  4707.98 8.2027e-14   4742.76 1 
  4712.01 8.3313e-14   4746.83 1 
  4716.05 8.4823e-14   4750.89 1 
  4720.09 8.6194e-14   4754.96 1 
  4724.13 8.5375e-14   4759.03 1 
  4728.16 8.5223e-14   4763.09 1 
  4732.20 8.6566e-14   4767.16 1 
  4736.24 8.5947e-14   4771.23 1 
  4740.27 8.6408e-14   4775.30 1 
  4744.31 8.6786e-14   4779.36 1 
  4748.35 8.6612e-14   4783.43 1 
  4752.39 8.8133e-14   4787.50 1 
  4756.42 8.4885e-14   4791.56 1 
  4760.46 8.4218e-14   4795.63 1 
  4764.50 8.4889e-14   4799.70 1 
  4768.54 8.5808e-14   4803.77 1 
  4772.57 8.6052e-14   4807.83 1 
  4776.61 8.6025e-14   4811.90 1 
  4780.65 8.6389e-14   4815.97 1 
  4784.68 8.5587e-14   4820.03 1 
  4788.72 8.5875e-14   4824.10 1 
  4792.76 8.7822e-14   4828.17 1 
  4796.80 8.7336e-14   4832.24 1 
  4800.83 8.9323e-14   4836.30 1 
  4804.87 8.9006e-14   4840.37 1 
  4808.91 8.8125e-14   4844.44 1 
  4812.95 8.8632e-14   4848.50 1 
  4816.98 8.8586e-14   4852.57 1 
  4821.02 8.9824e-14   4856.64 1 
  4825.06 8.7917e-14   4860.71 1 
  4829.09 8.7998e-14   4864.77 1 
  4833.13 8.8716e-14   4868.84 1 
  4837.17 8.7058e-14   4872.91 1 
  4841.21 8.7540e-14   4876.97 1 
  4845.24 8.5114e-14   4881.04 1 
  4849.28 8.4126e-14   4885.11 1 
  4853.32 8.3275e-14   4889.17 1 
  4857.36 8.1264e-14   4893.24 1 
  4861.39 7.7696e-14   4897.31 1 
  4865.43 7.8178e-14   4901.38 1 
  4869.47 8.0561e-14   4905.44 1 
  4873.50 8.1648e-14   4909.51 1 
  4877.54 8.4183e-14   4913.58 1 
  4881.58 8.3303e-14   4917.64 1 
  4885.62 8.3841e-14   4921.71 1 
  4889.65 8.3986e-14   4925.78 1 
  4893.69 8.7394e-14   4929.85 1 
  4897.73 8.8457e-14   4933.91 1 
  4901.77 8.8369e-14   4937.98 1 
  4905.80 8.9405e-14   4942.05 1 
  4909.84 8.6683e-14   4946.11 1 
  4913.88 8.5748e-14   4950.18 1 
  4917.91 8.6947e-14   4954.25 1 
  4921.95 8.6185e-14   4958.32 1 
  4925.99 8.6534e-14   4962.38 1 
  4930.03 8.7735e-14   4966.45 1 
  4934.06 8.8058e-14   4970.52 1 
  4938.10 8.9407e-14   4974.58 1 
  4942.14 8.9431e-14   4978.65 1 
  4946.18 8.8689e-14   4982.72 1 
  4950.21 9.0498e-14   4986.79 1 
  4954.25 8.9353e-14   4990.85 1 
  4958.29 8.9456e-14   4994.92 1 
  4962.32 8.9444e-14   4998.99 1 
  4966.36 8.9894e-14   5003.05 1 
  4970.40 8.7824e-14   5007.12 1 
  4974.44 8.6254e-14   5011.19 1 
  4978.47 8.4822e-14   5015.25 1 
  4982.51 8.4614e-14   5019.32 1 
  4986.55 8.4464e-14   5023.39 1 
  4990.59 8.4363e-14   5027.46 1 
  4994.62 8.2289e-14   5031.52 1 
  4998.66 8.6272e-14   5035.59 1 
  5002.70 8.4474e-14   5039.66 1 
  5006.73 8.3289e-14   5043.72 1 
  5010.77 8.0920e-14   5047.79 1 
  5014.81 8.1318e-14   5051.86 1 
  5018.85 8.1408e-14   5055.93 1 
  5022.88 8.2721e-14   5059.99 1 
  5026.92 8.3675e-14   5064.06 1 
  5030.96 8.2895e-14   5068.13 1 
  5035.00 8.3942e-14   5072.19 1 
  5039.03 8.4874e-14   5076.26 1 
  5043.07 8.5083e-14   5080.33 1 
  5047.11 8.3609e-14   5084.40 1 
  5051.14 8.6068e-14   5088.46 1 
  5055.18 8.7599e-14   5092.53 1 
  5059.22 8.5427e-14   5096.60 1 
  5063.26 8.5974e-14   5100.66 1 
  5067.29 8.6485e-14   5104.73 1 
  5071.33 8.4391e-14   5108.80 1 
  5075.37 8.3251e-14   5112.86 1 
  5079.41 8.2238e-14   5116.93 1 
  5083.44 8.3934e-14   5121.00 1 
  5087.48 8.4314e-14   5125.07 1 
  5091.52 8.2462e-14   5129.13 1 
  5095.55 8.5067e-14   5133.20 1 
  5099.59 8.3868e-14   5137.27 1 
  5103.63 8.3740e-14   5141.33 1 
  5107.67 8.4786e-14   5145.40 1 
  5111.70 8.5340e-14   5149.47 1 
  5115.74 8.3314e-14   5153.54 1 
  5119.78 8.3558e-14   5157.60 1 
  5123.82 8.5036e-14   5161.67 1 
  5127.85 8.2826e-14   5165.74 1 
  5131.89 8.2222e-14   5169.80 1 
  5135.93 8.2126e-14   5173.87 1 
  5139.96 8.1359e-14   5177.94 1 
  5144.00 8.1406e-14   5182.01 1 
  5148.04 8.0224e-14   5186.07 1 
  5152.08 7.9955e-14   5190.14 1 
  5156.11 7.8764e-14   5194.21 1 
  5160.15 7.6338e-14   5198.27 1 
  5164.19 7.2769e-14   5202.34 1 
  5168.23 7.2968e-14   5206.41 1 
  5172.26 7.1104e-14   5210.48 1 
  5176.30 7.0561e-14   5214.54 1 
  5180.34 7.0689e-14   5218.61 1 
  5184.37 7.4444e-14   5222.68 1 
  5188.41 7.7838e-14   5226.74 1 
  5192.45 7.9378e-14   5230.81 1 
  5196.49 8.0183e-14   5234.88 1 
  5200.52 8.1825e-14   5238.95 1 
  5204.56 8.1617e-14   5243.01 1 
  5208.60 8.3743e-14   5247.08 1 
  5212.64 8.2854e-14   5251.15 1 
  5216.67 8.2733e-14   5255.21 1 
  5220.71 8.5466e-14   5259.28 1 
  5224.75 8.5738e-14   5263.35 1 
  5228.78 8.6072e-14   5267.42 1 
  5232.82 8.8386e-14   5271.48 1 
  5236.86 8.8401e-14   5275.55 1 
  5240.90 8.9171e-14   5279.62 1 
  5244.93 8.9865e-14   5283.68 1 
  5248.97 8.9867e-14   5287.75 1 
  5253.01 8.7224e-14   5291.82 1 
  5257.05 8.5729e-14   5295.88 1 
  5261.08 8.4359e-14   5299.95 1 
  5265.12 8.4813e-14   5304.02 1 
  5269.16 8.3118e-14   5308.09 1 
  5273.19 8.3084e-14   5312.15 1 
  5277.23 8.6721e-14   5316.22 1 
  5281.27 9.0366e-14   5320.29 1 
  5285.31 9.0997e-14   5324.35 1 
  5289.34 9.4819e-14   5328.42 1 
  5293.38 9.5180e-14   5332.49 1 
  5297.42 9.3084e-14   5336.56 1 
  5301.46 9.3073e-14   5340.62 1 
  5305.49 9.3852e-14   5344.69 1 
  5309.53 9.3323e-14   5348.76 1 
  5313.57 9.3078e-14   5352.82 1 
  5317.60 9.3798e-14   5356.89 1 
  5321.64 9.2854e-14   5360.96 1 
  5325.68 9.0872e-14   5365.03 1 
  5329.72 9.0349e-14   5369.09 1 
  5333.75 9.1018e-14   5373.16 1 
  5337.79 9.1847e-14   5377.23 1 
  5341.83 9.1875e-14   5381.29 1 
  5345.87 9.3365e-14   5385.36 1 
  5349.90 9.5752e-14   5389.43 1 
  5353.94 9.4481e-14   5393.49 1 
  5357.98 9.5404e-14   5397.56 1 
  5362.01 9.4784e-14   5401.63 1 
  5366.05 9.4715e-14   5405.70 1 
  5370.09 9.3146e-14   5409.76 1 
  5374.13 9.3926e-14   5413.83 1 
  5378.16 9.4456e-14   5417.90 1 
  5382.20 9.4221e-14   5421.96 1 
  5386.24 9.2631e-14   5426.03 1 
  5390.28 8.9532e-14   5430.10 1 
  5394.31 8.8865e-14   5434.17 1 
  5398.35 8.7492e-14   5438.23 1 
  5402.39 8.7890e-14   5442.30 1 
  5406.42 8.9638e-14   5446.37 1 
  5410.46 9.1062e-14   5450.43 1 
  5414.50 9.1494e-14   5454.50 1 
  5418.54 9.2286e-14   5458.57 1 
  5422.57 9.4141e-14   5462.64 1 
  5426.61 9.3323e-14   5466.70 1 
  5430.65 9.2768e-14   5470.77 1 
  5434.69 9.3262e-14   5474.84 1 
  5438.72 9.2136e-14   5478.90 1 
  5442.76 9.3395e-14   5482.97 1 
  5446.80 9.1654e-14   5487.04 1 
  5450.83 9.0867e-14   5491.11 1 
  5454.87 9.0727e-14   5495.17 1 
  5458.91 9.2949e-14   5499.24 1 
  5462.95 9.1706e-14   5503.31 1 
  5466.98 9.2420e-14   5507.37 1 
  5471.02 9.1220e-14   5511.44 1 
  5475.06 8.9480e-14   5515.51 1 
  5479.10 9.0066e-14   5519.57 1 
  5483.13 9.0541e-14   5523.64 1 
  5487.17 9.0871e-14   5527.71 1 
  5491.21 9.2772e-14   5531.78 1 
  5495.24 9.3537e-14   5535.84 1 
  5499.28 9.1259e-14   5539.91 1 
  5503.32 9.2400e-14   5543.98 1 
  5507.36 9.2278e-14   5548.04 1 
  5511.39 9.3938e-14   5552.11 1 
  5515.43 9.4127e-14   5556.18 1 
  5519.47 9.4321e-14   5560.25 1 
  5523.51 9.4516e-14   5564.31 1 
  5527.54 9.4711e-14   5568.38 1 
  5531.58 9.4906e-14   5572.45 1 
  5535.62 9.5101e-14   5576.51 1 
  5539.65 9.5296e-14   5580.58 1 
  5543.69 9.5490e-14   5584.65 1 
  5547.73 9.5684e-14   5588.72 1 
  5551.77 9.5878e-14   5592.78 1 
  5555.80 9.6072e-14   5596.85 1 
  5559.84 9.4160e-14   5600.92 1 
  5563.88 9.2554e-14   5604.98 1 
  5567.92 9.3447e-14   5609.05 1 
  5571.95 9.1677e-14   5613.12 1 
  5575.99 9.2105e-14   5617.19 1 
  5580.03 9.2300e-14   5621.25 1 
  5584.06 9.1682e-14   5625.32 1 
  5588.10 9.1338e-14   5629.39 1 
  5592.14 8.9744e-14   5633.45 1 
  5596.18 8.9941e-14   5637.52 1 
  5600.21 9.2306e-14   5641.59 1 
  5604.25 9.3034e-14   5645.66 1 
  5608.29 9.2135e-14   5649.72 1 
  5612.33 9.3786e-14   5653.79 1 
  5616.36 9.3407e-14   5657.86 1 
  5620.40 9.3935e-14   5661.92 1 
  5624.44 9.3815e-14   5665.99 1 
  5628.47 9.4023e-14   5670.06 1 
  5632.51 9.5176e-14   5674.12 1 
  5636.55 9.2804e-14   5678.19 1 
  5640.59 9.4356e-14   5682.26 1 
  5644.62 9.4441e-14   5686.33 1 
  5648.66 9.1663e-14   5690.39 1 
  5652.70 9.1405e-14   5694.46 1 
  5656.74 9.4353e-14   5698.53 1 
  5660.77 9.4801e-14   5702.59 1 
  5664.81 9.2245e-14   5706.66 1 
  5668.85 9.3857e-14   5710.73 1 
  5672.88 9.4027e-14   5714.80 1 
  5676.92 9.3356e-14   5718.86 1 
  5680.96 9.4170e-14   5722.93 1 
  5685.00 9.5652e-14   5727.00 1 
  5689.03 9.5891e-14   5731.06 1 
  5693.07 9.6118e-14   5735.13 1 
  5697.11 9.6271e-14   5739.20 1 
  5701.15 9.5164e-14   5743.27 1 
  5705.18 9.2383e-14   5747.33 1 
  5709.22 9.3191e-14   5751.40 1 
  5713.26 9.4409e-14   5755.47 1 
  5717.29 9.5801e-14   5759.53 1 
  5721.33 9.6942e-14   5763.60 1 
  5725.37 9.7700e-14   5767.67 1 
  5729.41 9.7313e-14   5771.73 1 
  5733.44 9.6542e-14   5775.80 1 
  5737.48 9.7557e-14   5779.87 1 
  5741.52 9.8530e-14   5783.94 1 
  5745.56 9.8819e-14   5788.00 1 
  5749.59 9.4846e-14   5792.07 1 
  5753.63 9.4892e-14   5796.14 1 
  5757.67 9.9481e-14   5800.20 1 
  5761.70 9.9395e-14   5804.27 1 
  5765.74 9.8216e-14   5808.34 1 
  5769.78 9.6548e-14   5812.41 1 
  5773.82 9.6393e-14   5816.47 1 
  5777.85 9.7677e-14   5820.54 1 
  5781.89 9.6652e-14   5824.61 1 
  5785.93 9.6001e-14   5828.67 1 
  5789.97 9.6947e-14   5832.74 1 
  5794.00 9.8709e-14   5836.81 1 
  5798.04 9.7605e-14   5840.88 1 
  5802.08 9.8392e-14   5844.94 1 
  5806.11 9.8936e-14   5849.01 1 
  5810.15 1.0119e-13   5853.08 1 
  5814.19 1.0100e-13   5857.14 1 
  5818.23 1.0266e-13   5861.21 1 
  5822.26 1.0121e-13   5865.28 1 
  5826.30 1.0084e-13   5869.35 1 
  5830.34 9.9264e-14   5873.41 1 
  5834.38 9.6319e-14   5877.48 1 
  5838.41 9.9163e-14   5881.55 1 
  5842.45 9.9900e-14   5885.61 1 
  5846.49 9.8041e-14   5889.68 1 
  5850.52 9.6339e-14   5893.75 1 
  5854.56 9.6857e-14   5897.81 1 
  5858.60 9.7236e-14   5901.88 1 
  5862.64 9.5859e-14   5905.95 1 
  5866.67 9.5867e-14   5910.02 1 
  5870.71 9.5615e-14   5914.08 1 
  5874.75 9.5380e-14   5918.15 1 
  5878.79 9.2980e-14   5922.22 1 
  5882.82 8.8906e-14   5926.28 1 
  5886.86 8.3943e-14   5930.35 1 
  5890.90 8.3788e-14   5934.42 1 
  5894.93 8.4251e-14   5938.49 1 
  5898.97 8.4885e-14   5942.55 1 
  5903.01 8.9274e-14   5946.62 1 
  5907.05 9.1815e-14   5950.69 1 
  5911.08 9.4168e-14   5954.75 1 
  5915.12 9.6251e-14   5958.82 1 
  5919.16 9.5543e-14   5962.89 1 
  5923.20 9.5206e-14   5966.96 1 
  5927.23 9.6890e-14   5971.02 1 
  5931.27 9.6824e-14   5975.09 1 
  5935.31 9.7309e-14   5979.16 1 
  5939.34 9.5609e-14   5983.22 1 
  5943.38 9.5662e-14   5987.29 1 
  5947.42 9.7927e-14   5991.36 1 
  5951.46 9.6200e-14   5995.43 1 
  5955.49 9.7135e-14   5999.49 1 
  5959.53 9.7902e-14   6003.56 1 
  5963.57 9.6162e-14   6007.63 1 
  5967.61 9.7242e-14   6011.69 1 
  5971.64 9.8191e-14   6015.76 1 
  5975.68 9.9413e-14   6019.83 1 
  5979.72 9.8609e-14   6023.90 1 
  5983.75 9.7061e-14   6027.96 1 
  5987.79 9.5943e-14   6032.03 1 
  5991.83 9.7488e-14   6036.10 1 
  5995.87 9.7082e-14   6040.16 1 
  5999.90 9.5127e-14   6044.23 1 
  6003.94 9.6035e-14   6048.30 1 
  6007.98 9.5717e-14   6052.36 1 
  6012.02 9.8500e-14   6056.43 1 
  6016.05 9.5707e-14   6060.50 1 
  6020.09 9.5344e-14   6064.57 1 
  6024.13 9.6632e-14   6068.63 1 
  6028.16 1.0019e-13   6072.70 1 
  6032.20 1.0018e-13   6076.77 1 
  6036.24 9.9609e-14   6080.83 1 
  6040.28 1.0022e-13   6084.90 1 
  6044.31 1.0052e-13   6088.97 1 
  6048.35 1.0096e-13   6093.04 1 
  6052.39 1.0032e-13   6097.10 1 
  6056.43 9.8310e-14   6101.17 1 
  6060.46 9.8956e-14   6105.24 1 
  6064.50 9.9282e-14   6109.30 1 
  6068.54 9.9438e-14   6113.37 1 
  6072.57 1.0039e-13   6117.44 1 
  6076.61 9.9350e-14   6121.51 1 
  6080.65 9.9037e-14   6125.57 1 
  6084.69 1.0010e-13   6129.64 1 
  6088.72 9.8261e-14   6133.71 1 
  6092.76 9.6823e-14   6137.77 1 
  6096.80 9.7119e-14   6141.84 1 
  6100.83 9.9079e-14   6145.91 1 
  6104.87 1.0064e-13   6149.98 1 
  6108.91 9.6829e-14   6154.04 1 
  6112.95 9.7685e-14   6158.11 1 
  6116.98 9.7754e-14   6162.18 1 
  6121.02 9.6874e-14   6166.24 1 
  6125.06 9.7988e-14   6170.31 1 
  6129.10 9.6922e-14   6174.38 1 
  6133.13 9.6390e-14   6178.44 1 
  6137.17 9.5411e-14   6182.51 1 
  6141.21 9.6119e-14   6186.58 1 
  6145.24 9.5433e-14   6190.65 1 
  6149.28 9.3904e-14   6194.71 1 
  6153.32 9.4596e-14   6198.78 1 
  6157.36 9.2735e-14   6202.85 1 
  6161.39 9.1632e-14   6206.91 1 
  6165.43 9.0945e-14   6210.98 1 
  6169.47 9.1142e-14   6215.05 1 
  6173.51 9.2419e-14   6219.12 1 
  6177.54 9.3054e-14   6223.18 1 
  6181.58 9.1454e-14   6227.25 1 
  6185.62 9.2600e-14   6231.32 1 
  6189.65 9.1815e-14   6235.38 1 
  6193.69 9.2121e-14   6239.45 1 
  6197.73 9.1466e-14   6243.52 1 
  6201.77 9.3052e-14   6247.59 1 
  6205.80 9.4952e-14   6251.65 1 
  6209.84 9.3684e-14   6255.72 1 
  6213.88 9.2032e-14   6259.79 1 
  6217.92 9.0562e-14   6263.85 1 
  6221.95 9.0753e-14   6267.92 1 
  6225.99 9.0944e-14   6271.99 1 
  6230.03 9.1136e-14   6276.06 1 
  6234.06 9.1328e-14   6280.12 1 
  6238.10 9.1520e-14   6284.19 1 
  6242.14 9.1713e-14   6288.26 1 
  6246.18 9.1906e-14   6292.32 1 
  6250.21 9.2099e-14   6296.39 1 
  6254.25 8.9441e-14   6300.46 1 
  6258.29 8.7575e-14   6304.52 1 
  6262.33 9.6451e-14   6308.59 1 
  6266.36 9.9083e-14   6312.66 1 
  6270.40 9.6782e-14   6316.73 1 
  6274.44 9.5417e-14   6320.79 1 
  6278.47 9.3748e-14   6324.86 1 
  6282.51 9.2501e-14   6328.93 1 
  6286.55 9.2446e-14   6332.99 1 
  6290.59 9.5526e-14   6337.06 1 
  6294.62 9.3973e-14   6341.13 1 
  6298.66 9.3273e-14   6345.20 1 
  6302.70 9.4043e-14   6349.26 1 
  6306.74 9.2477e-14   6353.33 1 
  6310.77 9.6462e-14   6357.40 1 
  6314.81 9.5488e-14   6361.46 1 
  6318.85 9.4913e-14   6365.53 1 
  6322.88 9.5154e-14   6369.60 1 
  6326.92 9.9781e-14   6373.67 1 
  6330.96 9.4112e-14   6377.73 1 
  6335.00 9.1834e-14   6381.80 1 
  6339.03 9.4875e-14   6385.87 1 
  6343.07 9.5959e-14   6389.93 1 
  6347.11 9.4678e-14   6394.00 1 
  6351.15 9.4372e-14   6398.07 1 
  6355.18 9.3734e-14   6402.14 1 
  6359.22 9.3232e-14   6406.20 1 
  6363.26 9.4331e-14   6410.27 1 
  6367.29 9.4818e-14   6414.34 1 
  6371.33 9.5087e-14   6418.40 1 
  6375.37 9.6289e-14   6422.47 1 
  6379.41 9.8198e-14   6426.54 1 
  6383.44 9.8025e-14   6430.60 1 
  6387.48 9.6599e-14   6434.67 1 
  6391.52 9.7286e-14   6438.74 1 
  6395.56 9.7649e-14   6442.81 1 
  6399.59 9.6028e-14   6446.87 1 
  6403.63 9.6636e-14   6450.94 1 
  6407.67 9.5457e-14   6455.01 1 
  6411.71 9.5366e-14   6459.07 1 
  6415.74 9.4808e-14   6463.14 1 
  6419.78 9.6299e-14   6467.21 1 
  6423.82 9.4893e-14   6471.28 1 
  6427.85 9.4084e-14   6475.34 1 
  6431.89 9.5881e-14   6479.41 1 
  6435.93 9.6587e-14   6483.48 1 
  6439.97 9.7311e-14   6487.54 1 
  6444.00 9.4823e-14   6491.61 1 
  6448.04 9.4879e-14   6495.68 1 
  6452.08 9.6257e-14   6499.75 1 
  6456.11 9.7215e-14   6503.81 1 
  6460.15 9.5758e-14   6507.88 1 
  6464.19 9.4825e-14   6511.95 1 
  6468.23 9.8888e-14   6516.01 1 
  6472.26 9.9356e-14   6520.08 1 
  6476.30 9.7316e-14   6524.15 1 
  6480.34 9.5528e-14   6528.22 1 
  6484.38 9.3537e-14   6532.28 1 
  6488.41 9.4608e-14   6536.35 1 
  6492.45 9.3462e-14   6540.42 1 
  6496.49 9.1325e-14   6544.48 1 
  6500.52 9.2618e-14   6548.55 1 
  6504.56 9.5710e-14   6552.62 1 
  6508.60 9.6212e-14   6556.69 1 
  6512.64 9.6840e-14   6560.75 1 
  6516.67 9.8279e-14   6564.82 1 
  6520.71 9.8350e-14   6568.89 1 
  6524.75 9.9021e-14   6572.95 1 
  6528.79 1.0032e-13   6577.02 1 
  6532.82 9.7977e-14   6581.09 1 
  6536.86 9.9530e-14   6585.15 1 
  6540.90 9.9176e-14   6589.22 1 
  6544.93 9.7860e-14   6593.29 1 
  6548.97 9.7027e-14   6597.36 1 
  6553.01 9.4452e-14   6601.42 1 
  6557.05 9.2871e-14   6605.49 1 
  6561.08 9.1747e-14   6609.56 1 
  6565.12 9.3155e-14   6613.62 1 
  6569.16 9.3195e-14   6617.69 1 
  6573.20 9.4750e-14   6621.76 1 
  6577.23 9.8790e-14   6625.83 1 
  6581.27 9.8460e-14   6629.89 1 
  6585.31 9.8979e-14   6633.96 1 
  6589.34 9.8461e-14   6638.03 1 
  6593.38 9.8193e-14   6642.09 1 
  6597.42 9.4618e-14   6646.16 1 
  6601.46 9.6403e-14   6650.23 1 
  6605.49 9.8334e-14   6654.30 1 
  6609.53 9.7358e-14   6658.36 1 
  6613.57 9.9882e-14   6662.43 1 
  6617.61 9.7636e-14   6666.50 1 
  6621.64 9.6112e-14   6670.56 1 
  6625.68 9.7449e-14   6674.63 1 
  6629.72 9.7904e-14   6678.70 1 
  6633.75 9.7591e-14   6682.77 1 
  6637.79 9.7437e-14   6686.83 1 
  6641.83 9.8099e-14   6690.90 1 
  6645.87 9.6589e-14   6694.97 1 
  6649.90 9.5919e-14   6699.03 1 
  6653.94 9.5928e-14   6703.10 1 
  6657.98 9.6712e-14   6707.17 1 
  6662.02 9.6986e-14   6711.23 1 
  6666.05 9.4715e-14   6715.30 1 
  6670.09 9.6492e-14   6719.37 1 
  6674.13 9.3163e-14   6723.44 1 
  6678.16 9.4832e-14   6727.50 1 
  6682.20 9.4728e-14   6731.57 1 
  6686.24 9.5773e-14   6735.64 1 
  6690.28 9.5293e-14   6739.70 1 
  6694.31 9.4357e-14   6743.77 1 
  6698.35 9.3580e-14   6747.84 1 
  6702.39 9.5958e-14   6751.91 1 
  6706.43 9.6804e-14   6755.97 1 
  6710.46 9.4281e-14   6760.04 1 
  6714.50 9.6367e-14   6764.11 1 
  6718.54 9.5549e-14   6768.17 1 
  6722.57 9.4405e-14   6772.24 1 
  6726.61 9.4630e-14   6776.31 1 
  6730.65 9.4583e-14   6780.38 1 
  6734.69 9.3742e-14   6784.44 1 
  6738.72 9.4994e-14   6788.51 1 
  6742.76 9.3006e-14   6792.58 1 
  6746.80 9.4403e-14   6796.64 1 
  6750.84 9.5335e-14   6800.71 1 
  6754.87 9.5585e-14   6804.78 1 
  6758.91 9.4245e-14   6808.85 1 
  6762.95 9.5648e-14   6812.91 1 
  6766.99 9.8337e-14   6816.98 1 
  6771.02 9.5742e-14   6821.05 1 
  6775.06 9.2780e-14   6825.11 1 
  6779.10 9.5352e-14   6829.18 1 
  6783.13 9.7446e-14   6833.25 1 
  6787.17 9.5927e-14   6837.31 1 
  6791.21 9.4775e-14   6841.38 1 
  6795.25 9.5243e-14   6845.45 1 
  6799.28 9.4787e-14   6849.52 1 
  6803.32 9.3246e-14   6853.58 1 
  6807.36 8.9219e-14   6857.65 1 
  6811.39 8.5769e-14   6861.72 1 
  6815.43 8.1337e-14   6865.78 1 
  6819.47 7.8092e-14   6869.85 1 
  6823.51 8.0907e-14   6873.92 1 
  6827.54 8.0802e-14   6877.99 1 
  6836.02 9.3057e-14   6886.52 0 
  6851.78 9.2591e-14   6902.40 0 
  6867.57 8.9000e-14   6918.31 0 
  6883.40 9.1245e-14   6934.26 0 
  6899.27 9.2051e-14   6950.24 0 
  6915.17 9.1802e-14   6966.26 0 
  6931.12 9.2399e-14   6982.33 0 
  6947.10 9.3862e-14   6998.42 0 
  6963.11 9.3607e-14   7014.55 0 
  6979.16 9.4869e-14   7030.72 0 
  6995.25 9.3313e-14   7046.93 0 
  7011.38 9.0941e-14   7063.18 0 
  7027.54 9.4749e-14   7079.46 0 
  7043.74 9.3409e-14   7095.78 0 
  7059.98 9.2088e-14   7112.14 0 
  7076.25 8.8924e-14   7128.53 0 
  7092.56 8.7264e-14   7144.96 0 
  7108.91 8.7629e-14   7161.43 0 
  7125.30 8.7591e-14   7177.94 0 
  7141.73 8.6352e-14   7194.49 0 
  7158.19 8.5130e-14   7211.08 0 
  7174.69 8.6277e-14   7227.70 0 
  7191.23 8.4083e-14   7244.36 0 
  7207.81 8.3276e-14   7261.06 0 
  7224.42 8.8578e-14   7277.80 0 
  7241.08 8.7124e-14   7294.57 0 
  7257.77 8.6885e-14   7311.39 0 
  7274.50 9.1150e-14   7328.25 0 
  7291.27 8.6609e-14   7345.14 0 
  7308.08 8.8791e-14   7362.07 0 
  7324.93 8.9367e-14   7379.04 0 
  7341.81 9.2254e-14   7396.05 0 
  7358.73 9.1157e-14   7413.10 0 
  7375.70 9.3024e-14   7430.19 0 
  7392.70 9.0448e-14   7447.32 0 
  7409.74 9.4668e-14   7464.49 0 
  7426.83 9.2685e-14   7481.70 0 
  7443.95 9.5238e-14   7498.94 0 
  7461.10 9.6076e-14   7516.23 0 
  7478.31 9.3630e-14   7533.56 0 
  7495.55 9.5547e-14   7550.92 0 
  7512.82 9.3544e-14   7568.33 0 
  7530.15 9.3717e-14   7585.78 0 
  7547.50 9.5635e-14   7603.26 0 
  7564.90 9.3200e-14   7620.79 0 
  7582.34 9.4019e-14   7638.36 0 
  7599.82 9.0785e-14   7655.97 0 
  7617.34 9.0534e-14   7673.61 0 
  7634.90 9.3027e-14   7691.30 0 
  7652.50 9.1076e-14   7709.04 0 
  7670.14 8.3599e-14   7726.81 0 
  7687.82 8.8307e-14   7744.62 0 
  7705.54 8.7658e-14   7762.47 0 
  7723.31 8.5622e-14   7780.37 0 
  7741.11 8.6772e-14   7798.30 0 
  7758.95 8.4367e-14   7816.28 0 
  7776.84 8.6490e-14   7834.30 0 
  7794.77 8.4871e-14   7852.36 0 
  7812.74 8.7006e-14   7870.46 0 
  7830.75 8.8174e-14   7888.60 0 
  7848.80 8.7323e-14   7906.79 0 
  7866.89 8.8699e-14   7925.01 0 
  7885.03 8.6439e-14   7943.28 0 
  7903.20 8.3656e-14   7961.59 0 
  7921.42 8.1900e-14   7979.95 0 
  7939.69 8.2617e-14   7998.34 0 
  7957.99 8.3533e-14   8016.78 0 
  7976.33 8.5831e-14   8035.26 0 
  7994.72 8.4029e-14   8053.78 0 
  8013.15 8.5549e-14   8072.35 0 
  8031.62 8.6099e-14   8090.96 0 
  8050.13 8.7858e-14   8109.61 0 
  8068.70 8.8017e-14   8128.31 0 
  8087.29 8.6566e-14   8147.04 0 
  8105.94 8.3393e-14   8165.82 0 
  8124.63 8.4316e-14   8184.65 0 
  8143.35 8.5053e-14   8203.52 0 
  8162.12 8.4231e-14   8222.43 0 
  8180.94 8.6946e-14   8241.38 0 
  8199.80 8.6503e-14   8260.38 0 
  8218.70 8.6658e-14   8279.42 0 
  8237.65 7.5091e-14   8298.51 0 
  8256.64 8.8178e-14   8317.64 0 
  8275.67 8.8540e-14   8336.81 0 
  8294.75 8.4317e-14   8356.03 0 
  8313.87 7.9926e-14   8375.29 0 
  8333.04 8.4036e-14   8394.60 0 
  8352.24 8.4379e-14   8413.95 0 
  8371.50 8.3755e-14   8433.35 0 
  8390.80 7.9393e-14   8452.79 0 
  8410.14 8.3091e-14   8472.27 0 
  8429.53 8.3047e-14   8491.80 0 
  8448.96 8.0001e-14   8511.38 0 
  8468.44 8.0698e-14   8531.00 0 
  8487.96 8.0841e-14   8550.67 0 
  8507.53 5.9211e-14   8570.38 0 
  8527.14 7.8014e-14   8590.14 0 
  8546.79 7.0784e-14   8609.94 0 
  8566.50 7.9014e-14   8629.79 0 
  8586.24 8.0625e-14   8649.68 0 
  8606.04 7.7846e-14   8669.62 0 
  8625.87 7.9799e-14   8689.60 0 
  8645.76 8.0494e-14   8709.64 0 
  8665.69 7.5601e-14   8729.71 0 
  8685.67 7.5560e-14   8749.84 0 
  8705.69 7.8714e-14   8770.01 0 
  8725.76 8.0133e-14   8790.23 0 
  8745.87 7.7727e-14   8810.49 0 
  8766.04 7.8765e-14   8830.80 0 
  8786.24 8.0927e-14   8851.16 0 
  8806.50 8.0325e-14   8871.56 0 
  8826.80 8.1023e-14   8892.01 0 
  8847.15 7.7690e-14   8912.51 0 
  8867.54 7.8545e-14   8933.05 0 
  8887.98 7.3600e-14   8953.65 0 
  8908.47 7.5793e-14   8974.29 0 
  8929.01 7.4883e-14   8994.98 0 
  8949.59 7.5533e-14   9015.71 0 
  8970.23 7.5144e-14   9036.50 0 
  8990.90 7.4584e-14   9057.33 0 
  9011.63 7.1350e-14   9078.20 0 
  9032.40 6.9686e-14   9099.13 0 
  9053.22 8.0149e-14   9120.11 0 
  9074.09 7.7919e-14   9141.13 0 
  9095.01 7.3349e-14   9162.20 0 
  9115.98 7.2301e-14   9183.33 0 
  9136.99 7.6364e-14   9204.50 0 
  9158.05 7.4754e-14   9225.71 0 
  9179.17 7.0694e-14   9246.98 0 
  9200.33 7.4839e-14   9268.30 0 
  9221.53 7.0773e-14   9289.66 0 
  9242.80 7.2213e-14   9311.08 0 
  9264.10 7.2170e-14   9332.54 0 
  9285.45 7.5006e-14   9354.06 0 
  9306.86 6.6350e-14   9375.62 0 
  9328.32 7.5610e-14   9397.23 0 
  9349.82 7.5391e-14   9418.90 0 
  9371.37 7.4141e-14   9440.61 0 
  9392.98 7.5127e-14   9462.37 0 
  9414.63 7.3711e-14   9484.18 0 
  9436.33 7.5382e-14   9506.05 0 
  9458.09 7.4303e-14   9527.96 0 
  9479.89 7.5812e-14   9549.93 0 
  9501.74 7.4212e-14   9571.94 0 
  9523.65 7.4681e-14   9594.01 0 
  9545.60 7.3104e-14   9616.12 0 
  9567.60 7.4075e-14   9638.29 0 
  9589.66 7.5232e-14   9660.51 0 
  9611.77 7.4154e-14   9682.78 0 
  9633.92 7.4450e-14   9705.10 0 
  9656.13 7.3214e-14   9727.47 0 
  9678.39 7.3168e-14   9749.90 0 
  9700.70 7.3969e-14   9772.37 0 
  9723.06 7.2073e-14   9794.90 0 
  9745.48 7.1862e-14   9817.48 0 
  9767.95 7.1982e-14   9840.11 0 
  9790.46 7.0949e-14   9862.79 0 
  9813.03 7.2556e-14   9885.53 0 
  9835.65 7.1844e-14   9908.32 0 
  9858.33 7.2130e-14   9931.16 0 
  9881.05 7.1587e-14   9954.05 0 
  9903.83 7.0560e-14   9977.00 0 
  9926.66 7.1166e-14  10000.00 0 
  9949.54 7.1120e-14  10023.05 0 
  9972.48 7.1074e-14  10046.15 0 
  9995.47 7.0701e-14  10069.31 0 
 10018.52 7.0655e-14  10092.53 0 
 10064.76 6.9594e-14  10139.12 0 
 10134.52 7.0098e-14  10209.39 0 
 10181.30 6.9204e-14  10256.52 0 
 10228.29 6.9270e-14  10303.86 0 
 10275.50 6.9176e-14  10351.42 0 
 10299.19 6.8812e-14  10375.28 0 
 10490.67 6.6264e-14  10568.18 0 
 10710.34 6.3334e-14  10789.47 0 
 10909.46 6.1043e-14  10990.06 0 
 11112.28 5.8430e-14  11194.37 0 
 11292.85 5.7100e-14  11376.28 0 
 11502.79 5.6446e-14  11587.78 0 
 11689.70 5.4782e-14  11776.06 0 
 11907.02 5.2922e-14  11994.99 0 
 12100.50 5.1717e-14  12189.90 0 
 12297.11 5.0773e-14  12387.96 0 
 12496.92 4.9276e-14  12589.25 0 
 12699.98 4.8044e-14  12793.81 0 
 12906.34 4.6842e-14  13001.69 0 
 13085.88 4.5987e-14  13182.56 0 
 13298.51 4.4528e-14  13396.76 0 
 13514.60 4.3715e-14  13614.44 0 
 13702.60 4.2819e-14  13803.84 0 
 13893.23 4.1270e-14  13995.87 0 
 14086.50 3.9595e-14  14190.57 0 
 14315.39 3.8872e-14  14421.15 0 
 14514.54 3.9051e-14  14621.77 0 
 14716.46 3.7639e-14  14825.18 0 
 14886.87 3.7987e-14  14996.85 0 
 15093.97 3.7987e-14  15205.48 0 
 15303.95 3.8515e-14  15417.01 0 
 15516.83 3.8075e-14  15631.47 0 
 15696.51 3.7380e-14  15812.48 0 
 15914.87 3.6111e-14  16032.45 0 
 16099.16 3.6194e-14  16218.10 0 
 16285.59 3.5862e-14  16405.90 0 
 16512.14 3.5207e-14  16634.13 0 
 16703.33 3.4724e-14  16826.73 0 
 16896.75 3.4091e-14  17021.58 0 
 17092.41 3.3238e-14  17218.69 0 
 17290.34 3.1889e-14  17418.08 0 
 17490.53 3.0877e-14  17619.75 0 
 17693.07 2.9623e-14  17823.79 0 
 17897.95 2.8552e-14  18030.18 0 
 18105.20 2.7267e-14  18238.96 0 
 18314.83 2.6463e-14  18450.14 0 
 18484.31 2.5564e-14  18620.87 0 
 18698.35 2.4414e-14  18836.49 0 
 18914.87 2.3694e-14  19054.62 0 
 19089.88 2.3208e-14  19230.91 0 
 19310.93 2.2368e-14  19453.60 0 
 19489.62 2.1460e-14  19633.61 0 
 19715.29 2.0780e-14  19860.94 0 
 19897.72 2.0074e-14  20044.72 0 
 20081.84 1.9708e-14  20230.20 0 
 20314.36 1.8995e-14  20464.44 0 
 20502.33 1.8648e-14  20653.80 0 
 20692.03 1.8098e-14  20844.90 0 
 20883.49 1.7646e-14  21037.78 0 
 21076.74 1.7284e-14  21232.45 0 
 21320.78 1.6851e-14  21478.29 0 
 21518.06 1.6430e-14  21677.04 0 
 21717.18 1.5872e-14  21877.62 0 
 21918.11 1.5547e-14  22080.04 0 
 22120.92 1.5088e-14  22284.35 0 
 22325.62 1.4643e-14  22490.56 0 
 22480.36 1.4277e-14  22646.44 0 
 22688.38 1.3888e-14  22856.00 0 
 22898.29 1.2435e-14  23067.47 0 
 23110.18 1.2292e-14  23280.92 0 
 23324.00 1.0731e-14  23496.32 0 
 23485.69 1.0107e-14  23659.20 0 
 23702.98 1.0248e-14  23878.10 0 
 23922.31 9.4110e-15  24099.05 0 
 24088.15 9.0915e-15  24266.11 0 
 24311.02 8.9874e-15  24490.63 0 
 24479.55 8.3875e-15  24660.40 0 
 24706.04 8.2725e-15  24888.57 0 
 24877.31 6.9604e-15  25061.10 0 
 25107.48 6.8649e-15  25292.97 0 
 25281.53 6.9125e-15  25468.31 0 
 25515.44 6.8649e-15  25703.95 0 
 25692.32 6.9765e-15  25882.13 0 
 25870.40 6.8334e-15  26061.53 0 
 26109.78 6.8020e-15  26302.68 0 
 26290.76 6.6319e-15  26484.99 0 
 26473.01 6.5409e-15  26668.59 0 
 26717.95 6.4067e-15  26915.34 0 
 26903.16 6.3043e-15  27101.92 0 
 27089.63 6.2035e-15  27289.77 0 
 27277.42 6.0623e-15  27478.95 0 
 27529.80 5.9653e-15  27733.19 0 
 27720.65 5.8296e-15  27925.45 0 
 27912.78 5.7363e-15  28119.00 0 
 28106.28 5.6187e-15  28313.93 0 
 28301.09 5.5161e-15  28510.18 0 
 28497.28 5.4030e-15  28707.82 0 
 28694.80 5.2800e-15  28906.80 0 
 28893.72 5.1836e-15  29107.19 0 
 29093.99 5.0890e-15  29308.93 0 
 29295.64 4.9732e-15  29512.08 0 
 29498.73 4.8712e-15  29716.66 0 
 29703.19 4.7823e-15  29922.63 0 
 29909.10 4.6842e-15  30130.07 0 
 30116.40 4.5987e-15  30338.90 0 
 30325.18 4.5044e-15  30549.22 0 
 30465.14 4.4426e-15  30690.22 0 
 30676.30 4.3715e-15  30902.94 0 
 30888.96 4.2918e-15  31117.17 0 
 31103.05 4.2231e-15  31332.84 0 
 31318.67 4.1556e-15  31550.05 0 
 31535.74 4.0798e-15  31768.73 0 
 31681.33 4.0053e-15  31915.39 0 
 31900.92 3.9413e-15  32136.60 0 
 32122.06 3.8782e-15  32359.38 0 
 32270.32 3.8075e-15  32508.74 0 
 32493.99 3.7466e-15  32734.06 0 
 32719.25 3.6782e-15  32960.98 0 
 32870.26 3.6028e-15  33113.11 0 
 33098.10 3.5452e-15  33342.62 0 
 33327.54 3.4724e-15  33573.76 0 
 33481.36 3.4169e-15  33728.72 0 
 33713.46 3.3546e-15  33962.54 0 
 33869.06 3.2858e-15  34119.29 0 
 34103.82 3.2184e-15  34355.78 0 
 34261.26 3.1669e-15  34514.38 0 
 34498.73 3.1020e-15  34753.61 0 
 34737.88 3.0453e-15  34994.53 0 
 34898.21 2.9898e-15  35156.04 0 
 35140.10 2.9284e-15  35399.71 0 
 35302.33 2.8684e-15  35563.14 0 
 35465.26 2.8160e-15  35727.28 0 
 35711.12 2.7583e-15  35974.95 0 
 35875.94 2.7079e-15  36140.99 0 
 36124.60 2.6585e-15  36391.49 0 
 36291.38 2.6100e-15  36559.50 0 
 36458.88 2.5564e-15  36728.23 0 
 36711.58 2.5040e-15  36982.80 0 
 36881.06 2.4470e-15  37153.54 0 
 37136.69 2.3968e-15  37411.05 0 
 37308.09 2.3585e-15  37583.72 0 
 37480.33 2.3048e-15  37757.23 0 
 37740.11 2.2680e-15  38018.93 0 
 37914.30 2.2266e-15  38194.41 0 
 38089.33 2.1859e-15  38370.73 0 
 38265.13 2.1460e-15  38547.83 0 
 38530.40 2.1069e-15  38815.06 0 
 38708.23 2.0636e-15  38994.21 0 
 38886.89 2.0260e-15  39174.18 0 
 39066.37 1.9890e-15  39354.99 0 
 39337.19 1.9527e-15  39627.81 0 
 39518.74 1.9082e-15  39810.71 0 
 39701.18 1.8734e-15  39994.50 0 
 39884.42 1.8308e-15  40179.09 0 
 40068.51 1.8057e-15  40364.54 0 
 40346.27 1.7727e-15  40644.35 0 
 40532.49 1.7363e-15  40831.95 0 
 40719.57 1.7086e-15  41020.40 0 
 40907.51 1.6774e-15  41209.73 0 
 41096.36 1.6506e-15  41399.98 0 
 41286.04 1.6242e-15  41591.06 0 
 41476.59 1.5945e-15  41783.02 0 
 41668.07 1.5654e-15  41975.91 0 
 41860.38 1.5404e-15  42169.65 0 
 42053.59 1.5088e-15  42364.28 0 
 42345.12 1.4915e-15  42657.96 0 
 42540.56 1.4643e-15  42854.85 0 
 42736.90 1.4409e-15  43052.64 0 
 42934.20 1.3792e-15  43251.40 0 
 43132.36 1.3202e-15  43451.02 0 
 43331.44 1.3171e-15  43651.57 0 
 43531.48 1.2637e-15  43853.09 0 
 43732.40 1.2349e-15  44055.49 0 
 43934.24 1.2124e-15  44258.83 0 
 44137.02 1.1712e-15  44463.10 0 
 44340.78 1.1498e-15  44668.37 0 
 44545.43 1.1314e-15  44874.54 0 
 44751.03 1.1006e-15  45081.65 0 
 44854.23 1.0930e-15  45185.62 0 
 45061.26 1.0706e-15  45394.17 0 
 45269.23 1.0487e-15  45603.68 0 
 45478.17 1.0390e-15  45814.16 0 
 45688.12 1.0248e-15  46025.67 0 
 45899.00 9.9457e-16  46238.10 0 
 46110.84 9.9228e-16  46451.51 0 
 46323.71 9.7417e-16  46665.95 0 
 46537.52 9.6080e-16  46881.34 0 
 46752.31 9.5419e-16  47097.72 0 
 46860.08 9.3677e-16  47206.28 0 
 47076.41 9.2180e-16  47424.21 0 
 47293.69 9.1756e-16  47643.10 0 
 47511.97 8.9874e-16  47862.99 0 
 47731.31 8.8845e-16  48083.95 0 
 47951.62 8.7828e-16  48305.88 0 
 48062.15 8.5829e-16  48417.23 0 
 48283.98 8.5829e-16  48640.70 0 
 48506.88 8.4069e-16  48865.25 0 
 48730.76 8.2725e-16  49090.79 0 
 48955.68 8.1402e-16  49317.36 0 
 49068.52 8.0285e-16  49431.04 0 
 49295.05 7.9366e-16  49659.24 0 
 49522.57 7.8097e-16  49888.45 0 
 49751.14 7.7381e-16  50118.70 0 
 49865.88 7.5969e-16  50234.29 0 
 50096.03 7.5099e-16  50466.14 0 
 50327.24 7.4069e-16  50699.06 0 
 50443.25 7.2717e-16  50815.93 0 
 50676.13 7.1884e-16  51050.52 0 
 50792.94 7.1390e-16  51168.20 0 
 50910.02 7.1225e-16  51286.14 0 
 51027.37 7.0410e-16  51404.36 0 
 51144.99 6.9765e-16  51522.85 0 
 51262.89 6.9444e-16  51641.62 0 
 51381.11 6.8807e-16  51760.71 0 
 51499.54 6.8177e-16  51880.02 0 
 51618.25 6.7863e-16  51999.61 0 
 51737.24 6.7551e-16  52119.47 0 
 51856.49 6.6778e-16  52239.61 0 
 51976.03 6.6166e-16  52360.03 0 
 52095.83 6.5711e-16  52480.72 0 
 52215.98 6.5258e-16  52601.75 0 
 52336.34 6.4660e-16  52723.00 0 
 52456.98 6.4215e-16  52844.53 0 
 52577.89 6.3920e-16  52966.34 0 
 52699.09 6.3626e-16  53088.43 0 
 52820.57 6.3043e-16  53210.80 0 
 52942.38 6.2321e-16  53333.52 0 
 53064.42 6.1750e-16  53456.46 0 
 53186.73 6.1325e-16  53579.68 0 
 53309.33 6.1043e-16  53703.18 0 
 53432.22 6.0623e-16  53826.97 0 
 53555.38 6.0067e-16  53951.05 0 
 53678.83 5.9653e-16  54075.41 0 
 53802.62 5.9243e-16  54200.11 0 
 53926.64 5.8835e-16  54325.05 0 
 54050.95 5.8430e-16  54450.27 0 
 54175.54 5.7894e-16  54575.79 0 
 54300.41 5.7363e-16  54701.59 0 
 54425.58 5.6837e-16  54827.68 0 
 54551.04 5.6576e-16  54954.06 0 
 54676.84 5.6058e-16  55080.79 0 
 54802.87 5.5544e-16  55207.76 0 
 54929.20 5.5161e-16  55335.02 0 
 55055.81 5.4656e-16  55462.57 0 
 55182.72 5.4279e-16  55590.41 0 
 55309.92 5.4155e-16  55718.55 0 
 55437.47 5.3658e-16  55847.05 0 
 55565.26 5.2922e-16  55975.78 0 
 55693.35 5.2800e-16  56104.81 0 
 55821.72 5.2437e-16  56234.13 0 
 55950.40 5.1836e-16  56363.76 0 
 56079.37 5.1480e-16  56493.68 0 
 56208.63 5.1125e-16  56623.90 0 
 56338.26 5.0540e-16  56754.48 0 
 56468.12 5.0308e-16  56885.31 0 
 56598.29 4.9961e-16  57016.43 0 
 56728.75 4.9618e-16  57147.86 0 
 56859.51 4.9050e-16  57279.59 0 
 56990.57 4.8600e-16  57411.62 0 
 57122.01 4.8377e-16  57544.02 0 
 57253.68 4.8154e-16  57676.67 0 
 57385.65 4.7713e-16  57809.62 0 
 57517.93 4.7275e-16  57942.87 0 
 57650.51 4.6842e-16  58076.43 0 
 57783.40 4.6519e-16  58210.30 0 
 57916.60 4.6199e-16  58344.48 0 
 58050.16 4.5881e-16  58479.04 0 
 58183.97 4.5356e-16  58613.83 0 
 58318.09 4.5044e-16  58748.94 0 
 58452.52 4.4734e-16  58884.36 0 
 58587.25 4.4426e-16  59020.09 0 
 58722.30 4.3917e-16  59156.14 0 
 58857.66 4.3615e-16  59292.50 0 
 58993.40 4.3215e-16  59429.24 0 
 59129.38 4.2918e-16  59566.23 0 
 59265.68 4.2622e-16  59703.53 0 
 59402.29 4.2231e-16  59841.15 0 
 59539.21 4.1844e-16  59979.09 0 
 59676.46 4.1556e-16  60117.35 0 
 59814.08 4.1270e-16  60255.99 0 
 59951.96 4.0986e-16  60394.88 0 
 60090.15 4.0517e-16  60534.10 0 
 60228.66 4.0238e-16  60673.63 0 
 60367.49 3.9961e-16  60813.49 0 
 60506.64 3.9594e-16  60953.67 0 
 60646.12 3.9232e-16  61094.17 0 
 60785.98 3.8961e-16  61235.06 0 
 60926.09 3.8604e-16  61376.21 0 
 61066.53 3.8250e-16  61517.69 0 
 61207.30 3.7987e-16  61659.50 0 
 61348.38 3.7639e-16  61801.62 0 
 61489.80 3.7466e-16  61944.08 0 
 61631.60 3.7122e-16  62086.93 0 
 61773.67 3.6867e-16  62230.05 0 
 61916.06 3.6529e-16  62373.50 0 
 62058.78 3.6277e-16  62517.27 0 
 62201.83 3.5945e-16  62661.38 0 
 62345.21 3.5615e-16  62805.82 0 
 62488.92 3.5289e-16  62950.59 0 
 62633.03 3.4965e-16  63095.76 0 
 62777.40 3.4724e-16  63241.20 0 
 62922.11 3.4485e-16  63386.98 0 
 63067.15 3.4169e-16  63533.09 0 
 63212.52 3.3934e-16  63679.54 0 
 63358.23 3.3700e-16  63826.32 0 
 63504.35 3.3315e-16  63973.52 0 
 63650.73 3.3085e-16  64120.98 0 
 63797.45 3.2858e-16  64268.79 0 
 63944.51 3.2556e-16  64416.93 0 
 64091.90 3.2258e-16  64565.41 0 
 64239.64 3.1962e-16  64714.24 0 
 64387.72 3.1742e-16  64863.41 0 
 64536.21 3.1379e-16  65013.00 0 
 64684.97 3.1163e-16  65162.86 0 
 64834.07 3.0948e-16  65313.06 0 
 64983.52 3.0664e-16  65463.61 0 
 65133.31 3.0383e-16  65614.52 0 
 65283.44 3.0174e-16  65765.76 0 
 65433.93 2.9897e-16  65917.35 0 
 65584.83 2.9692e-16  66069.37 0 
 65736.01 2.9419e-16  66221.66 0 
 65887.54 2.9150e-16  66374.31 0 
 66039.41 2.8883e-16  66527.31 0 
 66191.63 2.8684e-16  66680.66 0 
 66344.21 2.8421e-16  66834.36 0 
 66497.21 2.8160e-16  66988.49 0 
 66650.49 2.7902e-16  67142.91 0 
 66804.13 2.7710e-16  67297.68 0 
 66958.12 2.7456e-16  67452.80 0 
 67112.46 2.7267e-16  67608.29 0 
 67267.16 2.7017e-16  67764.12 0 
 67422.21 2.6769e-16  67920.33 0 
 67577.70 2.6585e-16  68076.96 0 
 67733.48 2.6341e-16  68233.89 0 
 67889.60 2.6100e-16  68391.17 0 
 68046.10 2.5860e-16  68548.82 0 
 68202.94 2.5682e-16  68706.83 0 
 68360.16 2.5447e-16  68865.20 0 
 68517.81 2.5272e-16  69024.02 0 
 68675.75 2.5040e-16  69183.12 0 
 68834.05 2.4810e-16  69342.59 0 
 68992.71 2.4640e-16  69502.43 0 
 69151.75 2.4414e-16  69662.64 0 
 69311.15 2.4190e-16  69823.22 0 
 69470.91 2.3968e-16  69984.16 0 
 69631.13 2.3748e-16  70145.56 0 
 69791.63 2.3585e-16  70307.25 0 
 69952.50 2.3369e-16  70469.31 0 
 70113.75 2.3208e-16  70631.75 0 
 70275.37 2.2995e-16  70794.56 0 
 70437.36 2.2784e-16  70957.75 0 
 70599.80 2.2575e-16  71121.39 0 
 70762.53 2.2420e-16  71285.33 0 
 70925.65 2.2214e-16  71449.65 0 
 71089.14 2.2011e-16  71614.34 0 
 71253.00 2.1809e-16  71779.42 0 
 71417.24 2.1659e-16  71944.88 0 
 71581.87 2.1460e-16  72110.72 0 
 71746.95 2.1313e-16  72277.02 0 
 71912.33 2.1117e-16  72443.62 0 
 72078.10 2.0924e-16  72610.61 0 
 72244.24 2.0732e-16  72777.98 0 
 72410.76 2.0589e-16  72945.73 0 
 72577.68 2.0400e-16  73113.88 0 
 72744.97 2.0213e-16  73282.41 0 
 72912.73 2.0074e-16  73451.41 0 
 73080.81 1.9890e-16  73620.73 0 
 73249.26 1.9708e-16  73790.43 0 
 73418.11 1.9527e-16  73960.52 0 
 73587.34 1.9393e-16  74131.01 0 
 73756.97 1.9215e-16  74301.88 0 
 73927.06 1.9039e-16  74473.23 0 
 74097.47 1.8908e-16  74644.90 0 
 74268.27 1.8734e-16  74816.96 0 
 74439.46 1.8562e-16  74989.42 0 
 74611.05 1.8392e-16  75162.27 0 
 74783.03 1.8224e-16  75335.53 0 
 74955.42 1.8098e-16  75509.19 0 
 75128.27 1.7932e-16  75683.32 0 
 75301.45 1.7809e-16  75857.78 0 
 75475.02 1.7646e-16  76032.63 0 
 75649.00 1.7484e-16  76207.90 0 
 75823.38 1.7363e-16  76383.56 0 
 75998.16 1.7204e-16  76559.63 0 
 76173.42 1.7086e-16  76736.19 0 
 76349.00 1.6929e-16  76913.07 0 
 76524.99 1.6774e-16  77090.36 0 
 76701.39 1.6620e-16  77268.06 0 
 76878.20 1.6506e-16  77446.17 0 
 77055.40 1.6354e-16  77624.69 0 
 77233.02 1.6204e-16  77803.62 0 
 77411.13 1.6056e-16  77983.05 0 
 77589.57 1.5909e-16  78162.80 0 
 77768.42 1.5799e-16  78342.98 0 
 77947.69 1.5654e-16  78523.56 0 
 78127.36 1.5511e-16  78704.56 0 
 78307.45 1.5369e-16  78885.98 0 
 78487.95 1.5263e-16  79067.82 0 
 78668.96 1.5123e-16  79250.16 0 
 78850.30 1.4984e-16  79432.84 0 
 79032.05 1.4847e-16  79615.94 0 
 79214.23 1.4711e-16  79799.46 0 
 79396.82 1.4609e-16  79983.41 0 
 79579.84 1.4673e-16  80167.77 0 
 79763.36 1.4583e-16  80352.65 0 
 79947.22 1.4492e-16  80537.87 0 
 80131.50 1.4400e-16  80723.52 0 
 80316.21 1.4309e-16  80909.59 0 
 80501.35 1.4217e-16  81096.09 0 
 80686.91 1.4125e-16  81283.02 0 
 80872.89 1.4033e-16  81470.38 0 
 81059.41 1.3943e-16  81658.27 0 
 81246.25 1.3857e-16  81846.50 0 
 81433.53 1.3771e-16  82035.16 0 
 81621.24 1.3685e-16  82224.26 0 
 81809.38 1.3599e-16  82413.79 0 
 81997.96 1.3512e-16  82603.76 0 
 82187.06 1.3425e-16  82794.26 0 
 82376.50 1.3338e-16  82985.10 0 
 82566.39 1.3251e-16  83176.39 0 
 82756.71 1.3168e-16  83368.12 0 
 82947.47 1.3087e-16  83560.29 0 
 83138.67 1.3005e-16  83752.90 0 
 83330.32 1.2923e-16  83945.96 0 
 83522.49 1.2841e-16  84139.55 0 
 83715.01 1.2759e-16  84333.50 0 
 83907.98 1.2677e-16  84527.89 0 
 84101.39 1.2595e-16  84722.73 0 
 84295.26 1.2513e-16  84918.03 0 
 84489.56 1.2436e-16  85113.77 0 
 84684.41 1.2359e-16  85310.05 0 
 84879.61 1.2281e-16  85506.70 0 
 85075.27 1.2204e-16  85703.80 0 
 85271.37 1.2126e-16  85901.35 0 
 85467.93 1.2049e-16  86099.37 0 
 85664.94 1.1971e-16  86297.83 0 
 85862.40 1.1892e-16  86496.75 0 
 86060.41 1.1817e-16  86696.23 0 
 86258.79 1.1744e-16  86896.07 0 
 86457.62 1.1671e-16  87096.37 0 
 86656.91 1.1598e-16  87297.13 0 
 86856.66 1.1525e-16  87498.36 0 
 87056.87 1.1451e-16  87700.05 0 
 87257.54 1.1377e-16  87902.20 0 
 87458.78 1.1303e-16  88104.92 0 
 87660.37 1.1229e-16  88308.01 0 
 87862.44 1.1160e-16  88511.57 0 
 88064.97 1.1091e-16  88715.59 0 
 88267.96 1.1022e-16  88920.09 0 
 88471.43 1.0952e-16  89125.05 0 
 88675.46 1.0883e-16  89330.59 0 
 88879.86 1.0813e-16  89536.51 0 
 89084.73 1.0743e-16  89742.89 0 
 89290.08 1.0673e-16  89949.76 0 
 89495.91 1.0605e-16  90157.10 0 
 89702.19 1.0539e-16  90364.91 0 
 89908.96 1.0474e-16  90573.21 0 
 90116.31 1.0408e-16  90782.09 0 
 90324.04 1.0343e-16  90991.35 0 
 90532.24 1.0277e-16  91201.09 0 
 90740.93 1.0211e-16  91411.32 0 
 90950.08 1.0144e-16  91622.02 0 
 91159.73 1.0078e-16  91833.22 0 
 91369.97 1.0015e-16  92045.01 0 
 91580.57 9.9531e-17  92257.17 0 
 91791.68 9.8911e-17  92469.84 0 
 92003.26 9.8290e-17  92682.98 0 
 92215.34 9.7667e-17  92896.62 0 
 92427.90 9.7043e-17  93110.76 0 
 92640.95 9.6417e-17  93325.38 0 
 92854.60 9.5790e-17  93540.61 0 
 93068.64 9.5166e-17  93756.23 0 
 93283.17 9.4581e-17  93972.34 0 
 93498.19 9.3995e-17  94188.95 0 
 93713.71 9.3407e-17  94406.07 0 
 93929.73 9.2818e-17  94623.68 0 
 94146.35 9.2228e-17  94841.90 0 
 94363.36 9.1636e-17  95060.52 0 
 94580.87 9.1043e-17  95279.63 0 
 94798.89 9.0449e-17  95499.27 0 
 95017.41 8.9875e-17  95719.40 0 
 95236.43 8.9321e-17  95940.04 0 
 95455.96 8.8766e-17  96161.19 0 
 95676.09 8.8209e-17  96382.95 0 
 95896.63 8.7651e-17  96605.12 0 
 96117.68 8.7091e-17  96827.80 0 
 96339.24 8.6531e-17  97050.99 0 
 96561.31 8.5969e-17  97274.70 0 
 96783.89 8.5406e-17  97498.93 0 
 97006.98 8.4878e-17  97723.67 0 
 97230.70 8.4353e-17  97949.04 0 
 97454.82 8.3826e-17  98174.82 0 
 97679.46 8.3299e-17  98401.12 0 
 97904.62 8.2770e-17  98627.94 0 
 98130.29 8.2240e-17  98855.28 0 
 98356.49 8.1709e-17  99083.15 0 
 98583.32 8.1176e-17  99311.66 0 
 98810.57 8.0654e-17  99540.58 0 
 99038.33 8.0158e-17  99770.02 0 
 99266.62 7.9660e-17 100000.00 0 
 99495.44 7.9161e-17 100230.51 0 
 99724.78 7.8661e-17 100461.55 0 
 99954.65 7.8160e-17 100693.12 0 
100185.17 7.7658e-17 100925.34 0 
100416.09 7.7154e-17 101157.97 0 
100647.56 7.6650e-17 101391.15 0 
100879.56 7.6170e-17 101624.86 0 
101112.10 7.5699e-17 101859.12 0 
101345.17 7.5228e-17 102093.91 0 
101578.89 7.4755e-17 102329.35 0 
101813.03 7.4281e-17 102565.23 0 
102047.72 7.3806e-17 102801.65 0 
102282.95 7.3331e-17 103038.62 0 
102518.72 7.2854e-17 103276.12 0 
102755.03 7.2379e-17 103514.19 0 
102991.89 7.1934e-17 103752.79 0 
103229.40 7.1488e-17 103992.06 0 
103467.36 7.1042e-17 104231.77 0 
103705.85 7.0594e-17 104472.03 0 
103944.91 7.0145e-17 104712.85 0 
104184.50 6.9695e-17 104954.22 0 
104424.66 6.9244e-17 105196.15 0 
104665.37 6.8792e-17 105438.63 0 
104906.74 6.8355e-17 105681.79 0 
105148.56 6.7934e-17 105925.40 0 
105390.93 6.7511e-17 106169.56 0 
105633.87 6.7088e-17 106414.29 0 
105877.36 6.6663e-17 106659.59 0 
106121.41 6.6238e-17 106905.44 0 
106366.15 6.5811e-17 107151.98 0 
106611.33 6.5384e-17 107398.98 0 
106857.08 6.4956e-17 107646.54 0 
107103.39 6.4554e-17 107894.67 0 
107350.27 6.4155e-17 108143.38 0 
107597.72 6.3755e-17 108392.66 0 
107845.74 6.3353e-17 108642.51 0 
108094.45 6.2951e-17 108893.05 0 
108343.62 6.2548e-17 109144.06 0 
108593.36 6.2144e-17 109395.65 0 
108843.68 6.1739e-17 109647.81 0 
109094.56 6.1342e-17 109900.55 0 
109346.03 6.0965e-17 110153.88 0 
109598.21 6.0586e-17 110407.92 0 
109850.84 6.0207e-17 110662.41 0 
110104.05 5.9826e-17 110917.50 0 
110357.85 5.9445e-17 111173.17 0 
110612.23 5.9063e-17 111429.44 0 
110867.20 5.8680e-17 111686.29 0 
111122.76 5.8297e-17 111943.73 0 
111379.03 5.7931e-17 112201.90 0 
111635.77 5.7574e-17 112460.53 0 
111893.09 5.7215e-17 112719.76 0 
112151.01 5.6856e-17 112979.59 0 
112409.53 5.6495e-17 113240.01 0 
112668.64 5.6134e-17 113501.04 0 
112928.47 5.5772e-17 113762.79 0 
113188.78 5.5409e-17 114025.02 0 
113449.69 5.5048e-17 114287.86 0 
113711.20 5.4710e-17 114551.30 0 
113973.31 5.4371e-17 114815.34 0 
114236.03 5.4031e-17 115080.01 0 
114499.35 5.3691e-17 115345.27 0 
114763.41 5.3349e-17 115611.28 0 
115027.95 5.3007e-17 115877.77 0 
115293.09 5.2664e-17 116144.88 0 
115558.85 5.2320e-17 116412.60 0 
115825.22 5.1988e-17 116680.94 0 
116092.21 5.1668e-17 116949.90 0 
116359.81 5.1346e-17 117219.48 0 
116628.16 5.1024e-17 117489.80 0 
116896.99 5.0701e-17 117760.62 0 
117166.44 5.0378e-17 118032.07 0 
117436.52 5.0053e-17 118304.14 0 
117707.22 4.9728e-17 118576.84 0 
117978.55 4.9403e-17 118850.17 0 
118250.62 4.9097e-17 119124.26 0 
118523.20 4.8794e-17 119398.85 0 
118796.40 4.8489e-17 119674.07 0 
119070.24 4.8184e-17 119949.93 0 
119344.70 4.7878e-17 120226.42 0 
119619.80 4.7571e-17 120503.55 0 
119895.53 4.7264e-17 120781.32 0 
120172.04 4.6956e-17 121059.87 0 
120449.04 4.6654e-17 121338.91 0 
120726.68 4.6367e-17 121618.61 0 
121004.97 4.6079e-17 121898.95 0 
121283.89 4.5791e-17 122179.94 0 
121563.46 4.5501e-17 122461.57 0 
121843.80 4.5211e-17 122743.98 0 
122124.66 4.4921e-17 123026.92 0 
122406.17 4.4630e-17 123310.51 0 
122688.32 4.4338e-17 123594.74 0 
122971.13 4.4060e-17 123879.64 0 
123254.59 4.3788e-17 124165.20 0 
123538.69 4.3515e-17 124451.40 0 
123823.60 4.3242e-17 124738.41 0 
124109.02 4.2968e-17 125025.94 0 
124395.10 4.2693e-17 125314.13 0 
124681.84 4.2418e-17 125602.99 0 
124969.24 4.2142e-17 125892.52 0 
125257.30 4.1868e-17 126182.70 0 
125546.17 4.1610e-17 126473.70 0 
125835.56 4.1352e-17 126765.23 0 
126125.62 4.1094e-17 127057.44 0 
126416.35 4.0835e-17 127350.31 0 
126707.75 4.0575e-17 127643.87 0 
126999.82 4.0315e-17 127938.09 0 
127292.56 4.0054e-17 128233.00 0 
127586.12 3.9792e-17 128528.73 0 
127880.21 3.9540e-17 128824.99 0 
128174.99 3.9296e-17 129121.95 0 
128470.44 3.9052e-17 129419.58 0 
128766.57 3.8807e-17 129717.90 0 
129063.39 3.8561e-17 130016.91 0 
129360.89 3.8315e-17 130316.61 0 
129659.22 3.8068e-17 130617.14 0 
129958.10 3.7821e-17 130918.23 0 
130257.66 3.7574e-17 131220.00 0 
130557.91 3.7341e-17 131522.47 0 
130858.86 3.7110e-17 131825.64 0 
131160.49 3.6879e-17 132129.50 0 
131462.97 3.6647e-17 132434.22 0 
131766.00 3.6414e-17 132739.48 0 
132069.74 3.6181e-17 133045.47 0 
132374.16 3.5947e-17 133352.14 0 
132679.30 3.5713e-17 133659.53 0 
132985.13 3.5483e-17 133967.62 0 
133291.66 3.5265e-17 134276.42 0 
133599.06 3.5046e-17 134586.09 0 
133907.02 3.4826e-17 134896.33 0 
134215.68 3.4606e-17 135207.27 0 
134525.07 3.4386e-17 135518.94 0 
134835.15 3.4165e-17 135831.31 0 
135145.95 3.3944e-17 136144.41 0 
135457.63 3.3722e-17 136458.39 0 
135769.87 3.3510e-17 136772.94 0 
136082.82 3.3303e-17 137088.20 0 
136396.51 3.3096e-17 137404.20 0 
136710.90 3.2888e-17 137720.92 0 
137026.04 3.2680e-17 138038.39 0 
137341.90 3.2471e-17 138356.58 0 
137658.62 3.2261e-17 138675.64 0 
137975.93 3.2051e-17 138995.30 0 
138293.99 3.1843e-17 139315.70 0 
138612.76 3.1647e-17 139636.83 0 
138932.27 3.1451e-17 139958.70 0 
139252.51 3.1254e-17 140281.31 0 
139573.50 3.1057e-17 140604.67 0 
139895.39 3.0860e-17 140928.94 0 
140217.85 3.0662e-17 141253.78 0 
140541.07 3.0463e-17 141579.39 0 
140865.02 3.0264e-17 141905.73 0 
141189.73 3.0072e-17 142232.84 0 
141515.19 2.9887e-17 142560.70 0 
141841.54 2.9701e-17 142889.47 0 
142168.49 2.9515e-17 143218.83 0 
142496.21 2.9328e-17 143548.97 0 
142824.67 2.9141e-17 143879.86 0 
143153.89 2.8953e-17 144211.52 0 
143483.86 2.8765e-17 144543.92 0 
143814.61 2.8577e-17 144877.11 0 
144146.27 2.8400e-17 145211.22 0 
144478.53 2.8225e-17 145545.94 0 
144811.57 2.8048e-17 145881.44 0 
145145.37 2.7872e-17 146217.70 0 
145479.94 2.7695e-17 146554.75 0 
145815.28 2.7518e-17 146892.56 0 
146151.56 2.7340e-17 147231.33 0 
146488.45 2.7162e-17 147570.70 0 
146826.11 2.6987e-17 147910.86 0 
147164.56 2.6821e-17 148251.81 0 
147503.79 2.6654e-17 148593.55 0 
147843.79 2.6487e-17 148936.06 0 
148184.59 2.6320e-17 149279.38 0 
148526.31 2.6152e-17 149623.62 0 
148868.69 2.5984e-17 149968.53 0 
149211.84 2.5816e-17 150314.22 0 
149555.78 2.5647e-17 150660.70 0 
149900.52 2.5487e-17 151007.98 0 
150246.04 2.5329e-17 151356.06 0 
150592.55 2.5171e-17 151705.12 0 
150939.67 2.5013e-17 152054.81 0 
151287.60 2.4855e-17 152405.31 0 
151636.32 2.4696e-17 152756.61 0 
151985.85 2.4537e-17 153108.72 0 
152336.20 2.4377e-17 153461.66 0 
152687.34 2.4218e-17 153815.39 0 
153039.45 2.4069e-17 154170.11 0 
153392.22 2.3920e-17 154525.48 0 
153745.81 2.3771e-17 154881.69 0 
154100.21 2.3621e-17 155238.70 0 
154455.41 2.3471e-17 155596.53 0 
154811.44 2.3320e-17 155955.19 0 
155168.30 2.3169e-17 156314.69 0 
155526.14 2.3018e-17 156675.17 0 
155884.64 2.2872e-17 157036.31 0 
156243.97 2.2731e-17 157398.30 0 
156604.12 2.2589e-17 157761.11 0 
156965.11 2.2448e-17 158124.77 0 
157326.92 2.2306e-17 158489.25 0 
157689.74 2.2163e-17 158854.75 0 
158053.22 2.2021e-17 159220.92 0 
158417.55 2.1878e-17 159587.94 0 
158782.71 2.1734e-17 159955.80 0 
159148.72 2.1600e-17 160324.52 0 
159515.56 2.1466e-17 160694.06 0 
159883.27 2.1332e-17 161064.48 0 
160251.98 2.1198e-17 161435.92 0 
160621.38 2.1064e-17 161808.05 0 
160991.63 2.0929e-17 162181.03 0 
161362.71 2.0794e-17 162554.86 0 
161734.67 2.0658e-17 162929.56 0 
162107.47 2.0525e-17 163305.12 0 
162481.32 2.0399e-17 163681.73 0 
162855.85 2.0272e-17 164059.03 0 
163231.25 2.0145e-17 164437.20 0 
163607.50 2.0018e-17 164816.23 0 
163984.64 1.9891e-17 165196.16 0 
164362.63 1.9763e-17 165576.94 0 
164741.50 1.9635e-17 165958.61 0 
165121.43 1.9506e-17 166341.34 0 
165502.04 1.9384e-17 166724.77 0 
165883.53 1.9264e-17 167109.08 0 
166265.91 1.9144e-17 167494.28 0 
166649.16 1.9024e-17 167880.36 0 
167033.30 1.8903e-17 168267.34 0 
167418.50 1.8783e-17 168655.39 0 
167804.42 1.8661e-17 169044.16 0 
168191.22 1.8540e-17 169433.81 0 
168578.91 1.8419e-17 169824.38 0 
168967.50 1.8306e-17 170215.83 0 
169356.98 1.8193e-17 170608.19 0 
169747.36 1.8079e-17 171001.45 0 
170138.83 1.7965e-17 171395.81 0 
170531.01 1.7851e-17 171790.89 0 
170924.09 1.7736e-17 172186.88 0 
171318.08 1.7621e-17 172583.78 0 
171712.99 1.7506e-17 172981.61 0 
172108.80 1.7395e-17 173380.34 0 
172505.51 1.7288e-17 173779.98 0 
172903.34 1.7180e-17 174180.75 0 
173301.90 1.7073e-17 174582.25 0 
173701.38 1.6965e-17 174984.69 0 
174101.77 1.6856e-17 175388.03 0 
174503.08 1.6748e-17 175792.31 0 
174905.33 1.6639e-17 176197.53 0 
175308.69 1.6530e-17 176603.88 0 
175712.79 1.6428e-17 177010.95 0 
176117.83 1.6326e-17 177418.98 0 
176523.78 1.6225e-17 177827.94 0 
176930.68 1.6122e-17 178237.84 0 
177338.53 1.6020e-17 178648.70 0 
177747.30 1.5918e-17 179060.50 0 
178157.21 1.5815e-17 179473.44 0 
178567.88 1.5712e-17 179887.14 0 
178979.50 1.5611e-17 180301.80 0 
179392.06 1.5514e-17 180717.41 0 
179805.57 1.5418e-17 181133.97 0 
180220.03 1.5322e-17 181551.50 0 
180635.65 1.5225e-17 181970.19 0 
181052.03 1.5128e-17 182389.64 0 
181469.37 1.5031e-17 182810.06 0 
181887.67 1.4933e-17 183231.45 0 
182306.93 1.4836e-17 183653.81 0 
182727.15 1.4743e-17 184077.14 0 
183148.35 1.4652e-17 184501.45 0 
183570.73 1.4560e-17 184926.95 0 
183993.87 1.4469e-17 185353.22 0 
184417.99 1.4377e-17 185780.47 0 
184843.08 1.4285e-17 186208.70 0 
185269.17 1.4193e-17 186637.94 0 
185696.22 1.4101e-17 187068.14 0 
186124.26 1.4009e-17 187499.34 0 
186553.49 1.3923e-17 187931.75 0 
186983.52 1.3837e-17 188364.95 0 
187414.52 1.3750e-17 188799.14 0 
187846.53 1.3663e-17 189234.34 0 
188279.52 1.3577e-17 189670.53 0 
188713.53 1.3489e-17 190107.75 0 
189148.73 1.3402e-17 190546.16 0 
189584.74 1.3315e-17 190985.39 0 
190021.74 1.3230e-17 191425.62 0 
190459.76 1.3149e-17 191866.88 0 
190898.78 1.3067e-17 192309.14 0 
191338.81 1.2985e-17 192752.42 0 
191779.86 1.2903e-17 193196.73 0 
192222.14 1.2820e-17 193642.28 0 
192665.23 1.2738e-17 194088.64 0 
193109.34 1.2655e-17 194536.03 0 
193554.46 1.2572e-17 194984.44 0 
194000.61 1.2494e-17 195433.89 0 
194447.81 1.2417e-17 195884.39 0 
194896.23 1.2340e-17 196336.12 0 
195345.49 1.2262e-17 196788.70 0 
195795.77 1.2184e-17 197242.31 0 
196247.10 1.2106e-17 197696.97 0 
196699.46 1.2028e-17 198152.67 0 
197152.86 1.1950e-17 198609.42 0 
197607.31 1.1873e-17 199067.23 0 
198063.02 1.1800e-17 199526.31 0 
198519.57 1.1726e-17 199986.23 0 
198977.18 1.1653e-17 200447.22 0 
199435.83 1.1579e-17 200909.27 0 
199895.55 1.1506e-17 201372.38 0 
200356.33 1.1432e-17 201836.56 0 
200818.39 1.1358e-17 202302.03 0 
201281.28 1.1283e-17 202768.34 0 
201745.24 1.1213e-17 203235.73 0 
202210.29 1.1143e-17 203704.22 0 
202676.39 1.1074e-17 204173.77 0 
203143.58 1.1004e-17 204644.41 0 
203611.84 1.0935e-17 205116.12 0 
204081.40 1.0865e-17 205589.16 0 
204551.82 1.0795e-17 206063.05 0 
205023.33 1.0724e-17 206538.05 0 
205495.92 1.0655e-17 207014.12 0 
205969.61 1.0589e-17 207491.31 0 
206444.38 1.0524e-17 207969.59 0 
206920.26 1.0458e-17 208448.98 0 
207397.45 1.0392e-17 208929.70 0 
207875.51 1.0326e-17 209411.30 0 
208354.68 1.0259e-17 209894.00 0 
208834.96 1.0193e-17 210377.83 0 
209316.32 1.0127e-17 210862.75 0 
209798.82 1.0062e-17 211348.81 0 
210282.65 1.0000e-17 211836.22 0 
210767.37 9.9380e-18 212324.52 0 
211253.20 9.8757e-18 212813.94 0 
211740.15 9.8132e-18 213304.48 0 
212228.23 9.7506e-18 213796.17 0 
212717.43 9.6878e-18 214288.98 0 
213207.76 9.6249e-18 214782.94 0 
213699.45 9.5619e-18 215278.27 0 
214192.05 9.5028e-18 215774.50 0 
214685.78 9.4440e-18 216271.88 0 
215180.64 9.3850e-18 216770.39 0 
215676.64 9.3260e-18 217270.06 0 
216173.80 9.2668e-18 217770.89 0 
216672.33 9.2074e-18 218273.11 0 
217171.77 9.1479e-18 218776.23 0 
217672.37 9.0883e-18 219280.53 0 
218174.11 9.0299e-18 219785.98 0 
218677.02 8.9743e-18 220292.61 0 
219181.10 8.9186e-18 220800.41 0 
219686.32 8.8628e-18 221309.36 0 
220192.95 8.8068e-18 221819.73 0 
220700.51 8.7507e-18 222331.05 0 
221209.25 8.6944e-18 222843.55 0 
221719.14 8.6381e-18 223357.20 0 
222230.23 8.5816e-18 223872.06 0 
222742.49 8.5278e-18 224388.11 0 
223256.16 8.4752e-18 224905.58 0 
223770.78 8.4224e-18 225424.00 0 
224286.60 8.3694e-18 225943.62 0 
224803.59 8.3164e-18 226464.44 0 
225321.78 8.2633e-18 226986.45 0 
225841.16 8.2100e-18 227509.67 0 
226361.75 8.1566e-18 228034.11 0 
226883.77 8.1034e-18 228559.98 0 
227406.75 8.0536e-18 229086.83 0 
227930.94 8.0037e-18 229614.89 0 
228456.34 7.9537e-18 230144.17 0 
228982.95 7.9036e-18 230674.67 0 
229510.77 7.8533e-18 231206.39 0 
230039.81 7.8029e-18 231739.34 0 
230570.33 7.7524e-18 232273.78 0 
231101.81 7.7018e-18 232809.19 0 
231634.51 7.6529e-18 233345.83 0 
232168.44 7.6057e-18 233883.70 0 
232703.60 7.5584e-18 234422.81 0 
233240.01 7.5110e-18 234963.19 0 
233777.90 7.4635e-18 235505.05 0 
234316.77 7.4159e-18 236047.91 0 
234856.89 7.3681e-18 236592.02 0 
235398.25 7.3203e-18 237137.38 0 
235940.85 7.2724e-18 237683.98 0 
236484.73 7.2274e-18 238231.88 0 
237029.84 7.1827e-18 238781.02 0 
237576.46 7.1379e-18 239331.67 0 
238124.10 7.0929e-18 239883.36 0 
238672.98 7.0479e-18 240436.30 0 
239223.15 7.0028e-18 240990.53 0 
239774.58 6.9576e-18 241546.03 0 
240327.27 6.9122e-18 242102.81 0 
240881.51 6.8677e-18 242661.14 0 
241436.75 6.8255e-18 243220.48 0 
241993.28 6.7831e-18 243781.12 0 
242551.10 6.7406e-18 244343.06 0 
243110.20 6.6981e-18 244906.30 0 
243670.57 6.6554e-18 245470.81 0 
244232.25 6.6126e-18 246036.64 0 
244795.50 6.5698e-18 246604.05 0 
245359.77 6.5268e-18 247172.48 0 
245925.34 6.4859e-18 247742.23 0 
246492.21 6.4459e-18 248313.30 0 
247060.39 6.4057e-18 248885.67 0 
247629.89 6.3655e-18 249459.38 0 
248200.70 6.3251e-18 250034.41 0 
248773.08 6.2847e-18 250611.02 0 
249346.53 6.2442e-18 251188.70 0 
249921.28 6.2035e-18 251767.70 0 
255742.56 5.8205e-18 257631.98 0 
261699.72 5.4628e-18 263633.16 0 
267795.62 5.1266e-18 269774.09 0 
274033.22 4.8106e-18 276057.78 0 
280416.41 4.5136e-18 282488.12 0 
286948.00 4.2344e-18 289067.97 0 
293632.02 3.9726e-18 295801.38 0 
300471.43 3.7286e-18 302691.31 0 
307470.47 3.4992e-18 309742.06 0 
314632.18 3.2835e-18 316956.69 0 
321961.07 3.0808e-18 324339.72 0 
329460.32 2.8903e-18 331894.38 0 
337134.62 2.7114e-18 339625.38 0 
344987.30 5.6576e-18 347536.06 0 
