# An Atlas of Galaxy Spectral Energy Distributions from the Ultraviolet to the Mid-Infrared
# Brown et al. (2014)
# http://dx.doi.org/10.5072/03/529D3551F0117
# 
# Column 1 : Restframe Wavelength (Angstrom)
# Column 2 : Flux per unit wavelength (ergs/s/cm^2/Angstrom)
# Column 3 : Observed wavelength (Angstrom)
# Column 4 : Source (0 = model, 1 = Optical Spectrum, 2 = Akari, 3 = Spitzer IRS)
# 
   100.11 1.7988e-26    103.04 0 
   101.97 2.7859e-26    104.95 0 
   104.10 3.9172e-26    107.15 0 
   106.04 5.6230e-26    109.14 0 
   108.01 8.1653e-26    111.17 0 
   110.02 1.3835e-25    113.24 0 
   113.88 2.5761e-25    117.22 0 
   117.88 4.4563e-25    121.34 0 
   120.91 1.8071e-24    124.45 0 
   124.87 2.9105e-24    128.53 0 
   126.90 3.5973e-24    130.62 0 
   128.07 4.0455e-24    131.83 0 
   131.06 5.4196e-24    134.90 0 
   131.96 6.6676e-24    135.83 0 
   134.11 8.0162e-24    138.04 0 
   136.92 1.1802e-23    140.93 0 
   140.11 1.5310e-23    144.21 0 
   143.04 4.1973e-23    147.23 0 
   147.05 1.1194e-22    151.36 0 
   151.17 1.4824e-22    155.60 0 
   155.04 1.9632e-22    159.59 0 
   159.02 2.5761e-22    163.68 0 
   161.98 3.1331e-22    166.72 0 
   166.13 4.0735e-22    171.00 0 
   170.00 5.1638e-22    174.98 0 
   173.16 6.1655e-22    178.24 0 
   177.20 7.6908e-22    182.39 0 
   180.08 9.0359e-22    185.35 0 
   182.16 1.0069e-21    187.50 0 
   185.98 1.2359e-21    191.43 0 
   191.19 1.5775e-21    196.79 0 
   193.85 1.8322e-21    199.53 0 
   197.90 2.1977e-21    203.70 0 
   202.05 2.6301e-21    207.97 0 
   204.86 2.9990e-21    210.86 0 
   210.11 3.5397e-21    216.27 0 
   216.00 4.6770e-21    222.33 0 
   220.02 5.4698e-21    226.46 0 
   223.08 6.0530e-21    229.61 0 
   227.23 7.0465e-21    233.88 0 
   229.86 1.1507e-20    236.59 0 
   234.13 2.1626e-20    240.99 0 
   240.14 3.0477e-20    247.17 0 
   245.73 3.3340e-20    252.93 0 
   252.03 3.9900e-20    259.42 0 
   256.72 3.7322e-20    264.24 0 
   260.29 4.5601e-20    267.92 0 
   263.91 5.1519e-20    271.64 0 
   268.82 5.6490e-20    276.69 0 
   273.81 6.1655e-20    281.84 0 
   278.91 6.6984e-20    287.08 0 
   284.09 7.2941e-20    292.42 0 
   290.04 7.6554e-20    298.54 0 
   296.11 8.5698e-20    304.79 0 
   300.92 9.0985e-20    309.74 0 
   307.93 1.0162e-19    316.96 0 
   318.02 1.1830e-19    327.34 0 
   327.68 1.3365e-19    337.29 0 
   337.64 1.4927e-19    347.54 0 
   347.90 1.6481e-19    358.10 0 
   356.83 1.7987e-19    367.28 0 
   365.98 1.9632e-19    376.70 0 
   375.37 2.1133e-19    386.37 0 
   385.00 2.2283e-19    396.28 0 
   394.87 2.4659e-19    406.44 0 
   405.00 2.6605e-19    416.87 0 
   414.44 2.8182e-19    426.58 0 
   422.14 2.9510e-19    434.51 0 
   429.99 3.0830e-19    442.59 0 
   441.02 3.3035e-19    453.94 0 
   451.29 3.4671e-19    464.52 0 
   459.68 3.6305e-19    473.15 0 
   470.39 3.8192e-19    484.17 0 
   480.24 4.0269e-19    494.31 0 
   490.29 4.1973e-19    504.66 0 
   500.56 4.4460e-19    515.23 0 
   506.36 5.3947e-19    521.19 0 
   512.22 1.2105e-18    527.23 0 
   520.54 1.3001e-18    535.80 0 
   530.22 1.4092e-18    545.76 0 
   540.08 1.4157e-18    555.90 0 
   550.12 2.0275e-18    566.24 0 
   560.35 2.5059e-18    576.77 0 
   569.45 2.9307e-18    586.14 0 
   580.04 2.9038e-18    597.04 0 
   589.46 3.7066e-18    606.74 0 
   600.42 3.9534e-18    618.02 0 
   610.18 4.8750e-18    628.06 0 
   620.09 5.7939e-18    638.26 0 
   630.17 6.5009e-18    648.63 0 
   640.41 6.7916e-18    659.17 0 
   649.32 7.9978e-18    668.34 0 
   658.35 8.7492e-18    677.64 0 
   664.44 9.4835e-18    683.91 0 
   675.24 9.9305e-18    695.02 0 
   684.63 1.0069e-17    704.69 0 
   695.76 1.3427e-17    716.14 0 
   705.43 1.3061e-17    726.11 0 
   715.25 1.6367e-17    736.21 0 
   725.20 1.7497e-17    746.45 0 
   735.29 1.8577e-17    756.83 0 
   745.51 2.1576e-17    767.36 0 
   754.15 2.3603e-17    776.25 0 
   764.64 2.5643e-17    787.05 0 
   775.28 2.8574e-17    797.99 0 
   784.25 3.1621e-17    807.24 0 
   795.16 3.3726e-17    818.46 0 
   804.37 3.5890e-17    827.94 0 
   815.56 3.7929e-17    839.46 0 
   825.00 4.2557e-17    849.18 0 
   834.56 3.5890e-17    859.01 0 
   844.22 4.6663e-17    868.96 0 
   855.97 4.9087e-17    881.05 0 
   865.88 5.3823e-17    891.25 0 
   875.90 5.8880e-17    901.57 0 
   884.01 6.5158e-17    909.91 0 
   894.24 6.9979e-17    920.45 0 
   904.60 7.1445e-17    931.11 0 
   915.07 1.1375e-16    941.89 0 
   925.67 8.1653e-16    952.80 0 
   934.24 1.8322e-15    961.61 0 
   945.05 3.5807e-15    972.75 0 
   956.00 5.1047e-15    984.01 0 
   964.84 5.9425e-15    993.12 0 
   976.01 1.0069e-15   1004.62 0 
   985.05 5.3576e-15   1013.91 0 
   994.16 5.6490e-15   1023.29 0 
  1005.67 8.1278e-15   1035.14 0 
  1014.98 7.8699e-15   1044.72 0 
  1024.37 3.3882e-15   1054.39 0 
  1033.85 5.7540e-15   1064.14 0 
  1045.82 1.0889e-14   1076.47 0 
  1055.50 1.0789e-14   1086.43 0 
  1065.26 8.7291e-15   1096.48 0 
  1075.12 1.0446e-14   1106.62 0 
  1085.07 8.4717e-15   1116.86 0 
  1095.11 1.1194e-14   1127.20 0 
  1105.24 1.0690e-14   1137.63 0 
  1115.47 1.0375e-14   1148.15 0 
  1125.79 9.3319e-15   1158.78 0 
  1136.20 1.1912e-14   1169.50 0 
  1144.08 1.0939e-14   1177.61 0 
  1154.67 1.1694e-14   1188.50 0 
  1165.35 1.2133e-14   1199.50 0 
  1176.13 8.4912e-15   1210.60 0 
  1184.29 1.2133e-14   1218.99 0 
  1195.24 8.8506e-15   1230.27 0 
  1206.30 6.4561e-15   1241.65 0 
  1214.66 4.1588e-15   1250.26 0 
  1225.90 8.7694e-15   1261.83 0 
  1234.40 1.2941e-14   1270.57 0 
  1245.82 1.4027e-14   1282.33 0 
  1254.46 1.3489e-14   1291.22 0 
  1266.07 1.2022e-14   1303.17 0 
  1274.84 1.4824e-14   1312.20 0 
  1283.68 1.5345e-14   1321.30 0 
  1295.56 1.2302e-14   1333.52 0 
  1304.54 1.2559e-14   1342.77 0 
  1313.58 1.5345e-14   1352.07 0 
  1325.73 1.4621e-14   1364.58 0 
  1334.92 1.3243e-14   1374.04 0 
  1344.18 1.5416e-14   1383.57 0 
  1353.49 1.5100e-14   1393.16 0 
  1366.02 1.3739e-14   1406.05 0 
  1375.49 1.4255e-14   1415.79 0 
  1385.02 1.4520e-14   1425.61 0 
  1394.62 1.2387e-14   1435.49 0 
  1404.29 1.3061e-14   1445.44 0 
  1414.02 1.3708e-14   1455.46 0 
  1423.82 1.3995e-14   1465.55 0 
  1433.69 1.4190e-14   1475.71 0 
  1443.63 1.4858e-14   1485.94 0 
  1446.96 1.4927e-14   1489.36 0 
  1453.64 1.4621e-14   1496.24 0 
  1463.71 1.3676e-14   1506.61 0 
  1473.86 1.3803e-14   1517.05 0 
  1484.08 1.3931e-14   1527.57 0 
  1494.36 1.4124e-14   1538.15 0 
  1504.72 1.3334e-14   1548.82 0 
  1511.67 1.1967e-14   1555.97 0 
  1518.65 1.2734e-14   1563.15 0 
  1525.66 1.2676e-14   1570.36 0 
  1536.23 1.1142e-14   1581.25 0 
  1543.32 1.1830e-14   1588.55 0 
  1554.02 1.1376e-14   1599.56 0 
  1564.79 1.1884e-14   1610.65 0 
  1575.64 1.2647e-14   1621.81 0 
  1586.56 1.3121e-14   1633.05 0 
  1593.88 1.3365e-14   1640.59 0 
  1604.93 1.3273e-14   1651.96 0 
  1616.06 1.3365e-14   1663.41 0 
  1623.52 1.2882e-14   1671.09 0 
  1634.77 1.3739e-14   1682.67 0 
  1646.10 1.3867e-14   1694.34 0 
  1653.70 1.3182e-14   1702.16 0 
  1665.16 1.4190e-14   1713.96 0 
  1672.85 1.3273e-14   1721.87 0 
  1676.70 1.4288e-14   1725.84 0 
  1684.44 1.4688e-14   1733.80 0 
  1696.12 1.3963e-14   1745.82 0 
  1703.95 1.3520e-14   1753.88 0 
  1715.76 1.2822e-14   1766.04 0 
  1723.68 1.2793e-14   1774.19 0 
  1735.63 1.3582e-14   1786.49 0 
  1743.64 1.3304e-14   1794.73 0 
  1755.72 1.3995e-14   1807.17 0 
  1763.83 1.3212e-14   1815.52 0 
  1776.06 1.3273e-14   1828.10 0 
  1784.25 1.3614e-14   1836.54 0 
  1796.62 1.4288e-14   1849.27 0 
  1804.91 1.4387e-14   1857.80 0 
  1813.24 1.3182e-14   1866.38 0 
  1825.81 1.3676e-14   1879.32 0 
  1834.24 1.3243e-14   1887.99 0 
  1846.96 1.2274e-14   1901.08 0 
  1855.48 1.2189e-14   1909.85 0 
  1864.04 1.2559e-14   1918.67 0 
  1876.97 1.3645e-14   1931.97 0 
  1885.63 1.2473e-14   1940.89 0 
  1894.33 1.1830e-14   1949.84 0 
  1903.08 1.2852e-14   1958.84 0 
  1916.27 1.2217e-14   1972.42 0 
  1925.11 1.1967e-14   1981.53 0 
  1934.00 1.2617e-14   1990.67 0 
  1942.93 1.3001e-14   1999.86 0 
  1956.39 1.2050e-14   2013.72 0 
  1965.42 1.3212e-14   2023.02 0 
  1974.50 1.3708e-14   2032.36 0 
  1983.61 1.2911e-14   2041.74 0 
  1992.77 1.2647e-14   2051.16 0 
  2006.58 1.3151e-14   2065.38 0 
  2015.84 1.2852e-14   2074.91 0 
  2025.15 1.3551e-14   2084.49 0 
  2034.49 1.2647e-14   2094.11 0 
  2043.88 1.3031e-14   2103.78 0 
  2053.32 1.2502e-14   2113.49 0 
  2062.80 1.2734e-14   2123.24 0 
  2072.32 1.3520e-14   2133.04 0 
  2077.09 1.2588e-14   2137.96 0 
  2086.68 1.3182e-14   2147.83 0 
  2096.31 1.2531e-14   2157.74 0 
  2105.99 1.2882e-14   2167.70 0 
  2115.71 1.3001e-14   2177.71 0 
  2125.48 1.3212e-14   2187.76 0 
  2135.29 1.2705e-14   2197.86 0 
  2145.14 1.2617e-14   2208.01 0 
  2155.04 1.3151e-14   2218.20 0 
  2164.99 1.2941e-14   2228.44 0 
  2174.98 1.2852e-14   2238.72 0 
  2185.02 1.2588e-14   2249.05 0 
  2195.11 1.3031e-14   2259.44 0 
  2205.24 1.2822e-14   2269.86 0 
  2215.42 1.2502e-14   2280.34 0 
  2225.65 1.2133e-14   2290.87 0 
  2235.92 1.2619e-14   2301.44 0 
  2246.24 1.2397e-14   2312.07 0 
  2256.61 1.2039e-14   2322.74 0 
  2267.03 1.2328e-14   2333.46 0 
  2277.49 1.2508e-14   2344.23 0 
  2282.74 1.2686e-14   2349.63 0 
  2293.28 1.2123e-14   2360.48 0 
  2303.86 1.2188e-14   2371.37 0 
  2314.50 1.1809e-14   2382.32 0 
  2325.18 9.8066e-15   2393.32 0 
  2335.91 1.1345e-14   2404.36 0 
  2346.69 1.1275e-14   2415.46 0 
  2357.53 1.1653e-14   2426.61 0 
  2362.96 1.1235e-14   2432.20 0 
  2373.87 1.1347e-14   2443.43 0 
  2384.82 1.0995e-14   2454.71 0 
  2395.83 1.1442e-14   2466.04 0 
  2406.89 1.1087e-14   2477.42 0 
  2412.44 1.1219e-14   2483.13 0 
  2423.57 1.1489e-14   2494.60 0 
  2434.76 1.1132e-14   2506.11 0 
  2446.00 1.1532e-14   2517.68 0 
  2457.29 1.1434e-14   2529.30 0 
  2462.95 1.1386e-14   2535.13 0 
  2474.32 1.1135e-14   2546.83 0 
  2485.74 1.1429e-14   2558.59 0 
  2497.22 1.0674e-14   2570.40 0 
  2502.97 1.1547e-14   2576.32 0 
  2514.53 1.0884e-14   2588.21 0 
  2520.32 1.1297e-14   2594.18 0 
  2526.13 1.0942e-14   2600.16 0 
  2537.79 1.0976e-14   2612.16 0 
  2543.64 1.0779e-14   2618.18 0 
  2555.39 1.1167e-14   2630.27 0 
  2567.18 1.1072e-14   2642.41 0 
  2573.10 1.1413e-14   2648.50 0 
  2584.97 1.1369e-14   2660.72 0 
  2596.91 1.1352e-14   2673.01 0 
  2602.89 1.1123e-14   2679.17 0 
  2614.91 1.1055e-14   2691.54 0 
  2626.98 1.1192e-14   2703.96 0 
  2633.03 1.1299e-14   2710.19 0 
  2645.19 1.1679e-14   2722.70 0 
  2657.40 1.1715e-14   2735.27 0 
  2663.52 1.1217e-14   2741.57 0 
  2675.82 1.1488e-14   2754.23 0 
  2681.98 1.1439e-14   2760.58 0 
  2694.36 1.1162e-14   2773.32 0 
  2706.80 1.1248e-14   2786.12 0 
  2713.04 1.1022e-14   2792.54 0 
  2725.56 1.1030e-14   2805.43 0 
  2738.14 1.1270e-14   2818.38 0 
  2744.46 1.0620e-14   2824.88 0 
  2757.12 1.0677e-14   2837.92 0 
  2763.48 1.0830e-14   2844.46 0 
  2776.24 1.1091e-14   2857.59 0 
  2782.64 1.0968e-14   2864.18 0 
  2795.48 1.0034e-14   2877.40 0 
  2801.92 1.0439e-14   2884.03 0 
  2814.86 1.1067e-14   2897.34 0 
  2827.85 1.1101e-14   2910.72 0 
  2834.37 1.0729e-14   2917.43 0 
  2847.45 1.0664e-14   2930.89 0 
  2854.02 1.0619e-14   2937.65 0 
  2867.19 1.0951e-14   2951.21 0 
  2873.80 1.0880e-14   2958.01 0 
  2887.06 1.0889e-14   2971.67 0 
  2893.72 1.0843e-14   2978.52 0 
  2907.08 1.1079e-14   2992.27 0 
  2927.23 1.0916e-14   3013.01 0 
  2947.52 1.0780e-14   3033.89 0 
  2967.95 1.0818e-14   3054.92 0 
  2988.52 1.0757e-14   3076.10 0 
  3009.24 1.0746e-14   3097.42 0 
  3030.10 1.0760e-14   3118.89 0 
  3051.10 1.0700e-14   3140.51 0 
  3072.25 1.0665e-14   3162.28 0 
  3093.54 1.0605e-14   3184.20 0 
  3107.82 1.0566e-14   3198.90 0 
  3129.37 1.0459e-14   3221.07 0 
  3151.06 1.0449e-14   3243.40 0 
  3172.90 1.0390e-14   3265.88 0 
  3187.55 1.0116e-14   3280.95 0 
  3209.64 1.0247e-14   3303.70 0 
  3231.89 1.0074e-14   3326.60 0 
  3246.81 1.0200e-14   3341.95 0 
  3269.31 1.0261e-14   3365.12 0 
  3291.97 1.0204e-14   3388.44 0 
  3307.17 1.0143e-14   3404.08 0 
  3322.43 1.0365e-14   3419.79 0 
  3330.09 1.0370e-14   3427.68 0 
  3337.77 1.0233e-14   3435.58 0 
  3345.46 1.0074e-14   3443.50 0 
  3353.18 1.0125e-14   3451.44 0 
  3360.91 1.0014e-14   3459.39 0 
  3368.65 1.0042e-14   3467.37 0 
  3376.42 9.6384e-15   3475.36 0 
  3384.20 9.9589e-15   3483.37 0 
  3392.00 1.0149e-14   3491.40 0 
  3399.82 1.0414e-14   3499.45 0 
  3407.66 9.8815e-15   3507.52 0 
  3415.52 9.9777e-15   3515.60 0 
  3423.39 1.0262e-14   3523.71 0 
  3431.28 1.0243e-14   3531.83 0 
  3439.19 1.0225e-14   3539.97 0 
  3447.12 9.8369e-15   3548.13 0 
  3455.07 9.7513e-15   3556.31 0 
  3463.03 9.5779e-15   3564.51 0 
  3471.01 9.7832e-15   3572.73 0 
  3479.01 9.6314e-15   3580.96 0 
  3487.04 9.7252e-15   3589.22 0 
  3495.07 9.8425e-15   3597.49 0 
  3503.13 9.7346e-15   3605.79 0 
  3511.21 9.6500e-15   3614.10 0 
  3519.30 9.6992e-15   3622.43 0 
  3527.41 9.6371e-15   3630.78 0 
  3535.55 9.8664e-15   3639.15 0 
  3543.70 1.0009e-14   3647.54 0 
  3551.86 1.0037e-14   3655.95 0 
  3560.05 9.9037e-15   3664.37 0 
  3568.26 9.7053e-15   3672.82 0 
  3576.48 9.3588e-15   3681.29 0 
  3584.73 9.2137e-15   3689.78 0 
  3585.53 9.7472e-15   3690.60 1 
  3588.20 1.0286e-14   3693.35 1 
  3590.87 1.0161e-14   3696.10 1 
  3593.54 9.5947e-15   3698.85 1 
  3596.22 1.0173e-14   3701.60 1 
  3598.89 9.7505e-15   3704.35 1 
  3601.56 8.9639e-15   3707.10 1 
  3604.23 8.2201e-15   3709.85 1 
  3606.90 8.6393e-15   3712.60 1 
  3609.58 9.6112e-15   3715.35 1 
  3612.25 9.6066e-15   3718.10 1 
  3614.92 9.9007e-15   3720.85 1 
  3617.59 9.6278e-15   3723.60 1 
  3620.26 9.3250e-15   3726.35 1 
  3622.93 8.6084e-15   3729.10 1 
  3625.61 9.9645e-15   3731.85 1 
  3628.28 1.0030e-14   3734.60 1 
  3630.95 1.0263e-14   3737.35 1 
  3633.62 1.0147e-14   3740.10 1 
  3636.29 9.2297e-15   3742.85 1 
  3638.96 9.4147e-15   3745.60 1 
  3641.64 8.7885e-15   3748.35 1 
  3644.31 9.0516e-15   3751.10 1 
  3646.98 9.3878e-15   3753.85 1 
  3649.65 9.7715e-15   3756.60 1 
  3652.32 9.6279e-15   3759.35 1 
  3654.99 9.1025e-15   3762.10 1 
  3657.67 8.8527e-15   3764.85 1 
  3660.34 8.7098e-15   3767.60 1 
  3663.01 9.2581e-15   3770.35 1 
  3665.68 9.2301e-15   3773.10 1 
  3668.35 9.6439e-15   3775.85 1 
  3671.02 9.6919e-15   3778.60 1 
  3673.70 9.1176e-15   3781.35 1 
  3676.37 9.1877e-15   3784.10 1 
  3679.04 9.8162e-15   3786.85 1 
  3681.71 8.9445e-15   3789.60 1 
  3684.38 9.7327e-15   3792.35 1 
  3687.05 9.0253e-15   3795.10 1 
  3689.73 8.8678e-15   3797.85 1 
  3692.40 9.5935e-15   3800.60 1 
  3695.07 9.2378e-15   3803.35 1 
  3697.74 9.3520e-15   3806.10 1 
  3700.41 9.2535e-15   3808.85 1 
  3703.08 9.0957e-15   3811.60 1 
  3705.76 9.1124e-15   3814.35 1 
  3708.43 9.4677e-15   3817.10 1 
  3711.10 9.0513e-15   3819.85 1 
  3713.77 9.4004e-15   3822.60 1 
  3716.44 1.0823e-14   3825.35 1 
  3719.12 1.4575e-14   3828.10 1 
  3721.79 2.3105e-14   3830.85 1 
  3724.46 3.3691e-14   3833.60 1 
  3727.13 3.7503e-14   3836.35 1 
  3729.80 3.1718e-14   3839.10 1 
  3732.47 2.1868e-14   3841.85 1 
  3735.15 1.3400e-14   3844.60 1 
  3737.82 1.0042e-14   3847.35 1 
  3740.49 9.1066e-15   3850.10 1 
  3743.16 9.2889e-15   3852.85 1 
  3745.83 9.0804e-15   3855.60 1 
  3748.50 9.3944e-15   3858.35 1 
  3751.18 9.4870e-15   3861.10 1 
  3753.85 9.2065e-15   3863.85 1 
  3756.52 9.8384e-15   3866.60 1 
  3759.19 9.8938e-15   3869.35 1 
  3761.86 1.0022e-14   3872.10 1 
  3764.53 9.4446e-15   3874.85 1 
  3767.21 9.4559e-15   3877.60 1 
  3769.88 9.8486e-15   3880.35 1 
  3772.55 1.0040e-14   3883.10 1 
  3775.22 1.0654e-14   3885.85 1 
  3777.89 1.0925e-14   3888.60 1 
  3780.56 1.1285e-14   3891.35 1 
  3783.24 1.0727e-14   3894.10 1 
  3785.91 1.1164e-14   3896.85 1 
  3788.58 1.0936e-14   3899.60 1 
  3791.25 9.6344e-15   3902.35 1 
  3793.92 9.5103e-15   3905.10 1 
  3796.59 9.7988e-15   3907.85 1 
  3799.27 1.0068e-14   3910.60 1 
  3801.94 9.5197e-15   3913.35 1 
  3804.61 9.7890e-15   3916.10 1 
  3807.28 1.0491e-14   3918.85 1 
  3809.95 1.1385e-14   3921.60 1 
  3812.62 1.1553e-14   3924.35 1 
  3815.30 1.1036e-14   3927.10 1 
  3817.97 1.0977e-14   3929.85 1 
  3820.64 1.0688e-14   3932.60 1 
  3823.31 1.0082e-14   3935.35 1 
  3825.98 1.0065e-14   3938.10 1 
  3828.66 1.0353e-14   3940.85 1 
  3831.33 9.7934e-15   3943.60 1 
  3834.00 9.2273e-15   3946.35 1 
  3836.67 9.7214e-15   3949.10 1 
  3839.34 1.0026e-14   3951.85 1 
  3842.01 1.0330e-14   3954.60 1 
  3844.69 1.1113e-14   3957.35 1 
  3847.36 1.1625e-14   3960.10 1 
  3850.03 1.1762e-14   3962.85 1 
  3852.70 1.1760e-14   3965.60 1 
  3855.37 1.1612e-14   3968.35 1 
  3858.04 1.1870e-14   3971.10 1 
  3860.72 1.2101e-14   3973.85 1 
  3863.39 1.2344e-14   3976.60 1 
  3866.06 1.2943e-14   3979.35 1 
  3868.73 1.2318e-14   3982.10 1 
  3871.40 1.1762e-14   3984.85 1 
  3874.07 1.1491e-14   3987.60 1 
  3876.75 1.0924e-14   3990.35 1 
  3879.42 1.0661e-14   3993.10 1 
  3882.09 1.0717e-14   3995.85 1 
  3884.76 1.0643e-14   3998.60 1 
  3887.43 1.0679e-14   4001.35 1 
  3890.10 1.1072e-14   4004.10 1 
  3892.78 1.0842e-14   4006.85 1 
  3895.45 1.0476e-14   4009.60 1 
  3898.12 1.0754e-14   4012.35 1 
  3900.79 1.1018e-14   4015.10 1 
  3903.46 1.1159e-14   4017.85 1 
  3906.13 1.1797e-14   4020.60 1 
  3908.81 1.1900e-14   4023.35 1 
  3911.48 1.2124e-14   4026.10 1 
  3914.15 1.1549e-14   4028.85 1 
  3916.82 1.1576e-14   4031.60 1 
  3919.49 1.1854e-14   4034.35 1 
  3922.16 1.1245e-14   4037.10 1 
  3924.84 1.0884e-14   4039.85 1 
  3927.51 1.1119e-14   4042.60 1 
  3930.18 1.0248e-14   4045.35 1 
  3932.85 1.0106e-14   4048.10 1 
  3935.52 1.0565e-14   4050.85 1 
  3938.20 1.0785e-14   4053.60 1 
  3940.87 1.0535e-14   4056.35 1 
  3943.54 1.1566e-14   4059.10 1 
  3946.21 1.2111e-14   4061.85 1 
  3948.88 1.2255e-14   4064.60 1 
  3951.55 1.1559e-14   4067.35 1 
  3954.23 1.1455e-14   4070.10 1 
  3956.90 1.1457e-14   4072.85 1 
  3959.57 1.1030e-14   4075.60 1 
  3962.24 1.1100e-14   4078.35 1 
  3964.91 1.0876e-14   4081.10 1 
  3967.58 1.0807e-14   4083.85 1 
  3970.26 1.0440e-14   4086.60 1 
  3972.93 1.0605e-14   4089.35 1 
  3975.60 1.0323e-14   4092.10 1 
  3978.27 1.0267e-14   4094.85 1 
  3980.94 1.0932e-14   4097.60 1 
  3983.61 1.1470e-14   4100.35 1 
  3986.29 1.1917e-14   4103.10 1 
  3988.96 1.1940e-14   4105.85 1 
  3991.63 1.2226e-14   4108.60 1 
  3994.30 1.2660e-14   4111.35 1 
  3996.97 1.2866e-14   4114.10 1 
  3999.64 1.2250e-14   4116.85 1 
  4002.32 1.2390e-14   4119.60 1 
  4004.99 1.2247e-14   4122.35 1 
  4007.66 1.2075e-14   4125.10 1 
  4010.33 1.1877e-14   4127.85 1 
  4013.00 1.1933e-14   4130.60 1 
  4015.67 1.2444e-14   4133.35 1 
  4018.35 1.2745e-14   4136.10 1 
  4021.02 1.2667e-14   4138.85 1 
  4023.69 1.2279e-14   4141.60 1 
  4026.36 1.1739e-14   4144.35 1 
  4029.03 1.2230e-14   4147.10 1 
  4031.71 1.2347e-14   4149.85 1 
  4034.38 1.2075e-14   4152.60 1 
  4037.05 1.2270e-14   4155.35 1 
  4039.72 1.2150e-14   4158.10 1 
  4042.39 1.2087e-14   4160.85 1 
  4045.06 1.1836e-14   4163.60 1 
  4047.74 1.2012e-14   4166.35 1 
  4050.41 1.1930e-14   4169.10 1 
  4053.08 1.1838e-14   4171.85 1 
  4055.75 1.2139e-14   4174.60 1 
  4058.42 1.2173e-14   4177.35 1 
  4061.09 1.1964e-14   4180.10 1 
  4063.77 1.2514e-14   4182.85 1 
  4066.44 1.2259e-14   4185.60 1 
  4069.11 1.2589e-14   4188.35 1 
  4071.78 1.2383e-14   4191.10 1 
  4074.45 1.1722e-14   4193.85 1 
  4077.12 1.1625e-14   4196.60 1 
  4079.80 1.1443e-14   4199.35 1 
  4082.47 1.1365e-14   4202.10 1 
  4085.14 1.1693e-14   4204.85 1 
  4087.81 1.1651e-14   4207.60 1 
  4090.48 1.1102e-14   4210.35 1 
  4093.15 1.1138e-14   4213.10 1 
  4095.83 1.1756e-14   4215.85 1 
  4098.50 1.2776e-14   4218.60 1 
  4101.17 1.3218e-14   4221.35 1 
  4103.84 1.2333e-14   4224.10 1 
  4106.51 1.1563e-14   4226.85 1 
  4109.18 1.1229e-14   4229.60 1 
  4111.86 1.1088e-14   4232.35 1 
  4114.53 1.1134e-14   4235.10 1 
  4117.20 1.1267e-14   4237.85 1 
  4119.87 1.1085e-14   4240.60 1 
  4122.54 1.1112e-14   4243.35 1 
  4125.21 1.1335e-14   4246.10 1 
  4127.89 1.1207e-14   4248.85 1 
  4130.56 1.1508e-14   4251.60 1 
  4133.23 1.1754e-14   4254.35 1 
  4135.90 1.1864e-14   4257.10 1 
  4138.57 1.1624e-14   4259.85 1 
  4141.25 1.1583e-14   4262.60 1 
  4143.92 1.1429e-14   4265.35 1 
  4146.59 1.1216e-14   4268.10 1 
  4149.26 1.1697e-14   4270.85 1 
  4151.93 1.1660e-14   4273.60 1 
  4154.60 1.1570e-14   4276.35 1 
  4157.28 1.1784e-14   4279.10 1 
  4159.95 1.1452e-14   4281.85 1 
  4162.62 1.1542e-14   4284.60 1 
  4165.29 1.1603e-14   4287.35 1 
  4167.96 1.1216e-14   4290.10 1 
  4170.63 1.1264e-14   4292.85 1 
  4173.31 1.1349e-14   4295.60 1 
  4175.98 1.1422e-14   4298.35 1 
  4178.65 1.1492e-14   4301.10 1 
  4181.32 1.1695e-14   4303.85 1 
  4183.99 1.1617e-14   4306.60 1 
  4186.66 1.1996e-14   4309.35 1 
  4189.34 1.1523e-14   4312.10 1 
  4192.01 1.1604e-14   4314.85 1 
  4194.68 1.1910e-14   4317.60 1 
  4197.35 1.1341e-14   4320.35 1 
  4200.02 1.1140e-14   4323.10 1 
  4202.69 1.1624e-14   4325.85 1 
  4205.37 1.1784e-14   4328.60 1 
  4208.04 1.1722e-14   4331.35 1 
  4210.71 1.1807e-14   4334.10 1 
  4213.38 1.1389e-14   4336.85 1 
  4216.05 1.1446e-14   4339.60 1 
  4218.72 1.1571e-14   4342.35 1 
  4221.40 1.1437e-14   4345.10 1 
  4224.07 1.1521e-14   4347.85 1 
  4226.74 1.1279e-14   4350.60 1 
  4229.41 1.1249e-14   4353.35 1 
  4232.08 1.1432e-14   4356.10 1 
  4234.75 1.1491e-14   4358.85 1 
  4237.43 1.1128e-14   4361.60 1 
  4240.10 1.1197e-14   4364.35 1 
  4242.77 1.1720e-14   4367.10 1 
  4245.44 1.2078e-14   4369.85 1 
  4248.11 1.1476e-14   4372.60 1 
  4250.79 1.1380e-14   4375.35 1 
  4253.46 1.1491e-14   4378.10 1 
  4256.13 1.1899e-14   4380.85 1 
  4258.80 1.1666e-14   4383.60 1 
  4261.47 1.1632e-14   4386.35 1 
  4264.14 1.1662e-14   4389.10 1 
  4266.82 1.1643e-14   4391.85 1 
  4269.49 1.1329e-14   4394.60 1 
  4272.16 1.0956e-14   4397.35 1 
  4274.83 1.1370e-14   4400.10 1 
  4277.50 1.1486e-14   4402.85 1 
  4280.17 1.1397e-14   4405.60 1 
  4282.85 1.1483e-14   4408.35 1 
  4285.52 1.1232e-14   4411.10 1 
  4288.19 1.1208e-14   4413.85 1 
  4290.86 1.1023e-14   4416.60 1 
  4293.53 1.0619e-14   4419.35 1 
  4296.20 1.0614e-14   4422.10 1 
  4298.88 1.0726e-14   4424.85 1 
  4301.55 1.0329e-14   4427.60 1 
  4304.22 1.0425e-14   4430.35 1 
  4306.89 1.0616e-14   4433.10 1 
  4309.56 1.0283e-14   4435.85 1 
  4312.23 1.0655e-14   4438.60 1 
  4314.91 1.1069e-14   4441.35 1 
  4317.58 1.1299e-14   4444.10 1 
  4320.25 1.0880e-14   4446.85 1 
  4322.92 1.0772e-14   4449.60 1 
  4325.59 1.0431e-14   4452.35 1 
  4328.26 1.0422e-14   4455.10 1 
  4330.94 1.0988e-14   4457.85 1 
  4333.61 1.1809e-14   4460.60 1 
  4336.28 1.4299e-14   4463.35 1 
  4338.95 1.6511e-14   4466.10 1 
  4341.62 1.6687e-14   4468.85 1 
  4344.29 1.3975e-14   4471.60 1 
  4346.97 1.1623e-14   4474.35 1 
  4349.64 1.0396e-14   4477.10 1 
  4352.31 1.0474e-14   4479.85 1 
  4354.98 1.0804e-14   4482.60 1 
  4357.65 1.1338e-14   4485.35 1 
  4360.33 1.1652e-14   4488.10 1 
  4363.00 1.1647e-14   4490.85 1 
  4365.67 1.1350e-14   4493.60 1 
  4368.34 1.1218e-14   4496.35 1 
  4371.01 1.1333e-14   4499.10 1 
  4373.68 1.1036e-14   4501.85 1 
  4376.36 1.1252e-14   4504.60 1 
  4379.03 1.0921e-14   4507.35 1 
  4381.70 1.0992e-14   4510.10 1 
  4384.37 1.1017e-14   4512.85 1 
  4387.04 1.0694e-14   4515.60 1 
  4389.71 1.0721e-14   4518.35 1 
  4392.39 1.1071e-14   4521.10 1 
  4395.06 1.0903e-14   4523.85 1 
  4397.73 1.0848e-14   4526.60 1 
  4400.40 1.0810e-14   4529.35 1 
  4403.07 1.1199e-14   4532.10 1 
  4405.74 1.0676e-14   4534.85 1 
  4408.42 1.1058e-14   4537.60 1 
  4411.09 1.1247e-14   4540.35 1 
  4413.76 1.1014e-14   4543.10 1 
  4416.43 1.1167e-14   4545.85 1 
  4419.10 1.1126e-14   4548.60 1 
  4421.77 1.1159e-14   4551.35 1 
  4424.45 1.1064e-14   4554.10 1 
  4427.12 1.0810e-14   4556.85 1 
  4429.79 1.0826e-14   4559.60 1 
  4432.46 1.1516e-14   4562.35 1 
  4435.13 1.0865e-14   4565.10 1 
  4437.80 1.1290e-14   4567.85 1 
  4440.48 1.1419e-14   4570.60 1 
  4443.15 1.1202e-14   4573.35 1 
  4445.82 1.1059e-14   4576.10 1 
  4448.49 1.1317e-14   4578.85 1 
  4451.16 1.1091e-14   4581.60 1 
  4453.83 1.0951e-14   4584.35 1 
  4456.51 1.0929e-14   4587.10 1 
  4459.18 1.0816e-14   4589.85 1 
  4461.85 1.1041e-14   4592.60 1 
  4464.52 1.1172e-14   4595.35 1 
  4467.19 1.1306e-14   4598.10 1 
  4469.87 1.1653e-14   4600.85 1 
  4472.54 1.1440e-14   4603.60 1 
  4475.21 1.1331e-14   4606.35 1 
  4477.88 1.1059e-14   4609.10 1 
  4480.55 1.0834e-14   4611.85 1 
  4483.22 1.0653e-14   4614.60 1 
  4485.90 1.0823e-14   4617.35 1 
  4488.57 1.1316e-14   4620.10 1 
  4491.24 1.1459e-14   4622.85 1 
  4493.91 1.1501e-14   4625.60 1 
  4496.58 1.1091e-14   4628.35 1 
  4499.25 1.1081e-14   4631.10 1 
  4501.93 1.1132e-14   4633.85 1 
  4504.60 1.1743e-14   4636.60 1 
  4507.27 1.1896e-14   4639.35 1 
  4509.94 1.1851e-14   4642.10 1 
  4512.61 1.1722e-14   4644.85 1 
  4515.28 1.1733e-14   4647.60 1 
  4517.96 1.1561e-14   4650.35 1 
  4520.63 1.1299e-14   4653.10 1 
  4523.30 1.1322e-14   4655.85 1 
  4525.97 1.0943e-14   4658.60 1 
  4528.64 1.0901e-14   4661.35 1 
  4531.31 1.0831e-14   4664.10 1 
  4533.99 1.0892e-14   4666.85 1 
  4536.66 1.1004e-14   4669.60 1 
  4539.33 1.0925e-14   4672.35 1 
  4542.00 1.0714e-14   4675.10 1 
  4544.67 1.0948e-14   4677.85 1 
  4547.34 1.0820e-14   4680.60 1 
  4550.02 1.0844e-14   4683.35 1 
  4552.69 1.0498e-14   4686.10 1 
  4555.36 1.0608e-14   4688.85 1 
  4558.03 1.0713e-14   4691.60 1 
  4560.70 1.1107e-14   4694.35 1 
  4563.37 1.1101e-14   4697.10 1 
  4566.05 1.1204e-14   4699.85 1 
  4568.72 1.1306e-14   4702.60 1 
  4571.39 1.1171e-14   4705.35 1 
  4574.06 1.1191e-14   4708.10 1 
  4576.73 1.1171e-14   4710.85 1 
  4579.41 1.0795e-14   4713.60 1 
  4582.08 1.0490e-14   4716.35 1 
  4584.75 1.0593e-14   4719.10 1 
  4587.42 1.0813e-14   4721.85 1 
  4590.09 1.1020e-14   4724.60 1 
  4592.76 1.1107e-14   4727.35 1 
  4595.44 1.0630e-14   4730.10 1 
  4598.11 1.0598e-14   4732.85 1 
  4600.78 1.1073e-14   4735.60 1 
  4603.45 1.1158e-14   4738.35 1 
  4606.12 1.1359e-14   4741.10 1 
  4608.79 1.1209e-14   4743.85 1 
  4611.47 1.0865e-14   4746.60 1 
  4614.14 1.1040e-14   4749.35 1 
  4616.81 1.1010e-14   4752.10 1 
  4619.48 1.0883e-14   4754.85 1 
  4622.15 1.1204e-14   4757.60 1 
  4624.82 1.1420e-14   4760.35 1 
  4627.50 1.1198e-14   4763.10 1 
  4630.17 1.1032e-14   4765.85 1 
  4632.84 1.1223e-14   4768.60 1 
  4635.51 1.1262e-14   4771.35 1 
  4638.18 1.1256e-14   4774.10 1 
  4640.85 1.1090e-14   4776.85 1 
  4643.53 1.0932e-14   4779.60 1 
  4646.20 1.0761e-14   4782.35 1 
  4648.87 1.0806e-14   4785.10 1 
  4651.54 1.1040e-14   4787.85 1 
  4654.21 1.1056e-14   4790.60 1 
  4656.88 1.1161e-14   4793.35 1 
  4659.56 1.1144e-14   4796.10 1 
  4662.23 1.1202e-14   4798.85 1 
  4664.90 1.1069e-14   4801.60 1 
  4667.57 1.1022e-14   4804.35 1 
  4670.24 1.0992e-14   4807.10 1 
  4672.91 1.1064e-14   4809.85 1 
  4675.59 1.1196e-14   4812.60 1 
  4678.26 1.1415e-14   4815.35 1 
  4680.93 1.1194e-14   4818.10 1 
  4683.60 1.1350e-14   4820.85 1 
  4686.27 1.1147e-14   4823.60 1 
  4688.95 1.1251e-14   4826.35 1 
  4691.62 1.1429e-14   4829.10 1 
  4694.29 1.1206e-14   4831.85 1 
  4696.96 1.1371e-14   4834.60 1 
  4699.63 1.1407e-14   4837.35 1 
  4702.30 1.1051e-14   4840.10 1 
  4704.98 1.0976e-14   4842.85 1 
  4707.65 1.0847e-14   4845.60 1 
  4710.32 1.0910e-14   4848.35 1 
  4712.99 1.0937e-14   4851.10 1 
  4715.66 1.0657e-14   4853.85 1 
  4718.33 1.0840e-14   4856.60 1 
  4721.01 1.1222e-14   4859.35 1 
  4723.68 1.1290e-14   4862.10 1 
  4726.35 1.0960e-14   4864.85 1 
  4729.02 1.0965e-14   4867.60 1 
  4731.69 1.0992e-14   4870.35 1 
  4734.36 1.0985e-14   4873.10 1 
  4737.04 1.0917e-14   4875.85 1 
  4739.71 1.0993e-14   4878.60 1 
  4742.38 1.1091e-14   4881.35 1 
  4745.05 1.0910e-14   4884.10 1 
  4747.72 1.1039e-14   4886.85 1 
  4750.39 1.1063e-14   4889.60 1 
  4753.07 1.0940e-14   4892.35 1 
  4755.74 1.0954e-14   4895.10 1 
  4758.41 1.0635e-14   4897.85 1 
  4761.08 1.0620e-14   4900.60 1 
  4763.75 1.0563e-14   4903.35 1 
  4766.42 1.0567e-14   4906.10 1 
  4769.10 1.0932e-14   4908.85 1 
  4771.77 1.0977e-14   4911.60 1 
  4774.44 1.0945e-14   4914.35 1 
  4777.11 1.0825e-14   4917.10 1 
  4779.78 1.0993e-14   4919.85 1 
  4782.46 1.0735e-14   4922.60 1 
  4785.13 1.0740e-14   4925.35 1 
  4787.80 1.0598e-14   4928.10 1 
  4790.47 1.0788e-14   4930.85 1 
  4793.14 1.0823e-14   4933.60 1 
  4795.81 1.0785e-14   4936.35 1 
  4798.49 1.0682e-14   4939.10 1 
  4801.16 1.0448e-14   4941.85 1 
  4803.83 1.0439e-14   4944.60 1 
  4806.50 1.0511e-14   4947.35 1 
  4809.17 1.0307e-14   4950.10 1 
  4811.84 1.0673e-14   4952.85 1 
  4814.52 1.0706e-14   4955.60 1 
  4817.19 1.0439e-14   4958.35 1 
  4819.86 1.0158e-14   4961.10 1 
  4822.53 1.0294e-14   4963.85 1 
  4825.20 1.0227e-14   4966.60 1 
  4827.87 1.0094e-14   4969.35 1 
  4830.55 1.0414e-14   4972.10 1 
  4833.22 1.0365e-14   4974.85 1 
  4835.89 1.0365e-14   4977.60 1 
  4838.56 1.0246e-14   4980.35 1 
  4841.23 9.9339e-15   4983.10 1 
  4843.90 9.9136e-15   4985.85 1 
  4846.58 9.9482e-15   4988.60 1 
  4849.25 1.0141e-14   4991.35 1 
  4851.92 1.1199e-14   4994.10 1 
  4854.59 1.4231e-14   4996.85 1 
  4857.26 2.0770e-14   4999.60 1 
  4859.93 2.7095e-14   5002.35 1 
  4862.61 2.7466e-14   5005.10 1 
  4865.28 2.1582e-14   5007.85 1 
  4867.95 1.4276e-14   5010.60 1 
  4870.62 1.0922e-14   5013.35 1 
  4873.29 9.8931e-15   5016.10 1 
  4875.96 9.7278e-15   5018.85 1 
  4878.64 9.8645e-15   5021.60 1 
  4881.31 9.9939e-15   5024.35 1 
  4883.98 9.9478e-15   5027.10 1 
  4886.65 1.0054e-14   5029.85 1 
  4889.32 1.0127e-14   5032.60 1 
  4892.00 1.0138e-14   5035.35 1 
  4894.67 1.0071e-14   5038.10 1 
  4897.34 1.0116e-14   5040.85 1 
  4900.01 1.0230e-14   5043.60 1 
  4902.68 1.0383e-14   5046.35 1 
  4905.35 1.0477e-14   5049.10 1 
  4908.03 1.0564e-14   5051.85 1 
  4910.70 1.0377e-14   5054.60 1 
  4913.37 1.0031e-14   5057.35 1 
  4916.04 9.9678e-15   5060.10 1 
  4918.71 9.9455e-15   5062.85 1 
  4921.38 1.0092e-14   5065.60 1 
  4924.06 9.8914e-15   5068.35 1 
  4926.73 1.0086e-14   5071.10 1 
  4929.40 1.0078e-14   5073.85 1 
  4932.07 1.0175e-14   5076.60 1 
  4934.74 1.0255e-14   5079.35 1 
  4937.41 1.0166e-14   5082.10 1 
  4940.09 1.0197e-14   5084.85 1 
  4942.76 1.0308e-14   5087.60 1 
  4945.43 1.0646e-14   5090.35 1 
  4948.10 1.0682e-14   5093.10 1 
  4950.77 1.1158e-14   5095.85 1 
  4953.44 1.2253e-14   5098.60 1 
  4956.12 1.3423e-14   5101.35 1 
  4958.79 1.4208e-14   5104.10 1 
  4961.46 1.3606e-14   5106.85 1 
  4964.13 1.2213e-14   5109.60 1 
  4966.80 1.1198e-14   5112.35 1 
  4969.47 1.0369e-14   5115.10 1 
  4972.15 9.9178e-15   5117.85 1 
  4974.82 1.0108e-14   5120.60 1 
  4977.49 1.0182e-14   5123.35 1 
  4980.16 9.8962e-15   5126.10 1 
  4982.83 1.0016e-14   5128.85 1 
  4985.50 1.0166e-14   5131.60 1 
  4988.18 1.0095e-14   5134.35 1 
  4990.85 1.0020e-14   5137.10 1 
  4993.52 1.0119e-14   5139.85 1 
  4996.19 1.0653e-14   5142.60 1 
  4998.86 1.1862e-14   5145.35 1 
  5001.54 1.5236e-14   5148.10 1 
  5004.21 1.9882e-14   5150.85 1 
  5006.88 2.2480e-14   5153.60 1 
  5009.55 2.0224e-14   5156.35 1 
  5012.22 1.5427e-14   5159.10 1 
  5014.89 1.1992e-14   5161.85 1 
  5017.57 1.0671e-14   5164.60 1 
  5020.24 1.0161e-14   5167.35 1 
  5022.91 1.0048e-14   5170.10 1 
  5025.58 1.0211e-14   5172.85 1 
  5028.25 9.9330e-15   5175.60 1 
  5030.92 1.0007e-14   5178.35 1 
  5033.60 1.0082e-14   5181.10 1 
  5036.27 9.9857e-15   5183.85 1 
  5038.94 9.7659e-15   5186.60 1 
  5041.61 9.8166e-15   5189.35 1 
  5044.28 1.0058e-14   5192.10 1 
  5046.95 9.9613e-15   5194.85 1 
  5049.63 9.8635e-15   5197.60 1 
  5052.30 9.6843e-15   5200.35 1 
  5054.97 9.8961e-15   5203.10 1 
  5057.64 9.9524e-15   5205.85 1 
  5060.31 9.8158e-15   5208.60 1 
  5062.98 9.9528e-15   5211.35 1 
  5065.66 1.0114e-14   5214.10 1 
  5068.33 1.0022e-14   5216.85 1 
  5071.00 9.8146e-15   5219.60 1 
  5073.67 9.6423e-15   5222.35 1 
  5076.34 9.6742e-15   5225.10 1 
  5079.01 9.5444e-15   5227.85 1 
  5081.69 9.5737e-15   5230.60 1 
  5084.36 9.7746e-15   5233.35 1 
  5087.03 9.8429e-15   5236.10 1 
  5089.70 9.9757e-15   5238.85 1 
  5092.37 9.9748e-15   5241.60 1 
  5095.04 9.9087e-15   5244.35 1 
  5097.72 9.8576e-15   5247.10 1 
  5100.39 9.7126e-15   5249.85 1 
  5103.06 9.5449e-15   5252.60 1 
  5105.73 9.4602e-15   5255.35 1 
  5108.40 9.2061e-15   5258.10 1 
  5111.08 9.4233e-15   5260.85 1 
  5113.75 9.9891e-15   5263.60 1 
  5116.42 1.0017e-14   5266.35 1 
  5119.09 9.9573e-15   5269.10 1 
  5121.76 9.6234e-15   5271.85 1 
  5124.43 9.4118e-15   5274.60 1 
  5127.11 9.4125e-15   5277.35 1 
  5129.78 9.5033e-15   5280.10 1 
  5132.45 9.7001e-15   5282.85 1 
  5135.12 9.6099e-15   5285.60 1 
  5137.79 9.5662e-15   5288.35 1 
  5140.46 9.5943e-15   5291.10 1 
  5143.14 9.5602e-15   5293.85 1 
  5145.81 9.5706e-15   5296.60 1 
  5148.48 9.4608e-15   5299.35 1 
  5151.15 9.7756e-15   5302.10 1 
  5153.82 9.8231e-15   5304.85 1 
  5156.49 9.7628e-15   5307.60 1 
  5159.17 9.7975e-15   5310.35 1 
  5161.84 9.6236e-15   5313.10 1 
  5164.51 9.3463e-15   5315.85 1 
  5167.18 9.0335e-15   5318.60 1 
  5169.85 9.1181e-15   5321.35 1 
  5172.52 9.1089e-15   5324.10 1 
  5175.20 9.1951e-15   5326.85 1 
  5177.87 9.3829e-15   5329.60 1 
  5180.54 9.5881e-15   5332.35 1 
  5183.21 9.2498e-15   5335.10 1 
  5185.88 9.2350e-15   5337.85 1 
  5188.55 9.3482e-15   5340.60 1 
  5191.23 9.5910e-15   5343.35 1 
  5193.90 9.9817e-15   5346.10 1 
  5196.57 1.0258e-14   5348.85 1 
  5199.24 1.0650e-14   5351.60 1 
  5201.91 1.0660e-14   5354.35 1 
  5204.58 1.0208e-14   5357.10 1 
  5207.26 9.9132e-15   5359.85 1 
  5209.93 9.8187e-15   5362.60 1 
  5212.60 9.6850e-15   5365.35 1 
  5215.27 9.7680e-15   5368.10 1 
  5217.94 1.0020e-14   5370.85 1 
  5220.62 9.8981e-15   5373.60 1 
  5223.29 9.9962e-15   5376.35 1 
  5225.96 9.6136e-15   5379.10 1 
  5228.63 9.5046e-15   5381.85 1 
  5231.30 9.7694e-15   5384.60 1 
  5233.97 9.6717e-15   5387.35 1 
  5236.65 9.6981e-15   5390.10 1 
  5239.32 9.9126e-15   5392.85 1 
  5241.99 9.7811e-15   5395.60 1 
  5244.66 9.6405e-15   5398.35 1 
  5247.33 9.5324e-15   5401.10 1 
  5250.00 9.7848e-15   5403.85 1 
  5252.68 9.8876e-15   5406.60 1 
  5255.35 9.5516e-15   5409.35 1 
  5258.02 9.5368e-15   5412.10 1 
  5260.69 9.6162e-15   5414.85 1 
  5263.36 9.6204e-15   5417.60 1 
  5266.03 9.5526e-15   5420.35 1 
  5268.71 9.4685e-15   5423.10 1 
  5271.38 9.5498e-15   5425.85 1 
  5274.05 9.6148e-15   5428.60 1 
  5276.72 9.6246e-15   5431.35 1 
  5279.39 9.3676e-15   5434.10 1 
  5282.06 9.3974e-15   5436.85 1 
  5284.74 9.5009e-15   5439.60 1 
  5287.41 9.7052e-15   5442.35 1 
  5290.08 9.8628e-15   5445.10 1 
  5292.75 9.8528e-15   5447.85 1 
  5295.42 9.6326e-15   5450.60 1 
  5298.09 9.5111e-15   5453.35 1 
  5300.77 9.7344e-15   5456.10 1 
  5303.44 9.5851e-15   5458.85 1 
  5306.11 9.7530e-15   5461.60 1 
  5308.78 1.0063e-14   5464.35 1 
  5311.45 9.9938e-15   5467.10 1 
  5314.12 9.8806e-15   5469.85 1 
  5316.80 9.8223e-15   5472.60 1 
  5319.47 9.6707e-15   5475.35 1 
  5322.14 9.5886e-15   5478.10 1 
  5324.81 9.6284e-15   5480.85 1 
  5327.48 9.3678e-15   5483.60 1 
  5330.16 9.5210e-15   5486.35 1 
  5332.83 9.6145e-15   5489.10 1 
  5335.50 9.9599e-15   5491.85 1 
  5338.17 9.9218e-15   5494.60 1 
  5340.84 9.9328e-15   5497.35 1 
  5343.51 1.0030e-14   5500.10 1 
  5346.19 9.6711e-15   5502.85 1 
  5348.86 9.7736e-15   5505.60 1 
  5351.53 1.0079e-14   5508.35 1 
  5354.20 1.0109e-14   5511.10 1 
  5356.87 1.0160e-14   5513.85 1 
  5359.54 1.0227e-14   5516.60 1 
  5362.22 1.0051e-14   5519.35 1 
  5364.89 9.7170e-15   5522.10 1 
  5367.56 9.4951e-15   5524.85 1 
  5370.23 9.5944e-15   5527.60 1 
  5372.90 9.6603e-15   5530.35 1 
  5375.57 9.7614e-15   5533.10 1 
  5378.25 9.8847e-15   5535.85 1 
  5380.92 9.9434e-15   5538.60 1 
  5383.59 9.8587e-15   5541.35 1 
  5386.26 9.7468e-15   5544.10 1 
  5388.93 9.8852e-15   5546.85 1 
  5391.60 9.3949e-15   5549.60 1 
  5394.28 9.2540e-15   5552.35 1 
  5396.95 9.4474e-15   5555.10 1 
  5399.62 9.1466e-15   5557.85 1 
  5402.29 9.0210e-15   5560.60 1 
  5404.96 9.0836e-15   5563.35 1 
  5407.63 9.5433e-15   5566.10 1 
  5410.31 9.1320e-15   5568.85 1 
  5412.98 9.3721e-15   5571.60 1 
  5415.65 9.3947e-15   5574.35 1 
  5418.32 9.6580e-15   5577.10 1 
  5420.99 9.4337e-15   5579.85 1 
  5423.67 9.5644e-15   5582.60 1 
  5426.34 9.5736e-15   5585.35 1 
  5429.01 9.6415e-15   5588.10 1 
  5431.68 9.6656e-15   5590.85 1 
  5434.35 9.4095e-15   5593.60 1 
  5437.02 9.2933e-15   5596.35 1 
  5439.70 1.0062e-14   5599.10 1 
  5442.37 9.5469e-15   5601.85 1 
  5445.04 9.5235e-15   5604.60 1 
  5447.71 9.6335e-15   5607.35 1 
  5450.38 9.5527e-15   5610.10 1 
  5453.05 9.7701e-15   5612.85 1 
  5455.73 9.6830e-15   5615.60 1 
  5458.40 9.4996e-15   5618.35 1 
  5461.07 9.6057e-15   5621.10 1 
  5463.74 9.5861e-15   5623.85 1 
  5466.41 9.4845e-15   5626.60 1 
  5469.08 9.8348e-15   5629.35 1 
  5471.76 9.6064e-15   5632.10 1 
  5474.43 9.3681e-15   5634.85 1 
  5477.10 9.3761e-15   5637.60 1 
  5479.77 9.3089e-15   5640.35 1 
  5482.44 9.3671e-15   5643.10 1 
  5485.11 9.4846e-15   5645.85 1 
  5487.79 9.5250e-15   5648.60 1 
  5490.46 9.5131e-15   5651.35 1 
  5493.13 9.6583e-15   5654.10 1 
  5495.80 9.7615e-15   5656.85 1 
  5498.47 9.8903e-15   5659.60 1 
  5501.14 9.9411e-15   5662.35 1 
  5503.82 9.3917e-15   5665.10 1 
  5506.49 9.1515e-15   5667.85 1 
  5509.16 9.3713e-15   5670.60 1 
  5511.83 9.4388e-15   5673.35 1 
  5514.50 9.4481e-15   5676.10 1 
  5517.17 9.2873e-15   5678.85 1 
  5519.85 9.4080e-15   5681.60 1 
  5522.52 9.5107e-15   5684.35 1 
  5525.19 9.2595e-15   5687.10 1 
  5527.86 9.5867e-15   5689.85 1 
  5530.53 9.5299e-15   5692.60 1 
  5533.21 9.5422e-15   5695.35 1 
  5535.88 9.6358e-15   5698.10 1 
  5538.55 9.5558e-15   5700.85 1 
  5541.22 9.4076e-15   5703.60 1 
  5543.89 9.4945e-15   5706.35 1 
  5546.56 9.5329e-15   5709.10 1 
  5549.24 9.6124e-15   5711.85 1 
  5551.91 9.5457e-15   5714.60 1 
  5554.58 9.5804e-15   5717.35 1 
  5557.25 9.6055e-15   5720.10 1 
  5559.92 9.6876e-15   5722.85 1 
  5562.59 9.7383e-15   5725.60 1 
  5565.27 9.7617e-15   5728.35 1 
  5567.94 9.7326e-15   5731.10 1 
  5570.61 9.7960e-15   5733.85 1 
  5573.28 9.5515e-15   5736.60 1 
  5575.95 9.3734e-15   5739.35 1 
  5578.62 9.4213e-15   5742.10 1 
  5581.30 9.3599e-15   5744.85 1 
  5583.97 9.4354e-15   5747.60 1 
  5586.64 9.5291e-15   5750.35 1 
  5589.31 9.2256e-15   5753.10 1 
  5591.98 9.2172e-15   5755.85 1 
  5594.65 9.0795e-15   5758.60 1 
  5597.33 9.4641e-15   5761.35 1 
  5600.00 9.2063e-15   5764.10 1 
  5602.67 9.3147e-15   5766.85 1 
  5605.34 9.5899e-15   5769.60 1 
  5608.01 9.5969e-15   5772.35 1 
  5610.68 9.5532e-15   5775.10 1 
  5613.36 9.2824e-15   5777.85 1 
  5616.03 9.1856e-15   5780.60 1 
  5618.70 9.0224e-15   5783.35 1 
  5621.37 9.2358e-15   5786.10 1 
  5624.04 9.3969e-15   5788.85 1 
  5626.71 9.0023e-15   5791.60 1 
  5629.39 9.5442e-15   5794.35 1 
  5632.06 9.4541e-15   5797.10 1 
  5634.73 9.3852e-15   5799.85 1 
  5637.40 9.1936e-15   5802.60 1 
  5640.07 9.0584e-15   5805.35 1 
  5642.75 9.1195e-15   5808.10 1 
  5645.42 9.4260e-15   5810.85 1 
  5648.09 9.3033e-15   5813.60 1 
  5650.76 9.5915e-15   5816.35 1 
  5653.43 9.4620e-15   5819.10 1 
  5656.10 9.6199e-15   5821.85 1 
  5658.78 8.9947e-15   5824.60 1 
  5661.45 9.1675e-15   5827.35 1 
  5664.12 9.2752e-15   5830.10 1 
  5666.79 9.5465e-15   5832.85 1 
  5669.46 9.3336e-15   5835.60 1 
  5672.13 9.4204e-15   5838.35 1 
  5674.81 9.3823e-15   5841.10 1 
  5677.48 9.3561e-15   5843.85 1 
  5680.15 9.2067e-15   5846.60 1 
  5682.82 9.4073e-15   5849.35 1 
  5685.49 9.2105e-15   5852.10 1 
  5688.16 9.2118e-15   5854.85 1 
  5690.84 9.3208e-15   5857.60 1 
  5693.51 9.2712e-15   5860.35 1 
  5696.18 9.0088e-15   5863.10 1 
  5698.85 9.1660e-15   5865.85 1 
  5701.52 9.2776e-15   5868.60 1 
  5704.19 9.0152e-15   5871.35 1 
  5706.87 9.2660e-15   5874.10 1 
  5709.54 9.0081e-15   5876.85 1 
  5712.21 9.0396e-15   5879.60 1 
  5714.88 9.0437e-15   5882.35 1 
  5717.55 9.4213e-15   5885.10 1 
  5720.22 9.5809e-15   5887.85 1 
  5722.90 9.1248e-15   5890.60 1 
  5725.57 9.3582e-15   5893.35 1 
  5728.24 9.4911e-15   5896.10 1 
  5730.91 9.1078e-15   5898.85 1 
  5733.58 9.4657e-15   5901.60 1 
  5736.25 9.2357e-15   5904.35 1 
  5738.93 9.6477e-15   5907.10 1 
  5741.60 9.4438e-15   5909.85 1 
  5744.27 9.3284e-15   5912.60 1 
  5746.94 8.9757e-15   5915.35 1 
  5749.61 9.2661e-15   5918.10 1 
  5752.29 9.4970e-15   5920.85 1 
  5754.96 9.5074e-15   5923.60 1 
  5757.63 9.5183e-15   5926.35 1 
  5760.30 9.7751e-15   5929.10 1 
  5762.97 9.3921e-15   5931.85 1 
  5765.64 9.1808e-15   5934.60 1 
  5768.32 9.2725e-15   5937.35 1 
  5770.99 9.3877e-15   5940.10 1 
  5773.66 9.0708e-15   5942.85 1 
  5776.33 8.9806e-15   5945.60 1 
  5779.00 8.6508e-15   5948.35 1 
  5781.67 8.9481e-15   5951.10 1 
  5784.35 9.0575e-15   5953.85 1 
  5787.02 9.2494e-15   5956.60 1 
  5789.69 9.3995e-15   5959.35 1 
  5792.36 9.1653e-15   5962.10 1 
  5795.03 9.2106e-15   5964.85 1 
  5797.70 9.3276e-15   5967.60 1 
  5800.38 9.5477e-15   5970.35 1 
  5803.05 9.3306e-15   5973.10 1 
  5805.72 9.0968e-15   5975.85 1 
  5808.39 9.0802e-15   5978.60 1 
  5811.06 9.2529e-15   5981.35 1 
  5813.73 9.2333e-15   5984.10 1 
  5816.41 9.3911e-15   5986.85 1 
  5819.08 9.4546e-15   5989.60 1 
  5821.75 9.4502e-15   5992.35 1 
  5824.42 9.5099e-15   5995.10 1 
  5827.09 9.6125e-15   5997.85 1 
  5829.76 9.5195e-15   6000.60 1 
  5832.44 9.3006e-15   6003.35 1 
  5835.11 9.1350e-15   6006.10 1 
  5837.78 9.4042e-15   6008.85 1 
  5840.45 9.3709e-15   6011.60 1 
  5843.12 9.3750e-15   6014.35 1 
  5845.79 9.1139e-15   6017.10 1 
  5848.47 9.1707e-15   6019.85 1 
  5851.14 9.0033e-15   6022.60 1 
  5853.81 8.9280e-15   6025.35 1 
  5856.48 8.9459e-15   6028.10 1 
  5859.15 8.8936e-15   6030.85 1 
  5861.83 8.8339e-15   6033.60 1 
  5864.50 9.1341e-15   6036.35 1 
  5867.17 9.7676e-15   6039.10 1 
  5869.84 1.0231e-14   6041.85 1 
  5872.51 1.1107e-14   6044.60 1 
  5875.18 1.1592e-14   6047.35 1 
  5877.86 1.1285e-14   6050.10 1 
  5880.53 1.0242e-14   6052.85 1 
  5883.20 9.0464e-15   6055.60 1 
  5885.87 8.6126e-15   6058.35 1 
  5888.54 8.3548e-15   6061.10 1 
  5891.21 8.2699e-15   6063.85 1 
  5893.89 8.1262e-15   6066.60 1 
  5896.56 8.4995e-15   6069.35 1 
  5899.23 8.5041e-15   6072.10 1 
  5901.90 8.8062e-15   6074.85 1 
  5904.57 9.1701e-15   6077.60 1 
  5907.24 9.0077e-15   6080.35 1 
  5909.92 8.9649e-15   6083.10 1 
  5912.59 9.2378e-15   6085.85 1 
  5915.26 9.2956e-15   6088.60 1 
  5917.93 9.2431e-15   6091.35 1 
  5920.60 9.1551e-15   6094.10 1 
  5923.27 9.1102e-15   6096.85 1 
  5925.95 9.2466e-15   6099.60 1 
  5928.62 9.2279e-15   6102.35 1 
  5931.29 8.9869e-15   6105.10 1 
  5933.96 9.1453e-15   6107.85 1 
  5936.63 8.8831e-15   6110.60 1 
  5939.30 8.9033e-15   6113.35 1 
  5941.98 9.0105e-15   6116.10 1 
  5944.65 8.7192e-15   6118.85 1 
  5947.32 9.0470e-15   6121.60 1 
  5949.99 9.0227e-15   6124.35 1 
  5952.66 9.0022e-15   6127.10 1 
  5955.33 9.0714e-15   6129.85 1 
  5958.01 9.1951e-15   6132.60 1 
  5960.68 9.0930e-15   6135.35 1 
  5963.35 9.0524e-15   6138.10 1 
  5966.02 8.8562e-15   6140.85 1 
  5968.69 8.9455e-15   6143.60 1 
  5971.37 9.1002e-15   6146.35 1 
  5974.04 9.1306e-15   6149.10 1 
  5976.71 9.0057e-15   6151.85 1 
  5979.38 8.9212e-15   6154.60 1 
  5982.05 8.9080e-15   6157.35 1 
  5984.72 9.1350e-15   6160.10 1 
  5987.40 8.8818e-15   6162.85 1 
  5990.07 8.9162e-15   6165.60 1 
  5992.74 8.8951e-15   6168.35 1 
  5995.41 8.6035e-15   6171.10 1 
  5998.08 8.8085e-15   6173.85 1 
  6000.75 8.7204e-15   6176.60 1 
  6003.43 8.5641e-15   6179.35 1 
  6006.10 8.8620e-15   6182.10 1 
  6008.77 8.6768e-15   6184.85 1 
  6011.44 8.7098e-15   6187.60 1 
  6014.11 8.6848e-15   6190.35 1 
  6016.78 8.6206e-15   6193.10 1 
  6019.46 9.1316e-15   6195.85 1 
  6022.13 8.5103e-15   6198.60 1 
  6024.80 8.5497e-15   6201.35 1 
  6027.47 8.9030e-15   6204.10 1 
  6030.14 8.8653e-15   6206.85 1 
  6032.81 8.9118e-15   6209.60 1 
  6035.49 9.0592e-15   6212.35 1 
  6038.16 8.9593e-15   6215.10 1 
  6040.83 8.9600e-15   6217.85 1 
  6043.50 8.7762e-15   6220.60 1 
  6046.17 8.9999e-15   6223.35 1 
  6048.84 8.8509e-15   6226.10 1 
  6051.52 8.7526e-15   6228.85 1 
  6054.19 8.9896e-15   6231.60 1 
  6056.86 9.1238e-15   6234.35 1 
  6059.53 8.7672e-15   6237.10 1 
  6062.20 8.7289e-15   6239.85 1 
  6064.88 8.8647e-15   6242.60 1 
  6067.55 8.6134e-15   6245.35 1 
  6070.22 8.5665e-15   6248.10 1 
  6072.89 9.2586e-15   6250.85 1 
  6075.56 9.2005e-15   6253.60 1 
  6078.23 8.7689e-15   6256.35 1 
  6080.91 8.8021e-15   6259.10 1 
  6083.58 8.7508e-15   6261.85 1 
  6086.25 8.8156e-15   6264.60 1 
  6088.92 8.8798e-15   6267.35 1 
  6091.59 8.8154e-15   6270.10 1 
  6094.26 8.8655e-15   6272.85 1 
  6096.94 8.9062e-15   6275.60 1 
  6099.61 8.7542e-15   6278.35 1 
  6102.28 8.6704e-15   6281.10 1 
  6104.95 8.9747e-15   6283.85 1 
  6107.62 8.6423e-15   6286.60 1 
  6110.29 9.0405e-15   6289.35 1 
  6112.97 8.8306e-15   6292.10 1 
  6115.64 8.8971e-15   6294.85 1 
  6118.31 8.8073e-15   6297.60 1 
  6120.98 8.7146e-15   6300.35 1 
  6123.65 8.7740e-15   6303.10 1 
  6126.32 8.9749e-15   6305.85 1 
  6129.00 8.5492e-15   6308.60 1 
  6131.67 8.5970e-15   6311.35 1 
  6134.34 8.5471e-15   6314.10 1 
  6137.01 8.6740e-15   6316.85 1 
  6139.68 8.6776e-15   6319.60 1 
  6142.35 8.7721e-15   6322.35 1 
  6145.03 8.9152e-15   6325.10 1 
  6147.70 8.6463e-15   6327.85 1 
  6150.37 8.1588e-15   6330.60 1 
  6153.04 8.1804e-15   6333.35 1 
  6155.71 8.6508e-15   6336.10 1 
  6158.38 8.4809e-15   6338.85 1 
  6161.06 8.4505e-15   6341.60 1 
  6163.73 8.3469e-15   6344.35 1 
  6166.40 8.7199e-15   6347.10 1 
  6169.07 8.4218e-15   6349.85 1 
  6171.74 8.5622e-15   6352.60 1 
  6174.42 8.8838e-15   6355.35 1 
  6177.09 8.4615e-15   6358.10 1 
  6179.76 8.5760e-15   6360.85 1 
  6182.43 8.8550e-15   6363.60 1 
  6185.10 8.4264e-15   6366.35 1 
  6187.77 8.6851e-15   6369.10 1 
  6190.45 8.1238e-15   6371.85 1 
  6193.12 8.9451e-15   6374.60 1 
  6195.79 8.2784e-15   6377.35 1 
  6198.46 8.7546e-15   6380.10 1 
  6201.13 8.5427e-15   6382.85 1 
  6203.80 8.6082e-15   6385.60 1 
  6206.48 8.8431e-15   6388.35 1 
  6209.15 8.6569e-15   6391.10 1 
  6211.82 8.2557e-15   6393.85 1 
  6214.49 8.2415e-15   6396.60 1 
  6217.16 8.1647e-15   6399.35 1 
  6219.83 8.5222e-15   6402.10 1 
  6222.51 8.5992e-15   6404.85 1 
  6225.18 8.5702e-15   6407.60 1 
  6227.85 8.5615e-15   6410.35 1 
  6230.52 8.4605e-15   6413.10 1 
  6233.19 8.1962e-15   6415.85 1 
  6235.86 8.4213e-15   6418.60 1 
  6238.54 8.0540e-15   6421.35 1 
  6241.21 8.2416e-15   6424.10 1 
  6243.88 8.3671e-15   6426.85 1 
  6246.55 8.4566e-15   6429.60 1 
  6249.22 8.1901e-15   6432.35 1 
  6251.89 8.1863e-15   6435.10 1 
  6254.57 7.9902e-15   6437.85 1 
  6257.24 7.8868e-15   6440.60 1 
  6259.91 8.0228e-15   6443.35 1 
  6262.58 8.5967e-15   6446.10 1 
  6265.25 8.1162e-15   6448.85 1 
  6267.92 8.0703e-15   6451.60 1 
  6270.60 8.3346e-15   6454.35 1 
  6273.27 8.2227e-15   6457.10 1 
  6275.94 8.4118e-15   6459.85 1 
  6278.61 8.4933e-15   6462.60 1 
  6281.28 8.3500e-15   6465.35 1 
  6283.96 8.0782e-15   6468.10 1 
  6286.63 7.9346e-15   6470.85 1 
  6289.30 8.3041e-15   6473.60 1 
  6291.97 8.6589e-15   6476.35 1 
  6294.64 9.4605e-15   6479.10 1 
  6297.31 1.0137e-14   6481.85 1 
  6299.99 1.0605e-14   6484.60 1 
  6302.66 1.0485e-14   6487.35 1 
  6305.33 9.4501e-15   6490.10 1 
  6308.00 9.0998e-15   6492.85 1 
  6310.67 9.0450e-15   6495.60 1 
  6313.34 8.8996e-15   6498.35 1 
  6316.02 8.4656e-15   6501.10 1 
  6318.69 8.5832e-15   6503.85 1 
  6321.36 8.2517e-15   6506.60 1 
  6324.03 8.2597e-15   6509.35 1 
  6326.70 8.4872e-15   6512.10 1 
  6329.37 8.1674e-15   6514.85 1 
  6332.05 8.3557e-15   6517.60 1 
  6334.72 8.3400e-15   6520.35 1 
  6337.39 8.1860e-15   6523.10 1 
  6340.06 8.1020e-15   6525.85 1 
  6342.73 8.4412e-15   6528.60 1 
  6345.40 8.6901e-15   6531.35 1 
  6348.08 8.7030e-15   6534.10 1 
  6350.75 8.5610e-15   6536.85 1 
  6353.42 8.1317e-15   6539.60 1 
  6356.09 8.4779e-15   6542.35 1 
  6358.76 8.5699e-15   6545.10 1 
  6361.43 8.8396e-15   6547.85 1 
  6364.11 9.0966e-15   6550.60 1 
  6366.78 9.1337e-15   6553.35 1 
  6369.45 8.6480e-15   6556.10 1 
  6372.12 8.4757e-15   6558.85 1 
  6374.79 8.6785e-15   6561.60 1 
  6377.46 8.4390e-15   6564.35 1 
  6380.14 8.2094e-15   6567.10 1 
  6382.81 8.3123e-15   6569.85 1 
  6385.48 8.2978e-15   6572.60 1 
  6388.15 8.1932e-15   6575.35 1 
  6390.82 8.4559e-15   6578.10 1 
  6393.50 8.1903e-15   6580.85 1 
  6396.17 8.2630e-15   6583.60 1 
  6398.84 8.4758e-15   6586.35 1 
  6401.51 8.4412e-15   6589.10 1 
  6404.18 8.1915e-15   6591.85 1 
  6406.85 8.0923e-15   6594.60 1 
  6409.53 8.3647e-15   6597.35 1 
  6412.20 8.3428e-15   6600.10 1 
  6414.87 8.3066e-15   6602.85 1 
  6417.54 8.6281e-15   6605.60 1 
  6420.21 8.3766e-15   6608.35 1 
  6422.88 8.1559e-15   6611.10 1 
  6425.56 8.1921e-15   6613.85 1 
  6428.23 8.3825e-15   6616.60 1 
  6430.90 8.3145e-15   6619.35 1 
  6433.57 8.3985e-15   6622.10 1 
  6436.24 8.1986e-15   6624.85 1 
  6438.91 8.4985e-15   6627.60 1 
  6441.59 8.3654e-15   6630.35 1 
  6444.26 8.6503e-15   6633.10 1 
  6446.93 8.9124e-15   6635.85 1 
  6449.60 8.5233e-15   6638.60 1 
  6452.27 8.3026e-15   6641.35 1 
  6454.94 8.1581e-15   6644.10 1 
  6457.62 8.5413e-15   6646.85 1 
  6460.29 8.1093e-15   6649.60 1 
  6462.96 8.3525e-15   6652.35 1 
  6465.63 8.4008e-15   6655.10 1 
  6468.30 8.5939e-15   6657.85 1 
  6470.97 8.7176e-15   6660.60 1 
  6473.65 8.3120e-15   6663.35 1 
  6476.32 8.3568e-15   6666.10 1 
  6478.99 8.4014e-15   6668.85 1 
  6481.66 8.3057e-15   6671.60 1 
  6484.33 8.5259e-15   6674.35 1 
  6487.00 8.2536e-15   6677.10 1 
  6489.68 7.9400e-15   6679.85 1 
  6492.35 7.8601e-15   6682.60 1 
  6495.02 7.8576e-15   6685.35 1 
  6497.69 7.7305e-15   6688.10 1 
  6500.36 7.9676e-15   6690.85 1 
  6503.04 8.1740e-15   6693.60 1 
  6505.71 8.4135e-15   6696.35 1 
  6508.38 8.3370e-15   6699.10 1 
  6511.05 8.1727e-15   6701.85 1 
  6513.72 8.3565e-15   6704.60 1 
  6516.39 8.1459e-15   6707.35 1 
  6519.07 8.1346e-15   6710.10 1 
  6521.74 8.2085e-15   6712.85 1 
  6524.41 8.4116e-15   6715.60 1 
  6527.08 8.2345e-15   6718.35 1 
  6529.75 8.3210e-15   6721.10 1 
  6532.42 8.7397e-15   6723.85 1 
  6535.10 8.7382e-15   6726.60 1 
  6537.77 9.0584e-15   6729.35 1 
  6540.44 1.0454e-14   6732.10 1 
  6543.11 1.3247e-14   6734.85 1 
  6545.78 1.7492e-14   6737.60 1 
  6548.45 2.0515e-14   6740.35 1 
  6551.13 2.0437e-14   6743.10 1 
  6553.80 2.1872e-14   6745.85 1 
  6556.47 3.3927e-14   6748.60 1 
  6559.14 6.0433e-14   6751.35 1 
  6561.81 8.8567e-14   6754.10 1 
  6564.48 9.1071e-14   6756.85 1 
  6567.16 6.4959e-14   6759.60 1 
  6569.83 3.3376e-14   6762.35 1 
  6572.50 1.7147e-14   6765.10 1 
  6575.17 1.4842e-14   6767.85 1 
  6577.84 2.1286e-14   6770.60 1 
  6580.51 3.3720e-14   6773.35 1 
  6583.19 4.3898e-14   6776.10 1 
  6585.86 4.0737e-14   6778.85 1 
  6588.53 2.7592e-14   6781.60 1 
  6591.20 1.5420e-14   6784.35 1 
  6593.87 9.8557e-15   6787.10 1 
  6596.54 8.4211e-15   6789.85 1 
  6599.22 8.2945e-15   6792.60 1 
  6601.89 8.2074e-15   6795.35 1 
  6604.56 8.1926e-15   6798.10 1 
  6607.23 8.2693e-15   6800.85 1 
  6609.90 8.1397e-15   6803.60 1 
  6612.58 8.2055e-15   6806.35 1 
  6615.25 8.1425e-15   6809.10 1 
  6617.92 7.8822e-15   6811.85 1 
  6620.59 8.0000e-15   6814.60 1 
  6623.26 8.1069e-15   6817.35 1 
  6625.93 7.9291e-15   6820.10 1 
  6628.61 8.3590e-15   6822.85 1 
  6631.28 8.1850e-15   6825.60 1 
  6633.95 8.2199e-15   6828.35 1 
  6644.41 8.3101e-15   6839.12 0 
  6659.73 8.2535e-15   6854.88 0 
  6675.08 8.1784e-15   6870.68 0 
  6690.47 8.1602e-15   6886.52 0 
  6705.89 8.1607e-15   6902.40 0 
  6721.35 7.9939e-15   6918.31 0 
  6736.84 8.1619e-15   6934.26 0 
  6752.37 7.9950e-15   6950.24 0 
  6767.94 8.1255e-15   6966.26 0 
  6783.54 8.1636e-15   6982.33 0 
  6799.18 7.9967e-15   6998.42 0 
  6814.85 8.0713e-15   7014.55 0 
  6830.56 8.1842e-15   7030.72 0 
  6846.31 7.9251e-15   7046.93 0 
  6862.09 7.8893e-15   7063.18 0 
  6877.91 7.8355e-15   7079.46 0 
  6893.76 7.7643e-15   7095.78 0 
  6909.65 7.8187e-15   7112.14 0 
  6925.58 7.8372e-15   7128.53 0 
  6941.55 8.0389e-15   7144.96 0 
  6957.55 8.1138e-15   7161.43 0 
  6973.59 8.1144e-15   7177.94 0 
  6989.67 8.0964e-15   7194.49 0 
  7005.78 7.8944e-15   7211.08 0 
  7021.93 7.8046e-15   7227.70 0 
  7038.11 8.0424e-15   7244.36 0 
  7054.34 8.2683e-15   7261.06 0 
  7070.60 7.6993e-15   7277.80 0 
  7086.90 8.0072e-15   7294.57 0 
  7103.24 7.6650e-15   7311.39 0 
  7119.61 7.5779e-15   7328.25 0 
  7136.02 7.4401e-15   7345.14 0 
  7152.48 7.5616e-15   7362.07 0 
  7168.96 7.5970e-15   7379.04 0 
  7185.49 7.4076e-15   7396.05 0 
  7202.05 7.3233e-15   7413.10 0 
  7218.66 7.7045e-15   7430.19 0 
  7235.30 7.6873e-15   7447.32 0 
  7251.97 7.4612e-15   7464.49 0 
  7268.69 7.4790e-15   7481.70 0 
  7285.45 7.5836e-15   7498.94 0 
  7302.24 7.7074e-15   7516.23 0 
  7319.08 7.6373e-15   7533.56 0 
  7335.95 7.8338e-15   7550.92 0 
  7352.86 7.7805e-15   7568.33 0 
  7369.81 7.6040e-15   7585.78 0 
  7386.80 8.0181e-15   7603.26 0 
  7403.83 7.9636e-15   7620.79 0 
  7420.89 7.7116e-15   7638.36 0 
  7438.00 7.8194e-15   7655.97 0 
  7455.15 7.8381e-15   7673.61 0 
  7472.33 7.8930e-15   7691.30 0 
  7489.56 7.8213e-15   7709.04 0 
  7506.83 7.9307e-15   7726.81 0 
  7524.13 8.0232e-15   7744.62 0 
  7541.48 7.9869e-15   7762.47 0 
  7558.86 7.8961e-15   7780.37 0 
  7576.28 7.8424e-15   7798.30 0 
  7593.75 7.7354e-15   7816.28 0 
  7611.26 7.7005e-15   7834.30 0 
  7628.80 7.7011e-15   7852.36 0 
  7646.39 7.6487e-15   7870.46 0 
  7664.02 7.5443e-15   7888.60 0 
  7681.68 7.4586e-15   7906.79 0 
  7699.39 7.4936e-15   7925.01 0 
  7717.14 7.4942e-15   7943.28 0 
  7734.93 7.3920e-15   7961.59 0 
  7752.76 7.3586e-15   7979.95 0 
  7770.63 7.4788e-15   7998.34 0 
  7788.55 7.2756e-15   8016.78 0 
  7806.50 7.2929e-15   8035.26 0 
  7824.49 7.5672e-15   8053.78 0 
  7842.53 7.2773e-15   8072.35 0 
  7860.61 7.4646e-15   8090.96 0 
  7878.73 7.4824e-15   8109.61 0 
  7896.90 7.5349e-15   8128.31 0 
  7915.10 7.3980e-15   8147.04 0 
  7933.34 7.2636e-15   8165.82 0 
  7951.64 7.0014e-15   8184.65 0 
  7969.96 7.2148e-15   8203.52 0 
  7988.34 7.2487e-15   8222.43 0 
  8006.75 7.1334e-15   8241.38 0 
  8025.21 7.4359e-15   8260.38 0 
  8043.71 7.4708e-15   8279.42 0 
  8062.25 7.4200e-15   8298.51 0 
  8080.84 7.1687e-15   8317.64 0 
  8099.46 6.9100e-15   8336.81 0 
  8118.14 7.2864e-15   8356.03 0 
  8136.85 7.3376e-15   8375.29 0 
  8155.61 7.1218e-15   8394.60 0 
  8174.41 7.1388e-15   8413.95 0 
  8193.25 6.9769e-15   8433.35 0 
  8212.14 7.2227e-15   8452.79 0 
  8231.07 7.0265e-15   8472.27 0 
  8250.04 7.2573e-15   8491.80 0 
  8269.07 7.4099e-15   8511.38 0 
  8288.13 7.1425e-15   8531.00 0 
  8307.23 7.1431e-15   8550.67 0 
  8326.38 7.1602e-15   8570.38 0 
  8345.58 7.0463e-15   8590.14 0 
  8364.81 7.1614e-15   8609.94 0 
  8384.10 7.0152e-15   8629.79 0 
  8403.43 7.1792e-15   8649.68 0 
  8422.80 7.0164e-15   8669.62 0 
  8442.21 6.9367e-15   8689.60 0 
  8461.68 7.0989e-15   8709.64 0 
  8481.18 7.0182e-15   8729.71 0 
  8500.73 7.1494e-15   8749.84 0 
  8520.33 7.0195e-15   8770.01 0 
  8539.97 7.0040e-15   8790.23 0 
  8559.66 6.6739e-15   8810.49 0 
  8579.39 7.0538e-15   8830.80 0 
  8599.17 6.9097e-15   8851.16 0 
  8618.99 6.7998e-15   8871.56 0 
  8638.86 7.0394e-15   8892.01 0 
  8658.77 6.7232e-15   8912.51 0 
  8678.73 6.4508e-15   8933.05 0 
  8698.74 6.3923e-15   8953.65 0 
  8718.79 6.9454e-15   8974.29 0 
  8738.89 6.8823e-15   8994.98 0 
  8759.04 6.4681e-15   9015.71 0 
  8779.23 6.8994e-15   9036.50 0 
  8799.47 6.8684e-15   9057.33 0 
  8819.75 6.9007e-15   9078.20 0 
  8840.08 6.9652e-15   9099.13 0 
  8860.46 6.7916e-15   9120.11 0 
  8880.89 6.5315e-15   9141.13 0 
  8901.36 6.6689e-15   9162.20 0 
  8921.88 6.6849e-15   9183.33 0 
  8942.45 6.6855e-15   9204.50 0 
  8963.06 6.5039e-15   9225.71 0 
  8983.72 6.4449e-15   9246.98 0 
  9004.43 6.8117e-15   9268.30 0 
  9025.19 5.6143e-15   9289.66 0 
  9046.00 6.9717e-15   9311.08 0 
  9066.85 7.0856e-15   9332.54 0 
  9087.75 6.4331e-15   9354.06 0 
  9108.70 6.4189e-15   9375.62 0 
  9129.70 6.4938e-15   9397.23 0 
  9150.74 6.4795e-15   9418.90 0 
  9171.83 6.5854e-15   9440.61 0 
  9192.98 6.4509e-15   9462.37 0 
  9214.17 6.5413e-15   9484.18 0 
  9235.41 6.0215e-15   9506.05 0 
  9256.71 6.3350e-15   9527.96 0 
  9278.04 6.8044e-15   9549.93 0 
  9299.43 6.3655e-15   9571.94 0 
  9320.87 6.5898e-15   9594.01 0 
  9342.36 6.5753e-15   9616.12 0 
  9363.89 6.5007e-15   9638.29 0 
  9385.47 6.5615e-15   9660.51 0 
  9407.11 6.4275e-15   9682.78 0 
  9428.80 6.5476e-15   9705.10 0 
  9450.53 6.4733e-15   9727.47 0 
  9472.32 6.5489e-15   9749.90 0 
  9494.16 6.5345e-15   9772.37 0 
  9516.04 6.4455e-15   9794.90 0 
  9537.98 6.4017e-15   9817.48 0 
  9559.97 6.1002e-15   9840.11 0 
  9582.00 6.4921e-15   9862.79 0 
  9604.09 6.4184e-15   9885.53 0 
  9626.23 6.4338e-15   9908.32 0 
  9648.42 6.3608e-15   9931.16 0 
  9670.66 6.3468e-15   9954.05 0 
  9692.96 6.4062e-15   9977.00 0 
  9715.30 6.3627e-15  10000.00 0 
  9737.70 6.3196e-15  10023.05 0 
  9760.14 6.2912e-15  10046.15 0 
  9782.64 6.2341e-15  10069.31 0 
  9805.20 6.3361e-15  10092.53 0 
  9827.80 6.2931e-15  10115.80 0 
  9850.46 6.3082e-15  10139.12 0 
  9873.16 6.2799e-15  10162.49 0 
  9895.92 6.2661e-15  10185.91 0 
  9918.73 6.2236e-15  10209.39 0 
  9941.61 6.2386e-15  10232.94 0 
  9964.52 6.2392e-15  10256.52 0 
  9987.49 6.2112e-15  10280.17 0 
 10033.59 6.1132e-15  10327.61 0 
 10079.90 6.0028e-15  10375.28 0 
 10126.43 6.1157e-15  10423.18 0 
 10173.17 6.0609e-15  10471.29 0 
 10220.12 6.0622e-15  10519.62 0 
 10267.31 6.0635e-15  10568.18 0 
 10290.97 6.0224e-15  10592.54 0 
 10506.46 5.8610e-15  10814.34 0 
 10701.78 5.6490e-15  11015.39 0 
 10900.75 5.3947e-15  11220.19 0 
 11103.41 5.2477e-15  11428.79 0 
 11309.84 5.1165e-15  11641.26 0 
 11493.61 5.0813e-15  11830.41 0 
 11707.29 4.9542e-15  12050.36 0 
 11897.51 4.8081e-15  12246.16 0 
 12090.83 4.7095e-15  12445.14 0 
 12287.30 4.6235e-15  12647.37 0 
 12486.96 4.5183e-15  12852.87 0 
 12689.85 4.4053e-15  13061.71 0 
 12896.04 4.3050e-15  13273.95 0 
 13105.59 4.2361e-15  13489.63 0 
 13287.90 4.1302e-15  13677.29 0 
 13503.81 4.0735e-15  13899.53 0 
 13691.67 3.9900e-15  14092.89 0 
 13914.14 3.8902e-15  14321.88 0 
 14107.71 3.7668e-15  14521.12 0 
 14303.97 3.6895e-15  14723.13 0 
 14502.94 3.6810e-15  14927.94 0 
 14704.70 3.5890e-15  15135.61 0 
 14909.26 3.5890e-15  15346.17 0 
 15116.67 3.5725e-15  15559.65 0 
 15291.72 3.5890e-15  15739.83 0 
 15504.45 3.5725e-15  15958.79 0 
 15683.99 3.4992e-15  16143.59 0 
 15902.18 3.3726e-15  16368.17 0 
 16086.30 3.3882e-15  16557.70 0 
 16310.09 3.3649e-15  16788.04 0 
 16498.95 3.2883e-15  16982.44 0 
 16690.01 3.2432e-15  17179.09 0 
 16883.25 3.1694e-15  17378.00 0 
 17118.12 3.0972e-15  17619.75 0 
 17316.35 2.9852e-15  17823.79 0 
 17516.87 2.9172e-15  18030.18 0 
 17719.70 2.8247e-15  18238.96 0 
 17883.65 2.7477e-15  18407.71 0 
 18090.74 2.6422e-15  18620.87 0 
 18300.22 2.5761e-15  18836.49 0 
 18512.14 2.5002e-15  19054.62 0 
 18683.42 2.4042e-15  19230.91 0 
 18899.76 2.3387e-15  19453.60 0 
 19118.62 2.3013e-15  19678.87 0 
 19295.51 2.2283e-15  19860.94 0 
 19518.94 2.1477e-15  20090.93 0 
 19699.56 2.0940e-15  20276.83 0 
 19881.82 2.0369e-15  20464.44 0 
 20112.05 2.0043e-15  20701.41 0 
 20298.15 1.9318e-15  20892.97 0 
 20485.95 1.9009e-15  21086.28 0 
 20723.18 1.8491e-15  21330.45 0 
 20914.93 1.8029e-15  21527.83 0 
 21108.44 1.7659e-15  21727.01 0 
 21303.77 1.7257e-15  21928.05 0 
 21500.87 1.6864e-15  22130.94 0 
 21699.83 1.6329e-15  22335.72 0 
 21900.62 1.6068e-15  22542.40 0 
 22103.25 1.5630e-15  22750.97 0 
 22307.78 1.5240e-15  22961.49 0 
 22514.18 1.4771e-15  23173.93 0 
 22722.51 1.4215e-15  23388.37 0 
 22880.03 1.2776e-15  23550.50 0 
 23091.72 1.2574e-15  23768.40 0 
 23305.39 1.1027e-15  23988.34 0 
 23521.02 1.0310e-15  24210.28 0 
 23684.08 1.0364e-15  24378.11 0 
 23903.20 9.4638e-16  24603.66 0 
 24124.39 9.1087e-16  24831.33 0 
 24291.60 9.0239e-16  25003.44 0 
 24516.38 8.4041e-16  25234.80 0 
 24686.33 8.3215e-16  25409.74 0 
 24767.80 7.5071e-16  25493.60 2 
 24861.85 6.9531e-16  25590.40 2 
 24955.89 7.4872e-16  25687.20 2 
 25049.84 7.1291e-16  25783.90 2 
 25143.88 7.3837e-16  25880.70 2 
 25237.93 7.5599e-16  25977.50 2 
 25331.87 7.4755e-16  26074.20 2 
 25425.92 7.4428e-16  26171.00 2 
 25519.87 7.6650e-16  26267.70 2 
 25613.91 7.3925e-16  26364.50 2 
 25707.95 7.3344e-16  26461.30 2 
 25801.90 7.2897e-16  26558.00 2 
 25895.94 7.7973e-16  26654.80 2 
 25989.99 8.0111e-16  26751.60 2 
 26083.94 8.0368e-16  26848.30 2 
 26177.98 7.7110e-16  26945.10 2 
 26271.93 7.6023e-16  27041.80 2 
 26365.97 7.6577e-16  27138.60 2 
 26460.02 7.1168e-16  27235.40 2 
 26553.96 6.8832e-16  27332.10 2 
 26648.01 6.8296e-16  27428.90 2 
 26742.05 6.5749e-16  27525.70 2 
 26836.00 6.5349e-16  27622.40 2 
 26930.04 6.3574e-16  27719.20 2 
 27023.99 6.7322e-16  27815.90 2 
 27118.03 6.5779e-16  27912.70 2 
 27212.08 6.6003e-16  28009.50 2 
 27306.03 6.5297e-16  28106.20 2 
 27400.07 6.3734e-16  28203.00 2 
 27494.11 6.3257e-16  28299.80 2 
 27588.06 6.4686e-16  28396.50 2 
 27682.10 6.2601e-16  28493.30 2 
 27776.05 6.0473e-16  28590.00 2 
 27870.10 6.1052e-16  28686.80 2 
 27964.14 6.2077e-16  28783.60 2 
 28058.09 6.0590e-16  28880.30 2 
 28152.13 6.2406e-16  28977.10 2 
 28246.17 6.0208e-16  29073.90 2 
 28340.12 5.7471e-16  29170.60 2 
 28434.16 5.6552e-16  29267.40 2 
 28528.11 5.7150e-16  29364.10 2 
 28622.16 5.5640e-16  29460.90 2 
 28716.20 5.4569e-16  29557.70 2 
 28810.15 5.3979e-16  29654.40 2 
 28904.19 5.5570e-16  29751.20 2 
 28998.24 5.3814e-16  29848.00 2 
 29092.18 5.3772e-16  29944.70 2 
 29186.23 4.9513e-16  30041.50 2 
 29280.17 5.0879e-16  30138.20 2 
 29374.22 5.1226e-16  30235.00 2 
 29468.26 5.0911e-16  30331.80 2 
 29562.21 5.0628e-16  30428.50 2 
 29656.25 5.0223e-16  30525.30 2 
 29750.30 4.7587e-16  30622.10 2 
 29844.25 4.6651e-16  30718.80 2 
 29938.29 4.7265e-16  30815.60 2 
 30032.23 5.0875e-16  30912.30 2 
 30126.28 4.8950e-16  31009.10 2 
 30220.32 4.5232e-16  31105.90 2 
 30314.27 4.8367e-16  31202.60 2 
 30408.32 4.9212e-16  31299.40 2 
 30502.36 4.5977e-16  31396.20 2 
 30596.31 4.6237e-16  31492.90 2 
 30690.35 4.5782e-16  31589.70 2 
 30784.30 4.7484e-16  31686.40 2 
 30878.34 4.6827e-16  31783.20 2 
 30972.39 4.5288e-16  31880.00 2 
 31066.33 4.4994e-16  31976.70 2 
 31160.38 4.1408e-16  32073.50 2 
 31254.42 4.1135e-16  32170.30 2 
 31348.37 4.6018e-16  32267.00 2 
 31442.41 4.6884e-16  32363.80 2 
 31536.36 4.4840e-16  32460.50 2 
 31630.40 4.6088e-16  32557.30 2 
 31724.45 4.6280e-16  32654.10 2 
 31818.39 4.6644e-16  32750.80 2 
 31912.44 4.6295e-16  32847.60 2 
 32006.48 4.9514e-16  32944.40 2 
 32100.43 5.4762e-16  33041.10 2 
 32194.48 5.8537e-16  33137.90 2 
 32288.42 6.6871e-16  33234.60 2 
 32382.46 7.4337e-16  33331.40 2 
 32476.51 7.8912e-16  33428.20 2 
 32570.45 9.2121e-16  33524.90 2 
 32664.50 1.0642e-15  33621.70 2 
 32758.54 1.1193e-15  33718.50 2 
 32852.49 1.1064e-15  33815.20 2 
 32946.53 1.0268e-15  33912.00 2 
 33040.48 8.9132e-16  34008.70 2 
 33134.53 7.8399e-16  34105.50 2 
 33228.57 7.1083e-16  34202.30 2 
 33322.52 6.3309e-16  34299.00 2 
 33416.56 5.8557e-16  34395.80 2 
 33510.51 5.8058e-16  34492.50 2 
 33604.55 5.8083e-16  34589.30 2 
 33698.60 5.9534e-16  34686.10 2 
 33792.54 6.0891e-16  34782.80 2 
 33886.59 6.0455e-16  34879.60 2 
 33980.63 6.0720e-16  34976.40 2 
 34074.58 5.8927e-16  35073.10 2 
 34168.62 5.7210e-16  35169.90 2 
 34262.67 5.6329e-16  35266.70 2 
 34356.61 5.5011e-16  35363.40 2 
 34450.66 5.2120e-16  35460.20 2 
 34544.61 5.1525e-16  35556.90 2 
 34638.65 4.7981e-16  35653.70 2 
 34732.69 4.8337e-16  35750.50 2 
 34826.64 4.8825e-16  35847.20 2 
 34920.68 4.6337e-16  35944.00 2 
 35014.73 4.8204e-16  36040.80 2 
 35108.68 4.6060e-16  36137.50 2 
 35202.72 4.4142e-16  36234.30 2 
 35296.67 4.4275e-16  36331.00 2 
 35390.71 4.4995e-16  36427.80 2 
 35484.76 4.2821e-16  36524.60 2 
 35578.70 4.0044e-16  36621.30 2 
 35672.74 4.1057e-16  36718.10 2 
 35766.79 3.9052e-16  36814.90 2 
 35860.74 3.9862e-16  36911.60 2 
 35954.78 3.6932e-16  37008.40 2 
 36048.73 3.7931e-16  37105.10 2 
 36142.77 3.6607e-16  37201.90 2 
 36236.82 3.7639e-16  37298.70 2 
 36330.77 3.6788e-16  37395.40 2 
 36424.81 3.7929e-16  37492.20 2 
 36518.85 3.5865e-16  37589.00 2 
 36612.80 3.6205e-16  37685.70 2 
 36706.84 3.4021e-16  37782.50 2 
 36800.79 3.4754e-16  37879.20 2 
 36894.83 3.3211e-16  37976.00 2 
 36988.88 3.3906e-16  38072.80 2 
 37082.82 3.5763e-16  38169.50 2 
 37176.87 3.6939e-16  38266.30 2 
 37270.91 3.6686e-16  38363.10 2 
 37364.86 3.7355e-16  38459.80 2 
 37458.91 3.4564e-16  38556.60 2 
 37552.85 3.5207e-16  38653.30 2 
 37646.90 3.5487e-16  38750.10 2 
 37740.94 3.5005e-16  38846.90 2 
 37834.89 3.2475e-16  38943.60 2 
 37928.93 3.3450e-16  39040.40 2 
 38022.97 3.2027e-16  39137.20 2 
 38116.92 3.1599e-16  39233.90 2 
 38210.97 3.2421e-16  39330.70 2 
 38304.91 3.2809e-16  39427.40 2 
 38398.96 3.1913e-16  39524.20 2 
 38493.00 3.2556e-16  39621.00 2 
 38586.95 3.1464e-16  39717.70 2 
 38680.99 3.0497e-16  39814.50 2 
 38775.04 3.1012e-16  39911.30 2 
 38868.98 3.0770e-16  40008.00 2 
 38963.03 2.9681e-16  40104.80 2 
 39056.97 3.0418e-16  40201.50 2 
 39151.02 3.2067e-16  40298.30 2 
 39245.06 3.0261e-16  40395.10 2 
 39339.01 3.0230e-16  40491.80 2 
 39433.05 3.0817e-16  40588.60 2 
 39527.10 2.9836e-16  40685.40 2 
 39621.04 2.8644e-16  40782.10 2 
 39715.09 2.8797e-16  40878.90 2 
 39809.03 3.0538e-16  40975.60 2 
 39903.08 2.9976e-16  41072.40 2 
 39997.12 3.0780e-16  41169.20 2 
 40091.07 3.2063e-16  41265.90 2 
 40185.11 3.7791e-16  41362.70 2 
 40279.16 4.1835e-16  41459.50 2 
 40373.11 4.6537e-16  41556.20 2 
 40467.15 4.5088e-16  41653.00 2 
 40561.10 4.1223e-16  41749.70 2 
 40655.14 3.7580e-16  41846.50 2 
 40749.19 3.6027e-16  41943.30 2 
 40843.13 3.0741e-16  42040.00 2 
 40937.17 2.9992e-16  42136.80 2 
 41031.12 2.8293e-16  42233.50 2 
 41125.17 2.8948e-16  42330.30 2 
 41219.21 2.7329e-16  42427.10 2 
 41313.16 2.7142e-16  42523.80 2 
 41407.20 2.5738e-16  42620.60 2 
 41501.25 2.4238e-16  42717.40 2 
 41595.20 2.6468e-16  42814.10 2 
 41689.24 2.7503e-16  42910.90 2 
 41783.28 2.7213e-16  43007.70 2 
 41877.23 2.7579e-16  43104.40 2 
 41971.27 2.7888e-16  43201.20 2 
 42065.22 2.6751e-16  43297.90 2 
 42159.26 2.6028e-16  43394.70 2 
 42253.31 2.5141e-16  43491.50 2 
 42347.26 2.4084e-16  43588.20 2 
 42441.30 2.4601e-16  43685.00 2 
 42535.35 2.5391e-16  43781.80 2 
 42629.29 2.3732e-16  43878.50 2 
 42723.34 2.5712e-16  43975.30 2 
 42817.28 2.6108e-16  44072.00 2 
 42911.33 2.4577e-16  44168.80 2 
 43005.37 2.3431e-16  44265.60 2 
 43099.32 2.2171e-16  44362.30 2 
 43193.36 2.4292e-16  44459.10 2 
 43287.40 2.4482e-16  44555.90 2 
 43381.35 2.3988e-16  44652.60 2 
 43475.40 2.2056e-16  44749.40 2 
 43569.35 2.2444e-16  44846.10 2 
 43663.39 2.2173e-16  44942.90 2 
 43757.44 2.2083e-16  45039.70 2 
 43851.38 2.1858e-16  45136.40 2 
 43945.43 2.2429e-16  45233.20 2 
 44039.47 2.2618e-16  45330.00 2 
 44133.41 2.2593e-16  45426.70 2 
 44227.46 2.1317e-16  45523.50 2 
 44321.40 2.0875e-16  45620.20 2 
 44415.45 2.0455e-16  45717.00 2 
 44509.49 2.0962e-16  45813.80 2 
 44603.44 2.1456e-16  45910.50 2 
 44697.49 1.8820e-16  46007.30 2 
 44791.44 2.0286e-16  46104.00 2 
 44885.48 1.9945e-16  46200.80 2 
 44979.52 1.8231e-16  46297.60 2 
 45073.47 1.8604e-16  46394.30 2 
 45167.51 1.8020e-16  46491.10 2 
 45261.56 1.8868e-16  46587.90 2 
 45355.50 1.9026e-16  46684.60 2 
 45449.55 1.9428e-16  46781.40 2 
 45543.59 1.8538e-16  46878.20 2 
 45637.54 1.9614e-16  46974.90 2 
 45731.58 1.9666e-16  47071.70 2 
 45825.53 2.0415e-16  47168.40 2 
 45919.57 1.9261e-16  47265.20 2 
 46013.62 2.1648e-16  47362.00 2 
 46107.56 2.1835e-16  47458.70 2 
 46201.61 2.4059e-16  47555.50 2 
 46295.56 2.6602e-16  47652.20 2 
 46389.60 2.3287e-16  47749.00 2 
 46483.64 2.4073e-16  47845.80 2 
 46577.59 2.5657e-16  47942.50 2 
 46671.63 2.3806e-16  48039.30 2 
 46765.68 2.2699e-16  48136.10 2 
 46859.62 2.3102e-16  48232.80 2 
 46953.67 2.4035e-16  48329.60 2 
 47047.71 2.2648e-16  48426.40 2 
 47141.66 1.9858e-16  48523.10 2 
 47235.70 1.9360e-16  48619.90 2 
 47329.65 1.8771e-16  48716.60 2 
 47423.69 1.8509e-16  48813.40 2 
 47517.74 1.4264e-16  48910.20 2 
 47611.69 1.8032e-16  49006.90 2 
 47705.73 2.1036e-16  49103.70 2 
 47799.68 1.7717e-16  49200.40 2 
 47893.72 1.7900e-16  49297.20 2 
 47987.77 1.7740e-16  49394.00 2 
 48082.68 1.6227e-16  49491.70 2 
 48563.51 1.6648e-16  49986.62 0 
 49049.15 1.7073e-16  50486.48 0 
 49539.64 1.7502e-16  50991.35 0 
 50035.04 1.7935e-16  51501.26 0 
 50535.38 1.8373e-16  52016.27 0 
 50687.16 1.8505e-16  52172.50 3 
 50980.95 1.8231e-16  52474.90 3 
 51274.75 1.9589e-16  52777.30 3 
 51568.53 2.1977e-16  53079.70 3 
 51862.33 2.2340e-16  53382.10 3 
 52156.22 2.9421e-16  53684.60 3 
 52450.01 3.0103e-16  53987.00 3 
 52743.79 2.6004e-16  54289.40 3 
 53037.58 2.5825e-16  54591.80 3 
 53331.38 2.9306e-16  54894.20 3 
 53625.26 2.2503e-16  55196.70 3 
 53919.06 1.8464e-16  55499.10 3 
 54212.85 1.8009e-16  55801.50 3 
 54506.64 2.1212e-16  56103.90 3 
 54800.43 2.1022e-16  56406.30 3 
 55094.31 2.3637e-16  56708.80 3 
 55388.11 2.3865e-16  57011.20 3 
 55681.90 2.2236e-16  57313.60 3 
 55975.69 2.6790e-16  57616.00 3 
 56269.48 3.5831e-16  57918.40 3 
 56563.37 3.6887e-16  58220.90 3 
 56857.16 3.7410e-16  58523.30 3 
 57150.95 3.9894e-16  58825.70 3 
 57444.74 4.0383e-16  59128.10 3 
 57738.53 3.8583e-16  59430.50 3 
 58032.42 3.4582e-16  59733.00 3 
 58326.21 3.4641e-16  60035.40 3 
 58620.00 3.6382e-16  60337.80 3 
 58913.79 3.5246e-16  60640.20 3 
 59207.58 3.7251e-16  60942.60 3 
 59501.47 4.0021e-16  61245.10 3 
 59795.26 4.6187e-16  61547.50 3 
 60089.05 5.2981e-16  61849.90 3 
 60382.84 5.8235e-16  62152.30 3 
 60676.63 6.1355e-16  62454.70 3 
 60970.52 6.8412e-16  62757.20 3 
 61264.31 8.7711e-16  63059.60 3 
 61558.11 1.2953e-15  63362.00 3 
 61851.89 1.8031e-15  63664.40 3 
 62145.68 2.0479e-15  63966.80 3 
 62439.57 1.9170e-15  64269.30 3 
 62733.36 1.5858e-15  64571.70 3 
 63027.15 1.3046e-15  64874.10 3 
 63320.94 1.0501e-15  65176.50 3 
 63614.74 9.1245e-16  65478.90 3 
 63908.62 8.0590e-16  65781.40 3 
 64202.41 7.1508e-16  66083.80 3 
 64496.20 6.3678e-16  66386.20 3 
 64790.00 5.8804e-16  66688.60 3 
 65083.78 5.4872e-16  66991.00 3 
 65377.67 5.1919e-16  67293.50 3 
 65671.46 5.4359e-16  67595.90 3 
 65965.26 5.6553e-16  67898.30 3 
 66259.04 5.7274e-16  68200.70 3 
 66552.84 5.7091e-16  68503.10 3 
 66846.73 5.4931e-16  68805.60 3 
 67140.51 5.5393e-16  69108.00 3 
 67434.30 5.5511e-16  69410.40 3 
 67728.10 5.3544e-16  69712.80 3 
 68021.89 5.6302e-16  70015.20 3 
 68315.78 5.6788e-16  70317.70 3 
 68609.57 5.7652e-16  70620.10 3 
 68903.36 6.4779e-16  70922.50 3 
 69197.15 6.7573e-16  71224.90 3 
 69490.93 7.9575e-16  71527.30 3 
 69784.82 9.6876e-16  71829.80 3 
 70078.62 9.2751e-16  72132.20 3 
 70372.41 7.4818e-16  72434.60 3 
 70666.20 7.1414e-16  72737.00 3 
 70959.99 7.2296e-16  73039.40 3 
 71253.87 7.4468e-16  73341.90 3 
 71547.66 7.7069e-16  73644.30 3 
 71841.46 7.7641e-16  73946.70 3 
 72135.25 7.8333e-16  74249.10 3 
 72429.04 7.7173e-16  74551.50 3 
 72722.93 9.1153e-16  74854.00 3 
 73016.72 8.5516e-16  75156.40 3 
 73310.51 1.0214e-15  75458.80 3 
 73604.30 1.0860e-15  75761.20 3 
 74191.88 1.2689e-15  76366.00 3 
 74779.56 1.5560e-15  76970.90 3 
 75367.14 1.8355e-15  77575.70 3 
 75954.72 2.0171e-15  78180.50 3 
 76542.40 2.0255e-15  78785.40 3 
 77129.99 1.9253e-15  79390.20 3 
 77717.66 1.8536e-15  79995.10 3 
 78305.24 1.7772e-15  80599.90 3 
 78892.83 1.6064e-15  81204.70 3 
 79480.50 1.3845e-15  81809.59 3 
 80068.08 1.2036e-15  82414.40 3 
 80655.67 1.0315e-15  83019.20 3 
 81243.34 8.9811e-16  83624.09 3 
 81830.93 8.3793e-16  84228.90 3 
 82418.50 8.1993e-16  84833.70 3 
 83006.19 8.3068e-16  85438.60 3 
 83593.77 8.3568e-16  86043.40 3 
 84181.45 8.5361e-16  86648.30 3 
 84769.03 8.9201e-16  87253.10 3 
 85356.62 9.4798e-16  87857.91 3 
 85944.29 9.8939e-16  88462.80 3 
 86531.87 9.1848e-16  89067.60 3 
 87119.46 7.9206e-16  89672.41 3 
 87707.13 6.4522e-16  90277.30 3 
 88294.71 5.1836e-16  90882.10 3 
 88882.29 4.3048e-16  91486.90 3 
 89469.97 4.1830e-16  92091.80 3 
 90057.55 4.0605e-16  92696.60 3 
 90645.23 3.2133e-16  93301.50 3 
 91232.81 2.9170e-16  93906.30 3 
 91820.40 2.8370e-16  94511.10 3 
 92408.07 2.8173e-16  95115.99 3 
 92995.65 2.7336e-16  95720.80 3 
 93583.24 2.6025e-16  96325.60 3 
 94170.92 2.5812e-16  96930.50 3 
 94758.49 2.6377e-16  97535.30 3 
 95346.07 2.5664e-16  98140.09 3 
 95933.76 2.6363e-16  98745.00 3 
 96521.34 2.9974e-16  99349.80 3 
 97109.02 2.7689e-16  99954.70 3 
 97696.60 2.3944e-16 100559.50 3 
 98284.18 2.3171e-16 101164.30 3 
 98871.86 2.2709e-16 101769.20 3 
 99459.44 2.2038e-16 102374.00 3 
100047.03 2.2257e-16 102978.80 3 
100634.70 2.2393e-16 103583.70 3 
101222.28 2.2621e-16 104188.50 3 
101809.86 2.2080e-16 104793.30 3 
102397.54 2.1901e-16 105398.20 3 
102985.12 2.2487e-16 106003.00 3 
103572.81 2.2763e-16 106607.91 3 
104160.38 2.3888e-16 107212.70 3 
104747.97 2.6579e-16 107817.50 3 
105335.65 3.0074e-16 108422.41 3 
105923.23 2.9815e-16 109027.20 3 
106510.81 2.9159e-16 109632.00 3 
107098.48 2.9715e-16 110236.90 3 
107686.07 2.9880e-16 110841.70 3 
108273.66 2.9869e-16 111446.51 3 
108861.33 3.1646e-16 112051.40 3 
109448.91 3.5841e-16 112656.20 3 
110036.59 4.2639e-16 113261.10 3 
110624.17 4.6336e-16 113865.90 3 
111211.75 5.8548e-16 114470.70 3 
111799.43 8.9415e-16 115075.60 3 
112387.01 1.1314e-15 115680.40 3 
112974.60 1.0363e-15 116285.20 3 
113562.27 8.3805e-16 116890.09 3 
114149.85 6.7817e-16 117494.90 3 
114737.43 5.6897e-16 118099.70 3 
115325.11 5.0162e-16 118704.59 3 
115912.69 4.6842e-16 119309.40 3 
116500.38 4.2795e-16 119914.30 3 
117087.96 4.1616e-16 120519.10 3 
117675.53 4.1092e-16 121123.90 3 
118263.22 4.2209e-16 121728.80 3 
118850.80 4.4056e-16 122333.60 3 
119438.38 4.5594e-16 122938.41 3 
120026.05 4.5791e-16 123543.30 3 
120613.64 4.4261e-16 124148.10 3 
121201.23 4.3600e-16 124752.91 3 
121788.90 4.3068e-16 125357.80 3 
122376.48 4.5945e-16 125962.60 3 
122964.16 4.9679e-16 126567.50 3 
123551.74 4.9039e-16 127172.30 3 
124139.32 4.9220e-16 127777.10 3 
124727.00 5.1085e-16 128382.00 3 
125314.58 5.3812e-16 128986.80 3 
125902.16 5.5970e-16 129591.60 3 
126489.85 5.9986e-16 130196.51 3 
127077.42 6.4486e-16 130801.30 3 
127665.00 8.8805e-16 131406.09 3 
128252.68 1.1463e-15 132011.00 3 
128840.26 7.4610e-16 132615.80 3 
129427.84 4.3516e-16 133220.59 3 
130015.53 3.8816e-16 133825.50 3 
130603.10 3.7446e-16 134430.30 3 
131190.79 3.6847e-16 135035.20 3 
131778.37 3.6697e-16 135640.00 3 
132365.95 3.6764e-16 136244.80 3 
132953.63 3.6497e-16 136849.70 3 
133541.21 3.5545e-16 137454.50 3 
134128.79 3.5913e-16 138059.30 3 
134716.47 3.5357e-16 138664.20 3 
135304.05 3.5959e-16 139269.00 3 
135891.63 3.5575e-16 139873.80 3 
136479.31 3.5104e-16 140478.70 3 
137066.89 3.4268e-16 141083.50 3 
137654.58 3.3375e-16 141688.41 3 
138242.16 3.2760e-16 142293.20 3 
138829.73 3.1837e-16 142898.00 3 
139417.42 3.1096e-16 143502.91 3 
140005.00 3.0098e-16 144107.70 3 
140592.58 2.9975e-16 144712.50 3 
141623.95 3.4481e-16 145774.09 3 
142446.65 3.5554e-16 146620.91 3 
143269.34 3.4175e-16 147467.70 3 
144092.03 3.2799e-16 148314.50 3 
144914.62 3.2084e-16 149161.20 3 
145737.31 3.0834e-16 150008.00 3 
146560.00 3.0810e-16 150854.80 3 
147382.60 3.1515e-16 151701.50 3 
148205.29 3.1561e-16 152548.30 3 
149027.98 3.1091e-16 153395.09 3 
149850.58 3.0747e-16 154241.80 3 
150673.26 3.0684e-16 155088.59 3 
151495.97 3.0993e-16 155935.41 3 
152318.57 3.1239e-16 156782.11 3 
153141.25 3.1455e-16 157628.91 3 
153963.94 3.2930e-16 158475.70 3 
154786.53 3.5672e-16 159322.39 3 
155609.23 4.8253e-16 160169.20 3 
156431.92 4.4853e-16 161016.00 3 
157254.61 3.5991e-16 161862.80 3 
158077.21 3.5102e-16 162709.50 3 
158899.91 3.4593e-16 163556.31 3 
159722.58 3.4822e-16 164403.09 3 
160545.20 3.4856e-16 165249.81 3 
161367.87 3.5605e-16 166096.59 3 
162190.56 3.7040e-16 166943.39 3 
163013.17 3.9043e-16 167790.11 3 
163835.85 4.1883e-16 168636.89 3 
164658.55 4.4359e-16 169483.70 3 
165481.13 4.3421e-16 170330.39 3 
166303.84 4.2397e-16 171177.20 3 
167126.52 4.3422e-16 172024.00 3 
167949.11 4.4174e-16 172870.69 3 
168771.81 4.4373e-16 173717.50 3 
169594.50 4.6956e-16 174564.30 3 
170417.19 5.6095e-16 175411.09 3 
171239.79 5.1508e-16 176257.80 3 
172062.49 4.7228e-16 177104.61 3 
172885.16 4.6158e-16 177951.39 3 
173707.78 4.5839e-16 178798.11 3 
174530.47 4.5233e-16 179644.91 3 
175353.15 4.2984e-16 180491.70 3 
176175.75 4.1844e-16 181338.41 3 
176998.43 4.0924e-16 182185.19 3 
177821.13 4.1445e-16 183032.00 3 
178643.73 4.2135e-16 183878.70 3 
179466.42 4.2556e-16 184725.50 3 
180289.10 4.1468e-16 185572.30 3 
181111.69 4.0579e-16 186418.98 3 
181934.39 4.0212e-16 187265.80 3 
182757.10 4.0464e-16 188112.61 3 
183579.78 4.0732e-16 188959.41 3 
184402.37 4.1003e-16 189806.09 3 
185225.07 4.1743e-16 190652.91 3 
186047.74 4.4509e-16 191499.69 3 
186870.36 5.5771e-16 192346.41 3 
187693.05 7.1749e-16 193193.20 3 
188515.73 4.7614e-16 194040.00 3 
189338.33 4.2632e-16 194886.70 3 
190161.04 4.3424e-16 195733.52 3 
190983.71 4.3443e-16 196580.30 3 
191806.31 4.2620e-16 197427.00 3 
192629.00 4.2473e-16 198273.80 3 
193451.69 4.2351e-16 199120.59 3 
194274.30 4.2301e-16 199967.31 3 
195096.97 4.2346e-16 200814.09 3 
195919.68 4.3046e-16 201660.91 3 
196742.36 4.3508e-16 202507.70 3 
197564.95 4.2893e-16 203354.39 3 
198387.65 4.2777e-16 204201.20 3 
200032.94 3.9732e-16 205894.70 3 
201678.32 4.4425e-16 207588.30 3 
203323.62 4.3215e-16 209281.81 3 
204968.89 4.5033e-16 210975.30 3 
206614.27 4.6831e-16 212668.89 3 
208259.55 4.6581e-16 214362.39 3 
209904.95 4.6262e-16 216056.00 3 
211550.23 4.7332e-16 217749.50 3 
213195.52 4.7079e-16 219443.00 3 
214840.91 4.6722e-16 221136.61 3 
216486.20 4.6946e-16 222830.11 3 
218131.47 4.8469e-16 224523.59 3 
219776.85 4.8145e-16 226217.19 3 
221422.15 4.7502e-16 227910.70 3 
223067.53 4.8303e-16 229604.30 3 
224712.81 5.0014e-16 231297.80 3 
226358.10 4.9531e-16 232991.30 3 
228003.49 5.0316e-16 234684.91 3 
229648.78 5.1922e-16 236378.41 3 
231294.06 5.0179e-16 238071.91 3 
232939.43 5.0012e-16 239765.48 3 
234584.73 5.0091e-16 241459.00 3 
236230.11 5.1922e-16 243152.59 3 
237875.39 5.2075e-16 244846.09 3 
239520.68 5.1778e-16 246539.59 3 
241166.07 5.1771e-16 248233.20 3 
242811.36 5.1974e-16 249926.70 3 
244456.65 5.1408e-16 251620.20 3 
246102.04 5.0939e-16 253313.81 3 
247747.32 5.1622e-16 255007.31 3 
249392.69 5.2600e-16 256700.89 3 
251037.97 5.1717e-16 258394.39 3 
252683.26 5.1619e-16 260087.89 3 
254328.65 5.1380e-16 261781.50 3 
255973.94 5.1966e-16 263475.00 3 
257619.23 5.2725e-16 265168.50 3 
259264.60 5.3673e-16 266862.09 3 
260909.89 5.4269e-16 268555.59 3 
262555.27 5.3781e-16 270249.19 3 
264200.55 5.3697e-16 271942.69 3 
265845.87 5.3571e-16 273636.22 3 
267491.25 5.3447e-16 275329.81 3 
269136.51 5.3458e-16 277023.28 3 
270781.79 5.4036e-16 278716.78 3 
272427.20 5.4338e-16 280410.41 3 
274072.49 5.4730e-16 282103.91 3 
275717.86 5.4858e-16 283797.50 3 
277363.15 5.5234e-16 285491.00 3 
279008.44 5.5438e-16 287184.50 3 
280653.81 5.6365e-16 288878.09 3 
282299.10 5.6822e-16 290571.59 3 
283944.39 5.5569e-16 292265.09 3 
285589.77 5.5697e-16 293958.69 3 
287235.05 5.5970e-16 295652.19 3 
288880.43 5.6463e-16 297345.78 3 
290525.75 5.6255e-16 299039.31 3 
292171.03 5.5465e-16 300732.81 3 
293816.41 5.5851e-16 302426.41 3 
295461.70 5.6776e-16 304119.91 3 
297106.98 5.7043e-16 305813.41 3 
298752.36 5.7660e-16 307507.00 3 
300397.65 5.8041e-16 309200.50 3 
302043.02 5.8215e-16 310894.09 3 
303688.31 5.8019e-16 312587.59 3 
305333.60 5.6923e-16 314281.09 3 
306978.98 5.9106e-16 315974.69 3 
308624.29 5.8620e-16 317668.22 3 
310269.58 5.8373e-16 319361.72 3 
311914.96 5.9078e-16 321055.31 3 
313560.21 5.9763e-16 322748.78 3 
315205.62 5.9970e-16 324442.41 3 
316850.91 5.9931e-16 326135.91 3 
318496.19 5.9338e-16 327829.41 3 
320141.57 6.0064e-16 329523.00 3 
321786.86 6.2207e-16 331216.50 3 
323432.14 6.3932e-16 332910.00 3 
325077.55 6.5819e-16 334603.62 3 
326722.84 6.3985e-16 336297.12 3 
328368.19 6.6307e-16 337990.69 3 
330013.47 6.8363e-16 339684.19 3 
331658.79 6.6009e-16 341377.72 3 
333304.14 7.3886e-16 343071.28 3 
334949.42 8.2710e-16 344764.78 3 
336594.71 7.5699e-16 346458.28 3 
338240.12 6.9454e-16 348151.91 3 
339885.37 6.8777e-16 349845.38 3 
