# An Atlas of Galaxy Spectral Energy Distributions from the Ultraviolet to the Mid-Infrared
# Brown et al. (2014)
# http://dx.doi.org/10.5072/03/529D3551F0117
# 
# Column 1 : Restframe Wavelength (Angstrom)
# Column 2 : Flux per unit wavelength (ergs/s/cm^2/Angstrom)
# Column 3 : Observed wavelength (Angstrom)
# Column 4 : Source (0 = model, 1 = Optical Spectrum, 2 = Akari, 3 = Spitzer IRS)
# 
   102.05 5.2965e-20    102.33 0 
   103.95 6.2085e-20    104.23 0 
   105.88 7.4988e-20    106.17 0 
   108.10 9.1831e-20    108.39 0 
   110.11 1.3552e-19    110.41 0 
   113.98 1.8578e-19    114.29 0 
   117.99 2.4043e-19    118.30 0 
   121.01 7.6558e-19    121.34 0 
   124.98 9.6826e-19    125.31 0 
   127.01 1.0666e-18    127.35 0 
   127.89 1.1324e-18    128.23 0 
   130.87 1.2882e-18    131.22 0 
   132.08 1.4859e-18    132.43 0 
   133.92 1.6106e-18    134.28 0 
   137.03 2.0137e-18    137.40 0 
   139.90 2.2646e-18    140.28 0 
   143.16 4.8194e-18    143.55 0 
   146.83 9.7721e-18    147.23 0 
   150.95 1.1015e-17    151.36 0 
   155.18 1.2531e-17    155.60 0 
   159.16 1.4190e-17    159.59 0 
   162.12 1.5524e-17    162.55 0 
   165.89 1.7579e-17    166.34 0 
   170.15 1.9543e-17    170.61 0 
   172.91 2.1232e-17    173.38 0 
   176.94 2.3442e-17    177.42 0 
   179.82 2.5234e-17    180.30 0 
   181.90 2.6484e-17    182.39 0 
   186.14 2.9040e-17    186.64 0 
   190.91 3.2433e-17    191.43 0 
   194.01 3.4833e-17    194.54 0 
   198.07 3.7756e-17    198.61 0 
   202.22 4.1019e-17    202.77 0 
   205.04 4.3450e-17    205.59 0 
   209.81 4.6025e-17    210.38 0 
   216.19 5.3087e-17    216.77 0 
   220.21 5.7015e-17    220.80 0 
   222.76 5.9428e-17    223.36 0 
   226.90 6.3825e-17    227.51 0 
   230.05 9.7947e-17    230.67 0 
   233.79 1.6749e-16    234.42 0 
   239.79 2.1086e-16    240.44 0 
   245.94 2.0796e-16    246.60 0 
   252.25 2.2438e-16    252.93 0 
   256.94 1.9408e-16    257.63 0 
   259.91 2.2594e-16    260.62 0 
   264.14 2.3988e-16    264.85 0 
   269.05 2.4434e-16    269.77 0 
   274.05 2.4774e-16    274.79 0 
   279.14 2.5176e-16    279.90 0 
   283.68 2.5585e-16    284.45 0 
   290.29 2.4945e-16    291.07 0 
   295.69 2.5822e-16    296.48 0 
   301.18 2.5644e-16    302.00 0 
   308.20 2.6484e-16    309.03 0 
   318.29 2.7733e-16    319.15 0 
   327.97 2.8313e-16    328.85 0 
   337.93 2.8707e-16    338.84 0 
   348.20 2.9106e-16    349.14 0 
   357.13 2.9991e-16    358.10 0 
   366.29 3.1622e-16    367.28 0 
   374.83 3.2359e-16    375.84 0 
   385.33 3.1695e-16    386.37 0 
   395.21 3.5236e-16    396.28 0 
   405.35 3.8370e-16    406.44 0 
   413.84 3.9994e-16    414.95 0 
   421.53 4.0550e-16    422.67 0 
   430.36 4.1590e-16    431.52 0 
   441.40 4.6450e-16    442.59 0 
   450.64 4.9544e-16    451.86 0 
   460.08 5.0002e-16    461.32 0 
   469.71 5.3455e-16    470.98 0 
   479.54 5.9840e-16    480.84 0 
   489.59 5.9155e-16    490.91 0 
   499.84 6.9822e-16    501.19 0 
   505.63 6.8547e-16    506.99 0 
   511.48 9.5938e-16    512.86 0 
   519.79 9.8626e-16    521.19 0 
   529.46 1.0069e-15    530.88 0 
   540.54 9.5717e-16    542.00 0 
   550.59 1.0116e-15    552.08 0 
   559.54 1.2912e-15    561.05 0 
   569.94 1.4757e-15    571.48 0 
   580.54 1.5346e-15    582.10 0 
   589.97 1.6672e-15    591.56 0 
   599.56 1.5812e-15    601.17 0 
   610.70 1.5958e-15    612.35 0 
   620.63 2.0511e-15    622.30 0 
   630.71 2.0796e-15    632.41 0 
   639.48 2.3334e-15    641.21 0 
   649.87 2.3988e-15    651.63 0 
   657.40 2.3550e-15    659.17 0 
   665.01 2.6484e-15    666.81 0 
   674.26 2.8707e-15    676.08 0 
   685.22 2.6853e-15    687.07 0 
   694.75 3.1477e-15    696.63 0 
   704.42 2.8118e-15    706.32 0 
   715.86 3.5236e-15    717.79 0 
   725.82 3.6897e-15    727.78 0 
   734.23 3.8370e-15    736.21 0 
   744.44 3.8993e-15    746.45 0 
   754.80 4.0178e-15    756.83 0 
   765.30 3.8106e-15    767.36 0 
   774.16 4.3151e-15    776.25 0 
   784.93 4.2266e-15    787.05 0 
   795.85 4.5813e-15    797.99 0 
   805.06 4.7972e-15    807.24 0 
   814.38 4.9658e-15    816.58 0 
   825.71 5.1759e-15    827.94 0 
   835.28 4.4360e-15    837.53 0 
   844.95 5.3826e-15    847.23 0 
   854.73 5.4575e-15    857.04 0 
   864.63 5.7543e-15    866.96 0 
   874.64 5.9291e-15    877.00 0 
   884.77 6.0952e-15    887.16 0 
   895.01 6.2516e-15    897.43 0 
   905.38 6.2804e-15    907.82 0 
   915.86 6.5161e-15    918.33 0 
   924.34 1.7579e-14    926.83 0 
   935.04 3.0408e-14    937.56 0 
   945.87 4.7205e-14    948.42 0 
   954.62 5.9840e-14    957.19 0 
   965.67 6.8075e-14    968.28 0 
   974.61 2.1877e-14    977.24 0 
   985.89 6.0952e-14    988.55 0 
   995.01 6.0672e-14    997.70 0 
  1004.22 7.8522e-14   1006.93 0 
  1015.85 7.6382e-14   1018.59 0 
  1025.25 4.2169e-14   1028.02 0 
  1034.74 6.2516e-14   1037.53 0 
  1044.31 9.7272e-14   1047.13 0 
  1053.97 9.5717e-14   1056.82 0 
  1066.18 8.0722e-14   1069.05 0 
  1076.04 9.1409e-14   1078.95 0 
  1086.00 7.7623e-14   1088.93 0 
  1096.05 9.4840e-14   1099.01 0 
  1106.19 9.1620e-14   1109.18 0 
  1113.86 8.9948e-14   1116.86 0 
  1124.16 8.1656e-14   1127.20 0 
  1134.57 9.7049e-14   1137.63 0 
  1145.06 9.0571e-14   1148.15 0 
  1155.66 9.3538e-14   1158.78 0 
  1163.67 9.5058e-14   1166.81 0 
  1174.44 6.9341e-14   1177.61 0 
  1185.30 9.1409e-14   1188.50 0 
  1196.27 7.1943e-14   1199.50 0 
  1204.56 5.8748e-14   1207.81 0 
  1215.71 4.1114e-14   1218.99 0 
  1224.14 6.8547e-14   1227.44 0 
  1235.46 9.1199e-14   1238.80 0 
  1244.03 9.7721e-14   1247.38 0 
  1255.54 9.5497e-14   1258.93 0 
  1264.24 8.7094e-14   1267.65 0 
  1275.94 1.0351e-13   1279.38 0 
  1284.78 1.0690e-13   1288.25 0 
  1293.69 9.1199e-14   1297.18 0 
  1305.66 9.0363e-14   1309.18 0 
  1314.71 1.0544e-13   1318.26 0 
  1323.82 1.0162e-13   1327.39 0 
  1336.07 9.3970e-14   1339.68 0 
  1345.33 1.0495e-13   1348.96 0 
  1354.66 1.0209e-13   1358.31 0 
  1364.05 9.4404e-14   1367.73 0 
  1373.50 9.6826e-14   1377.21 0 
  1386.21 9.7272e-14   1389.95 0 
  1395.82 8.2602e-14   1399.59 0 
  1405.50 8.3174e-14   1409.29 0 
  1415.24 9.1620e-14   1419.06 0 
  1425.05 9.1409e-14   1428.89 0 
  1434.93 9.2255e-14   1438.80 0 
  1441.55 9.5497e-14   1445.44 0 
  1448.20 9.6381e-14   1452.11 0 
  1454.89 9.3754e-14   1458.81 0 
  1464.97 8.8510e-14   1468.93 0 
  1475.13 8.8510e-14   1479.11 0 
  1485.35 8.9328e-14   1489.36 0 
  1495.65 8.9948e-14   1499.69 0 
  1506.02 8.6296e-14   1510.08 0 
  1512.97 7.9248e-14   1517.05 0 
  1516.45 8.2792e-14   1520.55 0 
  1523.45 8.1094e-14   1527.57 0 
  1534.01 7.1943e-14   1538.15 0 
  1544.65 7.3281e-14   1548.82 0 
  1555.35 7.0630e-14   1559.55 0 
  1566.14 7.3959e-14   1570.36 0 
  1573.36 7.8161e-14   1577.61 0 
  1584.27 8.0722e-14   1588.55 0 
  1595.25 8.2033e-14   1599.56 0 
  1606.31 7.9614e-14   1610.65 0 
  1613.73 7.9066e-14   1618.08 0 
  1624.91 7.6382e-14   1629.30 0 
  1636.17 7.9798e-14   1640.59 0 
  1643.73 8.0351e-14   1648.16 0 
  1655.12 7.6382e-14   1659.59 0 
  1666.59 8.1094e-14   1671.09 0 
  1670.43 7.3789e-14   1674.94 0 
  1678.15 8.2602e-14   1682.67 0 
  1685.89 8.3944e-14   1690.44 0 
  1693.67 7.9798e-14   1698.24 0 
  1705.41 7.7444e-14   1710.02 0 
  1713.28 7.4471e-14   1717.91 0 
  1725.16 7.3789e-14   1729.82 0 
  1733.12 7.7623e-14   1737.80 0 
  1745.14 7.6031e-14   1749.85 0 
  1753.19 7.9248e-14   1757.92 0 
  1765.34 7.4129e-14   1770.11 0 
  1773.49 7.5161e-14   1778.28 0 
  1785.79 7.6206e-14   1790.61 0 
  1794.03 7.9431e-14   1798.87 0 
  1806.46 7.8703e-14   1811.34 0 
  1814.80 7.4300e-14   1819.70 0 
  1823.18 7.4988e-14   1828.10 0 
  1835.82 7.2776e-14   1840.77 0 
  1844.29 6.7763e-14   1849.27 0 
  1857.07 6.8390e-14   1862.09 0 
  1865.65 6.9983e-14   1870.68 0 
  1874.26 7.3281e-14   1879.32 0 
  1882.91 6.8547e-14   1887.99 0 
  1895.96 6.6526e-14   1901.08 0 
  1904.71 6.9341e-14   1909.85 0 
  1913.50 6.7451e-14   1918.67 0 
  1926.77 6.5462e-14   1931.97 0 
  1935.66 6.6679e-14   1940.89 0 
  1944.60 6.9822e-14   1949.84 0 
  1953.57 6.5764e-14   1958.84 0 
  1967.11 7.0468e-14   1972.42 0 
  1976.19 7.1778e-14   1981.53 0 
  1985.32 6.8705e-14   1990.67 0 
  1994.48 6.6987e-14   1999.86 0 
  2003.68 6.8075e-14   2009.09 0 
  2012.93 6.6679e-14   2018.37 0 
  2026.89 6.8075e-14   2032.36 0 
  2036.24 6.5764e-14   2041.74 0 
  2045.64 6.7451e-14   2051.16 0 
  2055.08 6.2660e-14   2060.63 0 
  2064.57 6.3825e-14   2070.14 0 
  2074.10 6.8864e-14   2079.70 0 
  2078.88 6.7296e-14   2084.49 0 
  2083.67 6.9182e-14   2089.30 0 
  2093.29 6.5916e-14   2098.94 0 
  2102.95 6.6068e-14   2108.63 0 
  2112.66 6.6833e-14   2118.36 0 
  2127.30 6.6987e-14   2133.04 0 
  2137.12 6.3240e-14   2142.89 0 
  2146.99 6.4713e-14   2152.78 0 
  2156.90 6.6220e-14   2162.72 0 
  2166.85 6.3972e-14   2172.70 0 
  2176.85 6.3678e-14   2182.73 0 
  2186.90 6.3385e-14   2192.81 0 
  2197.00 6.5613e-14   2202.93 0 
  2207.14 6.3825e-14   2213.09 0 
  2217.32 6.0672e-14   2223.31 0 
  2227.56 5.9702e-14   2233.57 0 
  2232.69 6.3240e-14   2238.72 0 
  2243.00 6.0952e-14   2249.05 0 
  2253.35 5.8209e-14   2259.44 0 
  2263.75 5.8748e-14   2269.86 0 
  2274.20 5.9978e-14   2280.34 0 
  2284.70 6.1516e-14   2290.87 0 
  2295.25 5.7956e-14   2301.44 0 
  2305.84 5.9142e-14   2312.07 0 
  2316.48 5.6977e-14   2322.74 0 
  2327.18 4.8139e-14   2333.46 0 
  2332.54 5.3199e-14   2338.84 0 
  2343.31 5.0899e-14   2349.63 0 
  2354.12 5.5401e-14   2360.48 0 
  2364.99 5.0854e-14   2371.37 0 
  2375.91 5.2498e-14   2382.32 0 
  2386.87 4.8301e-14   2393.32 0 
  2392.38 5.0858e-14   2398.83 0 
  2403.42 4.9566e-14   2409.91 0 
  2414.51 5.0583e-14   2421.03 0 
  2425.66 5.4303e-14   2432.20 0 
  2436.85 5.2680e-14   2443.43 0 
  2442.47 5.5216e-14   2449.06 0 
  2453.75 5.4814e-14   2460.37 0 
  2465.07 5.4041e-14   2471.72 0 
  2476.45 5.2186e-14   2483.13 0 
  2482.16 5.1638e-14   2488.86 0 
  2493.62 4.8173e-14   2500.35 0 
  2505.13 5.5036e-14   2511.89 0 
  2510.90 4.8202e-14   2517.68 0 
  2516.69 4.8583e-14   2523.48 0 
  2522.49 4.7523e-14   2529.30 0 
  2534.13 4.8837e-14   2540.97 0 
  2545.83 4.8596e-14   2552.70 0 
  2557.58 5.2656e-14   2564.48 0 
  2563.48 5.0567e-14   2570.40 0 
  2575.31 5.3299e-14   2582.26 0 
  2587.20 5.2550e-14   2594.18 0 
  2593.16 5.1523e-14   2600.16 0 
  2605.13 4.9758e-14   2612.16 0 
  2617.15 4.8722e-14   2624.22 0 
  2623.19 5.1541e-14   2630.27 0 
  2635.30 5.4703e-14   2642.41 0 
  2647.46 6.0101e-14   2654.61 0 
  2653.56 6.3141e-14   2660.72 0 
  2665.81 5.5999e-14   2673.01 0 
  2671.96 5.8562e-14   2679.17 0 
  2684.29 5.9633e-14   2691.54 0 
  2696.68 5.5381e-14   2703.96 0 
  2702.90 5.7783e-14   2710.19 0 
  2715.37 5.3787e-14   2722.70 0 
  2727.91 5.2913e-14   2735.27 0 
  2734.19 5.5590e-14   2741.57 0 
  2746.82 4.7740e-14   2754.23 0 
  2753.15 4.9811e-14   2760.58 0 
  2765.86 5.2507e-14   2773.32 0 
  2772.23 5.4659e-14   2779.71 0 
  2785.03 4.9722e-14   2792.54 0 
  2797.88 3.9943e-14   2805.43 0 
  2804.33 4.2353e-14   2811.90 0 
  2817.28 5.3553e-14   2824.88 0 
  2823.77 5.8108e-14   2831.39 0 
  2836.80 5.6381e-14   2844.46 0 
  2843.34 5.3899e-14   2851.02 0 
  2856.47 4.9486e-14   2864.18 0 
  2863.05 5.7668e-14   2870.78 0 
  2876.27 5.9545e-14   2884.03 0 
  2882.90 5.8385e-14   2890.68 0 
  2896.21 5.9458e-14   2904.02 0 
  2909.57 6.6088e-14   2917.43 0 
  2929.74 6.2877e-14   2937.65 0 
  2950.05 6.1499e-14   2958.01 0 
  2970.50 6.2987e-14   2978.52 0 
  2991.09 6.3189e-14   2999.16 0 
  3011.82 6.3978e-14   3019.95 0 
  3032.70 6.4481e-14   3040.89 0 
  3046.70 6.5218e-14   3054.92 0 
  3067.82 6.6187e-14   3076.10 0 
  3089.08 6.6402e-14   3097.42 0 
  3110.49 6.7858e-14   3118.89 0 
  3132.06 6.6378e-14   3140.51 0 
  3146.51 6.6523e-14   3155.01 0 
  3168.32 6.7983e-14   3176.87 0 
  3190.29 6.3803e-14   3198.90 0 
  3212.40 6.6878e-14   3221.07 0 
  3227.23 6.2552e-14   3235.94 0 
  3249.60 6.9774e-14   3258.37 0 
  3272.12 7.4156e-14   3280.95 0 
  3287.22 7.3472e-14   3296.10 0 
  3310.01 7.2708e-14   3318.94 0 
  3325.29 7.2038e-14   3334.26 0 
  3332.95 7.4826e-14   3341.95 0 
  3340.64 6.9270e-14   3349.66 0 
  3348.34 7.8169e-14   3357.38 0 
  3356.06 7.4908e-14   3365.12 0 
  3363.80 6.3390e-14   3372.87 0 
  3371.55 6.5843e-14   3380.65 0 
  3379.32 7.5337e-14   3388.44 0 
  3387.11 7.3875e-14   3396.25 0 
  3394.92 7.1120e-14   3404.08 0 
  3402.74 8.0629e-14   3411.93 0 
  3410.59 7.0955e-14   3419.79 0 
  3418.45 7.0548e-14   3427.68 0 
  3426.33 7.3957e-14   3435.58 0 
  3434.23 7.9703e-14   3443.50 0 
  3442.15 7.0303e-14   3451.44 0 
  3450.08 7.3362e-14   3459.39 0 
  3458.03 7.4297e-14   3467.37 0 
  3466.01 7.2356e-14   3475.36 0 
  3474.00 7.6731e-14   3483.37 0 
  3482.01 7.1035e-14   3491.40 0 
  3490.03 7.6732e-14   3499.45 0 
  3498.08 6.9579e-14   3507.52 0 
  3506.14 7.7621e-14   3515.60 0 
  3514.22 7.1529e-14   3523.71 0 
  3522.33 7.7444e-14   3531.83 0 
  3530.44 7.0712e-14   3539.97 0 
  3538.58 7.8523e-14   3548.13 0 
  3546.74 8.0261e-14   3556.31 0 
  3554.92 8.0354e-14   3564.51 0 
  3563.11 7.7717e-14   3572.73 0 
  3571.32 6.9988e-14   3580.96 0 
  3579.56 7.1209e-14   3589.22 0 
  3587.81 6.3686e-14   3597.49 0 
  3596.08 7.3544e-14   3605.79 0 
  3603.29 1.4819e-13   3613.02 1 
  3606.04 9.1265e-14   3615.77 1 
  3608.78 1.2522e-13   3618.52 1 
  3611.52 7.3015e-14   3621.27 1 
  3614.27 5.7095e-14   3624.02 1 
  3617.01 3.2699e-14   3626.77 1 
  3619.75 7.4446e-15   3629.52 1 
  3622.49 3.4825e-14   3632.27 1 
  3625.24 1.7907e-15   3635.02 1 
  3627.98 3.6244e-14   3637.77 1 
  3630.72 9.0392e-15   3640.52 1 
  3633.46 4.8518e-14   3643.27 1 
  3636.21 8.4609e-14   3646.02 1 
  3638.95 4.3052e-14   3648.77 1 
  3641.69 1.4931e-14   3651.52 1 
  3644.43 6.4330e-14   3654.27 1 
  3647.18 4.2657e-14   3657.02 1 
  3649.92 4.5056e-14   3659.77 1 
  3652.66 8.9545e-14   3662.52 1 
  3655.40 1.3935e-13   3665.27 1 
  3658.15 6.5460e-14   3668.02 1 
  3660.89 9.1800e-14   3670.77 1 
  3663.63 1.4764e-13   3673.52 1 
  3666.37 2.0653e-14   3676.27 1 
  3669.12 1.9649e-14   3679.02 1 
  3671.86 9.8632e-14   3681.77 1 
  3674.60 6.5978e-14   3684.52 1 
  3677.34 8.6819e-14   3687.27 1 
  3680.09 6.5796e-14   3690.02 1 
  3682.83 1.0263e-13   3692.77 1 
  3685.57 7.0018e-14   3695.52 1 
  3688.32 5.1913e-14   3698.27 1 
  3691.06 7.0846e-14   3701.02 1 
  3693.80 8.4790e-14   3703.77 1 
  3696.54 6.2198e-14   3706.52 1 
  3699.29 1.3411e-13   3709.27 1 
  3702.03 9.6308e-14   3712.02 1 
  3704.77 1.0887e-13   3714.77 1 
  3707.51 1.2684e-13   3717.52 1 
  3710.26 1.6125e-14   3720.27 1 
  3713.00 2.6203e-14   3723.02 1 
  3715.74 8.8212e-14   3725.77 1 
  3718.48 5.6321e-14   3728.52 1 
  3721.23 6.4368e-14   3731.27 1 
  3723.97 4.7949e-14   3734.02 1 
  3726.71 1.7872e-13   3736.77 1 
  3729.45 1.0397e-13   3739.52 1 
  3732.20 1.3578e-13   3742.27 1 
  3734.94 3.7182e-14   3745.02 1 
  3737.68 1.4217e-13   3747.77 1 
  3740.42 6.5149e-14   3750.52 1 
  3743.17 4.4497e-14   3753.27 1 
  3745.91 7.2070e-14   3756.02 1 
  3748.65 8.2984e-14   3758.77 1 
  3751.40 8.0646e-14   3761.52 1 
  3754.14 1.1457e-13   3764.27 1 
  3756.88 6.0436e-14   3767.02 1 
  3759.62 5.8214e-15   3769.77 1 
  3762.37 3.6548e-14   3772.52 1 
  3765.11 8.0099e-14   3775.27 1 
  3767.85 9.1336e-14   3778.02 1 
  3770.59 1.1479e-13   3780.77 1 
  3773.34 4.8825e-14   3783.52 1 
  3776.08 5.7681e-14   3786.27 1 
  3778.82 8.8667e-14   3789.02 1 
  3781.56 5.0130e-14   3791.77 1 
  3784.31 1.3152e-13   3794.52 1 
  3787.05 9.2720e-14   3797.27 1 
  3789.79 9.8524e-14   3800.02 1 
  3792.53 1.0408e-13   3802.77 1 
  3795.28 5.0461e-14   3805.52 1 
  3798.02 6.3366e-14   3808.27 1 
  3800.76 9.9301e-14   3811.02 1 
  3803.50 9.9774e-14   3813.77 1 
  3806.25 1.2272e-13   3816.52 1 
  3808.99 6.0115e-14   3819.27 1 
  3811.73 1.0082e-13   3822.02 1 
  3814.47 6.5590e-14   3824.77 1 
  3817.22 7.8246e-14   3827.52 1 
  3819.96 7.1292e-14   3830.27 1 
  3822.70 9.7585e-14   3833.02 1 
  3825.45 7.5940e-14   3835.77 1 
  3828.19 5.4262e-14   3838.52 1 
  3830.93 5.0479e-14   3841.27 1 
  3833.67 3.8532e-14   3844.02 1 
  3836.42 5.4438e-14   3846.77 1 
  3839.16 8.1516e-14   3849.52 1 
  3841.90 5.2635e-14   3852.27 1 
  3844.64 5.9074e-14   3855.02 1 
  3847.39 6.6707e-14   3857.77 1 
  3850.13 8.1665e-14   3860.52 1 
  3852.87 4.3907e-14   3863.27 1 
  3855.61 5.0168e-14   3866.02 1 
  3858.36 1.2730e-13   3868.77 1 
  3861.10 8.4870e-14   3871.52 1 
  3863.84 7.5820e-14   3874.27 1 
  3866.58 9.5442e-14   3877.02 1 
  3869.33 5.5508e-14   3879.77 1 
  3872.07 5.4957e-14   3882.52 1 
  3874.81 8.7740e-14   3885.27 1 
  3877.55 9.6952e-14   3888.02 1 
  3880.30 8.2325e-14   3890.77 1 
  3883.04 5.9423e-14   3893.52 1 
  3885.78 3.9966e-14   3896.27 1 
  3888.52 5.9986e-14   3899.02 1 
  3891.27 1.0487e-13   3901.77 1 
  3894.01 8.3879e-14   3904.52 1 
  3896.75 7.9749e-14   3907.27 1 
  3899.50 1.2193e-13   3910.02 1 
  3902.24 1.2548e-13   3912.77 1 
  3904.98 9.8909e-14   3915.52 1 
  3907.72 6.9641e-14   3918.27 1 
  3910.47 7.7862e-14   3921.02 1 
  3913.21 7.8870e-14   3923.77 1 
  3915.95 6.0829e-14   3926.52 1 
  3918.69 7.9177e-14   3929.27 1 
  3921.44 7.7161e-14   3932.02 1 
  3924.18 1.0157e-13   3934.77 1 
  3926.92 8.7171e-14   3937.52 1 
  3929.66 9.3995e-14   3940.27 1 
  3932.41 5.6275e-14   3943.02 1 
  3935.15 5.8199e-14   3945.77 1 
  3937.89 1.1444e-13   3948.52 1 
  3940.63 7.8125e-14   3951.27 1 
  3943.38 8.5535e-14   3954.02 1 
  3946.12 9.9337e-14   3956.77 1 
  3948.86 8.2551e-14   3959.52 1 
  3951.60 1.2570e-13   3962.27 1 
  3954.35 1.1199e-13   3965.02 1 
  3957.09 9.7593e-14   3967.77 1 
  3959.83 8.9925e-14   3970.52 1 
  3962.58 1.0228e-13   3973.27 1 
  3965.32 6.4169e-14   3976.02 1 
  3968.06 6.0825e-14   3978.77 1 
  3970.80 7.5935e-14   3981.52 1 
  3973.55 3.2330e-14   3984.27 1 
  3976.29 2.3655e-14   3987.02 1 
  3979.03 1.0148e-13   3989.77 1 
  3981.77 8.3719e-14   3992.52 1 
  3984.52 1.1418e-13   3995.27 1 
  3987.26 1.1157e-13   3998.02 1 
  3990.00 1.1477e-13   4000.77 1 
  3992.74 1.2007e-13   4003.52 1 
  3995.49 1.1118e-13   4006.27 1 
  3998.23 8.2893e-14   4009.02 1 
  4000.97 9.8772e-14   4011.77 1 
  4003.71 1.2300e-13   4014.52 1 
  4006.46 8.1910e-14   4017.27 1 
  4009.20 5.5424e-14   4020.02 1 
  4011.94 1.3640e-13   4022.77 1 
  4014.68 1.0889e-13   4025.52 1 
  4017.43 1.2453e-13   4028.27 1 
  4020.17 1.5243e-13   4031.02 1 
  4022.91 1.2598e-13   4033.77 1 
  4025.65 8.5345e-14   4036.52 1 
  4028.40 1.0945e-13   4039.27 1 
  4031.14 1.2645e-13   4042.02 1 
  4033.88 1.4267e-13   4044.77 1 
  4036.63 1.3687e-13   4047.52 1 
  4039.37 1.0317e-13   4050.27 1 
  4042.11 1.4204e-13   4053.02 1 
  4044.85 1.1977e-13   4055.77 1 
  4047.60 1.1794e-13   4058.52 1 
  4050.34 9.5039e-14   4061.27 1 
  4053.08 1.4212e-13   4064.02 1 
  4055.82 9.5245e-14   4066.77 1 
  4058.57 9.1460e-14   4069.52 1 
  4061.31 9.7501e-14   4072.27 1 
  4064.05 8.5564e-14   4075.02 1 
  4066.79 9.9389e-14   4077.77 1 
  4069.54 1.1237e-13   4080.52 1 
  4072.28 1.4152e-13   4083.27 1 
  4075.02 7.0387e-14   4086.02 1 
  4077.76 5.1262e-14   4088.77 1 
  4080.51 1.3730e-13   4091.52 1 
  4083.25 1.2389e-13   4094.27 1 
  4085.99 1.1238e-13   4097.02 1 
  4088.73 1.2154e-13   4099.77 1 
  4091.48 7.2822e-14   4102.52 1 
  4094.22 1.0420e-13   4105.27 1 
  4096.96 8.3291e-14   4108.02 1 
  4099.70 1.0675e-13   4110.77 1 
  4102.45 8.8178e-14   4113.52 1 
  4105.19 6.0335e-14   4116.27 1 
  4107.93 9.6399e-14   4119.02 1 
  4110.68 1.3325e-13   4121.77 1 
  4113.42 9.5606e-14   4124.52 1 
  4116.16 1.0667e-13   4127.27 1 
  4118.90 1.3629e-13   4130.02 1 
  4121.65 1.0603e-13   4132.77 1 
  4124.39 1.3918e-13   4135.52 1 
  4127.13 1.0869e-13   4138.27 1 
  4129.87 1.2498e-13   4141.02 1 
  4132.62 8.2082e-14   4143.77 1 
  4135.36 1.1400e-13   4146.52 1 
  4138.10 1.4062e-13   4149.27 1 
  4140.84 1.3852e-13   4152.02 1 
  4143.59 1.5314e-13   4154.77 1 
  4146.33 1.2769e-13   4157.52 1 
  4149.07 9.4472e-14   4160.27 1 
  4151.81 9.1303e-14   4163.02 1 
  4154.56 9.2671e-14   4165.77 1 
  4157.30 1.1866e-13   4168.52 1 
  4160.04 1.2171e-13   4171.27 1 
  4162.78 1.2440e-13   4174.02 1 
  4165.53 1.2406e-13   4176.77 1 
  4168.27 1.2577e-13   4179.52 1 
  4171.01 1.4823e-13   4182.27 1 
  4173.76 1.3593e-13   4185.02 1 
  4176.50 1.4639e-13   4187.77 1 
  4179.24 1.3818e-13   4190.52 1 
  4181.98 9.4643e-14   4193.27 1 
  4184.73 8.3591e-14   4196.02 1 
  4187.47 1.3203e-13   4198.77 1 
  4190.21 1.2382e-13   4201.52 1 
  4192.95 1.1923e-13   4204.27 1 
  4195.70 8.7893e-14   4207.02 1 
  4198.44 1.0173e-13   4209.77 1 
  4201.18 1.1622e-13   4212.52 1 
  4203.92 1.1196e-13   4215.27 1 
  4206.67 1.2338e-13   4218.02 1 
  4209.41 1.0790e-13   4220.77 1 
  4212.15 9.9942e-14   4223.52 1 
  4214.89 9.3901e-14   4226.27 1 
  4217.64 1.0381e-13   4229.02 1 
  4220.38 1.2615e-13   4231.77 1 
  4223.12 1.3252e-13   4234.52 1 
  4225.86 1.4342e-13   4237.27 1 
  4228.61 1.3182e-13   4240.02 1 
  4231.35 1.2277e-13   4242.77 1 
  4234.09 1.1136e-13   4245.52 1 
  4236.83 9.6376e-14   4248.27 1 
  4239.58 1.1885e-13   4251.02 1 
  4242.32 1.2582e-13   4253.77 1 
  4245.06 1.1348e-13   4256.52 1 
  4247.81 9.5429e-14   4259.27 1 
  4250.55 1.1107e-13   4262.02 1 
  4253.29 1.4312e-13   4264.77 1 
  4256.03 1.1834e-13   4267.52 1 
  4258.78 9.2831e-14   4270.27 1 
  4261.52 8.9684e-14   4273.02 1 
  4264.26 1.0036e-13   4275.77 1 
  4267.00 9.4638e-14   4278.52 1 
  4269.75 9.1023e-14   4281.27 1 
  4272.49 9.7688e-14   4284.02 1 
  4275.23 1.0785e-13   4286.77 1 
  4277.97 9.4773e-14   4289.52 1 
  4280.72 9.0961e-14   4292.27 1 
  4283.46 1.1146e-13   4295.02 1 
  4286.20 1.1436e-13   4297.77 1 
  4288.94 9.5410e-14   4300.52 1 
  4291.69 9.7221e-14   4303.27 1 
  4294.43 1.0107e-13   4306.02 1 
  4297.17 8.0619e-14   4308.77 1 
  4299.91 9.0402e-14   4311.52 1 
  4302.66 8.8731e-14   4314.27 1 
  4305.40 9.3791e-14   4317.02 1 
  4308.14 9.8637e-14   4319.77 1 
  4310.88 1.0187e-13   4322.52 1 
  4313.63 1.2583e-13   4325.27 1 
  4316.37 1.2837e-13   4328.02 1 
  4319.11 1.1853e-13   4330.77 1 
  4321.86 1.1323e-13   4333.52 1 
  4324.60 9.7641e-14   4336.27 1 
  4327.34 9.9357e-14   4339.02 1 
  4330.08 9.9615e-14   4341.77 1 
  4332.83 1.0573e-13   4344.52 1 
  4335.57 1.0623e-13   4347.27 1 
  4338.31 1.0434e-13   4350.02 1 
  4341.05 1.0272e-13   4352.77 1 
  4343.80 1.0237e-13   4355.52 1 
  4346.54 9.1855e-14   4358.27 1 
  4349.28 8.4041e-14   4361.02 1 
  4352.02 9.1443e-14   4363.77 1 
  4354.77 9.8502e-14   4366.52 1 
  4357.51 1.0134e-13   4369.27 1 
  4360.25 1.0826e-13   4372.02 1 
  4362.99 1.0132e-13   4374.77 1 
  4365.74 1.0943e-13   4377.52 1 
  4368.48 1.2596e-13   4380.27 1 
  4371.22 1.4907e-13   4383.02 1 
  4373.96 1.2592e-13   4385.77 1 
  4376.71 1.0938e-13   4388.52 1 
  4379.45 1.0437e-13   4391.27 1 
  4382.19 1.0702e-13   4394.02 1 
  4384.94 1.0817e-13   4396.77 1 
  4387.68 9.3709e-14   4399.52 1 
  4390.42 7.4022e-14   4402.27 1 
  4393.16 9.4916e-14   4405.02 1 
  4395.91 9.5559e-14   4407.77 1 
  4398.65 9.4358e-14   4410.52 1 
  4401.39 1.2055e-13   4413.27 1 
  4404.13 1.0376e-13   4416.02 1 
  4406.88 9.0388e-14   4418.77 1 
  4409.62 1.0950e-13   4421.52 1 
  4412.36 1.1136e-13   4424.27 1 
  4415.10 1.1272e-13   4427.02 1 
  4417.85 1.1787e-13   4429.77 1 
  4420.59 1.0318e-13   4432.52 1 
  4423.33 1.2106e-13   4435.27 1 
  4426.07 1.1268e-13   4438.02 1 
  4428.82 9.1310e-14   4440.77 1 
  4431.56 9.9680e-14   4443.52 1 
  4434.30 9.2292e-14   4446.27 1 
  4437.04 1.0643e-13   4449.02 1 
  4439.79 1.0634e-13   4451.77 1 
  4442.53 1.2041e-13   4454.52 1 
  4445.27 1.2101e-13   4457.27 1 
  4448.01 1.2660e-13   4460.02 1 
  4450.76 1.2777e-13   4462.77 1 
  4453.50 1.0488e-13   4465.52 1 
  4456.24 1.0006e-13   4468.27 1 
  4458.99 1.1379e-13   4471.02 1 
  4461.73 1.3447e-13   4473.77 1 
  4464.47 1.1391e-13   4476.52 1 
  4467.21 1.2734e-13   4479.27 1 
  4469.96 1.1601e-13   4482.02 1 
  4472.70 1.0778e-13   4484.77 1 
  4475.44 1.0071e-13   4487.52 1 
  4478.18 1.2994e-13   4490.27 1 
  4480.93 1.4691e-13   4493.02 1 
  4483.67 1.0038e-13   4495.77 1 
  4486.41 1.1152e-13   4498.52 1 
  4489.15 1.2053e-13   4501.27 1 
  4491.90 1.0229e-13   4504.02 1 
  4494.64 1.0869e-13   4506.77 1 
  4497.38 1.2476e-13   4509.52 1 
  4500.12 1.3441e-13   4512.27 1 
  4502.87 1.0630e-13   4515.02 1 
  4505.61 9.1671e-14   4517.77 1 
  4508.35 1.4020e-13   4520.52 1 
  4511.09 1.1884e-13   4523.27 1 
  4513.84 1.2154e-13   4526.02 1 
  4516.58 1.4385e-13   4528.77 1 
  4519.32 1.3155e-13   4531.52 1 
  4522.06 1.2813e-13   4534.27 1 
  4524.81 1.2563e-13   4537.02 1 
  4527.55 1.3796e-13   4539.77 1 
  4530.29 1.0989e-13   4542.52 1 
  4533.04 1.0868e-13   4545.27 1 
  4535.78 9.1930e-14   4548.02 1 
  4538.52 1.3333e-13   4550.77 1 
  4541.26 1.1420e-13   4553.52 1 
  4544.01 1.1927e-13   4556.27 1 
  4546.75 1.1599e-13   4559.02 1 
  4549.49 1.1958e-13   4561.77 1 
  4552.23 1.3964e-13   4564.52 1 
  4554.98 1.2366e-13   4567.27 1 
  4557.72 1.1105e-13   4570.02 1 
  4560.46 1.0507e-13   4572.77 1 
  4563.20 8.5534e-14   4575.52 1 
  4565.95 9.0586e-14   4578.27 1 
  4568.69 1.2710e-13   4581.02 1 
  4571.43 1.3697e-13   4583.77 1 
  4574.17 1.1987e-13   4586.52 1 
  4576.92 1.1812e-13   4589.27 1 
  4579.66 1.2481e-13   4592.02 1 
  4582.40 1.2766e-13   4594.77 1 
  4585.14 8.9373e-14   4597.52 1 
  4587.89 1.3956e-13   4600.27 1 
  4590.63 1.0566e-13   4603.02 1 
  4593.37 1.1171e-13   4605.77 1 
  4596.12 1.0692e-13   4608.52 1 
  4598.86 1.1105e-13   4611.27 1 
  4601.60 1.1324e-13   4614.02 1 
  4604.34 1.2973e-13   4616.77 1 
  4607.09 1.1684e-13   4619.52 1 
  4609.83 1.3295e-13   4622.27 1 
  4612.57 1.0698e-13   4625.02 1 
  4615.31 1.2148e-13   4627.77 1 
  4618.06 1.1333e-13   4630.52 1 
  4620.80 1.0624e-13   4633.27 1 
  4623.54 1.2211e-13   4636.02 1 
  4626.28 1.1484e-13   4638.77 1 
  4629.03 1.1121e-13   4641.52 1 
  4631.77 1.0399e-13   4644.27 1 
  4634.51 1.0249e-13   4647.02 1 
  4637.25 1.1369e-13   4649.77 1 
  4640.00 1.1476e-13   4652.52 1 
  4642.74 1.1494e-13   4655.27 1 
  4645.48 1.2506e-13   4658.02 1 
  4648.22 1.0306e-13   4660.77 1 
  4650.97 1.5297e-13   4663.52 1 
  4653.71 1.1068e-13   4666.27 1 
  4656.45 1.3470e-13   4669.02 1 
  4659.19 1.1391e-13   4671.77 1 
  4661.94 1.5364e-13   4674.52 1 
  4664.68 1.1617e-13   4677.27 1 
  4667.42 1.0308e-13   4680.02 1 
  4670.17 1.3636e-13   4682.77 1 
  4672.91 1.2026e-13   4685.52 1 
  4675.65 1.1171e-13   4688.27 1 
  4678.39 1.1213e-13   4691.02 1 
  4681.14 1.3116e-13   4693.77 1 
  4683.88 1.1168e-13   4696.52 1 
  4686.62 1.1902e-13   4699.27 1 
  4689.36 1.0778e-13   4702.02 1 
  4692.11 9.6238e-14   4704.77 1 
  4694.85 8.4734e-14   4707.52 1 
  4697.59 7.3221e-14   4710.27 1 
  4700.33 8.5045e-14   4713.02 1 
  4703.08 1.3225e-13   4715.77 1 
  4705.82 1.1826e-13   4718.52 1 
  4708.56 1.5038e-13   4721.27 1 
  4711.30 1.0246e-13   4724.02 1 
  4714.05 9.8135e-14   4726.77 1 
  4716.79 9.9937e-14   4729.52 1 
  4719.53 1.1542e-13   4732.27 1 
  4722.27 1.1996e-13   4735.02 1 
  4725.02 8.1141e-14   4737.77 1 
  4727.76 1.2085e-13   4740.52 1 
  4730.50 9.8607e-14   4743.27 1 
  4733.24 1.2303e-13   4746.02 1 
  4735.99 1.0326e-13   4748.77 1 
  4738.73 1.1911e-13   4751.52 1 
  4741.47 1.3642e-13   4754.27 1 
  4744.22 1.3409e-13   4757.02 1 
  4746.96 1.1505e-13   4759.77 1 
  4749.70 1.4341e-13   4762.52 1 
  4752.44 1.0562e-13   4765.27 1 
  4755.19 1.1531e-13   4768.02 1 
  4757.93 1.2181e-13   4770.77 1 
  4760.67 1.3154e-13   4773.52 1 
  4763.41 9.3262e-14   4776.27 1 
  4766.16 1.4258e-13   4779.02 1 
  4768.90 1.2159e-13   4781.77 1 
  4771.64 1.4343e-13   4784.52 1 
  4774.38 1.2915e-13   4787.27 1 
  4777.13 1.4138e-13   4790.02 1 
  4779.87 1.3240e-13   4792.77 1 
  4782.61 1.2030e-13   4795.52 1 
  4785.35 1.0920e-13   4798.27 1 
  4788.10 1.3104e-13   4801.02 1 
  4790.84 1.2380e-13   4803.77 1 
  4793.58 1.1120e-13   4806.52 1 
  4796.32 1.1256e-13   4809.27 1 
  4799.07 1.1053e-13   4812.02 1 
  4801.81 9.3361e-14   4814.77 1 
  4804.55 1.3034e-13   4817.52 1 
  4807.30 1.2139e-13   4820.27 1 
  4810.04 1.2303e-13   4823.02 1 
  4812.78 1.1412e-13   4825.77 1 
  4815.52 1.1544e-13   4828.52 1 
  4818.27 9.9407e-14   4831.27 1 
  4821.01 1.1184e-13   4834.02 1 
  4823.75 9.5544e-14   4836.77 1 
  4826.49 1.1049e-13   4839.52 1 
  4829.24 1.0715e-13   4842.27 1 
  4831.98 1.0290e-13   4845.02 1 
  4834.72 1.4032e-13   4847.77 1 
  4837.46 9.3390e-14   4850.52 1 
  4840.21 1.2607e-13   4853.27 1 
  4842.95 1.4457e-13   4856.02 1 
  4845.69 1.2487e-13   4858.77 1 
  4848.43 9.1601e-14   4861.52 1 
  4851.18 1.1452e-13   4864.27 1 
  4853.92 8.4633e-14   4867.02 1 
  4856.66 1.2549e-13   4869.77 1 
  4859.40 1.2202e-13   4872.52 1 
  4862.15 1.3867e-13   4875.27 1 
  4864.89 1.1032e-13   4878.02 1 
  4867.63 1.0095e-13   4880.77 1 
  4870.37 1.1082e-13   4883.52 1 
  4873.12 1.0212e-13   4886.27 1 
  4875.86 1.0157e-13   4889.02 1 
  4878.60 9.7673e-14   4891.77 1 
  4881.35 1.0449e-13   4894.52 1 
  4884.09 1.2521e-13   4897.27 1 
  4886.83 8.9325e-14   4900.02 1 
  4889.57 9.4816e-14   4902.77 1 
  4892.32 1.2264e-13   4905.52 1 
  4895.06 1.1929e-13   4908.27 1 
  4897.80 1.1802e-13   4911.02 1 
  4900.54 1.1666e-13   4913.77 1 
  4903.29 1.1988e-13   4916.52 1 
  4906.03 1.4623e-13   4919.27 1 
  4908.77 1.0676e-13   4922.02 1 
  4911.51 1.3026e-13   4924.77 1 
  4914.26 1.3951e-13   4927.52 1 
  4917.00 1.0151e-13   4930.27 1 
  4919.74 7.4906e-14   4933.02 1 
  4922.48 1.2515e-13   4935.77 1 
  4925.23 1.0387e-13   4938.52 1 
  4927.97 1.0851e-13   4941.27 1 
  4930.71 1.0046e-13   4944.02 1 
  4933.45 1.3338e-13   4946.77 1 
  4936.20 1.3803e-13   4949.52 1 
  4938.94 1.2066e-13   4952.27 1 
  4941.68 1.0410e-13   4955.02 1 
  4944.43 1.4834e-13   4957.77 1 
  4947.17 1.2823e-13   4960.52 1 
  4949.91 1.2216e-13   4963.27 1 
  4952.65 1.2788e-13   4966.02 1 
  4955.40 1.3355e-13   4968.77 1 
  4958.14 1.4374e-13   4971.52 1 
  4960.88 1.1383e-13   4974.27 1 
  4963.62 1.3894e-13   4977.02 1 
  4966.37 1.0313e-13   4979.77 1 
  4969.11 1.1878e-13   4982.52 1 
  4971.85 1.3569e-13   4985.27 1 
  4974.59 1.2826e-13   4988.02 1 
  4977.34 1.3163e-13   4990.77 1 
  4980.08 1.2147e-13   4993.52 1 
  4982.82 1.1566e-13   4996.27 1 
  4985.56 8.8083e-14   4999.02 1 
  4988.31 9.5975e-14   5001.77 1 
  4991.05 9.8753e-14   5004.52 1 
  4993.79 9.6760e-14   5007.27 1 
  4996.53 1.0287e-13   5010.02 1 
  4999.28 9.2782e-14   5012.77 1 
  5002.02 9.8808e-14   5015.52 1 
  5004.76 1.1258e-13   5018.27 1 
  5007.50 1.2986e-13   5021.02 1 
  5010.25 1.2868e-13   5023.77 1 
  5012.99 9.8799e-14   5026.52 1 
  5015.73 1.1675e-13   5029.27 1 
  5018.48 1.0488e-13   5032.02 1 
  5021.22 9.1202e-14   5034.77 1 
  5023.96 1.2834e-13   5037.52 1 
  5026.70 1.0434e-13   5040.27 1 
  5029.45 1.0012e-13   5043.02 1 
  5032.19 1.0045e-13   5045.77 1 
  5034.93 1.0080e-13   5048.52 1 
  5037.67 1.2082e-13   5051.27 1 
  5040.42 9.5460e-14   5054.02 1 
  5043.16 8.8905e-14   5056.77 1 
  5045.90 1.0821e-13   5059.52 1 
  5048.64 9.0320e-14   5062.27 1 
  5051.39 1.0477e-13   5065.02 1 
  5054.13 1.0871e-13   5067.77 1 
  5056.87 1.1118e-13   5070.52 1 
  5059.61 9.9938e-14   5073.27 1 
  5062.36 1.2993e-13   5076.02 1 
  5065.10 1.2208e-13   5078.77 1 
  5067.84 1.2524e-13   5081.52 1 
  5070.58 9.8218e-14   5084.27 1 
  5073.33 1.3268e-13   5087.02 1 
  5076.07 1.0664e-13   5089.77 1 
  5078.81 1.0630e-13   5092.52 1 
  5081.55 1.0021e-13   5095.27 1 
  5084.30 9.1050e-14   5098.02 1 
  5087.04 1.0795e-13   5100.77 1 
  5089.78 1.0391e-13   5103.52 1 
  5092.53 1.0388e-13   5106.27 1 
  5095.27 1.0826e-13   5109.02 1 
  5098.01 1.1807e-13   5111.77 1 
  5100.75 1.2182e-13   5114.52 1 
  5103.50 9.2797e-14   5117.27 1 
  5106.24 1.0927e-13   5120.02 1 
  5108.98 9.6727e-14   5122.77 1 
  5111.72 1.1969e-13   5125.52 1 
  5114.47 1.0921e-13   5128.27 1 
  5117.21 1.1710e-13   5131.02 1 
  5119.95 1.1884e-13   5133.77 1 
  5122.69 9.0541e-14   5136.52 1 
  5125.44 1.2593e-13   5139.27 1 
  5128.18 1.0242e-13   5142.02 1 
  5130.92 7.2773e-14   5144.77 1 
  5133.66 1.0671e-13   5147.52 1 
  5136.41 1.2134e-13   5150.27 1 
  5139.15 1.1581e-13   5153.02 1 
  5141.89 1.0526e-13   5155.77 1 
  5144.63 1.0563e-13   5158.52 1 
  5147.38 1.0840e-13   5161.27 1 
  5150.12 1.1362e-13   5164.02 1 
  5152.86 1.0686e-13   5166.77 1 
  5155.61 8.9490e-14   5169.52 1 
  5158.35 1.0879e-13   5172.27 1 
  5161.09 1.0959e-13   5175.02 1 
  5163.83 1.0836e-13   5177.77 1 
  5166.58 1.0282e-13   5180.52 1 
  5169.32 8.5866e-14   5183.27 1 
  5172.06 8.8370e-14   5186.02 1 
  5174.80 1.0648e-13   5188.77 1 
  5177.55 8.8638e-14   5191.52 1 
  5180.29 1.1005e-13   5194.27 1 
  5183.03 8.2947e-14   5197.02 1 
  5185.77 9.1375e-14   5199.77 1 
  5188.52 9.2925e-14   5202.52 1 
  5191.26 1.0421e-13   5205.27 1 
  5194.00 8.2845e-14   5208.02 1 
  5196.74 1.2308e-13   5210.77 1 
  5199.49 1.0618e-13   5213.52 1 
  5202.23 1.1149e-13   5216.27 1 
  5204.97 9.5811e-14   5219.02 1 
  5207.71 1.0677e-13   5221.77 1 
  5210.46 9.9771e-14   5224.52 1 
  5213.20 9.1099e-14   5227.27 1 
  5215.94 9.1639e-14   5230.02 1 
  5218.68 1.3258e-13   5232.77 1 
  5221.43 1.0309e-13   5235.52 1 
  5224.17 1.0028e-13   5238.27 1 
  5226.91 1.0789e-13   5241.02 1 
  5229.66 9.0455e-14   5243.77 1 
  5232.40 1.0068e-13   5246.52 1 
  5235.14 9.9445e-14   5249.27 1 
  5237.88 1.1620e-13   5252.02 1 
  5240.63 1.2152e-13   5254.77 1 
  5243.37 9.9301e-14   5257.52 1 
  5246.11 1.1357e-13   5260.27 1 
  5248.85 1.1877e-13   5263.02 1 
  5251.60 8.6635e-14   5265.77 1 
  5254.34 1.1083e-13   5268.52 1 
  5257.08 1.0475e-13   5271.27 1 
  5259.82 9.5966e-14   5274.02 1 
  5262.57 9.4028e-14   5276.77 1 
  5265.31 8.4317e-14   5279.52 1 
  5268.05 9.6322e-14   5282.27 1 
  5270.79 1.0478e-13   5285.02 1 
  5273.54 1.1284e-13   5287.77 1 
  5276.28 1.1316e-13   5290.52 1 
  5279.02 1.2500e-13   5293.27 1 
  5281.76 1.1286e-13   5296.02 1 
  5284.51 1.0858e-13   5298.77 1 
  5287.25 1.0395e-13   5301.52 1 
  5289.99 1.2985e-13   5304.27 1 
  5292.73 1.1847e-13   5307.02 1 
  5295.48 9.7288e-14   5309.77 1 
  5298.22 1.0630e-13   5312.52 1 
  5300.96 9.8907e-14   5315.27 1 
  5303.71 1.0763e-13   5318.02 1 
  5306.45 1.1527e-13   5320.77 1 
  5309.19 1.1961e-13   5323.52 1 
  5311.93 1.2740e-13   5326.27 1 
  5314.68 1.2056e-13   5329.02 1 
  5317.42 1.1083e-13   5331.77 1 
  5320.16 1.1534e-13   5334.52 1 
  5322.90 1.1825e-13   5337.27 1 
  5325.65 1.3026e-13   5340.02 1 
  5328.39 1.1234e-13   5342.77 1 
  5331.13 1.2279e-13   5345.52 1 
  5333.87 9.8016e-14   5348.27 1 
  5336.62 1.1063e-13   5351.02 1 
  5339.36 1.0308e-13   5353.77 1 
  5342.10 1.2136e-13   5356.52 1 
  5344.84 1.0920e-13   5359.27 1 
  5347.59 1.0867e-13   5362.02 1 
  5350.33 1.0075e-13   5364.77 1 
  5353.07 1.0256e-13   5367.52 1 
  5355.81 1.1149e-13   5370.27 1 
  5358.56 1.2995e-13   5373.02 1 
  5361.30 1.2896e-13   5375.77 1 
  5364.04 1.1979e-13   5378.52 1 
  5366.79 1.3597e-13   5381.27 1 
  5369.53 1.3492e-13   5384.02 1 
  5372.27 1.0479e-13   5386.77 1 
  5375.01 1.0267e-13   5389.52 1 
  5377.76 1.1701e-13   5392.27 1 
  5380.50 1.0811e-13   5395.02 1 
  5383.24 1.2375e-13   5397.77 1 
  5385.98 1.1742e-13   5400.52 1 
  5388.73 1.1562e-13   5403.27 1 
  5391.47 8.7129e-14   5406.02 1 
  5394.21 9.1097e-14   5408.77 1 
  5396.95 1.2408e-13   5411.52 1 
  5399.70 1.1051e-13   5414.27 1 
  5402.44 1.0780e-13   5417.02 1 
  5405.18 1.0759e-13   5419.77 1 
  5407.92 9.8640e-14   5422.52 1 
  5410.67 1.0479e-13   5425.27 1 
  5413.41 1.0965e-13   5428.02 1 
  5416.15 9.0687e-14   5430.77 1 
  5418.89 1.0030e-13   5433.52 1 
  5421.64 1.0965e-13   5436.27 1 
  5424.38 1.2004e-13   5439.02 1 
  5427.12 1.1294e-13   5441.77 1 
  5429.86 1.2376e-13   5444.52 1 
  5432.61 1.1383e-13   5447.27 1 
  5435.35 1.1094e-13   5450.02 1 
  5438.09 9.3400e-14   5452.77 1 
  5440.84 1.0154e-13   5455.52 1 
  5443.58 1.0559e-13   5458.27 1 
  5446.32 1.0232e-13   5461.02 1 
  5449.06 1.0159e-13   5463.77 1 
  5451.81 1.1592e-13   5466.52 1 
  5454.55 1.2245e-13   5469.27 1 
  5457.29 1.2134e-13   5472.02 1 
  5460.03 1.0767e-13   5474.77 1 
  5462.78 9.4375e-14   5477.52 1 
  5465.52 9.1867e-14   5480.27 1 
  5468.26 1.1810e-13   5483.02 1 
  5471.00 1.2317e-13   5485.77 1 
  5473.75 1.0636e-13   5488.52 1 
  5476.49 1.1274e-13   5491.27 1 
  5479.23 1.0864e-13   5494.02 1 
  5481.97 1.1864e-13   5496.77 1 
  5484.72 1.0986e-13   5499.52 1 
  5487.46 9.9332e-14   5502.27 1 
  5490.20 1.0508e-13   5505.02 1 
  5492.94 1.1082e-13   5507.77 1 
  5495.69 1.2123e-13   5510.52 1 
  5498.43 1.2676e-13   5513.27 1 
  5501.17 1.1726e-13   5516.02 1 
  5503.91 1.1490e-13   5518.77 1 
  5506.66 1.0760e-13   5521.52 1 
  5509.40 1.0186e-13   5524.27 1 
  5512.14 1.0308e-13   5527.02 1 
  5514.89 1.0245e-13   5529.77 1 
  5517.63 1.0043e-13   5532.52 1 
  5520.37 1.0941e-13   5535.27 1 
  5523.11 1.0902e-13   5538.02 1 
  5525.86 1.0160e-13   5540.77 1 
  5528.60 1.1799e-13   5543.52 1 
  5531.34 1.1435e-13   5546.27 1 
  5534.08 9.3832e-14   5549.02 1 
  5536.83 1.0924e-13   5551.77 1 
  5539.57 1.0366e-13   5554.52 1 
  5542.31 1.2666e-13   5557.27 1 
  5545.05 9.1101e-14   5560.02 1 
  5547.80 1.0671e-13   5562.77 1 
  5550.54 9.0529e-14   5565.52 1 
  5553.28 1.1888e-13   5568.27 1 
  5556.02 1.1387e-13   5571.02 1 
  5558.77 9.5587e-14   5573.77 1 
  5561.51 9.2701e-14   5576.52 1 
  5564.25 1.2623e-13   5579.27 1 
  5566.99 1.0427e-13   5582.02 1 
  5569.74 1.1315e-13   5584.77 1 
  5572.48 9.7518e-14   5587.52 1 
  5575.22 1.2155e-13   5590.27 1 
  5577.97 1.1038e-13   5593.02 1 
  5580.71 1.4203e-13   5595.77 1 
  5583.45 1.1548e-13   5598.52 1 
  5586.19 1.0098e-13   5601.27 1 
  5588.94 1.0023e-13   5604.02 1 
  5591.68 1.1489e-13   5606.77 1 
  5594.42 1.1044e-13   5609.52 1 
  5597.16 1.0439e-13   5612.27 1 
  5599.91 1.1958e-13   5615.02 1 
  5602.65 1.2792e-13   5617.77 1 
  5605.39 1.2652e-13   5620.52 1 
  5608.13 1.1852e-13   5623.27 1 
  5610.88 1.0376e-13   5626.02 1 
  5613.62 1.0527e-13   5628.77 1 
  5616.36 1.1388e-13   5631.52 1 
  5619.10 1.0418e-13   5634.27 1 
  5621.85 8.8765e-14   5637.02 1 
  5624.59 8.5871e-14   5639.77 1 
  5627.33 9.6532e-14   5642.52 1 
  5630.07 1.0836e-13   5645.27 1 
  5632.82 1.0908e-13   5648.02 1 
  5635.56 1.1440e-13   5650.77 1 
  5638.30 1.1744e-13   5653.52 1 
  5641.04 1.1242e-13   5656.27 1 
  5643.79 1.0941e-13   5659.02 1 
  5646.53 1.1262e-13   5661.77 1 
  5649.27 1.2284e-13   5664.52 1 
  5652.02 1.1201e-13   5667.27 1 
  5654.76 1.1389e-13   5670.02 1 
  5657.50 1.1122e-13   5672.77 1 
  5660.24 1.1339e-13   5675.52 1 
  5662.99 1.1212e-13   5678.27 1 
  5665.73 1.0876e-13   5681.02 1 
  5668.47 1.2076e-13   5683.77 1 
  5671.21 1.2552e-13   5686.52 1 
  5673.96 9.6154e-14   5689.27 1 
  5676.70 1.1079e-13   5692.02 1 
  5679.44 1.2256e-13   5694.77 1 
  5682.18 1.3142e-13   5697.52 1 
  5684.93 1.0317e-13   5700.27 1 
  5687.67 9.8803e-14   5703.02 1 
  5690.41 1.2515e-13   5705.77 1 
  5693.15 1.0405e-13   5708.52 1 
  5695.90 9.8725e-14   5711.27 1 
  5698.64 1.1017e-13   5714.02 1 
  5701.38 9.1229e-14   5716.77 1 
  5704.12 9.5042e-14   5719.52 1 
  5706.87 9.8215e-14   5722.27 1 
  5709.61 1.0762e-13   5725.02 1 
  5712.35 8.1608e-14   5727.77 1 
  5715.09 1.2066e-13   5730.52 1 
  5717.84 1.0595e-13   5733.27 1 
  5720.58 1.0216e-13   5736.02 1 
  5723.32 1.2936e-13   5738.77 1 
  5726.07 1.2381e-13   5741.52 1 
  5728.81 1.1320e-13   5744.27 1 
  5731.55 9.3835e-14   5747.02 1 
  5734.29 9.7960e-14   5749.77 1 
  5737.04 1.1612e-13   5752.52 1 
  5739.78 1.1376e-13   5755.27 1 
  5742.52 1.2141e-13   5758.02 1 
  5745.26 1.1921e-13   5760.77 1 
  5748.01 1.2234e-13   5763.52 1 
  5750.75 1.2152e-13   5766.27 1 
  5753.49 1.3133e-13   5769.02 1 
  5756.23 1.1499e-13   5771.77 1 
  5758.98 9.1850e-14   5774.52 1 
  5761.72 1.0351e-13   5777.27 1 
  5764.46 1.1387e-13   5780.02 1 
  5767.20 1.0367e-13   5782.77 1 
  5769.95 1.1331e-13   5785.52 1 
  5772.69 1.0091e-13   5788.27 1 
  5775.43 1.0562e-13   5791.02 1 
  5778.17 1.2860e-13   5793.77 1 
  5780.92 1.4084e-13   5796.52 1 
  5783.66 8.7206e-14   5799.27 1 
  5786.40 1.0206e-13   5802.02 1 
  5789.15 1.0516e-13   5804.77 1 
  5791.89 1.0585e-13   5807.52 1 
  5794.63 1.0978e-13   5810.27 1 
  5797.37 1.0848e-13   5813.02 1 
  5800.12 9.1507e-14   5815.77 1 
  5802.86 1.0640e-13   5818.52 1 
  5805.60 1.0466e-13   5821.27 1 
  5808.34 1.1015e-13   5824.02 1 
  5811.09 1.2611e-13   5826.77 1 
  5813.83 1.0147e-13   5829.52 1 
  5816.57 8.8030e-14   5832.27 1 
  5819.31 9.4649e-14   5835.02 1 
  5822.06 9.4168e-14   5837.77 1 
  5824.80 1.0121e-13   5840.52 1 
  5827.54 1.0760e-13   5843.27 1 
  5830.28 1.2969e-13   5846.02 1 
  5833.03 9.3361e-14   5848.77 1 
  5835.77 1.1074e-13   5851.52 1 
  5838.51 8.6202e-14   5854.27 1 
  5841.25 8.8111e-14   5857.02 1 
  5844.00 1.0787e-13   5859.77 1 
  5846.74 1.1497e-13   5862.52 1 
  5849.48 1.1202e-13   5865.27 1 
  5852.22 1.0900e-13   5868.02 1 
  5854.97 1.0930e-13   5870.77 1 
  5857.71 1.0439e-13   5873.52 1 
  5860.45 1.2181e-13   5876.27 1 
  5863.20 9.1461e-14   5879.02 1 
  5865.94 1.0729e-13   5881.77 1 
  5868.68 7.0971e-14   5884.52 1 
  5871.42 2.6253e-14   5887.27 1 
  5874.17 8.4198e-14   5890.02 1 
  5876.91 9.6925e-14   5892.77 1 
  5879.65 1.3247e-13   5895.52 1 
  5882.39 1.3638e-13   5898.27 1 
  5885.14 1.1784e-13   5901.02 1 
  5887.88 1.1180e-13   5903.77 1 
  5890.62 9.3267e-14   5906.52 1 
  5893.36 9.0940e-14   5909.27 1 
  5896.11 1.2351e-13   5912.02 1 
  5898.85 1.3178e-13   5914.77 1 
  5901.59 9.2887e-14   5917.52 1 
  5904.33 8.9542e-14   5920.27 1 
  5907.08 9.2837e-14   5923.02 1 
  5909.82 1.4133e-13   5925.77 1 
  5912.56 1.1319e-13   5928.52 1 
  5915.30 1.0579e-13   5931.27 1 
  5918.05 1.0597e-13   5934.02 1 
  5920.79 1.2270e-13   5936.77 1 
  5923.53 1.0986e-13   5939.52 1 
  5926.28 9.8703e-14   5942.27 1 
  5929.02 9.3271e-14   5945.02 1 
  5931.76 1.1437e-13   5947.77 1 
  5934.50 9.5344e-14   5950.52 1 
  5937.25 1.3016e-13   5953.27 1 
  5939.99 1.2331e-13   5956.02 1 
  5942.73 1.3414e-13   5958.77 1 
  5945.47 1.4561e-13   5961.52 1 
  5948.22 1.2142e-13   5964.27 1 
  5950.96 1.0265e-13   5967.02 1 
  5953.70 1.1149e-13   5969.77 1 
  5956.44 1.1398e-13   5972.52 1 
  5959.19 1.0583e-13   5975.27 1 
  5961.93 1.0514e-13   5978.02 1 
  5964.67 1.0440e-13   5980.77 1 
  5967.41 9.8775e-14   5983.52 1 
  5970.16 1.1507e-13   5986.27 1 
  5972.90 1.1891e-13   5989.02 1 
  5975.64 9.6452e-14   5991.77 1 
  5978.38 9.3449e-14   5994.52 1 
  5981.13 9.5098e-14   5997.27 1 
  5983.87 1.0081e-13   6000.02 1 
  5986.61 1.0928e-13   6002.77 1 
  5989.35 1.2702e-13   6005.52 1 
  5992.10 1.0562e-13   6008.27 1 
  5994.84 1.0043e-13   6011.02 1 
  5997.58 1.2002e-13   6013.77 1 
  6000.33 1.1118e-13   6016.52 1 
  6003.07 1.1079e-13   6019.27 1 
  6005.81 1.0907e-13   6022.02 1 
  6008.55 1.1257e-13   6024.77 1 
  6011.30 1.2109e-13   6027.52 1 
  6014.04 1.2823e-13   6030.27 1 
  6016.78 1.0924e-13   6033.02 1 
  6019.52 1.0878e-13   6035.77 1 
  6022.27 1.1925e-13   6038.52 1 
  6025.01 1.1482e-13   6041.27 1 
  6027.75 1.1223e-13   6044.02 1 
  6030.49 1.1493e-13   6046.77 1 
  6033.24 1.1737e-13   6049.52 1 
  6035.98 1.2427e-13   6052.27 1 
  6038.72 1.2579e-13   6055.02 1 
  6041.46 1.1749e-13   6057.77 1 
  6044.21 1.0819e-13   6060.52 1 
  6046.95 8.4466e-14   6063.27 1 
  6049.69 8.0976e-14   6066.02 1 
  6052.43 9.9033e-14   6068.77 1 
  6055.18 1.0470e-13   6071.52 1 
  6057.92 1.0265e-13   6074.27 1 
  6060.66 1.0523e-13   6077.02 1 
  6063.40 1.1255e-13   6079.77 1 
  6066.15 9.9903e-14   6082.52 1 
  6068.89 1.0398e-13   6085.27 1 
  6071.63 1.1736e-13   6088.02 1 
  6074.38 1.1580e-13   6090.77 1 
  6077.12 1.1236e-13   6093.52 1 
  6079.86 1.0385e-13   6096.27 1 
  6082.60 1.0239e-13   6099.02 1 
  6085.35 1.0077e-13   6101.77 1 
  6088.09 9.8913e-14   6104.52 1 
  6090.83 1.0953e-13   6107.27 1 
  6093.57 1.0633e-13   6110.02 1 
  6096.32 1.0614e-13   6112.77 1 
  6099.06 1.1039e-13   6115.52 1 
  6101.80 1.1232e-13   6118.27 1 
  6104.54 1.1457e-13   6121.02 1 
  6107.29 1.0955e-13   6123.77 1 
  6110.03 1.0124e-13   6126.52 1 
  6112.77 1.0225e-13   6129.27 1 
  6115.51 9.1572e-14   6132.02 1 
  6118.26 1.0805e-13   6134.77 1 
  6121.00 1.0279e-13   6137.52 1 
  6123.74 1.0999e-13   6140.27 1 
  6126.48 8.4436e-14   6143.02 1 
  6129.23 9.9032e-14   6145.77 1 
  6131.97 1.0249e-13   6148.52 1 
  6134.71 1.2099e-13   6151.27 1 
  6137.46 1.0676e-13   6154.02 1 
  6140.20 9.4723e-14   6156.77 1 
  6142.94 9.7423e-14   6159.52 1 
  6145.68 1.0810e-13   6162.27 1 
  6148.43 9.8885e-14   6165.02 1 
  6151.17 9.8822e-14   6167.77 1 
  6153.91 9.4732e-14   6170.52 1 
  6156.65 8.4237e-14   6173.27 1 
  6159.40 8.5490e-14   6176.02 1 
  6162.14 9.7532e-14   6178.77 1 
  6164.88 8.8577e-14   6181.52 1 
  6167.62 8.4583e-14   6184.27 1 
  6170.37 8.1757e-14   6187.02 1 
  6173.11 9.1401e-14   6189.77 1 
  6175.85 8.9987e-14   6192.52 1 
  6178.59 9.7903e-14   6195.27 1 
  6181.34 1.0468e-13   6198.02 1 
  6184.08 1.1339e-13   6200.77 1 
  6186.82 1.1075e-13   6203.52 1 
  6189.56 1.0983e-13   6206.27 1 
  6192.31 1.1324e-13   6209.02 1 
  6195.05 1.1493e-13   6211.77 1 
  6197.79 8.5642e-14   6214.52 1 
  6200.53 1.1884e-13   6217.27 1 
  6203.28 9.7864e-14   6220.02 1 
  6206.02 1.0864e-13   6222.77 1 
  6208.76 9.5679e-14   6225.52 1 
  6211.51 1.0426e-13   6228.27 1 
  6214.25 9.9869e-14   6231.02 1 
  6216.99 1.1502e-13   6233.77 1 
  6219.73 1.0316e-13   6236.52 1 
  6222.48 1.0128e-13   6239.27 1 
  6225.22 1.0496e-13   6242.02 1 
  6227.96 1.1870e-13   6244.77 1 
  6230.70 9.5145e-14   6247.52 1 
  6233.45 9.7841e-14   6250.27 1 
  6236.19 9.4041e-14   6253.02 1 
  6238.93 8.8122e-14   6255.77 1 
  6241.67 6.1004e-14   6258.52 1 
  6244.42 8.1249e-14   6261.27 1 
  6247.16 8.6644e-14   6264.02 1 
  6249.90 1.1430e-13   6266.77 1 
  6252.64 1.0765e-13   6269.52 1 
  6255.39 1.1953e-13   6272.27 1 
  6258.13 8.7634e-14   6275.02 1 
  6260.87 1.1189e-13   6277.77 1 
  6263.61 1.0027e-13   6280.52 1 
  6266.36 1.1752e-13   6283.27 1 
  6269.10 8.8897e-14   6286.02 1 
  6271.84 9.5573e-14   6288.77 1 
  6274.58 9.6138e-14   6291.52 1 
  6277.33 9.9811e-14   6294.27 1 
  6280.07 1.0140e-13   6297.02 1 
  6282.81 1.0275e-13   6299.77 1 
  6285.56 1.1585e-13   6302.52 1 
  6288.30 1.0512e-13   6305.27 1 
  6291.04 1.2261e-13   6308.02 1 
  6293.78 1.0575e-13   6310.77 1 
  6296.53 9.0138e-14   6313.52 1 
  6299.27 1.0576e-13   6316.27 1 
  6302.01 9.7125e-14   6319.02 1 
  6304.75 9.4553e-14   6321.77 1 
  6307.50 9.7373e-14   6324.52 1 
  6310.24 8.9730e-14   6327.27 1 
  6312.98 1.0788e-13   6330.02 1 
  6315.72 9.2786e-14   6332.77 1 
  6318.47 1.0945e-13   6335.52 1 
  6321.21 9.8968e-14   6338.27 1 
  6323.95 1.0890e-13   6341.02 1 
  6326.69 9.6029e-14   6343.77 1 
  6329.44 1.0864e-13   6346.52 1 
  6332.18 1.1631e-13   6349.27 1 
  6334.92 1.0359e-13   6352.02 1 
  6337.66 9.3206e-14   6354.77 1 
  6340.41 9.4444e-14   6357.52 1 
  6343.15 1.0417e-13   6360.27 1 
  6345.89 9.1610e-14   6363.02 1 
  6348.64 9.6287e-14   6365.77 1 
  6351.38 8.9908e-14   6368.52 1 
  6354.12 8.9141e-14   6371.27 1 
  6356.86 1.0998e-13   6374.02 1 
  6359.61 1.0933e-13   6376.77 1 
  6362.35 9.3549e-14   6379.52 1 
  6365.09 7.7154e-14   6382.27 1 
  6367.83 1.1200e-13   6385.02 1 
  6370.58 1.1856e-13   6387.77 1 
  6373.32 1.2889e-13   6390.52 1 
  6376.06 1.2510e-13   6393.27 1 
  6378.80 1.2197e-13   6396.02 1 
  6381.55 1.0815e-13   6398.77 1 
  6384.29 9.9288e-14   6401.52 1 
  6387.03 9.6274e-14   6404.27 1 
  6389.77 9.3491e-14   6407.02 1 
  6392.52 9.4754e-14   6409.77 1 
  6395.26 1.0341e-13   6412.52 1 
  6398.00 1.0817e-13   6415.27 1 
  6400.74 1.0064e-13   6418.02 1 
  6403.49 1.0598e-13   6420.77 1 
  6406.23 9.6905e-14   6423.52 1 
  6408.97 9.1209e-14   6426.27 1 
  6411.71 8.9517e-14   6429.02 1 
  6414.46 1.0308e-13   6431.77 1 
  6417.20 8.8971e-14   6434.52 1 
  6419.94 1.0802e-13   6437.27 1 
  6422.69 8.6330e-14   6440.02 1 
  6425.43 8.5056e-14   6442.77 1 
  6428.17 8.7535e-14   6445.52 1 
  6430.91 8.9049e-14   6448.27 1 
  6433.66 1.0114e-13   6451.02 1 
  6436.40 1.0735e-13   6453.77 1 
  6439.14 8.9191e-14   6456.52 1 
  6441.88 9.4284e-14   6459.27 1 
  6444.63 1.1270e-13   6462.02 1 
  6447.37 9.6933e-14   6464.77 1 
  6450.11 1.1098e-13   6467.52 1 
  6452.85 1.2744e-13   6470.27 1 
  6455.60 1.1642e-13   6473.02 1 
  6458.34 1.2598e-13   6475.77 1 
  6461.08 1.0821e-13   6478.52 1 
  6463.82 8.1499e-14   6481.27 1 
  6466.57 9.0189e-14   6484.02 1 
  6469.31 1.1837e-13   6486.77 1 
  6472.05 1.0447e-13   6489.52 1 
  6474.79 9.2932e-14   6492.27 1 
  6477.54 1.0235e-13   6495.02 1 
  6480.28 9.2635e-14   6497.77 1 
  6483.02 1.0696e-13   6500.52 1 
  6485.76 1.2418e-13   6503.27 1 
  6488.51 9.1750e-14   6506.02 1 
  6491.25 8.1342e-14   6508.77 1 
  6493.99 7.7299e-14   6511.52 1 
  6496.74 9.0745e-14   6514.27 1 
  6499.48 1.0887e-13   6517.02 1 
  6502.22 1.0079e-13   6519.77 1 
  6504.96 1.1300e-13   6522.52 1 
  6507.71 8.8933e-14   6525.27 1 
  6510.45 9.2327e-14   6528.02 1 
  6513.19 1.1751e-13   6530.77 1 
  6515.93 1.0598e-13   6533.52 1 
  6518.68 9.8828e-14   6536.27 1 
  6521.42 1.1404e-13   6539.02 1 
  6524.16 1.0680e-13   6541.77 1 
  6526.90 1.0250e-13   6544.52 1 
  6529.65 8.7182e-14   6547.27 1 
  6532.39 7.3418e-14   6550.02 1 
  6535.13 8.7483e-14   6552.77 1 
  6537.87 9.6833e-14   6555.52 1 
  6540.62 1.0427e-13   6558.27 1 
  6543.36 1.1148e-13   6561.02 1 
  6546.10 1.2448e-13   6563.77 1 
  6548.84 1.1657e-13   6566.52 1 
  6551.59 9.2545e-14   6569.27 1 
  6554.33 8.6868e-14   6572.02 1 
  6557.07 1.2375e-13   6574.77 1 
  6559.82 1.9199e-13   6577.52 1 
  6562.56 2.3963e-13   6580.27 1 
  6565.30 2.3993e-13   6583.02 1 
  6568.04 1.9718e-13   6585.77 1 
  6570.79 1.3193e-13   6588.52 1 
  6573.53 1.0936e-13   6591.27 1 
  6576.27 1.2088e-13   6594.02 1 
  6579.01 1.0704e-13   6596.77 1 
  6581.76 1.3513e-13   6599.52 1 
  6584.50 1.5978e-13   6602.27 1 
  6587.24 1.3482e-13   6605.02 1 
  6589.98 1.1814e-13   6607.77 1 
  6592.73 9.4726e-14   6610.52 1 
  6595.47 8.9828e-14   6613.27 1 
  6598.21 1.0528e-13   6616.02 1 
  6600.95 9.4940e-14   6618.77 1 
  6603.70 1.1272e-13   6621.52 1 
  6606.44 9.4473e-14   6624.27 1 
  6609.18 1.1437e-13   6627.02 1 
  6611.92 1.0700e-13   6629.77 1 
  6614.67 8.9765e-14   6632.52 1 
  6617.41 8.0866e-14   6635.27 1 
  6620.15 1.0982e-13   6638.02 1 
  6622.89 1.1142e-13   6640.77 1 
  6625.64 1.0945e-13   6643.52 1 
  6628.38 1.0215e-13   6646.27 1 
  6631.12 7.4748e-14   6649.02 1 
  6633.87 8.8106e-14   6651.77 1 
  6636.61 8.7293e-14   6654.52 1 
  6639.35 1.1415e-13   6657.27 1 
  6642.09 1.0620e-13   6660.02 1 
  6644.84 8.6782e-14   6662.77 1 
  6647.58 1.0007e-13   6665.52 1 
  6650.32 1.2334e-13   6668.27 1 
  6653.06 1.2236e-13   6671.02 1 
  6655.81 9.6707e-14   6673.77 1 
  6658.55 1.2466e-13   6676.52 1 
  6661.29 9.6342e-14   6679.27 1 
  6664.03 9.7092e-14   6682.02 1 
  6666.78 9.8975e-14   6684.77 1 
  6669.52 1.0163e-13   6687.52 1 
  6672.26 1.0726e-13   6690.27 1 
  6675.00 1.2008e-13   6693.02 1 
  6677.75 8.8113e-14   6695.77 1 
  6680.49 7.5910e-14   6698.52 1 
  6683.23 9.6028e-14   6701.27 1 
  6685.97 1.1321e-13   6704.02 1 
  6688.72 1.1117e-13   6706.77 1 
  6691.46 1.0696e-13   6709.52 1 
  6694.20 8.8280e-14   6712.27 1 
  6696.94 1.1036e-13   6715.02 1 
  6699.69 9.8931e-14   6717.77 1 
  6702.43 1.0124e-13   6720.52 1 
  6705.17 1.1072e-13   6723.27 1 
  6707.92 1.1775e-13   6726.02 1 
  6710.66 1.2847e-13   6728.77 1 
  6713.40 1.0315e-13   6731.52 1 
  6716.14 9.8311e-14   6734.27 1 
  6718.89 1.1575e-13   6737.02 1 
  6721.63 1.0951e-13   6739.77 1 
  6724.37 1.1659e-13   6742.52 1 
  6727.11 1.3156e-13   6745.27 1 
  6729.86 1.2386e-13   6748.02 1 
  6732.60 1.0690e-13   6750.77 1 
  6735.34 1.0673e-13   6753.52 1 
  6738.08 1.0927e-13   6756.27 1 
  6740.83 1.0382e-13   6759.02 1 
  6743.57 1.0186e-13   6761.77 1 
  6746.31 9.8459e-14   6764.52 1 
  6749.05 9.1770e-14   6767.27 1 
  6751.80 7.9165e-14   6770.02 1 
  6754.54 7.1380e-14   6772.77 1 
  6757.28 8.5552e-14   6775.52 1 
  6760.02 9.1063e-14   6778.27 1 
  6762.77 1.0519e-13   6781.02 1 
  6765.51 1.2129e-13   6783.77 1 
  6768.25 1.1002e-13   6786.52 1 
  6771.00 9.0626e-14   6789.27 1 
  6773.74 8.7086e-14   6792.02 1 
  6776.48 8.8111e-14   6794.77 1 
  6779.22 9.1741e-14   6797.52 1 
  6781.97 8.4716e-14   6800.27 1 
  6784.71 9.0681e-14   6803.02 1 
  6787.45 7.7176e-14   6805.77 1 
  6790.19 8.8672e-14   6808.52 1 
  6792.94 1.0689e-13   6811.27 1 
  6795.68 9.9673e-14   6814.02 1 
  6798.42 9.9798e-14   6816.77 1 
  6801.16 9.9827e-14   6819.52 1 
  6803.91 1.1262e-13   6822.27 1 
  6806.65 6.9189e-14   6825.02 1 
  6809.39 9.7551e-14   6827.77 1 
  6820.71 1.0046e-13   6839.12 0 
  6836.43 1.0045e-13   6854.88 0 
  6852.19 1.0091e-13   6870.68 0 
  6867.99 9.7262e-14   6886.52 0 
  6883.82 9.8612e-14   6902.40 0 
  6899.69 9.9521e-14   6918.31 0 
  6915.59 9.9290e-14   6934.26 0 
  6931.53 9.9516e-14   6950.24 0 
  6947.51 1.0067e-13   6966.26 0 
  6963.53 1.0020e-13   6982.33 0 
  6979.58 1.0136e-13   6998.42 0 
  6995.67 9.9734e-14   7014.55 0 
  7011.80 9.7685e-14   7030.72 0 
  7027.96 1.0088e-13   7046.93 0 
  7044.16 9.8584e-14   7063.18 0 
  7060.40 9.8581e-14   7079.46 0 
  7076.68 9.6556e-14   7095.78 0 
  7092.99 9.5228e-14   7112.14 0 
  7109.34 9.5665e-14   7128.53 0 
  7125.73 9.5442e-14   7144.96 0 
  7142.16 9.4565e-14   7161.43 0 
  7158.62 9.4780e-14   7177.94 0 
  7175.13 9.3692e-14   7194.49 0 
  7191.67 9.0717e-14   7211.08 0 
  7208.24 9.0715e-14   7227.70 0 
  7224.86 9.5866e-14   7244.36 0 
  7241.52 9.3466e-14   7261.06 0 
  7258.21 9.4328e-14   7277.80 0 
  7274.94 9.7865e-14   7294.57 0 
  7291.71 9.5414e-14   7311.39 0 
  7308.52 9.5631e-14   7328.25 0 
  7325.37 9.5849e-14   7345.14 0 
  7342.26 9.8305e-14   7362.07 0 
  7359.18 9.7176e-14   7379.04 0 
  7376.14 9.8752e-14   7396.05 0 
  7393.15 9.6058e-14   7413.10 0 
  7410.19 9.9431e-14   7430.19 0 
  7427.27 9.7838e-14   7447.32 0 
  7444.39 1.0011e-13   7464.49 0 
  7461.56 1.0057e-13   7481.70 0 
  7478.76 9.8507e-14   7498.94 0 
  7496.00 9.9187e-14   7516.23 0 
  7513.28 9.8501e-14   7533.56 0 
  7530.60 9.8272e-14   7550.92 0 
  7547.96 1.0033e-13   7568.33 0 
  7565.36 9.8266e-14   7585.78 0 
  7582.80 9.9172e-14   7603.26 0 
  7600.28 9.6023e-14   7620.79 0 
  7617.80 9.5799e-14   7638.36 0 
  7635.36 9.8027e-14   7655.97 0 
  7652.96 9.6902e-14   7673.61 0 
  7670.60 8.9396e-14   7691.30 0 
  7688.29 9.2962e-14   7709.04 0 
  7706.01 9.1262e-14   7726.81 0 
  7723.77 9.1050e-14   7744.62 0 
  7741.58 9.2953e-14   7762.47 0 
  7759.42 9.0835e-14   7780.37 0 
  7777.31 9.2095e-14   7798.30 0 
  7795.24 9.0203e-14   7816.28 0 
  7813.21 9.2514e-14   7834.30 0 
  7831.22 9.4015e-14   7852.36 0 
  7849.27 9.3364e-14   7870.46 0 
  7867.37 9.4442e-14   7888.60 0 
  7885.50 9.2077e-14   7906.79 0 
  7903.68 8.9772e-14   7925.01 0 
  7921.90 8.8130e-14   7943.28 0 
  7940.16 8.8331e-14   7961.59 0 
  7958.47 8.9556e-14   7979.95 0 
  7976.82 9.1218e-14   7998.34 0 
  7995.20 8.9345e-14   8016.78 0 
  8013.63 9.1423e-14   8035.26 0 
  8032.10 9.1420e-14   8053.78 0 
  8050.62 9.2688e-14   8072.35 0 
  8069.18 9.3328e-14   8090.96 0 
  8087.78 9.1200e-14   8109.61 0 
  8106.43 8.8916e-14   8128.31 0 
  8125.11 9.0150e-14   8147.04 0 
  8143.84 9.0772e-14   8165.82 0 
  8162.62 8.9112e-14   8184.65 0 
  8181.43 9.3309e-14   8203.52 0 
  8200.29 9.0972e-14   8222.43 0 
  8219.20 9.1811e-14   8241.38 0 
  8238.15 7.9594e-14   8260.38 0 
  8257.13 9.2868e-14   8279.42 0 
  8276.17 9.3508e-14   8298.51 0 
  8295.25 8.9709e-14   8317.64 0 
  8314.37 8.5471e-14   8336.81 0 
  8333.54 8.9291e-14   8356.03 0 
  8352.75 8.9493e-14   8375.29 0 
  8372.00 8.8059e-14   8394.60 0 
  8391.30 8.5460e-14   8413.95 0 
  8410.65 8.8664e-14   8433.35 0 
  8430.04 8.8661e-14   8452.79 0 
  8449.47 8.5648e-14   8472.27 0 
  8468.95 8.7842e-14   8491.80 0 
  8488.47 8.7435e-14   8511.38 0 
  8508.04 7.0416e-14   8531.00 0 
  8527.65 8.4656e-14   8550.67 0 
  8547.31 7.3391e-14   8570.38 0 
  8567.01 8.6025e-14   8590.14 0 
  8586.76 8.6818e-14   8609.94 0 
  8606.56 8.2908e-14   8629.79 0 
  8626.40 8.5818e-14   8649.68 0 
  8646.28 8.6410e-14   8669.62 0 
  8666.21 7.9168e-14   8689.60 0 
  8686.19 8.2136e-14   8709.64 0 
  8706.21 8.3275e-14   8729.71 0 
  8726.28 8.5016e-14   8749.84 0 
  8746.40 8.3461e-14   8770.01 0 
  8766.56 8.2693e-14   8790.23 0 
  8786.77 8.6190e-14   8810.49 0 
  8807.03 8.5396e-14   8830.80 0 
  8827.33 8.5590e-14   8851.16 0 
  8847.68 8.2112e-14   8871.56 0 
  8868.07 8.2109e-14   8892.01 0 
  8888.52 8.0237e-14   8912.51 0 
  8909.01 8.1538e-14   8933.05 0 
  8929.54 8.1535e-14   8953.65 0 
  8950.13 8.1908e-14   8974.29 0 
  8970.76 7.9857e-14   8994.98 0 
  8991.44 8.1714e-14   9015.71 0 
  9012.17 7.5907e-14   9036.50 0 
  9032.95 7.4518e-14   9057.33 0 
  9053.77 8.6148e-14   9078.20 0 
  9074.64 8.4768e-14   9099.13 0 
  9095.56 7.6246e-14   9120.11 0 
  9116.53 7.8019e-14   9141.13 0 
  9137.54 7.9466e-14   9162.20 0 
  9158.61 8.0569e-14   9183.33 0 
  9179.72 7.6939e-14   9204.50 0 
  9200.88 8.0562e-14   9225.71 0 
  9222.09 7.6404e-14   9246.98 0 
  9243.35 7.6931e-14   9268.30 0 
  9264.66 7.7819e-14   9289.66 0 
  9286.02 7.9812e-14   9311.08 0 
  9307.42 7.2786e-14   9332.54 0 
  9328.88 8.1289e-14   9354.06 0 
  9350.38 8.1099e-14   9375.62 0 
  9371.94 7.9983e-14   9397.23 0 
  9393.54 8.0720e-14   9418.90 0 
  9415.19 7.9244e-14   9440.61 0 
  9436.90 8.0900e-14   9462.37 0 
  9458.66 7.9971e-14   9484.18 0 
  9480.46 8.0894e-14   9506.05 0 
  9502.32 7.9414e-14   9527.96 0 
  9524.22 7.9229e-14   9549.93 0 
  9546.17 7.6712e-14   9571.94 0 
  9568.18 7.8858e-14   9594.01 0 
  9590.24 7.9952e-14   9616.12 0 
  9612.35 7.9216e-14   9638.29 0 
  9634.50 7.9213e-14   9660.51 0 
  9656.72 7.8484e-14   9682.78 0 
  9678.98 7.8300e-14   9705.10 0 
  9701.29 7.7937e-14   9727.47 0 
  9723.65 7.7398e-14   9749.90 0 
  9746.07 7.7039e-14   9772.37 0 
  9768.53 7.7036e-14   9794.90 0 
  9791.06 7.6326e-14   9817.48 0 
  9813.62 7.7385e-14   9840.11 0 
  9836.25 7.6849e-14   9862.79 0 
  9858.92 7.6846e-14   9885.53 0 
  9881.65 7.6138e-14   9908.32 0 
  9904.43 7.5786e-14   9931.16 0 
  9927.26 7.5957e-14   9954.05 0 
  9950.15 7.5954e-14   9977.00 0 
  9973.08 7.5776e-14  10000.00 0 
  9996.07 7.5425e-14  10023.05 0 
 10019.11 7.4730e-14  10046.15 0 
 10065.37 7.3529e-14  10092.53 0 
 10135.13 7.4372e-14  10162.49 0 
 10181.91 7.3684e-14  10209.39 0 
 10228.92 7.3508e-14  10256.52 0 
 10276.13 7.3333e-14  10303.86 0 
 10299.81 7.2993e-14  10327.61 0 
 10491.30 7.0490e-14  10519.62 0 
 10710.99 6.7451e-14  10739.90 0 
 10910.12 6.4564e-14  10939.56 0 
 11087.39 6.2372e-14  11117.32 0 
 11293.52 6.0672e-14  11324.00 0 
 11503.48 5.9702e-14  11534.53 0 
 11690.39 5.7942e-14  11721.95 0 
 11907.75 5.5974e-14  11939.88 0 
 12101.23 5.4449e-14  12133.89 0 
 12297.86 5.3332e-14  12331.05 0 
 12497.68 5.1879e-14  12531.41 0 
 12700.75 5.0465e-14  12735.03 0 
 12907.12 4.9203e-14  12941.96 0 
 13086.68 4.8194e-14  13122.00 0 
 13299.32 4.6772e-14  13335.21 0 
 13515.42 4.5919e-14  13551.89 0 
 13703.43 4.4873e-14  13740.42 0 
 13894.07 4.3450e-14  13931.57 0 
 14087.36 4.1878e-14  14125.38 0 
 14316.26 4.1209e-14  14354.90 0 
 14515.42 4.1114e-14  14554.59 0 
 14683.50 3.9902e-14  14723.13 0 
 14887.75 3.9994e-14  14927.94 0 
 15094.87 3.9810e-14  15135.61 0 
 15304.86 4.0086e-14  15346.17 0 
 15517.77 3.9718e-14  15559.65 0 
 15697.46 3.8993e-14  15739.83 0 
 15915.84 3.7756e-14  15958.79 0 
 16100.14 3.7756e-14  16143.59 0 
 16286.56 3.7410e-14  16330.51 0 
 16513.13 3.6643e-14  16557.70 0 
 16704.34 3.6140e-14  16749.43 0 
 16897.77 3.5317e-14  16943.38 0 
 17093.45 3.4514e-14  17139.58 0 
 17291.36 3.3036e-14  17338.03 0 
 17491.59 3.2136e-14  17538.80 0 
 17694.14 3.0902e-14  17741.90 0 
 17899.03 2.9853e-14  17947.34 0 
 18106.28 2.8575e-14  18155.15 0 
 18315.95 2.7796e-14  18365.38 0 
 18485.43 2.6915e-14  18535.32 0 
 18699.47 2.5763e-14  18749.94 0 
 18916.00 2.5118e-14  18967.05 0 
 19091.04 2.4603e-14  19142.56 0 
 19312.11 2.3713e-14  19364.23 0 
 19490.78 2.2803e-14  19543.39 0 
 19716.48 2.2130e-14  19769.70 0 
 19898.93 2.1478e-14  19952.63 0 
 20083.03 2.1037e-14  20137.24 0 
 20315.59 2.0323e-14  20370.42 0 
 20503.58 1.9998e-14  20558.92 0 
 20693.28 1.9408e-14  20749.13 0 
 20884.76 1.8967e-14  20941.13 0 
 21077.99 1.8578e-14  21134.88 0 
 21322.07 1.8113e-14  21379.62 0 
 21519.37 1.7701e-14  21577.45 0 
 21718.47 1.7060e-14  21777.09 0 
 21919.44 1.6749e-14  21978.60 0 
 22122.27 1.6293e-14  22181.97 0 
 22275.60 1.5849e-14  22335.72 0 
 22481.72 1.5452e-14  22542.40 0 
 22689.73 1.5031e-14  22750.97 0 
 22899.68 1.3552e-14  22961.49 0 
 23111.56 1.3458e-14  23173.93 0 
 23325.42 1.1857e-14  23388.37 0 
 23487.11 1.1220e-14  23550.50 0 
 23704.42 1.1350e-14  23768.40 0 
 23923.77 1.0471e-14  23988.34 0 
 24089.59 1.0162e-14  24154.60 0 
 24312.49 1.0046e-14  24378.11 0 
 24481.01 9.4187e-15  24547.08 0 
 24707.54 9.2894e-15  24774.22 0 
 24878.79 8.0166e-15  24945.94 0 
 25109.00 7.9248e-15  25176.77 0 
 25283.04 7.9431e-15  25351.28 0 
 25516.99 7.8703e-15  25585.86 0 
 25693.85 7.9614e-15  25763.20 0 
 25871.97 7.7802e-15  25941.79 0 
 26111.37 7.7444e-15  26181.84 0 
 26292.35 7.5334e-15  26363.31 0 
 26474.59 7.4643e-15  26546.04 0 
 26719.57 7.3112e-15  26791.68 0 
 26904.79 7.1943e-15  26977.41 0 
 27091.28 7.0793e-15  27164.39 0 
 27279.05 6.9341e-15  27352.67 0 
 27531.47 6.8232e-15  27605.78 0 
 27722.29 6.6679e-15  27797.12 0 
 27914.47 6.5764e-15  27989.81 0 
 28107.95 6.4415e-15  28183.82 0 
 28302.81 6.3385e-15  28379.20 0 
 28498.98 6.2085e-15  28575.90 0 
 28696.54 6.0672e-15  28773.99 0 
 28895.44 5.9840e-15  28973.43 0 
 29095.75 5.8612e-15  29174.28 0 
 29297.42 5.7410e-15  29376.49 0 
 29500.52 5.6362e-15  29580.14 0 
 29704.99 5.5334e-15  29785.16 0 
 29910.91 5.4199e-15  29991.64 0 
 30118.23 5.3210e-15  30199.52 0 
 30326.98 5.2118e-15  30408.84 0 
 30466.99 5.1522e-15  30549.22 0 
 30678.16 5.0698e-15  30760.96 0 
 30890.83 4.9773e-15  30974.21 0 
 31104.94 4.8977e-15  31188.89 0 
 31320.57 4.8305e-15  31405.10 0 
 31465.13 4.7423e-15  31550.05 0 
 31683.22 4.6665e-15  31768.73 0 
 31902.85 4.6025e-15  31988.96 0 
 32123.98 4.5498e-15  32210.68 0 
 32272.28 4.5081e-15  32359.38 0 
 32495.97 4.5185e-15  32583.67 0 
 32721.20 4.6665e-15  32809.52 0 
 32872.26 5.1759e-15  32960.98 0 
 33100.10 5.1049e-15  33189.44 0 
 33329.56 4.4258e-15  33419.52 0 
 33483.39 4.1399e-15  33573.76 0 
 33715.47 3.9810e-15  33806.47 0 
 33871.12 3.8636e-15  33962.54 0 
 34105.89 3.7669e-15  34197.94 0 
 34263.30 3.6897e-15  34355.78 0 
 34500.82 3.6223e-15  34593.94 0 
 34739.96 3.5399e-15  34833.72 0 
 34900.33 3.4753e-15  34994.53 0 
 35061.41 3.4118e-15  35156.04 0 
 35304.43 3.3419e-15  35399.71 0 
 35467.41 3.2809e-15  35563.14 0 
 35713.25 3.2136e-15  35809.64 0 
 35878.12 3.1549e-15  35974.95 0 
 36126.79 3.0973e-15  36224.30 0 
 36293.54 3.0408e-15  36391.49 0 
 36461.09 2.9784e-15  36559.50 0 
 36713.80 2.9241e-15  36812.89 0 
 36883.26 2.8575e-15  36982.80 0 
 37138.94 2.8054e-15  37239.18 0 
 37310.35 2.7605e-15  37411.05 0 
 37482.56 2.6977e-15  37583.72 0 
 37742.40 2.6607e-15  37844.27 0 
 37916.60 2.6121e-15  38018.93 0 
 38091.60 2.5644e-15  38194.41 0 
 38267.45 2.5234e-15  38370.73 0 
 38532.69 2.4774e-15  38636.69 0 
 38710.58 2.4321e-15  38815.06 0 
 38889.24 2.3878e-15  38994.21 0 
 39068.74 2.3442e-15  39174.18 0 
 39339.57 2.3067e-15  39445.75 0 
 39521.14 2.2594e-15  39627.81 0 
 39703.55 2.2233e-15  39810.71 0 
 39886.84 2.1777e-15  39994.50 0 
 40070.94 2.1428e-15  40179.09 0 
 40255.88 2.1134e-15  40364.54 0 
 40534.95 2.0701e-15  40644.35 0 
 40722.04 2.0417e-15  40831.95 0 
 40909.99 2.0090e-15  41020.40 0 
 41098.80 1.9769e-15  41209.73 0 
 41288.54 1.9498e-15  41399.98 0 
 41479.11 1.9142e-15  41591.06 0 
 41670.55 1.8836e-15  41783.02 0 
 41862.93 1.8535e-15  41975.91 0 
 42056.14 1.8239e-15  42169.65 0 
 42347.64 1.8030e-15  42461.93 0 
 42543.14 1.7701e-15  42657.96 0 
 42739.49 1.7458e-15  42854.85 0 
 42936.76 1.6826e-15  43052.64 0 
 43134.98 1.6218e-15  43251.40 0 
 43334.06 1.6180e-15  43451.02 0 
 43534.07 1.5595e-15  43651.57 0 
 43735.05 1.5275e-15  43853.09 0 
 43936.91 1.5066e-15  44055.49 0 
 44139.70 1.4588e-15  44258.83 0 
 44343.42 1.4388e-15  44463.10 0 
 44548.13 1.4190e-15  44668.37 0 
 44650.82 1.3804e-15  44771.33 0 
 44856.90 1.3740e-15  44977.97 0 
 45063.99 1.3520e-15  45185.62 0 
 45271.98 1.3213e-15  45394.17 0 
 45480.93 1.3152e-15  45603.68 0 
 45690.84 1.3001e-15  45814.16 0 
 45901.78 1.2676e-15  46025.67 0 
 46113.64 1.2647e-15  46238.10 0 
 46326.47 1.2474e-15  46451.51 0 
 46540.34 1.2302e-15  46665.95 0 
 46647.62 1.2246e-15  46773.52 0 
 46862.92 1.2078e-15  46989.40 0 
 47079.21 1.1912e-15  47206.28 0 
 47296.56 1.1885e-15  47424.21 0 
 47514.86 1.1695e-15  47643.10 0 
 47734.16 1.1561e-15  47862.99 0 
 47954.52 1.1455e-15  48083.95 0 
 48065.06 1.1272e-15  48194.79 0 
 48286.90 1.1272e-15  48417.23 0 
 48509.77 1.1091e-15  48640.70 0 
 48733.72 1.0939e-15  48865.25 0 
 48846.05 1.0839e-15  48977.89 0 
 49071.50 1.0715e-15  49203.95 0 
 49297.99 1.0617e-15  49431.04 0 
 49525.57 1.0495e-15  49659.24 0 
 49754.16 1.0447e-15  49888.45 0 
 49868.85 1.0305e-15  50003.44 0 
 50099.07 1.0307e-15  50234.29 0 
 50330.30 1.0286e-15  50466.14 0 
 50446.31 1.0181e-15  50582.46 0 
 50679.14 1.0183e-15  50815.93 0 
 50795.96 1.0172e-15  50933.06 0 
 50913.11 1.0184e-15  51050.52 0 
 51030.46 1.0150e-15  51168.20 0 
 51148.10 1.0139e-15  51286.14 0 
 51265.99 1.0128e-15  51404.36 0 
 51384.17 1.0117e-15  51522.85 0 
 51502.61 1.0083e-15  51641.62 0 
 51621.38 1.0095e-15  51760.71 0 
 51740.38 1.0108e-15  51880.02 0 
 51859.64 1.0096e-15  51999.61 0 
 51979.18 1.0062e-15  52119.47 0 
 52098.99 1.0051e-15  52239.61 0 
 52219.09 1.0040e-15  52360.03 0 
 52339.45 1.0028e-15  52480.72 0 
 52460.16 1.0017e-15  52601.75 0 
 52581.08 1.0052e-15  52723.00 0 
 52702.29 1.0064e-15  52844.53 0 
 52823.77 1.0053e-15  52966.34 0 
 52945.53 1.0018e-15  53088.43 0 
 53067.58 1.0007e-15  53210.80 0 
 53189.96 9.9952e-16  53333.52 0 
 53312.57 1.0030e-15  53456.46 0 
 53435.45 1.0018e-15  53579.68 0 
 53558.63 1.0030e-15  53703.18 0 
 53682.08 1.0018e-15  53826.97 0 
 53805.82 1.0029e-15  53951.05 0 
 53929.85 1.0041e-15  54075.41 0 
 54054.22 1.0052e-15  54200.11 0 
 54178.82 1.0063e-15  54325.05 0 
 54303.71 1.0052e-15  54450.27 0 
 54428.88 1.0063e-15  54575.79 0 
 54554.34 1.0097e-15  54701.59 0 
 54680.09 1.0085e-15  54827.68 0 
 54806.14 1.0096e-15  54954.06 0 
 54932.53 1.0108e-15  55080.79 0 
 55059.15 1.0119e-15  55207.76 0 
 55186.07 1.0153e-15  55335.02 0 
 55313.28 1.0211e-15  55462.57 0 
 55440.78 1.0222e-15  55590.41 0 
 55568.57 1.0210e-15  55718.55 0 
 55696.72 1.0268e-15  55847.05 0 
 55825.11 1.0303e-15  55975.78 0 
 55953.79 1.0338e-15  56104.81 0 
 56082.77 1.0372e-15  56234.13 0 
 56212.04 1.0407e-15  56363.76 0 
 56341.61 1.0443e-15  56493.68 0 
 56471.49 1.0502e-15  56623.90 0 
 56601.72 1.0586e-15  56754.48 0 
 56732.19 1.0621e-15  56885.31 0 
 56862.96 1.0682e-15  57016.43 0 
 56994.03 1.0717e-15  57147.86 0 
 57125.41 1.0828e-15  57279.59 0 
 57257.08 1.0914e-15  57411.62 0 
 57389.13 1.1001e-15  57544.02 0 
 57521.42 1.1089e-15  57676.67 0 
 57654.01 1.1177e-15  57809.62 0 
 57786.90 1.1292e-15  57942.87 0 
 57920.11 1.1435e-15  58076.43 0 
 58053.62 1.1552e-15  58210.30 0 
 58187.44 1.1698e-15  58344.48 0 
 58321.63 1.1873e-15  58479.04 0 
 58456.06 1.2022e-15  58613.83 0 
 58590.80 1.2202e-15  58748.94 0 
 58725.86 1.2412e-15  58884.36 0 
 58861.23 1.2627e-15  59020.09 0 
 58996.91 1.2874e-15  59156.14 0 
 59085.48 1.7445e-15  59244.95 3 
 59394.50 1.4052e-15  59554.81 3 
 59703.52 1.3172e-15  59864.66 3 
 60012.53 1.8548e-15  60174.51 3 
 60321.56 2.5082e-15  60484.37 3 
 60630.58 1.2670e-15  60794.22 3 
 60939.59 2.3142e-15  61104.07 3 
 61248.62 2.1085e-15  61413.93 3 
 61557.64 2.6514e-15  61723.78 3 
 61866.65 3.9547e-15  62033.63 3 
 62175.68 4.7031e-15  62343.49 3 
 62484.69 4.3411e-15  62653.34 3 
 62793.71 3.7130e-15  62963.19 3 
 63102.73 3.0370e-15  63273.05 3 
 63411.75 2.6400e-15  63582.90 3 
 63720.78 2.4127e-15  63892.76 3 
 64029.79 2.3702e-15  64202.61 3 
 64338.81 2.1188e-15  64512.46 3 
 64647.84 2.1733e-15  64822.32 3 
 64956.85 2.1809e-15  65132.17 3 
 65265.87 1.4989e-15  65442.02 3 
 65574.90 1.6226e-15  65751.88 3 
 65883.91 1.5868e-15  66061.73 3 
 66192.92 1.9383e-15  66371.58 3 
 66501.96 1.8668e-15  66681.45 3 
 66810.97 2.1638e-15  66991.29 3 
 67119.98 1.2837e-15  67301.14 3 
 67429.01 1.5078e-15  67611.00 3 
 67738.03 1.6832e-15  67920.85 3 
 68047.05 1.9022e-15  68230.71 3 
 68356.07 1.3711e-15  68540.56 3 
 68665.09 1.5612e-15  68850.41 3 
 68974.11 1.8752e-15  69160.27 3 
 69283.12 1.4882e-15  69470.12 3 
 69592.15 1.6772e-15  69779.98 3 
 69901.16 1.4453e-15  70089.83 3 
 70210.18 1.5549e-15  70399.68 3 
 70519.21 2.0155e-15  70709.54 3 
 70828.23 2.0060e-15  71019.39 3 
 71137.24 1.5816e-15  71329.24 3 
 71446.27 1.6053e-15  71639.10 3 
 71755.28 2.0753e-15  71948.95 3 
 72064.31 2.5632e-15  72258.81 3 
 72373.32 2.0000e-15  72568.66 3 
 72682.34 2.1010e-15  72878.51 3 
 72991.37 1.6307e-15  73188.38 3 
 73300.38 1.9584e-15  73498.22 3 
 73609.40 1.6734e-15  73808.07 3 
 73918.42 2.0373e-15  74117.93 3 
 74227.44 2.1867e-15  74427.78 3 
 74536.46 2.2687e-15  74737.63 3 
 74845.48 3.1901e-15  75047.48 3 
 75134.28 4.3075e-15  75337.06 3 
 75753.53 3.5861e-15  75957.99 3 
 76372.81 3.9145e-15  76578.94 3 
 76992.07 3.5431e-15  77199.88 3 
 77611.35 3.5288e-15  77820.82 3 
 78230.61 3.5722e-15  78441.76 3 
 78849.90 3.2130e-15  79062.71 3 
 79469.16 2.6795e-15  79683.65 3 
 80088.43 2.7124e-15  80304.59 3 
 80707.71 2.4764e-15  80925.54 3 
 81326.98 2.2553e-15  81546.48 3 
 81946.24 2.0812e-15  82167.41 3 
 82565.52 2.1781e-15  82788.36 3 
 83184.78 2.0497e-15  83409.30 3 
 83804.06 2.1621e-15  84030.25 3 
 84423.33 1.8291e-15  84651.19 3 
 85042.60 1.8021e-15  85272.13 3 
 85661.87 1.9183e-15  85893.07 3 
 86281.15 1.9940e-15  86514.02 3 
 86900.41 1.8705e-15  87134.95 3 
 87519.68 1.7552e-15  87755.90 3 
 88138.96 1.3705e-15  88376.84 3 
 88758.22 1.3541e-15  88997.78 3 
 89377.49 1.2333e-15  89618.72 3 
 89996.76 1.0850e-15  90239.66 3 
 90616.03 9.6069e-16  90860.60 3 
 91235.31 9.7803e-16  91481.55 3 
 91854.58 8.7336e-16  92102.49 3 
 92473.85 1.0331e-15  92723.44 3 
 93093.12 9.8421e-16  93344.38 3 
 93712.39 9.7158e-16  93965.32 3 
 94331.66 1.0337e-15  94586.26 3 
 94950.92 1.0632e-15  95207.20 3 
 95570.20 1.0097e-15  95828.15 3 
 96189.47 9.8384e-16  96449.09 3 
 96808.74 1.0267e-15  97070.02 3 
 97428.02 9.5449e-16  97690.98 3 
 98047.29 9.7576e-16  98311.92 3 
 98666.56 8.9322e-16  98932.86 3 
 99285.83 8.7448e-16  99553.80 3 
 99905.06 8.3577e-16 100174.70 3 
100524.38 8.0674e-16 100795.70 3 
101143.61 7.9607e-16 101416.59 3 
101762.94 8.0209e-16 102037.60 3 
102382.17 7.9985e-16 102658.50 3 
103001.49 8.1497e-16 103279.49 3 
103620.73 7.7837e-16 103900.41 3 
104239.96 8.1154e-16 104521.30 3 
104859.28 8.2029e-16 105142.30 3 
105478.51 9.2794e-16 105763.20 3 
106097.85 9.4099e-16 106384.20 3 
106717.07 9.0499e-16 107005.10 3 
107336.30 9.5230e-16 107626.00 3 
107955.63 9.4348e-16 108247.00 3 
108574.86 9.2489e-16 108867.91 3 
109194.18 9.1510e-16 109488.90 3 
109813.41 1.0505e-15 110109.80 3 
110432.74 1.1870e-15 110730.80 3 
111051.97 1.2871e-15 111351.70 3 
111671.20 1.9122e-15 111972.60 3 
112290.53 2.4094e-15 112593.60 3 
112909.76 2.3287e-15 113214.50 3 
113529.08 1.9625e-15 113835.50 3 
114148.31 1.5658e-15 114456.40 3 
114767.64 1.3680e-15 115077.40 3 
115386.87 1.2514e-15 115698.30 3 
116006.09 9.6738e-16 116319.20 3 
116625.43 8.3797e-16 116940.20 3 
117244.66 8.7839e-16 117561.10 3 
117863.98 9.8375e-16 118182.09 3 
118483.21 9.4010e-16 118802.99 3 
119102.54 1.0438e-15 119424.00 3 
119721.77 8.9823e-16 120044.90 3 
120341.00 1.0244e-15 120665.80 3 
120960.33 9.4833e-16 121286.80 3 
121579.56 9.2130e-16 121907.70 3 
122198.88 8.8269e-16 122528.70 3 
122818.11 8.3448e-16 123149.59 3 
123437.35 9.2222e-16 123770.51 3 
124056.67 9.6229e-16 124391.50 3 
124675.90 9.8201e-16 125012.40 3 
125295.23 1.0643e-15 125633.40 3 
125914.46 1.0267e-15 126254.30 3 
126533.78 1.1360e-15 126875.30 3 
127153.02 1.1870e-15 127496.20 3 
127772.24 1.4156e-15 128117.10 3 
128391.57 1.2985e-15 128738.10 3 
129010.80 8.9968e-16 129359.00 3 
129630.13 7.7298e-16 129980.00 3 
130249.36 6.7763e-16 130600.90 3 
130868.58 6.6602e-16 131221.80 3 
131487.91 6.6554e-16 131842.80 3 
132107.15 5.9746e-16 132463.70 3 
132726.47 5.8634e-16 133084.70 3 
133345.69 6.2280e-16 133705.59 3 
133965.02 6.1809e-16 134326.59 3 
134584.26 5.6782e-16 134947.50 3 
135203.49 5.8016e-16 135568.41 3 
135822.82 5.9048e-16 136189.41 3 
136442.04 5.6854e-16 136810.30 3 
137061.37 5.2254e-16 137431.30 3 
137680.60 5.3089e-16 138052.20 3 
138299.93 5.6854e-16 138673.20 3 
138919.15 4.7274e-16 139294.09 3 
139538.39 3.9997e-16 139915.00 3 
140157.71 4.7187e-16 140536.00 3 
140776.95 6.0056e-16 141156.91 3 
141396.26 5.0583e-16 141777.89 3 
142015.50 5.2526e-16 142398.80 3 
142282.07 4.8268e-16 142666.09 3 
143196.51 4.8780e-16 143583.00 3 
144111.04 4.3152e-16 144500.00 3 
145025.48 4.1468e-16 145416.91 3 
145939.91 3.8169e-16 146333.80 3 
146854.44 3.7609e-16 147250.80 3 
147768.87 3.7476e-16 148167.70 3 
148683.30 3.7042e-16 149084.59 3 
149597.74 3.5952e-16 150001.50 3 
150512.27 3.5839e-16 150918.50 3 
151426.71 3.5739e-16 151835.41 3 
152341.13 3.3412e-16 152752.30 3 
153255.66 3.4685e-16 153669.30 3 
154170.10 3.5740e-16 154586.20 3 
155084.52 4.2989e-16 155503.09 3 
155998.96 4.3800e-16 156420.00 3 
156913.49 3.7973e-16 157337.00 3 
157827.93 3.8400e-16 158253.91 3 
158742.35 3.9527e-16 159170.80 3 
159656.88 4.0336e-16 160087.80 3 
160571.32 3.9028e-16 161004.70 3 
161485.74 4.0447e-16 161921.59 3 
162400.28 4.3818e-16 162838.59 3 
163314.71 5.3355e-16 163755.50 3 
164229.14 6.3575e-16 164672.39 3 
165143.57 6.1598e-16 165589.30 3 
166058.12 5.6098e-16 166506.31 3 
166972.53 5.8345e-16 167423.19 3 
167886.97 5.8697e-16 168340.09 3 
168801.41 6.1425e-16 169257.00 3 
169715.94 7.0085e-16 170174.00 3 
170630.37 7.5788e-16 171090.91 3 
171544.81 6.5738e-16 172007.81 3 
172459.34 5.9948e-16 172924.81 3 
173373.77 6.0505e-16 173841.70 3 
174288.21 5.7652e-16 174758.61 3 
175202.74 5.0536e-16 175675.61 3 
176117.16 4.3774e-16 176592.50 3 
177031.60 4.4851e-16 177509.41 3 
177946.02 4.4408e-16 178426.30 3 
178860.55 3.9553e-16 179343.30 3 
179774.99 3.4933e-16 180260.20 3 
180689.41 3.4530e-16 181177.09 3 
181603.94 3.2837e-16 182094.09 3 
182518.38 3.2788e-16 183011.00 3 
183432.81 3.2566e-16 183927.89 3 
184347.34 3.5956e-16 184844.89 3 
185261.78 3.7839e-16 185761.80 3 
186176.21 4.0366e-16 186678.70 3 
187090.64 5.1648e-16 187595.59 3 
188005.17 4.2080e-16 188512.59 3 
188919.61 3.4916e-16 189429.50 3 
189834.03 3.4097e-16 190346.39 3 
190748.58 3.3553e-16 191263.41 3 
191663.01 3.1355e-16 192180.31 3 
192577.42 3.1656e-16 193097.19 3 
193491.86 3.2143e-16 194014.09 3 
194406.41 3.1154e-16 194931.11 3 
195320.83 3.1481e-16 195848.00 3 
196235.27 3.1136e-16 196764.91 3 
197149.80 3.0291e-16 197681.91 3 
198064.22 2.7637e-16 198598.80 3 
198978.66 2.8143e-16 199515.70 3 
199893.10 2.9405e-16 200432.61 3 
200807.63 3.0210e-16 201349.61 3 
201722.05 3.1093e-16 202266.50 3 
202636.49 3.0631e-16 203183.41 3 
203551.02 3.0502e-16 204100.41 3 
204465.44 2.9701e-16 205017.30 3 
204648.15 2.7941e-16 205200.50 3 
206408.72 3.0300e-16 206965.81 3 
208170.35 2.8892e-16 208732.20 3 
209932.89 2.7242e-16 210499.50 3 
211696.52 2.8444e-16 212267.89 3 
213461.17 2.8213e-16 214037.30 3 
215226.90 2.6100e-16 215807.80 3 
216993.52 2.6459e-16 217579.19 3 
218761.25 2.7262e-16 219351.69 3 
220529.99 2.5961e-16 221125.20 3 
222299.81 2.5185e-16 222899.80 3 
224070.64 2.6682e-16 224675.41 3 
225842.45 2.7041e-16 226452.00 3 
227615.35 2.6623e-16 228229.69 3 
229389.27 2.6072e-16 230008.39 3 
231164.18 2.5780e-16 231788.09 3 
232940.19 2.7702e-16 233568.89 3 
234717.20 2.7713e-16 235350.70 3 
236495.29 2.6770e-16 237133.59 3 
238274.49 2.6900e-16 238917.59 3 
240054.69 2.6854e-16 240702.59 3 
241835.88 2.6072e-16 242488.59 3 
243618.18 2.5622e-16 244275.70 3 
245401.46 2.5588e-16 246063.80 3 
247185.95 2.5669e-16 247853.11 3 
248971.34 2.6559e-16 249643.31 3 
250757.80 2.6413e-16 251434.59 3 
252545.38 2.5464e-16 253227.00 3 
254334.05 2.5390e-16 255020.50 3 
256123.72 2.6075e-16 256815.00 3 
257914.48 2.7450e-16 258610.59 3 
259706.35 2.7433e-16 260407.30 3 
261499.31 2.5973e-16 262205.09 3 
263293.28 2.5301e-16 264003.91 3 
265088.31 2.4433e-16 265803.78 3 
266884.49 2.4532e-16 267604.81 3 
268681.61 2.4269e-16 269406.78 3 
270479.97 2.3842e-16 271210.00 3 
272279.31 2.3662e-16 273014.19 3 
274079.76 2.3532e-16 274819.50 3 
275881.30 2.3517e-16 276625.91 3 
277683.94 2.3405e-16 278433.41 3 
279487.66 2.4152e-16 280242.00 3 
281292.48 2.6839e-16 282051.69 3 
283098.42 2.6691e-16 283862.50 3 
284905.45 2.3748e-16 285674.41 3 
286713.57 2.3198e-16 287487.41 3 
288522.78 2.3100e-16 289301.50 3 
290333.08 2.3392e-16 291116.69 3 
292144.50 2.3080e-16 292933.00 3 
293957.02 2.3380e-16 294750.41 3 
295770.62 2.3642e-16 296568.91 3 
297585.41 2.3059e-16 298388.59 3 
299401.32 2.2565e-16 300209.41 3 
301218.20 2.3686e-16 302031.19 3 
303036.29 2.3673e-16 303854.19 3 
304855.48 2.2808e-16 305678.28 3 
306675.88 2.3977e-16 307503.59 3 
308497.27 2.3976e-16 309329.91 3 
310319.85 2.3710e-16 311157.41 3 
312143.62 2.3480e-16 312986.09 3 
313968.41 2.3181e-16 314815.81 3 
315794.39 2.3431e-16 316646.72 3 
317621.52 2.3971e-16 318478.78 3 
319449.68 2.3860e-16 320311.88 3 
321279.06 2.4315e-16 322146.19 3 
323109.65 2.5201e-16 323981.72 3 
324941.26 2.3895e-16 325818.28 3 
326774.01 2.4272e-16 327655.97 3 
328607.99 2.4568e-16 329494.91 3 
330443.13 2.4718e-16 331335.00 3 
332279.37 2.6714e-16 333176.19 3 
334116.72 3.3501e-16 335018.50 3 
335955.26 3.4529e-16 336862.00 3 
337795.01 2.6528e-16 338706.72 3 
339635.92 2.5005e-16 340552.59 3 
341477.94 2.4724e-16 342399.59 3 
343321.10 2.3692e-16 344247.72 3 
345165.49 2.7045e-16 346097.09 3 
347011.04 4.2225e-16 347947.62 3 
348857.75 5.4691e-16 349799.31 3 
