# An Atlas of Galaxy Spectral Energy Distributions from the Ultraviolet to the Mid-Infrared
# Brown et al. (2014)
# http://dx.doi.org/10.5072/03/529D3551F0117
# 
# Column 1 : Restframe Wavelength (Angstrom)
# Column 2 : Flux per unit wavelength (ergs/s/cm^2/Angstrom)
# Column 3 : Observed wavelength (Angstrom)
# Column 4 : Source (0 = model, 1 = Optical Spectrum, 2 = Akari, 3 = Spitzer IRS)
# 
   100.03 3.6581e-27    103.28 0 
   101.89 6.0569e-27    105.20 0 
   104.02 9.0418e-27    107.40 0 
   105.96 1.3748e-26    109.40 0 
   107.92 2.1147e-26    111.43 0 
   109.93 3.6750e-26    113.50 0 
   114.06 7.4861e-26    117.76 0 
   118.07 1.4069e-25    121.90 0 
   121.09 6.6260e-25    125.03 0 
   125.06 1.1331e-24    129.12 0 
   127.09 1.4232e-24    131.22 0 
   127.97 1.6228e-24    132.13 0 
   130.95 2.2297e-24    135.21 0 
   131.86 2.8200e-24    136.14 0 
   134.01 3.4297e-24    138.36 0 
   137.13 5.2997e-24    141.58 0 
   140.00 7.0186e-24    144.54 0 
   142.93 2.2195e-23    147.57 0 
   146.93 6.8117e-23    151.71 0 
   151.05 9.2524e-23    155.96 0 
   154.93 1.2568e-22    159.96 0 
   158.90 1.7031e-22    164.06 0 
   161.85 2.1099e-22    167.11 0 
   166.01 2.8135e-22    171.40 0 
   169.87 3.6329e-22    175.39 0 
   173.03 4.4081e-22    178.65 0 
   177.06 5.6008e-22    182.81 0 
   179.94 6.6566e-22    185.78 0 
   182.02 7.4517e-22    187.93 0 
   185.83 9.2951e-22    191.87 0 
   191.04 1.2085e-21    197.24 0 
   194.14 1.4199e-21    200.45 0 
   198.21 1.7189e-21    204.64 0 
   201.89 2.0857e-21    208.45 0 
   205.17 2.4002e-21    211.84 0 
   209.95 2.8658e-21    216.77 0 
   215.83 3.8570e-21    222.84 0 
   219.85 4.5630e-21    226.99 0 
   222.91 5.0846e-21    230.14 0 
   227.05 5.9876e-21    234.42 0 
   230.21 9.9141e-21    237.68 0 
   233.95 1.7388e-20    241.55 0 
   239.95 2.5308e-20    247.74 0 
   246.11 2.7749e-20    254.10 0 
   251.84 3.4218e-20    260.02 0 
   257.11 3.2304e-20    265.46 0 
   260.09 4.0018e-20    268.53 0 
   263.71 4.5947e-20    272.27 0 
   269.23 5.1080e-20    277.97 0 
   274.23 5.6397e-20    283.14 0 
   278.69 6.1980e-20    287.74 0 
   283.87 6.8431e-20    293.09 0 
   289.82 7.2988e-20    299.23 0 
   295.88 8.2083e-20    305.49 0 
   300.69 8.7549e-20    310.46 0 
   307.70 9.9598e-20    317.69 0 
   317.78 1.1837e-19    328.10 0 
   328.19 1.3654e-19    338.84 0 
   338.16 1.5426e-19    349.14 0 
   347.63 1.7308e-19    358.92 0 
   357.37 1.9286e-19    368.98 0 
   365.70 2.1640e-19    377.57 0 
   375.08 2.3619e-19    387.26 0 
   384.70 2.5018e-19    397.19 0 
   394.57 2.8527e-19    407.38 0 
   404.69 3.1496e-19    417.83 0 
   414.12 3.3748e-19    427.56 0 
   421.81 3.5339e-19    435.51 0 
   429.66 3.7261e-19    443.61 0 
   440.68 4.0668e-19    454.99 0 
   450.94 4.3177e-19    465.59 0 
   460.39 4.5004e-19    475.34 0 
   470.03 4.7781e-19    485.29 0 
   479.87 5.1080e-19    495.45 0 
   489.92 5.2754e-19    505.82 0 
   500.17 5.6787e-19    516.42 0 
   505.97 6.0152e-19    522.40 0 
   511.83 8.7751e-19    528.45 0 
   520.14 9.2951e-19    537.03 0 
   529.81 9.8913e-19    547.02 0 
   539.66 9.9369e-19    557.19 0 
   549.69 1.2597e-18    567.54 0 
   559.91 1.4902e-18    578.10 0 
   570.32 1.7031e-18    588.84 0 
   579.59 1.7071e-18    598.41 0 
   590.37 2.0809e-18    609.54 0 
   599.96 2.2042e-18    619.44 0 
   609.71 2.5542e-18    629.51 0 
   619.61 3.0497e-18    639.73 0 
   629.68 3.3826e-18    650.13 0 
   639.91 3.5339e-18    660.69 0 
   650.31 4.1139e-18    671.43 0 
   657.84 4.4797e-18    679.20 0 
   665.46 4.8334e-18    687.07 0 
   674.72 5.0379e-18    696.63 0 
   685.68 5.1198e-18    707.95 0 
   695.22 6.7492e-18    717.79 0 
   704.89 6.6108e-18    727.78 0 
   716.34 8.1706e-18    739.61 0 
   726.31 8.7348e-18    749.89 0 
   734.72 9.2951e-18    758.58 0 
   744.94 1.0771e-17    769.13 0 
   755.30 1.1810e-17    779.83 0 
   765.81 1.2772e-17    790.68 0 
   774.68 1.4330e-17    799.83 0 
   785.46 1.5858e-17    810.96 0 
   794.55 1.6914e-17    820.35 0 
   805.60 1.8082e-17    831.76 0 
   814.93 1.9154e-17    841.40 0 
   824.37 2.1540e-17    851.14 0 
   835.84 1.8082e-17    862.98 0 
   845.52 2.3673e-17    872.97 0 
   855.31 2.4960e-17    883.08 0 
   865.21 2.7495e-17    893.31 0 
   875.23 3.0148e-17    903.65 0 
   885.36 3.3516e-17    914.11 0 
   895.62 3.6162e-17    924.70 0 
   905.99 3.6834e-17    935.41 0 
   914.37 5.9054e-17    944.06 0 
   924.96 4.3277e-16    954.99 0 
   935.67 9.8232e-16    966.05 0 
   944.33 1.9286e-15    974.99 0 
   955.26 2.7942e-15    986.28 0 
   964.10 3.2081e-15    995.41 0 
   975.26 5.0264e-16   1006.93 0 
   984.29 2.7942e-15   1016.25 0 
   995.68 3.0217e-15   1028.02 0 
  1004.90 4.5316e-15   1037.53 0 
  1014.20 4.4285e-15   1047.13 0 
  1025.94 1.9022e-15   1059.25 0 
  1035.43 3.1496e-15   1069.05 0 
  1045.01 6.2410e-15   1078.95 0 
  1054.68 6.2123e-15   1088.93 0 
  1064.44 4.9460e-15   1099.01 0 
  1074.29 6.0014e-15   1109.18 0 
  1084.23 4.7781e-15   1119.44 0 
  1094.26 6.4901e-15   1129.80 0 
  1104.39 6.2987e-15   1140.25 0 
  1114.61 6.1271e-15   1150.80 0 
  1124.92 5.5623e-15   1161.45 0 
  1135.33 7.2153e-15   1172.20 0 
  1145.83 6.6108e-15   1183.04 0 
  1153.78 7.1327e-15   1191.24 0 
  1164.45 7.4517e-15   1202.26 0 
  1175.23 5.1791e-15   1213.39 0 
  1186.10 7.3833e-15   1224.62 0 
  1194.32 5.0729e-15   1233.11 0 
  1205.37 3.6413e-15   1244.51 0 
  1213.73 2.4392e-15   1253.14 0 
  1224.96 5.1553e-15   1264.74 0 
  1236.29 8.0214e-15   1276.44 0 
  1244.86 8.9589e-15   1285.29 0 
  1256.38 8.6348e-15   1297.18 0 
  1265.09 7.4517e-15   1306.17 0 
  1273.86 9.8232e-15   1315.22 0 
  1285.65 1.0429e-14   1327.39 0 
  1294.56 8.2652e-15   1336.60 0 
  1303.53 8.2272e-15   1345.86 0 
  1315.59 1.0477e-14   1358.31 0 
  1324.71 1.0122e-14   1367.73 0 
  1333.89 9.0002e-15   1377.21 0 
  1346.24 1.0871e-14   1389.95 0 
  1355.57 1.0623e-14   1399.59 0 
  1364.97 9.5335e-15   1409.29 0 
  1374.43 1.0145e-14   1419.06 0 
  1383.95 1.0334e-14   1428.89 0 
  1393.55 9.0626e-15   1438.80 0 
  1406.44 9.5116e-15   1452.11 0 
  1416.19 9.8006e-15   1462.18 0 
  1426.01 1.0168e-14   1472.31 0 
  1435.89 1.0168e-14   1482.52 0 
  1442.52 1.0821e-14   1489.36 0 
  1445.85 1.1047e-14   1492.79 0 
  1455.87 1.0796e-14   1503.14 0 
  1465.96 1.0006e-14   1513.56 0 
  1476.12 1.0052e-14   1524.05 0 
  1486.35 1.0334e-14   1534.62 0 
  1496.65 1.0599e-14   1545.25 0 
  1503.56 1.0098e-14   1552.39 0 
  1510.50 9.0002e-15   1559.55 0 
  1517.48 9.6884e-15   1566.75 0 
  1524.48 9.4461e-15   1573.98 0 
  1535.05 8.2462e-15   1584.89 0 
  1545.69 9.1887e-15   1595.88 0 
  1556.40 8.7147e-15   1606.94 0 
  1563.59 8.9383e-15   1614.36 0 
  1574.42 9.6217e-15   1625.55 0 
  1585.34 1.0168e-14   1636.82 0 
  1596.33 1.0477e-14   1648.16 0 
  1603.70 1.0310e-14   1655.77 0 
  1614.81 1.0429e-14   1667.25 0 
  1626.00 9.8913e-15   1678.80 0 
  1633.51 1.0623e-14   1686.55 0 
  1644.83 1.0871e-14   1698.24 0 
  1656.23 1.0075e-14   1710.02 0 
  1663.88 1.1098e-14   1717.91 0 
  1671.56 9.9141e-15   1725.84 0 
  1675.41 1.1253e-14   1729.82 0 
  1683.15 1.1783e-14   1737.80 0 
  1694.81 1.1124e-14   1749.85 0 
  1706.56 1.0721e-14   1761.98 0 
  1714.44 1.0239e-14   1770.11 0 
  1726.32 1.0239e-14   1782.38 0 
  1734.29 1.0996e-14   1790.61 0 
  1746.31 1.0796e-14   1803.02 0 
  1754.37 1.1595e-14   1811.34 0 
  1766.53 1.0648e-14   1823.90 0 
  1774.69 1.0996e-14   1832.31 0 
  1786.99 1.1253e-14   1845.02 0 
  1795.24 1.2085e-14   1853.53 0 
  1803.52 1.2030e-14   1862.09 0 
  1816.02 1.1175e-14   1874.99 0 
  1824.41 1.1462e-14   1883.65 0 
  1837.05 1.1047e-14   1896.71 0 
  1845.53 1.0192e-14   1905.46 0 
  1854.05 1.0310e-14   1914.26 0 
  1866.90 1.0672e-14   1927.53 0 
  1875.52 1.1595e-14   1936.42 0 
  1884.18 1.0746e-14   1945.36 0 
  1892.87 1.0357e-14   1954.34 0 
  1905.99 1.1022e-14   1967.89 0 
  1914.79 1.0672e-14   1976.97 0 
  1923.63 1.0526e-14   1986.10 0 
  1936.97 1.0846e-14   1999.86 0 
  1945.91 1.1409e-14   2009.09 0 
  1954.89 1.0746e-14   2018.37 0 
  1968.44 1.1810e-14   2032.36 0 
  1977.52 1.2169e-14   2041.74 0 
  1982.08 1.1541e-14   2046.45 0 
  1995.82 1.1279e-14   2060.63 0 
  2005.03 1.1648e-14   2070.14 0 
  2014.29 1.1305e-14   2079.70 0 
  2023.59 1.1865e-14   2089.30 0 
  2032.93 1.1305e-14   2098.94 0 
  2047.02 1.1783e-14   2113.49 0 
  2056.47 1.1253e-14   2123.24 0 
  2065.96 1.1383e-14   2133.04 0 
  2075.50 1.2253e-14   2142.89 0 
  2080.28 1.1675e-14   2147.83 0 
  2085.07 1.2113e-14   2152.78 0 
  2094.70 1.1515e-14   2162.72 0 
  2104.37 1.1648e-14   2172.70 0 
  2114.08 1.1783e-14   2182.73 0 
  2123.84 1.2030e-14   2192.81 0 
  2133.64 1.1227e-14   2202.93 0 
  2143.49 1.1541e-14   2213.09 0 
  2153.38 1.2002e-14   2223.31 0 
  2163.32 1.1675e-14   2233.57 0 
  2173.31 1.1621e-14   2243.88 0 
  2183.34 1.1462e-14   2254.24 0 
  2193.42 1.2030e-14   2264.64 0 
  2203.54 1.1756e-14   2275.10 0 
  2213.71 1.1253e-14   2285.60 0 
  2223.93 1.0946e-14   2296.15 0 
  2234.20 1.1700e-14   2306.75 0 
  2244.51 1.1223e-14   2317.39 0 
  2254.87 1.0839e-14   2328.09 0 
  2265.28 1.1115e-14   2338.84 0 
  2275.74 1.1424e-14   2349.63 0 
  2286.24 1.1714e-14   2360.48 0 
  2296.79 1.1108e-14   2371.37 0 
  2307.39 1.1156e-14   2382.32 0 
  2312.71 1.0727e-14   2387.81 0 
  2323.39 8.6175e-15   2398.83 0 
  2334.11 1.0099e-14   2409.91 0 
  2344.89 9.8217e-15   2421.03 0 
  2355.71 1.0595e-14   2432.20 0 
  2366.58 9.8398e-15   2443.43 0 
  2377.51 1.0137e-14   2454.71 0 
  2382.99 9.4588e-15   2460.37 0 
  2393.99 1.0086e-14   2471.72 0 
  2405.04 9.7194e-15   2483.13 0 
  2416.14 9.9434e-15   2494.60 0 
  2427.29 1.0506e-14   2506.11 0 
  2432.89 1.0125e-14   2511.89 0 
  2444.12 1.0673e-14   2523.48 0 
  2455.40 1.0548e-14   2535.13 0 
  2466.73 1.0497e-14   2546.83 0 
  2472.42 1.0163e-14   2552.70 0 
  2483.83 1.0469e-14   2564.48 0 
  2495.29 9.7907e-15   2576.32 0 
  2506.81 1.0907e-14   2588.21 0 
  2512.59 9.8777e-15   2594.18 0 
  2518.38 1.0153e-14   2600.16 0 
  2524.19 9.7622e-15   2606.15 0 
  2535.84 9.8729e-15   2618.18 0 
  2547.54 9.7350e-15   2630.27 0 
  2553.42 1.0334e-14   2636.33 0 
  2565.20 1.0167e-14   2648.50 0 
  2577.04 1.0692e-14   2660.72 0 
  2582.98 1.0617e-14   2666.86 0 
  2594.91 1.0517e-14   2679.17 0 
  2606.88 1.0228e-14   2691.54 0 
  2612.89 1.0110e-14   2697.74 0 
  2624.95 1.0535e-14   2710.19 0 
  2637.07 1.0753e-14   2722.70 0 
  2643.15 1.1520e-14   2728.98 0 
  2655.35 1.1677e-14   2741.57 0 
  2667.61 1.0795e-14   2754.23 0 
  2673.76 1.1251e-14   2760.58 0 
  2686.10 1.1222e-14   2773.32 0 
  2692.29 1.0790e-14   2779.71 0 
  2704.72 1.1038e-14   2792.54 0 
  2717.20 1.0612e-14   2805.43 0 
  2723.46 1.0635e-14   2811.90 0 
  2736.04 1.1107e-14   2824.88 0 
  2742.34 9.8980e-15   2831.39 0 
  2755.00 1.0056e-14   2844.46 0 
  2767.72 1.0383e-14   2857.59 0 
  2774.10 1.0821e-14   2864.18 0 
  2786.90 1.0379e-14   2877.40 0 
  2793.33 8.6314e-15   2884.03 0 
  2806.22 9.2037e-15   2897.34 0 
  2812.69 1.0812e-14   2904.02 0 
  2825.67 1.1189e-14   2917.43 0 
  2832.19 1.0783e-14   2924.15 0 
  2845.26 1.0607e-14   2937.65 0 
  2851.82 1.0364e-14   2944.42 0 
  2864.98 1.1077e-14   2958.01 0 
  2878.21 1.0998e-14   2971.67 0 
  2884.84 1.1047e-14   2978.52 0 
  2898.16 1.0942e-14   2992.27 0 
  2911.53 1.1668e-14   3006.08 0 
  2931.71 1.1319e-14   3026.91 0 
  2952.04 1.1210e-14   3047.89 0 
  2972.50 1.1361e-14   3069.02 0 
  2993.10 1.1383e-14   3090.30 0 
  3006.92 1.1484e-14   3104.56 0 
  3027.76 1.1479e-14   3126.08 0 
  3048.75 1.1474e-14   3147.75 0 
  3069.88 1.1496e-14   3169.57 0 
  3091.16 1.1570e-14   3191.54 0 
  3112.59 1.1512e-14   3213.66 0 
  3126.96 1.1403e-14   3228.49 0 
  3148.63 1.1476e-14   3250.87 0 
  3170.46 1.1471e-14   3273.41 0 
  3192.43 1.1025e-14   3296.10 0 
  3207.17 1.1305e-14   3311.31 0 
  3229.40 1.0966e-14   3334.26 0 
  3251.78 1.1398e-14   3357.38 0 
  3266.79 1.1633e-14   3372.87 0 
  3289.44 1.1574e-14   3396.25 0 
  3312.24 1.1569e-14   3419.79 0 
  3319.88 1.1701e-14   3427.68 0 
  3327.53 1.1753e-14   3435.58 0 
  3335.20 1.2080e-14   3443.50 0 
  3342.89 1.1402e-14   3451.44 0 
  3350.59 1.1938e-14   3459.39 0 
  3358.32 1.1504e-14   3467.37 0 
  3366.06 1.1318e-14   3475.36 0 
  3373.82 1.0907e-14   3483.37 0 
  3381.60 1.1341e-14   3491.40 0 
  3389.39 1.1819e-14   3499.45 0 
  3397.21 1.1548e-14   3507.52 0 
  3405.04 1.1493e-14   3515.60 0 
  3412.89 1.1281e-14   3523.71 0 
  3420.75 1.1675e-14   3531.83 0 
  3428.64 1.1647e-14   3539.97 0 
  3436.54 1.1698e-14   3548.13 0 
  3444.47 1.0966e-14   3556.31 0 
  3452.41 1.2022e-14   3564.51 0 
  3460.36 1.1295e-14   3572.73 0 
  3468.34 1.1346e-14   3580.96 0 
  3476.34 1.1214e-14   3589.22 0 
  3484.35 1.1316e-14   3597.49 0 
  3492.38 1.1392e-14   3605.79 0 
  3500.43 1.1054e-14   3614.10 0 
  3508.50 1.1258e-14   3622.43 0 
  3516.59 1.0974e-14   3630.78 0 
  3524.70 1.1358e-14   3639.15 0 
  3532.82 1.1567e-14   3647.54 0 
  3540.97 1.1726e-14   3655.95 0 
  3549.13 1.1942e-14   3664.37 0 
  3557.31 1.1668e-14   3672.82 0 
  3563.81 1.2702e-14   3679.53 1 
  3566.47 1.2988e-14   3682.28 1 
  3569.13 1.2127e-14   3685.03 1 
  3571.80 1.3036e-14   3687.78 1 
  3574.46 1.2940e-14   3690.53 1 
  3577.12 1.2256e-14   3693.28 1 
  3579.79 1.0901e-14   3696.03 1 
  3582.45 1.0626e-14   3698.78 1 
  3585.11 1.2029e-14   3701.53 1 
  3587.78 1.0680e-14   3704.28 1 
  3590.44 1.1299e-14   3707.03 1 
  3593.10 1.2330e-14   3709.78 1 
  3595.77 1.2354e-14   3712.53 1 
  3598.43 1.1054e-14   3715.28 1 
  3601.10 1.2062e-14   3718.03 1 
  3603.76 1.3280e-14   3720.78 1 
  3606.42 1.0443e-14   3723.53 1 
  3609.09 1.1403e-14   3726.28 1 
  3611.75 1.1979e-14   3729.03 1 
  3614.41 1.0731e-14   3731.78 1 
  3617.08 1.1789e-14   3734.53 1 
  3619.74 1.2219e-14   3737.28 1 
  3622.40 1.1119e-14   3740.03 1 
  3625.07 1.0974e-14   3742.78 1 
  3627.73 1.1706e-14   3745.53 1 
  3630.39 1.2069e-14   3748.28 1 
  3633.06 1.1783e-14   3751.03 1 
  3635.72 1.1673e-14   3753.78 1 
  3638.38 1.1679e-14   3756.53 1 
  3641.05 1.0698e-14   3759.28 1 
  3643.71 1.1781e-14   3762.03 1 
  3646.37 1.1419e-14   3764.78 1 
  3649.04 1.1613e-14   3767.53 1 
  3651.70 1.2120e-14   3770.28 1 
  3654.37 1.1874e-14   3773.03 1 
  3657.03 1.0986e-14   3775.78 1 
  3659.69 1.2571e-14   3778.53 1 
  3662.36 1.1369e-14   3781.28 1 
  3665.02 1.1754e-14   3784.03 1 
  3667.68 1.1540e-14   3786.78 1 
  3670.35 1.2765e-14   3789.53 1 
  3673.01 1.1702e-14   3792.28 1 
  3675.67 1.2262e-14   3795.03 1 
  3678.34 1.1703e-14   3797.78 1 
  3681.00 1.2131e-14   3800.53 1 
  3683.66 1.1369e-14   3803.28 1 
  3686.33 1.1246e-14   3806.03 1 
  3688.99 1.2027e-14   3808.78 1 
  3691.65 1.1286e-14   3811.53 1 
  3694.32 1.2135e-14   3814.28 1 
  3696.98 1.1682e-14   3817.03 1 
  3699.65 1.1093e-14   3819.78 1 
  3702.31 1.2265e-14   3822.53 1 
  3704.97 1.1568e-14   3825.28 1 
  3707.64 1.2075e-14   3828.03 1 
  3710.30 1.0966e-14   3830.78 1 
  3712.96 1.2400e-14   3833.53 1 
  3715.63 1.2401e-14   3836.28 1 
  3718.29 1.4575e-14   3839.03 1 
  3720.95 1.9792e-14   3841.78 1 
  3723.62 2.8858e-14   3844.53 1 
  3726.28 3.8567e-14   3847.28 1 
  3728.94 4.0333e-14   3850.03 1 
  3731.61 3.2157e-14   3852.78 1 
  3734.27 2.3183e-14   3855.53 1 
  3736.93 1.6367e-14   3858.28 1 
  3739.60 1.4845e-14   3861.03 1 
  3742.26 1.4187e-14   3863.78 1 
  3744.92 1.4913e-14   3866.53 1 
  3747.59 1.3486e-14   3869.28 1 
  3750.25 1.3090e-14   3872.03 1 
  3752.92 1.2999e-14   3874.78 1 
  3755.58 1.4573e-14   3877.53 1 
  3758.24 1.4501e-14   3880.28 1 
  3760.91 1.4798e-14   3883.03 1 
  3763.57 1.4675e-14   3885.78 1 
  3766.23 1.3965e-14   3888.53 1 
  3768.90 1.4378e-14   3891.28 1 
  3771.56 1.3433e-14   3894.03 1 
  3774.22 1.3470e-14   3896.78 1 
  3776.89 1.4282e-14   3899.53 1 
  3779.55 1.5496e-14   3902.28 1 
  3782.21 1.7369e-14   3905.03 1 
  3784.88 1.7387e-14   3907.78 1 
  3787.54 1.6555e-14   3910.53 1 
  3790.20 1.5670e-14   3913.28 1 
  3792.87 1.4900e-14   3916.03 1 
  3795.53 1.3804e-14   3918.78 1 
  3798.20 1.2570e-14   3921.53 1 
  3800.86 1.3032e-14   3924.28 1 
  3803.52 1.4605e-14   3927.03 1 
  3806.19 1.5490e-14   3929.78 1 
  3808.85 1.6023e-14   3932.53 1 
  3811.51 1.7402e-14   3935.28 1 
  3814.18 1.7711e-14   3938.03 1 
  3816.84 1.7536e-14   3940.78 1 
  3819.50 1.6414e-14   3943.53 1 
  3822.17 1.6547e-14   3946.28 1 
  3824.83 1.6761e-14   3949.03 1 
  3827.49 1.5329e-14   3951.78 1 
  3830.16 1.3776e-14   3954.53 1 
  3832.82 1.3009e-14   3957.28 1 
  3835.48 1.1935e-14   3960.03 1 
  3838.15 1.1968e-14   3962.78 1 
  3840.81 1.3268e-14   3965.53 1 
  3843.47 1.4904e-14   3968.28 1 
  3846.14 1.5834e-14   3971.03 1 
  3848.80 1.7478e-14   3973.78 1 
  3851.47 1.7291e-14   3976.53 1 
  3854.13 1.6935e-14   3979.28 1 
  3856.79 1.7509e-14   3982.03 1 
  3859.46 1.7414e-14   3984.78 1 
  3862.12 1.8257e-14   3987.53 1 
  3864.78 1.8500e-14   3990.28 1 
  3867.45 1.9280e-14   3993.03 1 
  3870.11 2.0147e-14   3995.78 1 
  3872.77 1.8367e-14   3998.53 1 
  3875.44 1.7794e-14   4001.28 1 
  3878.10 1.7745e-14   4004.03 1 
  3880.76 1.7061e-14   4006.78 1 
  3883.43 1.5621e-14   4009.53 1 
  3886.09 1.5227e-14   4012.28 1 
  3888.75 1.5033e-14   4015.03 1 
  3891.42 1.5252e-14   4017.78 1 
  3894.08 1.6139e-14   4020.53 1 
  3896.74 1.6438e-14   4023.28 1 
  3899.41 1.7268e-14   4026.03 1 
  3902.07 1.8096e-14   4028.78 1 
  3904.74 1.8868e-14   4031.53 1 
  3907.40 1.8962e-14   4034.28 1 
  3910.06 2.0054e-14   4037.03 1 
  3912.73 1.9990e-14   4039.78 1 
  3915.39 2.0167e-14   4042.53 1 
  3918.05 2.0402e-14   4045.28 1 
  3920.72 2.0448e-14   4048.03 1 
  3923.38 2.0097e-14   4050.78 1 
  3926.04 1.9833e-14   4053.53 1 
  3928.71 1.7648e-14   4056.28 1 
  3931.37 1.6049e-14   4059.03 1 
  3934.03 1.5632e-14   4061.78 1 
  3936.70 1.6584e-14   4064.53 1 
  3939.36 1.8275e-14   4067.28 1 
  3942.02 1.8679e-14   4070.03 1 
  3944.69 1.8656e-14   4072.78 1 
  3947.35 1.8885e-14   4075.53 1 
  3950.02 1.8666e-14   4078.28 1 
  3952.68 1.9050e-14   4081.03 1 
  3955.34 1.8556e-14   4083.78 1 
  3958.01 1.7645e-14   4086.53 1 
  3960.67 1.5908e-14   4089.28 1 
  3963.33 1.5207e-14   4092.03 1 
  3966.00 1.4364e-14   4094.78 1 
  3968.66 1.3213e-14   4097.53 1 
  3971.32 1.3340e-14   4100.28 1 
  3973.99 1.3834e-14   4103.03 1 
  3976.65 1.4665e-14   4105.78 1 
  3979.31 1.5030e-14   4108.53 1 
  3981.98 1.6767e-14   4111.28 1 
  3984.64 1.8038e-14   4114.03 1 
  3987.30 1.8336e-14   4116.78 1 
  3989.97 1.8932e-14   4119.53 1 
  3992.63 1.9324e-14   4122.28 1 
  3995.29 1.9166e-14   4125.03 1 
  3997.96 1.8853e-14   4127.78 1 
  4000.62 1.8373e-14   4130.53 1 
  4003.29 1.8665e-14   4133.28 1 
  4005.95 1.8719e-14   4136.03 1 
  4008.61 1.9557e-14   4138.78 1 
  4011.28 1.9564e-14   4141.53 1 
  4013.94 1.9219e-14   4144.28 1 
  4016.60 1.9046e-14   4147.03 1 
  4019.27 1.9393e-14   4149.78 1 
  4021.93 1.9735e-14   4152.53 1 
  4024.59 1.9361e-14   4155.28 1 
  4027.26 1.9529e-14   4158.03 1 
  4029.92 1.9598e-14   4160.78 1 
  4032.58 2.0330e-14   4163.53 1 
  4035.25 2.0860e-14   4166.28 1 
  4037.91 2.0969e-14   4169.03 1 
  4040.57 2.0175e-14   4171.78 1 
  4043.24 1.9720e-14   4174.53 1 
  4045.90 1.9687e-14   4177.28 1 
  4048.56 2.0041e-14   4180.03 1 
  4051.23 2.0170e-14   4182.78 1 
  4053.89 2.0506e-14   4185.53 1 
  4056.56 2.0547e-14   4188.28 1 
  4059.22 2.0123e-14   4191.03 1 
  4061.88 2.0021e-14   4193.78 1 
  4064.55 2.0636e-14   4196.53 1 
  4067.21 2.0033e-14   4199.28 1 
  4069.87 2.0223e-14   4202.03 1 
  4072.54 2.0147e-14   4204.78 1 
  4075.20 2.0486e-14   4207.53 1 
  4077.86 1.9894e-14   4210.28 1 
  4080.53 1.9435e-14   4213.03 1 
  4083.19 1.9566e-14   4215.78 1 
  4085.85 1.9056e-14   4218.53 1 
  4088.52 1.9226e-14   4221.28 1 
  4091.18 1.8913e-14   4224.03 1 
  4093.84 1.7037e-14   4226.78 1 
  4096.51 1.7262e-14   4229.53 1 
  4099.17 1.6741e-14   4232.28 1 
  4101.83 1.7108e-14   4235.03 1 
  4104.50 1.7175e-14   4237.78 1 
  4107.16 1.6574e-14   4240.53 1 
  4109.83 1.6946e-14   4243.28 1 
  4112.49 1.8486e-14   4246.03 1 
  4115.15 1.8575e-14   4248.78 1 
  4117.82 1.9981e-14   4251.53 1 
  4120.48 1.9051e-14   4254.28 1 
  4123.14 1.9816e-14   4257.03 1 
  4125.81 2.0085e-14   4259.78 1 
  4128.47 1.8871e-14   4262.53 1 
  4131.13 1.9587e-14   4265.28 1 
  4133.80 1.9335e-14   4268.03 1 
  4136.46 1.9562e-14   4270.78 1 
  4139.12 1.9941e-14   4273.53 1 
  4141.79 1.9533e-14   4276.28 1 
  4144.45 2.0015e-14   4279.03 1 
  4147.11 1.9882e-14   4281.78 1 
  4149.78 1.9038e-14   4284.53 1 
  4152.44 2.0234e-14   4287.28 1 
  4155.11 1.9218e-14   4290.03 1 
  4157.77 1.9838e-14   4292.78 1 
  4160.43 1.9521e-14   4295.53 1 
  4163.10 1.9396e-14   4298.28 1 
  4165.76 2.0236e-14   4301.03 1 
  4168.42 1.9528e-14   4303.78 1 
  4171.09 1.9084e-14   4306.53 1 
  4173.75 1.9521e-14   4309.28 1 
  4176.41 1.9428e-14   4312.03 1 
  4179.08 1.8582e-14   4314.78 1 
  4181.74 1.8712e-14   4317.53 1 
  4184.40 1.9123e-14   4320.28 1 
  4187.07 1.9023e-14   4323.03 1 
  4189.73 1.9828e-14   4325.78 1 
  4192.39 1.9570e-14   4328.53 1 
  4195.06 1.9637e-14   4331.28 1 
  4197.72 1.9546e-14   4334.03 1 
  4200.38 1.9119e-14   4336.78 1 
  4203.05 1.9568e-14   4339.53 1 
  4205.71 1.9394e-14   4342.28 1 
  4208.38 2.0120e-14   4345.03 1 
  4211.04 1.9359e-14   4347.78 1 
  4213.70 2.0253e-14   4350.53 1 
  4216.37 1.9436e-14   4353.28 1 
  4219.03 1.8811e-14   4356.03 1 
  4221.69 1.9470e-14   4358.78 1 
  4224.36 2.0065e-14   4361.53 1 
  4227.02 1.9518e-14   4364.28 1 
  4229.68 1.9191e-14   4367.03 1 
  4232.35 1.9520e-14   4369.78 1 
  4235.01 1.9643e-14   4372.53 1 
  4237.67 1.9148e-14   4375.28 1 
  4240.34 1.9302e-14   4378.03 1 
  4243.00 1.9646e-14   4380.78 1 
  4245.66 1.9721e-14   4383.53 1 
  4248.33 1.9526e-14   4386.28 1 
  4250.99 1.9239e-14   4389.03 1 
  4253.66 1.8861e-14   4391.78 1 
  4256.32 1.8871e-14   4394.53 1 
  4258.98 1.9568e-14   4397.28 1 
  4261.65 1.9867e-14   4400.03 1 
  4264.31 2.0340e-14   4402.78 1 
  4266.97 2.0122e-14   4405.53 1 
  4269.64 1.9567e-14   4408.28 1 
  4272.30 1.8488e-14   4411.03 1 
  4274.96 1.9339e-14   4413.78 1 
  4277.63 1.9404e-14   4416.53 1 
  4280.29 2.0255e-14   4419.28 1 
  4282.95 1.9559e-14   4422.03 1 
  4285.62 1.9838e-14   4424.78 1 
  4288.28 1.9893e-14   4427.53 1 
  4290.94 1.9442e-14   4430.28 1 
  4293.61 1.8666e-14   4433.03 1 
  4296.27 1.8767e-14   4435.78 1 
  4298.93 1.8323e-14   4438.53 1 
  4301.60 1.8307e-14   4441.28 1 
  4304.26 1.8916e-14   4444.03 1 
  4306.93 1.8585e-14   4446.78 1 
  4309.59 1.8511e-14   4449.53 1 
  4312.25 1.8752e-14   4452.28 1 
  4314.92 1.9100e-14   4455.03 1 
  4317.58 1.9794e-14   4457.78 1 
  4320.24 1.9352e-14   4460.53 1 
  4322.91 1.8690e-14   4463.28 1 
  4325.57 1.8268e-14   4466.03 1 
  4328.23 1.7690e-14   4468.78 1 
  4330.90 1.7406e-14   4471.53 1 
  4333.56 1.8396e-14   4474.28 1 
  4336.22 1.9700e-14   4477.03 1 
  4338.89 2.0923e-14   4479.78 1 
  4341.55 2.2111e-14   4482.53 1 
  4344.21 1.9743e-14   4485.28 1 
  4346.88 1.8440e-14   4488.03 1 
  4349.54 1.7702e-14   4490.78 1 
  4352.20 1.7513e-14   4493.53 1 
  4354.87 1.8923e-14   4496.28 1 
  4357.53 1.8750e-14   4499.03 1 
  4360.20 1.9414e-14   4501.78 1 
  4362.86 1.9454e-14   4504.53 1 
  4365.52 2.0017e-14   4507.28 1 
  4368.19 1.9512e-14   4510.03 1 
  4370.85 1.9375e-14   4512.78 1 
  4373.51 1.9162e-14   4515.53 1 
  4376.18 1.9176e-14   4518.28 1 
  4378.84 1.9117e-14   4521.03 1 
  4381.50 1.9723e-14   4523.78 1 
  4384.17 1.9033e-14   4526.53 1 
  4386.83 1.8231e-14   4529.28 1 
  4389.49 1.9300e-14   4532.03 1 
  4392.16 1.9612e-14   4534.78 1 
  4394.82 1.9170e-14   4537.53 1 
  4397.48 1.9729e-14   4540.28 1 
  4400.15 2.0002e-14   4543.03 1 
  4402.81 1.9393e-14   4545.78 1 
  4405.48 1.9651e-14   4548.53 1 
  4408.14 1.9677e-14   4551.28 1 
  4410.80 1.9553e-14   4554.03 1 
  4413.47 1.9755e-14   4556.78 1 
  4416.13 1.9751e-14   4559.53 1 
  4418.79 1.9650e-14   4562.28 1 
  4421.46 1.9551e-14   4565.03 1 
  4424.12 1.9383e-14   4567.78 1 
  4426.78 1.9606e-14   4570.53 1 
  4429.45 1.9572e-14   4573.28 1 
  4432.11 1.9612e-14   4576.03 1 
  4434.77 2.0187e-14   4578.78 1 
  4437.44 1.9983e-14   4581.53 1 
  4440.10 1.9603e-14   4584.28 1 
  4442.76 1.9400e-14   4587.03 1 
  4445.43 2.0505e-14   4589.78 1 
  4448.09 2.0777e-14   4592.53 1 
  4450.75 2.0298e-14   4595.28 1 
  4453.42 1.9670e-14   4598.03 1 
  4456.08 1.9695e-14   4600.78 1 
  4458.75 1.9523e-14   4603.53 1 
  4461.41 1.9274e-14   4606.28 1 
  4464.07 1.9457e-14   4609.03 1 
  4466.74 1.9942e-14   4611.78 1 
  4469.40 2.0214e-14   4614.53 1 
  4472.06 1.9902e-14   4617.28 1 
  4474.73 2.0092e-14   4620.03 1 
  4477.39 1.9822e-14   4622.78 1 
  4480.05 1.9690e-14   4625.53 1 
  4482.72 1.9542e-14   4628.28 1 
  4485.38 1.9867e-14   4631.03 1 
  4488.04 2.0168e-14   4633.78 1 
  4490.71 1.9772e-14   4636.53 1 
  4493.37 1.9212e-14   4639.28 1 
  4496.03 2.0145e-14   4642.03 1 
  4498.70 2.0208e-14   4644.78 1 
  4501.36 2.0579e-14   4647.53 1 
  4504.03 2.0852e-14   4650.28 1 
  4506.69 2.0712e-14   4653.03 1 
  4509.35 2.0567e-14   4655.78 1 
  4512.02 2.0276e-14   4658.53 1 
  4514.68 2.0506e-14   4661.28 1 
  4517.34 2.0555e-14   4664.03 1 
  4520.01 2.0113e-14   4666.78 1 
  4522.67 1.9579e-14   4669.53 1 
  4525.33 1.9416e-14   4672.28 1 
  4528.00 1.9467e-14   4675.03 1 
  4530.66 1.9845e-14   4677.78 1 
  4533.32 1.9442e-14   4680.53 1 
  4535.99 1.9390e-14   4683.28 1 
  4538.65 1.9483e-14   4686.03 1 
  4541.31 1.9936e-14   4688.78 1 
  4543.98 1.9456e-14   4691.53 1 
  4546.64 1.9261e-14   4694.28 1 
  4549.30 1.9827e-14   4697.03 1 
  4551.97 1.9546e-14   4699.78 1 
  4554.63 1.9783e-14   4702.53 1 
  4557.30 1.9867e-14   4705.28 1 
  4559.96 2.0119e-14   4708.03 1 
  4562.62 2.0324e-14   4710.78 1 
  4565.29 2.0128e-14   4713.53 1 
  4567.95 2.0346e-14   4716.28 1 
  4570.61 2.0087e-14   4719.03 1 
  4573.28 2.0192e-14   4721.78 1 
  4575.94 2.0067e-14   4724.53 1 
  4578.60 2.0224e-14   4727.28 1 
  4581.27 2.0250e-14   4730.03 1 
  4583.93 2.0143e-14   4732.78 1 
  4586.59 1.9466e-14   4735.53 1 
  4589.26 1.9896e-14   4738.28 1 
  4591.92 2.0002e-14   4741.03 1 
  4594.58 2.1037e-14   4743.78 1 
  4597.25 2.0604e-14   4746.53 1 
  4599.91 2.0106e-14   4749.28 1 
  4602.57 2.0876e-14   4752.03 1 
  4605.24 2.1184e-14   4754.78 1 
  4607.90 2.1255e-14   4757.53 1 
  4610.57 2.0312e-14   4760.28 1 
  4613.23 2.0650e-14   4763.03 1 
  4615.89 2.0903e-14   4765.78 1 
  4618.56 2.1144e-14   4768.53 1 
  4621.22 2.1187e-14   4771.28 1 
  4623.88 2.1204e-14   4774.03 1 
  4626.55 2.1316e-14   4776.78 1 
  4629.21 2.1398e-14   4779.53 1 
  4631.87 2.0780e-14   4782.28 1 
  4634.54 2.0704e-14   4785.03 1 
  4637.20 2.0881e-14   4787.78 1 
  4639.86 2.0374e-14   4790.53 1 
  4642.53 2.0397e-14   4793.28 1 
  4645.19 2.0320e-14   4796.03 1 
  4647.85 2.0643e-14   4798.78 1 
  4650.52 2.0730e-14   4801.53 1 
  4653.18 2.0512e-14   4804.28 1 
  4655.85 2.0119e-14   4807.03 1 
  4658.51 2.0288e-14   4809.78 1 
  4661.17 2.0697e-14   4812.53 1 
  4663.84 2.0094e-14   4815.28 1 
  4666.50 2.0120e-14   4818.03 1 
  4669.16 1.9708e-14   4820.78 1 
  4671.83 1.9472e-14   4823.53 1 
  4674.49 1.9541e-14   4826.28 1 
  4677.15 2.0275e-14   4829.03 1 
  4679.82 2.0143e-14   4831.78 1 
  4682.48 1.9195e-14   4834.53 1 
  4685.14 2.0003e-14   4837.28 1 
  4687.81 1.9277e-14   4840.03 1 
  4690.47 1.9912e-14   4842.78 1 
  4693.13 2.0421e-14   4845.53 1 
  4695.80 1.9691e-14   4848.28 1 
  4698.46 1.9672e-14   4851.03 1 
  4701.12 1.9318e-14   4853.78 1 
  4703.79 1.9157e-14   4856.53 1 
  4706.45 1.9141e-14   4859.28 1 
  4709.12 1.8757e-14   4862.03 1 
  4711.78 1.9236e-14   4864.78 1 
  4714.44 1.9325e-14   4867.53 1 
  4717.11 1.9096e-14   4870.28 1 
  4719.77 1.9344e-14   4873.03 1 
  4722.43 1.9262e-14   4875.78 1 
  4725.10 1.9550e-14   4878.53 1 
  4727.76 1.8917e-14   4881.28 1 
  4730.42 1.9199e-14   4884.03 1 
  4733.09 1.9227e-14   4886.78 1 
  4735.75 1.9673e-14   4889.53 1 
  4738.41 1.9120e-14   4892.28 1 
  4741.08 1.9391e-14   4895.03 1 
  4743.74 1.9729e-14   4897.78 1 
  4746.40 1.9987e-14   4900.53 1 
  4749.07 1.9954e-14   4903.28 1 
  4751.73 1.9323e-14   4906.03 1 
  4754.40 1.9292e-14   4908.78 1 
  4757.06 1.9347e-14   4911.53 1 
  4759.72 1.8742e-14   4914.28 1 
  4762.39 1.9099e-14   4917.03 1 
  4765.05 1.8348e-14   4919.78 1 
  4767.71 1.9128e-14   4922.53 1 
  4770.38 1.8856e-14   4925.28 1 
  4773.04 1.9652e-14   4928.03 1 
  4775.70 1.9918e-14   4930.78 1 
  4778.37 1.9635e-14   4933.53 1 
  4781.03 1.9912e-14   4936.28 1 
  4783.69 1.9473e-14   4939.03 1 
  4786.36 1.9326e-14   4941.78 1 
  4789.02 1.9844e-14   4944.53 1 
  4791.68 1.9339e-14   4947.28 1 
  4794.35 1.9742e-14   4950.03 1 
  4797.01 1.9603e-14   4952.78 1 
  4799.67 1.9413e-14   4955.53 1 
  4802.34 1.9331e-14   4958.28 1 
  4805.00 1.9796e-14   4961.03 1 
  4807.67 1.9773e-14   4963.78 1 
  4810.33 1.9139e-14   4966.53 1 
  4812.99 1.9160e-14   4969.28 1 
  4815.66 1.9042e-14   4972.03 1 
  4818.32 1.9571e-14   4974.78 1 
  4820.98 1.9120e-14   4977.53 1 
  4823.65 1.9628e-14   4980.28 1 
  4826.31 1.9027e-14   4983.03 1 
  4828.97 1.8199e-14   4985.78 1 
  4831.64 1.8742e-14   4988.53 1 
  4834.30 1.8314e-14   4991.28 1 
  4836.96 1.9311e-14   4994.03 1 
  4839.63 1.8674e-14   4996.78 1 
  4842.29 1.8197e-14   4999.53 1 
  4844.95 1.8413e-14   5002.28 1 
  4847.62 1.7757e-14   5005.03 1 
  4850.28 1.7634e-14   5007.78 1 
  4852.94 1.7469e-14   5010.53 1 
  4855.61 2.1126e-14   5013.28 1 
  4858.27 2.8762e-14   5016.03 1 
  4860.94 3.5200e-14   5018.78 1 
  4863.60 3.4130e-14   5021.53 1 
  4866.26 2.6986e-14   5024.28 1 
  4868.93 1.9561e-14   5027.03 1 
  4871.59 1.7369e-14   5029.78 1 
  4874.25 1.6665e-14   5032.53 1 
  4876.92 1.7242e-14   5035.28 1 
  4879.58 1.7376e-14   5038.03 1 
  4882.24 1.7932e-14   5040.78 1 
  4884.91 1.7902e-14   5043.53 1 
  4887.57 1.7827e-14   5046.28 1 
  4890.23 1.7947e-14   5049.03 1 
  4892.90 1.8046e-14   5051.78 1 
  4895.56 1.8343e-14   5054.53 1 
  4898.22 1.8717e-14   5057.28 1 
  4900.89 1.9169e-14   5060.03 1 
  4903.55 1.8808e-14   5062.78 1 
  4906.22 1.8220e-14   5065.53 1 
  4908.88 1.8825e-14   5068.28 1 
  4911.54 1.8821e-14   5071.03 1 
  4914.21 1.8555e-14   5073.78 1 
  4916.87 1.9130e-14   5076.53 1 
  4919.53 1.8292e-14   5079.28 1 
  4922.20 1.7560e-14   5082.03 1 
  4924.86 1.8035e-14   5084.78 1 
  4927.52 1.8192e-14   5087.53 1 
  4930.19 1.8379e-14   5090.28 1 
  4932.85 1.9253e-14   5093.03 1 
  4935.51 1.8682e-14   5095.78 1 
  4938.18 1.8771e-14   5098.53 1 
  4940.84 1.8389e-14   5101.28 1 
  4943.50 1.8896e-14   5104.03 1 
  4946.17 1.9779e-14   5106.78 1 
  4948.83 1.9407e-14   5109.53 1 
  4951.49 1.9677e-14   5112.28 1 
  4954.16 2.1257e-14   5115.03 1 
  4956.82 2.2169e-14   5117.78 1 
  4959.49 2.3406e-14   5120.53 1 
  4962.15 2.1376e-14   5123.28 1 
  4964.81 2.0755e-14   5126.03 1 
  4967.48 1.9066e-14   5128.78 1 
  4970.14 1.8938e-14   5131.53 1 
  4972.80 1.9137e-14   5134.28 1 
  4975.47 1.9395e-14   5137.03 1 
  4978.13 1.9550e-14   5139.78 1 
  4980.79 1.8632e-14   5142.53 1 
  4983.46 1.7945e-14   5145.28 1 
  4986.12 1.8454e-14   5148.03 1 
  4988.78 1.8968e-14   5150.78 1 
  4991.45 1.9183e-14   5153.53 1 
  4994.11 1.8815e-14   5156.28 1 
  4996.77 1.9005e-14   5159.03 1 
  4999.44 2.0687e-14   5161.78 1 
  5002.10 2.4048e-14   5164.53 1 
  5004.77 2.8216e-14   5167.28 1 
  5007.43 2.9973e-14   5170.03 1 
  5010.09 2.8067e-14   5172.78 1 
  5012.76 2.2711e-14   5175.53 1 
  5015.42 1.9810e-14   5178.28 1 
  5018.08 1.8348e-14   5181.03 1 
  5020.75 1.8123e-14   5183.78 1 
  5023.41 1.8821e-14   5186.53 1 
  5026.07 1.8830e-14   5189.28 1 
  5028.74 1.8731e-14   5192.03 1 
  5031.40 1.9588e-14   5194.78 1 
  5034.06 1.9129e-14   5197.53 1 
  5036.73 1.9319e-14   5200.28 1 
  5039.39 1.9011e-14   5203.03 1 
  5042.05 1.9063e-14   5205.78 1 
  5044.72 1.8967e-14   5208.53 1 
  5047.38 1.8428e-14   5211.28 1 
  5050.04 1.8756e-14   5214.03 1 
  5052.71 1.7842e-14   5216.78 1 
  5055.37 1.8705e-14   5219.53 1 
  5058.04 1.9472e-14   5222.28 1 
  5060.70 1.8748e-14   5225.03 1 
  5063.36 1.9212e-14   5227.78 1 
  5066.03 1.9573e-14   5230.53 1 
  5068.69 1.9191e-14   5233.28 1 
  5071.35 1.8651e-14   5236.03 1 
  5074.02 1.8743e-14   5238.78 1 
  5076.68 1.8175e-14   5241.53 1 
  5079.34 1.8220e-14   5244.28 1 
  5082.01 1.8692e-14   5247.03 1 
  5084.67 1.8793e-14   5249.78 1 
  5087.33 1.8861e-14   5252.53 1 
  5090.00 1.9025e-14   5255.28 1 
  5092.66 1.9283e-14   5258.03 1 
  5095.32 1.8941e-14   5260.78 1 
  5097.99 1.8048e-14   5263.53 1 
  5100.65 1.8203e-14   5266.28 1 
  5103.31 1.8348e-14   5269.03 1 
  5105.98 1.8497e-14   5271.78 1 
  5108.64 1.8598e-14   5274.53 1 
  5111.31 1.8891e-14   5277.28 1 
  5113.97 1.9363e-14   5280.03 1 
  5116.63 1.8813e-14   5282.78 1 
  5119.30 1.8819e-14   5285.53 1 
  5121.96 1.8347e-14   5288.28 1 
  5124.62 1.8244e-14   5291.03 1 
  5127.29 1.8823e-14   5293.78 1 
  5129.95 1.8233e-14   5296.53 1 
  5132.61 1.8462e-14   5299.28 1 
  5135.28 1.8746e-14   5302.03 1 
  5137.94 1.8580e-14   5304.78 1 
  5140.60 1.7915e-14   5307.53 1 
  5143.27 1.8460e-14   5310.28 1 
  5145.93 1.8564e-14   5313.03 1 
  5148.59 1.8945e-14   5315.78 1 
  5151.26 1.7866e-14   5318.53 1 
  5153.92 1.8247e-14   5321.28 1 
  5156.59 1.8518e-14   5324.03 1 
  5159.25 1.8497e-14   5326.78 1 
  5161.91 1.8524e-14   5329.53 1 
  5164.58 1.8007e-14   5332.28 1 
  5167.24 1.8198e-14   5335.03 1 
  5169.90 1.7520e-14   5337.78 1 
  5172.57 1.6935e-14   5340.53 1 
  5175.23 1.7738e-14   5343.28 1 
  5177.89 1.7679e-14   5346.03 1 
  5180.56 1.7965e-14   5348.78 1 
  5183.22 1.8546e-14   5351.53 1 
  5185.88 1.7167e-14   5354.28 1 
  5188.55 1.7709e-14   5357.03 1 
  5191.21 1.7976e-14   5359.78 1 
  5193.87 1.8572e-14   5362.53 1 
  5196.54 1.9652e-14   5365.28 1 
  5199.20 1.9683e-14   5368.03 1 
  5201.86 1.9989e-14   5370.78 1 
  5204.53 1.8772e-14   5373.53 1 
  5207.19 1.8179e-14   5376.28 1 
  5209.86 1.8057e-14   5379.03 1 
  5212.52 1.8330e-14   5381.78 1 
  5215.18 1.8180e-14   5384.53 1 
  5217.85 1.8982e-14   5387.28 1 
  5220.51 1.8882e-14   5390.03 1 
  5223.17 1.8417e-14   5392.78 1 
  5225.84 1.7789e-14   5395.53 1 
  5228.50 1.7522e-14   5398.28 1 
  5231.16 1.8012e-14   5401.03 1 
  5233.83 1.7822e-14   5403.78 1 
  5236.49 1.8545e-14   5406.53 1 
  5239.15 1.8785e-14   5409.28 1 
  5241.82 1.8835e-14   5412.03 1 
  5244.48 1.8672e-14   5414.78 1 
  5247.14 1.8340e-14   5417.53 1 
  5249.81 1.8176e-14   5420.28 1 
  5252.47 1.8157e-14   5423.03 1 
  5255.14 1.8771e-14   5425.78 1 
  5257.80 1.8828e-14   5428.53 1 
  5260.46 1.7755e-14   5431.28 1 
  5263.13 1.8225e-14   5434.03 1 
  5265.79 1.8045e-14   5436.78 1 
  5268.45 1.7959e-14   5439.53 1 
  5271.12 1.7554e-14   5442.28 1 
  5273.78 1.7983e-14   5445.03 1 
  5276.44 1.8104e-14   5447.78 1 
  5279.11 1.8341e-14   5450.53 1 
  5281.77 1.8920e-14   5453.28 1 
  5284.43 1.8492e-14   5456.03 1 
  5287.10 1.8270e-14   5458.78 1 
  5289.76 1.9399e-14   5461.53 1 
  5292.42 1.8740e-14   5464.28 1 
  5295.09 1.8645e-14   5467.03 1 
  5297.75 1.8807e-14   5469.78 1 
  5300.41 1.8788e-14   5472.53 1 
  5303.08 1.8895e-14   5475.28 1 
  5305.74 1.8934e-14   5478.03 1 
  5308.41 1.8890e-14   5480.78 1 
  5311.07 1.9121e-14   5483.53 1 
  5313.73 1.8514e-14   5486.28 1 
  5316.40 1.8816e-14   5489.03 1 
  5319.06 1.7987e-14   5491.78 1 
  5321.72 1.8242e-14   5494.53 1 
  5324.39 1.8990e-14   5497.28 1 
  5327.05 1.7883e-14   5500.03 1 
  5329.71 1.8114e-14   5502.78 1 
  5332.38 1.8018e-14   5505.53 1 
  5335.04 1.8650e-14   5508.28 1 
  5337.70 1.8461e-14   5511.03 1 
  5340.37 1.8638e-14   5513.78 1 
  5343.03 1.8299e-14   5516.53 1 
  5345.69 1.9025e-14   5519.28 1 
  5348.36 1.9160e-14   5522.03 1 
  5351.02 1.9227e-14   5524.78 1 
  5353.68 2.0015e-14   5527.53 1 
  5356.35 1.9379e-14   5530.28 1 
  5359.01 1.9044e-14   5533.03 1 
  5361.68 1.9033e-14   5535.78 1 
  5364.34 1.8635e-14   5538.53 1 
  5367.00 1.8316e-14   5541.28 1 
  5369.67 1.7730e-14   5544.03 1 
  5372.33 1.8027e-14   5546.78 1 
  5374.99 1.8147e-14   5549.53 1 
  5377.66 1.8353e-14   5552.28 1 
  5380.32 1.8218e-14   5555.03 1 
  5382.98 1.8868e-14   5557.78 1 
  5385.65 1.7990e-14   5560.53 1 
  5388.31 1.8647e-14   5563.28 1 
  5390.97 1.8574e-14   5566.03 1 
  5393.64 1.7658e-14   5568.78 1 
  5396.30 1.8213e-14   5571.53 1 
  5398.96 1.8223e-14   5574.28 1 
  5401.63 1.8561e-14   5577.03 1 
  5404.29 1.7609e-14   5579.78 1 
  5406.96 1.8190e-14   5582.53 1 
  5409.62 1.7875e-14   5585.28 1 
  5412.28 1.8279e-14   5588.03 1 
  5414.95 1.7688e-14   5590.78 1 
  5417.61 1.8483e-14   5593.53 1 
  5420.27 1.8551e-14   5596.28 1 
  5422.94 1.8467e-14   5599.03 1 
  5425.60 1.8316e-14   5601.78 1 
  5428.26 1.9277e-14   5604.53 1 
  5430.93 1.8278e-14   5607.28 1 
  5433.59 1.8463e-14   5610.03 1 
  5436.25 1.8717e-14   5612.78 1 
  5438.92 1.9400e-14   5615.53 1 
  5441.58 1.8686e-14   5618.28 1 
  5444.24 1.8778e-14   5621.03 1 
  5446.91 1.9143e-14   5623.78 1 
  5449.57 1.8214e-14   5626.53 1 
  5452.23 1.9053e-14   5629.28 1 
  5454.90 1.9420e-14   5632.03 1 
  5457.56 1.9050e-14   5634.78 1 
  5460.23 1.9410e-14   5637.53 1 
  5462.89 1.9163e-14   5640.28 1 
  5465.55 1.9255e-14   5643.03 1 
  5468.22 1.9677e-14   5645.78 1 
  5470.88 1.8630e-14   5648.53 1 
  5473.54 1.8712e-14   5651.28 1 
  5476.21 1.8381e-14   5654.03 1 
  5478.87 1.8673e-14   5656.78 1 
  5481.53 1.7903e-14   5659.53 1 
  5484.20 1.8371e-14   5662.28 1 
  5486.86 1.8478e-14   5665.03 1 
  5489.52 1.9026e-14   5667.78 1 
  5492.19 1.8491e-14   5670.53 1 
  5494.85 1.8648e-14   5673.28 1 
  5497.51 1.8064e-14   5676.03 1 
  5500.18 1.8619e-14   5678.78 1 
  5502.84 1.8179e-14   5681.53 1 
  5505.51 1.8203e-14   5684.28 1 
  5508.17 1.8375e-14   5687.03 1 
  5510.83 1.8183e-14   5689.78 1 
  5513.50 1.8188e-14   5692.53 1 
  5516.16 1.8751e-14   5695.28 1 
  5518.82 1.8865e-14   5698.03 1 
  5521.49 1.8592e-14   5700.78 1 
  5524.15 1.8676e-14   5703.53 1 
  5526.81 1.8498e-14   5706.28 1 
  5529.48 1.8230e-14   5709.03 1 
  5532.14 1.8336e-14   5711.78 1 
  5534.80 1.8740e-14   5714.53 1 
  5537.47 1.8973e-14   5717.28 1 
  5540.13 1.8733e-14   5720.03 1 
  5542.79 1.8668e-14   5722.78 1 
  5545.46 1.8847e-14   5725.53 1 
  5548.12 1.8435e-14   5728.28 1 
  5550.78 1.8450e-14   5731.03 1 
  5553.45 1.8445e-14   5733.78 1 
  5556.11 1.9119e-14   5736.53 1 
  5558.78 1.8762e-14   5739.28 1 
  5561.44 1.8235e-14   5742.03 1 
  5564.10 1.8008e-14   5744.78 1 
  5566.77 1.8041e-14   5747.53 1 
  5569.43 1.8306e-14   5750.28 1 
  5572.09 1.8329e-14   5753.03 1 
  5574.76 1.8209e-14   5755.78 1 
  5577.42 1.8352e-14   5758.53 1 
  5580.08 1.8525e-14   5761.28 1 
  5582.75 1.8223e-14   5764.03 1 
  5585.41 1.7856e-14   5766.78 1 
  5588.07 1.8146e-14   5769.53 1 
  5590.74 1.8221e-14   5772.28 1 
  5593.40 1.8415e-14   5775.03 1 
  5596.06 1.8098e-14   5777.78 1 
  5598.73 1.7716e-14   5780.53 1 
  5601.39 1.7895e-14   5783.28 1 
  5604.05 1.7867e-14   5786.03 1 
  5606.72 1.7970e-14   5788.78 1 
  5609.38 1.8316e-14   5791.53 1 
  5612.05 1.8325e-14   5794.28 1 
  5614.71 1.8324e-14   5797.03 1 
  5617.37 1.8165e-14   5799.78 1 
  5620.04 1.7784e-14   5802.53 1 
  5622.70 1.7984e-14   5805.28 1 
  5625.36 1.8656e-14   5808.03 1 
  5628.03 1.8491e-14   5810.78 1 
  5630.69 1.8519e-14   5813.53 1 
  5633.35 1.8345e-14   5816.28 1 
  5636.02 1.8404e-14   5819.03 1 
  5638.68 1.8520e-14   5821.78 1 
  5641.34 1.8338e-14   5824.53 1 
  5644.01 1.8242e-14   5827.28 1 
  5646.67 1.8835e-14   5830.03 1 
  5649.33 1.8739e-14   5832.78 1 
  5652.00 1.8292e-14   5835.53 1 
  5654.66 1.8967e-14   5838.28 1 
  5657.33 1.8861e-14   5841.03 1 
  5659.99 1.8036e-14   5843.78 1 
  5662.65 1.8360e-14   5846.53 1 
  5665.32 1.8642e-14   5849.28 1 
  5667.98 1.8502e-14   5852.03 1 
  5670.64 1.8137e-14   5854.78 1 
  5673.31 1.8250e-14   5857.53 1 
  5675.97 1.8322e-14   5860.28 1 
  5678.63 1.8080e-14   5863.03 1 
  5681.30 1.8209e-14   5865.78 1 
  5683.96 1.7806e-14   5868.53 1 
  5686.62 1.9101e-14   5871.28 1 
  5689.29 1.8274e-14   5874.03 1 
  5691.95 1.7981e-14   5876.78 1 
  5694.61 1.8060e-14   5879.53 1 
  5697.28 1.8109e-14   5882.28 1 
  5699.94 1.7772e-14   5885.03 1 
  5702.60 1.8064e-14   5887.78 1 
  5705.27 1.7440e-14   5890.53 1 
  5707.93 1.7313e-14   5893.28 1 
  5710.60 1.7647e-14   5896.03 1 
  5713.26 1.7443e-14   5898.78 1 
  5715.92 1.6983e-14   5901.53 1 
  5718.59 1.8118e-14   5904.28 1 
  5721.25 1.9117e-14   5907.03 1 
  5723.91 1.8401e-14   5909.78 1 
  5726.58 1.8362e-14   5912.53 1 
  5729.24 1.8372e-14   5915.28 1 
  5731.90 1.7722e-14   5918.03 1 
  5734.57 1.8230e-14   5920.78 1 
  5737.23 1.8421e-14   5923.53 1 
  5739.89 1.7912e-14   5926.28 1 
  5742.56 1.8749e-14   5929.03 1 
  5745.22 1.8366e-14   5931.78 1 
  5747.88 1.8423e-14   5934.53 1 
  5750.55 1.8120e-14   5937.28 1 
  5753.21 1.8019e-14   5940.03 1 
  5755.88 1.8437e-14   5942.78 1 
  5758.54 1.8557e-14   5945.53 1 
  5761.20 1.7915e-14   5948.28 1 
  5763.87 1.8414e-14   5951.03 1 
  5766.53 1.9122e-14   5953.78 1 
  5769.19 1.9074e-14   5956.53 1 
  5771.86 1.8610e-14   5959.28 1 
  5774.52 1.8022e-14   5962.03 1 
  5777.18 1.8460e-14   5964.78 1 
  5779.85 1.8026e-14   5967.53 1 
  5782.51 1.7727e-14   5970.28 1 
  5785.17 1.7968e-14   5973.03 1 
  5787.84 1.7918e-14   5975.78 1 
  5790.50 1.8073e-14   5978.53 1 
  5793.16 1.8254e-14   5981.28 1 
  5795.83 1.7694e-14   5984.03 1 
  5798.49 1.7820e-14   5986.78 1 
  5801.15 1.8145e-14   5989.53 1 
  5803.82 1.7818e-14   5992.28 1 
  5806.48 1.8098e-14   5995.03 1 
  5809.15 1.8035e-14   5997.78 1 
  5811.81 1.9049e-14   6000.53 1 
  5814.47 1.8062e-14   6003.28 1 
  5817.14 1.8352e-14   6006.03 1 
  5819.80 1.8088e-14   6008.78 1 
  5822.46 1.8216e-14   6011.53 1 
  5825.13 1.9123e-14   6014.28 1 
  5827.79 1.8699e-14   6017.03 1 
  5830.45 1.8699e-14   6019.78 1 
  5833.12 1.8596e-14   6022.53 1 
  5835.78 1.8244e-14   6025.28 1 
  5838.44 1.8051e-14   6028.03 1 
  5841.11 1.8473e-14   6030.78 1 
  5843.77 1.8372e-14   6033.53 1 
  5846.43 1.7953e-14   6036.28 1 
  5849.10 1.8054e-14   6039.03 1 
  5851.76 1.8014e-14   6041.78 1 
  5854.42 1.7917e-14   6044.53 1 
  5857.09 1.8868e-14   6047.28 1 
  5859.75 1.8353e-14   6050.03 1 
  5862.42 1.7687e-14   6052.78 1 
  5865.08 1.7815e-14   6055.53 1 
  5867.74 1.8248e-14   6058.28 1 
  5870.41 1.8980e-14   6061.03 1 
  5873.07 2.1001e-14   6063.78 1 
  5875.73 2.1456e-14   6066.53 1 
  5878.40 2.0407e-14   6069.28 1 
  5881.06 1.8464e-14   6072.03 1 
  5883.72 1.6671e-14   6074.78 1 
  5886.39 1.5668e-14   6077.53 1 
  5889.05 1.5432e-14   6080.28 1 
  5891.71 1.4653e-14   6083.03 1 
  5894.38 1.4986e-14   6085.78 1 
  5897.04 1.5788e-14   6088.53 1 
  5899.70 1.7120e-14   6091.28 1 
  5902.37 1.7413e-14   6094.03 1 
  5905.03 1.7745e-14   6096.78 1 
  5907.70 1.7501e-14   6099.53 1 
  5910.36 1.7931e-14   6102.28 1 
  5913.02 1.7853e-14   6105.03 1 
  5915.69 1.7697e-14   6107.78 1 
  5918.35 1.7813e-14   6110.53 1 
  5921.01 1.7405e-14   6113.28 1 
  5923.68 1.7863e-14   6116.03 1 
  5926.34 1.7767e-14   6118.78 1 
  5929.00 1.7745e-14   6121.53 1 
  5931.67 1.7839e-14   6124.28 1 
  5934.33 1.7954e-14   6127.03 1 
  5936.99 1.8084e-14   6129.78 1 
  5939.66 1.7957e-14   6132.53 1 
  5942.32 1.7906e-14   6135.28 1 
  5944.98 1.7726e-14   6138.03 1 
  5947.65 1.7696e-14   6140.78 1 
  5950.31 1.7358e-14   6143.53 1 
  5952.97 1.7719e-14   6146.28 1 
  5955.64 1.7888e-14   6149.03 1 
  5958.30 1.7621e-14   6151.78 1 
  5960.97 1.8193e-14   6154.53 1 
  5963.63 1.8301e-14   6157.28 1 
  5966.29 1.8123e-14   6160.03 1 
  5968.96 1.7969e-14   6162.78 1 
  5971.62 1.7648e-14   6165.53 1 
  5974.28 1.7647e-14   6168.28 1 
  5976.95 1.8135e-14   6171.03 1 
  5979.61 1.8226e-14   6173.78 1 
  5982.27 1.8351e-14   6176.53 1 
  5984.94 1.7569e-14   6179.28 1 
  5987.60 1.8159e-14   6182.03 1 
  5990.26 1.7825e-14   6184.78 1 
  5992.93 1.7393e-14   6187.53 1 
  5995.59 1.7858e-14   6190.28 1 
  5998.25 1.7758e-14   6193.03 1 
  6000.92 1.7436e-14   6195.78 1 
  6003.58 1.7130e-14   6198.53 1 
  6006.24 1.7961e-14   6201.28 1 
  6008.91 1.7319e-14   6204.03 1 
  6011.57 1.7263e-14   6206.78 1 
  6014.24 1.7618e-14   6209.53 1 
  6016.90 1.8236e-14   6212.28 1 
  6019.56 1.8056e-14   6215.03 1 
  6022.23 1.7496e-14   6217.78 1 
  6024.89 1.6934e-14   6220.53 1 
  6027.55 1.7504e-14   6223.28 1 
  6030.22 1.7620e-14   6226.03 1 
  6032.88 1.8083e-14   6228.78 1 
  6035.54 1.7893e-14   6231.53 1 
  6038.21 1.8267e-14   6234.28 1 
  6040.87 1.7147e-14   6237.03 1 
  6043.53 1.7503e-14   6239.78 1 
  6046.20 1.7536e-14   6242.53 1 
  6048.86 1.8600e-14   6245.28 1 
  6051.52 1.7895e-14   6248.03 1 
  6054.19 1.8188e-14   6250.78 1 
  6056.85 1.7602e-14   6253.53 1 
  6059.52 1.8871e-14   6256.28 1 
  6062.18 1.7580e-14   6259.03 1 
  6064.84 1.7562e-14   6261.78 1 
  6067.51 1.7945e-14   6264.53 1 
  6070.17 1.7943e-14   6267.28 1 
  6072.83 1.7680e-14   6270.03 1 
  6075.50 1.7803e-14   6272.78 1 
  6078.16 1.7525e-14   6275.53 1 
  6080.82 1.7223e-14   6278.28 1 
  6083.49 1.7521e-14   6281.03 1 
  6086.15 1.7967e-14   6283.78 1 
  6088.81 1.7206e-14   6286.53 1 
  6091.48 1.7747e-14   6289.28 1 
  6094.14 1.7887e-14   6292.03 1 
  6096.80 1.7351e-14   6294.78 1 
  6099.47 1.7100e-14   6297.53 1 
  6102.13 1.7504e-14   6300.28 1 
  6104.79 1.8115e-14   6303.03 1 
  6107.46 1.7720e-14   6305.78 1 
  6110.12 1.8525e-14   6308.53 1 
  6112.79 1.8083e-14   6311.28 1 
  6115.45 1.7653e-14   6314.03 1 
  6118.11 1.8189e-14   6316.78 1 
  6120.78 1.7305e-14   6319.53 1 
  6123.44 1.7273e-14   6322.28 1 
  6126.10 1.7514e-14   6325.03 1 
  6128.77 1.7899e-14   6327.78 1 
  6131.43 1.7516e-14   6330.53 1 
  6134.09 1.6994e-14   6333.28 1 
  6136.76 1.7074e-14   6336.03 1 
  6139.42 1.7881e-14   6338.78 1 
  6142.08 1.7943e-14   6341.53 1 
  6144.75 1.7496e-14   6344.28 1 
  6147.41 1.7893e-14   6347.03 1 
  6150.07 1.7332e-14   6349.78 1 
  6152.74 1.8427e-14   6352.53 1 
  6155.40 1.7099e-14   6355.28 1 
  6158.07 1.6970e-14   6358.03 1 
  6160.73 1.7300e-14   6360.78 1 
  6163.39 1.7472e-14   6363.53 1 
  6166.06 1.6846e-14   6366.28 1 
  6168.72 1.7201e-14   6369.03 1 
  6171.38 1.7299e-14   6371.78 1 
  6174.05 1.7005e-14   6374.53 1 
  6176.71 1.7576e-14   6377.28 1 
  6179.37 1.7576e-14   6380.03 1 
  6182.04 1.7995e-14   6382.78 1 
  6184.70 1.7881e-14   6385.53 1 
  6187.36 1.7208e-14   6388.28 1 
  6190.03 1.6603e-14   6391.03 1 
  6192.69 1.7491e-14   6393.78 1 
  6195.35 1.7136e-14   6396.53 1 
  6198.02 1.7241e-14   6399.28 1 
  6200.68 1.7439e-14   6402.03 1 
  6203.34 1.6906e-14   6404.78 1 
  6206.01 1.6818e-14   6407.53 1 
  6208.67 1.7072e-14   6410.28 1 
  6211.34 1.7408e-14   6413.03 1 
  6214.00 1.7324e-14   6415.78 1 
  6216.66 1.7014e-14   6418.53 1 
  6219.33 1.6835e-14   6421.28 1 
  6221.99 1.7288e-14   6424.03 1 
  6224.65 1.7638e-14   6426.78 1 
  6227.32 1.7362e-14   6429.53 1 
  6229.98 1.6840e-14   6432.28 1 
  6232.64 1.7164e-14   6435.03 1 
  6235.31 1.7333e-14   6437.78 1 
  6237.97 1.6916e-14   6440.53 1 
  6240.63 1.7084e-14   6443.28 1 
  6243.30 1.7271e-14   6446.03 1 
  6245.96 1.7230e-14   6448.78 1 
  6248.62 1.6865e-14   6451.53 1 
  6251.29 1.7078e-14   6454.28 1 
  6253.95 1.6756e-14   6457.03 1 
  6256.61 1.6899e-14   6459.78 1 
  6259.28 1.6562e-14   6462.53 1 
  6261.94 1.7167e-14   6465.28 1 
  6264.61 1.6973e-14   6468.03 1 
  6267.27 1.6904e-14   6470.78 1 
  6269.93 1.6975e-14   6473.53 1 
  6272.60 1.6839e-14   6476.28 1 
  6275.26 1.7805e-14   6479.03 1 
  6277.92 1.7393e-14   6481.78 1 
  6280.59 1.7419e-14   6484.53 1 
  6283.25 1.6147e-14   6487.28 1 
  6285.91 1.6907e-14   6490.03 1 
  6288.58 1.6926e-14   6492.78 1 
  6291.24 1.7843e-14   6495.53 1 
  6293.90 1.8165e-14   6498.28 1 
  6296.57 1.9937e-14   6501.03 1 
  6299.23 2.0749e-14   6503.78 1 
  6301.89 2.0542e-14   6506.53 1 
  6304.56 1.9195e-14   6509.28 1 
  6307.22 1.6934e-14   6512.03 1 
  6309.89 1.7099e-14   6514.78 1 
  6312.55 1.7685e-14   6517.53 1 
  6315.21 1.7495e-14   6520.28 1 
  6317.88 1.6105e-14   6523.03 1 
  6320.54 1.6719e-14   6525.78 1 
  6323.20 1.6438e-14   6528.53 1 
  6325.87 1.6645e-14   6531.28 1 
  6328.53 1.7398e-14   6534.03 1 
  6331.19 1.6686e-14   6536.78 1 
  6333.86 1.6313e-14   6539.53 1 
  6336.52 1.6842e-14   6542.28 1 
  6339.18 1.6901e-14   6545.03 1 
  6341.85 1.6663e-14   6547.78 1 
  6344.51 1.7122e-14   6550.53 1 
  6347.17 1.6471e-14   6553.28 1 
  6349.84 1.6785e-14   6556.03 1 
  6352.50 1.6570e-14   6558.78 1 
  6355.16 1.5712e-14   6561.53 1 
  6357.83 1.6191e-14   6564.28 1 
  6360.49 1.7027e-14   6567.03 1 
  6363.16 1.7700e-14   6569.78 1 
  6365.82 1.8151e-14   6572.53 1 
  6368.48 1.7735e-14   6575.28 1 
  6371.15 1.7088e-14   6578.03 1 
  6373.81 1.6611e-14   6580.78 1 
  6376.47 1.6492e-14   6583.53 1 
  6379.14 1.6779e-14   6586.28 1 
  6381.80 1.6548e-14   6589.03 1 
  6384.46 1.6080e-14   6591.78 1 
  6387.13 1.6600e-14   6594.53 1 
  6389.79 1.6516e-14   6597.28 1 
  6392.45 1.6695e-14   6600.03 1 
  6395.12 1.7060e-14   6602.78 1 
  6397.78 1.6657e-14   6605.53 1 
  6400.44 1.7179e-14   6608.28 1 
  6403.11 1.6884e-14   6611.03 1 
  6405.77 1.6168e-14   6613.78 1 
  6408.44 1.6853e-14   6616.53 1 
  6411.10 1.6967e-14   6619.28 1 
  6413.76 1.6509e-14   6622.03 1 
  6416.43 1.6638e-14   6624.78 1 
  6419.09 1.6460e-14   6627.53 1 
  6421.75 1.6942e-14   6630.28 1 
  6424.42 1.6646e-14   6633.03 1 
  6427.08 1.7385e-14   6635.78 1 
  6429.74 1.7085e-14   6638.53 1 
  6432.41 1.6937e-14   6641.28 1 
  6435.07 1.7228e-14   6644.03 1 
  6437.73 1.6595e-14   6646.78 1 
  6440.40 1.6777e-14   6649.53 1 
  6443.06 1.7249e-14   6652.28 1 
  6445.72 1.7084e-14   6655.03 1 
  6448.39 1.7962e-14   6657.78 1 
  6451.05 1.7669e-14   6660.53 1 
  6453.71 1.6939e-14   6663.28 1 
  6456.38 1.6305e-14   6666.03 1 
  6459.04 1.7362e-14   6668.78 1 
  6461.71 1.7093e-14   6671.53 1 
  6464.37 1.6861e-14   6674.28 1 
  6467.03 1.7092e-14   6677.03 1 
  6469.70 1.7432e-14   6679.78 1 
  6472.36 1.7040e-14   6682.53 1 
  6475.02 1.7158e-14   6685.28 1 
  6477.69 1.7590e-14   6688.03 1 
  6480.35 1.7293e-14   6690.78 1 
  6483.01 1.7258e-14   6693.53 1 
  6485.68 1.7127e-14   6696.28 1 
  6488.34 1.7645e-14   6699.03 1 
  6491.00 1.6815e-14   6701.78 1 
  6493.67 1.6732e-14   6704.53 1 
  6496.33 1.6597e-14   6707.28 1 
  6498.99 1.6518e-14   6710.03 1 
  6501.66 1.7053e-14   6712.78 1 
  6504.32 1.6812e-14   6715.53 1 
  6506.98 1.6454e-14   6718.28 1 
  6509.65 1.6857e-14   6721.03 1 
  6512.31 1.7692e-14   6723.78 1 
  6514.98 1.6826e-14   6726.53 1 
  6517.64 1.6951e-14   6729.28 1 
  6520.30 1.6744e-14   6732.03 1 
  6522.97 1.7575e-14   6734.78 1 
  6525.63 1.7347e-14   6737.53 1 
  6528.29 1.7227e-14   6740.28 1 
  6530.96 1.8172e-14   6743.03 1 
  6533.62 1.7044e-14   6745.78 1 
  6536.28 1.7737e-14   6748.53 1 
  6538.95 1.8525e-14   6751.28 1 
  6541.61 2.0076e-14   6754.03 1 
  6544.27 2.4526e-14   6756.78 1 
  6546.94 2.9744e-14   6759.53 1 
  6549.60 3.0467e-14   6762.28 1 
  6552.26 2.8348e-14   6765.03 1 
  6554.93 3.3487e-14   6767.78 1 
  6557.59 6.0903e-14   6770.53 1 
  6560.26 1.0390e-13   6773.28 1 
  6562.92 1.2695e-13   6776.03 1 
  6565.58 1.0695e-13   6778.78 1 
  6568.25 6.4881e-14   6781.53 1 
  6570.91 3.4356e-14   6784.28 1 
  6573.57 2.3296e-14   6787.03 1 
  6576.24 2.5246e-14   6789.78 1 
  6578.90 3.7401e-14   6792.53 1 
  6581.56 5.1138e-14   6795.28 1 
  6584.23 5.6557e-14   6798.03 1 
  6586.89 4.5981e-14   6800.78 1 
  6589.55 3.1083e-14   6803.53 1 
  6592.22 2.1970e-14   6806.28 1 
  6594.88 1.8199e-14   6809.03 1 
  6597.54 1.6857e-14   6811.78 1 
  6600.21 1.7487e-14   6814.53 1 
  6602.87 1.7483e-14   6817.28 1 
  6605.53 1.7201e-14   6820.03 1 
  6608.20 1.7134e-14   6822.78 1 
  6610.86 1.7838e-14   6825.53 1 
  6613.53 1.7704e-14   6828.28 1 
  6624.02 1.7122e-14   6839.12 0 
  6639.29 1.6539e-14   6854.88 0 
  6654.59 1.6884e-14   6870.68 0 
  6669.94 1.6423e-14   6886.52 0 
  6685.31 1.6084e-14   6902.40 0 
  6700.72 1.6687e-14   6918.31 0 
  6716.17 1.6647e-14   6934.26 0 
  6731.65 1.6607e-14   6950.24 0 
  6747.17 1.6453e-14   6966.26 0 
  6762.73 1.6490e-14   6982.33 0 
  6778.31 1.6413e-14   6998.42 0 
  6793.94 1.6449e-14   7014.55 0 
  6809.60 1.6561e-14   7030.72 0 
  6825.30 1.6560e-14   7046.93 0 
  6841.03 1.6635e-14   7063.18 0 
  6856.80 1.6519e-14   7079.46 0 
  6872.61 1.6030e-14   7095.78 0 
  6888.45 1.6215e-14   7112.14 0 
  6904.33 1.6250e-14   7128.53 0 
  6920.25 1.6286e-14   7144.96 0 
  6936.20 1.6360e-14   7161.43 0 
  6952.19 1.6434e-14   7177.94 0 
  6968.22 1.6433e-14   7194.49 0 
  6984.28 1.5620e-14   7211.08 0 
  7000.38 1.6392e-14   7227.70 0 
  7016.52 1.6278e-14   7244.36 0 
  7032.69 1.5979e-14   7261.06 0 
  7048.91 1.6769e-14   7277.80 0 
  7065.15 1.5976e-14   7294.57 0 
  7081.44 1.6122e-14   7311.39 0 
  7097.77 1.5466e-14   7328.25 0 
  7114.13 1.5644e-14   7345.14 0 
  7130.53 1.5607e-14   7362.07 0 
  7146.97 1.5462e-14   7379.04 0 
  7163.44 1.5604e-14   7396.05 0 
  7179.95 1.5388e-14   7413.10 0 
  7196.51 1.4728e-14   7430.19 0 
  7213.10 1.4795e-14   7447.32 0 
  7229.72 1.5348e-14   7464.49 0 
  7246.39 1.5382e-14   7481.70 0 
  7263.09 1.5703e-14   7498.94 0 
  7279.84 1.5379e-14   7516.23 0 
  7296.62 1.4788e-14   7533.56 0 
  7313.44 1.5519e-14   7550.92 0 
  7330.30 1.5842e-14   7568.33 0 
  7347.20 1.6247e-14   7585.78 0 
  7364.14 1.5372e-14   7603.26 0 
  7381.11 1.6132e-14   7620.79 0 
  7398.12 1.5727e-14   7638.36 0 
  7415.18 1.5908e-14   7655.97 0 
  7432.27 1.5797e-14   7673.61 0 
  7449.41 1.5722e-14   7691.30 0 
  7466.58 1.6124e-14   7709.04 0 
  7483.79 1.6012e-14   7726.81 0 
  7501.04 1.5502e-14   7744.62 0 
  7518.34 1.5716e-14   7762.47 0 
  7535.67 1.6230e-14   7780.37 0 
  7553.04 1.6005e-14   7798.30 0 
  7570.45 1.5930e-14   7816.28 0 
  7587.90 1.5965e-14   7834.30 0 
  7605.39 1.5636e-14   7852.36 0 
  7622.92 1.5743e-14   7870.46 0 
  7640.50 1.5526e-14   7888.60 0 
  7658.11 1.5596e-14   7906.79 0 
  7675.76 1.3866e-14   7925.01 0 
  7693.46 1.5203e-14   7943.28 0 
  7711.20 1.4685e-14   7961.59 0 
  7728.97 1.5164e-14   7979.95 0 
  7746.79 1.5198e-14   7998.34 0 
  7764.65 1.4988e-14   8016.78 0 
  7782.55 1.4279e-14   8035.26 0 
  7800.49 1.4950e-14   8053.78 0 
  7818.47 1.4846e-14   8072.35 0 
  7836.49 1.5051e-14   8090.96 0 
  7854.56 1.5259e-14   8109.61 0 
  7872.67 1.5222e-14   8128.31 0 
  7890.81 1.4943e-14   8147.04 0 
  7909.00 1.4770e-14   8165.82 0 
  7927.24 1.4366e-14   8184.65 0 
  7945.51 1.4266e-14   8203.52 0 
  7963.82 1.4496e-14   8222.43 0 
  7982.18 1.4764e-14   8241.38 0 
  8000.59 1.4694e-14   8260.38 0 
  8019.03 1.4727e-14   8279.42 0 
  8037.51 1.4557e-14   8298.51 0 
  8056.04 1.4488e-14   8317.64 0 
  8074.61 1.4824e-14   8336.81 0 
  8093.23 1.4419e-14   8356.03 0 
  8111.89 1.4753e-14   8375.29 0 
  8130.58 1.4854e-14   8394.60 0 
  8149.33 1.4514e-14   8413.95 0 
  8168.11 1.4546e-14   8433.35 0 
  8186.94 1.3762e-14   8452.79 0 
  8205.81 1.3856e-14   8472.27 0 
  8224.73 1.4743e-14   8491.80 0 
  8243.69 1.4540e-14   8511.38 0 
  8262.69 1.4505e-14   8531.00 0 
  8281.74 1.4108e-14   8550.67 0 
  8300.84 1.4368e-14   8570.38 0 
  8319.97 1.4202e-14   8590.14 0 
  8339.15 1.4266e-14   8609.94 0 
  8358.37 1.4298e-14   8629.79 0 
  8377.64 1.4697e-14   8649.68 0 
  8396.95 1.3557e-14   8669.62 0 
  8416.31 1.4525e-14   8689.60 0 
  8435.71 1.4095e-14   8709.64 0 
  8455.16 1.3584e-14   8729.71 0 
  8474.65 1.3708e-14   8749.84 0 
  8494.19 1.4419e-14   8770.01 0 
  8513.77 1.3611e-14   8790.23 0 
  8533.39 1.4152e-14   8810.49 0 
  8553.07 1.0322e-14   8830.80 0 
  8572.78 1.4182e-14   8851.16 0 
  8592.54 1.3826e-14   8871.56 0 
  8612.35 1.3603e-14   8892.01 0 
  8632.21 1.4047e-14   8912.51 0 
  8652.10 1.4013e-14   8933.05 0 
  8672.05 9.3000e-15   8953.65 0 
  8692.04 1.3441e-14   8974.29 0 
  8712.08 1.3816e-14   8994.98 0 
  8732.16 1.4333e-14   9015.71 0 
  8752.29 1.3561e-14   9036.50 0 
  8772.47 1.3685e-14   9057.33 0 
  8792.69 1.4262e-14   9078.20 0 
  8812.96 1.3936e-14   9099.13 0 
  8833.28 1.3461e-14   9120.11 0 
  8853.64 1.3837e-14   9141.13 0 
  8874.05 1.2246e-14   9162.20 0 
  8894.50 1.3426e-14   9183.33 0 
  8915.01 1.3642e-14   9204.50 0 
  8935.56 1.3422e-14   9225.71 0 
  8956.16 1.3145e-14   9246.98 0 
  8976.80 1.3205e-14   9268.30 0 
  8997.50 1.1633e-14   9289.66 0 
  9018.24 1.2320e-14   9311.08 0 
  9039.03 1.3476e-14   9332.54 0 
  9059.86 1.4273e-14   9354.06 0 
  9080.75 1.2867e-14   9375.62 0 
  9101.68 1.3410e-14   9397.23 0 
  9122.66 1.4040e-14   9418.90 0 
  9143.69 1.2892e-14   9440.61 0 
  9164.77 1.1947e-14   9462.37 0 
  9185.90 1.2280e-14   9484.18 0 
  9207.07 1.3096e-14   9506.05 0 
  9228.30 1.2477e-14   9527.96 0 
  9249.57 1.2591e-14   9549.93 0 
  9270.89 1.3092e-14   9571.94 0 
  9292.27 1.3519e-14   9594.01 0 
  9313.69 1.3332e-14   9616.12 0 
  9335.16 1.3361e-14   9638.29 0 
  9356.68 1.3328e-14   9660.51 0 
  9378.25 1.3144e-14   9682.78 0 
  9399.87 1.3264e-14   9705.10 0 
  9421.53 1.3323e-14   9727.47 0 
  9443.26 1.3169e-14   9749.90 0 
  9465.02 1.3382e-14   9772.37 0 
  9486.84 1.3349e-14   9794.90 0 
  9508.71 1.3044e-14   9817.48 0 
  9530.63 1.2922e-14   9840.11 0 
  9552.60 1.2226e-14   9862.79 0 
  9574.62 1.2889e-14   9885.53 0 
  9596.70 1.3218e-14   9908.32 0 
  9618.82 1.3095e-14   9931.16 0 
  9640.99 1.3124e-14   9954.05 0 
  9663.22 1.3002e-14   9977.00 0 
  9685.49 1.3121e-14  10000.00 0 
  9707.82 1.2969e-14  10023.05 0 
  9730.20 1.2848e-14  10046.15 0 
  9752.62 1.2788e-14  10069.31 0 
  9775.12 1.2815e-14  10092.53 0 
  9797.65 1.2696e-14  10115.80 0 
  9820.23 1.2901e-14  10139.12 0 
  9842.87 1.2810e-14  10162.49 0 
  9865.56 1.2720e-14  10185.91 0 
  9888.30 1.2690e-14  10209.39 0 
  9911.10 1.2659e-14  10232.94 0 
  9933.95 1.2715e-14  10256.52 0 
  9956.85 1.2714e-14  10280.17 0 
  9979.80 1.2712e-14  10303.86 0 
 10025.86 1.2448e-14  10351.42 0 
 10072.14 1.2218e-14  10399.21 0 
 10118.63 1.2585e-14  10447.20 0 
 10165.33 1.2495e-14  10495.42 0 
 10235.80 1.2519e-14  10568.18 0 
 10283.05 1.2516e-14  10616.96 0 
 10306.75 1.2456e-14  10641.43 0 
 10498.36 1.2057e-14  10839.27 0 
 10693.55 1.1595e-14  11040.79 0 
 10892.36 1.1047e-14  11246.05 0 
 11094.86 1.0697e-14  11455.13 0 
 11301.12 1.0502e-14  11668.09 0 
 11511.22 1.0429e-14  11885.02 0 
 11698.27 1.0168e-14  12078.13 0 
 11888.36 9.8232e-15  12274.40 0 
 12109.38 9.6439e-15  12502.59 0 
 12306.14 9.4897e-15  12705.74 0 
 12506.10 9.2311e-15  12912.19 0 
 12709.30 9.0210e-15  13122.00 0 
 12886.11 8.8359e-15  13304.55 0 
 13095.49 8.6747e-15  13520.73 0 
 13308.27 8.4189e-15  13740.42 0 
 13493.41 8.2462e-15  13931.57 0 
 13712.66 8.0957e-15  14157.94 0 
 13903.42 7.8208e-15  14354.90 0 
 14096.84 7.5033e-15  14554.59 0 
 14292.95 7.3833e-15  14757.07 0 
 14491.79 7.4004e-15  14962.36 0 
 14693.39 7.1821e-15  15170.51 0 
 14897.78 7.2486e-15  15381.54 0 
 15105.03 7.2486e-15  15595.52 0 
 15315.16 7.3494e-15  15812.48 0 
 15492.51 7.2988e-15  15995.58 0 
 15708.03 7.1327e-15  16218.10 0 
 15889.93 6.8747e-15  16405.90 0 
 16110.98 6.9064e-15  16634.13 0 
 16297.52 6.8905e-15  16826.73 0 
 16486.24 6.7804e-15  17021.58 0 
 16715.59 6.7648e-15  17258.38 0 
 16909.15 6.6566e-15  17458.23 0 
 17104.95 6.5653e-15  17660.39 0 
 17303.01 6.2987e-15  17864.87 0 
 17503.37 6.1412e-15  18071.74 0 
 17706.05 5.9191e-15  18281.01 0 
 17911.09 5.7050e-15  18492.70 0 
 18118.47 5.4357e-15  18706.81 0 
 18286.13 5.3119e-15  18879.91 0 
 18497.88 5.1553e-15  19098.54 0 
 18712.06 4.9233e-15  19319.67 0 
 18885.20 4.8223e-15  19498.44 0 
 19103.89 4.7561e-15  19724.23 0 
 19280.64 4.6159e-15  19906.72 0 
 19503.91 4.4387e-15  20137.24 0 
 19684.38 4.3177e-15  20323.57 0 
 19912.32 4.2000e-15  20558.92 0 
 20096.56 4.1329e-15  20749.13 0 
 20282.52 4.0110e-15  20941.13 0 
 20517.38 3.9651e-15  21183.62 0 
 20707.21 3.8838e-15  21379.62 0 
 20898.82 3.8041e-15  21577.45 0 
 21092.18 3.7433e-15  21777.09 0 
 21287.36 3.6750e-15  21978.60 0 
 21484.34 3.5996e-15  22181.97 0 
 21683.11 3.4854e-15  22387.21 0 
 21883.75 3.4455e-15  22594.36 0 
 22086.23 3.3593e-15  22803.41 0 
 22290.60 3.2742e-15  23014.42 0 
 22496.86 3.1905e-15  23227.38 0 
 22705.00 3.0945e-15  23442.28 0 
 22915.10 2.8008e-15  23659.20 0 
 23073.93 2.7703e-15  23823.19 0 
 23287.44 2.4556e-15  24043.63 0 
 23502.93 2.3108e-15  24266.11 0 
 23720.38 2.3298e-15  24490.63 0 
 23884.82 2.1501e-15  24660.40 0 
 24105.80 2.0747e-15  24888.57 0 
 24272.91 2.0467e-15  25061.10 0 
 24497.49 1.9076e-15  25292.97 0 
 24724.17 1.8659e-15  25527.02 0 
 24733.55 1.4765e-15  25536.70 2 
 24827.31 1.5562e-15  25633.50 2 
 24921.06 1.5529e-15  25730.30 2 
 25014.72 1.5723e-15  25827.00 2 
 25108.48 1.6135e-15  25923.80 2 
 25202.23 1.6662e-15  26020.60 2 
 25295.89 1.6428e-15  26117.30 2 
 25389.65 1.5849e-15  26214.10 2 
 25483.30 1.5827e-15  26310.80 2 
 25577.06 1.6153e-15  26407.60 2 
 25670.82 1.6643e-15  26504.40 2 
 25764.48 1.6740e-15  26601.10 2 
 25858.23 1.6815e-15  26697.90 2 
 25951.99 1.7314e-15  26794.70 2 
 26045.65 1.7125e-15  26891.40 2 
 26139.40 1.6590e-15  26988.20 2 
 26233.06 1.5921e-15  27084.90 2 
 26326.81 1.6182e-15  27181.70 2 
 26420.57 1.5884e-15  27278.50 2 
 26514.23 1.4792e-15  27375.20 2 
 26607.99 1.4900e-15  27472.00 2 
 26701.74 1.4849e-15  27568.80 2 
 26795.40 1.4473e-15  27665.50 2 
 26889.16 1.3754e-15  27762.30 2 
 26982.82 1.3181e-15  27859.00 2 
 27076.57 1.3255e-15  27955.80 2 
 27170.32 1.3043e-15  28052.60 2 
 27263.98 1.2964e-15  28149.30 2 
 27357.74 1.2826e-15  28246.10 2 
 27451.50 1.2618e-15  28342.90 2 
 27545.15 1.3237e-15  28439.60 2 
 27638.91 1.3227e-15  28536.40 2 
 27732.57 1.2768e-15  28633.10 2 
 27826.32 1.2771e-15  28729.90 2 
 27920.08 1.2809e-15  28826.70 2 
 28013.74 1.3080e-15  28923.40 2 
 28107.49 1.2810e-15  29020.20 2 
 28201.25 1.2429e-15  29117.00 2 
 28294.91 1.1939e-15  29213.70 2 
 28388.66 1.1755e-15  29310.50 2 
 28482.32 1.1643e-15  29407.20 2 
 28576.08 1.1969e-15  29504.00 2 
 28669.83 1.1772e-15  29600.80 2 
 28763.49 1.1762e-15  29697.50 2 
 28857.25 1.1129e-15  29794.30 2 
 28950.91 1.1332e-15  29891.00 2 
 29044.66 1.1026e-15  29987.80 2 
 29138.42 1.0876e-15  30084.60 2 
 29232.08 1.0330e-15  30181.30 2 
 29325.83 1.0589e-15  30278.10 2 
 29419.59 1.0634e-15  30374.90 2 
 29513.25 1.0502e-15  30471.60 2 
 29607.00 1.0176e-15  30568.40 2 
 29700.66 1.0264e-15  30665.10 2 
 29794.42 9.6744e-16  30761.90 2 
 29888.17 9.3809e-16  30858.70 2 
 29981.83 9.7586e-16  30955.40 2 
 30075.59 1.0069e-15  31052.20 2 
 30169.34 1.0233e-15  31149.00 2 
 30263.00 9.9340e-16  31245.70 2 
 30356.76 1.0159e-15  31342.50 2 
 30450.41 9.8683e-16  31439.20 2 
 30544.17 9.8416e-16  31536.00 2 
 30637.93 9.6383e-16  31632.80 2 
 30731.58 9.4826e-16  31729.50 2 
 30825.34 9.5292e-16  31826.30 2 
 30919.10 9.4268e-16  31923.10 2 
 31012.75 9.4842e-16  32019.80 2 
 31106.51 9.5703e-16  32116.60 2 
 31200.17 9.9022e-16  32213.30 2 
 31293.92 9.8414e-16  32310.10 2 
 31387.68 1.0080e-15  32406.90 2 
 31481.34 1.0096e-15  32503.60 2 
 31575.09 1.0340e-15  32600.40 2 
 31668.85 1.0244e-15  32697.20 2 
 31762.51 1.0060e-15  32793.90 2 
 31856.26 1.0130e-15  32890.70 2 
 31950.02 1.0259e-15  32987.50 2 
 32043.68 1.0570e-15  33084.20 2 
 32137.43 1.1250e-15  33181.00 2 
 32231.09 1.1865e-15  33277.70 2 
 32324.85 1.3122e-15  33374.50 2 
 32418.60 1.4432e-15  33471.30 2 
 32512.26 1.5690e-15  33568.00 2 
 32606.02 1.6540e-15  33664.80 2 
 32699.77 1.7122e-15  33761.60 2 
 32793.43 1.7905e-15  33858.30 2 
 32887.18 1.7933e-15  33955.10 2 
 32980.85 1.7828e-15  34051.80 2 
 33074.60 1.7643e-15  34148.60 2 
 33168.36 1.7909e-15  34245.40 2 
 33262.02 1.7266e-15  34342.10 2 
 33355.77 1.6038e-15  34438.90 2 
 33449.53 1.5189e-15  34535.70 2 
 33543.18 1.4843e-15  34632.40 2 
 33636.94 1.4013e-15  34729.20 2 
 33730.60 1.3250e-15  34825.90 2 
 33824.35 1.2873e-15  34922.70 2 
 33918.11 1.2759e-15  35019.50 2 
 34011.77 1.2682e-15  35116.20 2 
 34105.53 1.2436e-15  35213.00 2 
 34199.28 1.2150e-15  35309.80 2 
 34292.94 1.1623e-15  35406.50 2 
 34386.70 1.1025e-15  35503.30 2 
 34480.35 1.0894e-15  35600.00 2 
 34574.11 1.0991e-15  35696.80 2 
 34667.87 1.0487e-15  35793.60 2 
 34761.52 9.9601e-16  35890.30 2 
 34855.28 9.6974e-16  35987.10 2 
 34949.04 9.8274e-16  36083.90 2 
 35042.70 9.2788e-16  36180.60 2 
 35136.45 8.6314e-16  36277.40 2 
 35230.11 8.6514e-16  36374.10 2 
 35323.86 9.3650e-16  36470.90 2 
 35417.62 9.7566e-16  36567.70 2 
 35511.28 9.6430e-16  36664.40 2 
 35605.03 9.0531e-16  36761.20 2 
 35698.79 8.7522e-16  36858.00 2 
 35792.45 8.8175e-16  36954.70 2 
 35886.20 8.6599e-16  37051.50 2 
 35979.86 8.3951e-16  37148.20 2 
 36073.62 8.2545e-16  37245.00 2 
 36167.37 8.4425e-16  37341.80 2 
 36261.03 8.4656e-16  37438.50 2 
 36354.79 8.1024e-16  37535.30 2 
 36448.54 7.8784e-16  37632.10 2 
 36542.20 7.7608e-16  37728.80 2 
 36635.96 7.6297e-16  37825.60 2 
 36729.62 7.3684e-16  37922.30 2 
 36823.37 7.4244e-16  38019.10 2 
 36917.13 7.2812e-16  38115.90 2 
 37010.79 7.4043e-16  38212.60 2 
 37104.54 7.0731e-16  38309.40 2 
 37198.30 7.3434e-16  38406.20 2 
 37291.96 7.2199e-16  38502.90 2 
 37385.71 7.2332e-16  38599.70 2 
 37479.37 7.0081e-16  38696.40 2 
 37573.12 7.0495e-16  38793.20 2 
 37666.88 6.9932e-16  38890.00 2 
 37760.54 6.9704e-16  38986.70 2 
 37854.30 6.7955e-16  39083.50 2 
 37948.05 6.9188e-16  39180.30 2 
 38041.71 6.9027e-16  39277.00 2 
 38135.47 6.9702e-16  39373.80 2 
 38229.12 6.6995e-16  39470.50 2 
 38322.88 6.8702e-16  39567.30 2 
 38416.63 6.4549e-16  39664.10 2 
 38510.29 6.5507e-16  39760.80 2 
 38604.05 5.9981e-16  39857.60 2 
 38697.71 6.2707e-16  39954.30 2 
 38791.46 5.9322e-16  40051.10 2 
 38885.22 6.1977e-16  40147.90 2 
 38978.88 5.7071e-16  40244.60 2 
 39072.64 6.0913e-16  40341.40 2 
 39166.39 5.9770e-16  40438.20 2 
 39260.05 6.1413e-16  40534.90 2 
 39353.80 6.0831e-16  40631.70 2 
 39447.46 6.1700e-16  40728.40 2 
 39541.22 6.0207e-16  40825.20 2 
 39634.97 5.8828e-16  40922.00 2 
 39728.63 5.4774e-16  41018.70 2 
 39822.39 5.5835e-16  41115.50 2 
 39916.14 5.7767e-16  41212.30 2 
 40009.80 6.3714e-16  41309.00 2 
 40103.56 6.4739e-16  41405.80 2 
 40197.22 6.6510e-16  41502.50 2 
 40290.97 6.7297e-16  41599.30 2 
 40384.73 6.7006e-16  41696.10 2 
 40478.38 6.5747e-16  41792.80 2 
 40572.14 6.8766e-16  41889.60 2 
 40665.90 6.9286e-16  41986.40 2 
 40759.56 6.6371e-16  42083.10 2 
 40853.31 6.0317e-16  42179.90 2 
 40946.97 5.8972e-16  42276.60 2 
 41040.72 5.6422e-16  42373.40 2 
 41134.48 5.5571e-16  42470.20 2 
 41228.14 5.1810e-16  42566.90 2 
 41321.89 5.2742e-16  42663.70 2 
 41415.65 5.5291e-16  42760.50 2 
 41509.31 5.5801e-16  42857.20 2 
 41603.07 4.9399e-16  42954.00 2 
 41696.72 4.6968e-16  43050.70 2 
 41790.48 4.3298e-16  43147.50 2 
 41884.24 4.4916e-16  43244.30 2 
 41977.89 4.3344e-16  43341.00 2 
 42071.65 4.8456e-16  43437.80 2 
 42165.40 5.1785e-16  43534.60 2 
 42259.06 5.3859e-16  43631.30 2 
 42352.82 5.1042e-16  43728.10 2 
 42446.48 5.0050e-16  43824.80 2 
 42540.23 4.8107e-16  43921.60 2 
 42633.99 4.6127e-16  44018.40 2 
 42727.65 4.4367e-16  44115.10 2 
 42821.40 4.5804e-16  44211.90 2 
 42915.16 4.5572e-16  44308.70 2 
 43008.82 4.5024e-16  44405.40 2 
 43102.57 4.5442e-16  44502.20 2 
 43196.23 4.7659e-16  44598.90 2 
 43289.99 4.5760e-16  44695.70 2 
 43383.74 4.4448e-16  44792.50 2 
 43477.40 4.4545e-16  44889.20 2 
 43571.16 4.5824e-16  44986.00 2 
 43664.91 4.5150e-16  45082.80 2 
 43758.57 4.2321e-16  45179.50 2 
 43852.32 4.2478e-16  45276.30 2 
 43945.99 4.1832e-16  45373.00 2 
 44039.74 4.1112e-16  45469.80 2 
 44133.50 3.8189e-16  45566.60 2 
 44227.16 3.5548e-16  45663.30 2 
 44320.91 3.7186e-16  45760.10 2 
 44414.67 4.0801e-16  45856.90 2 
 44508.32 4.1272e-16  45953.60 2 
 44602.08 4.1602e-16  46050.40 2 
 44695.74 4.2256e-16  46147.10 2 
 44789.50 3.9592e-16  46243.90 2 
 44883.25 3.7339e-16  46340.70 2 
 44976.91 3.3931e-16  46437.40 2 
 45070.66 3.6053e-16  46534.20 2 
 45164.42 3.2470e-16  46631.00 2 
 45258.08 3.1936e-16  46727.70 2 
 45351.84 3.0888e-16  46824.50 2 
 45445.49 3.4306e-16  46921.20 2 
 45539.25 3.2291e-16  47018.00 2 
 45633.01 3.3450e-16  47114.80 2 
 45726.66 3.3755e-16  47211.50 2 
 45820.42 3.6010e-16  47308.30 2 
 45914.18 3.9472e-16  47405.10 2 
 46007.83 3.9434e-16  47501.80 2 
 46101.59 4.1169e-16  47598.60 2 
 46195.24 3.9729e-16  47695.30 2 
 46289.00 3.9023e-16  47792.10 2 
 46382.76 3.6809e-16  47888.90 2 
 46476.42 3.1829e-16  47985.60 2 
 46570.17 3.5533e-16  48082.40 2 
 46663.93 3.6753e-16  48179.20 2 
 46757.59 4.0195e-16  48275.90 2 
 46851.34 3.8309e-16  48372.70 2 
 46945.00 3.9193e-16  48469.40 2 
 47038.76 3.8639e-16  48566.20 2 
 47132.51 4.0382e-16  48663.00 2 
 47226.17 3.3725e-16  48759.70 2 
 47319.93 3.5792e-16  48856.50 2 
 47413.68 3.7462e-16  48953.30 2 
 47507.35 4.1929e-16  49050.00 2 
 47601.10 4.2813e-16  49146.80 2 
 47694.75 4.5886e-16  49243.50 2 
 47788.51 4.5361e-16  49340.30 2 
 47882.26 4.1527e-16  49437.10 2 
 47975.93 3.0523e-16  49533.80 2 
 48456.66 3.1332e-16  50030.15 2 
 48941.23 3.2148e-16  50530.45 0 
 49430.64 3.2972e-16  51035.75 0 
 49924.95 3.3804e-16  51546.11 0 
 50424.20 3.4644e-16  52061.57 0 
 50531.64 3.4825e-16  52172.50 3 
 50824.52 3.9993e-16  52474.90 3 
 51117.42 4.1482e-16  52777.30 3 
 51410.30 4.5620e-16  53079.70 3 
 51703.20 4.5010e-16  53382.10 3 
 51996.18 5.4600e-16  53684.60 3 
 52289.07 5.8260e-16  53987.00 3 
 52581.96 6.2310e-16  54289.40 3 
 52874.84 5.2412e-16  54591.80 3 
 53167.74 5.1077e-16  54894.20 3 
 53460.72 5.4818e-16  55196.70 3 
 53753.61 4.4573e-16  55499.10 3 
 54046.50 4.2757e-16  55801.50 3 
 54339.39 4.1116e-16  56103.90 3 
 54632.28 3.8445e-16  56406.30 3 
 54925.26 4.2146e-16  56708.80 3 
 55218.16 4.5616e-16  57011.20 3 
 55511.04 4.6920e-16  57313.60 3 
 55803.93 5.1095e-16  57616.00 3 
 56096.83 6.2554e-16  57918.40 3 
 56389.81 7.0452e-16  58220.90 3 
 56682.70 7.7878e-16  58523.30 3 
 56975.59 8.1132e-16  58825.70 3 
 57268.48 7.9702e-16  59128.10 3 
 57561.37 7.7736e-16  59430.50 3 
 57854.35 7.3008e-16  59733.00 3 
 58147.24 6.9323e-16  60035.40 3 
 58440.13 7.1136e-16  60337.80 3 
 58733.02 7.6797e-16  60640.20 3 
 59025.91 7.5731e-16  60942.60 3 
 59318.89 7.5701e-16  61245.10 3 
 59611.79 8.8395e-16  61547.50 3 
 59904.67 1.0500e-15  61849.90 3 
 60197.57 1.1641e-15  62152.30 3 
 60490.45 1.2077e-15  62454.70 3 
 60783.44 1.2339e-15  62757.20 3 
 61076.33 1.4537e-15  63059.60 3 
 61369.22 2.0041e-15  63362.00 3 
 61662.11 2.9984e-15  63664.40 3 
 61954.99 3.7435e-15  63966.80 3 
 62247.98 3.8494e-15  64269.30 3 
 62540.87 3.4066e-15  64571.70 3 
 62833.76 2.5994e-15  64874.10 3 
 63126.65 2.2968e-15  65176.50 3 
 63419.54 1.9658e-15  65478.90 3 
 63712.53 1.7570e-15  65781.40 3 
 64005.41 1.5265e-15  66083.80 3 
 64298.30 1.3352e-15  66386.20 3 
 64591.20 1.2320e-15  66688.60 3 
 64884.08 1.1443e-15  66991.00 3 
 65177.07 1.1082e-15  67293.50 3 
 65469.96 1.0782e-15  67595.90 3 
 65762.85 1.0515e-15  67898.30 3 
 66055.73 1.1067e-15  68200.70 3 
 66348.63 1.1486e-15  68503.10 3 
 66641.62 1.1327e-15  68805.60 3 
 66934.50 1.1300e-15  69108.00 3 
 67227.39 1.1199e-15  69410.40 3 
 67520.29 1.1058e-15  69712.80 3 
 67813.17 1.0893e-15  70015.20 3 
 68106.16 1.1000e-15  70317.70 3 
 68399.05 1.1528e-15  70620.10 3 
 68691.94 1.2218e-15  70922.50 3 
 68984.82 1.2938e-15  71224.90 3 
 69277.71 1.3748e-15  71527.30 3 
 69570.70 1.5447e-15  71829.80 3 
 69863.59 1.8165e-15  72132.20 3 
 70156.48 1.6677e-15  72434.60 3 
 70449.37 1.4545e-15  72737.00 3 
 70742.26 1.4509e-15  73039.40 3 
 71035.24 1.4848e-15  73341.90 3 
 71328.13 1.5017e-15  73644.30 3 
 71621.03 1.4979e-15  73946.70 3 
 71913.91 1.5602e-15  74249.10 3 
 72206.80 1.6203e-15  74551.50 3 
 72499.79 1.6731e-15  74854.00 3 
 72792.67 1.7966e-15  75156.40 3 
 73085.56 1.9022e-15  75458.80 3 
 73378.45 2.0034e-15  75761.20 3 
 73964.23 2.3311e-15  76366.00 3 
 74550.11 2.8746e-15  76970.90 3 
 75135.88 3.4175e-15  77575.70 3 
 75721.67 3.9552e-15  78180.50 3 
 76307.54 4.1622e-15  78785.40 3 
 76893.32 4.0376e-15  79390.20 3 
 77479.20 3.8572e-15  79995.10 3 
 78064.97 3.7057e-15  80599.90 3 
 78650.76 3.4345e-15  81204.70 3 
 79236.62 3.0487e-15  81809.59 3 
 79822.41 2.6240e-15  82414.40 3 
 80408.19 2.2598e-15  83019.20 3 
 80994.05 1.9793e-15  83624.09 3 
 81579.84 1.7900e-15  84228.90 3 
 82165.61 1.7502e-15  84833.70 3 
 82751.50 1.7275e-15  85438.60 3 
 83337.27 1.7253e-15  86043.40 3 
 83923.15 1.7399e-15  86648.30 3 
 84508.93 1.7882e-15  87253.10 3 
 85094.71 1.9444e-15  87857.91 3 
 85680.58 2.0303e-15  88462.80 3 
 86266.36 1.9732e-15  89067.60 3 
 86852.14 1.7251e-15  89672.41 3 
 87438.01 1.4089e-15  90277.30 3 
 88023.79 1.1329e-15  90882.10 3 
 88609.57 9.0974e-16  91486.90 3 
 89195.44 7.9269e-16  92091.80 3 
 89781.23 7.2883e-16  92696.60 3 
 90367.10 6.5491e-16  93301.50 3 
 90952.88 5.8483e-16  93906.30 3 
 91538.66 5.4522e-16  94511.10 3 
 92124.52 5.3813e-16  95115.99 3 
 92710.31 5.2160e-16  95720.80 3 
 93296.09 4.9459e-16  96325.60 3 
 93881.96 4.8396e-16  96930.50 3 
 94467.74 4.6824e-16  97535.30 3 
 95053.52 4.6566e-16  98140.09 3 
 95639.40 4.7099e-16  98745.00 3 
 96225.18 4.8559e-16  99349.80 3 
 96811.05 4.7545e-16  99954.70 3 
 97396.83 4.3140e-16 100559.50 3 
 97982.61 4.1537e-16 101164.30 3 
 98568.49 4.0104e-16 101769.20 3 
 99154.26 3.9142e-16 102374.00 3 
 99740.05 3.8610e-16 102978.80 3 
100325.91 3.8575e-16 103583.70 3 
100911.70 3.8888e-16 104188.50 3 
101497.47 3.8299e-16 104793.30 3 
102083.34 3.6984e-16 105398.20 3 
102669.13 3.7876e-16 106003.00 3 
103255.01 3.8310e-16 106607.91 3 
103840.78 3.8787e-16 107212.70 3 
104426.56 4.1270e-16 107817.50 3 
105012.44 4.6149e-16 108422.41 3 
105598.22 4.9712e-16 109027.20 3 
106183.99 5.3072e-16 109632.00 3 
106769.87 5.2394e-16 110236.90 3 
107355.65 5.2314e-16 110841.70 3 
107941.43 5.2154e-16 111446.51 3 
108527.30 5.3463e-16 112051.40 3 
109113.08 6.0162e-16 112656.20 3 
109698.96 7.1201e-16 113261.10 3 
110284.73 8.3147e-16 113865.90 3 
110870.52 9.5536e-16 114470.70 3 
111456.39 1.3989e-15 115075.60 3 
112042.17 2.1449e-15 115680.40 3 
112627.95 2.2241e-15 116285.20 3 
113213.81 1.8851e-15 116890.09 3 
113799.60 1.5202e-15 117494.90 3 
114385.37 1.2424e-15 118099.70 3 
114971.25 1.0435e-15 118704.59 3 
115557.03 9.1396e-16 119309.40 3 
116142.91 8.1089e-16 119914.30 3 
116728.69 7.4040e-16 120519.10 3 
117314.46 7.1348e-16 121123.90 3 
117900.34 7.1429e-16 121728.80 3 
118486.12 7.4498e-16 122333.60 3 
119071.90 8.0845e-16 122938.41 3 
119657.77 8.2800e-16 123543.30 3 
120243.55 8.0469e-16 124148.10 3 
120829.34 7.7048e-16 124752.91 3 
121415.20 7.5298e-16 125357.80 3 
122000.99 7.5324e-16 125962.60 3 
122586.86 7.9400e-16 126567.50 3 
123172.64 8.2236e-16 127172.30 3 
123758.42 8.4663e-16 127777.10 3 
124344.29 8.8442e-16 128382.00 3 
124930.07 9.3724e-16 128986.80 3 
125515.85 9.9278e-16 129591.60 3 
126101.73 1.0501e-15 130196.51 3 
126687.50 1.0951e-15 130801.30 3 
127273.28 1.2029e-15 131406.09 3 
127859.16 1.5311e-15 132011.00 3 
128444.93 1.4894e-15 132615.80 3 
129030.71 8.5044e-16 133220.59 3 
129616.59 6.3828e-16 133825.50 3 
130202.37 5.8909e-16 134430.30 3 
130788.25 5.7358e-16 135035.20 3 
131374.02 5.6744e-16 135640.00 3 
131959.80 5.4938e-16 136244.80 3 
132545.68 5.4767e-16 136849.70 3 
133131.46 5.5597e-16 137454.50 3 
133717.23 5.4304e-16 138059.30 3 
134303.11 5.2809e-16 138664.20 3 
134888.89 5.2318e-16 139269.00 3 
135474.66 5.2144e-16 139873.80 3 
136060.55 5.1056e-16 140478.70 3 
136646.32 4.9200e-16 141083.50 3 
137232.20 4.7261e-16 141688.41 3 
137817.98 4.4967e-16 142293.20 3 
138403.75 4.3750e-16 142898.00 3 
138989.63 4.3307e-16 143502.91 3 
139575.41 4.3009e-16 144107.70 3 
140161.19 4.1889e-16 144712.50 3 
141189.39 4.3832e-16 145774.09 3 
142009.57 4.4545e-16 146620.91 3 
142829.74 4.2811e-16 147467.70 3 
143649.90 4.0327e-16 148314.50 3 
144469.97 3.8511e-16 149161.20 3 
145290.14 3.6310e-16 150008.00 3 
146110.30 3.5133e-16 150854.80 3 
146930.38 3.5035e-16 151701.50 3 
147750.54 3.4583e-16 152548.30 3 
148570.71 3.3576e-16 153395.09 3 
149390.78 3.2889e-16 154241.80 3 
150210.94 3.2920e-16 155088.59 3 
151031.12 3.2990e-16 155935.41 3 
151851.20 3.2910e-16 156782.11 3 
152671.36 3.3406e-16 157628.91 3 
153491.53 3.3612e-16 158475.70 3 
154311.58 3.5253e-16 159322.39 3 
155131.76 4.4791e-16 160169.20 3 
155951.93 4.6966e-16 161016.00 3 
156772.09 3.7326e-16 161862.80 3 
157592.17 3.5890e-16 162709.50 3 
158412.35 3.5924e-16 163556.31 3 
159232.50 3.6760e-16 164403.09 3 
160052.58 3.6934e-16 165249.81 3 
160872.73 3.7088e-16 166096.59 3 
161692.90 3.8463e-16 166943.39 3 
162512.99 4.1160e-16 167790.11 3 
163333.14 4.7788e-16 168636.89 3 
164153.32 5.4189e-16 169483.70 3 
164973.38 5.6829e-16 170330.39 3 
165793.55 5.1853e-16 171177.20 3 
166613.72 5.0429e-16 172024.00 3 
167433.78 5.2179e-16 172870.69 3 
168253.96 5.2139e-16 173717.50 3 
169074.12 5.3318e-16 174564.30 3 
169894.29 5.9240e-16 175411.09 3 
170714.36 5.9233e-16 176257.80 3 
171534.54 5.5034e-16 177104.61 3 
172354.69 5.1243e-16 177951.39 3 
173174.78 5.1275e-16 178798.11 3 
173994.94 5.1306e-16 179644.91 3 
174815.11 4.6884e-16 180491.70 3 
175635.18 4.1780e-16 181338.41 3 
176455.33 3.9273e-16 182185.19 3 
177275.51 4.0041e-16 183032.00 3 
178095.58 3.8803e-16 183878.70 3 
178915.75 3.8753e-16 184725.50 3 
179735.91 3.6741e-16 185572.30 3 
180555.97 3.5662e-16 186418.98 3 
181376.15 3.5128e-16 187265.80 3 
182196.33 3.4921e-16 188112.61 3 
183016.49 3.4859e-16 188959.41 3 
183836.55 3.5238e-16 189806.09 3 
184656.73 3.5345e-16 190652.91 3 
185476.88 3.6462e-16 191499.69 3 
186296.97 4.0241e-16 192346.41 3 
187117.14 5.6490e-16 193193.20 3 
187937.30 4.8823e-16 194040.00 3 
188757.37 3.8499e-16 194886.70 3 
189577.55 3.6838e-16 195733.52 3 
190397.70 3.5725e-16 196580.30 3 
191217.78 3.5785e-16 197427.00 3 
192037.94 3.5065e-16 198273.80 3 
192858.11 3.4821e-16 199120.59 3 
193678.19 3.4616e-16 199967.31 3 
194498.34 3.4462e-16 200814.09 3 
195318.52 3.4946e-16 201660.91 3 
196138.69 3.4740e-16 202507.70 3 
196958.75 3.4023e-16 203354.39 3 
197778.93 3.4029e-16 204201.20 3 
199419.16 3.2592e-16 205894.70 3 
201059.49 3.4884e-16 207588.30 3 
202699.75 3.4139e-16 209281.81 3 
204339.97 3.3635e-16 210975.30 3 
205980.30 3.4642e-16 212668.89 3 
207620.54 3.5188e-16 214362.39 3 
209260.88 3.4976e-16 216056.00 3 
210901.12 3.5370e-16 217749.50 3 
212541.36 3.5429e-16 219443.00 3 
214181.70 3.5608e-16 221136.61 3 
215821.94 3.5764e-16 222830.11 3 
217462.16 3.5857e-16 224523.59 3 
219102.49 3.6765e-16 226217.19 3 
220742.74 3.6545e-16 227910.70 3 
222383.07 3.6561e-16 229604.30 3 
224023.31 3.7084e-16 231297.80 3 
225663.55 3.7828e-16 232991.30 3 
227303.89 3.8354e-16 234684.91 3 
228944.13 3.9256e-16 236378.41 3 
230584.37 3.8872e-16 238071.91 3 
232224.68 3.8847e-16 239765.48 3 
233864.94 3.9162e-16 241459.00 3 
235505.27 3.9941e-16 243152.59 3 
237145.50 4.0466e-16 244846.09 3 
238785.74 4.0255e-16 246539.59 3 
240426.09 3.9910e-16 248233.20 3 
242066.33 3.9708e-16 249926.70 3 
243706.56 4.0056e-16 251620.20 3 
245346.91 4.0079e-16 253313.81 3 
246987.15 3.9654e-16 255007.31 3 
248627.46 3.9840e-16 256700.89 3 
250267.70 4.0098e-16 258394.39 3 
251907.94 4.0521e-16 260087.89 3 
253548.28 4.0836e-16 261781.50 3 
255188.52 4.0371e-16 263475.00 3 
256828.76 4.0993e-16 265168.50 3 
258469.09 4.2784e-16 266862.09 3 
260109.32 4.2637e-16 268555.59 3 
261749.65 4.2081e-16 270249.19 3 
263389.89 4.1576e-16 271942.69 3 
265030.16 4.1459e-16 273636.22 3 
266670.49 4.1693e-16 275329.81 3 
268310.70 4.2096e-16 277023.28 3 
269950.93 4.2175e-16 278716.78 3 
271591.29 4.2149e-16 280410.41 3 
273231.53 4.2378e-16 282103.91 3 
274871.86 4.2535e-16 283797.50 3 
276512.10 4.3090e-16 285491.00 3 
278152.34 4.3149e-16 287184.50 3 
279792.67 4.2840e-16 288878.09 3 
281432.90 4.3229e-16 290571.59 3 
283073.14 4.3131e-16 292265.09 3 
284713.47 4.3526e-16 293958.69 3 
286353.71 4.3674e-16 295652.19 3 
287994.04 4.3792e-16 297345.78 3 
289634.31 4.3667e-16 299039.31 3 
291274.55 4.3364e-16 300732.81 3 
292914.87 4.3945e-16 302426.41 3 
294555.11 4.4423e-16 304119.91 3 
296195.35 4.4378e-16 305813.41 3 
297835.68 4.4678e-16 307507.00 3 
299475.92 4.4665e-16 309200.50 3 
301116.25 4.4645e-16 310894.09 3 
302756.49 4.4731e-16 312587.59 3 
304396.72 4.5004e-16 314281.09 3 
306037.05 4.6204e-16 315974.69 3 
307677.32 4.5378e-16 317668.22 3 
309317.56 4.5472e-16 319361.72 3 
310957.89 4.5665e-16 321055.31 3 
312598.10 4.7009e-16 322748.78 3 
314238.46 4.7950e-16 324442.41 3 
315878.69 4.7547e-16 326135.91 3 
317518.93 4.7300e-16 327829.41 3 
319159.26 4.7237e-16 329523.00 3 
320799.50 4.8635e-16 331216.50 3 
322439.74 5.0571e-16 332910.00 3 
324080.10 5.1740e-16 334603.62 3 
325720.33 5.0643e-16 336297.12 3 
327360.63 5.2755e-16 337990.69 3 
329000.87 5.6592e-16 339684.19 3 
330641.14 5.2743e-16 341377.72 3 
332281.44 5.7824e-16 343071.28 3 
333921.68 6.8586e-16 344764.78 3 
335561.91 6.5669e-16 346458.28 3 
337202.27 5.8150e-16 348151.91 3 
338842.48 5.5102e-16 349845.38 3 
