# An Atlas of Galaxy Spectral Energy Distributions from the Ultraviolet to the Mid-Infrared
# Brown et al. (2014)
# http://dx.doi.org/10.5072/03/529D3551F0117
# 
# Column 1 : Restframe Wavelength (Angstrom)
# Column 2 : Flux per unit wavelength (ergs/s/cm^2/Angstrom)
# Column 3 : Observed wavelength (Angstrom)
# Column 4 : Source (0 = model, 1 = Optical Spectrum, 2 = Akari, 3 = Spitzer IRS)
# 
   102.07 2.7587e-21    102.33 0 
   103.97 3.6367e-21    104.23 0 
   105.90 4.8832e-21    106.17 0 
   108.12 6.6635e-21    108.39 0 
   109.88 1.0156e-20    110.15 0 
   114.00 1.6585e-20    114.29 0 
   118.01 2.5334e-20    118.30 0 
   121.03 1.0250e-19    121.34 0 
   125.00 1.4345e-19    125.31 0 
   127.03 1.6433e-19    127.35 0 
   127.91 1.7853e-19    128.23 0 
   130.89 2.1464e-19    131.22 0 
   132.10 2.6044e-19    132.43 0 
   133.94 2.9087e-19    134.28 0 
   137.06 3.9692e-19    137.40 0 
   139.93 4.6527e-19    140.28 0 
   142.86 1.4181e-18    143.22 0 
   146.86 4.0337e-18    147.23 0 
   150.98 4.6742e-18    151.36 0 
   154.85 5.4790e-18    155.24 0 
   158.82 6.4077e-18    159.22 0 
   162.15 7.1566e-18    162.55 0 
   165.92 8.3696e-18    166.34 0 
   170.18 9.5434e-18    170.61 0 
   172.94 1.0561e-17    173.38 0 
   176.97 1.1932e-17    177.42 0 
   179.85 1.3023e-17    180.30 0 
   181.93 1.3826e-17    182.39 0 
   186.17 1.5478e-17    186.64 0 
   190.94 1.7730e-17    191.43 0 
   194.05 1.9351e-17    194.54 0 
   198.11 2.1316e-17    198.61 0 
   201.79 2.3589e-17    202.30 0 
   205.07 2.5334e-17    205.59 0 
   209.85 2.7083e-17    210.38 0 
   216.22 3.2263e-17    216.77 0 
   220.24 3.5294e-17    220.80 0 
   222.79 3.7043e-17    223.36 0 
   226.94 4.0430e-17    227.51 0 
   230.09 6.3930e-17    230.67 0 
   233.83 1.1084e-16    234.42 0 
   239.83 1.4345e-16    240.44 0 
   245.98 1.4246e-16    246.60 0 
   251.71 1.5875e-16    252.35 0 
   256.98 1.3954e-16    257.63 0 
   259.96 1.6357e-16    260.62 0 
   264.18 1.7608e-16    264.85 0 
   269.09 1.8227e-16    269.77 0 
   274.10 1.8737e-16    274.79 0 
   279.19 1.9262e-16    279.90 0 
   283.73 1.9802e-16    284.45 0 
   289.67 1.9530e-16    290.40 0 
   295.74 2.0498e-16    296.48 0 
   301.23 2.0783e-16    302.00 0 
   308.25 2.1712e-16    309.03 0 
   318.35 2.3052e-16    319.15 0 
   328.02 2.3917e-16    328.85 0 
   337.99 2.4587e-16    338.84 0 
   348.26 2.5102e-16    349.14 0 
   357.19 2.5627e-16    358.10 0 
   366.36 2.6345e-16    367.28 0 
   374.89 2.6650e-16    375.84 0 
   385.39 2.6164e-16    386.37 0 
   395.28 2.7397e-16    396.28 0 
   405.42 2.7906e-16    406.44 0 
   413.91 2.8035e-16    414.95 0 
   421.60 2.7906e-16    422.67 0 
   430.43 2.7971e-16    431.52 0 
   441.47 2.8230e-16    442.59 0 
   450.72 2.8100e-16    451.86 0 
   460.16 2.7971e-16    461.32 0 
   469.79 2.7906e-16    470.98 0 
   479.63 2.8100e-16    480.84 0 
   489.67 2.7587e-16    490.91 0 
   499.93 2.7906e-16    501.19 0 
   505.71 2.7587e-16    506.99 0 
   511.57 2.9492e-16    512.86 0 
   519.88 2.9492e-16    521.19 0 
   529.55 2.9222e-16    530.88 0 
   539.39 2.8360e-16    540.75 0 
   549.42 2.9087e-16    550.81 0 
   559.64 3.0110e-16    561.05 0 
   570.04 3.0953e-16    571.48 0 
   580.64 3.0249e-16    582.10 0 
   590.07 3.1529e-16    591.56 0 
   599.66 3.1096e-16    601.17 0 
   609.40 2.9628e-16    610.94 0 
   619.31 3.3628e-16    620.87 0 
   629.37 3.4018e-16    630.96 0 
   639.60 3.4175e-16    641.21 0 
   649.99 3.5457e-16    651.63 0 
   657.51 3.6033e-16    659.17 0 
   665.13 3.7043e-16    666.81 0 
   674.38 3.6958e-16    676.08 0 
   685.34 3.6116e-16    687.07 0 
   694.87 4.1087e-16    696.63 0 
   704.54 3.9419e-16    706.32 0 
   715.99 4.3722e-16    717.79 0 
   725.95 4.4535e-16    727.78 0 
   734.35 4.5468e-16    736.21 0 
   744.57 4.8832e-16    746.45 0 
   754.93 5.0781e-16    756.83 0 
   765.43 5.1133e-16    767.36 0 
   774.29 5.5809e-16    776.25 0 
   785.06 5.8305e-16    787.05 0 
   794.15 6.0354e-16    796.16 0 
   805.20 6.2475e-16    807.24 0 
   814.53 6.4077e-16    816.58 0 
   825.86 6.8977e-16    827.94 0 
   835.42 5.7903e-16    837.53 0 
   845.09 7.1566e-16    847.23 0 
   854.88 7.3233e-16    857.04 0 
   864.78 7.7930e-16    866.96 0 
   874.79 8.2929e-16    877.00 0 
   884.92 8.9475e-16    887.16 0 
   895.17 9.3908e-16    897.43 0 
   905.53 9.3477e-16    907.82 0 
   916.02 1.4411e-15    918.33 0 
   924.50 9.8561e-15    926.83 0 
   935.20 2.1712e-14    937.56 0 
   946.03 4.1947e-14    948.42 0 
   954.78 6.0772e-14    957.19 0 
   965.84 6.5872e-14    968.28 0 
   974.78 9.6985e-15    977.24 0 
   986.06 5.1016e-14    988.55 0 
   995.19 5.7505e-14    997.70 0 
  1004.40 9.0096e-14   1006.93 0 
  1016.03 8.8860e-14   1018.59 0 
  1025.43 3.8789e-14   1028.02 0 
  1034.92 5.8980e-14   1037.53 0 
  1044.49 1.2126e-13   1047.13 0 
  1054.16 1.1904e-13   1056.82 0 
  1063.91 9.0096e-14   1066.60 0 
  1076.23 1.1059e-13   1078.95 0 
  1086.19 8.3696e-14   1088.93 0 
  1096.24 1.1795e-13   1099.01 0 
  1103.84 1.1342e-13   1106.62 0 
  1114.05 1.0757e-13   1116.86 0 
  1124.36 9.5434e-14   1127.20 0 
  1134.76 1.2756e-13   1137.63 0 
  1145.26 1.1474e-13   1148.15 0 
  1155.86 1.2408e-13   1158.78 0 
  1163.87 1.2815e-13   1166.81 0 
  1174.64 8.4665e-14   1177.61 0 
  1185.51 1.2437e-13   1188.50 0 
  1193.73 7.9929e-14   1196.74 0 
  1204.77 5.4539e-14   1207.81 0 
  1215.92 4.0244e-14   1218.99 0 
  1224.35 8.4082e-14   1227.44 0 
  1235.68 1.3357e-13   1238.80 0 
  1244.24 1.4815e-13   1247.38 0 
  1255.76 1.3954e-13   1258.93 0 
  1264.46 1.1741e-13   1267.65 0 
  1276.16 1.5875e-13   1279.38 0 
  1285.01 1.6815e-13   1288.25 0 
  1293.91 1.2668e-13   1297.18 0 
  1305.89 1.2437e-13   1309.18 0 
  1314.94 1.6319e-13   1318.26 0 
  1324.05 1.5585e-13   1327.39 0 
  1336.30 1.3419e-13   1339.68 0 
  1345.57 1.6661e-13   1348.96 0 
  1354.89 1.6095e-13   1358.31 0 
  1364.29 1.4116e-13   1367.73 0 
  1373.74 1.5021e-13   1377.21 0 
  1386.45 1.5195e-13   1389.95 0 
  1396.06 1.3143e-13   1399.59 0 
  1405.74 1.3668e-13   1409.29 0 
  1415.48 1.3922e-13   1419.06 0 
  1425.30 1.4511e-13   1428.89 0 
  1435.18 1.4345e-13   1438.80 0 
  1441.80 1.5300e-13   1445.44 0 
  1448.46 1.5657e-13   1452.11 0 
  1455.14 1.5125e-13   1458.81 0 
  1465.23 1.3763e-13   1468.93 0 
  1475.38 1.3794e-13   1479.11 0 
  1485.61 1.4181e-13   1489.36 0 
  1495.91 1.4511e-13   1499.69 0 
  1506.28 1.3637e-13   1510.08 0 
  1513.23 1.1904e-13   1517.05 0 
  1516.72 1.2933e-13   1520.55 0 
  1523.72 1.2437e-13   1527.57 0 
  1534.28 1.0610e-13   1538.15 0 
  1544.92 1.1987e-13   1548.82 0 
  1555.63 1.1264e-13   1559.55 0 
  1566.41 1.1447e-13   1570.36 0 
  1573.64 1.2294e-13   1577.61 0 
  1584.55 1.3053e-13   1588.55 0 
  1595.53 1.3357e-13   1599.56 0 
  1606.59 1.3113e-13   1610.65 0 
  1614.01 1.3204e-13   1618.08 0 
  1625.19 1.2380e-13   1629.30 0 
  1636.46 1.3326e-13   1640.59 0 
  1644.01 1.3574e-13   1648.16 0 
  1655.41 1.2408e-13   1659.59 0 
  1666.88 1.3699e-13   1671.09 0 
  1670.73 1.1932e-13   1674.94 0 
  1678.44 1.3826e-13   1682.67 0 
  1686.18 1.4578e-13   1690.44 0 
  1693.97 1.3605e-13   1698.24 0 
  1705.71 1.2993e-13   1710.02 0 
  1713.58 1.2238e-13   1717.91 0 
  1725.46 1.2182e-13   1729.82 0 
  1733.43 1.3143e-13   1737.80 0 
  1745.44 1.2815e-13   1749.85 0 
  1753.50 1.3826e-13   1757.92 0 
  1765.65 1.2523e-13   1770.11 0 
  1773.80 1.2903e-13   1778.28 0 
  1786.10 1.3174e-13   1790.61 0 
  1794.34 1.4246e-13   1798.87 0 
  1806.78 1.4116e-13   1811.34 0 
  1815.12 1.2903e-13   1819.70 0 
  1823.50 1.3234e-13   1828.10 0 
  1836.14 1.2639e-13   1840.77 0 
  1844.61 1.1527e-13   1849.27 0 
  1853.13 1.1580e-13   1857.80 0 
  1865.97 1.2014e-13   1870.68 0 
  1874.59 1.3143e-13   1879.32 0 
  1883.24 1.2042e-13   1887.99 0 
  1896.29 1.1580e-13   1901.08 0 
  1905.04 1.2294e-13   1909.85 0 
  1913.84 1.1822e-13   1918.67 0 
  1927.10 1.1607e-13   1931.97 0 
  1936.00 1.1904e-13   1940.89 0 
  1944.94 1.2552e-13   1949.84 0 
  1953.91 1.1741e-13   1958.84 0 
  1967.46 1.2993e-13   1972.42 0 
  1976.54 1.3357e-13   1981.53 0 
  1985.66 1.2610e-13   1990.67 0 
  1994.83 1.2238e-13   1999.86 0 
  2004.03 1.2610e-13   2009.09 0 
  2013.29 1.2126e-13   2018.37 0 
  2027.24 1.2726e-13   2032.36 0 
  2036.60 1.2070e-13   2041.74 0 
  2046.00 1.2639e-13   2051.16 0 
  2055.44 1.1959e-13   2060.63 0 
  2064.93 1.2014e-13   2070.14 0 
  2074.46 1.3023e-13   2079.70 0 
  2079.24 1.2494e-13   2084.49 0 
  2084.04 1.3053e-13   2089.30 0 
  2093.66 1.2294e-13   2098.94 0 
  2103.32 1.2323e-13   2108.63 0 
  2113.03 1.2494e-13   2118.36 0 
  2122.78 1.2639e-13   2128.14 0 
  2132.58 1.1660e-13   2137.96 0 
  2147.36 1.2098e-13   2152.78 0 
  2157.27 1.2581e-13   2162.72 0 
  2167.23 1.2126e-13   2172.70 0 
  2177.23 1.2042e-13   2182.73 0 
  2187.28 1.1904e-13   2192.81 0 
  2197.38 1.2494e-13   2202.93 0 
  2207.52 1.2126e-13   2213.09 0 
  2212.61 1.1421e-13   2218.20 0 
  2222.82 1.1084e-13   2228.44 0 
  2233.08 1.1987e-13   2238.72 0 
  2243.39 1.1421e-13   2249.05 0 
  2253.75 1.0832e-13   2259.44 0 
  2264.15 1.1084e-13   2269.86 0 
  2274.60 1.1447e-13   2280.34 0 
  2285.10 1.1850e-13   2290.87 0 
  2295.65 1.1110e-13   2301.44 0 
  2306.24 1.1190e-13   2312.07 0 
  2316.89 1.0615e-13   2322.74 0 
  2327.58 8.2230e-14   2333.46 0 
  2332.95 9.7070e-14   2338.84 0 
  2343.72 9.3366e-14   2349.63 0 
  2354.53 1.0311e-13   2360.48 0 
  2365.40 9.2983e-14   2371.37 0 
  2376.32 9.6496e-14   2382.32 0 
  2387.29 8.8434e-14   2393.32 0 
  2392.79 9.4989e-14   2398.83 0 
  2403.84 9.1155e-14   2409.91 0 
  2414.93 9.3948e-14   2421.03 0 
  2426.08 1.0162e-13   2432.20 0 
  2437.28 9.7748e-14   2443.43 0 
  2442.90 1.0403e-13   2449.06 0 
  2454.17 1.0287e-13   2460.37 0 
  2465.50 1.0148e-13   2471.72 0 
  2476.88 9.7386e-14   2483.13 0 
  2482.59 9.8526e-14   2488.86 0 
  2494.05 9.2186e-14   2500.35 0 
  2505.56 1.0538e-13   2511.89 0 
  2511.34 9.1376e-14   2517.68 0 
  2517.13 9.3517e-14   2523.48 0 
  2522.93 8.9732e-14   2529.30 0 
  2534.58 9.2270e-14   2540.97 0 
  2546.27 9.0818e-14   2552.70 0 
  2552.14 9.9594e-14   2558.59 0 
  2563.92 9.5575e-14   2570.40 0 
  2575.76 1.0220e-13   2582.26 0 
  2587.65 1.0036e-13   2594.18 0 
  2593.61 9.8319e-14   2600.16 0 
  2605.59 9.4570e-14   2612.16 0 
  2617.61 9.2869e-14   2624.22 0 
  2623.65 9.8385e-14   2630.27 0 
  2635.76 1.0424e-13   2642.41 0 
  2647.92 1.1539e-13   2654.61 0 
  2654.03 1.2084e-13   2660.72 0 
  2666.28 1.0552e-13   2673.01 0 
  2672.42 1.1153e-13   2679.17 0 
  2684.76 1.1234e-13   2691.54 0 
  2697.15 1.0535e-13   2703.96 0 
  2703.37 1.0983e-13   2710.19 0 
  2715.85 1.0229e-13   2722.70 0 
  2722.11 1.0113e-13   2728.98 0 
  2734.67 1.0715e-13   2741.57 0 
  2747.29 9.0185e-14   2754.23 0 
  2753.63 9.3582e-14   2760.58 0 
  2766.34 9.8473e-14   2773.32 0 
  2772.72 1.0337e-13   2779.71 0 
  2785.51 9.4952e-14   2792.54 0 
  2791.93 7.5087e-14   2798.98 0 
  2804.82 8.0852e-14   2811.90 0 
  2817.77 1.0158e-13   2824.88 0 
  2824.26 1.1012e-13   2831.39 0 
  2837.30 1.0617e-13   2844.46 0 
  2843.84 1.0211e-13   2851.02 0 
  2856.97 9.5323e-14   2864.18 0 
  2863.55 1.1047e-13   2870.78 0 
  2876.77 1.1282e-13   2884.03 0 
  2883.40 1.1078e-13   2890.68 0 
  2896.71 1.1158e-13   2904.02 0 
  2910.08 1.2437e-13   2917.43 0 
  2930.25 1.1828e-13   2937.65 0 
  2950.56 1.1564e-13   2958.01 0 
  2971.02 1.1893e-13   2978.52 0 
  2991.61 1.1926e-13   2999.16 0 
  3012.35 1.2154e-13   3019.95 0 
  3033.23 1.2159e-13   3040.89 0 
  3047.23 1.2219e-13   3054.92 0 
  3068.35 1.2366e-13   3076.10 0 
  3089.62 1.2487e-13   3097.42 0 
  3111.04 1.2608e-13   3118.89 0 
  3132.60 1.2384e-13   3140.51 0 
  3147.06 1.2417e-13   3155.01 0 
  3168.88 1.2566e-13   3176.87 0 
  3190.84 1.1760e-13   3198.90 0 
  3212.96 1.2349e-13   3221.07 0 
  3227.79 1.1529e-13   3235.94 0 
  3250.16 1.2676e-13   3258.37 0 
  3272.69 1.3373e-13   3280.95 0 
  3287.80 1.3224e-13   3296.10 0 
  3310.59 1.3139e-13   3318.94 0 
  3318.22 1.3172e-13   3326.60 0 
  3325.87 1.3114e-13   3334.26 0 
  3333.54 1.3608e-13   3341.95 0 
  3341.22 1.2879e-13   3349.66 0 
  3348.92 1.4091e-13   3357.38 0 
  3356.64 1.3490e-13   3365.12 0 
  3364.38 1.1617e-13   3372.87 0 
  3372.14 1.1808e-13   3380.65 0 
  3379.91 1.3466e-13   3388.44 0 
  3387.70 1.3468e-13   3396.25 0 
  3395.51 1.2924e-13   3404.08 0 
  3403.34 1.4076e-13   3411.93 0 
  3411.18 1.2751e-13   3419.79 0 
  3419.05 1.3050e-13   3427.68 0 
  3426.93 1.3326e-13   3435.58 0 
  3434.83 1.4183e-13   3443.50 0 
  3442.75 1.2760e-13   3451.44 0 
  3450.68 1.3211e-13   3459.39 0 
  3458.64 1.3213e-13   3467.37 0 
  3466.61 1.2914e-13   3475.36 0 
  3474.60 1.3557e-13   3483.37 0 
  3482.61 1.3069e-13   3491.40 0 
  3490.64 1.3593e-13   3499.45 0 
  3498.69 1.2456e-13   3507.52 0 
  3506.75 1.3723e-13   3515.60 0 
  3514.84 1.2810e-13   3523.71 0 
  3522.94 1.3760e-13   3531.83 0 
  3531.06 1.2755e-13   3539.97 0 
  3539.20 1.3860e-13   3548.13 0 
  3547.36 1.4317e-13   3556.31 0 
  3555.54 1.4026e-13   3564.51 0 
  3563.73 1.3772e-13   3572.73 0 
  3571.95 1.2650e-13   3580.96 0 
  3580.18 1.2681e-13   3589.22 0 
  3588.44 1.1226e-13   3597.49 0 
  3596.71 1.3011e-13   3605.79 0 
  3605.00 1.3753e-13   3614.10 0 
  3613.31 1.2487e-13   3622.43 0 
  3621.64 1.2490e-13   3630.78 0 
  3629.99 1.5263e-13   3639.15 0 
  3633.22 1.1922e-13   3642.39 1 
  3635.96 1.0734e-13   3645.14 1 
  3638.71 1.1277e-13   3647.89 1 
  3641.45 1.5057e-13   3650.64 1 
  3644.19 1.6644e-13   3653.39 1 
  3646.94 1.7107e-13   3656.14 1 
  3649.68 1.2897e-13   3658.89 1 
  3652.42 1.3820e-13   3661.64 1 
  3655.16 1.3994e-13   3664.39 1 
  3657.91 1.5891e-13   3667.14 1 
  3660.65 1.7255e-13   3669.89 1 
  3663.39 1.5583e-13   3672.64 1 
  3666.14 1.9031e-13   3675.39 1 
  3668.88 1.6111e-13   3678.14 1 
  3671.62 1.1871e-13   3680.89 1 
  3674.37 1.4644e-13   3683.64 1 
  3677.11 1.6053e-13   3686.39 1 
  3679.85 1.3953e-13   3689.14 1 
  3682.60 1.5324e-13   3691.89 1 
  3685.34 1.6729e-13   3694.64 1 
  3688.08 1.4170e-13   3697.39 1 
  3690.82 1.4136e-13   3700.14 1 
  3693.57 1.5756e-13   3702.89 1 
  3696.31 1.7022e-13   3705.64 1 
  3699.05 1.5756e-13   3708.39 1 
  3701.80 1.4301e-13   3711.14 1 
  3704.54 1.4630e-13   3713.89 1 
  3707.28 1.4360e-13   3716.64 1 
  3710.03 1.2895e-13   3719.39 1 
  3712.77 1.5899e-13   3722.14 1 
  3715.51 1.5082e-13   3724.89 1 
  3718.26 2.0333e-13   3727.64 1 
  3721.00 2.7794e-13   3730.39 1 
  3723.74 3.3382e-13   3733.14 1 
  3726.48 3.1458e-13   3735.89 1 
  3729.23 2.4627e-13   3738.64 1 
  3731.97 2.2275e-13   3741.39 1 
  3734.71 1.7362e-13   3744.14 1 
  3737.46 1.6054e-13   3746.89 1 
  3740.20 1.4455e-13   3749.64 1 
  3742.94 1.3891e-13   3752.39 1 
  3745.69 1.4583e-13   3755.14 1 
  3748.43 1.4453e-13   3757.89 1 
  3751.17 1.6386e-13   3760.64 1 
  3753.92 1.6779e-13   3763.39 1 
  3756.66 1.4367e-13   3766.14 1 
  3759.40 1.5332e-13   3768.89 1 
  3762.14 1.7677e-13   3771.64 1 
  3764.89 1.5378e-13   3774.39 1 
  3767.63 1.4955e-13   3777.14 1 
  3770.37 1.6564e-13   3779.89 1 
  3773.12 1.8080e-13   3782.64 1 
  3775.86 1.9494e-13   3785.39 1 
  3778.60 1.8991e-13   3788.14 1 
  3781.35 1.8021e-13   3790.89 1 
  3784.09 1.6859e-13   3793.64 1 
  3786.83 1.6577e-13   3796.39 1 
  3789.58 1.7304e-13   3799.14 1 
  3792.32 1.6291e-13   3801.89 1 
  3795.06 1.6055e-13   3804.64 1 
  3797.80 1.6675e-13   3807.39 1 
  3800.55 1.7803e-13   3810.14 1 
  3803.29 1.7391e-13   3812.89 1 
  3806.03 2.0382e-13   3815.64 1 
  3808.78 1.9555e-13   3818.39 1 
  3811.52 1.9797e-13   3821.14 1 
  3814.26 1.9053e-13   3823.89 1 
  3817.01 1.8169e-13   3826.64 1 
  3819.75 1.6077e-13   3829.39 1 
  3822.49 1.6228e-13   3832.14 1 
  3825.23 1.5994e-13   3834.89 1 
  3827.98 1.5804e-13   3837.64 1 
  3830.72 1.6580e-13   3840.39 1 
  3833.46 1.6045e-13   3843.14 1 
  3836.21 1.4947e-13   3845.89 1 
  3838.95 1.5674e-13   3848.64 1 
  3841.69 1.9084e-13   3851.39 1 
  3844.44 2.1281e-13   3854.14 1 
  3847.18 2.1432e-13   3856.89 1 
  3849.92 2.0691e-13   3859.64 1 
  3852.67 2.1339e-13   3862.39 1 
  3855.41 2.1566e-13   3865.14 1 
  3858.15 2.0455e-13   3867.89 1 
  3860.89 2.0442e-13   3870.64 1 
  3863.64 2.1753e-13   3873.39 1 
  3866.38 2.3158e-13   3876.14 1 
  3869.12 2.0904e-13   3878.89 1 
  3871.87 2.0069e-13   3881.64 1 
  3874.61 1.9859e-13   3884.39 1 
  3877.35 1.9289e-13   3887.14 1 
  3880.10 1.8213e-13   3889.89 1 
  3882.84 1.6844e-13   3892.64 1 
  3885.58 1.5384e-13   3895.39 1 
  3888.33 1.5849e-13   3898.14 1 
  3891.07 1.5577e-13   3900.89 1 
  3893.81 1.6747e-13   3903.64 1 
  3896.55 1.8822e-13   3906.39 1 
  3899.30 2.0943e-13   3909.14 1 
  3902.04 2.2223e-13   3911.89 1 
  3904.78 2.0409e-13   3914.64 1 
  3907.53 2.0037e-13   3917.39 1 
  3910.27 2.0587e-13   3920.14 1 
  3913.01 2.1675e-13   3922.89 1 
  3915.76 2.0453e-13   3925.64 1 
  3918.50 2.0688e-13   3928.39 1 
  3921.24 2.0072e-13   3931.14 1 
  3923.99 1.6899e-13   3933.89 1 
  3926.73 1.7008e-13   3936.64 1 
  3929.47 1.6543e-13   3939.39 1 
  3932.21 1.7916e-13   3942.14 1 
  3934.96 1.8148e-13   3944.89 1 
  3937.70 1.9446e-13   3947.64 1 
  3940.44 1.8748e-13   3950.39 1 
  3943.19 1.9590e-13   3953.14 1 
  3945.93 2.0212e-13   3955.89 1 
  3948.67 2.0135e-13   3958.64 1 
  3951.42 1.9660e-13   3961.39 1 
  3954.16 1.9444e-13   3964.14 1 
  3956.90 1.8802e-13   3966.89 1 
  3959.65 1.6863e-13   3969.64 1 
  3962.39 1.4594e-13   3972.39 1 
  3965.13 1.3595e-13   3975.14 1 
  3967.87 1.5092e-13   3977.89 1 
  3970.62 1.7371e-13   3980.64 1 
  3973.36 1.7096e-13   3983.39 1 
  3976.10 1.6874e-13   3986.14 1 
  3978.85 1.9420e-13   3988.89 1 
  3981.59 2.0435e-13   3991.64 1 
  3984.33 2.1780e-13   3994.39 1 
  3987.08 2.0898e-13   3997.14 1 
  3989.82 2.1869e-13   3999.89 1 
  3992.56 2.3498e-13   4002.64 1 
  3995.31 2.2081e-13   4005.39 1 
  3998.05 2.1563e-13   4008.14 1 
  4000.79 2.1751e-13   4010.89 1 
  4003.53 2.4071e-13   4013.64 1 
  4006.28 2.3334e-13   4016.39 1 
  4009.02 2.4067e-13   4019.14 1 
  4011.76 2.4384e-13   4021.89 1 
  4014.51 2.4063e-13   4024.64 1 
  4017.25 2.4563e-13   4027.39 1 
  4019.99 2.3311e-13   4030.14 1 
  4022.74 2.3771e-13   4032.89 1 
  4025.48 2.3717e-13   4035.64 1 
  4028.22 2.3486e-13   4038.39 1 
  4030.97 2.3418e-13   4041.14 1 
  4033.71 2.3897e-13   4043.89 1 
  4036.45 2.1260e-13   4046.64 1 
  4039.19 2.3638e-13   4049.39 1 
  4041.94 2.2868e-13   4052.14 1 
  4044.68 2.3092e-13   4054.89 1 
  4047.42 2.2022e-13   4057.64 1 
  4050.17 2.2882e-13   4060.39 1 
  4052.91 2.4961e-13   4063.14 1 
  4055.65 2.4607e-13   4065.89 1 
  4058.40 2.5385e-13   4068.64 1 
  4061.14 2.4523e-13   4071.39 1 
  4063.88 2.3315e-13   4074.14 1 
  4066.63 2.3746e-13   4076.89 1 
  4069.37 2.1087e-13   4079.64 1 
  4072.11 2.1373e-13   4082.39 1 
  4074.85 1.9890e-13   4085.14 1 
  4077.60 2.2519e-13   4087.89 1 
  4080.34 2.3200e-13   4090.64 1 
  4083.08 2.2117e-13   4093.39 1 
  4085.83 2.0763e-13   4096.14 1 
  4088.57 2.0617e-13   4098.89 1 
  4091.31 2.1354e-13   4101.64 1 
  4094.06 2.0465e-13   4104.39 1 
  4096.80 2.0037e-13   4107.14 1 
  4099.54 1.9030e-13   4109.89 1 
  4102.29 1.9471e-13   4112.64 1 
  4105.03 2.0721e-13   4115.39 1 
  4107.77 2.0269e-13   4118.14 1 
  4110.52 2.3490e-13   4120.89 1 
  4113.26 2.2779e-13   4123.64 1 
  4116.00 2.1962e-13   4126.39 1 
  4118.74 2.2787e-13   4129.14 1 
  4121.49 2.2448e-13   4131.89 1 
  4124.23 2.4715e-13   4134.64 1 
  4126.97 2.4047e-13   4137.39 1 
  4129.72 2.4405e-13   4140.14 1 
  4132.46 2.5610e-13   4142.89 1 
  4135.20 2.3131e-13   4145.64 1 
  4137.95 2.3933e-13   4148.39 1 
  4140.69 2.2603e-13   4151.14 1 
  4143.43 2.3103e-13   4153.89 1 
  4146.18 2.3262e-13   4156.64 1 
  4148.92 2.4101e-13   4159.39 1 
  4151.66 2.3170e-13   4162.14 1 
  4154.40 2.4457e-13   4164.89 1 
  4157.15 2.4902e-13   4167.64 1 
  4159.89 2.3235e-13   4170.39 1 
  4162.63 2.2507e-13   4173.14 1 
  4165.38 2.2978e-13   4175.89 1 
  4168.12 2.2483e-13   4178.64 1 
  4170.86 2.3096e-13   4181.39 1 
  4173.61 2.3347e-13   4184.14 1 
  4176.35 2.4070e-13   4186.89 1 
  4179.09 2.2979e-13   4189.64 1 
  4181.84 2.3640e-13   4192.39 1 
  4184.58 2.3662e-13   4195.14 1 
  4187.32 2.2335e-13   4197.89 1 
  4190.06 2.2926e-13   4200.64 1 
  4192.81 2.2925e-13   4203.39 1 
  4195.55 2.3209e-13   4206.14 1 
  4198.29 2.2878e-13   4208.89 1 
  4201.04 2.2557e-13   4211.64 1 
  4203.78 2.2350e-13   4214.39 1 
  4206.52 2.4088e-13   4217.14 1 
  4209.27 2.2798e-13   4219.89 1 
  4212.01 2.2608e-13   4222.64 1 
  4214.75 2.4139e-13   4225.39 1 
  4217.50 2.4147e-13   4228.14 1 
  4220.24 2.2227e-13   4230.89 1 
  4222.98 2.1296e-13   4233.64 1 
  4225.72 2.3291e-13   4236.39 1 
  4228.47 2.4596e-13   4239.14 1 
  4231.21 2.3529e-13   4241.89 1 
  4233.95 2.1862e-13   4244.64 1 
  4236.70 2.2611e-13   4247.39 1 
  4239.44 2.4262e-13   4250.14 1 
  4242.18 2.3475e-13   4252.89 1 
  4244.93 2.3251e-13   4255.64 1 
  4247.67 2.3443e-13   4258.39 1 
  4250.41 2.4020e-13   4261.14 1 
  4253.16 2.2622e-13   4263.89 1 
  4255.90 2.3399e-13   4266.64 1 
  4258.64 2.2515e-13   4269.39 1 
  4261.38 2.2475e-13   4272.14 1 
  4264.13 2.2330e-13   4274.89 1 
  4266.87 2.2694e-13   4277.64 1 
  4269.61 2.2519e-13   4280.39 1 
  4272.36 2.3456e-13   4283.14 1 
  4275.10 2.3783e-13   4285.89 1 
  4277.84 2.2178e-13   4288.64 1 
  4280.59 2.2192e-13   4291.39 1 
  4283.33 2.2529e-13   4294.14 1 
  4286.07 2.3066e-13   4296.89 1 
  4288.82 2.2940e-13   4299.64 1 
  4291.56 2.1852e-13   4302.39 1 
  4294.30 2.0439e-13   4305.14 1 
  4297.04 1.9438e-13   4307.89 1 
  4299.79 2.0266e-13   4310.64 1 
  4302.53 2.0564e-13   4313.39 1 
  4305.27 2.0952e-13   4316.14 1 
  4308.02 2.0801e-13   4318.89 1 
  4310.76 2.2187e-13   4321.64 1 
  4313.50 2.2111e-13   4324.39 1 
  4316.25 2.2132e-13   4327.14 1 
  4318.99 2.1199e-13   4329.89 1 
  4321.73 2.2301e-13   4332.64 1 
  4324.48 2.0716e-13   4335.39 1 
  4327.22 2.0186e-13   4338.14 1 
  4329.96 2.1109e-13   4340.89 1 
  4332.70 2.2139e-13   4343.64 1 
  4335.45 2.3328e-13   4346.39 1 
  4338.19 2.3625e-13   4349.14 1 
  4340.93 2.2757e-13   4351.89 1 
  4343.68 2.1697e-13   4354.64 1 
  4346.42 2.0795e-13   4357.39 1 
  4349.16 2.0088e-13   4360.14 1 
  4351.91 2.1402e-13   4362.89 1 
  4354.65 2.3164e-13   4365.64 1 
  4357.39 2.3674e-13   4368.39 1 
  4360.14 2.4180e-13   4371.14 1 
  4362.88 2.4344e-13   4373.89 1 
  4365.62 2.3999e-13   4376.64 1 
  4368.36 2.4101e-13   4379.39 1 
  4371.11 2.4033e-13   4382.14 1 
  4373.85 2.4438e-13   4384.89 1 
  4376.59 2.3893e-13   4387.64 1 
  4379.34 2.3535e-13   4390.39 1 
  4382.08 2.2461e-13   4393.14 1 
  4384.82 2.1251e-13   4395.89 1 
  4387.57 2.2345e-13   4398.64 1 
  4390.31 2.3925e-13   4401.39 1 
  4393.05 2.3781e-13   4404.14 1 
  4395.80 2.3984e-13   4406.89 1 
  4398.54 2.5161e-13   4409.64 1 
  4401.28 2.4529e-13   4412.39 1 
  4404.02 2.4670e-13   4415.14 1 
  4406.77 2.4634e-13   4417.89 1 
  4409.51 2.3722e-13   4420.64 1 
  4412.25 2.3364e-13   4423.39 1 
  4415.00 2.3864e-13   4426.14 1 
  4417.74 2.4205e-13   4428.89 1 
  4420.48 2.4515e-13   4431.64 1 
  4423.23 2.3638e-13   4434.39 1 
  4425.97 2.4597e-13   4437.14 1 
  4428.71 2.3460e-13   4439.89 1 
  4431.46 2.3001e-13   4442.64 1 
  4434.20 2.4004e-13   4445.39 1 
  4436.94 2.4410e-13   4448.14 1 
  4439.68 2.3490e-13   4450.89 1 
  4442.43 2.4328e-13   4453.64 1 
  4445.17 2.4011e-13   4456.39 1 
  4447.91 2.3357e-13   4459.14 1 
  4450.66 2.4366e-13   4461.89 1 
  4453.40 2.3918e-13   4464.64 1 
  4456.14 2.3764e-13   4467.39 1 
  4458.89 2.3683e-13   4470.14 1 
  4461.63 2.2964e-13   4472.89 1 
  4464.37 2.5332e-13   4475.64 1 
  4467.12 2.5297e-13   4478.39 1 
  4469.86 2.4007e-13   4481.14 1 
  4472.60 2.5063e-13   4483.89 1 
  4475.34 2.4702e-13   4486.64 1 
  4478.09 2.3991e-13   4489.39 1 
  4480.83 2.4046e-13   4492.14 1 
  4483.57 2.6247e-13   4494.89 1 
  4486.32 2.3533e-13   4497.64 1 
  4489.06 2.5355e-13   4500.39 1 
  4491.80 2.4374e-13   4503.14 1 
  4494.55 2.5087e-13   4505.89 1 
  4497.29 2.4878e-13   4508.64 1 
  4500.03 2.5327e-13   4511.39 1 
  4502.78 2.5646e-13   4514.14 1 
  4505.52 2.6108e-13   4516.89 1 
  4508.26 2.5731e-13   4519.64 1 
  4511.00 2.5503e-13   4522.39 1 
  4513.75 2.4933e-13   4525.14 1 
  4516.49 2.5617e-13   4527.89 1 
  4519.23 2.3026e-13   4530.64 1 
  4521.98 2.4635e-13   4533.39 1 
  4524.72 2.4859e-13   4536.14 1 
  4527.46 2.4762e-13   4538.89 1 
  4530.21 2.3308e-13   4541.64 1 
  4532.95 2.5045e-13   4544.39 1 
  4535.69 2.4668e-13   4547.14 1 
  4538.44 2.5679e-13   4549.89 1 
  4541.18 2.5034e-13   4552.64 1 
  4543.92 2.3978e-13   4555.39 1 
  4546.66 2.3388e-13   4558.14 1 
  4549.41 2.4401e-13   4560.89 1 
  4552.15 2.4130e-13   4563.64 1 
  4554.89 2.4835e-13   4566.39 1 
  4557.64 2.5199e-13   4569.14 1 
  4560.38 2.4228e-13   4571.89 1 
  4563.12 2.4450e-13   4574.64 1 
  4565.87 2.5509e-13   4577.39 1 
  4568.61 2.4643e-13   4580.14 1 
  4571.35 2.5393e-13   4582.89 1 
  4574.10 2.5104e-13   4585.64 1 
  4576.84 2.4485e-13   4588.39 1 
  4579.58 2.4699e-13   4591.14 1 
  4582.32 2.4965e-13   4593.89 1 
  4585.07 2.5245e-13   4596.64 1 
  4587.81 2.5300e-13   4599.39 1 
  4590.55 2.4446e-13   4602.14 1 
  4593.30 2.4215e-13   4604.89 1 
  4596.04 2.4887e-13   4607.64 1 
  4598.78 2.4341e-13   4610.39 1 
  4601.53 2.4089e-13   4613.14 1 
  4604.27 2.4029e-13   4615.89 1 
  4607.01 2.5529e-13   4618.64 1 
  4609.76 2.5999e-13   4621.39 1 
  4612.50 2.4753e-13   4624.14 1 
  4615.24 2.5117e-13   4626.89 1 
  4617.98 2.5072e-13   4629.64 1 
  4620.73 2.6913e-13   4632.39 1 
  4623.47 2.5295e-13   4635.14 1 
  4626.21 2.5207e-13   4637.89 1 
  4628.96 2.5616e-13   4640.64 1 
  4631.70 2.6392e-13   4643.39 1 
  4634.44 2.6051e-13   4646.14 1 
  4637.19 2.5224e-13   4648.89 1 
  4639.93 2.4833e-13   4651.64 1 
  4642.67 2.4667e-13   4654.39 1 
  4645.42 2.5439e-13   4657.14 1 
  4648.16 2.4582e-13   4659.89 1 
  4650.90 2.4096e-13   4662.64 1 
  4653.64 2.4634e-13   4665.39 1 
  4656.39 2.5701e-13   4668.14 1 
  4659.13 2.4585e-13   4670.89 1 
  4661.87 2.4089e-13   4673.64 1 
  4664.62 2.5137e-13   4676.39 1 
  4667.36 2.4223e-13   4679.14 1 
  4670.10 2.3944e-13   4681.89 1 
  4672.85 2.4773e-13   4684.64 1 
  4675.59 2.5448e-13   4687.39 1 
  4678.33 2.3636e-13   4690.14 1 
  4681.08 2.4236e-13   4692.89 1 
  4683.82 2.4784e-13   4695.64 1 
  4686.56 2.4541e-13   4698.39 1 
  4689.30 2.4333e-13   4701.14 1 
  4692.05 2.4804e-13   4703.89 1 
  4694.79 2.5305e-13   4706.64 1 
  4697.53 2.4136e-13   4709.39 1 
  4700.28 2.4596e-13   4712.14 1 
  4703.02 2.5432e-13   4714.89 1 
  4705.76 2.4352e-13   4717.64 1 
  4708.51 2.4661e-13   4720.39 1 
  4711.25 2.5104e-13   4723.14 1 
  4713.99 2.4979e-13   4725.89 1 
  4716.74 2.5156e-13   4728.64 1 
  4719.48 2.5104e-13   4731.39 1 
  4722.22 2.4670e-13   4734.14 1 
  4724.96 2.4431e-13   4736.89 1 
  4727.71 2.3902e-13   4739.64 1 
  4730.45 2.3676e-13   4742.39 1 
  4733.19 2.5218e-13   4745.14 1 
  4735.94 2.5406e-13   4747.89 1 
  4738.68 2.4950e-13   4750.64 1 
  4741.42 2.4498e-13   4753.39 1 
  4744.17 2.4720e-13   4756.14 1 
  4746.91 2.5052e-13   4758.89 1 
  4749.65 2.4244e-13   4761.64 1 
  4752.40 2.4793e-13   4764.39 1 
  4755.14 2.4293e-13   4767.14 1 
  4757.88 2.4091e-13   4769.89 1 
  4760.62 2.4711e-13   4772.64 1 
  4763.37 2.5222e-13   4775.39 1 
  4766.11 2.4881e-13   4778.14 1 
  4768.85 2.3832e-13   4780.89 1 
  4771.60 2.4677e-13   4783.64 1 
  4774.34 2.4951e-13   4786.39 1 
  4777.08 2.4776e-13   4789.14 1 
  4779.83 2.4703e-13   4791.89 1 
  4782.57 2.4245e-13   4794.64 1 
  4785.31 2.4609e-13   4797.39 1 
  4788.06 2.4484e-13   4800.14 1 
  4790.80 2.4339e-13   4802.89 1 
  4793.54 2.4550e-13   4805.64 1 
  4796.28 2.4735e-13   4808.39 1 
  4799.03 2.5416e-13   4811.14 1 
  4801.77 2.5277e-13   4813.89 1 
  4804.51 2.3955e-13   4816.64 1 
  4807.26 2.5825e-13   4819.39 1 
  4810.00 2.5358e-13   4822.14 1 
  4812.74 2.6371e-13   4824.89 1 
  4815.49 2.5866e-13   4827.64 1 
  4818.23 2.5931e-13   4830.39 1 
  4820.97 2.5879e-13   4833.14 1 
  4823.72 2.4333e-13   4835.89 1 
  4826.46 2.4125e-13   4838.64 1 
  4829.20 2.4342e-13   4841.39 1 
  4831.94 2.2799e-13   4844.14 1 
  4834.69 2.3524e-13   4846.89 1 
  4837.43 2.2979e-13   4849.64 1 
  4840.17 2.3372e-13   4852.39 1 
  4842.92 2.2791e-13   4855.14 1 
  4845.66 2.3080e-13   4857.89 1 
  4848.40 2.2700e-13   4860.64 1 
  4851.15 2.3805e-13   4863.39 1 
  4853.89 2.6482e-13   4866.14 1 
  4856.63 3.0537e-13   4868.89 1 
  4859.38 3.2843e-13   4871.64 1 
  4862.12 3.0396e-13   4874.39 1 
  4864.86 2.3991e-13   4877.14 1 
  4867.60 2.1973e-13   4879.89 1 
  4870.35 2.0902e-13   4882.64 1 
  4873.09 2.2149e-13   4885.39 1 
  4875.83 2.2406e-13   4888.14 1 
  4878.58 2.2386e-13   4890.89 1 
  4881.32 2.3277e-13   4893.64 1 
  4884.06 2.3210e-13   4896.39 1 
  4886.81 2.3053e-13   4899.14 1 
  4889.55 2.2918e-13   4901.89 1 
  4892.29 2.2871e-13   4904.64 1 
  4895.04 2.3014e-13   4907.39 1 
  4897.78 2.5057e-13   4910.14 1 
  4900.52 2.4887e-13   4912.89 1 
  4903.26 2.4300e-13   4915.64 1 
  4906.01 2.3615e-13   4918.39 1 
  4908.75 2.3894e-13   4921.14 1 
  4911.49 2.3279e-13   4923.89 1 
  4914.24 2.2848e-13   4926.64 1 
  4916.98 2.2843e-13   4929.39 1 
  4919.72 2.2984e-13   4932.14 1 
  4922.47 2.4502e-13   4934.89 1 
  4925.21 2.3896e-13   4937.64 1 
  4927.95 2.4945e-13   4940.39 1 
  4930.70 2.4241e-13   4943.14 1 
  4933.44 2.5112e-13   4945.89 1 
  4936.18 2.3963e-13   4948.64 1 
  4938.92 2.3800e-13   4951.39 1 
  4941.67 2.4252e-13   4954.14 1 
  4944.41 2.5188e-13   4956.89 1 
  4947.15 2.5400e-13   4959.64 1 
  4949.90 2.5804e-13   4962.39 1 
  4952.64 2.5678e-13   4965.14 1 
  4955.38 2.5973e-13   4967.89 1 
  4958.13 2.5777e-13   4970.64 1 
  4960.87 2.5680e-13   4973.39 1 
  4963.61 2.3857e-13   4976.14 1 
  4966.36 2.3014e-13   4978.89 1 
  4969.10 2.3042e-13   4981.64 1 
  4971.84 2.4837e-13   4984.39 1 
  4974.58 2.3781e-13   4987.14 1 
  4977.33 2.2927e-13   4989.89 1 
  4980.07 2.2973e-13   4992.64 1 
  4982.81 2.2445e-13   4995.39 1 
  4985.56 2.2866e-13   4998.14 1 
  4988.30 2.4528e-13   5000.89 1 
  4991.04 2.3559e-13   5003.64 1 
  4993.79 2.3518e-13   5006.39 1 
  4996.53 2.4667e-13   5009.14 1 
  4999.27 2.6966e-13   5011.89 1 
  5002.02 2.8047e-13   5014.64 1 
  5004.76 2.8628e-13   5017.39 1 
  5007.50 2.8027e-13   5020.14 1 
  5010.24 2.5843e-13   5022.89 1 
  5012.99 2.3530e-13   5025.64 1 
  5015.73 2.3260e-13   5028.39 1 
  5018.47 2.3101e-13   5031.14 1 
  5021.22 2.3689e-13   5033.89 1 
  5023.96 2.3143e-13   5036.64 1 
  5026.70 2.3666e-13   5039.39 1 
  5029.45 2.4270e-13   5042.14 1 
  5032.19 2.3664e-13   5044.89 1 
  5034.93 2.3482e-13   5047.64 1 
  5037.68 2.3500e-13   5050.39 1 
  5040.42 2.4093e-13   5053.14 1 
  5043.16 2.3783e-13   5055.89 1 
  5045.90 2.3633e-13   5058.64 1 
  5048.65 2.3919e-13   5061.39 1 
  5051.39 2.4117e-13   5064.14 1 
  5054.13 2.5079e-13   5066.89 1 
  5056.88 2.4924e-13   5069.64 1 
  5059.62 2.4259e-13   5072.39 1 
  5062.36 2.4175e-13   5075.14 1 
  5065.11 2.3510e-13   5077.89 1 
  5067.85 2.3513e-13   5080.64 1 
  5070.59 2.4301e-13   5083.39 1 
  5073.34 2.3766e-13   5086.14 1 
  5076.08 2.3735e-13   5088.89 1 
  5078.82 2.3112e-13   5091.64 1 
  5081.56 2.2452e-13   5094.39 1 
  5084.31 2.2933e-13   5097.14 1 
  5087.05 2.3744e-13   5099.89 1 
  5089.79 2.4295e-13   5102.64 1 
  5092.54 2.3575e-13   5105.39 1 
  5095.28 2.2772e-13   5108.14 1 
  5098.02 2.2155e-13   5110.89 1 
  5100.77 2.3009e-13   5113.64 1 
  5103.51 2.3321e-13   5116.39 1 
  5106.25 2.3254e-13   5119.14 1 
  5109.00 2.2379e-13   5121.89 1 
  5111.74 2.3133e-13   5124.64 1 
  5114.48 2.4005e-13   5127.39 1 
  5117.22 2.3053e-13   5130.14 1 
  5119.97 2.3706e-13   5132.89 1 
  5122.71 2.2582e-13   5135.64 1 
  5125.45 2.2333e-13   5138.39 1 
  5128.20 2.3126e-13   5141.14 1 
  5130.94 2.2939e-13   5143.89 1 
  5133.68 2.3825e-13   5146.64 1 
  5136.43 2.3169e-13   5149.39 1 
  5139.17 2.2012e-13   5152.14 1 
  5141.91 2.2063e-13   5154.89 1 
  5144.66 2.2845e-13   5157.64 1 
  5147.40 2.3448e-13   5160.39 1 
  5150.14 2.2432e-13   5163.14 1 
  5152.88 2.2862e-13   5165.89 1 
  5155.63 2.2993e-13   5168.64 1 
  5158.37 2.2766e-13   5171.39 1 
  5161.11 2.3033e-13   5174.14 1 
  5163.86 2.0654e-13   5176.89 1 
  5166.60 1.9862e-13   5179.64 1 
  5169.34 2.1142e-13   5182.39 1 
  5172.09 2.1628e-13   5185.14 1 
  5174.83 2.1899e-13   5187.89 1 
  5177.57 2.2449e-13   5190.64 1 
  5180.32 2.2615e-13   5193.39 1 
  5183.06 2.1942e-13   5196.14 1 
  5185.80 2.1417e-13   5198.89 1 
  5188.54 2.2258e-13   5201.64 1 
  5191.29 2.2998e-13   5204.39 1 
  5194.03 2.2498e-13   5207.14 1 
  5196.77 2.2387e-13   5209.89 1 
  5199.52 2.3251e-13   5212.64 1 
  5202.26 2.3632e-13   5215.39 1 
  5205.00 2.3452e-13   5218.14 1 
  5207.75 2.3220e-13   5220.89 1 
  5210.49 2.3199e-13   5223.64 1 
  5213.23 2.2850e-13   5226.39 1 
  5215.98 2.2737e-13   5229.14 1 
  5218.72 2.3271e-13   5231.89 1 
  5221.46 2.2152e-13   5234.64 1 
  5224.20 2.2318e-13   5237.39 1 
  5226.95 2.2027e-13   5240.14 1 
  5229.69 2.2665e-13   5242.89 1 
  5232.43 2.2945e-13   5245.64 1 
  5235.18 2.3101e-13   5248.39 1 
  5237.92 2.2333e-13   5251.14 1 
  5240.66 2.3451e-13   5253.89 1 
  5243.41 2.3611e-13   5256.64 1 
  5246.15 2.2846e-13   5259.39 1 
  5248.89 2.3502e-13   5262.14 1 
  5251.64 2.2394e-13   5264.89 1 
  5254.38 2.2737e-13   5267.64 1 
  5257.12 2.3668e-13   5270.39 1 
  5259.86 2.2575e-13   5273.14 1 
  5262.61 2.1669e-13   5275.89 1 
  5265.35 2.0566e-13   5278.64 1 
  5268.09 2.1646e-13   5281.39 1 
  5270.84 2.2501e-13   5284.14 1 
  5273.58 2.2057e-13   5286.89 1 
  5276.32 2.3157e-13   5289.64 1 
  5279.07 2.3938e-13   5292.39 1 
  5281.81 2.4012e-13   5295.14 1 
  5284.55 2.4372e-13   5297.89 1 
  5287.30 2.4017e-13   5300.64 1 
  5290.04 2.3609e-13   5303.39 1 
  5292.78 2.3863e-13   5306.14 1 
  5295.52 2.4010e-13   5308.89 1 
  5298.27 2.3840e-13   5311.64 1 
  5301.01 2.3724e-13   5314.39 1 
  5303.75 2.4401e-13   5317.14 1 
  5306.50 2.4700e-13   5319.89 1 
  5309.24 2.4591e-13   5322.64 1 
  5311.98 2.4885e-13   5325.39 1 
  5314.73 2.3938e-13   5328.14 1 
  5317.47 2.3555e-13   5330.89 1 
  5320.21 2.3335e-13   5333.64 1 
  5322.95 2.3650e-13   5336.39 1 
  5325.70 2.2752e-13   5339.14 1 
  5328.44 2.3012e-13   5341.89 1 
  5331.18 2.3377e-13   5344.64 1 
  5333.93 2.2671e-13   5347.39 1 
  5336.67 2.3512e-13   5350.14 1 
  5339.41 2.5031e-13   5352.89 1 
  5342.16 2.4646e-13   5355.64 1 
  5344.90 2.4410e-13   5358.39 1 
  5347.64 2.4670e-13   5361.14 1 
  5350.39 2.4488e-13   5363.89 1 
  5353.13 2.4721e-13   5366.64 1 
  5355.87 2.5177e-13   5369.39 1 
  5358.61 2.4701e-13   5372.14 1 
  5361.36 2.4018e-13   5374.89 1 
  5364.10 2.3910e-13   5377.64 1 
  5366.84 2.3621e-13   5380.39 1 
  5369.59 2.3652e-13   5383.14 1 
  5372.33 2.3899e-13   5385.89 1 
  5375.07 2.4405e-13   5388.64 1 
  5377.82 2.4345e-13   5391.39 1 
  5380.56 2.4516e-13   5394.14 1 
  5383.30 2.5055e-13   5396.89 1 
  5386.05 2.4803e-13   5399.64 1 
  5388.79 2.4599e-13   5402.39 1 
  5391.53 2.3014e-13   5405.14 1 
  5394.27 2.2708e-13   5407.89 1 
  5397.02 2.2952e-13   5410.64 1 
  5399.76 2.2986e-13   5413.39 1 
  5402.50 2.2462e-13   5416.14 1 
  5405.25 2.2393e-13   5418.89 1 
  5407.99 2.3158e-13   5421.64 1 
  5410.73 2.2452e-13   5424.39 1 
  5413.48 2.3560e-13   5427.14 1 
  5416.22 2.3825e-13   5429.89 1 
  5418.96 2.3106e-13   5432.64 1 
  5421.71 2.3719e-13   5435.39 1 
  5424.45 2.4447e-13   5438.14 1 
  5427.19 2.3985e-13   5440.89 1 
  5429.93 2.3446e-13   5443.64 1 
  5432.68 2.3880e-13   5446.39 1 
  5435.42 2.3779e-13   5449.14 1 
  5438.16 2.3783e-13   5451.89 1 
  5440.91 2.4738e-13   5454.64 1 
  5443.65 2.3934e-13   5457.39 1 
  5446.39 2.2347e-13   5460.14 1 
  5449.14 2.2568e-13   5462.89 1 
  5451.88 2.3366e-13   5465.64 1 
  5454.62 2.3691e-13   5468.39 1 
  5457.37 2.3272e-13   5471.14 1 
  5460.11 2.3279e-13   5473.89 1 
  5462.85 2.2841e-13   5476.64 1 
  5465.59 2.2596e-13   5479.39 1 
  5468.34 2.2927e-13   5482.14 1 
  5471.08 2.2795e-13   5484.89 1 
  5473.82 2.3188e-13   5487.64 1 
  5476.57 2.3859e-13   5490.39 1 
  5479.31 2.3896e-13   5493.14 1 
  5482.05 2.3986e-13   5495.89 1 
  5484.80 2.3382e-13   5498.64 1 
  5487.54 2.3600e-13   5501.39 1 
  5490.28 2.4008e-13   5504.14 1 
  5493.03 2.3965e-13   5506.89 1 
  5495.77 2.4940e-13   5509.64 1 
  5498.51 2.4462e-13   5512.39 1 
  5501.25 2.4021e-13   5515.14 1 
  5504.00 2.4242e-13   5517.89 1 
  5506.74 2.3780e-13   5520.64 1 
  5509.48 2.3019e-13   5523.39 1 
  5512.23 2.3079e-13   5526.14 1 
  5514.97 2.3686e-13   5528.89 1 
  5517.71 2.3922e-13   5531.64 1 
  5520.46 2.3873e-13   5534.39 1 
  5523.20 2.3719e-13   5537.14 1 
  5525.94 2.2527e-13   5539.89 1 
  5528.69 2.2129e-13   5542.64 1 
  5531.43 2.3096e-13   5545.39 1 
  5534.17 2.2966e-13   5548.14 1 
  5536.91 2.3466e-13   5550.89 1 
  5539.66 2.4634e-13   5553.64 1 
  5542.40 2.3489e-13   5556.39 1 
  5545.14 2.4577e-13   5559.14 1 
  5547.89 2.5042e-13   5561.89 1 
  5550.63 2.3687e-13   5564.64 1 
  5553.37 2.3146e-13   5567.39 1 
  5556.12 2.3357e-13   5570.14 1 
  5558.86 2.3873e-13   5572.89 1 
  5561.60 2.2855e-13   5575.64 1 
  5564.35 2.3091e-13   5578.39 1 
  5567.09 2.3632e-13   5581.14 1 
  5569.83 2.2821e-13   5583.89 1 
  5572.57 2.2947e-13   5586.64 1 
  5575.32 2.3569e-13   5589.39 1 
  5578.06 2.2558e-13   5592.14 1 
  5580.80 2.2453e-13   5594.89 1 
  5583.55 2.2899e-13   5597.64 1 
  5586.29 2.2660e-13   5600.39 1 
  5589.03 2.2134e-13   5603.14 1 
  5591.78 2.3165e-13   5605.89 1 
  5594.52 2.2505e-13   5608.64 1 
  5597.26 2.3201e-13   5611.39 1 
  5600.01 2.3014e-13   5614.14 1 
  5602.75 2.4141e-13   5616.89 1 
  5605.49 2.3556e-13   5619.64 1 
  5608.23 2.3323e-13   5622.39 1 
  5610.98 2.2876e-13   5625.14 1 
  5613.72 2.3225e-13   5627.89 1 
  5616.46 2.3035e-13   5630.64 1 
  5619.21 2.4098e-13   5633.39 1 
  5621.95 2.3897e-13   5636.14 1 
  5624.69 2.4131e-13   5638.89 1 
  5627.44 2.4248e-13   5641.64 1 
  5630.18 2.3893e-13   5644.39 1 
  5632.92 2.4344e-13   5647.14 1 
  5635.67 2.5023e-13   5649.89 1 
  5638.41 2.3282e-13   5652.64 1 
  5641.15 2.2778e-13   5655.39 1 
  5643.89 2.3072e-13   5658.14 1 
  5646.64 2.3842e-13   5660.89 1 
  5649.38 2.3583e-13   5663.64 1 
  5652.12 2.3940e-13   5666.39 1 
  5654.87 2.2639e-13   5669.14 1 
  5657.61 2.1097e-13   5671.89 1 
  5660.35 2.0762e-13   5674.64 1 
  5663.10 2.2443e-13   5677.39 1 
  5665.84 2.4080e-13   5680.14 1 
  5668.58 2.3057e-13   5682.89 1 
  5671.33 2.2760e-13   5685.64 1 
  5674.07 2.3962e-13   5688.39 1 
  5676.81 2.3143e-13   5691.14 1 
  5679.55 2.4859e-13   5693.89 1 
  5682.30 2.4323e-13   5696.64 1 
  5685.04 2.2612e-13   5699.39 1 
  5687.78 2.3653e-13   5702.14 1 
  5690.53 2.4082e-13   5704.89 1 
  5693.27 2.3055e-13   5707.64 1 
  5696.01 2.4455e-13   5710.39 1 
  5698.76 2.4003e-13   5713.14 1 
  5701.50 2.3220e-13   5715.89 1 
  5704.24 2.2283e-13   5718.64 1 
  5706.99 2.2854e-13   5721.39 1 
  5709.73 2.1867e-13   5724.14 1 
  5712.47 2.2823e-13   5726.89 1 
  5715.21 2.3896e-13   5729.64 1 
  5717.96 2.4540e-13   5732.39 1 
  5720.70 2.4435e-13   5735.14 1 
  5723.44 2.3603e-13   5737.89 1 
  5726.19 2.4105e-13   5740.64 1 
  5728.93 2.5382e-13   5743.39 1 
  5731.67 2.4890e-13   5746.14 1 
  5734.42 2.3571e-13   5748.89 1 
  5737.16 2.4011e-13   5751.64 1 
  5739.90 2.4377e-13   5754.39 1 
  5742.65 2.4722e-13   5757.14 1 
  5745.39 2.5107e-13   5759.89 1 
  5748.13 2.3907e-13   5762.64 1 
  5750.87 2.3816e-13   5765.39 1 
  5753.62 2.3488e-13   5768.14 1 
  5756.36 2.4770e-13   5770.89 1 
  5759.10 2.3298e-13   5773.64 1 
  5761.85 2.3798e-13   5776.39 1 
  5764.59 2.3079e-13   5779.14 1 
  5767.33 2.3697e-13   5781.89 1 
  5770.08 2.3388e-13   5784.64 1 
  5772.82 2.3344e-13   5787.39 1 
  5775.56 2.3925e-13   5790.14 1 
  5778.31 2.3335e-13   5792.89 1 
  5781.05 2.2745e-13   5795.64 1 
  5783.79 2.3483e-13   5798.39 1 
  5786.53 2.2989e-13   5801.14 1 
  5789.28 2.2743e-13   5803.89 1 
  5792.02 2.4198e-13   5806.64 1 
  5794.76 2.4231e-13   5809.39 1 
  5797.51 2.3971e-13   5812.14 1 
  5800.25 2.4124e-13   5814.89 1 
  5802.99 2.1777e-13   5817.64 1 
  5805.74 2.3421e-13   5820.39 1 
  5808.48 2.3815e-13   5823.14 1 
  5811.22 2.2249e-13   5825.89 1 
  5813.97 2.3419e-13   5828.64 1 
  5816.71 2.3606e-13   5831.39 1 
  5819.45 2.3916e-13   5834.14 1 
  5822.19 2.4318e-13   5836.89 1 
  5824.94 2.4522e-13   5839.64 1 
  5827.68 2.2951e-13   5842.39 1 
  5830.42 2.5258e-13   5845.14 1 
  5833.17 2.3975e-13   5847.89 1 
  5835.91 2.3775e-13   5850.64 1 
  5838.65 2.3386e-13   5853.39 1 
  5841.40 2.3233e-13   5856.14 1 
  5844.14 2.3393e-13   5858.89 1 
  5846.88 2.2643e-13   5861.64 1 
  5849.63 2.3494e-13   5864.39 1 
  5852.37 2.2474e-13   5867.14 1 
  5855.11 2.2300e-13   5869.89 1 
  5857.85 2.3288e-13   5872.64 1 
  5860.60 2.2802e-13   5875.39 1 
  5863.34 2.3138e-13   5878.14 1 
  5866.08 2.2829e-13   5880.89 1 
  5868.83 2.4123e-13   5883.64 1 
  5871.57 2.3907e-13   5886.39 1 
  5874.31 2.3526e-13   5889.14 1 
  5877.06 2.2499e-13   5891.89 1 
  5879.80 2.2432e-13   5894.64 1 
  5882.54 1.9924e-13   5897.39 1 
  5885.29 2.0936e-13   5900.14 1 
  5888.03 2.0115e-13   5902.89 1 
  5890.77 2.1614e-13   5905.64 1 
  5893.51 2.0851e-13   5908.39 1 
  5896.26 2.1769e-13   5911.14 1 
  5899.00 2.1630e-13   5913.89 1 
  5901.74 2.2981e-13   5916.64 1 
  5904.49 2.2847e-13   5919.39 1 
  5907.23 2.2728e-13   5922.14 1 
  5909.97 2.3386e-13   5924.89 1 
  5912.72 2.4200e-13   5927.64 1 
  5915.46 2.2691e-13   5930.39 1 
  5918.20 2.2409e-13   5933.14 1 
  5920.95 2.2593e-13   5935.89 1 
  5923.69 2.2328e-13   5938.64 1 
  5926.43 2.2985e-13   5941.39 1 
  5929.17 2.3435e-13   5944.14 1 
  5931.92 2.2754e-13   5946.89 1 
  5934.66 2.3100e-13   5949.64 1 
  5937.40 2.3224e-13   5952.39 1 
  5940.15 2.3157e-13   5955.14 1 
  5942.89 2.2855e-13   5957.89 1 
  5945.63 2.2852e-13   5960.64 1 
  5948.38 2.3209e-13   5963.39 1 
  5951.12 2.2834e-13   5966.14 1 
  5953.86 2.2982e-13   5968.89 1 
  5956.61 2.2628e-13   5971.64 1 
  5959.35 2.3219e-13   5974.39 1 
  5962.09 2.3299e-13   5977.14 1 
  5964.83 2.3651e-13   5979.89 1 
  5967.58 2.3320e-13   5982.64 1 
  5970.32 2.3370e-13   5985.39 1 
  5973.06 2.2764e-13   5988.14 1 
  5975.81 2.2114e-13   5990.89 1 
  5978.55 2.2003e-13   5993.64 1 
  5981.29 2.2288e-13   5996.39 1 
  5984.04 2.3393e-13   5999.14 1 
  5986.78 2.3047e-13   6001.89 1 
  5989.52 2.3519e-13   6004.64 1 
  5992.27 2.2836e-13   6007.39 1 
  5995.01 2.2563e-13   6010.14 1 
  5997.75 2.2981e-13   6012.89 1 
  6000.49 2.2067e-13   6015.64 1 
  6003.24 2.3197e-13   6018.39 1 
  6005.98 2.3423e-13   6021.14 1 
  6008.72 2.2739e-13   6023.89 1 
  6011.47 2.2712e-13   6026.64 1 
  6014.21 2.2841e-13   6029.39 1 
  6016.95 2.2690e-13   6032.14 1 
  6019.70 2.2744e-13   6034.89 1 
  6022.44 2.3350e-13   6037.64 1 
  6025.18 2.3362e-13   6040.39 1 
  6027.93 2.3285e-13   6043.14 1 
  6030.67 2.4413e-13   6045.89 1 
  6033.41 2.2971e-13   6048.64 1 
  6036.15 2.3208e-13   6051.39 1 
  6038.90 2.3196e-13   6054.14 1 
  6041.64 2.3044e-13   6056.89 1 
  6044.38 2.3380e-13   6059.64 1 
  6047.13 2.4267e-13   6062.39 1 
  6049.87 2.2814e-13   6065.14 1 
  6052.61 2.1801e-13   6067.89 1 
  6055.36 2.3374e-13   6070.64 1 
  6058.10 2.2930e-13   6073.39 1 
  6060.84 2.2937e-13   6076.14 1 
  6063.59 2.2755e-13   6078.89 1 
  6066.33 2.2159e-13   6081.64 1 
  6069.07 2.3435e-13   6084.39 1 
  6071.81 2.2628e-13   6087.14 1 
  6074.56 2.2037e-13   6089.89 1 
  6077.30 2.3071e-13   6092.64 1 
  6080.04 2.1974e-13   6095.39 1 
  6082.79 2.1548e-13   6098.14 1 
  6085.53 2.2126e-13   6100.89 1 
  6088.27 2.1955e-13   6103.64 1 
  6091.02 2.2380e-13   6106.39 1 
  6093.76 2.2249e-13   6109.14 1 
  6096.50 2.3203e-13   6111.89 1 
  6099.25 2.3158e-13   6114.64 1 
  6101.99 2.3566e-13   6117.39 1 
  6104.73 2.2064e-13   6120.14 1 
  6107.47 2.3032e-13   6122.89 1 
  6110.22 2.1872e-13   6125.64 1 
  6112.96 2.3066e-13   6128.39 1 
  6115.70 2.2396e-13   6131.14 1 
  6118.45 2.2359e-13   6133.89 1 
  6121.19 2.2154e-13   6136.64 1 
  6123.93 2.2918e-13   6139.39 1 
  6126.68 2.1864e-13   6142.14 1 
  6129.42 2.1471e-13   6144.89 1 
  6132.16 2.0986e-13   6147.64 1 
  6134.91 2.1043e-13   6150.39 1 
  6137.65 1.9981e-13   6153.14 1 
  6140.39 2.2231e-13   6155.89 1 
  6143.13 2.1896e-13   6158.64 1 
  6145.88 2.1070e-13   6161.39 1 
  6148.62 2.1187e-13   6164.14 1 
  6151.36 2.0923e-13   6166.89 1 
  6154.11 2.1458e-13   6169.64 1 
  6156.85 2.1448e-13   6172.39 1 
  6159.59 2.0875e-13   6175.14 1 
  6162.34 2.0759e-13   6177.89 1 
  6165.08 2.0603e-13   6180.64 1 
  6167.82 2.2605e-13   6183.39 1 
  6170.57 2.2063e-13   6186.14 1 
  6173.31 2.2301e-13   6188.89 1 
  6176.05 2.2063e-13   6191.64 1 
  6178.79 2.1557e-13   6194.39 1 
  6181.54 2.1994e-13   6197.14 1 
  6184.28 2.2211e-13   6199.89 1 
  6187.02 2.1834e-13   6202.64 1 
  6189.77 2.1365e-13   6205.39 1 
  6192.51 2.1734e-13   6208.14 1 
  6195.25 2.2060e-13   6210.89 1 
  6198.00 2.1616e-13   6213.64 1 
  6200.74 2.2045e-13   6216.39 1 
  6203.48 2.1344e-13   6219.14 1 
  6206.23 2.1281e-13   6221.89 1 
  6208.97 2.0986e-13   6224.64 1 
  6211.71 2.1774e-13   6227.39 1 
  6214.45 2.2856e-13   6230.14 1 
  6217.20 2.1795e-13   6232.89 1 
  6219.94 2.0258e-13   6235.64 1 
  6222.68 1.9359e-13   6238.39 1 
  6225.43 2.1513e-13   6241.14 1 
  6228.17 2.2060e-13   6243.89 1 
  6230.91 2.0438e-13   6246.64 1 
  6233.66 2.1542e-13   6249.39 1 
  6236.40 2.2322e-13   6252.14 1 
  6239.14 2.2453e-13   6254.89 1 
  6241.89 2.1056e-13   6257.64 1 
  6244.63 2.1607e-13   6260.39 1 
  6247.37 2.1091e-13   6263.14 1 
  6250.11 2.2221e-13   6265.89 1 
  6252.86 2.1857e-13   6268.64 1 
  6255.60 2.0578e-13   6271.39 1 
  6258.34 2.2355e-13   6274.14 1 
  6261.09 2.2155e-13   6276.89 1 
  6263.83 2.1857e-13   6279.64 1 
  6266.57 2.2364e-13   6282.39 1 
  6269.32 2.2676e-13   6285.14 1 
  6272.06 2.0995e-13   6287.89 1 
  6274.80 2.1006e-13   6290.64 1 
  6277.55 2.1197e-13   6293.39 1 
  6280.29 2.1756e-13   6296.14 1 
  6283.03 1.1948e-13   6298.89 1 
  6285.77 1.1760e-13   6301.64 1 
  6288.52 1.9036e-14   6304.39 1 
  6291.26 1.5537e-13   6307.14 1 
  6294.00 1.9937e-13   6309.89 1 
  6296.75 2.1911e-13   6312.64 1 
  6299.49 2.3395e-13   6315.39 1 
  6302.23 2.3044e-13   6318.14 1 
  6304.98 2.1752e-13   6320.89 1 
  6307.72 2.3219e-13   6323.64 1 
  6310.46 2.2677e-13   6326.39 1 
  6313.21 2.1734e-13   6329.14 1 
  6315.95 2.2536e-13   6331.89 1 
  6318.69 2.1395e-13   6334.64 1 
  6321.43 2.1499e-13   6337.39 1 
  6324.18 2.2050e-13   6340.14 1 
  6326.92 2.2199e-13   6342.89 1 
  6329.66 2.2423e-13   6345.64 1 
  6332.41 2.1931e-13   6348.39 1 
  6335.15 2.1405e-13   6351.14 1 
  6337.89 2.1129e-13   6353.89 1 
  6340.64 2.2048e-13   6356.64 1 
  6343.38 2.2230e-13   6359.39 1 
  6346.12 2.2534e-13   6362.14 1 
  6348.87 2.0934e-13   6364.89 1 
  6351.61 2.1756e-13   6367.64 1 
  6354.35 2.2086e-13   6370.39 1 
  6357.09 2.2140e-13   6373.14 1 
  6359.84 2.1675e-13   6375.89 1 
  6362.58 2.2447e-13   6378.64 1 
  6365.32 2.2279e-13   6381.39 1 
  6368.07 2.2430e-13   6384.14 1 
  6370.81 2.1942e-13   6386.89 1 
  6373.55 2.3350e-13   6389.64 1 
  6376.30 2.2597e-13   6392.39 1 
  6379.04 2.3091e-13   6395.14 1 
  6381.78 2.2374e-13   6397.89 1 
  6384.53 2.2388e-13   6400.64 1 
  6387.27 2.1203e-13   6403.39 1 
  6390.01 2.1462e-13   6406.14 1 
  6392.75 2.2189e-13   6408.89 1 
  6395.50 2.2844e-13   6411.64 1 
  6398.24 2.1894e-13   6414.39 1 
  6400.98 2.1746e-13   6417.14 1 
  6403.73 2.1998e-13   6419.89 1 
  6406.47 2.3815e-13   6422.64 1 
  6409.21 2.3084e-13   6425.39 1 
  6411.96 2.1868e-13   6428.14 1 
  6414.70 2.2234e-13   6430.89 1 
  6417.44 2.1900e-13   6433.64 1 
  6420.19 2.1062e-13   6436.39 1 
  6422.93 2.1921e-13   6439.14 1 
  6425.67 2.1238e-13   6441.89 1 
  6428.41 2.2251e-13   6444.64 1 
  6431.16 2.2855e-13   6447.39 1 
  6433.90 2.0757e-13   6450.14 1 
  6436.64 2.1500e-13   6452.89 1 
  6439.39 2.2539e-13   6455.64 1 
  6442.13 2.3068e-13   6458.39 1 
  6444.87 2.3775e-13   6461.14 1 
  6447.62 2.2291e-13   6463.89 1 
  6450.36 2.2054e-13   6466.64 1 
  6453.10 2.0792e-13   6469.39 1 
  6455.85 2.0132e-13   6472.14 1 
  6458.59 2.1350e-13   6474.89 1 
  6461.33 2.1878e-13   6477.64 1 
  6464.07 2.2465e-13   6480.39 1 
  6466.82 2.1979e-13   6483.14 1 
  6469.56 2.1744e-13   6485.89 1 
  6472.30 2.1012e-13   6488.64 1 
  6475.05 2.2579e-13   6491.39 1 
  6477.79 2.4604e-13   6494.14 1 
  6480.53 2.2307e-13   6496.89 1 
  6483.28 2.1463e-13   6499.64 1 
  6486.02 2.1450e-13   6502.39 1 
  6488.76 2.0201e-13   6505.14 1 
  6491.51 1.9872e-13   6507.89 1 
  6494.25 2.0369e-13   6510.64 1 
  6496.99 2.1118e-13   6513.39 1 
  6499.73 2.2539e-13   6516.14 1 
  6502.48 2.2635e-13   6518.89 1 
  6505.22 2.2074e-13   6521.64 1 
  6507.96 2.2334e-13   6524.39 1 
  6510.71 2.3037e-13   6527.14 1 
  6513.45 2.3630e-13   6529.89 1 
  6516.19 2.1874e-13   6532.64 1 
  6518.94 2.0976e-13   6535.39 1 
  6521.68 2.2373e-13   6538.14 1 
  6524.42 2.2688e-13   6540.89 1 
  6527.17 2.1946e-13   6543.64 1 
  6529.91 2.2774e-13   6546.39 1 
  6532.65 2.3868e-13   6549.14 1 
  6535.39 2.3786e-13   6551.89 1 
  6538.14 2.3252e-13   6554.64 1 
  6540.88 2.4218e-13   6557.39 1 
  6543.62 2.6650e-13   6560.14 1 
  6546.37 2.5997e-13   6562.89 1 
  6549.11 2.6520e-13   6565.64 1 
  6551.85 3.0275e-13   6568.39 1 
  6554.60 4.2716e-13   6571.14 1 
  6557.34 6.2466e-13   6573.89 1 
  6560.08 7.2754e-13   6576.64 1 
  6562.83 6.4096e-13   6579.39 1 
  6565.57 4.4901e-13   6582.14 1 
  6568.31 2.9960e-13   6584.89 1 
  6571.05 2.3857e-13   6587.64 1 
  6573.80 2.6095e-13   6590.39 1 
  6576.54 3.2262e-13   6593.14 1 
  6579.28 3.9229e-13   6595.89 1 
  6582.03 3.8552e-13   6598.64 1 
  6584.77 3.4439e-13   6601.39 1 
  6587.51 2.6844e-13   6604.14 1 
  6590.26 2.1671e-13   6606.89 1 
  6593.00 2.1982e-13   6609.64 1 
  6595.74 2.2543e-13   6612.39 1 
  6598.49 2.2437e-13   6615.14 1 
  6601.23 2.0950e-13   6617.89 1 
  6603.97 2.1949e-13   6620.64 1 
  6606.71 2.1215e-13   6623.39 1 
  6609.46 2.2831e-13   6626.14 1 
  6612.20 2.1563e-13   6628.89 1 
  6614.94 2.2102e-13   6631.64 1 
  6617.69 2.2488e-13   6634.39 1 
  6620.43 2.1931e-13   6637.14 1 
  6623.17 2.1615e-13   6639.89 1 
  6625.92 2.2605e-13   6642.64 1 
  6628.66 2.3033e-13   6645.39 1 
  6631.40 2.2621e-13   6648.14 1 
  6634.15 2.1650e-13   6650.89 1 
  6636.89 2.1446e-13   6653.64 1 
  6639.63 2.3036e-13   6656.39 1 
  6642.37 2.2391e-13   6659.14 1 
  6645.12 2.1083e-13   6661.89 1 
  6647.86 2.1174e-13   6664.64 1 
  6650.60 2.1637e-13   6667.39 1 
  6653.35 2.1738e-13   6670.14 1 
  6656.09 2.2188e-13   6672.89 1 
  6658.83 2.1514e-13   6675.64 1 
  6661.58 2.2087e-13   6678.39 1 
  6664.32 2.1548e-13   6681.14 1 
  6667.06 2.2458e-13   6683.89 1 
  6669.81 2.1790e-13   6686.64 1 
  6672.55 2.2311e-13   6689.39 1 
  6675.29 2.2303e-13   6692.14 1 
  6678.03 2.2479e-13   6694.89 1 
  6680.78 2.2153e-13   6697.64 1 
  6683.52 2.3073e-13   6700.39 1 
  6686.26 2.2977e-13   6703.14 1 
  6689.01 2.1776e-13   6705.89 1 
  6691.75 2.2324e-13   6708.64 1 
  6694.49 2.3144e-13   6711.39 1 
  6697.24 2.2671e-13   6714.14 1 
  6699.98 2.2426e-13   6716.89 1 
  6702.72 2.2282e-13   6719.64 1 
  6705.47 2.3005e-13   6722.39 1 
  6708.21 2.6134e-13   6725.14 1 
  6710.95 3.0863e-13   6727.89 1 
  6713.69 3.3131e-13   6730.64 1 
  6716.44 3.1178e-13   6733.39 1 
  6719.18 2.7745e-13   6736.14 1 
  6721.92 2.5440e-13   6738.89 1 
  6724.67 2.6047e-13   6741.64 1 
  6727.41 2.8660e-13   6744.39 1 
  6730.15 2.8296e-13   6747.14 1 
  6732.90 2.5059e-13   6749.89 1 
  6735.64 2.4022e-13   6752.64 1 
  6738.38 2.2029e-13   6755.39 1 
  6741.13 2.0413e-13   6758.14 1 
  6743.87 2.0342e-13   6760.89 1 
  6746.61 2.0575e-13   6763.64 1 
  6749.35 2.0788e-13   6766.39 1 
  6752.10 2.0651e-13   6769.14 1 
  6754.84 2.1498e-13   6771.89 1 
  6757.58 2.0992e-13   6774.64 1 
  6760.33 2.0443e-13   6777.39 1 
  6763.07 2.2113e-13   6780.14 1 
  6765.81 2.1534e-13   6782.89 1 
  6768.56 2.1670e-13   6785.64 1 
  6771.30 2.2125e-13   6788.39 1 
  6774.04 2.1187e-13   6791.14 1 
  6776.79 2.0924e-13   6793.89 1 
  6779.53 2.1860e-13   6796.64 1 
  6782.27 2.0856e-13   6799.39 1 
  6785.01 2.1284e-13   6802.14 1 
  6787.76 2.0892e-13   6804.89 1 
  6790.50 2.1049e-13   6807.64 1 
  6793.24 2.0715e-13   6810.39 1 
  6795.99 2.2402e-13   6813.14 1 
  6798.73 2.0650e-13   6815.89 1 
  6801.47 2.1975e-13   6818.64 1 
  6804.22 2.2282e-13   6821.39 1 
  6806.96 2.2822e-13   6824.14 1 
  6809.70 2.2507e-13   6826.89 1 
  6812.45 2.3262e-13   6829.64 1 
  6821.90 2.1205e-13   6839.12 0 
  6837.62 2.1352e-13   6854.88 0 
  6853.38 2.1402e-13   6870.68 0 
  6869.19 2.0582e-13   6886.52 0 
  6885.02 2.0965e-13   6902.40 0 
  6900.89 2.1014e-13   6918.31 0 
  6916.80 2.1015e-13   6934.26 0 
  6932.74 2.1016e-13   6950.24 0 
  6948.73 2.1358e-13   6966.26 0 
  6964.75 2.1359e-13   6982.33 0 
  6980.80 2.1508e-13   6998.42 0 
  6996.89 2.1214e-13   7014.55 0 
  7013.02 2.0684e-13   7030.72 0 
  7029.19 2.0925e-13   7046.93 0 
  7045.39 2.0974e-13   7063.18 0 
  7061.63 2.0782e-13   7079.46 0 
  7077.91 2.0688e-13   7095.78 0 
  7094.23 2.0171e-13   7112.14 0 
  7110.58 2.0172e-13   7128.53 0 
  7126.98 2.0034e-13   7144.96 0 
  7143.40 1.9943e-13   7161.43 0 
  7159.87 2.0082e-13   7177.94 0 
  7176.38 1.9807e-13   7194.49 0 
  7192.92 1.8700e-13   7211.08 0 
  7209.50 1.9225e-13   7227.70 0 
  7226.12 2.0318e-13   7244.36 0 
  7242.78 1.9811e-13   7261.06 0 
  7259.47 1.9585e-13   7277.80 0 
  7276.21 2.0794e-13   7294.57 0 
  7292.98 2.0368e-13   7311.39 0 
  7309.80 2.0322e-13   7328.25 0 
  7326.65 2.0701e-13   7345.14 0 
  7343.54 2.1380e-13   7362.07 0 
  7360.47 2.0750e-13   7379.04 0 
  7377.43 2.1235e-13   7396.05 0 
  7394.44 2.0420e-13   7413.10 0 
  7411.49 2.1532e-13   7430.19 0 
  7428.57 2.0611e-13   7447.32 0 
  7445.69 2.1238e-13   7464.49 0 
  7462.86 2.1485e-13   7481.70 0 
  7480.06 2.1094e-13   7498.94 0 
  7497.30 2.1241e-13   7516.23 0 
  7514.59 2.1242e-13   7533.56 0 
  7531.91 2.1243e-13   7550.92 0 
  7549.27 2.1639e-13   7568.33 0 
  7566.68 2.1099e-13   7585.78 0 
  7584.12 2.1295e-13   7603.26 0 
  7601.60 2.0763e-13   7620.79 0 
  7619.13 2.0479e-13   7638.36 0 
  7636.69 2.1006e-13   7655.97 0 
  7654.30 2.0576e-13   7673.61 0 
  7671.94 1.9115e-13   7691.30 0 
  7689.63 1.9971e-13   7709.04 0 
  7707.35 1.9205e-13   7726.81 0 
  7725.12 1.9653e-13   7744.62 0 
  7742.93 2.0020e-13   7762.47 0 
  7760.78 1.9520e-13   7780.37 0 
  7778.67 1.9521e-13   7798.30 0 
  7796.60 1.9254e-13   7816.28 0 
  7814.57 1.9749e-13   7834.30 0 
  7832.59 2.0163e-13   7852.36 0 
  7850.64 1.9979e-13   7870.46 0 
  7868.74 2.0211e-13   7888.60 0 
  7886.88 1.9798e-13   7906.79 0 
  7905.06 1.9259e-13   7925.01 0 
  7923.29 1.9039e-13   7943.28 0 
  7941.55 1.9040e-13   7961.59 0 
  7959.86 1.9395e-13   7979.95 0 
  7978.21 1.9531e-13   7998.34 0 
  7996.60 1.9352e-13   8016.78 0 
  8015.03 1.9713e-13   8035.26 0 
  8033.51 1.9133e-13   8053.78 0 
  8052.03 1.9761e-13   8072.35 0 
  8070.59 2.0036e-13   8090.96 0 
  8089.19 1.9491e-13   8109.61 0 
  8107.84 1.9269e-13   8128.31 0 
  8126.53 1.9583e-13   8147.04 0 
  8145.26 1.9674e-13   8165.82 0 
  8164.04 1.9272e-13   8184.65 0 
  8182.86 2.0042e-13   8203.52 0 
  8201.72 1.8878e-13   8222.43 0 
  8220.63 1.9498e-13   8241.38 0 
  8239.58 1.7783e-13   8260.38 0 
  8258.58 2.0372e-13   8279.42 0 
  8277.61 2.0326e-13   8298.51 0 
  8296.70 1.8667e-13   8317.64 0 
  8315.82 1.8754e-13   8336.81 0 
  8334.99 1.8841e-13   8356.03 0 
  8354.21 1.9193e-13   8375.29 0 
  8373.47 1.8887e-13   8394.60 0 
  8392.77 1.8628e-13   8413.95 0 
  8412.12 1.9373e-13   8433.35 0 
  8431.51 1.9152e-13   8452.79 0 
  8450.94 1.8804e-13   8472.27 0 
  8470.42 1.9110e-13   8491.80 0 
  8489.95 1.8719e-13   8511.38 0 
  8509.52 1.6230e-13   8531.00 0 
  8529.14 1.8592e-13   8550.67 0 
  8548.80 1.4667e-13   8570.38 0 
  8568.51 1.8809e-13   8590.14 0 
  8588.26 1.9028e-13   8609.94 0 
  8608.06 1.8131e-13   8629.79 0 
  8627.90 1.8769e-13   8649.68 0 
  8647.79 1.8944e-13   8669.62 0 
  8667.73 1.6462e-13   8689.60 0 
  8687.71 1.7968e-13   8709.64 0 
  8707.73 1.8135e-13   8729.71 0 
  8727.81 1.8687e-13   8749.84 0 
  8747.93 1.8474e-13   8770.01 0 
  8768.09 1.8689e-13   8790.23 0 
  8788.31 1.8733e-13   8810.49 0 
  8808.57 1.8995e-13   8830.80 0 
  8828.87 1.8779e-13   8851.16 0 
  8849.22 1.8437e-13   8871.56 0 
  8869.62 1.7128e-13   8892.01 0 
  8890.07 1.7649e-13   8912.51 0 
  8910.56 1.8145e-13   8933.05 0 
  8931.10 1.7979e-13   8953.65 0 
  8951.69 1.7775e-13   8974.29 0 
  8972.33 1.6936e-13   8994.98 0 
  8993.01 1.8107e-13   9015.71 0 
  9013.75 1.7095e-13   9036.50 0 
  9034.52 1.6402e-13   9057.33 0 
  9055.35 1.9007e-13   9078.20 0 
  9076.23 1.8704e-13   9099.13 0 
  9097.15 1.6179e-13   9120.11 0 
  9118.12 1.7417e-13   9141.13 0 
  9139.14 1.6905e-13   9162.20 0 
  9160.21 1.7339e-13   9183.33 0 
  9181.32 1.6598e-13   9204.50 0 
  9202.49 1.7461e-13   9225.71 0 
  9223.70 1.6753e-13   9246.98 0 
  9244.96 1.7026e-13   9268.30 0 
  9266.27 1.7067e-13   9289.66 0 
  9287.64 1.6911e-13   9311.08 0 
  9309.05 1.5856e-13   9332.54 0 
  9330.51 1.7998e-13   9354.06 0 
  9352.01 1.7957e-13   9375.62 0 
  9373.58 1.7671e-13   9397.23 0 
  9395.18 1.7918e-13   9418.90 0 
  9416.84 1.7551e-13   9440.61 0 
  9438.55 1.8044e-13   9462.37 0 
  9460.31 1.7798e-13   9484.18 0 
  9482.11 1.8213e-13   9506.05 0 
  9503.98 1.7759e-13   9527.96 0 
  9525.88 1.7801e-13   9549.93 0 
  9547.84 1.7158e-13   9571.94 0 
  9569.85 1.7721e-13   9594.01 0 
  9591.91 1.8093e-13   9616.12 0 
  9614.02 1.7887e-13   9638.29 0 
  9636.19 1.7970e-13   9660.51 0 
  9658.40 1.7725e-13   9682.78 0 
  9680.67 1.7726e-13   9705.10 0 
  9702.98 1.7645e-13   9727.47 0 
  9725.35 1.7444e-13   9749.90 0 
  9747.77 1.7365e-13   9772.37 0 
  9770.24 1.7446e-13   9794.90 0 
  9792.76 1.7248e-13   9817.48 0 
  9815.34 1.7610e-13   9840.11 0 
  9837.96 1.7449e-13   9862.79 0 
  9860.64 1.7531e-13   9885.53 0 
  9883.37 1.7411e-13   9908.32 0 
  9906.16 1.7292e-13   9931.16 0 
  9928.99 1.7453e-13   9954.05 0 
  9951.88 1.7495e-13   9977.00 0 
  9974.82 1.7496e-13  10000.00 0 
  9997.82 1.7416e-13  10023.05 0 
 10020.86 1.7417e-13  10046.15 0 
 10067.12 1.7141e-13  10092.53 0 
 10113.59 1.7583e-13  10139.12 0 
 10183.69 1.7465e-13  10209.39 0 
 10230.70 1.7588e-13  10256.52 0 
 10277.92 1.7712e-13  10303.86 0 
 10301.61 1.7672e-13  10327.61 0 
 10493.13 1.7041e-13  10519.62 0 
 10688.22 1.6244e-13  10715.20 0 
 10912.02 1.5729e-13  10939.56 0 
 11089.33 1.4918e-13  11117.32 0 
 11295.49 1.4781e-13  11324.00 0 
 11505.49 1.4815e-13  11534.53 0 
 11692.44 1.4445e-13  11721.95 0 
 11909.82 1.3731e-13  11939.88 0 
 12103.34 1.3637e-13  12133.89 0 
 12300.01 1.3449e-13  12331.05 0 
 12499.86 1.3023e-13  12531.41 0 
 12702.97 1.2726e-13  12735.03 0 
 12909.37 1.2465e-13  12941.96 0 
 13088.96 1.2238e-13  13122.00 0 
 13301.64 1.1822e-13  13335.21 0 
 13486.69 1.1553e-13  13520.73 0 
 13705.83 1.1316e-13  13740.42 0 
 13896.49 1.0832e-13  13931.57 0 
 14089.82 1.0273e-13  14125.38 0 
 14285.83 1.0132e-13  14321.88 0 
 14484.56 1.0202e-13  14521.12 0 
 14686.07 9.8334e-14  14723.13 0 
 14890.35 9.9932e-14  14927.94 0 
 15097.50 1.0062e-13  15135.61 0 
 15307.53 1.0250e-13  15346.17 0 
 15484.79 1.0132e-13  15523.87 0 
 15700.20 9.9244e-14  15739.83 0 
 15882.01 9.5215e-14  15922.09 0 
 16102.95 9.5215e-14  16143.59 0 
 16289.40 9.4777e-14  16330.51 0 
 16516.01 9.3692e-14  16557.70 0 
 16707.26 9.3692e-14  16749.43 0 
 16900.72 9.2620e-14  16943.38 0 
 17096.43 9.1349e-14  17139.58 0 
 17294.38 8.7842e-14  17338.03 0 
 17494.65 8.5056e-14  17538.80 0 
 17697.23 8.1041e-14  17741.90 0 
 17902.16 7.7572e-14  17947.34 0 
 18109.44 7.3401e-14  18155.15 0 
 18319.14 7.1401e-14  18365.38 0 
 18488.66 6.8818e-14  18535.32 0 
 18702.73 6.5269e-14  18749.94 0 
 18919.30 6.3783e-14  18967.05 0 
 19094.37 6.2908e-14  19142.56 0 
 19315.48 6.1193e-14  19364.23 0 
 19494.19 5.8709e-14  19543.39 0 
 19719.92 5.6716e-14  19769.70 0 
 19902.40 5.4917e-14  19952.63 0 
 20086.54 5.4163e-14  20137.24 0 
 20319.14 5.2324e-14  20370.42 0 
 20507.16 5.1964e-14  20558.92 0 
 20696.89 5.0781e-14  20749.13 0 
 20888.41 4.9854e-14  20941.13 0 
 21081.67 4.9057e-14  21134.88 0 
 21276.75 4.8162e-14  21330.45 0 
 21523.12 4.7283e-14  21577.45 0 
 21722.26 4.5678e-14  21777.09 0 
 21923.27 4.4947e-14  21978.60 0 
 22075.22 4.3722e-14  22130.94 0 
 22279.49 4.2629e-14  22335.72 0 
 22485.65 4.1659e-14  22542.40 0 
 22693.69 4.0523e-14  22750.97 0 
 22903.68 3.6367e-14  22961.49 0 
 23115.59 3.6033e-14  23173.93 0 
 23275.83 3.1601e-14  23334.58 0 
 23491.21 2.9696e-14  23550.50 0 
 23708.56 3.0040e-14  23768.40 0 
 23872.91 2.7651e-14  23933.17 0 
 24093.79 2.6589e-14  24154.60 0 
 24316.74 2.6104e-14  24378.11 0 
 24485.28 2.4138e-14  24547.08 0 
 24711.85 2.3534e-14  24774.22 0 
 24883.13 1.9939e-14  24945.94 0 
 25113.39 1.9620e-14  25176.77 0 
 25287.45 1.9665e-14  25351.28 0 
 25521.44 1.9485e-14  25585.86 0 
 25698.33 1.9802e-14  25763.20 0 
 25876.48 1.9440e-14  25941.79 0 
 26115.93 1.9396e-14  26181.84 0 
 26296.94 1.8911e-14  26363.31 0 
 26479.21 1.8694e-14  26546.04 0 
 26724.23 1.8353e-14  26791.68 0 
 26909.49 1.8059e-14  26977.41 0 
 27096.00 1.7812e-14  27164.39 0 
 27283.81 1.7446e-14  27352.67 0 
 27472.95 1.7167e-14  27542.29 0 
 27727.13 1.6777e-14  27797.12 0 
 27919.35 1.6585e-14  27989.81 0 
 28112.86 1.6282e-14  28183.82 0 
 28307.75 1.6022e-14  28379.20 0 
 28503.95 1.5729e-14  28575.90 0 
 28701.55 1.5407e-14  28773.99 0 
 28900.48 1.5195e-14  28973.43 0 
 29100.83 1.4952e-14  29174.28 0 
 29302.53 1.4646e-14  29376.49 0 
 29505.67 1.4411e-14  29580.14 0 
 29710.17 1.4214e-14  29785.16 0 
 29916.13 1.3922e-14  29991.64 0 
 30123.49 1.3731e-14  30199.52 0 
 30332.28 1.3512e-14  30408.84 0 
 30472.31 1.3388e-14  30549.22 0 
 30683.52 1.3234e-14  30760.96 0 
 30896.22 1.3053e-14  30974.21 0 
 31110.37 1.2933e-14  31188.89 0 
 31326.04 1.2785e-14  31405.10 0 
 31470.62 1.2639e-14  31550.05 0 
 31688.75 1.2523e-14  31768.73 0 
 31908.42 1.2437e-14  31988.96 0 
 32129.58 1.2408e-14  32210.68 0 
 32277.91 1.2437e-14  32359.38 0 
 32501.64 1.2726e-14  32583.67 0 
 32726.91 1.3637e-14  32809.52 0 
 32878.00 1.6395e-14  32960.98 0 
 33105.88 1.6244e-14  33189.44 0 
 33335.38 1.3174e-14  33419.52 0 
 33489.23 1.1932e-14  33573.76 0 
 33721.36 1.1369e-14  33806.47 0 
 33877.03 1.1008e-14  33962.54 0 
 34111.84 1.0733e-14  34197.94 0 
 34269.28 1.0537e-14  34355.78 0 
 34506.85 1.0344e-14  34593.94 0 
 34666.11 1.0132e-14  34753.61 0 
 34906.42 9.9702e-15  34994.53 0 
 35067.53 9.8108e-15  35156.04 0 
 35310.59 9.6096e-15  35399.71 0 
 35473.61 9.4559e-15  35563.14 0 
 35719.48 9.3047e-15  35809.64 0 
 35884.38 9.1560e-15  35974.95 0 
 36133.10 9.0096e-15  36224.30 0 
 36299.87 8.8655e-15  36391.49 0 
 36467.45 8.7037e-15  36559.50 0 
 36720.21 8.5448e-15  36812.89 0 
 36889.70 8.3889e-15  36982.80 0 
 37060.00 8.2358e-15  37153.54 0 
 37316.87 8.1228e-15  37411.05 0 
 37489.10 7.9379e-15  37583.72 0 
 37662.17 7.8470e-15  37757.23 0 
 37923.22 7.7215e-15  38018.93 0 
 38098.25 7.5981e-15  38194.41 0 
 38274.13 7.4766e-15  38370.73 0 
 38539.41 7.3571e-15  38636.69 0 
 38717.34 7.2228e-15  38815.06 0 
 38896.03 7.1073e-15  38994.21 0 
 39075.56 6.9937e-15  39174.18 0 
 39255.91 6.8818e-15  39354.99 0 
 39528.04 6.7562e-15  39627.81 0 
 39710.48 6.6482e-15  39810.71 0 
 39893.80 6.5118e-15  39994.50 0 
 40077.93 6.4225e-15  40179.09 0 
 40262.91 6.3344e-15  40364.54 0 
 40542.02 6.2188e-15  40644.35 0 
 40729.14 6.1334e-15  40831.95 0 
 40917.13 6.0354e-15  41020.40 0 
 41105.98 5.9526e-15  41209.73 0 
 41295.75 5.8709e-15  41399.98 0 
 41486.35 5.7770e-15  41591.06 0 
 41677.82 5.6847e-15  41783.02 0 
 41870.23 5.6067e-15  41975.91 0 
 42063.48 5.5170e-15  42169.65 0 
 42257.62 5.4664e-15  42364.28 0 
 42452.71 5.3790e-15  42559.86 0 
 42746.95 5.3052e-15  42854.85 0 
 42944.25 5.1369e-15  43052.64 0 
 43142.51 4.9625e-15  43251.40 0 
 43341.63 4.9511e-15  43451.02 0 
 43541.67 4.7941e-15  43651.57 0 
 43742.68 4.7066e-15  43853.09 0 
 43944.58 4.6313e-15  44055.49 0 
 44147.40 4.5155e-15  44258.83 0 
 44249.16 4.4638e-15  44360.85 0 
 44453.44 4.4025e-15  44565.64 0 
 44658.61 4.3023e-15  44771.33 0 
 44864.73 4.2826e-15  44977.97 0 
 45071.86 4.2141e-15  45185.62 0 
 45279.88 4.1467e-15  45394.17 0 
 45488.87 4.1182e-15  45603.68 0 
 45698.82 4.0710e-15  45814.16 0 
 45909.79 3.9875e-15  46025.67 0 
 46121.69 3.9784e-15  46238.10 0 
 46334.56 3.9238e-15  46451.51 0 
 46548.46 3.8878e-15  46665.95 0 
 46655.76 3.8610e-15  46773.52 0 
 46871.10 3.8168e-15  46989.40 0 
 47087.43 3.7732e-15  47206.28 0 
 47304.81 3.7645e-15  47424.21 0 
 47523.15 3.7043e-15  47643.10 0 
 47742.49 3.6788e-15  47862.99 0 
 47852.59 3.6451e-15  47973.37 0 
 48073.45 3.5950e-15  48194.79 0 
 48295.33 3.5950e-15  48417.23 0 
 48518.24 3.5457e-15  48640.70 0 
 48742.22 3.5051e-15  48865.25 0 
 48854.58 3.4810e-15  48977.89 0 
 49080.07 3.4412e-15  49203.95 0 
 49306.59 3.4175e-15  49431.04 0 
 49534.22 3.3861e-15  49659.24 0 
 49648.40 3.3706e-15  49773.71 0 
 49877.55 3.3401e-15  50003.44 0 
 50107.81 3.3430e-15  50234.29 0 
 50339.08 3.3381e-15  50466.14 0 
 50455.12 3.3203e-15  50582.46 0 
 50687.99 3.3306e-15  50815.93 0 
 50804.83 3.3281e-15  50933.06 0 
 50922.00 3.3333e-15  51050.52 0 
 51039.37 3.3307e-15  51168.20 0 
 51157.02 3.3281e-15  51286.14 0 
 51274.94 3.3255e-15  51404.36 0 
 51393.14 3.3306e-15  51522.85 0 
 51511.60 3.3279e-15  51641.62 0 
 51630.40 3.3329e-15  51760.71 0 
 51749.41 3.3456e-15  51880.02 0 
 51868.69 3.3429e-15  51999.61 0 
 51988.25 3.3402e-15  52119.47 0 
 52108.09 3.3452e-15  52239.61 0 
 52228.20 3.3424e-15  52360.03 0 
 52348.59 3.3473e-15  52480.72 0 
 52469.32 3.3522e-15  52601.75 0 
 52590.26 3.3649e-15  52723.00 0 
 52711.49 3.3775e-15  52844.53 0 
 52832.99 3.3746e-15  52966.34 0 
 52954.78 3.3718e-15  53088.43 0 
 53076.84 3.3766e-15  53210.80 0 
 53199.24 3.3815e-15  53333.52 0 
 53321.87 3.3941e-15  53456.46 0 
 53444.78 3.3989e-15  53579.68 0 
 53567.98 3.4037e-15  53703.18 0 
 53691.46 3.4164e-15  53826.97 0 
 53815.22 3.4212e-15  53951.05 0 
 53939.26 3.4339e-15  54075.41 0 
 54063.66 3.4466e-15  54200.11 0 
 54188.28 3.4514e-15  54325.05 0 
 54313.19 3.4562e-15  54450.27 0 
 54438.38 3.4690e-15  54575.79 0 
 54563.87 3.4898e-15  54701.59 0 
 54689.64 3.4946e-15  54827.68 0 
 54815.70 3.5074e-15  54954.06 0 
 54942.12 3.5203e-15  55080.79 0 
 55068.76 3.5332e-15  55207.76 0 
 55195.70 3.5543e-15  55335.02 0 
 55322.93 3.5837e-15  55462.57 0 
 55450.45 3.5968e-15  55590.41 0 
 55578.27 3.6099e-15  55718.55 0 
 55706.44 3.6314e-15  55847.05 0 
 55834.85 3.6530e-15  55975.78 0 
 55963.56 3.6748e-15  56104.81 0 
 56092.56 3.7051e-15  56234.13 0 
 56221.85 3.7271e-15  56363.76 0 
 56351.45 3.7492e-15  56493.68 0 
 56481.34 3.7888e-15  56623.90 0 
 56611.60 3.8200e-15  56754.48 0 
 56742.09 3.8515e-15  56885.31 0 
 56872.89 3.8832e-15  57016.43 0 
 57003.98 3.9241e-15  57147.86 0 
 57135.38 3.9747e-15  57279.59 0 
 57267.08 4.0258e-15  57411.62 0 
 57399.15 4.0682e-15  57544.02 0 
 57531.46 4.1206e-15  57676.67 0 
 57664.07 4.1735e-15  57809.62 0 
 57796.99 4.2369e-15  57942.87 0 
 57930.22 4.3112e-15  58076.43 0 
 58063.75 4.3867e-15  58210.30 0 
 58197.59 4.4635e-15  58344.48 0 
 58331.81 4.5312e-15  58479.04 0 
 58466.26 4.6212e-15  58613.83 0 
 58601.03 4.7346e-15  58748.94 0 
 58736.11 4.8397e-15  58884.36 0 
 58871.50 4.9585e-15  59020.09 0 
 59095.80 4.8291e-15  59244.95 3 
 59404.87 5.3449e-15  59554.81 3 
 59713.94 6.0183e-15  59864.66 3 
 60023.01 6.9358e-15  60174.51 3 
 60332.09 7.2744e-15  60484.37 3 
 60641.16 7.4994e-15  60794.22 3 
 60950.23 8.4293e-15  61104.07 3 
 61259.32 1.0899e-14  61413.93 3 
 61568.38 1.5793e-14  61723.78 3 
 61877.45 2.1058e-14  62033.63 3 
 62186.53 2.2680e-14  62343.49 3 
 62495.60 2.0261e-14  62653.34 3 
 62804.67 1.6623e-14  62963.19 3 
 63113.75 1.3662e-14  63273.05 3 
 63422.82 1.1657e-14  63582.90 3 
 63731.90 1.0163e-14  63892.76 3 
 64040.97 9.0179e-15  64202.61 3 
 64350.04 7.9818e-15  64512.46 3 
 64659.12 7.2655e-15  64822.32 3 
 64968.19 6.8053e-15  65132.17 3 
 65277.26 6.5952e-15  65442.02 3 
 65586.34 6.4548e-15  65751.88 3 
 65895.41 6.6515e-15  66061.73 3 
 66204.48 6.7754e-15  66371.58 3 
 66513.57 6.8196e-15  66681.45 3 
 66822.63 6.9574e-15  66991.29 3 
 67131.70 6.9922e-15  67301.14 3 
 67440.78 6.9847e-15  67611.00 3 
 67749.85 6.7860e-15  67920.85 3 
 68058.93 6.7750e-15  68230.71 3 
 68368.00 6.7985e-15  68540.56 3 
 68677.07 7.1317e-15  68850.41 3 
 68986.15 7.2618e-15  69160.27 3 
 69295.22 7.5547e-15  69470.12 3 
 69604.30 8.9085e-15  69779.98 3 
 69913.37 9.9210e-15  70089.83 3 
 70222.44 8.1989e-15  70399.68 3 
 70531.52 7.7853e-15  70709.54 3 
 70840.59 8.0649e-15  71019.39 3 
 71149.66 8.7122e-15  71329.24 3 
 71458.74 8.8649e-15  71639.10 3 
 71767.80 9.0731e-15  71948.95 3 
 72076.89 9.4323e-15  72258.81 3 
 72385.95 1.0127e-14  72568.66 3 
 72695.03 1.0714e-14  72878.51 3 
 73004.11 1.1637e-14  73188.38 3 
 73313.18 1.2015e-14  73498.22 3 
 73622.25 1.3004e-14  73808.07 3 
 73931.33 1.4489e-14  74117.93 3 
 74240.40 1.5589e-14  74427.78 3 
 74549.47 1.6941e-14  74737.63 3 
 74858.54 1.8415e-14  75047.48 3 
 75147.39 1.8398e-14  75337.06 3 
 75167.62 1.9938e-14  75357.34 3 
 75476.70 2.1208e-14  75667.20 3 
 75766.76 2.1604e-14  75957.99 3 
 75785.76 2.0559e-14  75977.05 3 
 76386.14 2.2010e-14  76578.94 3 
 77005.51 2.0891e-14  77199.88 3 
 77624.90 2.0049e-14  77820.82 3 
 78244.27 1.9288e-14  78441.76 3 
 78863.66 1.7599e-14  79062.71 3 
 79483.03 1.5143e-14  79683.65 3 
 80102.41 1.2995e-14  80304.59 3 
 80721.80 1.1203e-14  80925.54 3 
 81341.17 1.0051e-14  81546.48 3 
 81960.55 9.5272e-15  82167.41 3 
 82579.93 9.4502e-15  82788.36 3 
 83199.30 9.3545e-15  83409.30 3 
 83818.69 9.1872e-15  84030.25 3 
 84438.07 9.4569e-15  84651.19 3 
 85057.45 1.0219e-14  85272.13 3 
 85676.82 1.0823e-14  85893.07 3 
 86296.21 1.0477e-14  86514.02 3 
 86915.58 9.0645e-15  87134.95 3 
 87534.96 7.3251e-15  87755.90 3 
 88154.34 5.9068e-15  88376.84 3 
 88773.72 4.8933e-15  88997.78 3 
 89393.09 4.1541e-15  89618.72 3 
 90012.47 3.7477e-15  90239.66 3 
 90631.85 3.3502e-15  90860.60 3 
 91251.24 3.1426e-15  91481.55 3 
 91870.61 3.0117e-15  92102.49 3 
 92489.99 2.9152e-15  92723.44 3 
 93109.37 2.8030e-15  93344.38 3 
 93728.75 2.6631e-15  93965.32 3 
 94348.12 2.6189e-15  94586.26 3 
 94967.50 2.5496e-15  95207.20 3 
 95586.89 2.4946e-15  95828.15 3 
 96206.26 2.6147e-15  96449.09 3 
 96825.64 2.6487e-15  97070.02 3 
 97445.03 2.4595e-15  97690.98 3 
 98064.41 2.3111e-15  98311.92 3 
 98683.78 2.2473e-15  98932.86 3 
 99303.16 2.1526e-15  99553.80 3 
 99922.50 2.1595e-15 100174.70 3 
100541.93 2.1602e-15 100795.70 3 
101161.26 2.0984e-15 101416.59 3 
101780.71 2.0063e-15 102037.60 3 
102400.04 2.0126e-15 102658.50 3 
103019.47 2.0233e-15 103279.49 3 
103638.82 2.1050e-15 103900.41 3 
104258.16 2.1826e-15 104521.30 3 
104877.59 2.4021e-15 105142.30 3 
105496.92 2.6779e-15 105763.20 3 
106116.37 2.8207e-15 106384.20 3 
106735.70 2.7841e-15 107005.10 3 
107355.04 2.8600e-15 107626.00 3 
107974.47 2.8980e-15 108247.00 3 
108593.82 3.0137e-15 108867.91 3 
109213.24 3.4944e-15 109488.90 3 
109832.58 4.2785e-15 110109.80 3 
110452.02 4.9065e-15 110730.80 3 
111071.36 5.9730e-15 111351.70 3 
111690.69 9.3023e-15 111972.60 3 
112310.13 1.2189e-14 112593.60 3 
112929.47 1.1535e-14 113214.50 3 
113548.90 9.1681e-15 113835.50 3 
114168.24 7.3135e-15 114456.40 3 
114787.67 5.9639e-15 115077.40 3 
115407.01 5.1394e-15 115698.30 3 
116026.34 4.5464e-15 116319.20 3 
116645.79 4.1754e-15 116940.20 3 
117265.12 3.9854e-15 117561.10 3 
117884.55 3.9227e-15 118182.09 3 
118503.89 4.0975e-15 118802.99 3 
119123.33 4.3253e-15 119424.00 3 
119742.67 4.4126e-15 120044.90 3 
120362.00 4.3534e-15 120665.80 3 
120981.45 4.1901e-15 121286.80 3 
121600.78 4.0057e-15 121907.70 3 
122220.21 4.0758e-15 122528.70 3 
122839.55 4.4073e-15 123149.59 3 
123458.90 4.5405e-15 123770.51 3 
124078.33 4.6157e-15 124391.50 3 
124697.66 4.9200e-15 125012.40 3 
125317.10 5.1776e-15 125633.40 3 
125936.44 5.5089e-15 126254.30 3 
126555.87 5.6931e-15 126875.30 3 
127175.21 6.1644e-15 127496.20 3 
127794.55 8.1280e-15 128117.10 3 
128413.98 7.8261e-15 128738.10 3 
129033.32 4.5882e-15 129359.00 3 
129652.76 3.3799e-15 129980.00 3 
130272.09 3.1107e-15 130600.90 3 
130891.43 2.9764e-15 131221.80 3 
131510.86 2.9420e-15 131842.80 3 
132130.21 2.8740e-15 132463.70 3 
132749.64 2.8106e-15 133084.70 3 
133368.97 2.7896e-15 133705.59 3 
133988.41 2.7468e-15 134326.59 3 
134607.75 2.7144e-15 134947.50 3 
135227.09 2.7338e-15 135568.41 3 
135846.53 2.6519e-15 136189.41 3 
136465.86 2.5667e-15 136810.30 3 
137085.29 2.4214e-15 137431.30 3 
137704.64 2.2964e-15 138052.20 3 
138324.07 2.2709e-15 138673.20 3 
138943.40 2.2840e-15 139294.09 3 
139562.74 2.2953e-15 139915.00 3 
140182.18 2.2851e-15 140536.00 3 
140801.52 2.3037e-15 141156.91 3 
141420.94 2.3666e-15 141777.89 3 
142040.29 2.3810e-15 142398.80 3 
142659.72 2.2797e-15 143019.80 3 
143279.07 2.1990e-15 143640.70 3 
143898.39 2.0710e-15 144261.59 3 
144517.85 1.9877e-15 144882.61 3 
145050.80 1.9661e-15 145416.91 3 
145965.38 1.9372e-15 146333.80 3 
146880.07 1.8509e-15 147250.80 3 
147794.67 1.8245e-15 148167.70 3 
148709.25 1.8134e-15 149084.59 3 
149623.85 1.7658e-15 150001.50 3 
150538.54 1.7613e-15 150918.50 3 
151453.14 1.7617e-15 151835.41 3 
152367.72 1.7725e-15 152752.30 3 
153282.41 1.8315e-15 153669.30 3 
154197.01 1.8964e-15 154586.20 3 
155111.59 2.4734e-15 155503.09 3 
156026.19 2.5262e-15 156420.00 3 
156940.88 1.9821e-15 157337.00 3 
157855.48 1.9134e-15 158253.91 3 
158770.06 1.9783e-15 159170.80 3 
159684.75 1.9489e-15 160087.80 3 
160599.35 1.9853e-15 161004.70 3 
161513.93 2.0631e-15 161921.59 3 
162428.62 2.1932e-15 162838.59 3 
163343.22 2.6690e-15 163755.50 3 
164257.80 3.1865e-15 164672.39 3 
165172.40 3.0155e-15 165589.30 3 
166087.11 2.7853e-15 166506.31 3 
167001.68 2.7275e-15 167423.19 3 
167916.27 2.8117e-15 168340.09 3 
168830.87 2.7548e-15 169257.00 3 
169745.56 3.3395e-15 170174.00 3 
170660.16 3.4724e-15 171090.91 3 
171574.76 2.9383e-15 172007.81 3 
172489.45 2.9533e-15 172924.81 3 
173404.03 2.9372e-15 173841.70 3 
174318.63 2.7091e-15 174758.61 3 
175233.32 2.3539e-15 175675.61 3 
176147.90 2.1817e-15 176592.50 3 
177062.50 2.1177e-15 177509.41 3 
177977.08 2.0819e-15 178426.30 3 
178891.77 2.0232e-15 179343.30 3 
179806.37 1.8816e-15 180260.20 3 
180720.95 1.7988e-15 181177.09 3 
181635.65 1.7514e-15 182094.09 3 
182550.24 1.7239e-15 183011.00 3 
183464.83 1.7443e-15 183927.89 3 
184379.52 1.7342e-15 184844.89 3 
185294.11 1.8519e-15 185761.80 3 
186208.71 2.4564e-15 186678.70 3 
187123.29 3.4034e-15 187595.59 3 
188037.99 2.5403e-15 188512.59 3 
188952.58 1.9009e-15 189429.50 3 
189867.17 1.8087e-15 190346.39 3 
190781.87 1.8036e-15 191263.41 3 
191696.47 1.6915e-15 192180.31 3 
192611.04 1.6685e-15 193097.19 3 
193525.64 1.6198e-15 194014.09 3 
194440.34 1.6577e-15 194931.11 3 
195354.92 1.6692e-15 195848.00 3 
196269.52 1.6845e-15 196764.91 3 
197184.21 1.6309e-15 197681.91 3 
198098.80 1.6732e-15 198598.80 3 
199013.39 1.6108e-15 199515.70 3 
199927.99 1.5875e-15 200432.61 3 
200842.68 1.6113e-15 201349.61 3 
201757.26 1.6341e-15 202266.50 3 
202671.86 1.5890e-15 203183.41 3 
203586.55 1.5639e-15 204100.41 3 
205034.90 1.4933e-15 205552.41 3 
206785.46 1.6243e-15 207307.39 3 
208537.04 1.5859e-15 209063.39 3 
210289.64 1.5204e-15 210820.41 3 
212043.10 1.6565e-15 212578.30 3 
213797.47 1.6430e-15 214337.09 3 
215552.84 1.5459e-15 216096.89 3 
217309.12 1.6073e-15 217857.61 3 
219066.37 1.6787e-15 219619.30 3 
220824.64 1.6235e-15 221382.00 3 
222583.79 1.6051e-15 223145.59 3 
224343.96 1.6200e-15 224910.20 3 
226105.01 1.6710e-15 226675.70 3 
227867.05 1.6522e-15 228442.19 3 
229630.10 1.5947e-15 230209.69 3 
231394.06 1.6370e-15 231978.09 3 
233159.01 1.6708e-15 233747.50 3 
234924.96 1.6879e-15 235517.91 3 
236691.79 1.6528e-15 237289.20 3 
238459.74 1.6568e-15 239061.61 3 
240228.48 1.6690e-15 240834.81 3 
241998.29 1.6846e-15 242609.09 3 
243769.13 1.6528e-15 244384.41 3 
245540.86 1.6122e-15 246160.61 3 
247313.58 1.6390e-15 247937.80 3 
249087.30 1.6506e-15 249716.00 3 
250861.92 1.7117e-15 251495.09 3 
252637.64 1.6942e-15 253275.30 3 
254414.26 1.6665e-15 255056.41 3 
256191.98 1.6953e-15 256838.61 3 
257970.57 1.7623e-15 258621.69 3 
259750.20 1.8085e-15 260405.81 3 
261530.80 1.7159e-15 262190.91 3 
263312.40 1.6613e-15 263977.00 3 
265094.99 1.6473e-15 265764.09 3 
266878.62 1.6688e-15 267552.22 3 
268663.21 1.6634e-15 269341.31 3 
270448.79 1.6829e-15 271131.41 3 
272235.38 1.6788e-15 272922.50 3 
274022.96 1.6596e-15 274714.59 3 
275811.66 1.6494e-15 276507.81 3 
277601.24 1.6704e-15 278301.91 3 
279391.82 1.7188e-15 280097.00 3 
281183.48 1.8615e-15 281893.19 3 
282976.17 1.8022e-15 283690.41 3 
284769.74 1.6938e-15 285488.50 3 
286564.40 1.6531e-15 287287.69 3 
288360.09 1.6496e-15 289087.91 3 
290156.86 1.6954e-15 290889.22 3 
291954.61 1.7189e-15 292691.50 3 
293753.29 1.6806e-15 294494.72 3 
295553.12 1.7058e-15 296299.09 3 
297353.89 1.7179e-15 298104.41 3 
299155.71 1.7156e-15 299910.78 3 
300958.57 1.7034e-15 301718.19 3 
302762.42 1.7692e-15 303526.59 3 
304567.37 1.7342e-15 305336.09 3 
306373.31 1.7545e-15 307146.59 3 
308180.25 1.7504e-15 308958.09 3 
309988.28 1.7560e-15 310770.69 3 
311797.43 1.7838e-15 312584.41 3 
313607.55 1.7239e-15 314399.09 3 
315418.70 1.7546e-15 316214.81 3 
317230.81 1.8111e-15 318031.50 3 
319044.14 1.7542e-15 319849.41 3 
320858.37 1.8129e-15 321668.22 3 
322673.76 1.9008e-15 323488.19 3 
324490.08 1.8291e-15 325309.09 3 
326307.59 1.8799e-15 327131.19 3 
328126.12 1.8809e-15 328954.31 3 
329945.59 1.9016e-15 330778.38 3 
331766.22 2.0448e-15 332603.59 3 
333587.93 2.8950e-15 334429.91 3 
335410.70 2.9767e-15 336257.28 3 
337234.54 2.0278e-15 338085.72 3 
339059.40 1.9502e-15 339915.19 3 
340885.29 1.8976e-15 341745.69 3 
342712.31 1.8632e-15 343577.31 3 
344540.50 1.9060e-15 345410.12 3 
346369.58 3.0682e-15 347243.81 3 
348199.86 4.0518e-15 349078.72 3 
