# An Atlas of Galaxy Spectral Energy Distributions from the Ultraviolet to the Mid-Infrared
# Brown et al. (2014)
# http://dx.doi.org/10.5072/03/529D3551F0117
# 
# Column 1 : Restframe Wavelength (Angstrom)
# Column 2 : Flux per unit wavelength (ergs/s/cm^2/Angstrom)
# Column 3 : Observed wavelength (Angstrom)
# Column 4 : Source (0 = model, 1 = Optical Spectrum, 2 = Akari, 3 = Spitzer IRS)
# 
   102.05 1.4712e-21    102.33 0 
   103.95 1.8650e-21    104.23 0 
   105.88 2.4248e-21    106.17 0 
   108.10 3.1966e-21    108.39 0 
   110.11 5.0082e-21    110.41 0 
   113.98 7.8647e-21    114.29 0 
   117.98 1.1553e-20    118.30 0 
   121.01 3.9782e-20    121.34 0 
   124.97 5.6193e-20    125.31 0 
   127.00 6.5416e-20    127.35 0 
   127.88 7.1233e-20    128.23 0 
   130.86 8.7636e-20    131.22 0 
   132.07 1.0368e-19    132.43 0 
   133.91 1.1795e-19    134.28 0 
   137.03 1.5874e-19    137.40 0 
   139.90 1.9129e-19    140.28 0 
   143.16 4.4125e-19    143.55 0 
   146.83 9.8329e-19    147.23 0 
   150.95 1.2014e-18    151.36 0 
   155.17 1.4712e-18    155.60 0 
   159.15 1.7893e-18    159.59 0 
   162.11 2.0639e-18    162.55 0 
   165.89 2.4985e-18    166.34 0 
   170.15 2.9627e-18    170.61 0 
   172.91 3.3627e-18    173.38 0 
   176.94 3.9508e-18    177.42 0 
   179.81 4.4328e-18    180.30 0 
   181.89 4.7938e-18    182.39 0 
   186.13 5.5550e-18    186.64 0 
   190.91 6.6326e-18    191.43 0 
   194.01 7.3907e-18    194.54 0 
   198.07 8.4078e-18    198.61 0 
   202.22 9.5870e-18    202.77 0 
   205.03 1.0536e-17    205.59 0 
   209.81 1.1767e-17    210.38 0 
   216.18 1.4511e-17    216.77 0 
   220.20 1.6244e-17    220.80 0 
   222.75 1.7445e-17    223.36 0 
   226.89 1.9484e-17    227.51 0 
   230.05 3.0668e-17    230.67 0 
   233.79 5.4788e-17    234.42 0 
   239.78 7.3061e-17    240.44 0 
   245.93 7.5977e-17    246.60 0 
   252.24 8.6036e-17    252.93 0 
   256.93 7.7390e-17    257.63 0 
   259.91 9.2402e-17    260.62 0 
   264.13 1.0085e-16    264.85 0 
   269.04 1.0658e-16    269.77 0 
   274.04 1.1212e-16    274.79 0 
   279.14 1.1767e-16    279.90 0 
   283.67 1.2379e-16    284.45 0 
   290.28 1.2493e-16    291.07 0 
   295.68 1.3449e-16    296.48 0 
   301.18 1.3794e-16    302.00 0 
   308.19 1.4780e-16    309.03 0 
   318.29 1.6244e-16    319.15 0 
   327.96 1.7365e-16    328.85 0 
   337.92 1.8394e-16    338.84 0 
   348.19 1.9350e-16    349.14 0 
   357.12 2.0262e-16    358.10 0 
   366.29 2.1217e-16    367.28 0 
   374.82 2.2013e-16    375.84 0 
   385.32 2.2217e-16    386.37 0 
   395.20 2.3642e-16    396.28 0 
   405.34 2.4529e-16    406.44 0 
   413.83 2.5101e-16    414.95 0 
   421.52 2.5508e-16    422.67 0 
   430.35 2.5923e-16    431.52 0 
   441.39 2.6711e-16    442.59 0 
   450.63 2.7082e-16    451.86 0 
   460.07 2.7459e-16    461.32 0 
   469.70 2.7905e-16    470.98 0 
   479.53 2.8424e-16    480.84 0 
   489.58 2.8555e-16    490.91 0 
   499.83 2.9153e-16    501.19 0 
   505.61 2.9220e-16    506.99 0 
   511.47 3.0809e-16    512.86 0 
   519.78 3.1094e-16    521.19 0 
   529.44 3.1166e-16    530.88 0 
   540.53 3.0952e-16    542.00 0 
   550.58 3.1382e-16    552.08 0 
   559.53 3.2560e-16    561.05 0 
   569.93 3.3395e-16    571.48 0 
   580.52 3.3318e-16    582.10 0 
   589.96 3.4252e-16    591.56 0 
   599.54 3.3860e-16    601.17 0 
   610.69 3.2039e-16    612.35 0 
   620.61 3.6198e-16    622.30 0 
   630.70 3.6449e-16    632.41 0 
   639.47 3.7384e-16    641.21 0 
   649.86 3.8079e-16    651.63 0 
   657.38 3.8079e-16    659.17 0 
   665.00 3.9508e-16    666.81 0 
   674.25 4.0521e-16    676.08 0 
   685.20 3.9690e-16    687.07 0 
   694.74 4.2824e-16    696.63 0 
   704.40 4.1370e-16    706.32 0 
   715.85 4.5675e-16    717.79 0 
   725.80 4.6847e-16    727.78 0 
   734.21 4.8160e-16    736.21 0 
   744.42 4.9509e-16    746.45 0 
   754.78 5.1013e-16    756.83 0 
   765.28 4.9509e-16    767.36 0 
   774.14 5.4536e-16    776.25 0 
   784.91 5.5295e-16    787.05 0 
   795.83 5.8168e-16    797.99 0 
   805.04 6.0490e-16    807.24 0 
   814.37 6.2616e-16    816.58 0 
   825.69 6.5718e-16    827.94 0 
   835.26 5.9523e-16    837.53 0 
   844.93 6.9292e-16    847.23 0 
   854.71 7.1069e-16    857.04 0 
   864.61 7.4935e-16    866.96 0 
   874.62 7.8286e-16    877.00 0 
   884.75 8.1975e-16    887.16 0 
   894.99 8.5248e-16    897.43 0 
   905.36 8.6633e-16    907.82 0 
   915.84 1.0440e-15    918.33 0 
   924.31 3.7212e-15    926.83 0 
   935.02 7.3060e-15    937.56 0 
   945.84 1.2933e-14    948.42 0 
   954.60 1.7607e-14    957.19 0 
   965.65 2.0497e-14    968.28 0 
   974.58 4.8717e-15    977.24 0 
   985.87 1.8953e-14    988.55 0 
   994.99 1.9439e-14    997.70 0 
  1004.20 2.6466e-14   1006.93 0 
  1015.83 2.5391e-14   1018.59 0 
  1025.23 1.1876e-14   1028.02 0 
  1034.71 1.9529e-14   1037.53 0 
  1044.29 3.4173e-14   1047.13 0 
  1053.95 3.3938e-14   1056.82 0 
  1066.15 2.8163e-14   1069.05 0 
  1076.02 3.2861e-14   1078.95 0 
  1085.97 2.7270e-14   1088.93 0 
  1096.02 3.4648e-14   1099.01 0 
  1106.16 3.3704e-14   1109.18 0 
  1113.83 3.3089e-14   1116.86 0 
  1124.14 3.0247e-14   1127.20 0 
  1134.54 3.7041e-14   1137.63 0 
  1145.04 3.4252e-14   1148.15 0 
  1155.63 3.6115e-14   1158.78 0 
  1166.32 3.7298e-14   1169.50 0 
  1174.41 2.7145e-14   1177.61 0 
  1185.28 3.6365e-14   1188.50 0 
  1196.24 2.7020e-14   1199.50 0 
  1204.54 2.1022e-14   1207.81 0 
  1215.68 1.3730e-14   1218.99 0 
  1224.11 2.6103e-14   1227.44 0 
  1235.43 3.7384e-14   1238.80 0 
  1244.00 4.0990e-14   1247.38 0 
  1255.51 3.9965e-14   1258.93 0 
  1264.21 3.5619e-14   1267.65 0 
  1275.91 4.4226e-14   1279.38 0 
  1284.75 4.6204e-14   1288.25 0 
  1293.66 3.8697e-14   1297.18 0 
  1305.63 3.8343e-14   1309.18 0 
  1314.68 4.6204e-14   1318.26 0 
  1323.79 4.4739e-14   1327.39 0 
  1336.04 4.0896e-14   1339.68 0 
  1345.30 4.6955e-14   1348.96 0 
  1354.63 4.5886e-14   1358.31 0 
  1364.02 4.2139e-14   1367.73 0 
  1373.47 4.3821e-14   1377.21 0 
  1386.18 4.4431e-14   1389.95 0 
  1395.79 3.8697e-14   1399.59 0 
  1405.46 3.9782e-14   1409.29 0 
  1415.21 4.2236e-14   1419.06 0 
  1425.02 4.2824e-14   1428.89 0 
  1434.89 4.3120e-14   1438.80 0 
  1441.52 4.5049e-14   1445.44 0 
  1448.17 4.5675e-14   1452.11 0 
  1454.85 4.4739e-14   1458.81 0 
  1464.94 4.2042e-14   1468.93 0 
  1475.09 4.2139e-14   1479.11 0 
  1485.32 4.2824e-14   1489.36 0 
  1495.61 4.3419e-14   1499.69 0 
  1505.98 4.1656e-14   1510.08 0 
  1512.93 3.8079e-14   1517.05 0 
  1516.42 4.0242e-14   1520.55 0 
  1523.42 3.9326e-14   1527.57 0 
  1533.98 3.4969e-14   1538.15 0 
  1544.61 3.7041e-14   1548.82 0 
  1555.32 3.5455e-14   1559.55 0 
  1566.10 3.6701e-14   1570.36 0 
  1573.33 3.9056e-14   1577.61 0 
  1584.23 4.0615e-14   1588.55 0 
  1595.22 4.1561e-14   1599.56 0 
  1606.27 4.0615e-14   1610.65 0 
  1613.69 4.0708e-14   1618.08 0 
  1624.87 3.9056e-14   1629.30 0 
  1636.14 4.1275e-14   1640.59 0 
  1643.69 4.1849e-14   1648.16 0 
  1655.08 3.9417e-14   1659.59 0 
  1666.55 4.2431e-14   1671.09 0 
  1670.40 3.8520e-14   1674.94 0 
  1678.11 4.3220e-14   1682.67 0 
  1685.85 4.4533e-14   1690.44 0 
  1693.63 4.2236e-14   1698.24 0 
  1705.37 4.0990e-14   1710.02 0 
  1713.24 3.9508e-14   1717.91 0 
  1725.12 3.9326e-14   1729.82 0 
  1733.08 4.1752e-14   1737.80 0 
  1745.10 4.0990e-14   1749.85 0 
  1753.15 4.3220e-14   1757.92 0 
  1765.30 4.0242e-14   1770.11 0 
  1773.45 4.1180e-14   1778.28 0 
  1785.75 4.1945e-14   1790.61 0 
  1793.99 4.4328e-14   1798.87 0 
  1806.42 4.4023e-14   1811.34 0 
  1814.76 4.1465e-14   1819.70 0 
  1823.14 4.2139e-14   1828.10 0 
  1835.78 4.0896e-14   1840.77 0 
  1844.25 3.7991e-14   1849.27 0 
  1857.03 3.8520e-14   1862.09 0 
  1865.60 3.9782e-14   1870.68 0 
  1874.21 4.2042e-14   1879.32 0 
  1882.87 3.9417e-14   1887.99 0 
  1895.92 3.8431e-14   1901.08 0 
  1904.67 4.0242e-14   1909.85 0 
  1913.46 3.9236e-14   1918.67 0 
  1926.72 3.8255e-14   1931.97 0 
  1935.62 3.8697e-14   1940.89 0 
  1944.55 4.1275e-14   1949.84 0 
  1953.53 3.9056e-14   1958.84 0 
  1967.07 4.2333e-14   1972.42 0 
  1976.15 4.3120e-14   1981.53 0 
  1985.27 4.1465e-14   1990.67 0 
  1994.43 4.0615e-14   1999.86 0 
  2003.64 4.1370e-14   2009.09 0 
  2012.89 4.0615e-14   2018.37 0 
  2026.84 4.1465e-14   2032.36 0 
  2036.20 4.0521e-14   2041.74 0 
  2045.59 4.1945e-14   2051.16 0 
  2055.04 3.9508e-14   2060.63 0 
  2064.52 4.0057e-14   2070.14 0 
  2074.05 4.3319e-14   2079.70 0 
  2078.83 4.4023e-14   2084.49 0 
  2083.62 4.6098e-14   2089.30 0 
  2093.24 4.3821e-14   2098.94 0 
  2102.90 4.3821e-14   2108.63 0 
  2112.61 4.4842e-14   2118.36 0 
  2127.25 4.4636e-14   2133.04 0 
  2137.07 4.2042e-14   2142.89 0 
  2146.94 4.4328e-14   2152.78 0 
  2156.85 4.5466e-14   2162.72 0 
  2166.80 4.3419e-14   2172.70 0 
  2176.80 4.3419e-14   2182.73 0 
  2186.85 4.4533e-14   2192.81 0 
  2196.95 4.6098e-14   2202.93 0 
  2207.09 4.4945e-14   2213.09 0 
  2217.27 4.1752e-14   2223.31 0 
  2227.51 4.1849e-14   2233.57 0 
  2232.64 4.5992e-14   2238.72 0 
  2242.95 4.4226e-14   2249.05 0 
  2253.30 4.0990e-14   2259.44 0 
  2263.70 4.1180e-14   2269.86 0 
  2274.15 4.2725e-14   2280.34 0 
  2284.65 4.5675e-14   2290.87 0 
  2295.19 4.2235e-14   2301.44 0 
  2305.79 4.4220e-14   2312.07 0 
  2316.43 4.1836e-14   2322.74 0 
  2327.12 3.4633e-14   2333.46 0 
  2332.49 3.7537e-14   2338.84 0 
  2343.25 3.4706e-14   2349.63 0 
  2354.07 4.0396e-14   2360.48 0 
  2364.94 3.5017e-14   2371.37 0 
  2375.85 3.7258e-14   2382.32 0 
  2386.82 3.2746e-14   2393.32 0 
  2392.32 3.5247e-14   2398.83 0 
  2403.36 3.4361e-14   2409.91 0 
  2414.46 3.5727e-14   2421.03 0 
  2425.60 4.1109e-14   2432.20 0 
  2436.80 4.0167e-14   2443.43 0 
  2442.41 4.3235e-14   2449.06 0 
  2453.69 4.3528e-14   2460.37 0 
  2465.01 4.1851e-14   2471.72 0 
  2476.39 3.9687e-14   2483.13 0 
  2487.82 3.6947e-14   2494.60 0 
  2493.56 3.5855e-14   2500.35 0 
  2505.07 4.3200e-14   2511.89 0 
  2510.84 3.4076e-14   2517.68 0 
  2516.63 3.3451e-14   2523.48 0 
  2522.43 3.3066e-14   2529.30 0 
  2534.07 3.6084e-14   2540.97 0 
  2545.77 3.6329e-14   2552.70 0 
  2557.52 4.3469e-14   2564.48 0 
  2563.42 3.9641e-14   2570.40 0 
  2575.25 4.3559e-14   2582.26 0 
  2587.14 4.1977e-14   2594.18 0 
  2593.10 4.0363e-14   2600.16 0 
  2605.07 3.8099e-14   2612.16 0 
  2617.09 3.6799e-14   2624.22 0 
  2623.13 4.1002e-14   2630.27 0 
  2635.24 4.9288e-14   2642.41 0 
  2647.40 5.8166e-14   2654.61 0 
  2653.50 6.7551e-14   2660.72 0 
  2665.75 5.3157e-14   2673.01 0 
  2678.05 5.7477e-14   2685.34 0 
  2684.23 6.1159e-14   2691.54 0 
  2696.62 5.2286e-14   2703.96 0 
  2702.84 5.7856e-14   2710.19 0 
  2715.31 4.9463e-14   2722.70 0 
  2727.84 4.6154e-14   2735.27 0 
  2734.13 5.1307e-14   2741.57 0 
  2746.75 3.8824e-14   2754.23 0 
  2753.08 4.3558e-14   2760.58 0 
  2765.79 4.9203e-14   2773.32 0 
  2772.17 5.1875e-14   2779.71 0 
  2784.96 4.1580e-14   2792.54 0 
  2797.82 2.9431e-14   2805.43 0 
  2804.27 3.2046e-14   2811.90 0 
  2817.21 4.9283e-14   2824.88 0 
  2823.71 5.9657e-14   2831.39 0 
  2836.74 5.7489e-14   2844.46 0 
  2843.28 5.0298e-14   2851.02 0 
  2856.40 4.0595e-14   2864.18 0 
  2862.99 5.8944e-14   2870.78 0 
  2876.20 6.7199e-14   2884.03 0 
  2882.83 6.3580e-14   2890.68 0 
  2896.14 6.9542e-14   2904.02 0 
  2909.51 8.4561e-14   2917.43 0 
  2929.67 7.7456e-14   2937.65 0 
  2949.98 7.4120e-14   2958.01 0 
  2970.43 7.7058e-14   2978.52 0 
  2991.02 7.7930e-14   2999.16 0 
  3011.75 7.9357e-14   3019.95 0 
  3032.63 8.1745e-14   3040.89 0 
  3046.63 8.4408e-14   3054.92 0 
  3067.75 8.8361e-14   3076.10 0 
  3089.01 8.7931e-14   3097.42 0 
  3110.42 9.5064e-14   3118.89 0 
  3131.98 9.0760e-14   3140.51 0 
  3146.44 9.0534e-14   3155.01 0 
  3168.25 9.6535e-14   3176.87 0 
  3190.21 8.7208e-14   3198.90 0 
  3212.32 9.4500e-14   3221.07 0 
  3227.15 8.4013e-14   3235.94 0 
  3249.52 1.0549e-13   3258.37 0 
  3272.05 1.1806e-13   3280.95 0 
  3287.15 1.1641e-13   3296.10 0 
  3309.93 1.1243e-13   3318.94 0 
  3325.21 1.0834e-13   3334.26 0 
  3332.88 1.1422e-13   3341.95 0 
  3340.56 1.0297e-13   3349.66 0 
  3348.26 1.2293e-13   3357.38 0 
  3355.98 1.1820e-13   3365.12 0 
  3363.72 8.6210e-14   3372.87 0 
  3371.47 9.6054e-14   3380.65 0 
  3379.24 1.1898e-13   3388.44 0 
  3387.03 1.1361e-13   3396.25 0 
  3394.84 1.1282e-13   3404.08 0 
  3402.67 1.3162e-13   3411.93 0 
  3410.51 1.1023e-13   3419.79 0 
  3418.37 1.0526e-13   3427.68 0 
  3426.25 1.1593e-13   3435.58 0 
  3434.15 1.2857e-13   3443.50 0 
  3442.07 1.0474e-13   3451.44 0 
  3450.00 1.1196e-13   3459.39 0 
  3457.96 1.1722e-13   3467.37 0 
  3465.93 1.0665e-13   3475.36 0 
  3473.92 1.2500e-13   3483.37 0 
  3481.93 1.1063e-13   3491.40 0 
  3489.95 1.2129e-13   3499.45 0 
  3498.00 1.1061e-13   3507.52 0 
  3506.06 1.3054e-13   3515.60 0 
  3514.14 1.1394e-13   3523.71 0 
  3522.24 1.2813e-13   3531.83 0 
  3530.36 1.0879e-13   3539.97 0 
  3538.50 1.2988e-13   3548.13 0 
  3546.66 1.3351e-13   3556.31 0 
  3554.84 1.3319e-13   3564.51 0 
  3563.03 1.2514e-13   3572.73 0 
  3571.24 1.0626e-13   3580.96 0 
  3579.48 1.1437e-13   3589.22 0 
  3587.73 9.2527e-14   3597.49 0 
  3596.00 1.2056e-13   3605.79 0 
  3604.29 1.3402e-13   3614.10 0 
  3612.60 1.0620e-13   3622.43 0 
  3620.92 1.1997e-13   3630.78 0 
  3621.93 1.2813e-13   3631.79 1 
  3624.67 1.1838e-13   3634.54 1 
  3627.42 1.1377e-13   3637.29 1 
  3630.16 1.2548e-13   3640.04 1 
  3632.90 1.2372e-13   3642.79 1 
  3635.64 1.3198e-13   3645.54 1 
  3638.39 1.3156e-13   3648.29 1 
  3641.13 1.2889e-13   3651.04 1 
  3643.87 1.3455e-13   3653.79 1 
  3646.61 1.4063e-13   3656.54 1 
  3649.36 1.4846e-13   3659.29 1 
  3652.10 1.4995e-13   3662.04 1 
  3654.84 1.5043e-13   3664.79 1 
  3657.58 1.4151e-13   3667.54 1 
  3660.33 1.4115e-13   3670.29 1 
  3663.07 1.3812e-13   3673.04 1 
  3665.81 1.3918e-13   3675.79 1 
  3668.55 1.4269e-13   3678.54 1 
  3671.30 1.3093e-13   3681.29 1 
  3674.04 1.3265e-13   3684.04 1 
  3676.78 1.3168e-13   3686.79 1 
  3679.52 1.3410e-13   3689.54 1 
  3682.27 1.3358e-13   3692.29 1 
  3685.01 1.4004e-13   3695.04 1 
  3687.75 1.4348e-13   3697.79 1 
  3690.49 1.4252e-13   3700.54 1 
  3693.24 1.3950e-13   3703.29 1 
  3695.98 1.4259e-13   3706.04 1 
  3698.72 1.4157e-13   3708.79 1 
  3701.46 1.3338e-13   3711.54 1 
  3704.21 1.3992e-13   3714.29 1 
  3706.95 1.4596e-13   3717.04 1 
  3709.69 1.4000e-13   3719.79 1 
  3712.43 1.4508e-13   3722.54 1 
  3715.18 1.6234e-13   3725.29 1 
  3717.92 1.8776e-13   3728.04 1 
  3720.66 1.8647e-13   3730.79 1 
  3723.40 1.5674e-13   3733.54 1 
  3726.15 1.4052e-13   3736.29 1 
  3728.89 1.2501e-13   3739.04 1 
  3731.63 1.3054e-13   3741.79 1 
  3734.38 1.2987e-13   3744.54 1 
  3737.12 1.2466e-13   3747.29 1 
  3739.86 1.1489e-13   3750.04 1 
  3742.60 1.2315e-13   3752.79 1 
  3745.35 1.3112e-13   3755.54 1 
  3748.09 1.3856e-13   3758.29 1 
  3750.83 1.3925e-13   3761.04 1 
  3753.57 1.3620e-13   3763.79 1 
  3756.32 1.4034e-13   3766.54 1 
  3759.06 1.3846e-13   3769.29 1 
  3761.80 1.4213e-13   3772.04 1 
  3764.54 1.5562e-13   3774.79 1 
  3767.29 1.6173e-13   3777.54 1 
  3770.03 1.7054e-13   3780.29 1 
  3772.77 1.7535e-13   3783.04 1 
  3775.51 1.7420e-13   3785.79 1 
  3778.26 1.6786e-13   3788.54 1 
  3781.00 1.5306e-13   3791.29 1 
  3783.74 1.4720e-13   3794.04 1 
  3786.48 1.4049e-13   3796.79 1 
  3789.23 1.4115e-13   3799.54 1 
  3791.97 1.4401e-13   3802.29 1 
  3794.71 1.5457e-13   3805.04 1 
  3797.45 1.6349e-13   3807.79 1 
  3800.20 1.6550e-13   3810.54 1 
  3802.94 1.6192e-13   3813.29 1 
  3805.68 1.5198e-13   3816.04 1 
  3808.42 1.4613e-13   3818.79 1 
  3811.17 1.4189e-13   3821.54 1 
  3813.91 1.3258e-13   3824.29 1 
  3816.65 1.2855e-13   3827.04 1 
  3819.39 1.2062e-13   3829.79 1 
  3822.14 1.1082e-13   3832.54 1 
  3824.88 1.0827e-13   3835.29 1 
  3827.62 1.1158e-13   3838.04 1 
  3830.36 1.1773e-13   3840.79 1 
  3833.11 1.3322e-13   3843.54 1 
  3835.85 1.4500e-13   3846.29 1 
  3838.59 1.4534e-13   3849.04 1 
  3841.33 1.5441e-13   3851.79 1 
  3844.08 1.5222e-13   3854.54 1 
  3846.82 1.5047e-13   3857.29 1 
  3849.56 1.5409e-13   3860.04 1 
  3852.30 1.5626e-13   3862.79 1 
  3855.05 1.6364e-13   3865.54 1 
  3857.79 1.6199e-13   3868.29 1 
  3860.53 1.6156e-13   3871.04 1 
  3863.27 1.6163e-13   3873.79 1 
  3866.02 1.5333e-13   3876.54 1 
  3868.76 1.5285e-13   3879.29 1 
  3871.50 1.4873e-13   3882.04 1 
  3874.24 1.4249e-13   3884.79 1 
  3876.99 1.4004e-13   3887.54 1 
  3879.73 1.4677e-13   3890.29 1 
  3882.47 1.5165e-13   3893.04 1 
  3885.21 1.5811e-13   3895.79 1 
  3887.96 1.6418e-13   3898.54 1 
  3890.70 1.7488e-13   3901.29 1 
  3893.44 1.7445e-13   3904.04 1 
  3896.18 1.8270e-13   3906.79 1 
  3898.93 1.8631e-13   3909.54 1 
  3901.67 1.8942e-13   3912.29 1 
  3904.41 1.9200e-13   3915.04 1 
  3907.15 1.8553e-13   3917.79 1 
  3909.90 1.8208e-13   3920.54 1 
  3912.64 1.6441e-13   3923.29 1 
  3915.38 1.5128e-13   3926.04 1 
  3918.12 1.3508e-13   3928.79 1 
  3920.87 1.0985e-13   3931.54 1 
  3923.61 1.0071e-13   3934.29 1 
  3926.35 9.9872e-14   3937.04 1 
  3929.10 1.2073e-13   3939.79 1 
  3931.84 1.3807e-13   3942.54 1 
  3934.58 1.5413e-13   3945.29 1 
  3937.32 1.7080e-13   3948.04 1 
  3940.07 1.7942e-13   3950.79 1 
  3942.81 1.8330e-13   3953.54 1 
  3945.55 1.7563e-13   3956.29 1 
  3948.29 1.6788e-13   3959.04 1 
  3951.04 1.5077e-13   3961.79 1 
  3953.78 1.3055e-13   3964.54 1 
  3956.52 1.1015e-13   3967.29 1 
  3959.26 1.0164e-13   3970.04 1 
  3962.01 1.0806e-13   3972.79 1 
  3964.75 1.3333e-13   3975.54 1 
  3967.49 1.5834e-13   3978.29 1 
  3970.23 1.8189e-13   3981.04 1 
  3972.98 1.9779e-13   3983.79 1 
  3975.72 2.0718e-13   3986.54 1 
  3978.46 2.0992e-13   3989.29 1 
  3981.20 2.1777e-13   3992.04 1 
  3983.95 2.1855e-13   3994.79 1 
  3986.69 2.1952e-13   3997.54 1 
  3989.43 2.2577e-13   4000.29 1 
  3992.17 2.2882e-13   4003.04 1 
  3994.92 2.2606e-13   4005.79 1 
  3997.66 2.2721e-13   4008.54 1 
  4000.40 2.3186e-13   4011.29 1 
  4003.14 2.3938e-13   4014.04 1 
  4005.89 2.4311e-13   4016.79 1 
  4008.63 2.4249e-13   4019.54 1 
  4011.37 2.3709e-13   4022.29 1 
  4014.11 2.4356e-13   4025.04 1 
  4016.86 2.4072e-13   4027.79 1 
  4019.60 2.3409e-13   4030.54 1 
  4022.34 2.3046e-13   4033.29 1 
  4025.08 2.3038e-13   4036.04 1 
  4027.83 2.3884e-13   4038.79 1 
  4030.57 2.3819e-13   4041.54 1 
  4033.31 2.3207e-13   4044.29 1 
  4036.05 2.3410e-13   4047.04 1 
  4038.80 2.3617e-13   4049.79 1 
  4041.54 2.3616e-13   4052.54 1 
  4044.28 2.3596e-13   4055.29 1 
  4047.02 2.2641e-13   4058.04 1 
  4049.77 2.2771e-13   4060.79 1 
  4052.51 2.3039e-13   4063.54 1 
  4055.25 2.3311e-13   4066.29 1 
  4057.99 2.3426e-13   4069.04 1 
  4060.74 2.3124e-13   4071.79 1 
  4063.48 2.3493e-13   4074.54 1 
  4066.22 2.2958e-13   4077.29 1 
  4068.96 2.3314e-13   4080.04 1 
  4071.71 2.4122e-13   4082.79 1 
  4074.45 2.5181e-13   4085.54 1 
  4077.19 2.5103e-13   4088.29 1 
  4079.93 2.4719e-13   4091.04 1 
  4082.68 2.3892e-13   4093.79 1 
  4085.42 2.2985e-13   4096.54 1 
  4088.16 2.1677e-13   4099.29 1 
  4090.90 2.0638e-13   4102.04 1 
  4093.65 2.0762e-13   4104.79 1 
  4096.39 2.1770e-13   4107.54 1 
  4099.13 2.2237e-13   4110.29 1 
  4101.87 2.3831e-13   4113.04 1 
  4104.62 2.3878e-13   4115.79 1 
  4107.36 2.4459e-13   4118.54 1 
  4110.10 2.4024e-13   4121.29 1 
  4112.84 2.4179e-13   4124.04 1 
  4115.59 2.4033e-13   4126.79 1 
  4118.33 2.4023e-13   4129.54 1 
  4121.07 2.4042e-13   4132.29 1 
  4123.82 2.4005e-13   4135.04 1 
  4126.56 2.4327e-13   4137.79 1 
  4129.30 2.4391e-13   4140.54 1 
  4132.04 2.3934e-13   4143.29 1 
  4134.79 2.3447e-13   4146.04 1 
  4137.53 2.3845e-13   4148.79 1 
  4140.27 2.3676e-13   4151.54 1 
  4143.01 2.3727e-13   4154.29 1 
  4145.76 2.3627e-13   4157.04 1 
  4148.50 2.3886e-13   4159.79 1 
  4151.24 2.4231e-13   4162.54 1 
  4153.98 2.4374e-13   4165.29 1 
  4156.73 2.4340e-13   4168.04 1 
  4159.47 2.3584e-13   4170.79 1 
  4162.21 2.2908e-13   4173.54 1 
  4164.95 2.2852e-13   4176.29 1 
  4167.70 2.2375e-13   4179.04 1 
  4170.44 2.2946e-13   4181.79 1 
  4173.18 2.3410e-13   4184.54 1 
  4175.92 2.3894e-13   4187.29 1 
  4178.67 2.4013e-13   4190.04 1 
  4181.41 2.3939e-13   4192.79 1 
  4184.15 2.3600e-13   4195.54 1 
  4186.89 2.3543e-13   4198.29 1 
  4189.64 2.3736e-13   4201.04 1 
  4192.38 2.3683e-13   4203.79 1 
  4195.12 2.4367e-13   4206.54 1 
  4197.86 2.5209e-13   4209.29 1 
  4200.61 2.5399e-13   4212.04 1 
  4203.35 2.4966e-13   4214.79 1 
  4206.09 2.5166e-13   4217.54 1 
  4208.83 2.5432e-13   4220.29 1 
  4211.58 2.4647e-13   4223.04 1 
  4214.32 2.3923e-13   4225.79 1 
  4217.06 2.3167e-13   4228.54 1 
  4219.80 2.3330e-13   4231.29 1 
  4222.55 2.4475e-13   4234.04 1 
  4225.29 2.4696e-13   4236.79 1 
  4228.03 2.5050e-13   4239.54 1 
  4230.77 2.5639e-13   4242.29 1 
  4233.52 2.5577e-13   4245.04 1 
  4236.26 2.5431e-13   4247.79 1 
  4239.00 2.5467e-13   4250.54 1 
  4241.74 2.4732e-13   4253.29 1 
  4244.49 2.5099e-13   4256.04 1 
  4247.23 2.5067e-13   4258.79 1 
  4249.97 2.5225e-13   4261.54 1 
  4252.71 2.5968e-13   4264.29 1 
  4255.46 2.5989e-13   4267.04 1 
  4258.20 2.5381e-13   4269.79 1 
  4260.94 2.4237e-13   4272.54 1 
  4263.68 2.3708e-13   4275.29 1 
  4266.43 2.4097e-13   4278.04 1 
  4269.17 2.4891e-13   4280.79 1 
  4271.91 2.5044e-13   4283.54 1 
  4274.65 2.5088e-13   4286.29 1 
  4277.40 2.4115e-13   4289.04 1 
  4280.14 2.3611e-13   4291.79 1 
  4282.88 2.3544e-13   4294.54 1 
  4285.62 2.3013e-13   4297.29 1 
  4288.37 2.1943e-13   4300.04 1 
  4291.11 2.0923e-13   4302.79 1 
  4293.85 2.0437e-13   4305.54 1 
  4296.59 2.0582e-13   4308.29 1 
  4299.34 2.0768e-13   4311.04 1 
  4302.08 2.2659e-13   4313.79 1 
  4304.82 2.4823e-13   4316.54 1 
  4307.56 2.6281e-13   4319.29 1 
  4310.31 2.6562e-13   4322.04 1 
  4313.05 2.6224e-13   4324.79 1 
  4315.79 2.5949e-13   4327.54 1 
  4318.53 2.6178e-13   4330.29 1 
  4321.28 2.6740e-13   4333.04 1 
  4324.02 2.6310e-13   4335.79 1 
  4326.76 2.5470e-13   4338.54 1 
  4329.51 2.4899e-13   4341.29 1 
  4332.25 2.4672e-13   4344.04 1 
  4334.99 2.5394e-13   4346.79 1 
  4337.73 2.6135e-13   4349.54 1 
  4340.48 2.6116e-13   4352.29 1 
  4343.22 2.6525e-13   4355.04 1 
  4345.96 2.7137e-13   4357.79 1 
  4348.70 2.7870e-13   4360.54 1 
  4351.45 2.8811e-13   4363.29 1 
  4354.19 2.8921e-13   4366.04 1 
  4356.93 2.9177e-13   4368.79 1 
  4359.67 2.8422e-13   4371.54 1 
  4362.42 2.7405e-13   4374.29 1 
  4365.16 2.7219e-13   4377.04 1 
  4367.90 2.6462e-13   4379.79 1 
  4370.64 2.5711e-13   4382.54 1 
  4373.39 2.4569e-13   4385.29 1 
  4376.13 2.4691e-13   4388.04 1 
  4378.87 2.5131e-13   4390.79 1 
  4381.61 2.5623e-13   4393.54 1 
  4384.36 2.6647e-13   4396.29 1 
  4387.10 2.7470e-13   4399.04 1 
  4389.84 2.7173e-13   4401.79 1 
  4392.58 2.6202e-13   4404.54 1 
  4395.33 2.5641e-13   4407.29 1 
  4398.07 2.7074e-13   4410.04 1 
  4400.81 2.7365e-13   4412.79 1 
  4403.55 2.8115e-13   4415.54 1 
  4406.30 2.7989e-13   4418.29 1 
  4409.04 2.8299e-13   4421.04 1 
  4411.78 2.8425e-13   4423.79 1 
  4414.52 2.8792e-13   4426.54 1 
  4417.27 2.8930e-13   4429.29 1 
  4420.01 2.8933e-13   4432.04 1 
  4422.75 2.8191e-13   4434.79 1 
  4425.49 2.8337e-13   4437.54 1 
  4428.24 2.9500e-13   4440.29 1 
  4430.98 2.9845e-13   4443.04 1 
  4433.72 3.0035e-13   4445.79 1 
  4436.46 3.0580e-13   4448.54 1 
  4439.21 3.0560e-13   4451.29 1 
  4441.95 3.0127e-13   4454.04 1 
  4444.69 2.9267e-13   4456.79 1 
  4447.43 2.8567e-13   4459.54 1 
  4450.18 2.8176e-13   4462.29 1 
  4452.92 2.8666e-13   4465.04 1 
  4455.66 2.9238e-13   4467.79 1 
  4458.40 3.0017e-13   4470.54 1 
  4461.15 3.1394e-13   4473.29 1 
  4463.89 3.1427e-13   4476.04 1 
  4466.63 3.1719e-13   4478.79 1 
  4469.37 3.1701e-13   4481.54 1 
  4472.12 3.1404e-13   4484.29 1 
  4474.86 3.1602e-13   4487.04 1 
  4477.60 3.1413e-13   4489.79 1 
  4480.34 3.1106e-13   4492.54 1 
  4483.09 3.0616e-13   4495.29 1 
  4485.83 3.0812e-13   4498.04 1 
  4488.57 3.1982e-13   4500.79 1 
  4491.31 3.3078e-13   4503.54 1 
  4494.06 3.3642e-13   4506.29 1 
  4496.80 3.4130e-13   4509.04 1 
  4499.54 3.3652e-13   4511.79 1 
  4502.28 3.3116e-13   4514.54 1 
  4505.03 3.3226e-13   4517.29 1 
  4507.77 3.2493e-13   4520.04 1 
  4510.51 3.2357e-13   4522.79 1 
  4513.25 3.1533e-13   4525.54 1 
  4516.00 3.0334e-13   4528.29 1 
  4518.74 2.9568e-13   4531.04 1 
  4521.48 2.9288e-13   4533.79 1 
  4524.23 2.9803e-13   4536.54 1 
  4526.97 3.1007e-13   4539.29 1 
  4529.71 3.1305e-13   4542.04 1 
  4532.45 3.2557e-13   4544.79 1 
  4535.20 3.1456e-13   4547.54 1 
  4537.94 3.1095e-13   4550.29 1 
  4540.68 3.1474e-13   4553.04 1 
  4543.42 3.1105e-13   4555.79 1 
  4546.17 3.1620e-13   4558.54 1 
  4548.91 3.3004e-13   4561.29 1 
  4551.65 3.3133e-13   4564.04 1 
  4554.39 3.3254e-13   4566.79 1 
  4557.14 3.3529e-13   4569.54 1 
  4559.88 3.3496e-13   4572.29 1 
  4562.62 3.3651e-13   4575.04 1 
  4565.36 3.3451e-13   4577.79 1 
  4568.11 3.2575e-13   4580.54 1 
  4570.85 3.2139e-13   4583.29 1 
  4573.59 3.1996e-13   4586.04 1 
  4576.33 3.2086e-13   4588.79 1 
  4579.08 3.2443e-13   4591.54 1 
  4581.82 3.3095e-13   4594.29 1 
  4584.56 3.2353e-13   4597.04 1 
  4587.30 3.2503e-13   4599.79 1 
  4590.05 3.2471e-13   4602.54 1 
  4592.79 3.2800e-13   4605.29 1 
  4595.53 3.3399e-13   4608.04 1 
  4598.27 3.3486e-13   4610.79 1 
  4601.02 3.4837e-13   4613.54 1 
  4603.76 3.4759e-13   4616.29 1 
  4606.50 3.4656e-13   4619.04 1 
  4609.24 3.5113e-13   4621.79 1 
  4611.99 3.5193e-13   4624.54 1 
  4614.73 3.5015e-13   4627.29 1 
  4617.47 3.4597e-13   4630.04 1 
  4620.21 3.4249e-13   4632.79 1 
  4622.96 3.4182e-13   4635.54 1 
  4625.70 3.3809e-13   4638.29 1 
  4628.44 3.3384e-13   4641.04 1 
  4631.18 3.2768e-13   4643.79 1 
  4633.93 3.2991e-13   4646.54 1 
  4636.67 3.2411e-13   4649.29 1 
  4639.41 3.2769e-13   4652.04 1 
  4642.15 3.2926e-13   4654.79 1 
  4644.90 3.2811e-13   4657.54 1 
  4647.64 3.3589e-13   4660.29 1 
  4650.38 3.3863e-13   4663.04 1 
  4653.12 3.3545e-13   4665.79 1 
  4655.87 3.2448e-13   4668.54 1 
  4658.61 3.2194e-13   4671.29 1 
  4661.35 3.2135e-13   4674.04 1 
  4664.09 3.2056e-13   4676.79 1 
  4666.84 3.3159e-13   4679.54 1 
  4669.58 3.2574e-13   4682.29 1 
  4672.32 3.2974e-13   4685.04 1 
  4675.06 3.2646e-13   4687.79 1 
  4677.81 3.3177e-13   4690.54 1 
  4680.55 3.2951e-13   4693.29 1 
  4683.29 3.3238e-13   4696.04 1 
  4686.03 3.3271e-13   4698.79 1 
  4688.78 3.2437e-13   4701.54 1 
  4691.52 3.2419e-13   4704.29 1 
  4694.26 3.2125e-13   4707.04 1 
  4697.00 3.2369e-13   4709.79 1 
  4699.75 3.2681e-13   4712.54 1 
  4702.49 3.2889e-13   4715.29 1 
  4705.23 3.3522e-13   4718.04 1 
  4707.97 3.3980e-13   4720.79 1 
  4710.72 3.4265e-13   4723.54 1 
  4713.46 3.4132e-13   4726.29 1 
  4716.20 3.3777e-13   4729.04 1 
  4718.95 3.3436e-13   4731.79 1 
  4721.69 3.2942e-13   4734.54 1 
  4724.43 3.3323e-13   4737.29 1 
  4727.17 3.3871e-13   4740.04 1 
  4729.92 3.4200e-13   4742.79 1 
  4732.66 3.4350e-13   4745.54 1 
  4735.40 3.4846e-13   4748.29 1 
  4738.14 3.4916e-13   4751.04 1 
  4740.89 3.4853e-13   4753.79 1 
  4743.63 3.4694e-13   4756.54 1 
  4746.37 3.4037e-13   4759.29 1 
  4749.11 3.3809e-13   4762.04 1 
  4751.86 3.3523e-13   4764.79 1 
  4754.60 3.2930e-13   4767.54 1 
  4757.34 3.3150e-13   4770.29 1 
  4760.08 3.3749e-13   4773.04 1 
  4762.83 3.4450e-13   4775.79 1 
  4765.57 3.5305e-13   4778.54 1 
  4768.31 3.5025e-13   4781.29 1 
  4771.05 3.4976e-13   4784.04 1 
  4773.80 3.4619e-13   4786.79 1 
  4776.54 3.4466e-13   4789.54 1 
  4779.28 3.4194e-13   4792.29 1 
  4782.02 3.5355e-13   4795.04 1 
  4784.77 3.5597e-13   4797.79 1 
  4787.51 3.5660e-13   4800.54 1 
  4790.25 3.5617e-13   4803.29 1 
  4792.99 3.5540e-13   4806.04 1 
  4795.74 3.4983e-13   4808.79 1 
  4798.48 3.5106e-13   4811.54 1 
  4801.22 3.5310e-13   4814.29 1 
  4803.96 3.5817e-13   4817.04 1 
  4806.71 3.6242e-13   4819.79 1 
  4809.45 3.6050e-13   4822.54 1 
  4812.19 3.6009e-13   4825.29 1 
  4814.93 3.5494e-13   4828.04 1 
  4817.68 3.5320e-13   4830.79 1 
  4820.42 3.5493e-13   4833.54 1 
  4823.16 3.5095e-13   4836.29 1 
  4825.90 3.5440e-13   4839.04 1 
  4828.65 3.4774e-13   4841.79 1 
  4831.39 3.4641e-13   4844.54 1 
  4834.13 3.4685e-13   4847.29 1 
  4836.87 3.4137e-13   4850.04 1 
  4839.62 3.4057e-13   4852.79 1 
  4842.36 3.3181e-13   4855.54 1 
  4845.10 3.2284e-13   4858.29 1 
  4847.84 3.2782e-13   4861.04 1 
  4850.59 3.3763e-13   4863.79 1 
  4853.33 3.3431e-13   4866.54 1 
  4856.07 3.2106e-13   4869.29 1 
  4858.81 3.1220e-13   4872.04 1 
  4861.56 3.0951e-13   4874.79 1 
  4864.30 3.1191e-13   4877.54 1 
  4867.04 3.1688e-13   4880.29 1 
  4869.78 3.2561e-13   4883.04 1 
  4872.53 3.2738e-13   4885.79 1 
  4875.27 3.2150e-13   4888.54 1 
  4878.01 3.2155e-13   4891.29 1 
  4880.75 3.2231e-13   4894.04 1 
  4883.50 3.3310e-13   4896.79 1 
  4886.24 3.4312e-13   4899.54 1 
  4888.98 3.4906e-13   4902.29 1 
  4891.72 3.4962e-13   4905.04 1 
  4894.47 3.4165e-13   4907.79 1 
  4897.21 3.3891e-13   4910.54 1 
  4899.95 3.3944e-13   4913.29 1 
  4902.69 3.3526e-13   4916.04 1 
  4905.44 3.3184e-13   4918.79 1 
  4908.18 3.2358e-13   4921.54 1 
  4910.92 3.2014e-13   4924.29 1 
  4913.67 3.2309e-13   4927.04 1 
  4916.41 3.3274e-13   4929.79 1 
  4919.15 3.3934e-13   4932.54 1 
  4921.89 3.4368e-13   4935.29 1 
  4924.64 3.4429e-13   4938.04 1 
  4927.38 3.3865e-13   4940.79 1 
  4930.12 3.3774e-13   4943.54 1 
  4932.86 3.4563e-13   4946.29 1 
  4935.61 3.5205e-13   4949.04 1 
  4938.35 3.6018e-13   4951.79 1 
  4941.09 3.6074e-13   4954.54 1 
  4943.83 3.5747e-13   4957.29 1 
  4946.58 3.5615e-13   4960.04 1 
  4949.32 3.5187e-13   4962.79 1 
  4952.06 3.5430e-13   4965.54 1 
  4954.80 3.5158e-13   4968.29 1 
  4957.55 3.4619e-13   4971.04 1 
  4960.29 3.4591e-13   4973.79 1 
  4963.03 3.4622e-13   4976.54 1 
  4965.77 3.4522e-13   4979.29 1 
  4968.52 3.4380e-13   4982.04 1 
  4971.26 3.3044e-13   4984.79 1 
  4974.00 3.3097e-13   4987.54 1 
  4976.74 3.3462e-13   4990.29 1 
  4979.49 3.3575e-13   4993.04 1 
  4982.23 3.4453e-13   4995.79 1 
  4984.97 3.4635e-13   4998.54 1 
  4987.71 3.4161e-13   5001.29 1 
  4990.46 3.3744e-13   5004.04 1 
  4993.20 3.3825e-13   5006.79 1 
  4995.94 3.4345e-13   5009.54 1 
  4998.68 3.4801e-13   5012.29 1 
  5001.43 3.3332e-13   5015.04 1 
  5004.17 3.1988e-13   5017.79 1 
  5006.91 3.1304e-13   5020.54 1 
  5009.65 3.1524e-13   5023.29 1 
  5012.40 3.1559e-13   5026.04 1 
  5015.14 3.2349e-13   5028.79 1 
  5017.88 3.2809e-13   5031.54 1 
  5020.62 3.3315e-13   5034.29 1 
  5023.37 3.3514e-13   5037.04 1 
  5026.11 3.3027e-13   5039.79 1 
  5028.85 3.2438e-13   5042.54 1 
  5031.59 3.2370e-13   5045.29 1 
  5034.34 3.2320e-13   5048.04 1 
  5037.08 3.3050e-13   5050.79 1 
  5039.82 3.3220e-13   5053.54 1 
  5042.56 3.3431e-13   5056.29 1 
  5045.31 3.4298e-13   5059.04 1 
  5048.05 3.4924e-13   5061.79 1 
  5050.79 3.4636e-13   5064.54 1 
  5053.53 3.4275e-13   5067.29 1 
  5056.28 3.4215e-13   5070.04 1 
  5059.02 3.3624e-13   5072.79 1 
  5061.76 3.3482e-13   5075.54 1 
  5064.50 3.3084e-13   5078.29 1 
  5067.25 3.3082e-13   5081.04 1 
  5069.99 3.2969e-13   5083.79 1 
  5072.73 3.2432e-13   5086.54 1 
  5075.47 3.3094e-13   5089.29 1 
  5078.22 3.3903e-13   5092.04 1 
  5080.96 3.4510e-13   5094.79 1 
  5083.70 3.4274e-13   5097.54 1 
  5086.44 3.3633e-13   5100.29 1 
  5089.19 3.3564e-13   5103.04 1 
  5091.93 3.2874e-13   5105.79 1 
  5094.67 3.3184e-13   5108.54 1 
  5097.41 3.3065e-13   5111.29 1 
  5100.16 3.3229e-13   5114.04 1 
  5102.90 3.3440e-13   5116.79 1 
  5105.64 3.4430e-13   5119.54 1 
  5108.39 3.4691e-13   5122.29 1 
  5111.13 3.4162e-13   5125.04 1 
  5113.87 3.3263e-13   5127.79 1 
  5116.61 3.2828e-13   5130.54 1 
  5119.36 3.2568e-13   5133.29 1 
  5122.10 3.2887e-13   5136.04 1 
  5124.84 3.3053e-13   5138.79 1 
  5127.58 3.3303e-13   5141.54 1 
  5130.33 3.3377e-13   5144.29 1 
  5133.07 3.3006e-13   5147.04 1 
  5135.81 3.2485e-13   5149.79 1 
  5138.55 3.2082e-13   5152.54 1 
  5141.30 3.1974e-13   5155.29 1 
  5144.04 3.2664e-13   5158.04 1 
  5146.78 3.3174e-13   5160.79 1 
  5149.52 3.3123e-13   5163.54 1 
  5152.27 3.2160e-13   5166.29 1 
  5155.01 3.0359e-13   5169.04 1 
  5157.75 2.8648e-13   5171.79 1 
  5160.49 2.7619e-13   5174.54 1 
  5163.24 2.7900e-13   5177.29 1 
  5165.98 2.8674e-13   5180.04 1 
  5168.72 2.9476e-13   5182.79 1 
  5171.46 2.9587e-13   5185.54 1 
  5174.21 2.9570e-13   5188.29 1 
  5176.95 2.9853e-13   5191.04 1 
  5179.69 3.1005e-13   5193.79 1 
  5182.43 3.2010e-13   5196.54 1 
  5185.18 3.2873e-13   5199.29 1 
  5187.92 3.3286e-13   5202.04 1 
  5190.66 3.3470e-13   5204.79 1 
  5193.40 3.3221e-13   5207.54 1 
  5196.15 3.2031e-13   5210.29 1 
  5198.89 3.2218e-13   5213.04 1 
  5201.63 3.2655e-13   5215.79 1 
  5204.37 3.3369e-13   5218.54 1 
  5207.12 3.4394e-13   5221.29 1 
  5209.86 3.4445e-13   5224.04 1 
  5212.60 3.4025e-13   5226.79 1 
  5215.34 3.3647e-13   5229.54 1 
  5218.09 3.3036e-13   5232.29 1 
  5220.83 3.3490e-13   5235.04 1 
  5223.57 3.3641e-13   5237.79 1 
  5226.31 3.4716e-13   5240.54 1 
  5229.06 3.5538e-13   5243.29 1 
  5231.80 3.6077e-13   5246.04 1 
  5234.54 3.6015e-13   5248.79 1 
  5237.28 3.5317e-13   5251.54 1 
  5240.03 3.5186e-13   5254.29 1 
  5242.77 3.5010e-13   5257.04 1 
  5245.51 3.4962e-13   5259.79 1 
  5248.25 3.4576e-13   5262.54 1 
  5251.00 3.3768e-13   5265.29 1 
  5253.74 3.2932e-13   5268.04 1 
  5256.48 3.1732e-13   5270.79 1 
  5259.22 3.1312e-13   5273.54 1 
  5261.97 3.2040e-13   5276.29 1 
  5264.71 3.3466e-13   5279.04 1 
  5267.45 3.4416e-13   5281.79 1 
  5270.19 3.5346e-13   5284.54 1 
  5272.94 3.5772e-13   5287.29 1 
  5275.68 3.6644e-13   5290.04 1 
  5278.42 3.6956e-13   5292.79 1 
  5281.16 3.7391e-13   5295.54 1 
  5283.91 3.7585e-13   5298.29 1 
  5286.65 3.6445e-13   5301.04 1 
  5289.39 3.6528e-13   5303.79 1 
  5292.13 3.7196e-13   5306.54 1 
  5294.88 3.7840e-13   5309.29 1 
  5297.62 3.8398e-13   5312.04 1 
  5300.36 3.8849e-13   5314.79 1 
  5303.10 3.8376e-13   5317.54 1 
  5305.85 3.8170e-13   5320.29 1 
  5308.59 3.7775e-13   5323.04 1 
  5311.33 3.6764e-13   5325.79 1 
  5314.08 3.6153e-13   5328.54 1 
  5316.82 3.5417e-13   5331.29 1 
  5319.56 3.4971e-13   5334.04 1 
  5322.30 3.5073e-13   5336.79 1 
  5325.05 3.6199e-13   5339.54 1 
  5327.79 3.7243e-13   5342.29 1 
  5330.53 3.6830e-13   5345.04 1 
  5333.27 3.6877e-13   5347.79 1 
  5336.02 3.6163e-13   5350.54 1 
  5338.76 3.7121e-13   5353.29 1 
  5341.50 3.7705e-13   5356.04 1 
  5344.24 3.8465e-13   5358.79 1 
  5346.99 3.9786e-13   5361.54 1 
  5349.73 4.0044e-13   5364.29 1 
  5352.47 3.7916e-13   5367.04 1 
  5355.21 3.7606e-13   5369.79 1 
  5357.96 3.6589e-13   5372.54 1 
  5360.70 3.6470e-13   5375.29 1 
  5363.44 3.6646e-13   5378.04 1 
  5366.18 3.7376e-13   5380.79 1 
  5368.93 3.7861e-13   5383.54 1 
  5371.67 3.7693e-13   5386.29 1 
  5374.41 3.8221e-13   5389.04 1 
  5377.15 3.7432e-13   5391.79 1 
  5379.90 3.6803e-13   5394.54 1 
  5382.64 3.6505e-13   5397.29 1 
  5385.38 3.6191e-13   5400.04 1 
  5388.12 3.5856e-13   5402.79 1 
  5390.87 3.5452e-13   5405.54 1 
  5393.61 3.5050e-13   5408.29 1 
  5396.35 3.4758e-13   5411.04 1 
  5399.09 3.5015e-13   5413.79 1 
  5401.84 3.5648e-13   5416.54 1 
  5404.58 3.6863e-13   5419.29 1 
  5407.32 3.7676e-13   5422.04 1 
  5410.06 3.7238e-13   5424.79 1 
  5412.81 3.7551e-13   5427.54 1 
  5415.55 3.7185e-13   5430.29 1 
  5418.29 3.7094e-13   5433.04 1 
  5421.03 3.6683e-13   5435.79 1 
  5423.78 3.6286e-13   5438.54 1 
  5426.52 3.6845e-13   5441.29 1 
  5429.26 3.7662e-13   5444.04 1 
  5432.00 3.7378e-13   5446.79 1 
  5434.75 3.6961e-13   5449.54 1 
  5437.49 3.6438e-13   5452.29 1 
  5440.23 3.6232e-13   5455.04 1 
  5442.97 3.6297e-13   5457.79 1 
  5445.72 3.6636e-13   5460.54 1 
  5448.46 3.6532e-13   5463.29 1 
  5451.20 3.7140e-13   5466.04 1 
  5453.94 3.6891e-13   5468.79 1 
  5456.69 3.6756e-13   5471.54 1 
  5459.43 3.6653e-13   5474.29 1 
  5462.17 3.6018e-13   5477.04 1 
  5464.91 3.5904e-13   5479.79 1 
  5467.66 3.5675e-13   5482.54 1 
  5470.40 3.6040e-13   5485.29 1 
  5473.14 3.5970e-13   5488.04 1 
  5475.88 3.6972e-13   5490.79 1 
  5478.63 3.6383e-13   5493.54 1 
  5481.37 3.6464e-13   5496.29 1 
  5484.11 3.7040e-13   5499.04 1 
  5486.85 3.7103e-13   5501.79 1 
  5489.60 3.6688e-13   5504.54 1 
  5492.34 3.6684e-13   5507.29 1 
  5495.08 3.6389e-13   5510.04 1 
  5497.82 3.6450e-13   5512.79 1 
  5500.57 3.6400e-13   5515.54 1 
  5503.31 3.6310e-13   5518.29 1 
  5506.05 3.6746e-13   5521.04 1 
  5508.80 3.7289e-13   5523.79 1 
  5511.54 3.7481e-13   5526.54 1 
  5514.28 3.7376e-13   5529.29 1 
  5517.02 3.7075e-13   5532.04 1 
  5519.77 3.6892e-13   5534.79 1 
  5522.51 3.6938e-13   5537.54 1 
  5525.25 3.7057e-13   5540.29 1 
  5527.99 3.7608e-13   5543.04 1 
  5530.74 3.7795e-13   5545.79 1 
  5533.48 3.8240e-13   5548.54 1 
  5536.22 3.7111e-13   5551.29 1 
  5538.96 3.8065e-13   5554.04 1 
  5541.71 3.7517e-13   5556.79 1 
  5544.45 3.8328e-13   5559.54 1 
  5547.19 3.7544e-13   5562.29 1 
  5549.93 3.6426e-13   5565.04 1 
  5552.68 3.6986e-13   5567.79 1 
  5555.42 3.6752e-13   5570.54 1 
  5558.16 3.6621e-13   5573.29 1 
  5560.90 3.6817e-13   5576.04 1 
  5563.65 3.7016e-13   5578.79 1 
  5566.39 3.7366e-13   5581.54 1 
  5569.13 3.6565e-13   5584.29 1 
  5571.87 3.6968e-13   5587.04 1 
  5574.62 3.6178e-13   5589.79 1 
  5577.36 3.5495e-13   5592.54 1 
  5580.10 3.5270e-13   5595.29 1 
  5582.84 3.5966e-13   5598.04 1 
  5585.59 3.5080e-13   5600.79 1 
  5588.33 3.5996e-13   5603.54 1 
  5591.07 3.6430e-13   5606.29 1 
  5593.81 3.6656e-13   5609.04 1 
  5596.56 3.7113e-13   5611.79 1 
  5599.30 3.7306e-13   5614.54 1 
  5602.04 3.7954e-13   5617.29 1 
  5604.78 3.6883e-13   5620.04 1 
  5607.53 3.6625e-13   5622.79 1 
  5610.27 3.6848e-13   5625.54 1 
  5613.01 3.6891e-13   5628.29 1 
  5615.75 3.6929e-13   5631.04 1 
  5618.50 3.7292e-13   5633.79 1 
  5621.24 3.7308e-13   5636.54 1 
  5623.98 3.7223e-13   5639.29 1 
  5626.72 3.7338e-13   5642.04 1 
  5629.47 3.7295e-13   5644.79 1 
  5632.21 3.7113e-13   5647.54 1 
  5634.95 3.7112e-13   5650.29 1 
  5637.69 3.7456e-13   5653.04 1 
  5640.44 3.7654e-13   5655.79 1 
  5643.18 3.7128e-13   5658.54 1 
  5645.92 3.6592e-13   5661.29 1 
  5648.66 3.5974e-13   5664.04 1 
  5651.41 3.6262e-13   5666.79 1 
  5654.15 3.6469e-13   5669.54 1 
  5656.89 3.6477e-13   5672.29 1 
  5659.63 3.7452e-13   5675.04 1 
  5662.38 3.7434e-13   5677.79 1 
  5665.12 3.7990e-13   5680.54 1 
  5667.86 3.7846e-13   5683.29 1 
  5670.60 3.7772e-13   5686.04 1 
  5673.35 3.7628e-13   5688.79 1 
  5676.09 3.7121e-13   5691.54 1 
  5678.83 3.7773e-13   5694.29 1 
  5681.57 3.7962e-13   5697.04 1 
  5684.32 3.7853e-13   5699.79 1 
  5687.06 3.7943e-13   5702.54 1 
  5689.80 3.7552e-13   5705.29 1 
  5692.54 3.6722e-13   5708.04 1 
  5695.29 3.7013e-13   5710.79 1 
  5698.03 3.6433e-13   5713.54 1 
  5700.77 3.6697e-13   5716.29 1 
  5703.52 3.6749e-13   5719.04 1 
  5706.26 3.7406e-13   5721.79 1 
  5709.00 3.8087e-13   5724.54 1 
  5711.74 3.9078e-13   5727.29 1 
  5714.49 3.8986e-13   5730.04 1 
  5717.23 3.9201e-13   5732.79 1 
  5719.97 3.8750e-13   5735.54 1 
  5722.71 3.9101e-13   5738.29 1 
  5725.46 3.8803e-13   5741.04 1 
  5728.20 3.8997e-13   5743.79 1 
  5730.94 3.9049e-13   5746.54 1 
  5733.68 3.9558e-13   5749.29 1 
  5736.43 3.8964e-13   5752.04 1 
  5739.17 3.8167e-13   5754.79 1 
  5741.91 3.8100e-13   5757.54 1 
  5744.65 3.8747e-13   5760.29 1 
  5747.40 3.7912e-13   5763.04 1 
  5750.14 3.8494e-13   5765.79 1 
  5752.88 3.8537e-13   5768.54 1 
  5755.62 3.8137e-13   5771.29 1 
  5758.37 3.9025e-13   5774.04 1 
  5761.11 3.8717e-13   5776.79 1 
  5763.85 3.8290e-13   5779.54 1 
  5766.59 3.8249e-13   5782.29 1 
  5769.34 3.7501e-13   5785.04 1 
  5772.08 3.6528e-13   5787.79 1 
  5774.82 3.6861e-13   5790.54 1 
  5777.56 3.7261e-13   5793.29 1 
  5780.31 3.7592e-13   5796.04 1 
  5783.05 3.8272e-13   5798.79 1 
  5785.79 3.8693e-13   5801.54 1 
  5788.53 3.8533e-13   5804.29 1 
  5791.28 3.9354e-13   5807.04 1 
  5794.02 3.9500e-13   5809.79 1 
  5796.76 3.9249e-13   5812.54 1 
  5799.50 3.9217e-13   5815.29 1 
  5802.25 3.9343e-13   5818.04 1 
  5804.99 3.8856e-13   5820.79 1 
  5807.73 3.9298e-13   5823.54 1 
  5810.47 3.9569e-13   5826.29 1 
  5813.22 4.0059e-13   5829.04 1 
  5815.96 3.9955e-13   5831.79 1 
  5818.70 3.9683e-13   5834.54 1 
  5821.44 3.9441e-13   5837.29 1 
  5824.19 3.9493e-13   5840.04 1 
  5826.93 3.9613e-13   5842.79 1 
  5829.67 3.9641e-13   5845.54 1 
  5832.41 3.9360e-13   5848.29 1 
  5835.16 3.9592e-13   5851.04 1 
  5837.90 3.8651e-13   5853.79 1 
  5840.64 3.8258e-13   5856.54 1 
  5843.38 3.7772e-13   5859.29 1 
  5846.13 3.7143e-13   5862.04 1 
  5848.87 3.7016e-13   5864.79 1 
  5851.61 3.7925e-13   5867.54 1 
  5854.35 3.8768e-13   5870.29 1 
  5857.10 3.8301e-13   5873.04 1 
  5859.84 3.8581e-13   5875.79 1 
  5862.58 3.6510e-13   5878.54 1 
  5865.32 3.5436e-13   5881.29 1 
  5868.07 3.5161e-13   5884.04 1 
  5870.81 3.4991e-13   5886.79 1 
  5873.55 3.3554e-13   5889.54 1 
  5876.29 3.1824e-13   5892.29 1 
  5879.04 2.9849e-13   5895.04 1 
  5881.78 2.8238e-13   5897.79 1 
  5884.52 2.8870e-13   5900.54 1 
  5887.26 3.0997e-13   5903.29 1 
  5890.01 3.2627e-13   5906.04 1 
  5892.75 3.5169e-13   5908.79 1 
  5895.49 3.6198e-13   5911.54 1 
  5898.24 3.6767e-13   5914.29 1 
  5900.98 3.7157e-13   5917.04 1 
  5903.72 3.7435e-13   5919.79 1 
  5906.46 3.7900e-13   5922.54 1 
  5909.21 3.7910e-13   5925.29 1 
  5911.95 3.7186e-13   5928.04 1 
  5914.69 3.7717e-13   5930.79 1 
  5917.43 3.7726e-13   5933.54 1 
  5920.18 3.7616e-13   5936.29 1 
  5922.92 3.7068e-13   5939.04 1 
  5925.66 3.7385e-13   5941.79 1 
  5928.40 3.7766e-13   5944.54 1 
  5931.15 3.7989e-13   5947.29 1 
  5933.89 3.7900e-13   5950.04 1 
  5936.63 3.8149e-13   5952.79 1 
  5939.37 3.8186e-13   5955.54 1 
  5942.12 3.7123e-13   5958.29 1 
  5944.86 3.7403e-13   5961.04 1 
  5947.60 3.7808e-13   5963.79 1 
  5950.34 3.7481e-13   5966.54 1 
  5953.09 3.7958e-13   5969.29 1 
  5955.83 3.8566e-13   5972.04 1 
  5958.57 3.8057e-13   5974.79 1 
  5961.31 3.7899e-13   5977.54 1 
  5964.06 3.8284e-13   5980.29 1 
  5966.80 3.8005e-13   5983.04 1 
  5969.54 3.7586e-13   5985.79 1 
  5972.28 3.7337e-13   5988.54 1 
  5975.03 3.7212e-13   5991.29 1 
  5977.77 3.7752e-13   5994.04 1 
  5980.51 3.7805e-13   5996.79 1 
  5983.25 3.8318e-13   5999.54 1 
  5986.00 3.8001e-13   6002.29 1 
  5988.74 3.7894e-13   6005.04 1 
  5991.48 3.8058e-13   6007.79 1 
  5994.22 3.7687e-13   6010.54 1 
  5996.97 3.7588e-13   6013.29 1 
  5999.71 3.7414e-13   6016.04 1 
  6002.45 3.7333e-13   6018.79 1 
  6005.19 3.7473e-13   6021.54 1 
  6007.94 3.7187e-13   6024.29 1 
  6010.68 3.7618e-13   6027.04 1 
  6013.42 3.7823e-13   6029.79 1 
  6016.16 3.8009e-13   6032.54 1 
  6018.91 3.7873e-13   6035.29 1 
  6021.65 3.8420e-13   6038.04 1 
  6024.39 3.8780e-13   6040.79 1 
  6027.13 3.9514e-13   6043.54 1 
  6029.88 3.9224e-13   6046.29 1 
  6032.62 3.9118e-13   6049.04 1 
  6035.36 3.9430e-13   6051.79 1 
  6038.10 3.9529e-13   6054.54 1 
  6040.85 3.9178e-13   6057.29 1 
  6043.59 3.8842e-13   6060.04 1 
  6046.33 3.8648e-13   6062.79 1 
  6049.07 3.8649e-13   6065.54 1 
  6051.82 3.8469e-13   6068.29 1 
  6054.56 3.8858e-13   6071.04 1 
  6057.30 3.9097e-13   6073.79 1 
  6060.04 3.9246e-13   6076.54 1 
  6062.79 3.9347e-13   6079.29 1 
  6065.53 3.9099e-13   6082.04 1 
  6068.27 3.8904e-13   6084.79 1 
  6071.01 3.8481e-13   6087.54 1 
  6073.76 3.8130e-13   6090.29 1 
  6076.50 3.7972e-13   6093.04 1 
  6079.24 3.7771e-13   6095.79 1 
  6081.98 3.7971e-13   6098.54 1 
  6084.73 3.8686e-13   6101.29 1 
  6087.47 3.8549e-13   6104.04 1 
  6090.21 3.8773e-13   6106.79 1 
  6092.96 3.9319e-13   6109.54 1 
  6095.70 3.8649e-13   6112.29 1 
  6098.44 3.8460e-13   6115.04 1 
  6101.18 3.8399e-13   6117.79 1 
  6103.93 3.8621e-13   6120.54 1 
  6106.67 3.8287e-13   6123.29 1 
  6109.41 3.7911e-13   6126.04 1 
  6112.15 3.8049e-13   6128.79 1 
  6114.90 3.8082e-13   6131.54 1 
  6117.64 3.7748e-13   6134.29 1 
  6120.38 3.8000e-13   6137.04 1 
  6123.12 3.7735e-13   6139.79 1 
  6125.87 3.7766e-13   6142.54 1 
  6128.61 3.7350e-13   6145.29 1 
  6131.35 3.7654e-13   6148.04 1 
  6134.09 3.8519e-13   6150.79 1 
  6136.84 3.8575e-13   6153.54 1 
  6139.58 3.8080e-13   6156.29 1 
  6142.32 3.7456e-13   6159.04 1 
  6145.06 3.7149e-13   6161.79 1 
  6147.81 3.6123e-13   6164.54 1 
  6150.55 3.5658e-13   6167.29 1 
  6153.29 3.5001e-13   6170.04 1 
  6156.03 3.4507e-13   6172.79 1 
  6158.78 3.5347e-13   6175.54 1 
  6161.52 3.5631e-13   6178.29 1 
  6164.26 3.6129e-13   6181.04 1 
  6167.00 3.6372e-13   6183.79 1 
  6169.75 3.6666e-13   6186.54 1 
  6172.49 3.6682e-13   6189.29 1 
  6175.23 3.6497e-13   6192.04 1 
  6177.97 3.6248e-13   6194.79 1 
  6180.72 3.6380e-13   6197.54 1 
  6183.46 3.6381e-13   6200.29 1 
  6186.20 3.6368e-13   6203.04 1 
  6188.94 3.6862e-13   6205.79 1 
  6191.69 3.6939e-13   6208.54 1 
  6194.43 3.7004e-13   6211.29 1 
  6197.17 3.6900e-13   6214.04 1 
  6199.91 3.6247e-13   6216.79 1 
  6202.66 3.6012e-13   6219.54 1 
  6205.40 3.5972e-13   6222.29 1 
  6208.14 3.5176e-13   6225.04 1 
  6210.88 3.4692e-13   6227.79 1 
  6213.63 3.5279e-13   6230.54 1 
  6216.37 3.5622e-13   6233.29 1 
  6219.11 3.5350e-13   6236.04 1 
  6221.85 3.5547e-13   6238.79 1 
  6224.60 3.5599e-13   6241.54 1 
  6227.34 3.5126e-13   6244.29 1 
  6230.08 3.5054e-13   6247.04 1 
  6232.82 3.5491e-13   6249.79 1 
  6235.57 3.5296e-13   6252.54 1 
  6238.31 3.5194e-13   6255.29 1 
  6241.05 3.5040e-13   6258.04 1 
  6243.79 3.4876e-13   6260.79 1 
  6246.54 3.4554e-13   6263.54 1 
  6249.28 3.4366e-13   6266.29 1 
  6252.02 3.4163e-13   6269.04 1 
  6254.76 3.6598e-13   6271.79 1 
  6257.51 3.7371e-13   6274.54 1 
  6260.25 3.5345e-13   6277.29 1 
  6262.99 3.5504e-13   6280.04 1 
  6265.73 3.5729e-13   6282.79 1 
  6268.48 3.6462e-13   6285.54 1 
  6271.22 3.6427e-13   6288.29 1 
  6273.96 3.6578e-13   6291.04 1 
  6276.70 3.7139e-13   6293.79 1 
  6279.45 3.6583e-13   6296.54 1 
  6282.19 3.5655e-13   6299.29 1 
  6284.93 3.6186e-13   6302.04 1 
  6287.67 3.6718e-13   6304.79 1 
  6290.42 3.7137e-13   6307.54 1 
  6293.16 3.7197e-13   6310.29 1 
  6295.90 3.7057e-13   6313.04 1 
  6298.65 3.6954e-13   6315.79 1 
  6301.39 3.7033e-13   6318.54 1 
  6304.13 3.6749e-13   6321.29 1 
  6306.87 3.6420e-13   6324.04 1 
  6309.62 3.6652e-13   6326.79 1 
  6312.36 3.7073e-13   6329.54 1 
  6315.10 3.7210e-13   6332.29 1 
  6317.84 3.7423e-13   6335.04 1 
  6320.59 3.7050e-13   6337.79 1 
  6323.33 3.7336e-13   6340.54 1 
  6326.07 3.7176e-13   6343.29 1 
  6328.81 3.8697e-13   6346.04 1 
  6331.56 3.7796e-13   6348.79 1 
  6334.30 3.7407e-13   6351.54 1 
  6337.04 3.8375e-13   6354.29 1 
  6339.78 3.6982e-13   6357.04 1 
  6342.53 3.6779e-13   6359.79 1 
  6345.27 3.6697e-13   6362.54 1 
  6348.01 3.6526e-13   6365.29 1 
  6350.75 3.6697e-13   6368.04 1 
  6353.50 3.7530e-13   6370.79 1 
  6356.24 3.8428e-13   6373.54 1 
  6358.98 3.7895e-13   6376.29 1 
  6361.72 3.9269e-13   6379.04 1 
  6364.47 3.8602e-13   6381.79 1 
  6367.21 3.7461e-13   6384.54 1 
  6369.95 3.8304e-13   6387.29 1 
  6372.69 3.8235e-13   6390.04 1 
  6375.44 3.8095e-13   6392.79 1 
  6378.18 3.8070e-13   6395.54 1 
  6380.92 3.8249e-13   6398.29 1 
  6383.66 3.7835e-13   6401.04 1 
  6386.41 3.7716e-13   6403.79 1 
  6389.15 3.7573e-13   6406.54 1 
  6391.89 3.7918e-13   6409.29 1 
  6394.63 3.8261e-13   6412.04 1 
  6397.38 3.8111e-13   6414.79 1 
  6400.12 3.7172e-13   6417.54 1 
  6402.86 3.7425e-13   6420.29 1 
  6405.60 3.7455e-13   6423.04 1 
  6408.35 3.7556e-13   6425.79 1 
  6411.09 3.7856e-13   6428.54 1 
  6413.83 3.8047e-13   6431.29 1 
  6416.57 3.7684e-13   6434.04 1 
  6419.32 3.7354e-13   6436.79 1 
  6422.06 3.7827e-13   6439.54 1 
  6424.80 3.7647e-13   6442.29 1 
  6427.54 3.7973e-13   6445.04 1 
  6430.29 3.8141e-13   6447.79 1 
  6433.03 3.7820e-13   6450.54 1 
  6435.77 3.7879e-13   6453.29 1 
  6438.51 3.7096e-13   6456.04 1 
  6441.26 3.6749e-13   6458.79 1 
  6444.00 3.7264e-13   6461.54 1 
  6446.74 3.7421e-13   6464.29 1 
  6449.48 3.7886e-13   6467.04 1 
  6452.23 3.9047e-13   6469.79 1 
  6454.97 3.9288e-13   6472.54 1 
  6457.71 3.8792e-13   6475.29 1 
  6460.45 3.8100e-13   6478.04 1 
  6463.20 3.8648e-13   6480.79 1 
  6465.94 3.8630e-13   6483.54 1 
  6468.68 3.8881e-13   6486.29 1 
  6471.42 3.8975e-13   6489.04 1 
  6474.17 3.8566e-13   6491.79 1 
  6476.91 3.8534e-13   6494.54 1 
  6479.65 3.7777e-13   6497.29 1 
  6482.39 3.6874e-13   6500.04 1 
  6485.14 3.5975e-13   6502.79 1 
  6487.88 3.5456e-13   6505.54 1 
  6490.62 3.6639e-13   6508.29 1 
  6493.37 3.7609e-13   6511.04 1 
  6496.11 3.8372e-13   6513.79 1 
  6498.85 3.9166e-13   6516.54 1 
  6501.59 3.9250e-13   6519.29 1 
  6504.34 3.9488e-13   6522.04 1 
  6507.08 3.9142e-13   6524.79 1 
  6509.82 3.9195e-13   6527.54 1 
  6512.56 3.9379e-13   6530.29 1 
  6515.31 3.9111e-13   6533.04 1 
  6518.05 3.8919e-13   6535.79 1 
  6520.79 3.9051e-13   6538.54 1 
  6523.53 3.9418e-13   6541.29 1 
  6526.28 3.9000e-13   6544.04 1 
  6529.02 3.9705e-13   6546.79 1 
  6531.76 4.0372e-13   6549.54 1 
  6534.50 4.0959e-13   6552.29 1 
  6537.25 4.2182e-13   6555.04 1 
  6539.99 4.1401e-13   6557.79 1 
  6542.73 3.9881e-13   6560.54 1 
  6545.47 4.0043e-13   6563.29 1 
  6548.22 4.5385e-13   6566.04 1 
  6550.96 5.4454e-13   6568.79 1 
  6553.70 5.8608e-13   6571.54 1 
  6556.44 5.1758e-13   6574.29 1 
  6559.19 4.2490e-13   6577.04 1 
  6561.93 3.7791e-13   6579.79 1 
  6564.67 3.7922e-13   6582.54 1 
  6567.41 4.0938e-13   6585.29 1 
  6570.16 4.4694e-13   6588.04 1 
  6572.90 4.8386e-13   6590.79 1 
  6575.64 4.7514e-13   6593.54 1 
  6578.38 4.2600e-13   6596.29 1 
  6581.13 3.9013e-13   6599.04 1 
  6583.87 3.7578e-13   6601.79 1 
  6586.61 3.7486e-13   6604.54 1 
  6589.35 3.6975e-13   6607.29 1 
  6592.10 3.6964e-13   6610.04 1 
  6594.84 3.6983e-13   6612.79 1 
  6597.58 3.6892e-13   6615.54 1 
  6600.32 3.7693e-13   6618.29 1 
  6603.07 3.7845e-13   6621.04 1 
  6605.81 3.7834e-13   6623.79 1 
  6608.55 3.7900e-13   6626.54 1 
  6611.29 3.7670e-13   6629.29 1 
  6614.04 3.7611e-13   6632.04 1 
  6616.78 3.7319e-13   6634.79 1 
  6619.52 3.7115e-13   6637.54 1 
  6622.26 3.7686e-13   6640.29 1 
  6625.01 3.6804e-13   6643.04 1 
  6627.75 3.7057e-13   6645.79 1 
  6630.49 3.7661e-13   6648.54 1 
  6633.23 3.7554e-13   6651.29 1 
  6635.98 3.7661e-13   6654.04 1 
  6638.72 3.8324e-13   6656.79 1 
  6641.46 3.8033e-13   6659.54 1 
  6644.20 3.8161e-13   6662.29 1 
  6646.95 3.7773e-13   6665.04 1 
  6649.69 3.7839e-13   6667.79 1 
  6652.43 3.7552e-13   6670.54 1 
  6655.17 3.7821e-13   6673.29 1 
  6657.92 3.8262e-13   6676.04 1 
  6660.66 3.8208e-13   6678.79 1 
  6663.40 3.8049e-13   6681.54 1 
  6666.14 3.7545e-13   6684.29 1 
  6668.89 3.8254e-13   6687.04 1 
  6671.63 3.8269e-13   6689.79 1 
  6674.37 3.8145e-13   6692.54 1 
  6677.11 3.8222e-13   6695.29 1 
  6679.86 3.8002e-13   6698.04 1 
  6682.60 3.7968e-13   6700.79 1 
  6685.34 3.7909e-13   6703.54 1 
  6688.09 3.7350e-13   6706.29 1 
  6690.83 3.7238e-13   6709.04 1 
  6693.57 3.7942e-13   6711.79 1 
  6696.31 3.7653e-13   6714.54 1 
  6699.06 3.7693e-13   6717.29 1 
  6701.80 3.8710e-13   6720.04 1 
  6704.54 4.0463e-13   6722.79 1 
  6707.28 4.1293e-13   6725.54 1 
  6710.03 3.9930e-13   6728.29 1 
  6712.77 3.9248e-13   6731.04 1 
  6715.51 3.8438e-13   6733.79 1 
  6718.25 3.9130e-13   6736.54 1 
  6721.00 4.0256e-13   6739.29 1 
  6723.74 3.9465e-13   6742.04 1 
  6726.48 3.7619e-13   6744.79 1 
  6729.22 3.6964e-13   6747.54 1 
  6731.97 3.6738e-13   6750.29 1 
  6734.71 3.6795e-13   6753.04 1 
  6737.45 3.6542e-13   6755.79 1 
  6740.19 3.6235e-13   6758.54 1 
  6742.94 3.6424e-13   6761.29 1 
  6745.68 3.6799e-13   6764.04 1 
  6748.42 3.7052e-13   6766.79 1 
  6751.16 3.6520e-13   6769.54 1 
  6753.91 3.6947e-13   6772.29 1 
  6756.65 3.7145e-13   6775.04 1 
  6759.39 3.7280e-13   6777.79 1 
  6762.13 3.7258e-13   6780.54 1 
  6764.88 3.7522e-13   6783.29 1 
  6767.62 3.7771e-13   6786.04 1 
  6770.36 3.7421e-13   6788.79 1 
  6773.10 3.7353e-13   6791.54 1 
  6775.85 3.6759e-13   6794.29 1 
  6778.59 3.6482e-13   6797.04 1 
  6781.33 3.6640e-13   6799.79 1 
  6784.07 3.6472e-13   6802.54 1 
  6786.82 3.6980e-13   6805.29 1 
  6789.56 3.7123e-13   6808.04 1 
  6792.30 3.7095e-13   6810.79 1 
  6795.04 3.6697e-13   6813.54 1 
  6797.79 3.6819e-13   6816.29 1 
  6800.53 3.7076e-13   6819.04 1 
  6803.27 3.6934e-13   6821.79 1 
  6806.01 3.6851e-13   6824.54 1 
  6808.76 3.6408e-13   6827.29 1 
  6820.55 3.7158e-13   6839.12 0 
  6836.27 3.7243e-13   6854.88 0 
  6852.03 3.7587e-13   6870.68 0 
  6867.83 3.5812e-13   6886.52 0 
  6883.66 3.6562e-13   6902.40 0 
  6899.53 3.7155e-13   6918.31 0 
  6915.44 3.7069e-13   6934.26 0 
  6931.38 3.7240e-13   6950.24 0 
  6947.35 3.7845e-13   6966.26 0 
  6963.37 3.7757e-13   6982.33 0 
  6979.42 3.8282e-13   6998.42 0 
  6995.51 3.7756e-13   7014.55 0 
  7011.64 3.6981e-13   7030.72 0 
  7027.80 3.8369e-13   7046.93 0 
  7044.00 3.7929e-13   7063.18 0 
  7060.24 3.7322e-13   7079.46 0 
  7076.52 3.6388e-13   7095.78 0 
  7092.83 3.5888e-13   7112.14 0 
  7109.18 3.6137e-13   7128.53 0 
  7125.57 3.6136e-13   7144.96 0 
  7141.99 3.5722e-13   7161.43 0 
  7158.46 3.5886e-13   7177.94 0 
  7174.96 3.5639e-13   7194.49 0 
  7191.50 3.4508e-13   7211.08 0 
  7208.08 3.4587e-13   7227.70 0 
  7224.69 3.6552e-13   7244.36 0 
  7241.35 3.5967e-13   7261.06 0 
  7258.04 3.6132e-13   7277.80 0 
  7274.77 3.7835e-13   7294.57 0 
  7291.54 3.6718e-13   7311.39 0 
  7308.35 3.6972e-13   7328.25 0 
  7325.20 3.7228e-13   7345.14 0 
  7342.09 3.8182e-13   7362.07 0 
  7359.01 3.7832e-13   7379.04 0 
  7375.97 3.8535e-13   7396.05 0 
  7392.98 3.7484e-13   7413.10 0 
  7410.02 3.9070e-13   7430.19 0 
  7427.10 3.8356e-13   7447.32 0 
  7444.22 3.9339e-13   7464.49 0 
  7461.39 3.9612e-13   7481.70 0 
  7478.59 3.8799e-13   7498.94 0 
  7495.82 3.9157e-13   7516.23 0 
  7513.11 3.8887e-13   7533.56 0 
  7530.43 3.8797e-13   7550.92 0 
  7547.78 3.9792e-13   7568.33 0 
  7565.19 3.8885e-13   7585.78 0 
  7582.62 3.9335e-13   7603.26 0 
  7600.10 3.7999e-13   7620.79 0 
  7617.62 3.7998e-13   7638.36 0 
  7635.18 3.9063e-13   7655.97 0 
  7652.78 3.8173e-13   7673.61 0 
  7670.42 3.5217e-13   7691.30 0 
  7688.11 3.6791e-13   7709.04 0 
  7705.83 3.6875e-13   7726.81 0 
  7723.59 3.6118e-13   7744.62 0 
  7741.40 3.6959e-13   7762.47 0 
  7759.25 3.5951e-13   7780.37 0 
  7777.13 3.6788e-13   7798.30 0 
  7795.06 3.5785e-13   7816.28 0 
  7813.03 3.6957e-13   7834.30 0 
  7831.04 3.7557e-13   7852.36 0 
  7849.09 3.7384e-13   7870.46 0 
  7867.19 3.7991e-13   7888.60 0 
  7885.32 3.7040e-13   7906.79 0 
  7903.50 3.6113e-13   7925.01 0 
  7921.72 3.5291e-13   7943.28 0 
  7939.98 3.5535e-13   7961.59 0 
  7958.28 3.6195e-13   7979.95 0 
  7976.63 3.6952e-13   7998.34 0 
  7995.02 3.6361e-13   8016.78 0 
  8013.45 3.7122e-13   8035.26 0 
  8031.92 3.7207e-13   8053.78 0 
  8050.44 3.7811e-13   8072.35 0 
  8069.00 3.8072e-13   8090.96 0 
  8087.59 3.7205e-13   8109.61 0 
  8106.24 3.6357e-13   8128.31 0 
  8124.93 3.6778e-13   8147.04 0 
  8143.66 3.7203e-13   8165.82 0 
  8162.43 3.6608e-13   8184.65 0 
  8181.25 3.7807e-13   8203.52 0 
  8200.11 3.7459e-13   8222.43 0 
  8219.01 3.7805e-13   8241.38 0 
  8237.96 3.2927e-13   8260.38 0 
  8256.95 3.8418e-13   8279.42 0 
  8275.98 3.8684e-13   8298.51 0 
  8295.06 3.7028e-13   8317.64 0 
  8314.18 3.5198e-13   8336.81 0 
  8333.35 3.6856e-13   8356.03 0 
  8352.56 3.7026e-13   8375.29 0 
  8371.81 3.6266e-13   8394.60 0 
  8391.11 3.5115e-13   8413.95 0 
  8410.46 3.6600e-13   8433.35 0 
  8429.84 3.6684e-13   8452.79 0 
  8449.27 3.5438e-13   8472.27 0 
  8468.75 3.6263e-13   8491.80 0 
  8488.28 3.6013e-13   8511.38 0 
  8507.84 2.8937e-13   8531.00 0 
  8527.45 3.4789e-13   8550.67 0 
  8547.11 3.0022e-13   8570.38 0 
  8566.82 3.5272e-13   8590.14 0 
  8586.56 3.5927e-13   8609.94 0 
  8606.36 3.4787e-13   8629.79 0 
  8626.20 3.5679e-13   8649.68 0 
  8646.08 3.5925e-13   8669.62 0 
  8666.01 3.3143e-13   8689.60 0 
  8685.99 3.3837e-13   8709.64 0 
  8706.02 3.5025e-13   8729.71 0 
  8726.08 3.5430e-13   8749.84 0 
  8746.20 3.5024e-13   8770.01 0 
  8766.36 3.4943e-13   8790.23 0 
  8786.57 3.6170e-13   8810.49 0 
  8806.83 3.5838e-13   8830.80 0 
  8827.13 3.6169e-13   8851.16 0 
  8847.48 3.4541e-13   8871.56 0 
  8867.87 3.5182e-13   8892.01 0 
  8888.32 3.3676e-13   8912.51 0 
  8908.80 3.4222e-13   8933.05 0 
  8929.34 3.4143e-13   8953.65 0 
  8949.93 3.4300e-13   8974.29 0 
  8970.56 3.3519e-13   8994.98 0 
  8991.24 3.3906e-13   9015.71 0 
  9011.97 3.2305e-13   9036.50 0 
  9032.74 3.1788e-13   9057.33 0 
  9053.56 3.6497e-13   9078.20 0 
  9074.43 3.5420e-13   9099.13 0 
  9095.35 3.3515e-13   9120.11 0 
  9116.32 3.3055e-13   9141.13 0 
  9137.33 3.4932e-13   9162.20 0 
  9158.40 3.4215e-13   9183.33 0 
  9179.51 3.2525e-13   9204.50 0 
  9200.67 3.4135e-13   9225.71 0 
  9221.88 3.2598e-13   9246.98 0 
  9243.14 3.3128e-13   9268.30 0 
  9264.44 3.3280e-13   9289.66 0 
  9285.81 3.3898e-13   9311.08 0 
  9307.21 3.0773e-13   9332.54 0 
  9328.66 3.4847e-13   9354.06 0 
  9350.17 3.4766e-13   9375.62 0 
  9371.72 3.4288e-13   9397.23 0 
  9393.33 3.4685e-13   9418.90 0 
  9414.98 3.4129e-13   9440.61 0 
  9436.69 3.4763e-13   9462.37 0 
  9458.44 3.4365e-13   9484.18 0 
  9480.24 3.4923e-13   9506.05 0 
  9502.10 3.4364e-13   9527.96 0 
  9524.00 3.4442e-13   9549.93 0 
  9545.96 3.3735e-13   9571.94 0 
  9567.96 3.4283e-13   9594.01 0 
  9590.02 3.4679e-13   9616.12 0 
  9612.12 3.4281e-13   9638.29 0 
  9634.28 3.4439e-13   9660.51 0 
  9656.50 3.3966e-13   9682.78 0 
  9678.75 3.3965e-13   9705.10 0 
  9701.06 3.4279e-13   9727.47 0 
  9723.43 3.3575e-13   9749.90 0 
  9745.84 3.3497e-13   9772.37 0 
  9768.31 3.3574e-13   9794.90 0 
  9790.83 3.3189e-13   9817.48 0 
  9813.40 3.3805e-13   9840.11 0 
  9836.02 3.3572e-13   9862.79 0 
  9858.69 3.3649e-13   9885.53 0 
  9881.42 3.3340e-13   9908.32 0 
  9904.20 3.3034e-13   9931.16 0 
  9927.03 3.3262e-13   9954.05 0 
  9949.92 3.3261e-13   9977.00 0 
  9972.85 3.3261e-13  10000.00 0 
  9995.84 3.3184e-13  10023.05 0 
 10018.88 3.3030e-13  10046.15 0 
 10065.14 3.2576e-13  10092.53 0 
 10134.90 3.2876e-13  10162.49 0 
 10181.68 3.2498e-13  10209.39 0 
 10228.68 3.2497e-13  10256.52 0 
 10275.89 3.2495e-13  10303.86 0 
 10299.58 3.2346e-13  10327.61 0 
 10491.06 3.1387e-13  10519.62 0 
 10710.74 3.0247e-13  10739.90 0 
 10909.87 2.9220e-13  10939.56 0 
 11112.69 2.8228e-13  11142.94 0 
 11293.26 2.7522e-13  11324.00 0 
 11503.22 2.7270e-13  11534.53 0 
 11690.13 2.6527e-13  11721.95 0 
 11907.47 2.5744e-13  11939.88 0 
 12100.95 2.5158e-13  12133.89 0 
 12297.58 2.4756e-13  12331.05 0 
 12497.40 2.4137e-13  12531.41 0 
 12700.46 2.3588e-13  12735.03 0 
 12906.83 2.3051e-13  12941.96 0 
 13086.38 2.2630e-13  13122.00 0 
 13299.01 2.2064e-13  13335.21 0 
 13515.11 2.1711e-13  13551.89 0 
 13703.12 2.1364e-13  13740.42 0 
 13893.75 2.0734e-13  13931.57 0 
 14087.03 2.0030e-13  14125.38 0 
 14315.93 1.9710e-13  14354.90 0 
 14515.08 1.9801e-13  14554.59 0 
 14683.17 1.9217e-13  14723.13 0 
 14887.41 1.9350e-13  14927.94 0 
 15094.52 1.9350e-13  15135.61 0 
 15304.51 1.9574e-13  15346.17 0 
 15517.41 1.9439e-13  15559.65 0 
 15697.10 1.9129e-13  15739.83 0 
 15915.47 1.8607e-13  15958.79 0 
 16099.77 1.8650e-13  16143.59 0 
 16286.18 1.8522e-13  16330.51 0 
 16512.75 1.8184e-13  16557.70 0 
 16703.96 1.7934e-13  16749.43 0 
 16897.39 1.7566e-13  16943.38 0 
 17093.05 1.7127e-13  17139.58 0 
 17290.97 1.6470e-13  17338.03 0 
 17491.19 1.6021e-13  17538.80 0 
 17693.74 1.5441e-13  17741.90 0 
 17898.62 1.4951e-13  17947.34 0 
 18105.86 1.4311e-13  18155.15 0 
 18315.53 1.3953e-13  18365.38 0 
 18485.01 1.3542e-13  18535.32 0 
 18699.04 1.2992e-13  18749.94 0 
 18915.57 1.2638e-13  18967.05 0 
 19090.60 1.2379e-13  19142.56 0 
 19311.66 1.1959e-13  19364.23 0 
 19490.34 1.1500e-13  19543.39 0 
 19716.03 1.1160e-13  19769.70 0 
 19898.47 1.0831e-13  19952.63 0 
 20082.57 1.0658e-13  20137.24 0 
 20315.12 1.0273e-13  20370.42 0 
 20503.11 1.0108e-13  20558.92 0 
 20692.81 9.8329e-14  20749.13 0 
 20884.28 9.5870e-14  20941.13 0 
 21077.51 9.3904e-14  21134.88 0 
 21321.58 9.1766e-14  21379.62 0 
 21518.87 8.9677e-14  21577.45 0 
 21717.97 8.6633e-14  21777.09 0 
 21918.94 8.5052e-14  21978.60 0 
 22121.76 8.2734e-14  22181.97 0 
 22275.09 8.0479e-14  22335.72 0 
 22481.21 7.8647e-14  22542.40 0 
 22689.21 7.6504e-14  22750.97 0 
 22899.16 6.8974e-14  22961.49 0 
 23111.03 6.8341e-14  23173.93 0 
 23324.88 6.0073e-14  23388.37 0 
 23486.57 5.6975e-14  23550.50 0 
 23703.88 5.7635e-14  23768.40 0 
 23923.22 5.3172e-14  23988.34 0 
 24089.03 5.1604e-14  24154.60 0 
 24311.94 5.1249e-14  24378.11 0 
 24480.45 4.8049e-14  24547.08 0 
 24706.97 4.7499e-14  24774.22 0 
 24878.22 4.0708e-14  24945.94 0 
 25108.43 4.0150e-14  25176.77 0 
 25282.46 4.0521e-14  25351.28 0 
 25516.40 4.0150e-14  25585.86 0 
 25693.26 4.0708e-14  25763.20 0 
 25871.37 3.9965e-14  25941.79 0 
 26110.77 3.9782e-14  26181.84 0 
 26291.75 3.8787e-14  26363.31 0 
 26473.98 3.8343e-14  26546.04 0 
 26718.95 3.7643e-14  26791.68 0 
 26904.18 3.7041e-14  26977.41 0 
 27090.65 3.6449e-14  27164.39 0 
 27278.42 3.5701e-14  27352.67 0 
 27530.84 3.5130e-14  27605.78 0 
 27721.66 3.4410e-14  27797.12 0 
 27913.83 3.3938e-14  27989.81 0 
 28107.31 3.3242e-14  28183.82 0 
 28302.16 3.2635e-14  28379.20 0 
 28498.32 3.1966e-14  28575.90 0 
 28695.88 3.1310e-14  28773.99 0 
 28894.78 3.0809e-14  28973.43 0 
 29095.08 3.0247e-14  29174.28 0 
 29296.75 2.9559e-14  29376.49 0 
 29499.84 2.9019e-14  29580.14 0 
 29704.31 2.8489e-14  29785.16 0 
 29910.22 2.7905e-14  29991.64 0 
 30117.54 2.7459e-14  30199.52 0 
 30326.29 2.6896e-14  30408.84 0 
 30466.29 2.6527e-14  30549.22 0 
 30677.46 2.6103e-14  30760.96 0 
 30890.12 2.5626e-14  30974.21 0 
 31104.23 2.5216e-14  31188.89 0 
 31319.85 2.4813e-14  31405.10 0 
 31464.40 2.4416e-14  31550.05 0 
 31682.49 2.3971e-14  31768.73 0 
 31902.12 2.3642e-14  31988.96 0 
 32123.24 2.3264e-14  32210.68 0 
 32271.54 2.2945e-14  32359.38 0 
 32495.22 2.2787e-14  32583.67 0 
 32720.45 2.2998e-14  32809.52 0 
 32871.50 2.4137e-14  32960.98 0 
 33099.34 2.3806e-14  33189.44 0 
 33328.79 2.1761e-14  33419.52 0 
 33482.62 2.0830e-14  33573.76 0 
 33714.70 2.0215e-14  33806.47 0 
 33870.34 1.9710e-14  33962.54 0 
 34105.10 1.9306e-14  34197.94 0 
 34262.51 1.8953e-14  34355.78 0 
 34500.03 1.8564e-14  34593.94 0 
 34739.16 1.8184e-14  34833.72 0 
 34899.53 1.7852e-14  34994.53 0 
 35060.61 1.7526e-14  35156.04 0 
 35303.62 1.7167e-14  35399.71 0 
 35466.60 1.6853e-14  35563.14 0 
 35712.43 1.6508e-14  35809.64 0 
 35877.30 1.6206e-14  35974.95 0 
 36125.97 1.5910e-14  36224.30 0 
 36292.70 1.5620e-14  36391.49 0 
 36460.25 1.5300e-14  36559.50 0 
 36712.96 1.5020e-14  36812.89 0 
 36882.41 1.4712e-14  36982.80 0 
 37138.09 1.4411e-14  37239.18 0 
 37309.50 1.4180e-14  37411.05 0 
 37481.70 1.3857e-14  37583.72 0 
 37741.53 1.3667e-14  37844.27 0 
 37915.73 1.3418e-14  38018.93 0 
 38090.72 1.3173e-14  38194.41 0 
 38266.57 1.2962e-14  38370.73 0 
 38531.80 1.2726e-14  38636.69 0 
 38709.69 1.2465e-14  38815.06 0 
 38888.35 1.2237e-14  38994.21 0 
 39067.84 1.2042e-14  39174.18 0 
 39338.67 1.1822e-14  39445.75 0 
 39520.23 1.1579e-14  39627.81 0 
 39702.64 1.1394e-14  39810.71 0 
 39885.93 1.1160e-14  39994.50 0 
 40070.02 1.0982e-14  40179.09 0 
 40254.96 1.0806e-14  40364.54 0 
 40534.02 1.0609e-14  40644.35 0 
 40721.10 1.0440e-14  40831.95 0 
 40909.05 1.0273e-14  41020.40 0 
 41097.86 1.0108e-14  41209.73 0 
 41287.59 9.9468e-15  41399.98 0 
 41478.16 9.7877e-15  41591.06 0 
 41669.59 9.6313e-15  41783.02 0 
 41861.97 9.4773e-15  41975.91 0 
 42055.17 9.3043e-15  42169.65 0 
 42346.67 9.1978e-15  42461.93 0 
 42542.17 9.0299e-15  42657.96 0 
 42738.51 8.9060e-15  42854.85 0 
 42935.77 8.5641e-15  43052.64 0 
 43133.99 8.2164e-15  43251.40 0 
 43333.07 8.2164e-15  43451.02 0 
 43533.07 7.8828e-15  43651.57 0 
 43734.05 7.7212e-15  43853.09 0 
 43935.90 7.5977e-15  44055.49 0 
 44138.68 7.3567e-15  44258.83 0 
 44342.40 7.2391e-15  44463.10 0 
 44547.11 7.1233e-15  44668.37 0 
 44649.80 6.9452e-15  44771.33 0 
 44855.87 6.8974e-15  44977.97 0 
 45062.96 6.7871e-15  45185.62 0 
 45270.94 6.6479e-15  45394.17 0 
 45479.89 6.6021e-15  45603.68 0 
 45689.80 6.5115e-15  45814.16 0 
 45900.73 6.3341e-15  46025.67 0 
 46112.58 6.3341e-15  46238.10 0 
 46325.41 6.2328e-15  46451.51 0 
 46539.27 6.1614e-15  46665.95 0 
 46646.55 6.1190e-15  46773.52 0 
 46861.84 6.0351e-15  46989.40 0 
 47078.13 5.9386e-15  47206.28 0 
 47295.47 5.9249e-15  47424.21 0 
 47513.77 5.8168e-15  47643.10 0 
 47733.06 5.7635e-15  47862.99 0 
 47953.42 5.6975e-15  48083.95 0 
 48063.96 5.5935e-15  48194.79 0 
 48285.80 5.5935e-15  48417.23 0 
 48508.66 5.5041e-15  48640.70 0 
 48732.60 5.4161e-15  48865.25 0 
 48844.93 5.3541e-15  48977.89 0 
 49070.38 5.2928e-15  49203.95 0 
 49296.86 5.2442e-15  49431.04 0 
 49524.44 5.1723e-15  49659.24 0 
 49753.02 5.1367e-15  49888.45 0 
 49867.70 5.0669e-15  50003.44 0 
 50097.92 5.0556e-15  50234.29 0 
 50329.14 5.0558e-15  50466.14 0 
 50445.15 4.9979e-15  50582.46 0 
 50677.98 4.9978e-15  50815.93 0 
 50794.80 4.9976e-15  50933.06 0 
 50911.94 5.0089e-15  51050.52 0 
 51029.29 4.9971e-15  51168.20 0 
 51146.92 4.9853e-15  51286.14 0 
 51264.82 4.9735e-15  51404.36 0 
 51382.99 4.9731e-15  51522.85 0 
 51501.43 4.9612e-15  51641.62 0 
 51620.20 4.9607e-15  51760.71 0 
 51739.19 4.9716e-15  51880.02 0 
 51858.45 4.9481e-15  51999.61 0 
 51977.99 4.9361e-15  52119.47 0 
 52097.80 4.9354e-15  52239.61 0 
 52217.89 4.9346e-15  52360.03 0 
 52338.25 4.9225e-15  52480.72 0 
 52458.96 4.9217e-15  52601.75 0 
 52579.88 4.9321e-15  52723.00 0 
 52701.08 4.9425e-15  52844.53 0 
 52822.56 4.9302e-15  52966.34 0 
 52944.32 4.9065e-15  53088.43 0 
 53066.36 4.8942e-15  53210.80 0 
 53188.74 4.9044e-15  53333.52 0 
 53311.34 4.9032e-15  53456.46 0 
 53434.23 4.9020e-15  53579.68 0 
 53557.40 4.9008e-15  53703.18 0 
 53680.85 4.8995e-15  53826.97 0 
 53804.59 4.8982e-15  53951.05 0 
 53928.61 4.8968e-15  54075.41 0 
 54052.98 4.9067e-15  54200.11 0 
 54177.58 4.9052e-15  54325.05 0 
 54302.46 4.8924e-15  54450.27 0 
 54427.63 4.8909e-15  54575.79 0 
 54553.09 4.9006e-15  54701.59 0 
 54678.84 4.8877e-15  54827.68 0 
 54804.88 4.8860e-15  54954.06 0 
 54931.27 4.8843e-15  55080.79 0 
 55057.89 4.8826e-15  55207.76 0 
 55184.80 4.8921e-15  55335.02 0 
 55312.01 4.9241e-15  55462.57 0 
 55439.50 4.9109e-15  55590.41 0 
 55567.30 4.8977e-15  55718.55 0 
 55695.44 4.9184e-15  55847.05 0 
 55823.82 4.9278e-15  55975.78 0 
 55952.51 4.9257e-15  56104.81 0 
 56081.48 4.9350e-15  56234.13 0 
 56210.75 4.9443e-15  56363.76 0 
 56340.32 4.9421e-15  56493.68 0 
 56470.19 4.9627e-15  56623.90 0 
 56600.42 4.9834e-15  56754.48 0 
 56730.89 4.9926e-15  56885.31 0 
 56861.66 5.0017e-15  57016.43 0 
 56992.73 5.0109e-15  57147.86 0 
 57124.10 5.0432e-15  57279.59 0 
 57255.77 5.0640e-15  57411.62 0 
 57387.81 5.0848e-15  57544.02 0 
 57520.10 5.1057e-15  57676.67 0 
 57652.69 5.1267e-15  57809.62 0 
 57785.58 5.1476e-15  57942.87 0 
 57918.78 5.1925e-15  58076.43 0 
 58052.29 5.2257e-15  58210.30 0 
 58186.10 5.2591e-15  58344.48 0 
 58320.29 5.3049e-15  58479.04 0 
 58454.72 5.3510e-15  58613.83 0 
 58589.46 5.3975e-15  58748.94 0 
 58724.52 5.4443e-15  58884.36 0 
 58859.88 5.5042e-15  59020.09 0 
 58995.55 5.5775e-15  59156.14 0 
 59084.13 5.9095e-15  59244.95 3 
 59393.14 6.3448e-15  59554.81 3 
 59702.15 7.4998e-15  59864.66 3 
 60011.16 7.1800e-15  60174.51 3 
 60320.18 7.5230e-15  60484.37 3 
 60629.19 6.8539e-15  60794.22 3 
 60938.20 7.3705e-15  61104.07 3 
 61247.22 8.8984e-15  61413.93 3 
 61556.23 1.1282e-14  61723.78 3 
 61865.23 1.1958e-14  62033.63 3 
 62174.25 1.2221e-14  62343.49 3 
 62483.26 1.1920e-14  62653.34 3 
 62792.27 1.0831e-14  62963.19 3 
 63101.29 8.7252e-15  63273.05 3 
 63410.30 8.2365e-15  63582.90 3 
 63719.32 8.2397e-15  63892.76 3 
 64028.32 8.2437e-15  64202.61 3 
 64337.33 7.3095e-15  64512.46 3 
 64646.35 6.8402e-15  64822.32 3 
 64955.36 6.7563e-15  65132.17 3 
 65264.37 5.8079e-15  65442.02 3 
 65573.39 6.3811e-15  65751.88 3 
 65882.39 5.6911e-15  66061.73 3 
 66191.41 5.4286e-15  66371.58 3 
 66500.43 5.8460e-15  66681.45 3 
 66809.43 5.7563e-15  66991.29 3 
 67118.44 5.3478e-15  67301.14 3 
 67427.46 6.1952e-15  67611.00 3 
 67736.47 5.8307e-15  67920.85 3 
 68045.49 5.3624e-15  68230.71 3 
 68354.50 7.0420e-15  68540.56 3 
 68663.51 5.9717e-15  68850.41 3 
 68972.53 5.4986e-15  69160.27 3 
 69281.53 6.3202e-15  69470.12 3 
 69590.55 7.3859e-15  69779.98 3 
 69899.56 7.2708e-15  70089.83 3 
 70208.57 6.1745e-15  70399.68 3 
 70517.59 6.8036e-15  70709.54 3 
 70826.60 5.8231e-15  71019.39 3 
 71135.61 6.2980e-15  71329.24 3 
 71444.63 6.8198e-15  71639.10 3 
 71753.63 6.7788e-15  71948.95 3 
 72062.66 6.5907e-15  72258.81 3 
 72371.66 6.7767e-15  72568.66 3 
 72680.67 7.4759e-15  72878.51 3 
 72989.70 8.3364e-15  73188.38 3 
 73298.70 7.3889e-15  73498.22 3 
 73607.71 7.2288e-15  73808.07 3 
 73916.73 7.1052e-15  74117.93 3 
 74225.74 7.6201e-15  74427.78 3 
 74534.75 9.0872e-15  74737.63 3 
 74843.76 8.8589e-15  75047.48 3 
 75132.55 9.5329e-15  75337.06 3 
 75152.78 9.8629e-15  75357.34 3 
 75461.80 1.0749e-14  75667.20 3 
 75751.80 1.0493e-14  75957.99 3 
 75770.80 1.1276e-14  75977.05 3 
 76371.06 1.0069e-14  76578.94 3 
 76990.31 1.0137e-14  77199.88 3 
 77609.57 9.6804e-15  77820.82 3 
 78228.82 9.6608e-15  78441.76 3 
 78848.09 8.7356e-15  79062.71 3 
 79467.34 7.9178e-15  79683.65 3 
 80086.59 7.3436e-15  80304.59 3 
 80705.86 6.5244e-15  80925.54 3 
 81325.11 5.9717e-15  81546.48 3 
 81944.36 5.6798e-15  82167.41 3 
 82563.62 5.2164e-15  82788.36 3 
 83182.87 5.3369e-15  83409.30 3 
 83802.14 5.1973e-15  84030.25 3 
 84421.39 5.4104e-15  84651.19 3 
 85040.65 6.1629e-15  85272.13 3 
 85659.90 6.2738e-15  85893.07 3 
 86279.17 5.7893e-15  86514.02 3 
 86898.42 5.5449e-15  87134.95 3 
 87517.68 4.7314e-15  87755.90 3 
 88136.94 4.0074e-15  88376.84 3 
 88756.19 3.7856e-15  88997.78 3 
 89375.44 3.2551e-15  89618.72 3 
 89994.70 2.9883e-15  90239.66 3 
 90613.95 3.0438e-15  90860.60 3 
 91233.22 2.8470e-15  91481.55 3 
 91852.47 2.5771e-15  92102.49 3 
 92471.73 2.6211e-15  92723.44 3 
 93090.99 2.8156e-15  93344.38 3 
 93710.24 2.6457e-15  93965.32 3 
 94329.49 2.6399e-15  94586.26 3 
 94948.74 2.4107e-15  95207.20 3 
 95568.01 2.7367e-15  95828.15 3 
 96187.26 2.4880e-15  96449.09 3 
 96806.52 2.6043e-15  97070.02 3 
 97425.78 2.5061e-15  97690.98 3 
 98045.04 2.1773e-15  98311.92 3 
 98664.30 2.2140e-15  98932.86 3 
 99283.55 1.9670e-15  99553.80 3 
 99902.77 2.1747e-15 100174.70 3 
100522.07 2.0525e-15 100795.70 3 
101141.29 1.8155e-15 101416.59 3 
101760.61 2.1250e-15 102037.60 3 
102379.82 2.1615e-15 102658.50 3 
102999.13 2.2485e-15 103279.49 3 
103618.36 1.9879e-15 103900.41 3 
104237.57 2.0289e-15 104521.30 3 
104856.88 2.1434e-15 105142.30 3 
105476.09 2.4072e-15 105763.20 3 
106095.41 2.3851e-15 106384.20 3 
106714.62 2.3876e-15 107005.10 3 
107333.84 2.5722e-15 107626.00 3 
107953.15 2.4293e-15 108247.00 3 
108572.37 2.6114e-15 108867.91 3 
109191.68 2.6994e-15 109488.90 3 
109810.89 3.0559e-15 110109.80 3 
110430.21 3.3472e-15 110730.80 3 
111049.43 3.8172e-15 111351.70 3 
111668.64 5.8302e-15 111972.60 3 
112287.95 7.4816e-15 112593.60 3 
112907.17 7.1053e-15 113214.50 3 
113526.48 6.0344e-15 113835.50 3 
114145.69 4.8412e-15 114456.40 3 
114765.01 4.2346e-15 115077.40 3 
115384.22 3.5879e-15 115698.30 3 
116003.43 3.2288e-15 116319.20 3 
116622.76 3.0305e-15 116940.20 3 
117241.97 2.8268e-15 117561.10 3 
117861.28 2.8038e-15 118182.09 3 
118480.49 2.7349e-15 118802.99 3 
119099.81 3.0064e-15 119424.00 3 
119719.02 3.0957e-15 120044.90 3 
120338.24 3.0147e-15 120665.80 3 
120957.56 2.7317e-15 121286.80 3 
121576.77 2.7392e-15 121907.70 3 
122196.08 2.8297e-15 122528.70 3 
122815.29 2.8813e-15 123149.59 3 
123434.52 3.0218e-15 123770.51 3 
124053.83 3.1148e-15 124391.50 3 
124673.04 3.1391e-15 125012.40 3 
125292.35 3.3493e-15 125633.40 3 
125911.57 3.5888e-15 126254.30 3 
126530.88 3.6425e-15 126875.30 3 
127150.10 3.8639e-15 127496.20 3 
127769.31 4.5345e-15 128117.10 3 
128388.63 4.1458e-15 128738.10 3 
129007.84 2.8386e-15 129359.00 3 
129627.15 2.2251e-15 129980.00 3 
130246.37 2.0440e-15 130600.90 3 
130865.58 1.9195e-15 131221.80 3 
131484.89 2.0000e-15 131842.80 3 
132104.12 1.9494e-15 132463.70 3 
132723.43 1.8876e-15 133084.70 3 
133342.64 1.9474e-15 133705.59 3 
133961.95 1.9426e-15 134326.59 3 
134581.17 1.7126e-15 134947.50 3 
135200.39 1.6821e-15 135568.41 3 
135819.71 1.8255e-15 136189.41 3 
136438.91 1.7175e-15 136810.30 3 
137058.22 1.6808e-15 137431.30 3 
137677.45 1.4674e-15 138052.20 3 
138296.76 1.6281e-15 138673.20 3 
138915.96 1.5923e-15 139294.09 3 
139535.19 1.4696e-15 139915.00 3 
140154.50 1.5128e-15 140536.00 3 
140773.72 1.3719e-15 141156.91 3 
141393.02 1.4897e-15 141777.89 3 
142012.24 1.4997e-15 142398.80 3 
142631.55 1.6495e-15 143019.80 3 
143250.77 1.5076e-15 143640.70 3 
143869.98 1.4744e-15 144261.59 3 
144489.31 1.3183e-15 144882.61 3 
145022.16 1.2083e-15 145416.91 3 
145936.56 1.1824e-15 146333.80 3 
146851.07 1.1560e-15 147250.80 3 
147765.49 1.1024e-15 148167.70 3 
148679.89 1.0872e-15 149084.59 3 
149594.30 1.0745e-15 150001.50 3 
150508.82 1.0407e-15 150918.50 3 
151423.23 1.0381e-15 151835.41 3 
152337.63 1.0655e-15 152752.30 3 
153252.14 1.0578e-15 153669.30 3 
154166.56 1.0911e-15 154586.20 3 
155080.96 1.2919e-15 155503.09 3 
155995.38 1.3666e-15 156420.00 3 
156909.89 1.1303e-15 157337.00 3 
157824.31 1.1116e-15 158253.91 3 
158738.71 1.1449e-15 159170.80 3 
159653.22 1.1603e-15 160087.80 3 
160567.64 1.1598e-15 161004.70 3 
161482.04 1.1736e-15 161921.59 3 
162396.55 1.2615e-15 162838.59 3 
163310.97 1.5188e-15 163755.50 3 
164225.37 1.8553e-15 164672.39 3 
165139.79 1.8039e-15 165589.30 3 
166054.31 1.6155e-15 166506.31 3 
166968.70 1.6079e-15 167423.19 3 
167883.12 1.6246e-15 168340.09 3 
168797.53 1.6742e-15 169257.00 3 
169712.04 1.9571e-15 170174.00 3 
170626.46 2.1066e-15 171090.91 3 
171540.88 1.7881e-15 172007.81 3 
172455.39 1.6753e-15 172924.81 3 
173369.79 1.6937e-15 173841.70 3 
174284.21 1.5667e-15 174758.61 3 
175198.72 1.3452e-15 175675.61 3 
176113.12 1.2235e-15 176592.50 3 
177027.54 1.1910e-15 177509.41 3 
177941.94 1.1736e-15 178426.30 3 
178856.45 1.1200e-15 179343.30 3 
179770.87 1.0395e-15 180260.20 3 
180685.27 9.8162e-16 181177.09 3 
181599.78 9.5952e-16 182094.09 3 
182514.20 9.3792e-16 183011.00 3 
183428.60 9.4789e-16 183927.89 3 
184343.11 9.3748e-16 184844.89 3 
185257.53 9.6718e-16 185761.80 3 
186171.94 1.1504e-15 186678.70 3 
187086.34 1.5115e-15 187595.59 3 
188000.86 1.2570e-15 188512.59 3 
188915.27 9.9273e-16 189429.50 3 
189829.67 9.5048e-16 190346.39 3 
190744.20 9.3309e-16 191263.41 3 
191658.62 8.8418e-16 192180.31 3 
192573.00 8.6933e-16 193097.19 3 
193487.42 8.7527e-16 194014.09 3 
194401.95 8.6164e-16 194931.11 3 
195316.35 8.4596e-16 195848.00 3 
196230.77 8.5350e-16 196764.91 3 
197145.28 8.2065e-16 197681.91 3 
198059.68 8.2348e-16 198598.80 3 
198974.10 8.1825e-16 199515.70 3 
199888.51 8.0205e-16 200432.61 3 
200803.02 8.3297e-16 201349.61 3 
201717.43 8.1219e-16 202266.50 3 
202631.84 7.9830e-16 203183.41 3 
203546.35 8.1248e-16 204100.41 3 
204643.46 7.8780e-16 205200.50 3 
206403.98 8.1572e-16 206965.81 3 
208165.58 8.0232e-16 208732.20 3 
209928.08 7.7399e-16 210499.50 3 
211691.67 8.1649e-16 212267.89 3 
213456.27 8.1175e-16 214037.30 3 
215221.96 7.6116e-16 215807.80 3 
216988.54 7.8788e-16 217579.19 3 
218756.23 8.0984e-16 219351.69 3 
220524.93 7.7782e-16 221125.20 3 
222294.71 7.5570e-16 222899.80 3 
224065.50 7.8418e-16 224675.41 3 
225837.27 8.0052e-16 226452.00 3 
227610.13 7.8901e-16 228229.69 3 
229384.01 7.6726e-16 230008.39 3 
231158.88 7.7682e-16 231788.09 3 
232934.84 7.9936e-16 233568.89 3 
234711.82 8.0722e-16 235350.70 3 
236489.87 7.9559e-16 237133.59 3 
238269.03 7.8907e-16 238917.59 3 
240049.18 7.9345e-16 240702.59 3 
241830.33 7.9716e-16 242488.59 3 
243612.59 7.8418e-16 244275.70 3 
245395.83 7.6986e-16 246063.80 3 
247180.28 7.8066e-16 247853.11 3 
248965.63 7.8529e-16 249643.31 3 
250752.05 7.9409e-16 251434.59 3 
252539.59 7.9296e-16 253227.00 3 
254328.22 7.8495e-16 255020.50 3 
256117.85 8.0241e-16 256815.00 3 
257908.57 8.5480e-16 258610.59 3 
259700.39 8.7764e-16 260407.30 3 
261493.31 8.0929e-16 262205.09 3 
263287.24 7.6823e-16 264003.91 3 
265082.23 7.7596e-16 265803.78 3 
266878.37 7.6934e-16 267604.81 3 
268675.45 7.6284e-16 269406.78 3 
270473.77 7.6766e-16 271210.00 3 
272273.06 7.6538e-16 273014.19 3 
274073.47 7.5903e-16 274819.50 3 
275874.97 7.5168e-16 276625.91 3 
277677.57 7.5202e-16 278433.41 3 
279481.25 7.7904e-16 280242.00 3 
281286.03 8.5307e-16 282051.69 3 
283091.92 8.5481e-16 283862.50 3 
284898.91 7.6697e-16 285674.41 3 
286706.99 7.4659e-16 287487.41 3 
288516.16 7.5287e-16 289301.50 3 
290326.42 7.5877e-16 291116.69 3 
292137.80 7.6782e-16 292933.00 3 
293950.27 7.7276e-16 294750.41 3 
295763.84 7.7473e-16 296568.91 3 
297578.58 7.6316e-16 298388.59 3 
299394.45 7.7082e-16 300209.41 3 
301211.29 7.6960e-16 302031.19 3 
303029.34 7.7726e-16 303854.19 3 
304848.48 7.8322e-16 305678.28 3 
306668.84 7.9685e-16 307503.59 3 
308490.20 7.9556e-16 309329.91 3 
310312.73 8.0218e-16 311157.41 3 
312136.46 7.9763e-16 312986.09 3 
313961.21 7.9883e-16 314815.81 3 
315787.15 8.1783e-16 316646.72 3 
317614.24 8.1753e-16 318478.78 3 
319442.35 8.1676e-16 320311.88 3 
321271.69 8.3371e-16 322146.19 3 
323102.23 8.6031e-16 323981.72 3 
324933.81 8.5545e-16 325818.28 3 
326766.51 8.6545e-16 327655.97 3 
328600.46 8.6492e-16 329494.91 3 
330435.55 8.7645e-16 331335.00 3 
332271.74 9.4397e-16 333176.19 3 
334109.06 1.2140e-15 335018.50 3 
335947.55 1.2562e-15 336862.00 3 
337787.26 9.5276e-16 338706.72 3 
339628.13 8.9442e-16 340552.59 3 
341470.11 8.6827e-16 342399.59 3 
343313.22 8.6164e-16 344247.72 3 
345157.57 9.3783e-16 346097.09 3 
347003.08 1.4650e-15 347947.62 3 
348849.74 2.0120e-15 349799.31 3 
