# An Atlas of Galaxy Spectral Energy Distributions from the Ultraviolet to the Mid-Infrared
# Brown et al. (2014)
# http://dx.doi.org/10.5072/03/529D3551F0117
# 
# Column 1 : Restframe Wavelength (Angstrom)
# Column 2 : Flux per unit wavelength (ergs/s/cm^2/Angstrom)
# Column 3 : Observed wavelength (Angstrom)
# Column 4 : Source (0 = model, 1 = Optical Spectrum, 2 = Akari, 3 = Spitzer IRS)
# 
   101.99 3.7163e-23    102.33 0 
   103.89 4.8430e-23    104.23 0 
   106.06 6.4434e-23    106.41 0 
   108.03 8.7521e-23    108.39 0 
   110.04 1.3681e-22    110.41 0 
   113.91 2.2086e-22    114.29 0 
   117.91 3.3351e-22    118.30 0 
   120.94 1.4326e-21    121.34 0 
   124.90 1.9958e-21    125.31 0 
   126.93 2.2862e-21    127.35 0 
   128.10 2.4838e-21    128.53 0 
   131.09 2.9724e-21    131.52 0 
   132.00 3.6067e-21    132.43 0 
   134.14 4.0282e-21    134.59 0 
   136.95 5.5222e-21    137.40 0 
   140.14 6.4731e-21    140.60 0 
   143.08 1.8583e-20    143.55 0 
   147.08 4.3763e-20    147.57 0 
   150.86 5.2013e-20    151.36 0 
   155.08 6.1818e-20    155.60 0 
   159.06 7.3301e-20    159.59 0 
   162.02 8.2435e-20    162.55 0 
   166.17 9.7076e-20    166.72 0 
   170.05 1.1197e-19    170.61 0 
   172.81 1.2506e-19    173.38 0 
   176.83 1.4326e-19    177.42 0 
   180.12 1.5780e-19    180.72 0 
   182.21 1.6831e-19    182.81 0 
   186.02 1.9060e-19    186.64 0 
   190.79 2.2086e-19    191.43 0 
   193.89 2.4272e-19    194.54 0 
   197.95 2.7047e-19    198.61 0 
   202.10 3.0207e-19    202.77 0 
   204.91 3.2667e-19    205.59 0 
   210.17 3.5490e-19    210.86 0 
   216.05 4.2669e-19    216.77 0 
   220.07 4.7002e-19    220.80 0 
   223.13 4.9672e-19    223.87 0 
   226.76 5.4716e-19    227.51 0 
   229.91 8.0744e-19    230.67 0 
   234.19 1.3035e-18    234.96 0 
   240.19 1.7263e-18    240.99 0 
   245.79 1.7463e-18    246.60 0 
   252.09 1.9775e-18    252.93 0 
   256.78 1.7584e-18    257.63 0 
   259.75 2.0947e-18    260.62 0 
   263.98 2.2862e-18    264.85 0 
   268.88 2.3995e-18    269.77 0 
   273.88 2.4952e-18    274.79 0 
   278.97 2.5948e-18    279.90 0 
   284.16 2.7171e-18    285.10 0 
   290.11 2.7234e-18    291.07 0 
   296.19 2.8848e-18    297.17 0 
   301.00 2.9182e-18    302.00 0 
   308.01 3.1125e-18    309.03 0 
   318.10 3.3815e-18    319.15 0 
   327.77 3.5819e-18    328.85 0 
   337.73 3.7421e-18    338.84 0 
   347.99 3.8825e-18    349.14 0 
   356.91 4.0749e-18    358.10 0 
   366.07 4.3362e-18    367.28 0 
   374.60 4.4577e-18    375.84 0 
   385.09 4.4270e-18    386.37 0 
   394.97 4.8096e-18    396.28 0 
   405.10 5.0829e-18    406.44 0 
   413.58 5.2013e-18    414.95 0 
   422.24 5.2494e-18    423.64 0 
   430.09 5.3347e-18    431.52 0 
   441.13 5.6378e-18    442.59 0 
   451.40 5.7958e-18    452.90 0 
   459.79 5.8764e-18    461.32 0 
   470.50 6.1534e-18    472.06 0 
   480.36 6.5631e-18    481.95 0 
   490.42 6.7782e-18    492.04 0 
   499.53 7.4150e-18    501.19 0 
   506.48 1.3186e-17    508.16 0 
   512.35 6.1251e-17    514.04 0 
   519.47 6.6239e-17    521.19 0 
   530.35 7.2462e-17    532.11 0 
   540.21 7.0650e-17    542.00 0 
   550.26 1.1379e-16    552.08 0 
   560.48 1.4260e-16    562.34 0 
   569.59 1.6831e-16    571.48 0 
   580.18 1.6148e-16    582.10 0 
   589.61 2.1336e-16    591.56 0 
   600.57 2.2809e-16    602.56 0 
   610.33 2.8518e-16    612.35 0 
   620.25 3.3198e-16    622.30 0 
   630.32 3.7163e-16    632.41 0 
   640.57 3.7767e-16    642.69 0 
   649.48 4.4680e-16    651.63 0 
   658.51 4.8878e-16    660.69 0 
   664.61 5.2374e-16    666.81 0 
   675.40 5.3347e-16    677.64 0 
   684.80 5.3470e-16    687.07 0 
   694.33 7.1963e-16    696.63 0 
   705.61 6.9201e-16    707.95 0 
   715.42 8.5136e-16    717.79 0 
   725.38 8.9766e-16    727.78 0 
   735.47 9.4430e-16    737.90 0 
   745.70 1.0917e-15    748.17 0 
   754.33 1.1833e-15    756.83 0 
   764.83 1.2738e-15    767.36 0 
   775.47 1.4064e-15    778.04 0 
   784.45 1.5386e-15    787.05 0 
   795.36 1.6148e-15    797.99 0 
   804.57 1.7026e-15    807.24 0 
   815.76 1.7787e-15    818.46 0 
   825.21 1.9775e-15    827.94 0 
   834.76 1.6185e-15    837.53 0 
   844.43 2.1092e-15    847.23 0 
   854.21 2.1934e-15    857.04 0 
   864.10 2.3829e-15    866.96 0 
   874.11 2.5829e-15    877.00 0 
   884.23 2.8387e-15    887.16 0 
   894.47 3.0207e-15    897.43 0 
   904.82 3.0347e-15    907.82 0 
   915.30 4.8765e-15    918.33 0 
   925.90 3.6317e-14    928.97 0 
   934.47 8.1679e-14    937.56 0 
   945.29 1.5890e-13    948.42 0 
   954.03 2.2809e-13    957.19 0 
   965.08 2.5770e-13    968.28 0 
   974.01 3.9184e-14    977.24 0 
   985.29 2.1783e-13    988.55 0 
   994.41 2.3341e-13    997.70 0 
  1005.92 3.4683e-13   1009.25 0 
  1015.23 3.3505e-13   1018.59 0 
  1024.62 1.4194e-13   1028.02 0 
  1034.10 2.3233e-13   1037.53 0 
  1046.08 4.5615e-13   1049.54 0 
  1055.76 4.4783e-13   1059.25 0 
  1065.53 3.5165e-13   1069.05 0 
  1075.38 4.2375e-13   1078.95 0 
  1085.34 3.3198e-13   1088.93 0 
  1095.38 4.4783e-13   1099.01 0 
  1105.51 4.2767e-13   1109.18 0 
  1115.74 4.0937e-13   1119.44 0 
  1126.07 3.6653e-13   1129.80 0 
  1133.87 4.7327e-13   1137.63 0 
  1144.36 4.2866e-13   1148.15 0 
  1154.95 4.5826e-13   1158.78 0 
  1165.64 4.7436e-13   1169.50 0 
  1173.72 3.2368e-13   1177.61 0 
  1184.58 4.6357e-13   1188.50 0 
  1195.54 3.1704e-13   1199.50 0 
  1203.83 2.2341e-13   1207.81 0 
  1214.97 1.4897e-13   1218.99 0 
  1226.21 3.1413e-13   1230.27 0 
  1234.71 4.8318e-13   1238.80 0 
  1246.13 5.2980e-13   1250.26 0 
  1254.77 5.0363e-13   1258.93 0 
  1266.38 4.3263e-13   1270.57 0 
  1275.16 5.5733e-13   1279.38 0 
  1284.00 5.8091e-13   1288.25 0 
  1295.88 4.5093e-13   1300.17 0 
  1304.86 4.5197e-13   1309.18 0 
  1313.90 5.6769e-13   1318.26 0 
  1326.06 5.3841e-13   1330.45 0 
  1335.25 4.7546e-13   1339.68 0 
  1344.51 5.6769e-13   1348.96 0 
  1353.83 5.4968e-13   1358.31 0 
  1366.36 4.8878e-13   1370.88 0 
  1375.83 5.1299e-13   1380.38 0 
  1385.36 5.1893e-13   1389.95 0 
  1394.97 4.4577e-13   1399.59 0 
  1404.64 4.6571e-13   1409.29 0 
  1414.37 4.7875e-13   1419.06 0 
  1424.18 4.9103e-13   1428.89 0 
  1434.05 4.9103e-13   1438.80 0 
  1440.67 5.1655e-13   1445.44 0 
  1447.32 5.2253e-13   1452.11 0 
  1454.00 5.0712e-13   1458.81 0 
  1464.08 4.6786e-13   1468.93 0 
  1474.23 4.6786e-13   1479.11 0 
  1484.44 4.7436e-13   1489.36 0 
  1494.73 4.8096e-13   1499.69 0 
  1505.09 4.5093e-13   1510.08 0 
  1512.04 4.0005e-13   1517.05 0 
  1515.53 4.2866e-13   1520.55 0 
  1526.03 4.1890e-13   1531.09 0 
  1536.61 3.6317e-13   1541.70 0 
  1543.70 3.9456e-13   1548.82 0 
  1554.40 3.7421e-13   1559.55 0 
  1565.18 3.8469e-13   1570.36 0 
  1576.03 4.0842e-13   1581.25 0 
  1583.30 4.2669e-13   1588.55 0 
  1594.28 4.3362e-13   1599.56 0 
  1605.33 4.2767e-13   1610.65 0 
  1616.46 4.3064e-13   1621.81 0 
  1623.92 4.0937e-13   1629.30 0 
  1635.17 4.3562e-13   1640.59 0 
  1646.51 4.3965e-13   1651.96 0 
  1654.11 4.1126e-13   1659.59 0 
  1665.57 4.4475e-13   1671.09 0 
  1673.26 4.0655e-13   1678.80 0 
  1677.12 4.4372e-13   1682.67 0 
  1684.86 4.6038e-13   1690.44 0 
  1696.54 4.3362e-13   1702.16 0 
  1704.37 4.1602e-13   1710.02 0 
  1716.18 3.9004e-13   1721.87 0 
  1724.11 3.8825e-13   1729.82 0 
  1736.06 4.1220e-13   1741.81 0 
  1744.07 4.0189e-13   1749.85 0 
  1756.16 4.2571e-13   1761.98 0 
  1764.27 3.9547e-13   1770.11 0 
  1776.49 3.9913e-13   1782.38 0 
  1784.70 4.0842e-13   1790.61 0 
  1797.07 4.3064e-13   1803.02 0 
  1805.36 4.3064e-13   1811.34 0 
  1813.69 3.9184e-13   1819.70 0 
  1826.27 4.0468e-13   1832.31 0 
  1834.70 3.8825e-13   1840.77 0 
  1843.16 3.5736e-13   1849.27 0 
  1855.94 3.5327e-13   1862.09 0 
  1864.51 3.6317e-13   1870.68 0 
  1873.11 3.9821e-13   1879.32 0 
  1886.10 3.6067e-13   1892.34 0 
  1894.80 3.4128e-13   1901.08 0 
  1903.55 3.6907e-13   1909.85 0 
  1916.74 3.5004e-13   1923.09 0 
  1925.59 3.4207e-13   1931.97 0 
  1934.48 3.5984e-13   1940.89 0 
  1943.41 3.6907e-13   1949.84 0 
  1956.88 3.4128e-13   1963.36 0 
  1965.91 3.7507e-13   1972.42 0 
  1974.99 3.8736e-13   1981.53 0 
  1984.10 3.6317e-13   1990.67 0 
  1993.26 3.5327e-13   1999.86 0 
  2007.08 3.6738e-13   2013.72 0 
  2016.34 3.5409e-13   2023.02 0 
  2025.65 3.7421e-13   2032.36 0 
  2035.00 3.4763e-13   2041.74 0 
  2044.39 3.5901e-13   2051.16 0 
  2053.83 3.4444e-13   2060.63 0 
  2063.31 3.4763e-13   2070.14 0 
  2072.83 3.6907e-13   2079.70 0 
  2077.61 3.4286e-13   2084.49 0 
  2087.20 3.5819e-13   2094.11 0 
  2096.83 3.3815e-13   2103.78 0 
  2106.51 3.4523e-13   2113.49 0 
  2116.23 3.4763e-13   2123.24 0 
  2126.00 3.5246e-13   2133.04 0 
  2135.82 3.3351e-13   2142.89 0 
  2145.68 3.3428e-13   2152.78 0 
  2155.58 3.4763e-13   2162.72 0 
  2165.53 3.3971e-13   2172.70 0 
  2175.52 3.3660e-13   2182.73 0 
  2185.57 3.2667e-13   2192.81 0 
  2195.65 3.4050e-13   2202.93 0 
  2205.79 3.3275e-13   2213.09 0 
  2215.97 3.2071e-13   2223.31 0 
  2226.20 3.0911e-13   2233.57 0 
  2236.48 3.2368e-13   2243.88 0 
  2246.80 3.1341e-13   2254.24 0 
  2257.17 3.0277e-13   2264.64 0 
  2267.59 3.0982e-13   2275.10 0 
  2272.81 3.1486e-13   2280.34 0 
  2283.30 3.1924e-13   2290.87 0 
  2293.84 3.0349e-13   2301.44 0 
  2304.43 3.0224e-13   2312.07 0 
  2315.07 2.9010e-13   2322.74 0 
  2325.76 2.3376e-13   2333.46 0 
  2336.49 2.7541e-13   2344.23 0 
  2347.27 2.7176e-13   2355.05 0 
  2352.69 2.8268e-13   2360.48 0 
  2363.55 2.6884e-13   2371.37 0 
  2374.46 2.7209e-13   2382.32 0 
  2385.41 2.6057e-13   2393.32 0 
  2396.43 2.7361e-13   2404.36 0 
  2407.49 2.6203e-13   2415.46 0 
  2413.04 2.6636e-13   2421.03 0 
  2424.17 2.7332e-13   2432.20 0 
  2435.36 2.6236e-13   2443.43 0 
  2446.61 2.7423e-13   2454.71 0 
  2452.25 2.6929e-13   2460.37 0 
  2463.56 2.6819e-13   2471.72 0 
  2474.94 2.6041e-13   2483.13 0 
  2486.36 2.6908e-13   2494.60 0 
  2497.84 2.5183e-13   2506.11 0 
  2503.60 2.7178e-13   2511.89 0 
  2515.15 2.5377e-13   2523.48 0 
  2526.76 2.5273e-13   2535.13 0 
  2532.58 2.5338e-13   2540.97 0 
  2544.28 2.4717e-13   2552.70 0 
  2556.02 2.5718e-13   2564.48 0 
  2567.82 2.5436e-13   2576.32 0 
  2573.74 2.6398e-13   2582.26 0 
  2585.62 2.6170e-13   2594.18 0 
  2597.55 2.6063e-13   2606.15 0 
  2603.54 2.5301e-13   2612.16 0 
  2615.56 2.5141e-13   2624.22 0 
  2627.63 2.5504e-13   2636.33 0 
  2633.69 2.5629e-13   2642.41 0 
  2645.84 2.6605e-13   2654.61 0 
  2658.06 2.6497e-13   2666.86 0 
  2664.18 2.5195e-13   2673.01 0 
  2676.48 2.5855e-13   2685.34 0 
  2682.65 2.5625e-13   2691.54 0 
  2695.03 2.4940e-13   2703.96 0 
  2707.47 2.5127e-13   2716.44 0 
  2713.71 2.4505e-13   2722.70 0 
  2726.24 2.4519e-13   2735.27 0 
  2732.52 2.5213e-13   2741.57 0 
  2745.14 2.3327e-13   2754.23 0 
  2757.81 2.3394e-13   2766.94 0 
  2764.17 2.3726e-13   2773.32 0 
  2776.92 2.4405e-13   2786.12 0 
  2783.33 2.4132e-13   2792.54 0 
  2796.17 2.1421e-13   2805.43 0 
  2802.62 2.2489e-13   2811.90 0 
  2815.55 2.4222e-13   2824.88 0 
  2822.04 2.4173e-13   2831.39 0 
  2835.07 2.3205e-13   2844.46 0 
  2848.16 2.2953e-13   2857.59 0 
  2854.72 2.2959e-13   2864.18 0 
  2867.90 2.3562e-13   2877.40 0 
  2874.51 2.3192e-13   2884.03 0 
  2887.78 2.3259e-13   2897.34 0 
  2894.44 2.2999e-13   2904.02 0 
  2907.80 2.3603e-13   2917.43 0 
  2927.95 2.3086e-13   2937.65 0 
  2948.25 2.2737e-13   2958.01 0 
  2968.68 2.2705e-13   2978.52 0 
  2989.26 2.2517e-13   2999.16 0 
  3009.98 2.2486e-13   3019.95 0 
  3030.85 2.2351e-13   3040.89 0 
  3051.86 2.2115e-13   3061.96 0 
  3073.01 2.1882e-13   3083.19 0 
  3087.19 2.1695e-13   3097.42 0 
  3108.59 2.1417e-13   3118.89 0 
  3130.14 2.1192e-13   3140.51 0 
  3151.84 2.1066e-13   3162.28 0 
  3166.39 2.0790e-13   3176.87 0 
  3188.34 2.0242e-13   3198.90 0 
  3210.44 2.0355e-13   3221.07 0 
  3232.69 2.0049e-13   3243.40 0 
  3247.61 2.0016e-13   3258.37 0 
  3270.12 1.9989e-13   3280.95 0 
  3292.79 1.9780e-13   3303.70 0 
  3307.99 1.9656e-13   3318.94 0 
  3323.26 2.0035e-13   3334.26 0 
  3330.92 1.9767e-13   3341.95 0 
  3338.60 1.9412e-13   3349.66 0 
  3346.29 1.9419e-13   3357.38 0 
  3354.01 1.8983e-13   3365.12 0 
  3361.74 1.9253e-13   3372.87 0 
  3369.49 1.8735e-13   3380.65 0 
  3377.26 1.8569e-13   3388.44 0 
  3385.04 1.9228e-13   3396.25 0 
  3392.85 1.9279e-13   3404.08 0 
  3400.67 1.9689e-13   3411.93 0 
  3408.50 1.8766e-13   3419.79 0 
  3416.36 1.9034e-13   3427.68 0 
  3424.24 1.9261e-13   3435.58 0 
  3432.13 1.9356e-13   3443.50 0 
  3440.04 1.9141e-13   3451.44 0 
  3447.97 1.8626e-13   3459.39 0 
  3455.92 1.8334e-13   3467.37 0 
  3463.89 1.8089e-13   3475.36 0 
  3471.87 1.8220e-13   3483.37 0 
  3479.88 1.8143e-13   3491.40 0 
  3487.90 1.8233e-13   3499.45 0 
  3495.94 1.8408e-13   3507.52 0 
  3504.00 1.8036e-13   3515.60 0 
  3512.08 1.7960e-13   3523.71 0 
  3520.17 1.8090e-13   3531.83 0 
  3528.29 1.8097e-13   3539.97 0 
  3536.42 1.8313e-13   3548.13 0 
  3544.57 1.8277e-13   3556.31 0 
  3552.75 1.8410e-13   3564.51 0 
  3560.93 1.8374e-13   3572.73 0 
  3569.14 1.7838e-13   3580.96 0 
  3577.37 1.7199e-13   3589.22 0 
  3585.62 1.7008e-13   3597.49 0 
  3593.88 1.7093e-13   3605.79 0 
  3602.17 1.7497e-13   3614.10 0 
  3610.47 1.7423e-13   3622.43 0 
  3618.79 1.7550e-13   3630.78 0 
  3627.14 1.8215e-13   3639.15 0 
  3635.50 1.7848e-13   3647.54 0 
  3643.88 1.7978e-13   3655.95 0 
  3652.28 1.7656e-13   3664.37 0 
  3660.70 1.7949e-13   3672.82 0 
  3669.14 1.7750e-13   3681.29 0 
  3677.59 1.7594e-13   3689.78 0 
  3678.15 1.6863e-13   3690.33 1 
  3680.89 1.6325e-13   3693.08 1 
  3683.63 1.6584e-13   3695.83 1 
  3686.37 1.7197e-13   3698.58 1 
  3689.11 1.6792e-13   3701.33 1 
  3691.85 1.6799e-13   3704.08 1 
  3694.59 1.7313e-13   3706.83 1 
  3697.33 1.7340e-13   3709.58 1 
  3700.08 1.6890e-13   3712.33 1 
  3702.82 1.6318e-13   3715.08 1 
  3705.56 1.6762e-13   3717.83 1 
  3708.30 1.7140e-13   3720.58 1 
  3711.04 1.7153e-13   3723.33 1 
  3713.78 1.8882e-13   3726.08 1 
  3716.52 2.4101e-13   3728.83 1 
  3719.26 3.8606e-13   3731.58 1 
  3722.00 6.8652e-13   3734.33 1 
  3724.74 1.0043e-12   3737.08 1 
  3727.48 1.0603e-12   3739.83 1 
  3730.23 8.0202e-13   3742.58 1 
  3732.97 4.7826e-13   3745.33 1 
  3735.71 2.7568e-13   3748.08 1 
  3738.45 2.0781e-13   3750.83 1 
  3741.19 1.9399e-13   3753.58 1 
  3743.93 1.8778e-13   3756.33 1 
  3746.67 1.7710e-13   3759.08 1 
  3749.41 1.7597e-13   3761.83 1 
  3752.15 1.7929e-13   3764.58 1 
  3754.89 1.9228e-13   3767.33 1 
  3757.63 2.0332e-13   3770.08 1 
  3760.38 2.0489e-13   3772.83 1 
  3763.12 2.0071e-13   3775.58 1 
  3765.86 1.8578e-13   3778.33 1 
  3768.60 1.7315e-13   3781.08 1 
  3771.34 1.8195e-13   3783.83 1 
  3774.08 1.9764e-13   3786.58 1 
  3776.82 2.0649e-13   3789.33 1 
  3779.56 2.1893e-13   3792.08 1 
  3782.30 2.1955e-13   3794.83 1 
  3785.04 2.1562e-13   3797.58 1 
  3787.78 2.1452e-13   3800.33 1 
  3790.53 2.0412e-13   3803.08 1 
  3793.27 1.9171e-13   3805.83 1 
  3796.01 1.8488e-13   3808.58 1 
  3798.75 1.7823e-13   3811.33 1 
  3801.49 1.9095e-13   3814.08 1 
  3804.23 2.0914e-13   3816.83 1 
  3806.97 2.1740e-13   3819.58 1 
  3809.71 2.2445e-13   3822.33 1 
  3812.45 2.2912e-13   3825.08 1 
  3815.19 2.3033e-13   3827.83 1 
  3817.94 2.2057e-13   3830.58 1 
  3820.68 2.1290e-13   3833.33 1 
  3823.42 2.1195e-13   3836.08 1 
  3826.16 2.0798e-13   3838.83 1 
  3828.90 1.9077e-13   3841.58 1 
  3831.64 1.8201e-13   3844.33 1 
  3834.38 1.8117e-13   3847.08 1 
  3837.12 1.8585e-13   3849.83 1 
  3839.86 1.9523e-13   3852.58 1 
  3842.60 2.0213e-13   3855.33 1 
  3845.34 2.1546e-13   3858.08 1 
  3848.09 2.1887e-13   3860.83 1 
  3850.83 2.2857e-13   3863.58 1 
  3853.57 2.3197e-13   3866.33 1 
  3856.31 2.3733e-13   3869.08 1 
  3859.05 2.3817e-13   3871.83 1 
  3861.79 2.5049e-13   3874.58 1 
  3864.53 2.7249e-13   3877.33 1 
  3867.27 2.8393e-13   3880.08 1 
  3870.01 2.6720e-13   3882.83 1 
  3872.75 2.4300e-13   3885.58 1 
  3875.49 2.2709e-13   3888.33 1 
  3878.24 2.1998e-13   3891.08 1 
  3880.98 2.1241e-13   3893.83 1 
  3883.72 2.1015e-13   3896.58 1 
  3886.46 2.2337e-13   3899.33 1 
  3889.20 2.1698e-13   3902.08 1 
  3891.94 2.0373e-13   3904.83 1 
  3894.68 2.1020e-13   3907.58 1 
  3897.42 2.1139e-13   3910.33 1 
  3900.16 2.1548e-13   3913.08 1 
  3902.90 2.2042e-13   3915.83 1 
  3905.64 2.2453e-13   3918.58 1 
  3908.39 2.2760e-13   3921.33 1 
  3911.13 2.3132e-13   3924.08 1 
  3913.87 2.3533e-13   3926.83 1 
  3916.61 2.2384e-13   3929.58 1 
  3919.35 2.2164e-13   3932.33 1 
  3922.09 2.2340e-13   3935.08 1 
  3924.83 2.1528e-13   3937.83 1 
  3927.57 2.0710e-13   3940.58 1 
  3930.31 2.0590e-13   3943.33 1 
  3933.05 2.1052e-13   3946.08 1 
  3935.79 2.1445e-13   3948.83 1 
  3938.54 2.2094e-13   3951.58 1 
  3941.28 2.2305e-13   3954.33 1 
  3944.02 2.2280e-13   3957.08 1 
  3946.76 2.2015e-13   3959.83 1 
  3949.50 2.2076e-13   3962.58 1 
  3952.24 2.2466e-13   3965.33 1 
  3954.98 2.1712e-13   3968.08 1 
  3957.72 2.0823e-13   3970.83 1 
  3960.46 1.9921e-13   3973.58 1 
  3963.20 2.0235e-13   3976.33 1 
  3965.94 2.0640e-13   3979.08 1 
  3968.69 2.1660e-13   3981.83 1 
  3971.43 1.9581e-13   3984.58 1 
  3974.17 1.9492e-13   3987.33 1 
  3976.91 1.9182e-13   3990.08 1 
  3979.65 2.0485e-13   3992.83 1 
  3982.39 2.1304e-13   3995.58 1 
  3985.13 2.1586e-13   3998.33 1 
  3987.87 2.2216e-13   4001.08 1 
  3990.61 2.1949e-13   4003.83 1 
  3993.35 2.3049e-13   4006.58 1 
  3996.10 2.3017e-13   4009.33 1 
  3998.84 2.2712e-13   4012.08 1 
  4001.58 2.2508e-13   4014.83 1 
  4004.32 2.2200e-13   4017.58 1 
  4007.06 2.2488e-13   4020.33 1 
  4009.80 2.2682e-13   4023.08 1 
  4012.54 2.2462e-13   4025.83 1 
  4015.28 2.2928e-13   4028.58 1 
  4018.02 2.2250e-13   4031.33 1 
  4020.76 2.2544e-13   4034.08 1 
  4023.50 2.2468e-13   4036.83 1 
  4026.25 2.3055e-13   4039.58 1 
  4028.99 2.2217e-13   4042.33 1 
  4031.73 2.2142e-13   4045.08 1 
  4034.47 2.2594e-13   4047.83 1 
  4037.21 2.2182e-13   4050.58 1 
  4039.95 2.2663e-13   4053.33 1 
  4042.69 2.2627e-13   4056.08 1 
  4045.43 2.2710e-13   4058.83 1 
  4048.17 2.2451e-13   4061.58 1 
  4050.91 2.2351e-13   4064.33 1 
  4053.65 2.2222e-13   4067.08 1 
  4056.40 2.3002e-13   4069.83 1 
  4059.14 2.2180e-13   4072.58 1 
  4061.88 2.3033e-13   4075.33 1 
  4064.62 2.3022e-13   4078.08 1 
  4067.36 2.3376e-13   4080.83 1 
  4070.10 2.2482e-13   4083.58 1 
  4072.84 2.1825e-13   4086.33 1 
  4075.58 2.2492e-13   4089.08 1 
  4078.32 2.2248e-13   4091.83 1 
  4081.06 2.1925e-13   4094.58 1 
  4083.80 2.1952e-13   4097.33 1 
  4086.55 2.1043e-13   4100.08 1 
  4089.29 2.0907e-13   4102.83 1 
  4092.03 2.0139e-13   4105.58 1 
  4094.77 2.0613e-13   4108.33 1 
  4097.51 2.2384e-13   4111.08 1 
  4100.25 2.3989e-13   4113.83 1 
  4102.99 2.3450e-13   4116.58 1 
  4105.73 2.0930e-13   4119.33 1 
  4108.47 1.9455e-13   4122.08 1 
  4111.21 2.0358e-13   4124.83 1 
  4113.95 2.0273e-13   4127.58 1 
  4116.70 2.0986e-13   4130.33 1 
  4119.44 2.1296e-13   4133.08 1 
  4122.18 2.0860e-13   4135.83 1 
  4124.92 2.0696e-13   4138.58 1 
  4127.66 2.1076e-13   4141.33 1 
  4130.40 2.0884e-13   4144.08 1 
  4133.14 2.1308e-13   4146.83 1 
  4135.88 2.1684e-13   4149.58 1 
  4138.62 2.1252e-13   4152.33 1 
  4141.36 2.0422e-13   4155.08 1 
  4144.10 2.0809e-13   4157.83 1 
  4146.85 2.0995e-13   4160.58 1 
  4149.59 2.1050e-13   4163.33 1 
  4152.33 2.0816e-13   4166.08 1 
  4155.07 2.1148e-13   4168.83 1 
  4157.81 2.1343e-13   4171.58 1 
  4160.55 2.1218e-13   4174.33 1 
  4163.29 2.1320e-13   4177.08 1 
  4166.03 2.1268e-13   4179.83 1 
  4168.77 2.0483e-13   4182.58 1 
  4171.51 2.0418e-13   4185.33 1 
  4174.25 2.0590e-13   4188.08 1 
  4177.00 2.0884e-13   4190.83 1 
  4179.74 2.0267e-13   4193.58 1 
  4182.48 2.0393e-13   4196.33 1 
  4185.22 2.0875e-13   4199.08 1 
  4187.96 2.0880e-13   4201.83 1 
  4190.70 2.0934e-13   4204.58 1 
  4193.44 2.1362e-13   4207.33 1 
  4196.18 2.0985e-13   4210.08 1 
  4198.92 2.0924e-13   4212.83 1 
  4201.66 2.0705e-13   4215.58 1 
  4204.41 2.0718e-13   4218.33 1 
  4207.15 2.0830e-13   4221.08 1 
  4209.89 2.0679e-13   4223.83 1 
  4212.63 2.0747e-13   4226.58 1 
  4215.37 2.0961e-13   4229.33 1 
  4218.11 2.0597e-13   4232.08 1 
  4220.85 2.0610e-13   4234.83 1 
  4223.59 2.0497e-13   4237.58 1 
  4226.33 2.0491e-13   4240.33 1 
  4229.07 2.0241e-13   4243.08 1 
  4231.81 2.0011e-13   4245.83 1 
  4234.56 1.9966e-13   4248.58 1 
  4237.30 2.0023e-13   4251.33 1 
  4240.04 2.0369e-13   4254.08 1 
  4242.78 2.0614e-13   4256.83 1 
  4245.52 2.0518e-13   4259.58 1 
  4248.26 2.0231e-13   4262.33 1 
  4251.00 2.0187e-13   4265.08 1 
  4253.74 1.9991e-13   4267.83 1 
  4256.48 2.0402e-13   4270.58 1 
  4259.22 2.0521e-13   4273.33 1 
  4261.96 2.0230e-13   4276.08 1 
  4264.71 2.0142e-13   4278.83 1 
  4267.45 2.0027e-13   4281.58 1 
  4270.19 1.9928e-13   4284.33 1 
  4272.93 2.0112e-13   4287.08 1 
  4275.67 1.9913e-13   4289.83 1 
  4278.41 1.9719e-13   4292.58 1 
  4281.15 2.0082e-13   4295.33 1 
  4283.89 2.0173e-13   4298.08 1 
  4286.63 1.9833e-13   4300.83 1 
  4289.37 1.9516e-13   4303.58 1 
  4292.11 1.9362e-13   4306.33 1 
  4294.86 1.9266e-13   4309.08 1 
  4297.60 1.9101e-13   4311.83 1 
  4300.34 1.8957e-13   4314.58 1 
  4303.08 1.8910e-13   4317.33 1 
  4305.82 1.8978e-13   4320.08 1 
  4308.56 1.8792e-13   4322.83 1 
  4311.30 1.8859e-13   4325.58 1 
  4314.04 1.9206e-13   4328.33 1 
  4316.78 1.9215e-13   4331.08 1 
  4319.52 1.9321e-13   4333.83 1 
  4322.26 1.9048e-13   4336.58 1 
  4325.01 1.8642e-13   4339.33 1 
  4327.75 1.8467e-13   4342.08 1 
  4330.49 1.8820e-13   4344.83 1 
  4333.23 2.0823e-13   4347.58 1 
  4335.97 2.5094e-13   4350.33 1 
  4338.71 2.8923e-13   4353.08 1 
  4341.45 2.8351e-13   4355.83 1 
  4344.19 2.3685e-13   4358.58 1 
  4346.93 1.9770e-13   4361.33 1 
  4349.67 1.8406e-13   4364.08 1 
  4352.41 1.8530e-13   4366.83 1 
  4355.16 1.9164e-13   4369.58 1 
  4357.90 1.9873e-13   4372.33 1 
  4360.64 2.0015e-13   4375.08 1 
  4363.38 2.0233e-13   4377.83 1 
  4366.12 2.0197e-13   4380.58 1 
  4368.86 1.9584e-13   4383.33 1 
  4371.60 1.9413e-13   4386.08 1 
  4374.34 1.9354e-13   4388.83 1 
  4377.08 1.8981e-13   4391.58 1 
  4379.82 1.8724e-13   4394.33 1 
  4382.57 1.8580e-13   4397.08 1 
  4385.31 1.8318e-13   4399.83 1 
  4388.05 1.8523e-13   4402.58 1 
  4390.79 1.8819e-13   4405.33 1 
  4393.53 1.9186e-13   4408.08 1 
  4396.27 1.8998e-13   4410.83 1 
  4399.01 1.8665e-13   4413.58 1 
  4401.75 1.8751e-13   4416.33 1 
  4404.49 1.8995e-13   4419.08 1 
  4407.23 1.9046e-13   4421.83 1 
  4409.97 1.9261e-13   4424.58 1 
  4412.72 1.9352e-13   4427.33 1 
  4415.46 1.9175e-13   4430.08 1 
  4418.20 1.9040e-13   4432.83 1 
  4420.94 1.8985e-13   4435.58 1 
  4423.68 1.8874e-13   4438.33 1 
  4426.42 1.9100e-13   4441.08 1 
  4429.16 1.8977e-13   4443.83 1 
  4431.90 1.9199e-13   4446.58 1 
  4434.64 1.9075e-13   4449.33 1 
  4437.38 1.8672e-13   4452.08 1 
  4440.12 1.8843e-13   4454.83 1 
  4442.87 1.8952e-13   4457.58 1 
  4445.61 1.8907e-13   4460.33 1 
  4448.35 1.8992e-13   4463.08 1 
  4451.09 1.9010e-13   4465.83 1 
  4453.83 1.8918e-13   4468.58 1 
  4456.57 1.8705e-13   4471.33 1 
  4459.31 1.8853e-13   4474.08 1 
  4462.05 1.8867e-13   4476.83 1 
  4464.79 1.8971e-13   4479.58 1 
  4467.53 1.9142e-13   4482.33 1 
  4470.27 1.9478e-13   4485.08 1 
  4473.02 1.9677e-13   4487.83 1 
  4475.76 1.9185e-13   4490.58 1 
  4478.50 1.9259e-13   4493.33 1 
  4481.24 1.9250e-13   4496.08 1 
  4483.98 1.9221e-13   4498.83 1 
  4486.72 1.8743e-13   4501.58 1 
  4489.46 1.9183e-13   4504.33 1 
  4492.20 1.8819e-13   4507.08 1 
  4494.94 1.9033e-13   4509.83 1 
  4497.68 1.9210e-13   4512.58 1 
  4500.42 1.9469e-13   4515.33 1 
  4503.17 1.9527e-13   4518.08 1 
  4505.91 1.9273e-13   4520.83 1 
  4508.65 1.9064e-13   4523.58 1 
  4511.39 1.8949e-13   4526.33 1 
  4514.13 1.9043e-13   4529.08 1 
  4516.87 1.8980e-13   4531.83 1 
  4519.61 1.8686e-13   4534.58 1 
  4522.35 1.8446e-13   4537.33 1 
  4525.09 1.8573e-13   4540.08 1 
  4527.83 1.8019e-13   4542.83 1 
  4530.57 1.8340e-13   4545.58 1 
  4533.32 1.8110e-13   4548.33 1 
  4536.06 1.8174e-13   4551.08 1 
  4538.80 1.8280e-13   4553.83 1 
  4541.54 1.8468e-13   4556.58 1 
  4544.28 1.8534e-13   4559.33 1 
  4547.02 1.8051e-13   4562.08 1 
  4549.76 1.7821e-13   4564.83 1 
  4552.50 1.7906e-13   4567.58 1 
  4555.24 1.8193e-13   4570.33 1 
  4557.98 1.8496e-13   4573.08 1 
  4560.72 1.8749e-13   4575.83 1 
  4563.47 1.8758e-13   4578.58 1 
  4566.21 1.8646e-13   4581.33 1 
  4568.95 1.8829e-13   4584.08 1 
  4571.69 1.8874e-13   4586.83 1 
  4574.43 1.8173e-13   4589.58 1 
  4577.17 1.8381e-13   4592.33 1 
  4579.91 1.8675e-13   4595.08 1 
  4582.65 1.8641e-13   4597.83 1 
  4585.39 1.8226e-13   4600.58 1 
  4588.13 1.7874e-13   4603.33 1 
  4590.88 1.8352e-13   4606.08 1 
  4593.62 1.8572e-13   4608.83 1 
  4596.36 1.8548e-13   4611.58 1 
  4599.10 1.8200e-13   4614.33 1 
  4601.84 1.8441e-13   4617.08 1 
  4604.58 1.8323e-13   4619.83 1 
  4607.32 1.8961e-13   4622.58 1 
  4610.06 1.8431e-13   4625.33 1 
  4612.80 1.8635e-13   4628.08 1 
  4615.54 1.8868e-13   4630.83 1 
  4618.28 1.8399e-13   4633.58 1 
  4621.03 1.8618e-13   4636.33 1 
  4623.77 1.8158e-13   4639.08 1 
  4626.51 1.8332e-13   4641.83 1 
  4629.25 1.8417e-13   4644.58 1 
  4631.99 1.8637e-13   4647.33 1 
  4634.73 1.8596e-13   4650.08 1 
  4637.47 1.8185e-13   4652.83 1 
  4640.21 1.7802e-13   4655.58 1 
  4642.95 1.8748e-13   4658.33 1 
  4645.69 1.7858e-13   4661.08 1 
  4648.43 1.8141e-13   4663.83 1 
  4651.18 1.8207e-13   4666.58 1 
  4653.92 1.8151e-13   4669.33 1 
  4656.66 1.8759e-13   4672.08 1 
  4659.40 1.8469e-13   4674.83 1 
  4662.14 1.8160e-13   4677.58 1 
  4664.88 1.8348e-13   4680.33 1 
  4667.62 1.7832e-13   4683.08 1 
  4670.36 1.7458e-13   4685.83 1 
  4673.10 1.7741e-13   4688.58 1 
  4675.84 1.8101e-13   4691.33 1 
  4678.58 1.7988e-13   4694.08 1 
  4681.33 1.8307e-13   4696.83 1 
  4684.07 1.7731e-13   4699.58 1 
  4686.81 1.7875e-13   4702.33 1 
  4689.55 1.7476e-13   4705.08 1 
  4692.29 1.7955e-13   4707.83 1 
  4695.03 1.7788e-13   4710.58 1 
  4697.77 1.7767e-13   4713.33 1 
  4700.51 1.7633e-13   4716.08 1 
  4703.25 1.7262e-13   4718.83 1 
  4705.99 1.7420e-13   4721.58 1 
  4708.73 1.7435e-13   4724.33 1 
  4711.48 1.7266e-13   4727.08 1 
  4714.22 1.7313e-13   4729.83 1 
  4716.96 1.7893e-13   4732.58 1 
  4719.70 1.7678e-13   4735.33 1 
  4722.44 1.7814e-13   4738.08 1 
  4725.18 1.7326e-13   4740.83 1 
  4727.92 1.7487e-13   4743.58 1 
  4730.66 1.7398e-13   4746.33 1 
  4733.40 1.7561e-13   4749.08 1 
  4736.14 1.7640e-13   4751.83 1 
  4738.88 1.7936e-13   4754.58 1 
  4741.63 1.7521e-13   4757.33 1 
  4744.37 1.7491e-13   4760.08 1 
  4747.11 1.7710e-13   4762.83 1 
  4749.85 1.7608e-13   4765.58 1 
  4752.59 1.7203e-13   4768.33 1 
  4755.33 1.7468e-13   4771.08 1 
  4758.07 1.7433e-13   4773.83 1 
  4760.81 1.7390e-13   4776.58 1 
  4763.55 1.7374e-13   4779.33 1 
  4766.29 1.7297e-13   4782.08 1 
  4769.04 1.7390e-13   4784.83 1 
  4771.78 1.7484e-13   4787.58 1 
  4774.52 1.7234e-13   4790.33 1 
  4777.26 1.7641e-13   4793.08 1 
  4780.00 1.7367e-13   4795.83 1 
  4782.74 1.7447e-13   4798.58 1 
  4785.48 1.7355e-13   4801.33 1 
  4788.22 1.7288e-13   4804.08 1 
  4790.96 1.7567e-13   4806.83 1 
  4793.70 1.7438e-13   4809.58 1 
  4796.44 1.7402e-13   4812.33 1 
  4799.19 1.7383e-13   4815.08 1 
  4801.93 1.7352e-13   4817.83 1 
  4804.67 1.7343e-13   4820.58 1 
  4807.41 1.7336e-13   4823.33 1 
  4810.15 1.7329e-13   4826.08 1 
  4812.89 1.7097e-13   4828.83 1 
  4815.63 1.7332e-13   4831.58 1 
  4818.37 1.7485e-13   4834.33 1 
  4821.11 1.7302e-13   4837.08 1 
  4823.85 1.7074e-13   4839.83 1 
  4826.59 1.6894e-13   4842.58 1 
  4829.34 1.7412e-13   4845.33 1 
  4832.08 1.6846e-13   4848.08 1 
  4834.82 1.6642e-13   4850.83 1 
  4837.56 1.6738e-13   4853.58 1 
  4840.30 1.6549e-13   4856.33 1 
  4843.04 1.6644e-13   4859.08 1 
  4845.78 1.6591e-13   4861.83 1 
  4848.52 1.6524e-13   4864.58 1 
  4851.26 1.7633e-13   4867.33 1 
  4854.00 2.2812e-13   4870.08 1 
  4856.74 3.4493e-13   4872.83 1 
  4859.49 4.7160e-13   4875.58 1 
  4862.23 4.7271e-13   4878.33 1 
  4864.97 3.5151e-13   4881.08 1 
  4867.71 2.2321e-13   4883.83 1 
  4870.45 1.7107e-13   4886.58 1 
  4873.19 1.5981e-13   4889.33 1 
  4875.93 1.5960e-13   4892.08 1 
  4878.67 1.6133e-13   4894.83 1 
  4881.41 1.6394e-13   4897.58 1 
  4884.15 1.6358e-13   4900.33 1 
  4886.89 1.6155e-13   4903.08 1 
  4889.64 1.6202e-13   4905.83 1 
  4892.38 1.6586e-13   4908.58 1 
  4895.12 1.6603e-13   4911.33 1 
  4897.86 1.6774e-13   4914.08 1 
  4900.60 1.7021e-13   4916.83 1 
  4903.34 1.6632e-13   4919.58 1 
  4906.08 1.6790e-13   4922.33 1 
  4908.82 1.6841e-13   4925.08 1 
  4911.56 1.6402e-13   4927.83 1 
  4914.30 1.6399e-13   4930.58 1 
  4917.04 1.6296e-13   4933.33 1 
  4919.79 1.5730e-13   4936.08 1 
  4922.53 1.5989e-13   4938.83 1 
  4925.27 1.5987e-13   4941.58 1 
  4928.01 1.6188e-13   4944.33 1 
  4930.75 1.6020e-13   4947.08 1 
  4933.49 1.6437e-13   4949.83 1 
  4936.23 1.6275e-13   4952.58 1 
  4938.97 1.6148e-13   4955.33 1 
  4941.71 1.6055e-13   4958.08 1 
  4944.45 1.6212e-13   4960.83 1 
  4947.19 1.7040e-13   4963.58 1 
  4949.94 1.8833e-13   4966.33 1 
  4952.68 2.4478e-13   4969.08 1 
  4955.42 3.3478e-13   4971.83 1 
  4958.16 3.9111e-13   4974.58 1 
  4960.90 3.5335e-13   4977.33 1 
  4963.64 2.5766e-13   4980.08 1 
  4966.38 1.9000e-13   4982.83 1 
  4969.12 1.6686e-13   4985.58 1 
  4971.86 1.6325e-13   4988.33 1 
  4974.60 1.6170e-13   4991.08 1 
  4977.35 1.5967e-13   4993.83 1 
  4980.09 1.5923e-13   4996.58 1 
  4982.83 1.5999e-13   4999.33 1 
  4985.57 1.6338e-13   5002.08 1 
  4988.31 1.6564e-13   5004.83 1 
  4991.05 1.6539e-13   5007.58 1 
  4993.79 1.7099e-13   5010.33 1 
  4996.53 2.0010e-13   5013.08 1 
  4999.27 3.0397e-13   5015.83 1 
  5002.01 5.4441e-13   5018.58 1 
  5004.75 8.0481e-13   5021.33 1 
  5007.50 8.2873e-13   5024.08 1 
  5010.24 5.9225e-13   5026.83 1 
  5012.98 3.2847e-13   5029.58 1 
  5015.72 2.0825e-13   5032.33 1 
  5018.46 1.7034e-13   5035.08 1 
  5021.20 1.5778e-13   5037.83 1 
  5023.94 1.5380e-13   5040.58 1 
  5026.68 1.5613e-13   5043.33 1 
  5029.42 1.5843e-13   5046.08 1 
  5032.16 1.5751e-13   5048.83 1 
  5034.90 1.5662e-13   5051.58 1 
  5037.65 1.5518e-13   5054.33 1 
  5040.39 1.5507e-13   5057.08 1 
  5043.13 1.5680e-13   5059.83 1 
  5045.87 1.5625e-13   5062.58 1 
  5048.61 1.5351e-13   5065.33 1 
  5051.35 1.5526e-13   5068.08 1 
  5054.09 1.5849e-13   5070.83 1 
  5056.83 1.5856e-13   5073.58 1 
  5059.57 1.6008e-13   5076.33 1 
  5062.31 1.5675e-13   5079.08 1 
  5065.05 1.5442e-13   5081.83 1 
  5067.80 1.5407e-13   5084.58 1 
  5070.54 1.5289e-13   5087.33 1 
  5073.28 1.5026e-13   5090.08 1 
  5076.02 1.4968e-13   5092.83 1 
  5078.76 1.5109e-13   5095.58 1 
  5081.50 1.5070e-13   5098.33 1 
  5084.24 1.5369e-13   5101.08 1 
  5086.98 1.5750e-13   5103.83 1 
  5089.72 1.5485e-13   5106.58 1 
  5092.46 1.5285e-13   5109.33 1 
  5095.20 1.5553e-13   5112.08 1 
  5097.95 1.5331e-13   5114.83 1 
  5100.69 1.5222e-13   5117.58 1 
  5103.43 1.5124e-13   5120.33 1 
  5106.17 1.5098e-13   5123.08 1 
  5108.91 1.5100e-13   5125.83 1 
  5111.65 1.5124e-13   5128.58 1 
  5114.39 1.5045e-13   5131.33 1 
  5117.13 1.4980e-13   5134.08 1 
  5119.87 1.5210e-13   5136.83 1 
  5122.61 1.4900e-13   5139.58 1 
  5125.35 1.4693e-13   5142.33 1 
  5128.10 1.4800e-13   5145.08 1 
  5130.84 1.4971e-13   5147.83 1 
  5133.58 1.4917e-13   5150.58 1 
  5136.32 1.4918e-13   5153.33 1 
  5139.06 1.4870e-13   5156.08 1 
  5141.80 1.4790e-13   5158.83 1 
  5144.54 1.4831e-13   5161.58 1 
  5147.28 1.4671e-13   5164.33 1 
  5150.02 1.4793e-13   5167.08 1 
  5152.76 1.4774e-13   5169.83 1 
  5155.51 1.4934e-13   5172.58 1 
  5158.25 1.5124e-13   5175.33 1 
  5160.99 1.4927e-13   5178.08 1 
  5163.73 1.4577e-13   5180.83 1 
  5166.47 1.3995e-13   5183.58 1 
  5169.21 1.3729e-13   5186.33 1 
  5171.95 1.3875e-13   5189.08 1 
  5174.69 1.4015e-13   5191.83 1 
  5177.43 1.4152e-13   5194.58 1 
  5180.17 1.4052e-13   5197.33 1 
  5182.91 1.4080e-13   5200.08 1 
  5185.66 1.4112e-13   5202.83 1 
  5188.40 1.4255e-13   5205.58 1 
  5191.14 1.4601e-13   5208.33 1 
  5193.88 1.5259e-13   5211.08 1 
  5196.62 1.5758e-13   5213.83 1 
  5199.36 1.5811e-13   5216.58 1 
  5202.10 1.5375e-13   5219.33 1 
  5204.84 1.4484e-13   5222.08 1 
  5207.58 1.4201e-13   5224.83 1 
  5210.32 1.4234e-13   5227.58 1 
  5213.06 1.4241e-13   5230.33 1 
  5215.81 1.4680e-13   5233.08 1 
  5218.55 1.4790e-13   5235.83 1 
  5221.29 1.4450e-13   5238.58 1 
  5224.03 1.4301e-13   5241.33 1 
  5226.77 1.4172e-13   5244.08 1 
  5229.51 1.4203e-13   5246.83 1 
  5232.25 1.4524e-13   5249.58 1 
  5234.99 1.4621e-13   5252.33 1 
  5237.73 1.4624e-13   5255.08 1 
  5240.47 1.4654e-13   5257.83 1 
  5243.21 1.4589e-13   5260.58 1 
  5245.96 1.4477e-13   5263.33 1 
  5248.70 1.4692e-13   5266.08 1 
  5251.44 1.4610e-13   5268.83 1 
  5254.18 1.4620e-13   5271.58 1 
  5256.92 1.4533e-13   5274.33 1 
  5259.66 1.4545e-13   5277.08 1 
  5262.40 1.4485e-13   5279.83 1 
  5265.14 1.4277e-13   5282.58 1 
  5267.88 1.3966e-13   5285.33 1 
  5270.62 1.4050e-13   5288.08 1 
  5273.36 1.4243e-13   5290.83 1 
  5276.11 1.4426e-13   5293.58 1 
  5278.85 1.4711e-13   5296.33 1 
  5281.59 1.4753e-13   5299.08 1 
  5284.33 1.4724e-13   5301.83 1 
  5287.07 1.4607e-13   5304.58 1 
  5289.81 1.4667e-13   5307.33 1 
  5292.55 1.4832e-13   5310.08 1 
  5295.29 1.4736e-13   5312.83 1 
  5298.03 1.4463e-13   5315.58 1 
  5300.77 1.4940e-13   5318.33 1 
  5303.51 1.4854e-13   5321.08 1 
  5306.26 1.4685e-13   5323.83 1 
  5309.00 1.4733e-13   5326.58 1 
  5311.74 1.4746e-13   5329.33 1 
  5314.48 1.4410e-13   5332.08 1 
  5317.22 1.4602e-13   5334.83 1 
  5319.96 1.4490e-13   5337.58 1 
  5322.70 1.4141e-13   5340.33 1 
  5325.44 1.4192e-13   5343.08 1 
  5328.18 1.4190e-13   5345.83 1 
  5330.92 1.4266e-13   5348.58 1 
  5333.66 1.4439e-13   5351.33 1 
  5336.41 1.4434e-13   5354.08 1 
  5339.15 1.4556e-13   5356.83 1 
  5341.89 1.4574e-13   5359.58 1 
  5344.63 1.4530e-13   5362.33 1 
  5347.37 1.4388e-13   5365.08 1 
  5350.11 1.4663e-13   5367.83 1 
  5352.85 1.4953e-13   5370.58 1 
  5355.59 1.5147e-13   5373.33 1 
  5358.33 1.5015e-13   5376.08 1 
  5361.07 1.4689e-13   5378.83 1 
  5363.82 1.4389e-13   5381.58 1 
  5366.56 1.4412e-13   5384.33 1 
  5369.30 1.4230e-13   5387.08 1 
  5372.04 1.4246e-13   5389.83 1 
  5374.78 1.4338e-13   5392.58 1 
  5377.52 1.4336e-13   5395.33 1 
  5380.26 1.4390e-13   5398.08 1 
  5383.00 1.4345e-13   5400.83 1 
  5385.74 1.4318e-13   5403.58 1 
  5388.48 1.4109e-13   5406.33 1 
  5391.22 1.4165e-13   5409.08 1 
  5393.97 1.4051e-13   5411.83 1 
  5396.71 1.3866e-13   5414.58 1 
  5399.45 1.3884e-13   5417.33 1 
  5402.19 1.3762e-13   5420.08 1 
  5404.93 1.3621e-13   5422.83 1 
  5407.67 1.3782e-13   5425.58 1 
  5410.41 1.4003e-13   5428.33 1 
  5413.15 1.3897e-13   5431.08 1 
  5415.89 1.3938e-13   5433.83 1 
  5418.63 1.3974e-13   5436.58 1 
  5421.37 1.4156e-13   5439.33 1 
  5424.12 1.4059e-13   5442.08 1 
  5426.86 1.4127e-13   5444.83 1 
  5429.60 1.3936e-13   5447.58 1 
  5432.34 1.3929e-13   5450.33 1 
  5435.08 1.3916e-13   5453.08 1 
  5437.82 1.3987e-13   5455.83 1 
  5440.56 1.4140e-13   5458.58 1 
  5443.30 1.4024e-13   5461.33 1 
  5446.04 1.3850e-13   5464.08 1 
  5448.78 1.3920e-13   5466.83 1 
  5451.52 1.4025e-13   5469.58 1 
  5454.27 1.3932e-13   5472.33 1 
  5457.01 1.3996e-13   5475.08 1 
  5459.75 1.4021e-13   5477.83 1 
  5462.49 1.3942e-13   5480.58 1 
  5465.23 1.3987e-13   5483.33 1 
  5467.97 1.4272e-13   5486.08 1 
  5470.71 1.3854e-13   5488.83 1 
  5473.45 1.3763e-13   5491.58 1 
  5476.19 1.3837e-13   5494.33 1 
  5478.93 1.3731e-13   5497.08 1 
  5481.67 1.3840e-13   5499.83 1 
  5484.42 1.3733e-13   5502.58 1 
  5487.16 1.3810e-13   5505.33 1 
  5489.90 1.3762e-13   5508.08 1 
  5492.64 1.3783e-13   5510.83 1 
  5495.38 1.3769e-13   5513.58 1 
  5498.12 1.3725e-13   5516.33 1 
  5500.86 1.3649e-13   5519.08 1 
  5503.60 1.3426e-13   5521.83 1 
  5506.34 1.3467e-13   5524.58 1 
  5509.08 1.3588e-13   5527.33 1 
  5511.82 1.3774e-13   5530.08 1 
  5514.57 1.3956e-13   5532.83 1 
  5517.31 1.4036e-13   5535.58 1 
  5520.05 1.3911e-13   5538.33 1 
  5522.79 1.3880e-13   5541.08 1 
  5525.53 1.3732e-13   5543.83 1 
  5528.27 1.3464e-13   5546.58 1 
  5531.01 1.3624e-13   5549.33 1 
  5533.75 1.3476e-13   5552.08 1 
  5536.49 1.3440e-13   5554.83 1 
  5539.23 1.3474e-13   5557.58 1 
  5541.98 1.3722e-13   5560.33 1 
  5544.72 1.3881e-13   5563.08 1 
  5547.46 1.3920e-13   5565.83 1 
  5550.20 1.3860e-13   5568.58 1 
  5552.94 1.3706e-13   5571.33 1 
  5555.68 1.3811e-13   5574.08 1 
  5558.42 1.3834e-13   5576.83 1 
  5561.16 1.3869e-13   5579.58 1 
  5563.90 1.3540e-13   5582.33 1 
  5566.64 1.3548e-13   5585.08 1 
  5569.38 1.3843e-13   5587.83 1 
  5572.13 1.3534e-13   5590.58 1 
  5574.87 1.3531e-13   5593.33 1 
  5577.61 1.3635e-13   5596.08 1 
  5580.35 1.3424e-13   5598.83 1 
  5583.09 1.3431e-13   5601.58 1 
  5585.83 1.3304e-13   5604.33 1 
  5588.57 1.3188e-13   5607.08 1 
  5591.31 1.3066e-13   5609.83 1 
  5594.05 1.3434e-13   5612.58 1 
  5596.79 1.3501e-13   5615.33 1 
  5599.53 1.3418e-13   5618.08 1 
  5602.28 1.3479e-13   5620.83 1 
  5605.02 1.3733e-13   5623.58 1 
  5607.76 1.3575e-13   5626.33 1 
  5610.50 1.3606e-13   5629.08 1 
  5613.24 1.3490e-13   5631.83 1 
  5615.98 1.3597e-13   5634.58 1 
  5618.72 1.3366e-13   5637.33 1 
  5621.46 1.3285e-13   5640.08 1 
  5624.20 1.3343e-13   5642.83 1 
  5626.94 1.3331e-13   5645.58 1 
  5629.68 1.3318e-13   5648.33 1 
  5632.43 1.3520e-13   5651.08 1 
  5635.17 1.3348e-13   5653.83 1 
  5637.91 1.3214e-13   5656.58 1 
  5640.65 1.3618e-13   5659.33 1 
  5643.39 1.3287e-13   5662.08 1 
  5646.13 1.3368e-13   5664.83 1 
  5648.87 1.3501e-13   5667.58 1 
  5651.61 1.3259e-13   5670.33 1 
  5654.35 1.3268e-13   5673.08 1 
  5657.09 1.3247e-13   5675.83 1 
  5659.83 1.2949e-13   5678.58 1 
  5662.58 1.3305e-13   5681.33 1 
  5665.32 1.3299e-13   5684.08 1 
  5668.06 1.3407e-13   5686.83 1 
  5670.80 1.3376e-13   5689.58 1 
  5673.54 1.3553e-13   5692.33 1 
  5676.28 1.3440e-13   5695.08 1 
  5679.02 1.3283e-13   5697.83 1 
  5681.76 1.3194e-13   5700.58 1 
  5684.50 1.3245e-13   5703.33 1 
  5687.24 1.3134e-13   5706.08 1 
  5689.98 1.3066e-13   5708.83 1 
  5692.73 1.3508e-13   5711.58 1 
  5695.47 1.3258e-13   5714.33 1 
  5698.21 1.3001e-13   5717.08 1 
  5700.95 1.3121e-13   5719.83 1 
  5703.69 1.2995e-13   5722.58 1 
  5706.43 1.2955e-13   5725.33 1 
  5709.17 1.3059e-13   5728.08 1 
  5711.91 1.2961e-13   5730.83 1 
  5714.65 1.3029e-13   5733.58 1 
  5717.39 1.3335e-13   5736.33 1 
  5720.13 1.3596e-13   5739.08 1 
  5722.88 1.3105e-13   5741.83 1 
  5725.62 1.3273e-13   5744.58 1 
  5728.36 1.3257e-13   5747.33 1 
  5731.10 1.3281e-13   5750.08 1 
  5733.84 1.3478e-13   5752.83 1 
  5736.58 1.2953e-13   5755.58 1 
  5739.32 1.3441e-13   5758.33 1 
  5742.06 1.3247e-13   5761.08 1 
  5744.80 1.2864e-13   5763.83 1 
  5747.54 1.3069e-13   5766.58 1 
  5750.29 1.3476e-13   5769.33 1 
  5753.03 1.3106e-13   5772.08 1 
  5755.77 1.3075e-13   5774.83 1 
  5758.51 1.3047e-13   5777.58 1 
  5761.25 1.3081e-13   5780.33 1 
  5763.99 1.3039e-13   5783.08 1 
  5766.73 1.3162e-13   5785.83 1 
  5769.47 1.3212e-13   5788.58 1 
  5772.21 1.2861e-13   5791.33 1 
  5774.95 1.3011e-13   5794.08 1 
  5777.69 1.3005e-13   5796.83 1 
  5780.44 1.2597e-13   5799.58 1 
  5783.18 1.2658e-13   5802.33 1 
  5785.92 1.3026e-13   5805.08 1 
  5788.66 1.2856e-13   5807.83 1 
  5791.40 1.2972e-13   5810.58 1 
  5794.14 1.2832e-13   5813.33 1 
  5796.88 1.3189e-13   5816.08 1 
  5799.62 1.2904e-13   5818.83 1 
  5802.36 1.2878e-13   5821.58 1 
  5805.10 1.3370e-13   5824.33 1 
  5807.84 1.3264e-13   5827.08 1 
  5810.59 1.3254e-13   5829.83 1 
  5813.33 1.3208e-13   5832.58 1 
  5816.07 1.3233e-13   5835.33 1 
  5818.81 1.3230e-13   5838.08 1 
  5821.55 1.3392e-13   5840.83 1 
  5824.29 1.3168e-13   5843.58 1 
  5827.03 1.3493e-13   5846.33 1 
  5829.77 1.3225e-13   5849.08 1 
  5832.51 1.3410e-13   5851.83 1 
  5835.25 1.3057e-13   5854.58 1 
  5837.99 1.2916e-13   5857.33 1 
  5840.74 1.3155e-13   5860.08 1 
  5843.48 1.3066e-13   5862.83 1 
  5846.22 1.3246e-13   5865.58 1 
  5848.96 1.2960e-13   5868.33 1 
  5851.70 1.2788e-13   5871.08 1 
  5854.44 1.2851e-13   5873.83 1 
  5857.18 1.2827e-13   5876.58 1 
  5859.92 1.3132e-13   5879.33 1 
  5862.66 1.2585e-13   5882.08 1 
  5865.40 1.2861e-13   5884.83 1 
  5868.14 1.3411e-13   5887.58 1 
  5870.89 1.4537e-13   5890.33 1 
  5873.63 1.6009e-13   5893.08 1 
  5876.37 1.5756e-13   5895.83 1 
  5879.11 1.4228e-13   5898.58 1 
  5881.85 1.3091e-13   5901.33 1 
  5884.59 1.2636e-13   5904.08 1 
  5887.33 1.2107e-13   5906.83 1 
  5890.07 1.1926e-13   5909.58 1 
  5892.81 1.1820e-13   5912.33 1 
  5895.55 1.1817e-13   5915.08 1 
  5898.29 1.2085e-13   5917.83 1 
  5901.04 1.2311e-13   5920.58 1 
  5903.78 1.2353e-13   5923.33 1 
  5906.52 1.2426e-13   5926.08 1 
  5909.26 1.2659e-13   5928.83 1 
  5912.00 1.2557e-13   5931.58 1 
  5914.74 1.2374e-13   5934.33 1 
  5917.48 1.2394e-13   5937.08 1 
  5920.22 1.2371e-13   5939.83 1 
  5922.96 1.2444e-13   5942.58 1 
  5925.70 1.2507e-13   5945.33 1 
  5928.45 1.2377e-13   5948.08 1 
  5931.19 1.2315e-13   5950.83 1 
  5933.93 1.2413e-13   5953.58 1 
  5936.67 1.2623e-13   5956.33 1 
  5939.41 1.2493e-13   5959.08 1 
  5942.15 1.2386e-13   5961.83 1 
  5944.89 1.2325e-13   5964.58 1 
  5947.63 1.2393e-13   5967.33 1 
  5950.37 1.2278e-13   5970.08 1 
  5953.11 1.2345e-13   5972.83 1 
  5955.85 1.2497e-13   5975.58 1 
  5958.60 1.2570e-13   5978.33 1 
  5961.34 1.2575e-13   5981.08 1 
  5964.08 1.2512e-13   5983.83 1 
  5966.82 1.2492e-13   5986.58 1 
  5969.56 1.2316e-13   5989.33 1 
  5972.30 1.2354e-13   5992.08 1 
  5975.04 1.2363e-13   5994.83 1 
  5977.78 1.2470e-13   5997.58 1 
  5980.52 1.2442e-13   6000.33 1 
  5983.26 1.1997e-13   6003.08 1 
  5986.00 1.2201e-13   6005.83 1 
  5988.75 1.2467e-13   6008.58 1 
  5991.49 1.2464e-13   6011.33 1 
  5994.23 1.2350e-13   6014.08 1 
  5996.97 1.2094e-13   6016.83 1 
  5999.71 1.2296e-13   6019.58 1 
  6002.45 1.2200e-13   6022.33 1 
  6005.19 1.2169e-13   6025.08 1 
  6007.93 1.2192e-13   6027.83 1 
  6010.67 1.2103e-13   6030.58 1 
  6013.41 1.2157e-13   6033.33 1 
  6016.15 1.2003e-13   6036.08 1 
  6018.90 1.2157e-13   6038.83 1 
  6021.64 1.1862e-13   6041.58 1 
  6024.38 1.1854e-13   6044.33 1 
  6027.12 1.1913e-13   6047.08 1 
  6029.86 1.2202e-13   6049.83 1 
  6032.60 1.2441e-13   6052.58 1 
  6035.34 1.2554e-13   6055.33 1 
  6038.08 1.2264e-13   6058.08 1 
  6040.82 1.2196e-13   6060.83 1 
  6043.56 1.1997e-13   6063.58 1 
  6046.30 1.2177e-13   6066.33 1 
  6049.05 1.2214e-13   6069.08 1 
  6051.79 1.2070e-13   6071.83 1 
  6054.53 1.1951e-13   6074.58 1 
  6057.27 1.2319e-13   6077.33 1 
  6060.01 1.2411e-13   6080.08 1 
  6062.75 1.2200e-13   6082.83 1 
  6065.49 1.1892e-13   6085.58 1 
  6068.23 1.2300e-13   6088.33 1 
  6070.97 1.2360e-13   6091.08 1 
  6073.71 1.2224e-13   6093.83 1 
  6076.45 1.2146e-13   6096.58 1 
  6079.20 1.1824e-13   6099.33 1 
  6081.94 1.1794e-13   6102.08 1 
  6084.68 1.2118e-13   6104.83 1 
  6087.42 1.2421e-13   6107.58 1 
  6090.16 1.2153e-13   6110.33 1 
  6092.90 1.2093e-13   6113.08 1 
  6095.64 1.2044e-13   6115.83 1 
  6098.38 1.2036e-13   6118.58 1 
  6101.12 1.2039e-13   6121.33 1 
  6103.86 1.1766e-13   6124.08 1 
  6106.61 1.2018e-13   6126.83 1 
  6109.35 1.2013e-13   6129.58 1 
  6112.09 1.1986e-13   6132.33 1 
  6114.83 1.1825e-13   6135.08 1 
  6117.57 1.2012e-13   6137.83 1 
  6120.31 1.1660e-13   6140.58 1 
  6123.05 1.1777e-13   6143.33 1 
  6125.79 1.1766e-13   6146.08 1 
  6128.53 1.1697e-13   6148.83 1 
  6131.27 1.1778e-13   6151.58 1 
  6134.01 1.1769e-13   6154.33 1 
  6136.76 1.1498e-13   6157.08 1 
  6139.50 1.1602e-13   6159.83 1 
  6142.24 1.1584e-13   6162.58 1 
  6144.98 1.1872e-13   6165.33 1 
  6147.72 1.1320e-13   6168.08 1 
  6150.46 1.1778e-13   6170.83 1 
  6153.20 1.1644e-13   6173.58 1 
  6155.94 1.1263e-13   6176.33 1 
  6158.68 1.1132e-13   6179.08 1 
  6161.42 1.1075e-13   6181.83 1 
  6164.16 1.1384e-13   6184.58 1 
  6166.91 1.1481e-13   6187.33 1 
  6169.65 1.1336e-13   6190.08 1 
  6172.39 1.1201e-13   6192.83 1 
  6175.13 1.1281e-13   6195.58 1 
  6177.87 1.1474e-13   6198.33 1 
  6180.61 1.1446e-13   6201.08 1 
  6183.35 1.1519e-13   6203.83 1 
  6186.09 1.1376e-13   6206.58 1 
  6188.83 1.1420e-13   6209.33 1 
  6191.57 1.1345e-13   6212.08 1 
  6194.31 1.1395e-13   6214.83 1 
  6197.06 1.1609e-13   6217.58 1 
  6199.80 1.1645e-13   6220.33 1 
  6202.54 1.1205e-13   6223.08 1 
  6205.28 1.1168e-13   6225.83 1 
  6208.02 1.1233e-13   6228.58 1 
  6210.76 1.1227e-13   6231.33 1 
  6213.50 1.1187e-13   6234.08 1 
  6216.24 1.0929e-13   6236.83 1 
  6218.98 1.0879e-13   6239.58 1 
  6221.72 1.0973e-13   6242.33 1 
  6224.46 1.1148e-13   6245.08 1 
  6227.21 1.1040e-13   6247.83 1 
  6229.95 1.1042e-13   6250.58 1 
  6232.69 1.1168e-13   6253.33 1 
  6235.43 1.1092e-13   6256.08 1 
  6238.17 1.0881e-13   6258.83 1 
  6240.91 1.0849e-13   6261.58 1 
  6243.65 1.1054e-13   6264.33 1 
  6246.39 1.0883e-13   6267.08 1 
  6249.13 1.0825e-13   6269.83 1 
  6251.87 1.1283e-13   6272.58 1 
  6254.61 1.1351e-13   6275.33 1 
  6257.36 1.1380e-13   6278.08 1 
  6260.10 1.1183e-13   6280.83 1 
  6262.84 1.1719e-13   6283.58 1 
  6265.58 1.1290e-13   6286.33 1 
  6268.32 1.1023e-13   6289.08 1 
  6271.06 1.1652e-13   6291.83 1 
  6273.80 1.1232e-13   6294.58 1 
  6276.54 1.1075e-13   6297.33 1 
  6279.28 1.1197e-13   6300.08 1 
  6282.02 1.0981e-13   6302.83 1 
  6284.76 1.1124e-13   6305.58 1 
  6287.51 1.0359e-13   6308.33 1 
  6290.25 1.1023e-13   6311.08 1 
  6292.99 1.1938e-13   6313.83 1 
  6295.73 1.3889e-13   6316.58 1 
  6298.47 1.5640e-13   6319.33 1 
  6301.21 1.5760e-13   6322.08 1 
  6303.95 1.4026e-13   6324.83 1 
  6306.69 1.2232e-13   6327.58 1 
  6309.43 1.1424e-13   6330.33 1 
  6312.17 1.1355e-13   6333.08 1 
  6314.92 1.1090e-13   6335.83 1 
  6317.66 1.1006e-13   6338.58 1 
  6320.40 1.1524e-13   6341.33 1 
  6323.14 1.1462e-13   6344.08 1 
  6325.88 1.1335e-13   6346.83 1 
  6328.62 1.1390e-13   6349.58 1 
  6331.36 1.1572e-13   6352.33 1 
  6334.10 1.1383e-13   6355.08 1 
  6336.84 1.1388e-13   6357.83 1 
  6339.58 1.1348e-13   6360.58 1 
  6342.32 1.1334e-13   6363.33 1 
  6345.07 1.1350e-13   6366.08 1 
  6347.81 1.1435e-13   6368.83 1 
  6350.55 1.1253e-13   6371.58 1 
  6353.29 1.1248e-13   6374.33 1 
  6356.03 1.1693e-13   6377.08 1 
  6358.77 1.1277e-13   6379.83 1 
  6361.51 1.0992e-13   6382.58 1 
  6364.25 1.0956e-13   6385.33 1 
  6366.99 1.0995e-13   6388.08 1 
  6369.73 1.1022e-13   6390.83 1 
  6372.47 1.1522e-13   6393.58 1 
  6375.22 1.1330e-13   6396.33 1 
  6377.96 1.1197e-13   6399.08 1 
  6380.70 1.1323e-13   6401.83 1 
  6383.44 1.1097e-13   6404.58 1 
  6386.18 1.0857e-13   6407.33 1 
  6388.92 1.1332e-13   6410.08 1 
  6391.66 1.1303e-13   6412.83 1 
  6394.40 1.1010e-13   6415.58 1 
  6397.14 1.1303e-13   6418.33 1 
  6399.88 1.1035e-13   6421.08 1 
  6402.62 1.1197e-13   6423.83 1 
  6405.37 1.1152e-13   6426.58 1 
  6408.11 1.1505e-13   6429.33 1 
  6410.85 1.1420e-13   6432.08 1 
  6413.59 1.1130e-13   6434.83 1 
  6416.33 1.1068e-13   6437.58 1 
  6419.07 1.1015e-13   6440.33 1 
  6421.81 1.1131e-13   6443.08 1 
  6424.55 1.1043e-13   6445.83 1 
  6427.29 1.1491e-13   6448.58 1 
  6430.03 1.1395e-13   6451.33 1 
  6432.77 1.1288e-13   6454.08 1 
  6435.52 1.1162e-13   6456.83 1 
  6438.26 1.1364e-13   6459.58 1 
  6441.00 1.1449e-13   6462.33 1 
  6443.74 1.1271e-13   6465.08 1 
  6446.48 1.0982e-13   6467.83 1 
  6449.22 1.1098e-13   6470.58 1 
  6451.96 1.0971e-13   6473.33 1 
  6454.70 1.0940e-13   6476.08 1 
  6457.44 1.1136e-13   6478.83 1 
  6460.18 1.1109e-13   6481.58 1 
  6462.92 1.0808e-13   6484.33 1 
  6465.67 1.1133e-13   6487.08 1 
  6468.41 1.1356e-13   6489.83 1 
  6471.15 1.1137e-13   6492.58 1 
  6473.89 1.1022e-13   6495.33 1 
  6476.63 1.1013e-13   6498.08 1 
  6479.37 1.0955e-13   6500.83 1 
  6482.11 1.1166e-13   6503.58 1 
  6484.85 1.0800e-13   6506.33 1 
  6487.59 1.0879e-13   6509.08 1 
  6490.33 1.0826e-13   6511.83 1 
  6493.08 1.0772e-13   6514.58 1 
  6495.82 1.0667e-13   6517.33 1 
  6498.56 1.0702e-13   6520.08 1 
  6501.30 1.0868e-13   6522.83 1 
  6504.04 1.1032e-13   6525.58 1 
  6506.78 1.1251e-13   6528.33 1 
  6509.52 1.1103e-13   6531.08 1 
  6512.26 1.0799e-13   6533.83 1 
  6515.00 1.0651e-13   6536.58 1 
  6517.74 1.0889e-13   6539.33 1 
  6520.48 1.0895e-13   6542.08 1 
  6523.23 1.0763e-13   6544.83 1 
  6525.97 1.0989e-13   6547.58 1 
  6528.71 1.1024e-13   6550.33 1 
  6531.45 1.0998e-13   6553.08 1 
  6534.19 1.1133e-13   6555.83 1 
  6536.93 1.1505e-13   6558.58 1 
  6539.67 1.2547e-13   6561.33 1 
  6542.41 1.4781e-13   6564.08 1 
  6545.15 1.8046e-13   6566.83 1 
  6547.89 2.0354e-13   6569.58 1 
  6550.63 2.0229e-13   6572.33 1 
  6553.38 2.4081e-13   6575.08 1 
  6556.12 4.5540e-13   6577.83 1 
  6558.86 9.2772e-13   6580.58 1 
  6561.60 1.3147e-12   6583.33 1 
  6564.34 1.1937e-12   6586.08 1 
  6567.08 6.9162e-13   6588.83 1 
  6569.82 3.0017e-13   6591.58 1 
  6572.56 1.6513e-13   6594.33 1 
  6575.30 1.6140e-13   6597.08 1 
  6578.04 2.2748e-13   6599.83 1 
  6580.78 3.4187e-13   6602.58 1 
  6583.53 3.7713e-13   6605.33 1 
  6586.27 2.9398e-13   6608.08 1 
  6589.01 1.8839e-13   6610.83 1 
  6591.75 1.3024e-13   6613.58 1 
  6594.49 1.1631e-13   6616.33 1 
  6597.23 1.0964e-13   6619.08 1 
  6599.97 1.1327e-13   6621.83 1 
  6602.71 1.0755e-13   6624.58 1 
  6605.45 1.0768e-13   6627.33 1 
  6608.19 1.0849e-13   6630.08 1 
  6610.93 1.0680e-13   6632.83 1 
  6613.68 1.0848e-13   6635.58 1 
  6616.42 1.0989e-13   6638.33 1 
  6619.16 1.1038e-13   6641.08 1 
  6621.90 1.1048e-13   6643.83 1 
  6624.64 1.0716e-13   6646.58 1 
  6627.38 1.0761e-13   6649.33 1 
  6630.12 1.0825e-13   6652.08 1 
  6632.86 1.0785e-13   6654.83 1 
  6635.60 1.0732e-13   6657.58 1 
  6638.34 1.0625e-13   6660.33 1 
  6641.08 1.0700e-13   6663.08 1 
  6643.83 1.0238e-13   6665.83 1 
  6646.57 1.0311e-13   6668.58 1 
  6649.31 1.0605e-13   6671.33 1 
  6652.05 1.0702e-13   6674.08 1 
  6654.79 1.0704e-13   6676.83 1 
  6657.53 1.0510e-13   6679.58 1 
  6660.27 1.0431e-13   6682.33 1 
  6663.01 1.0508e-13   6685.08 1 
  6665.75 1.0614e-13   6687.83 1 
  6668.49 1.0673e-13   6690.58 1 
  6671.23 1.0978e-13   6693.33 1 
  6673.98 1.1552e-13   6696.08 1 
  6676.72 1.2196e-13   6698.83 1 
  6679.46 1.2003e-13   6701.58 1 
  6682.20 1.1149e-13   6704.33 1 
  6684.94 1.0972e-13   6707.08 1 
  6687.68 1.1052e-13   6709.83 1 
  6690.42 1.0726e-13   6712.58 1 
  6693.16 1.0549e-13   6715.33 1 
  6695.90 1.0464e-13   6718.08 1 
  6698.64 1.0235e-13   6720.83 1 
  6701.39 1.0619e-13   6723.58 1 
  6704.13 1.0892e-13   6726.33 1 
  6706.87 1.2074e-13   6729.08 1 
  6709.61 1.5928e-13   6731.83 1 
  6712.35 2.2721e-13   6734.58 1 
  6715.09 2.8316e-13   6737.33 1 
  6717.83 2.8013e-13   6740.08 1 
  6720.57 2.1767e-13   6742.83 1 
  6723.31 1.7374e-13   6745.58 1 
  6726.05 1.9205e-13   6748.33 1 
  6728.79 2.3447e-13   6751.08 1 
  6731.54 2.3807e-13   6753.83 1 
  6734.28 1.9147e-13   6756.58 1 
  6737.02 1.4075e-13   6759.33 1 
  6739.76 1.1492e-13   6762.08 1 
  6742.50 1.0599e-13   6764.83 1 
  6745.24 1.0209e-13   6767.58 1 
  6747.98 1.0302e-13   6770.33 1 
  6750.72 1.0507e-13   6773.08 1 
  6753.46 1.0224e-13   6775.83 1 
  6756.20 1.0561e-13   6778.58 1 
  6758.94 1.0366e-13   6781.33 1 
  6761.69 1.0499e-13   6784.08 1 
  6764.43 1.0205e-13   6786.83 1 
  6767.17 1.0066e-13   6789.58 1 
  6769.91 1.0253e-13   6792.33 1 
  6772.65 1.0780e-13   6795.08 1 
  6775.39 1.0305e-13   6797.83 1 
  6778.13 9.9334e-14   6800.58 1 
  6780.87 1.0002e-13   6803.33 1 
  6783.61 1.0177e-13   6806.08 1 
  6786.35 1.0205e-13   6808.83 1 
  6789.09 9.8532e-14   6811.58 1 
  6791.84 1.0057e-13   6814.33 1 
  6794.58 1.0188e-13   6817.08 1 
  6797.32 9.7946e-14   6819.83 1 
  6800.06 1.0193e-13   6822.58 1 
  6802.80 9.9841e-14   6825.33 1 
  6805.54 1.0274e-13   6828.08 1 
  6816.54 1.0335e-13   6839.12 0 
  6832.25 1.0430e-13   6854.88 0 
  6848.00 1.0030e-13   6870.68 0 
  6863.79 1.0030e-13   6886.52 0 
  6879.61 9.9611e-14   6902.40 0 
  6895.47 9.9842e-14   6918.31 0 
  6911.37 9.9842e-14   6934.26 0 
  6927.30 9.9385e-14   6950.24 0 
  6943.27 1.0170e-13   6966.26 0 
  6959.28 1.0008e-13   6982.33 0 
  6975.32 1.0359e-13   6998.42 0 
  6991.40 1.0241e-13   7014.55 0 
  7007.51 9.9847e-14   7030.72 0 
  7023.67 9.7127e-14   7046.93 0 
  7039.86 1.0124e-13   7063.18 0 
  7056.09 1.0407e-13   7079.46 0 
  7072.36 9.4918e-14   7095.78 0 
  7088.66 9.9621e-14   7112.14 0 
  7105.00 9.6240e-14   7128.53 0 
  7121.38 9.5799e-14   7144.96 0 
  7137.79 9.1910e-14   7161.43 0 
  7154.25 9.3190e-14   7177.94 0 
  7170.74 9.3405e-14   7194.49 0 
  7187.27 9.1280e-14   7211.08 0 
  7203.84 9.1702e-14   7227.70 0 
  7220.44 9.4925e-14   7244.36 0 
  7237.09 9.5804e-14   7261.06 0 
  7253.77 9.5585e-14   7277.80 0 
  7270.49 9.3195e-14   7294.57 0 
  7287.26 9.4058e-14   7311.39 0 
  7304.05 9.7814e-14   7328.25 0 
  7320.89 9.6250e-14   7345.14 0 
  7337.77 9.6251e-14   7362.07 0 
  7354.68 9.7591e-14   7379.04 0 
  7371.64 9.4714e-14   7396.05 0 
  7388.63 9.6698e-14   7413.10 0 
  7405.66 9.6476e-14   7430.19 0 
  7422.74 9.3417e-14   7447.32 0 
  7439.85 9.5593e-14   7464.49 0 
  7457.00 9.6924e-14   7481.70 0 
  7474.19 9.7372e-14   7498.94 0 
  7491.42 9.5596e-14   7516.23 0 
  7508.69 9.6703e-14   7533.56 0 
  7526.00 9.8050e-14   7550.92 0 
  7543.34 9.7600e-14   7568.33 0 
  7560.74 9.5819e-14   7585.78 0 
  7578.16 9.4506e-14   7603.26 0 
  7595.63 9.3640e-14   7620.79 0 
  7613.14 9.2782e-14   7638.36 0 
  7630.69 9.2997e-14   7655.97 0 
  7648.28 9.3427e-14   7673.61 0 
  7665.91 9.0048e-14   7691.30 0 
  7683.59 9.0257e-14   7709.04 0 
  7701.30 8.9843e-14   7726.81 0 
  7719.05 8.9225e-14   7744.62 0 
  7736.85 8.9638e-14   7762.47 0 
  7754.68 8.6795e-14   7780.37 0 
  7772.56 8.9227e-14   7798.30 0 
  7790.47 8.8614e-14   7816.28 0 
  7808.44 8.8411e-14   7834.30 0 
  7826.43 9.0471e-14   7852.36 0 
  7844.48 8.8821e-14   7870.46 0 
  7862.56 8.9643e-14   7888.60 0 
  7880.69 8.9232e-14   7906.79 0 
  7898.85 9.0059e-14   7925.01 0 
  7917.06 8.6602e-14   7943.28 0 
  7935.31 8.6205e-14   7961.59 0 
  7953.60 8.2706e-14   7979.95 0 
  7971.94 8.5613e-14   7998.34 0 
  7990.32 8.7206e-14   8016.78 0 
  8008.74 8.5025e-14   8035.26 0 
  8027.20 8.7610e-14   8053.78 0 
  8045.70 8.8829e-14   8072.35 0 
  8064.25 8.7611e-14   8090.96 0 
  8082.84 8.4249e-14   8109.61 0 
  8101.47 8.1202e-14   8128.31 0 
  8120.15 8.5422e-14   8147.04 0 
  8138.87 8.4835e-14   8165.82 0 
  8157.63 8.2334e-14   8184.65 0 
  8176.44 8.1768e-14   8203.52 0 
  8195.28 8.2146e-14   8222.43 0 
  8214.17 8.4254e-14   8241.38 0 
  8233.11 8.2148e-14   8260.38 0 
  8252.09 8.3291e-14   8279.42 0 
  8271.11 8.6021e-14   8298.51 0 
  8290.18 8.2150e-14   8317.64 0 
  8309.29 8.3102e-14   8336.81 0 
  8328.45 8.1399e-14   8356.03 0 
  8347.65 8.1025e-14   8375.29 0 
  8366.89 8.3104e-14   8394.60 0 
  8386.18 8.0099e-14   8413.95 0 
  8405.51 8.1214e-14   8433.35 0 
  8424.89 8.1778e-14   8452.79 0 
  8444.31 7.5795e-14   8472.27 0 
  8463.77 8.1404e-14   8491.80 0 
  8483.29 8.2918e-14   8511.38 0 
  8502.84 7.9005e-14   8531.00 0 
  8522.44 7.8462e-14   8550.67 0 
  8542.09 8.0105e-14   8570.38 0 
  8561.78 7.9555e-14   8590.14 0 
  8581.51 8.1784e-14   8609.94 0 
  8601.30 7.7567e-14   8629.79 0 
  8621.13 7.7389e-14   8649.68 0 
  8641.00 8.1224e-14   8669.62 0 
  8660.92 7.7569e-14   8689.60 0 
  8680.89 7.3908e-14   8709.64 0 
  8700.90 7.7214e-14   8729.71 0 
  8720.95 7.9195e-14   8749.84 0 
  8741.06 7.9929e-14   8770.01 0 
  8761.21 7.2062e-14   8790.23 0 
  8781.40 7.6862e-14   8810.49 0 
  8801.65 7.8292e-14   8830.80 0 
  8821.94 8.0116e-14   8851.16 0 
  8842.27 7.8655e-14   8871.56 0 
  8862.66 7.5636e-14   8892.01 0 
  8883.09 7.4086e-14   8912.51 0 
  8903.57 7.7222e-14   8933.05 0 
  8924.09 7.7400e-14   8953.65 0 
  8944.66 7.7938e-14   8974.29 0 
  8965.28 7.4946e-14   8994.98 0 
  8985.95 7.4775e-14   9015.71 0 
  9006.67 7.4776e-14   9036.50 0 
  9027.43 6.8670e-14   9057.33 0 
  9048.24 7.9208e-14   9078.20 0 
  9069.10 7.6344e-14   9099.13 0 
  9090.00 7.0271e-14   9120.11 0 
  9110.96 7.5471e-14   9141.13 0 
  9131.96 7.7766e-14   9162.20 0 
  9153.01 7.3079e-14   9183.33 0 
  9174.11 7.3756e-14   9204.50 0 
  9195.26 7.3080e-14   9225.71 0 
  9216.46 7.2411e-14   9246.98 0 
  9237.70 6.5888e-14   9268.30 0 
  9259.00 7.2080e-14   9289.66 0 
  9280.34 7.4958e-14   9311.08 0 
  9301.74 7.2081e-14   9332.54 0 
  9323.18 7.3085e-14   9354.06 0 
  9344.67 7.3086e-14   9375.62 0 
  9366.21 7.2084e-14   9397.23 0 
  9387.80 7.2584e-14   9418.90 0 
  9409.44 7.1096e-14   9440.61 0 
  9431.14 7.2419e-14   9462.37 0 
  9452.88 7.1426e-14   9484.18 0 
  9474.67 7.2254e-14   9506.05 0 
  9496.51 7.2088e-14   9527.96 0 
  9518.40 7.0773e-14   9549.93 0 
  9540.34 6.9803e-14   9571.94 0 
  9562.34 6.9323e-14   9594.01 0 
  9584.38 7.1102e-14   9616.12 0 
  9606.47 7.0451e-14   9638.29 0 
  9628.62 7.0452e-14   9660.51 0 
  9650.82 6.9968e-14   9682.78 0 
  9673.06 6.9647e-14   9705.10 0 
  9695.36 7.0292e-14   9727.47 0 
  9717.71 6.9648e-14   9749.90 0 
  9740.11 6.9170e-14   9772.37 0 
  9762.56 6.8853e-14   9794.90 0 
  9785.07 6.8065e-14   9817.48 0 
  9807.63 6.9172e-14   9840.11 0 
  9830.24 6.8539e-14   9862.79 0 
  9852.90 6.8697e-14   9885.53 0 
  9875.61 6.8382e-14   9908.32 0 
  9898.38 6.8069e-14   9931.16 0 
  9921.19 6.7913e-14   9954.05 0 
  9944.07 6.7914e-14   9977.00 0 
  9966.99 6.7759e-14  10000.00 0 
  9989.96 6.7448e-14  10023.05 0 
 10036.07 6.5914e-14  10069.31 0 
 10082.40 6.4564e-14  10115.80 0 
 10128.94 6.6374e-14  10162.49 0 
 10175.69 6.5767e-14  10209.39 0 
 10222.67 6.5769e-14  10256.52 0 
 10269.85 6.5619e-14  10303.86 0 
 10293.52 6.5168e-14  10327.61 0 
 10509.06 6.2962e-14  10543.86 0 
 10704.44 6.0272e-14  10739.90 0 
 10903.45 5.6769e-14  10939.56 0 
 11106.16 5.4716e-14  11142.94 0 
 11312.64 5.3347e-14  11350.10 0 
 11496.45 5.2858e-14  11534.53 0 
 11710.20 5.1418e-14  11748.98 0 
 11900.47 4.9787e-14  11939.88 0 
 12093.84 4.8653e-14  12133.89 0 
 12290.35 4.7546e-14  12331.05 0 
 12490.05 4.6250e-14  12531.41 0 
 12692.99 4.4990e-14  12735.03 0 
 12899.24 4.3764e-14  12941.96 0 
 13108.83 4.2866e-14  13152.25 0 
 13291.19 4.1602e-14  13335.21 0 
 13507.16 4.0749e-14  13551.89 0 
 13695.06 3.9821e-14  13740.42 0 
 13885.58 3.8647e-14  13931.57 0 
 14111.20 3.7163e-14  14157.94 0 
 14307.51 3.6150e-14  14354.90 0 
 14506.55 3.5901e-14  14554.59 0 
 14708.36 3.5004e-14  14757.07 0 
 14912.97 3.5004e-14  14962.36 0 
 15085.64 3.4683e-14  15135.61 0 
 15295.51 3.4843e-14  15346.17 0 
 15508.29 3.4683e-14  15559.65 0 
 15687.87 3.3737e-14  15739.83 0 
 15906.11 3.2219e-14  15958.79 0 
 16090.30 3.2368e-14  16143.59 0 
 16314.14 3.2145e-14  16368.17 0 
 16503.04 3.1413e-14  16557.70 0 
 16694.14 3.1054e-14  16749.43 0 
 16887.45 3.0347e-14  16943.38 0 
 17083.00 2.9793e-14  17139.58 0 
 17280.80 2.8583e-14  17338.03 0 
 17480.91 2.7868e-14  17538.80 0 
 17683.33 2.6860e-14  17741.90 0 
 17888.10 2.6008e-14  17947.34 0 
 18095.22 2.4838e-14  18155.15 0 
 18304.76 2.4161e-14  18365.38 0 
 18516.72 2.3394e-14  18578.05 0 
 18688.04 2.2290e-14  18749.94 0 
 18904.44 2.1733e-14  18967.05 0 
 19079.37 2.1434e-14  19142.56 0 
 19300.31 2.0754e-14  19364.23 0 
 19478.87 1.9958e-14  19543.39 0 
 19704.44 1.9414e-14  19769.70 0 
 19886.77 1.8841e-14  19952.63 0 
 20117.03 1.8497e-14  20183.66 0 
 20303.18 1.7828e-14  20370.42 0 
 20491.05 1.7543e-14  20558.92 0 
 20680.64 1.7065e-14  20749.13 0 
 20920.11 1.6638e-14  20989.40 0 
 21113.69 1.6297e-14  21183.62 0 
 21309.04 1.5926e-14  21379.62 0 
 21506.22 1.5564e-14  21577.45 0 
 21705.20 1.5035e-14  21777.09 0 
 21906.05 1.4761e-14  21978.60 0 
 22108.75 1.4359e-14  22181.97 0 
 22313.31 1.3967e-14  22387.21 0 
 22519.78 1.3649e-14  22594.36 0 
 22675.86 1.3308e-14  22750.97 0 
 22885.69 1.1998e-14  22961.49 0 
 23097.43 1.1970e-14  23173.93 0 
 23311.16 1.0547e-14  23388.37 0 
 23526.87 9.9109e-15  23604.79 0 
 23689.94 1.0095e-14  23768.40 0 
 23909.15 9.2921e-15  23988.34 0 
 24074.87 9.0180e-15  24154.60 0 
 24297.64 9.0388e-15  24378.11 0 
 24522.45 8.4940e-15  24603.66 0 
 24692.44 8.4745e-15  24774.22 0 
 24920.90 7.5703e-15  25003.44 0 
 25093.66 7.6228e-15  25176.77 0 
 25325.86 7.7110e-15  25409.74 0 
 25501.40 7.6579e-15  25585.86 0 
 25678.15 7.7288e-15  25763.20 0 
 25915.76 7.5009e-15  26001.59 0 
 26095.42 7.4836e-15  26181.84 0 
 26276.29 7.2965e-15  26363.31 0 
 26519.43 7.2129e-15  26607.26 0 
 26703.24 7.0650e-15  26791.68 0 
 26888.35 6.9520e-15  26977.41 0 
 27074.72 6.8725e-15  27164.39 0 
 27325.25 6.7160e-15  27415.75 0 
 27514.65 6.6239e-15  27605.78 0 
 27705.36 6.4582e-15  27797.12 0 
 27897.42 6.3843e-15  27989.81 0 
 28090.78 6.2533e-15  28183.82 0 
 28285.51 6.1675e-15  28379.20 0 
 28481.57 6.0410e-15  28575.90 0 
 28679.01 5.9171e-15  28773.99 0 
 28877.79 5.8360e-15  28973.43 0 
 29077.97 5.7294e-15  29174.28 0 
 29279.52 5.6119e-15  29376.49 0 
 29482.49 5.5095e-15  29580.14 0 
 29686.84 5.4214e-15  29785.16 0 
 29892.64 5.3102e-15  29991.64 0 
 30099.83 5.2253e-15  30199.52 0 
 30308.45 5.1064e-15  30408.84 0 
 30518.56 5.0363e-15  30619.64 0 
 30730.09 4.9672e-15  30831.87 0 
 30871.96 4.8765e-15  30974.21 0 
 31085.94 4.8096e-15  31188.89 0 
 31301.43 4.7327e-15  31405.10 0 
 31518.39 4.6678e-15  31622.78 0 
 31663.86 4.6038e-15  31768.73 0 
 31883.36 4.5721e-15  31988.96 0 
 32104.35 4.5511e-15  32210.68 0 
 32326.91 4.5826e-15  32433.97 0 
 32476.11 4.7436e-15  32583.67 0 
 32701.21 5.2980e-15  32809.52 0 
 32927.90 6.8725e-15  33036.96 0 
 33079.88 6.7938e-15  33189.44 0 
 33309.20 5.0712e-15  33419.52 0 
 33462.93 4.4067e-15  33573.76 0 
 33694.87 4.1031e-15  33806.47 0 
 33928.45 3.9365e-15  34040.82 0 
 34085.05 3.8116e-15  34197.94 0 
 34321.34 3.7249e-15  34435.01 0 
 34479.74 3.6401e-15  34593.94 0 
 34718.73 3.5654e-15  34833.72 0 
 34879.01 3.5004e-15  34994.53 0 
 35120.76 3.4365e-15  35237.08 0 
 35282.86 3.3737e-15  35399.71 0 
 35527.45 3.3122e-15  35645.12 0 
 35691.43 3.2592e-15  35809.64 0 
 35938.85 3.1997e-15  36057.88 0 
 36104.72 3.1486e-15  36224.30 0 
 36271.36 3.0982e-15  36391.49 0 
 36522.81 3.0417e-15  36643.77 0 
 36691.37 2.9930e-15  36812.89 0 
 36860.72 2.9316e-15  36982.80 0 
 37116.25 2.8848e-15  37239.18 0 
 37287.56 2.8452e-15  37411.05 0 
 37459.66 2.7804e-15  37583.72 0 
 37719.34 2.7613e-15  37844.27 0 
 37893.43 2.7171e-15  38018.93 0 
 38068.32 2.6737e-15  38194.41 0 
 38332.22 2.6370e-15  38459.18 0 
 38509.15 2.6008e-15  38636.69 0 
 38686.93 2.5534e-15  38815.06 0 
 38865.48 2.5183e-15  38994.21 0 
 39134.87 2.4781e-15  39264.48 0 
 39315.53 2.4441e-15  39445.75 0 
 39496.99 2.3995e-15  39627.81 0 
 39679.29 2.3665e-15  39810.71 0 
 39862.47 2.3233e-15  39994.50 0 
 40138.77 2.2967e-15  40271.71 0 
 40324.02 2.2652e-15  40457.58 0 
 40510.18 2.2290e-15  40644.35 0 
 40697.16 2.2035e-15  40831.95 0 
 40884.99 2.1733e-15  41020.40 0 
 41073.69 2.1434e-15  41209.73 0 
 41263.31 2.1189e-15  41399.98 0 
 41453.76 2.0850e-15  41591.06 0 
 41741.13 2.0564e-15  41879.38 0 
 41933.78 2.0329e-15  42072.67 0 
 42127.33 2.0050e-15  42266.86 0 
 42321.76 1.9866e-15  42461.93 0 
 42517.15 1.9548e-15  42657.96 0 
 42713.38 1.9325e-15  42854.85 0 
 42910.52 1.8669e-15  43052.64 0 
 43108.62 1.8076e-15  43251.40 0 
 43307.59 1.8118e-15  43451.02 0 
 43507.47 1.7543e-15  43651.57 0 
 43708.33 1.7223e-15  43853.09 0 
 43910.06 1.6987e-15  44055.49 0 
 44112.73 1.6486e-15  44258.83 0 
 44316.33 1.6410e-15  44463.10 0 
 44520.91 1.6148e-15  44668.37 0 
 44726.40 1.5780e-15  44874.54 0 
 44932.83 1.5817e-15  45081.65 0 
 45140.27 1.5564e-15  45289.77 0 
 45348.61 1.5280e-15  45498.80 0 
 45453.14 1.5244e-15  45603.68 0 
 45662.93 1.5105e-15  45814.16 0 
 45873.73 1.4795e-15  46025.67 0 
 46085.46 1.4863e-15  46238.10 0 
 46298.17 1.4659e-15  46451.51 0 
 46511.91 1.4525e-15  46665.95 0 
 46726.58 1.4491e-15  46881.34 0 
 46942.25 1.4359e-15  47097.72 0 
 47050.45 1.4194e-15  47206.28 0 
 47267.66 1.4227e-15  47424.21 0 
 47485.82 1.4097e-15  47643.10 0 
 47704.99 1.3999e-15  47862.99 0 
 47925.22 1.3903e-15  48083.95 0 
 48146.42 1.3744e-15  48305.88 0 
 48257.40 1.3807e-15  48417.23 0 
 48480.13 1.3681e-15  48640.70 0 
 48703.94 1.3555e-15  48865.25 0 
 48928.73 1.3493e-15  49090.79 0 
 49154.56 1.3400e-15  49317.36 0 
 49267.87 1.3369e-15  49431.04 0 
 49495.31 1.3277e-15  49659.24 0 
 49723.76 1.3277e-15  49888.45 0 
 49953.26 1.3256e-15  50118.70 0 
 50068.46 1.3293e-15  50234.29 0 
 50299.54 1.3367e-15  50466.14 0 
 50531.70 1.3410e-15  50699.06 0 
 50648.18 1.3478e-15  50815.93 0 
 50764.93 1.3515e-15  50933.06 0 
 50882.00 1.3583e-15  51050.52 0 
 50999.29 1.3620e-15  51168.20 0 
 51116.85 1.3656e-15  51286.14 0 
 51234.67 1.3693e-15  51404.36 0 
 51352.77 1.3729e-15  51522.85 0 
 51471.14 1.3797e-15  51641.62 0 
 51589.85 1.3866e-15  51760.71 0 
 51708.76 1.3966e-15  51880.02 0 
 51827.96 1.4035e-15  51999.61 0 
 51947.42 1.4039e-15  52119.47 0 
 52067.16 1.4108e-15  52239.61 0 
 52187.18 1.4176e-15  52360.03 0 
 52307.48 1.4213e-15  52480.72 0 
 52428.11 1.4282e-15  52601.75 0 
 52548.96 1.4384e-15  52723.00 0 
 52670.09 1.4487e-15  52844.53 0 
 52791.49 1.4590e-15  52966.34 0 
 52913.19 1.4593e-15  53088.43 0 
 53035.15 1.4629e-15  53210.80 0 
 53157.46 1.4733e-15  53333.52 0 
 53279.99 1.4838e-15  53456.46 0 
 53402.81 1.4943e-15  53579.68 0 
 53525.91 1.5014e-15  53703.18 0 
 53649.29 1.5085e-15  53826.97 0 
 53772.95 1.5191e-15  53951.05 0 
 53896.90 1.5298e-15  54075.41 0 
 54021.20 1.5405e-15  54200.11 0 
 54145.72 1.5513e-15  54325.05 0 
 54270.53 1.5586e-15  54450.27 0 
 54395.63 1.5695e-15  54575.79 0 
 54521.01 1.5841e-15  54701.59 0 
 54646.69 1.5951e-15  54827.68 0 
 54772.65 1.6062e-15  54954.06 0 
 54898.97 1.6211e-15  55080.79 0 
 55025.51 1.6361e-15  55207.76 0 
 55152.35 1.6474e-15  55335.02 0 
 55279.48 1.6703e-15  55462.57 0 
 55406.90 1.6857e-15  55590.41 0 
 55534.62 1.6973e-15  55718.55 0 
 55662.69 1.7129e-15  55847.05 0 
 55791.00 1.7366e-15  55975.78 0 
 55919.60 1.7526e-15  56104.81 0 
 56048.50 1.7727e-15  56234.13 0 
 56177.70 1.7931e-15  56363.76 0 
 56307.19 1.8136e-15  56493.68 0 
 56436.98 1.8344e-15  56623.90 0 
 56567.13 1.8640e-15  56754.48 0 
 56697.53 1.8897e-15  56885.31 0 
 56828.22 1.9113e-15  57016.43 0 
 56959.21 1.9376e-15  57147.86 0 
 57090.51 1.9688e-15  57279.59 0 
 57222.10 2.0050e-15  57411.62 0 
 57354.07 2.0373e-15  57544.02 0 
 57486.27 2.0747e-15  57676.67 0 
 57618.78 2.1129e-15  57809.62 0 
 57751.60 2.1517e-15  57942.87 0 
 57884.72 2.2014e-15  58076.43 0 
 58018.15 2.2521e-15  58210.30 0 
 58151.89 2.2988e-15  58344.48 0 
 58285.99 2.3517e-15  58479.04 0 
 58420.34 2.4115e-15  58613.83 0 
 58555.01 2.4784e-15  58748.94 0 
 58689.98 2.5471e-15  58884.36 0 
 58825.26 2.6238e-15  59020.09 0 
 58960.86 2.7090e-15  59156.14 0 
 59234.32 2.9796e-15  59430.50 3 
 59535.82 3.0714e-15  59733.00 3 
 59837.22 3.7184e-15  60035.40 3 
 60138.62 4.0472e-15  60337.80 3 
 60440.03 4.1378e-15  60640.20 3 
 60741.43 4.4789e-15  60942.60 3 
 61042.92 5.2428e-15  61245.10 3 
 61344.33 6.8650e-15  61547.50 3 
 61645.73 1.0001e-14  61849.90 3 
 61947.13 1.2922e-14  62152.30 3 
 62248.53 1.3106e-14  62454.70 3 
 62550.04 1.1557e-14  62757.20 3 
 62851.44 9.5808e-15  63059.60 3 
 63152.84 7.7283e-15  63362.00 3 
 63454.24 6.6801e-15  63664.40 3 
 63755.64 5.6813e-15  63966.80 3 
 64057.14 4.9824e-15  64269.30 3 
 64358.54 4.3370e-15  64571.70 3 
 64659.95 4.0983e-15  64874.10 3 
 64961.35 3.8989e-15  65176.50 3 
 65262.75 3.5769e-15  65478.90 3 
 65564.25 3.3610e-15  65781.40 3 
 65865.65 3.6440e-15  66083.80 3 
 66167.05 3.7578e-15  66386.20 3 
 66468.46 3.7483e-15  66688.60 3 
 66769.86 3.7311e-15  66991.00 3 
 67071.36 3.6783e-15  67293.50 3 
 67372.76 3.6274e-15  67595.90 3 
 67674.17 3.6247e-15  67898.30 3 
 67975.56 3.6006e-15  68200.70 3 
 68276.97 3.5568e-15  68503.10 3 
 68578.47 3.6007e-15  68805.60 3 
 68879.87 3.5972e-15  69108.00 3 
 69181.27 3.5815e-15  69410.40 3 
 69482.68 3.7151e-15  69712.80 3 
 69784.08 4.3784e-15  70015.20 3 
 70085.58 4.4345e-15  70317.70 3 
 70386.98 4.0734e-15  70620.10 3 
 70688.38 4.0832e-15  70922.50 3 
 70989.78 4.3864e-15  71224.90 3 
 71291.18 4.6157e-15  71527.30 3 
 71592.68 4.7597e-15  71829.80 3 
 71894.09 4.8995e-15  72132.20 3 
 72195.49 5.0175e-15  72434.60 3 
 72496.89 5.3990e-15  72737.00 3 
 72798.29 5.7164e-15  73039.40 3 
 73099.79 6.0605e-15  73341.90 3 
 73401.19 6.3918e-15  73644.30 3 
 73702.60 7.0566e-15  73946.70 3 
 74004.00 7.6585e-15  74249.10 3 
 74305.40 7.9008e-15  74551.50 3 
 74606.90 9.2389e-15  74854.00 3 
 74908.30 9.7418e-15  75156.40 3 
 75209.70 1.0640e-14  75458.80 3 
 75511.10 1.1324e-14  75761.20 3 
 76113.91 1.1880e-14  76366.00 3 
 76716.81 1.1515e-14  76970.90 3 
 77319.61 1.0820e-14  77575.70 3 
 77922.42 1.0355e-14  78180.50 3 
 78525.32 9.6247e-15  78785.40 3 
 79128.13 8.5210e-15  79390.20 3 
 79731.03 7.1871e-15  79995.10 3 
 80333.83 6.2403e-15  80599.90 3 
 80936.64 5.4116e-15  81204.70 3 
 81539.53 4.9553e-15  81809.59 3 
 82142.34 4.7735e-15  82414.40 3 
 82745.15 4.6589e-15  83019.20 3 
 83348.05 4.7542e-15  83624.09 3 
 83950.85 4.8836e-15  84228.90 3 
 84553.65 5.0048e-15  84833.70 3 
 85156.56 5.2670e-15  85438.60 3 
 85759.36 5.4664e-15  86043.40 3 
 86362.27 5.4041e-15  86648.30 3 
 86965.07 4.7073e-15  87253.10 3 
 87567.88 3.8676e-15  87857.91 3 
 88170.78 3.0899e-15  88462.80 3 
 88773.58 2.6250e-15  89067.60 3 
 89376.39 2.4546e-15  89672.41 3 
 89979.29 2.4568e-15  90277.30 3 
 90582.09 2.0078e-15  90882.10 3 
 91184.89 1.7012e-15  91486.90 3 
 91787.80 1.6892e-15  92091.80 3 
 92390.60 1.6600e-15  92696.60 3 
 92993.51 1.5850e-15  93301.50 3 
 93596.31 1.5597e-15  93906.30 3 
 94199.11 1.5349e-15  94511.10 3 
 94802.01 1.5214e-15  95115.99 3 
 95404.82 1.4925e-15  95720.80 3 
 96007.62 1.5368e-15  96325.60 3 
 96610.53 1.5813e-15  96930.50 3 
 97213.33 1.4883e-15  97535.30 3 
 97816.13 1.4488e-15  98140.09 3 
 98419.04 1.3943e-15  98745.00 3 
 99021.84 1.4208e-15  99349.80 3 
 99624.75 1.3538e-15  99954.70 3 
100227.55 1.3858e-15 100559.50 3 
100830.35 1.3645e-15 101164.30 3 
101433.26 1.3212e-15 101769.20 3 
102036.06 1.3656e-15 102374.00 3 
102638.86 1.3422e-15 102978.80 3 
103241.76 1.3602e-15 103583.70 3 
103844.57 1.4152e-15 104188.50 3 
104447.37 1.7967e-15 104793.30 3 
105050.27 2.2999e-15 105398.20 3 
105653.08 2.1232e-15 106003.00 3 
106255.99 1.8344e-15 106607.91 3 
106858.78 1.7583e-15 107212.70 3 
107461.59 1.7619e-15 107817.50 3 
108064.50 1.7442e-15 108422.41 3 
108667.30 1.8487e-15 109027.20 3 
109270.10 2.1468e-15 109632.00 3 
109873.00 2.5289e-15 110236.90 3 
110475.81 2.8441e-15 110841.70 3 
111078.62 3.4132e-15 111446.51 3 
111681.51 5.1798e-15 112051.40 3 
112284.32 6.7913e-15 112656.20 3 
112887.22 6.3298e-15 113261.10 3 
113490.02 4.8847e-15 113865.90 3 
114092.83 3.7954e-15 114470.70 3 
114695.73 3.1294e-15 115075.60 3 
115298.53 2.7429e-15 115680.40 3 
115901.34 2.4603e-15 116285.20 3 
116504.23 2.2400e-15 116890.09 3 
117107.04 2.1592e-15 117494.90 3 
117709.84 2.1180e-15 118099.70 3 
118312.74 2.0957e-15 118704.59 3 
118915.55 2.2163e-15 119309.40 3 
119518.46 2.2506e-15 119914.30 3 
120121.26 2.2197e-15 120519.10 3 
120724.06 2.1555e-15 121123.90 3 
121326.97 2.1158e-15 121728.80 3 
121929.77 2.0726e-15 122333.60 3 
122532.58 2.1550e-15 122938.41 3 
123135.47 2.2775e-15 123543.30 3 
123738.28 2.3339e-15 124148.10 3 
124341.09 2.3679e-15 124752.91 3 
124943.98 2.4989e-15 125357.80 3 
125546.79 2.6467e-15 125962.60 3 
126149.69 2.8003e-15 126567.50 3 
126752.49 2.9358e-15 127172.30 3 
127355.30 3.6164e-15 127777.10 3 
127958.20 4.5505e-15 128382.00 3 
128561.00 3.8170e-15 128986.80 3 
129163.81 2.2567e-15 129591.60 3 
129766.72 1.8150e-15 130196.51 3 
130369.51 1.7043e-15 130801.30 3 
130972.31 1.6357e-15 131406.09 3 
131575.22 1.6329e-15 132011.00 3 
132178.02 1.6375e-15 132615.80 3 
132780.82 1.6052e-15 133220.59 3 
133383.73 1.5916e-15 133825.50 3 
133986.53 1.5654e-15 134430.30 3 
134589.44 1.5827e-15 135035.20 3 
135192.24 1.6139e-15 135640.00 3 
135795.04 1.5787e-15 136244.80 3 
136397.95 1.5419e-15 136849.70 3 
137000.75 1.4717e-15 137454.50 3 
137603.55 1.4739e-15 138059.30 3 
138206.46 1.4382e-15 138664.20 3 
138809.26 1.4486e-15 139269.00 3 
139412.06 1.4363e-15 139873.80 3 
140014.97 1.4515e-15 140478.70 3 
140617.77 1.4426e-15 141083.50 3 
141220.68 1.4687e-15 141688.41 3 
141823.48 1.4744e-15 142293.20 3 
142426.28 1.4862e-15 142898.00 3 
143029.19 1.4198e-15 143502.91 3 
143631.99 1.3564e-15 144107.70 3 
144234.79 1.3434e-15 144712.50 3 
145292.88 1.3947e-15 145774.09 3 
146136.90 1.3716e-15 146620.91 3 
146980.90 1.3684e-15 147467.70 3 
147824.90 1.3438e-15 148314.50 3 
148668.81 1.3159e-15 149161.20 3 
149512.81 1.3262e-15 150008.00 3 
150356.82 1.3306e-15 150854.80 3 
151200.72 1.3512e-15 151701.50 3 
152044.72 1.3944e-15 152548.30 3 
152888.73 1.3854e-15 153395.09 3 
153732.63 1.4209e-15 154241.80 3 
154576.64 1.8404e-15 155088.59 3 
155420.65 2.5544e-15 155935.41 3 
156264.56 2.3377e-15 156782.11 3 
157108.56 1.6513e-15 157628.91 3 
157952.56 1.5115e-15 158475.70 3 
158796.46 1.5320e-15 159322.39 3 
159640.47 1.5487e-15 160169.20 3 
160484.48 1.5520e-15 161016.00 3 
161328.48 1.5669e-15 161862.80 3 
162172.39 1.6233e-15 162709.50 3 
163016.40 1.7941e-15 163556.31 3 
163860.39 2.0140e-15 164403.09 3 
164704.31 2.0842e-15 165249.81 3 
165548.30 2.0123e-15 166096.59 3 
166392.30 1.9541e-15 166943.39 3 
167236.22 1.9815e-15 167790.11 3 
168080.21 1.9773e-15 168636.89 3 
168924.23 1.9568e-15 169483.70 3 
169768.12 2.0063e-15 170330.39 3 
170612.14 2.0879e-15 171177.20 3 
171456.14 2.0615e-15 172024.00 3 
172300.03 2.0556e-15 172870.69 3 
173144.05 2.0736e-15 173717.50 3 
173988.05 2.0716e-15 174564.30 3 
174832.05 1.9565e-15 175411.09 3 
175675.96 1.8714e-15 176257.80 3 
176519.98 1.8839e-15 177104.61 3 
177363.96 1.8850e-15 177951.39 3 
178207.88 1.8666e-15 178798.11 3 
179051.89 1.8515e-15 179644.91 3 
179895.89 1.8134e-15 180491.70 3 
180739.80 1.7927e-15 181338.41 3 
181583.78 1.7876e-15 182185.19 3 
182427.80 1.8073e-15 183032.00 3 
183271.71 1.8391e-15 183878.70 3 
184115.71 1.8530e-15 184725.50 3 
184959.71 1.8812e-15 185572.30 3 
185803.60 2.0223e-15 186418.98 3 
186647.62 2.5592e-15 187265.80 3 
187491.64 2.8513e-15 188112.61 3 
188335.64 2.3125e-15 188959.41 3 
189179.53 2.0180e-15 189806.09 3 
190023.55 2.0173e-15 190652.91 3 
190867.53 2.0247e-15 191499.69 3 
191711.46 1.9758e-15 192346.41 3 
192555.46 1.9869e-15 193193.20 3 
193399.46 1.9716e-15 194040.00 3 
194243.37 1.9560e-15 194886.70 3 
195087.39 2.0586e-15 195733.52 3 
195931.37 2.0499e-15 196580.30 3 
196775.28 2.0209e-15 197427.00 3 
197619.28 2.0172e-15 198273.80 3 
198463.28 2.0255e-15 199120.59 3 
199307.21 2.0240e-15 199967.31 3 
200151.19 2.0238e-15 200814.09 3 
200995.21 2.0363e-15 201660.91 3 
201839.21 2.0567e-15 202507.70 3 
202683.10 2.0232e-15 203354.39 3 
203527.12 2.0578e-15 204201.20 3 
205215.03 1.9559e-15 205894.70 3 
206903.03 2.1266e-15 207588.30 3 
208590.96 2.0910e-15 209281.81 3 
210278.85 2.1358e-15 210975.30 3 
211966.86 2.1702e-15 212668.89 3 
213654.77 2.1974e-15 214362.39 3 
215342.78 2.2042e-15 216056.00 3 
217030.69 2.2332e-15 217749.50 3 
218718.60 2.2710e-15 219443.00 3 
220406.62 2.2493e-15 221136.61 3 
222094.53 2.2278e-15 222830.11 3 
223782.43 2.3056e-15 224523.59 3 
225470.43 2.3412e-15 226217.19 3 
227158.35 2.2981e-15 227910.70 3 
228846.36 2.3088e-15 229604.30 3 
230534.27 2.4118e-15 231297.80 3 
232222.18 2.4107e-15 232991.30 3 
233910.20 2.3833e-15 234684.91 3 
235598.11 2.3850e-15 236378.41 3 
237286.01 2.4103e-15 238071.91 3 
238974.00 2.4002e-15 239765.48 3 
240661.93 2.3815e-15 241459.00 3 
242349.93 2.4200e-15 243152.59 3 
244037.84 2.4552e-15 244846.09 3 
245725.75 2.4595e-15 246539.59 3 
247413.77 2.4363e-15 248233.20 3 
249101.68 2.4321e-15 249926.70 3 
250789.59 2.4704e-15 251620.20 3 
252477.61 2.4831e-15 253313.81 3 
254165.52 2.4950e-15 255007.31 3 
255853.50 2.5036e-15 256700.89 3 
257541.41 2.5227e-15 258394.39 3 
259229.32 2.5751e-15 260087.89 3 
260917.34 2.5662e-15 261781.50 3 
262605.25 2.5360e-15 263475.00 3 
264293.16 2.5329e-15 265168.50 3 
265981.16 2.5442e-15 266862.09 3 
267669.07 2.5673e-15 268555.59 3 
269357.08 2.5831e-15 270249.19 3 
271044.99 2.6139e-15 271942.69 3 
272732.93 2.6261e-15 273636.22 3 
274420.93 2.6193e-15 275329.81 3 
276108.81 2.6497e-15 277023.28 3 
277796.72 2.6748e-15 278716.78 3 
279484.75 2.6742e-15 280410.41 3 
281172.66 2.6843e-15 282103.91 3 
282860.67 2.6793e-15 283797.50 3 
284548.58 2.6807e-15 285491.00 3 
286236.48 2.7047e-15 287184.50 3 
287924.49 2.7363e-15 288878.09 3 
289612.40 2.7103e-15 290571.59 3 
291300.31 2.7096e-15 292265.09 3 
292988.31 2.7135e-15 293958.69 3 
294676.22 2.7492e-15 295652.19 3 
296364.22 2.7839e-15 297345.78 3 
298052.16 2.8008e-15 299039.31 3 
299740.07 2.7622e-15 300732.81 3 
301428.08 2.7563e-15 302426.41 3 
303115.99 2.8060e-15 304119.91 3 
304803.90 2.8251e-15 305813.41 3 
306491.90 2.8697e-15 307507.00 3 
308179.81 2.8650e-15 309200.50 3 
309867.81 2.8869e-15 310894.09 3 
311555.72 2.8973e-15 312587.59 3 
313243.63 2.8741e-15 314281.09 3 
314931.63 2.9821e-15 315974.69 3 
316619.57 2.9932e-15 317668.22 3 
318307.48 2.9268e-15 319361.72 3 
319995.49 2.9285e-15 321055.31 3 
321683.37 2.9724e-15 322748.78 3 
323371.40 3.0265e-15 324442.41 3 
325059.31 3.0915e-15 326135.91 3 
326747.22 3.1587e-15 327829.41 3 
328435.22 3.2051e-15 329523.00 3 
330123.13 3.2228e-15 331216.50 3 
331811.04 3.3323e-15 332910.00 3 
333499.08 3.5553e-15 334603.62 3 
335186.99 3.7575e-15 336297.12 3 
336874.96 3.4053e-15 337990.69 3 
338562.87 3.3976e-15 339684.19 3 
340250.81 3.3590e-15 341377.72 3 
341938.78 3.3363e-15 343071.28 3 
343626.69 3.2964e-15 344764.78 3 
345314.60 3.5428e-15 346458.28 3 
347002.63 4.1758e-15 348151.91 3 
348690.51 4.2717e-15 349845.38 3 
