# An Atlas of Galaxy Spectral Energy Distributions from the Ultraviolet to the Mid-Infrared
# Brown et al. (2014)
# http://dx.doi.org/10.5072/03/529D3551F0117
# 
# Column 1 : Restframe Wavelength (Angstrom)
# Column 2 : Flux per unit wavelength (ergs/s/cm^2/Angstrom)
# Column 3 : Observed wavelength (Angstrom)
# Column 4 : Source (0 = model, 1 = Optical Spectrum, 2 = Akari, 3 = Spitzer IRS)
# 
   100.07 1.3853e-18    100.23 0 
   101.93 1.7004e-18    102.09 0 
   104.07 1.9167e-18    104.23 0 
   106.00 2.2261e-18    106.17 0 
   107.97 2.6215e-18    108.14 0 
   109.98 3.6944e-18    110.15 0 
   114.11 4.7049e-18    114.29 0 
   118.12 5.6957e-18    118.30 0 
   120.87 1.7004e-17    121.06 0 
   125.12 2.0116e-17    125.31 0 
   126.86 2.1456e-17    127.06 0 
   128.03 2.2416e-17    128.23 0 
   131.01 2.4409e-17    131.22 0 
   131.92 2.7768e-17    132.13 0 
   134.07 2.9211e-17    134.28 0 
   136.87 3.5039e-17    137.09 0 
   140.06 3.7718e-17    140.28 0 
   142.99 7.7366e-17    143.22 0 
   147.00 1.4708e-16    147.23 0 
   151.12 1.5832e-16    151.36 0 
   154.99 1.7161e-16    155.24 0 
   158.97 1.8687e-16    159.22 0 
   161.93 1.9795e-16    162.18 0 
   166.08 2.1456e-16    166.34 0 
   169.95 2.2938e-16    170.22 0 
   173.11 2.4241e-16    173.38 0 
   177.14 2.5796e-16    177.42 0 
   180.02 2.6949e-16    180.30 0 
   182.10 2.7832e-16    182.39 0 
   185.92 2.9481e-16    186.21 0 
   191.12 3.1590e-16    191.43 0 
   193.78 3.3003e-16    194.09 0 
   197.84 3.4718e-16    198.15 0 
   201.98 3.6521e-16    202.30 0 
   204.79 3.7892e-16    205.12 0 
   210.05 3.8686e-16    210.38 0 
   215.93 4.2810e-16    216.27 0 
   219.95 4.4828e-16    220.29 0 
   223.01 4.5872e-16    223.36 0 
   227.15 4.8034e-16    227.51 0 
   229.78 7.2702e-16    230.14 0 
   234.05 1.2121e-15    234.42 0 
   240.06 1.5651e-15    240.44 0 
   246.22 1.4878e-15    246.60 0 
   251.95 1.5832e-15    252.35 0 
   257.23 1.2899e-15    257.63 0 
   260.21 1.5401e-15    260.62 0 
   263.83 1.6276e-15    264.24 0 
   268.73 1.6276e-15    269.15 0 
   273.73 1.6201e-15    274.16 0 
   278.82 1.6053e-15    279.25 0 
   284.00 1.6127e-15    284.45 0 
   289.95 1.5366e-15    290.40 0 
   296.02 1.5472e-15    296.48 0 
   300.83 1.4844e-15    301.30 0 
   307.83 1.5085e-15    308.32 0 
   317.92 1.5366e-15    318.42 0 
   328.33 1.5155e-15    328.85 0 
   338.31 1.4810e-15    338.84 0 
   347.79 1.4439e-15    348.34 0 
   356.71 1.4307e-15    357.27 0 
   365.86 1.4340e-15    366.44 0 
   375.25 1.4014e-15    375.84 0 
   384.87 1.3199e-15    385.48 0 
   394.75 1.3476e-15    395.37 0 
   404.87 1.3383e-15    405.51 0 
   414.30 1.3078e-15    414.95 0 
   422.00 1.2663e-15    422.67 0 
   429.85 1.2318e-15    430.53 0 
   440.88 1.2177e-15    441.57 0 
   451.15 1.1845e-15    451.86 0 
   459.53 1.1417e-15    460.26 0 
   470.24 1.1131e-15    470.98 0 
   480.08 1.0979e-15    480.84 0 
   490.14 1.0460e-15    490.91 0 
   500.40 1.0436e-15    501.19 0 
   506.19 1.0105e-15    506.99 0 
   512.06 1.0679e-15    512.86 0 
   520.38 1.0388e-15    521.19 0 
   530.05 9.9666e-16    530.88 0 
   539.90 9.3443e-16    540.75 0 
   549.94 9.0271e-16    550.81 0 
   560.17 9.2161e-16    561.05 0 
   570.58 9.1949e-16    571.48 0 
   579.85 8.8828e-16    580.76 0 
   590.63 8.7206e-16    591.56 0 
   600.23 8.2139e-16    601.17 0 
   609.98 7.1870e-16    610.94 0 
   619.89 8.1199e-16    620.87 0 
   629.97 7.7902e-16    630.96 0 
   640.20 7.7902e-16    641.21 0 
   650.60 7.5257e-16    651.63 0 
   658.14 7.2202e-16    659.17 0 
   665.76 7.3206e-16    666.81 0 
   675.02 7.2202e-16    676.08 0 
   684.41 6.7538e-16    685.49 0 
   695.53 6.8635e-16    696.63 0 
   705.21 6.3613e-16    706.32 0 
   716.67 6.5849e-16    717.79 0 
   726.64 6.4647e-16    727.78 0 
   735.05 6.3467e-16    736.21 0 
   745.28 6.1312e-16    746.45 0 
   755.64 5.9779e-16    756.83 0 
   764.39 5.3771e-16    765.60 0 
   775.03 5.7220e-16    776.25 0 
   785.81 5.4269e-16    787.05 0 
   794.91 5.4394e-16    796.16 0 
   804.11 5.3771e-16    805.38 0 
   815.30 5.2790e-16    816.58 0 
   824.74 5.1946e-16    826.04 0 
   834.29 4.6941e-16    835.60 0 
   845.90 4.9494e-16    847.23 0 
   855.69 4.8145e-16    857.04 0 
   865.60 4.7703e-16    866.96 0 
   875.62 4.6941e-16    877.00 0 
   885.76 4.5978e-16    887.16 0 
   896.02 4.5139e-16    897.43 0 
   904.31 4.3908e-16    905.73 0 
   914.78 4.4519e-16    916.22 0 
   925.37 7.4225e-16    926.83 0 
   933.94 1.0557e-15    935.41 0 
   944.75 1.3663e-15    946.24 0 
   955.69 1.5579e-15    957.19 0 
   964.53 1.6694e-15    966.05 0 
   975.70 8.3281e-16    977.24 0 
   984.73 1.4473e-15    986.28 0 
   996.13 1.4046e-15    997.70 0 
  1005.35 1.6655e-15   1006.93 0 
  1014.65 1.6427e-15   1016.25 0 
  1024.04 1.0222e-15   1025.65 0 
  1035.90 1.4014e-15   1037.53 0 
  1045.48 1.8860e-15   1047.13 0 
  1055.16 1.8262e-15   1056.82 0 
  1064.92 1.5796e-15   1066.60 0 
  1074.77 1.7161e-15   1076.47 0 
  1084.72 1.4307e-15   1086.43 0 
  1094.76 1.7280e-15   1096.48 0 
  1104.88 1.6502e-15   1106.62 0 
  1115.11 1.6053e-15   1116.86 0 
  1125.43 1.4506e-15   1127.20 0 
  1135.84 1.6617e-15   1137.63 0 
  1143.71 1.5651e-15   1145.51 0 
  1154.30 1.5832e-15   1156.11 0 
  1164.98 1.5760e-15   1166.81 0 
  1175.76 1.1845e-15   1177.61 0 
  1183.90 1.5016e-15   1185.77 0 
  1194.86 1.2490e-15   1196.74 0 
  1205.92 1.0460e-15   1207.81 0 
  1214.27 7.5431e-16   1216.19 0 
  1225.51 1.1955e-15   1227.44 0 
  1234.01 1.4473e-15   1235.95 0 
  1245.42 1.5050e-15   1247.38 0 
  1254.06 1.4573e-15   1256.03 0 
  1265.66 1.3600e-15   1267.65 0 
  1274.43 1.5260e-15   1276.44 0 
  1286.22 1.5472e-15   1288.25 0 
  1295.14 1.3260e-15   1297.18 0 
  1304.12 1.3199e-15   1306.17 0 
  1316.18 1.4912e-15   1318.26 0 
  1325.31 1.4274e-15   1327.39 0 
  1334.49 1.3139e-15   1336.60 0 
  1343.75 1.4439e-15   1345.86 0 
  1356.18 1.4046e-15   1358.31 0 
  1365.58 1.2958e-15   1367.73 0 
  1375.04 1.3078e-15   1377.21 0 
  1384.58 1.3048e-15   1386.76 0 
  1394.17 1.0953e-15   1396.37 0 
  1403.84 1.0953e-15   1406.05 0 
  1413.57 1.2121e-15   1415.79 0 
  1423.37 1.1983e-15   1425.61 0 
  1436.54 1.2066e-15   1438.80 0 
  1443.17 1.2347e-15   1445.44 0 
  1446.50 1.2347e-15   1448.77 0 
  1456.52 1.1983e-15   1458.81 0 
  1466.62 1.1312e-15   1468.93 0 
  1473.39 1.1260e-15   1475.71 0 
  1483.60 1.1312e-15   1485.94 0 
  1493.88 1.1234e-15   1496.24 0 
  1504.24 1.0729e-15   1506.61 0 
  1511.18 9.8525e-16   1513.56 0 
  1518.16 1.0222e-15   1520.55 0 
  1525.17 1.0059e-15   1527.57 0 
  1535.74 8.9443e-16   1538.15 0 
  1546.38 8.9032e-16   1548.82 0 
  1553.52 8.6010e-16   1555.97 0 
  1564.29 8.9856e-16   1566.75 0 
  1575.13 9.3875e-16   1577.61 0 
  1586.05 9.5840e-16   1588.55 0 
  1593.37 9.6505e-16   1595.88 0 
  1604.42 9.3875e-16   1606.94 0 
  1615.54 9.3014e-16   1618.08 0 
  1626.74 8.9650e-16   1629.30 0 
  1634.24 9.3228e-16   1636.82 0 
  1645.57 9.3014e-16   1648.16 0 
  1653.17 8.8828e-16   1655.77 0 
  1664.63 9.3228e-16   1667.25 0 
  1672.31 8.5615e-16   1674.94 0 
  1676.17 9.4743e-16   1678.80 0 
  1683.90 9.5620e-16   1686.55 0 
  1695.57 9.0897e-16   1698.24 0 
  1703.40 8.8216e-16   1706.08 0 
  1715.21 8.5025e-16   1717.91 0 
  1723.13 8.4440e-16   1725.84 0 
  1735.07 8.8623e-16   1737.80 0 
  1743.08 8.6806e-16   1745.82 0 
  1755.16 9.0897e-16   1757.92 0 
  1763.26 8.4635e-16   1766.04 0 
  1775.48 8.5615e-16   1778.28 0 
  1783.68 8.7206e-16   1786.49 0 
  1796.04 9.2374e-16   1798.87 0 
  1804.33 9.1316e-16   1807.17 0 
  1816.84 8.5418e-16   1819.70 0 
  1825.23 8.7006e-16   1828.10 0 
  1833.65 8.4440e-16   1836.54 0 
  1846.36 7.6480e-16   1849.27 0 
  1854.89 7.9168e-16   1857.80 0 
  1863.45 8.3090e-16   1866.38 0 
  1876.36 8.6606e-16   1879.32 0 
  1885.02 8.1573e-16   1887.99 0 
  1893.73 8.1386e-16   1896.71 0 
  1906.85 8.3859e-16   1909.85 0 
  1915.65 8.2328e-16   1918.67 0 
  1924.50 7.8082e-16   1927.53 0 
  1933.38 7.3884e-16   1936.42 0 
  1946.78 8.6208e-16   1949.84 0 
  1955.77 8.2518e-16   1958.84 0 
  1964.79 9.1316e-16   1967.89 0 
  1973.86 8.9856e-16   1976.97 0 
  1982.97 9.0271e-16   1986.10 0 
  1996.72 8.9650e-16   1999.86 0 
  2005.94 8.9238e-16   2009.09 0 
  2015.19 8.9443e-16   2018.37 0 
  2024.50 8.5615e-16   2027.68 0 
  2033.84 9.0897e-16   2037.04 0 
  2043.23 9.6505e-16   2046.45 0 
  2052.66 9.0688e-16   2055.89 0 
  2066.89 9.0271e-16   2070.14 0 
  2071.65 9.9666e-16   2074.91 0 
  2076.43 1.3169e-15   2079.70 0 
  2086.01 1.5085e-15   2089.30 0 
  2095.64 1.4014e-15   2098.94 0 
  2105.31 1.3632e-15   2108.63 0 
  2115.03 1.4878e-15   2118.36 0 
  2124.79 1.3663e-15   2128.14 0 
  2134.60 1.2988e-15   2137.96 0 
  2144.46 1.5401e-15   2147.83 0 
  2154.35 1.5401e-15   2157.74 0 
  2164.30 1.3821e-15   2167.70 0 
  2174.29 1.3917e-15   2177.71 0 
  2184.32 1.6427e-15   2187.76 0 
  2194.41 1.6540e-15   2197.86 0 
  2204.54 1.6053e-15   2208.01 0 
  2214.71 1.3169e-15   2218.20 0 
  2224.93 1.4708e-15   2228.44 0 
  2235.20 1.8516e-15   2238.72 0 
  2245.52 1.7642e-15   2249.05 0 
  2255.89 1.4111e-15   2259.44 0 
  2266.30 1.3383e-15   2269.86 0 
  2276.76 1.4406e-15   2280.34 0 
  2287.27 1.8389e-15   2290.87 0 
  2292.54 1.5543e-15   2296.15 0 
  2303.12 1.8359e-15   2306.75 0 
  2313.75 1.6007e-15   2317.39 0 
  2324.43 1.3025e-15   2328.09 0 
  2335.16 1.2141e-15   2338.84 0 
  2345.94 9.1561e-16   2349.63 0 
  2356.77 1.5072e-15   2360.48 0 
  2367.65 9.8323e-16   2371.37 0 
  2373.10 1.2131e-15   2376.84 0 
  2384.06 8.1916e-16   2387.81 0 
  2395.06 9.7688e-16   2398.83 0 
  2406.12 9.7123e-16   2409.91 0 
  2417.22 1.1087e-15   2421.03 0 
  2422.80 1.7460e-15   2426.61 0 
  2433.98 1.7479e-15   2437.81 0 
  2445.21 2.0607e-15   2449.06 0 
  2456.50 2.1702e-15   2460.37 0 
  2462.16 1.8956e-15   2466.04 0 
  2473.53 1.6836e-15   2477.42 0 
  2484.95 1.1110e-15   2488.86 0 
  2496.42 1.3038e-15   2500.35 0 
  2502.17 1.9609e-15   2506.11 0 
  2513.72 9.6817e-16   2517.68 0 
  2519.51 8.0020e-16   2523.48 0 
  2525.32 8.7186e-16   2529.30 0 
  2536.98 1.3426e-15   2540.97 0 
  2542.83 1.4164e-15   2546.83 0 
  2554.57 2.4643e-15   2558.59 0 
  2566.36 1.8587e-15   2570.40 0 
  2572.27 2.3575e-15   2576.32 0 
  2584.15 2.0939e-15   2588.21 0 
  2596.07 1.8900e-15   2600.16 0 
  2602.06 1.6395e-15   2606.15 0 
  2614.07 1.4867e-15   2618.18 0 
  2626.14 2.0125e-15   2630.27 0 
  2632.19 3.4514e-15   2636.33 0 
  2644.34 4.6506e-15   2648.50 0 
  2656.54 6.4867e-15   2660.72 0 
  2662.67 4.1427e-15   2666.86 0 
  2674.96 4.6968e-15   2679.17 0 
  2687.31 5.4742e-15   2691.54 0 
  2693.50 3.9498e-15   2697.74 0 
  2705.93 4.9102e-15   2710.19 0 
  2712.17 3.5348e-15   2716.44 0 
  2724.69 2.8047e-15   2728.98 0 
  2737.27 3.5844e-15   2741.57 0 
  2743.58 2.0355e-15   2747.89 0 
  2756.24 2.7939e-15   2760.58 0 
  2762.59 3.6768e-15   2766.94 0 
  2775.34 3.9356e-15   2779.71 0 
  2788.16 2.3418e-15   2792.54 0 
  2794.58 1.0760e-15   2798.98 0 
  2807.48 1.2922e-15   2811.90 0 
  2813.95 3.4643e-15   2818.38 0 
  2826.94 5.0834e-15   2831.39 0 
  2833.46 4.7580e-15   2837.92 0 
  2846.54 3.4038e-15   2851.02 0 
  2853.10 1.9509e-15   2857.59 0 
  2866.27 4.7510e-15   2870.78 0 
  2872.88 6.5171e-15   2877.40 0 
  2886.14 5.9239e-15   2890.68 0 
  2892.79 7.2926e-15   2897.34 0 
  2912.84 9.9473e-15   2917.43 0 
  2933.03 8.6803e-15   2937.65 0 
  2953.36 8.0052e-15   2958.01 0 
  2967.00 8.3739e-15   2971.67 0 
  2987.56 8.5265e-15   2992.27 0 
  3008.27 8.5628e-15   3013.01 0 
  3029.12 9.2144e-15   3033.89 0 
  3050.12 9.6900e-15   3054.92 0 
  3071.26 1.0597e-14   3076.10 0 
  3092.55 1.0329e-14   3097.42 0 
  3106.83 1.2040e-14   3111.72 0 
  3128.36 1.1130e-14   3133.29 0 
  3150.05 1.1127e-14   3155.01 0 
  3171.88 1.2366e-14   3176.87 0 
  3186.52 1.0736e-14   3191.54 0 
  3208.61 1.1932e-14   3213.66 0 
  3230.85 1.0107e-14   3235.94 0 
  3253.25 1.4305e-14   3258.37 0 
  3268.26 1.6792e-14   3273.41 0 
  3290.92 1.6520e-14   3296.10 0 
  3313.73 1.5449e-14   3318.94 0 
  3321.37 1.4461e-14   3326.60 0 
  3329.02 1.6388e-14   3334.26 0 
  3336.70 1.6324e-14   3341.95 0 
  3344.39 1.5210e-14   3349.66 0 
  3352.10 1.4042e-14   3357.38 0 
  3359.83 1.7050e-14   3365.12 0 
  3367.57 1.5561e-14   3372.87 0 
  3375.34 1.1438e-14   3380.65 0 
  3383.12 1.2813e-14   3388.44 0 
  3390.91 1.6142e-14   3396.25 0 
  3398.73 1.5498e-14   3404.08 0 
  3406.57 1.6618e-14   3411.93 0 
  3414.42 1.6102e-14   3419.79 0 
  3422.29 1.8121e-14   3427.68 0 
  3430.18 1.6769e-14   3435.58 0 
  3438.09 1.7251e-14   3443.50 0 
  3446.01 1.1327e-14   3451.44 0 
  3453.96 1.7719e-14   3459.39 0 
  3461.92 1.4546e-14   3467.37 0 
  3469.90 1.5670e-14   3475.36 0 
  3477.90 1.3595e-14   3483.37 0 
  3485.92 1.5911e-14   3491.40 0 
  3493.95 1.4028e-14   3499.45 0 
  3502.01 1.5788e-14   3507.52 0 
  3510.08 1.7564e-14   3515.60 0 
  3518.17 1.5344e-14   3523.71 0 
  3526.28 1.4004e-14   3531.83 0 
  3534.41 1.7562e-14   3539.97 0 
  3542.56 2.0040e-14   3548.13 0 
  3550.73 1.9329e-14   3556.31 0 
  3558.91 1.7682e-14   3564.51 0 
  3567.11 1.6628e-14   3572.73 0 
  3575.34 1.4163e-14   3580.96 0 
  3583.58 1.1762e-14   3589.22 0 
  3591.84 1.2045e-14   3597.49 0 
  3600.12 1.9504e-14   3605.79 0 
  3608.42 1.5938e-14   3614.10 0 
  3616.74 1.7249e-14   3622.43 0 
  3625.07 1.6908e-14   3630.78 0 
  3633.43 1.7882e-14   3639.15 0 
  3641.81 2.1073e-14   3647.54 0 
  3650.20 1.6522e-14   3655.95 0 
  3658.62 2.3141e-14   3664.37 0 
  3667.05 2.2999e-14   3672.82 0 
  3675.50 2.3552e-14   3681.29 0 
  3683.98 1.9070e-14   3689.78 0 
  3692.47 2.0122e-14   3698.28 0 
  3700.98 2.2804e-14   3706.81 0 
  3709.51 1.5934e-14   3715.35 0 
  3718.07 2.5157e-14   3723.92 0 
  3726.64 1.6672e-14   3732.50 0 
  3735.23 1.8592e-14   3741.11 0 
  3743.84 2.0214e-14   3749.73 0 
  3752.47 1.1912e-14   3758.37 0 
  3761.12 1.8806e-14   3767.04 0 
  3769.79 1.7809e-14   3775.72 0 
  3778.48 2.2283e-14   3784.43 0 
  3787.19 2.5486e-14   3793.15 0 
  3795.92 1.9482e-14   3801.89 0 
  3804.67 1.9632e-14   3810.66 0 
  3813.44 2.3190e-14   3819.44 0 
  3822.23 1.7323e-14   3828.25 0 
  3831.04 1.2793e-14   3837.07 0 
  3839.87 1.2569e-14   3845.92 0 
  3848.73 1.9482e-14   3854.78 0 
  3857.60 1.9185e-14   3863.67 0 
  3866.49 2.0526e-14   3872.58 0 
  3875.40 1.6130e-14   3881.50 0 
  3884.34 1.7619e-14   3890.45 0 
  3893.29 1.6646e-14   3899.42 0 
  3895.09 2.0792e-14   3901.23 1 
  3899.15 2.2888e-14   3905.29 1 
  3903.21 2.3182e-14   3909.36 1 
  3907.27 2.4862e-14   3913.42 1 
  3911.33 2.3360e-14   3917.49 1 
  3915.39 2.3551e-14   3921.56 1 
  3919.45 2.1159e-14   3925.62 1 
  3923.51 1.7666e-14   3929.69 1 
  3927.57 1.5039e-14   3933.76 1 
  3931.64 1.2062e-14   3937.82 1 
  3935.70 1.2380e-14   3941.89 1 
  3939.76 1.4184e-14   3945.96 1 
  3943.82 1.9955e-14   3950.02 1 
  3947.88 2.1443e-14   3954.09 1 
  3951.94 2.2049e-14   3958.16 1 
  3956.00 2.1670e-14   3962.22 1 
  3960.06 1.8975e-14   3966.29 1 
  3964.12 1.6300e-14   3970.36 1 
  3968.18 1.4049e-14   3974.42 1 
  3972.24 1.5633e-14   3978.49 1 
  3976.30 1.8282e-14   3982.56 1 
  3980.36 2.4412e-14   3986.62 1 
  3984.42 2.6948e-14   3990.69 1 
  3988.48 2.8956e-14   3994.75 1 
  3992.54 3.1001e-14   3998.82 1 
  3996.60 3.1149e-14   4002.89 1 
  4000.66 3.0717e-14   4006.95 1 
  4004.72 3.1480e-14   4011.02 1 
  4008.78 3.2876e-14   4015.09 1 
  4012.84 3.3518e-14   4019.15 1 
  4016.90 3.2987e-14   4023.22 1 
  4020.96 3.3318e-14   4027.29 1 
  4025.02 3.2128e-14   4031.35 1 
  4029.08 3.2785e-14   4035.42 1 
  4033.14 3.2012e-14   4039.49 1 
  4037.20 3.0111e-14   4043.55 1 
  4041.26 3.1115e-14   4047.62 1 
  4045.32 3.2186e-14   4051.69 1 
  4049.38 3.1801e-14   4055.75 1 
  4053.44 3.1265e-14   4059.82 1 
  4057.50 3.2364e-14   4063.88 1 
  4061.56 3.1850e-14   4067.95 1 
  4065.62 3.0826e-14   4072.02 1 
  4069.68 3.0867e-14   4076.08 1 
  4073.74 3.0887e-14   4080.15 1 
  4077.80 3.2478e-14   4084.22 1 
  4081.86 3.4757e-14   4088.28 1 
  4085.92 3.5403e-14   4092.35 1 
  4089.98 3.3746e-14   4096.42 1 
  4094.04 3.2856e-14   4100.48 1 
  4098.10 3.1999e-14   4104.55 1 
  4102.16 3.0782e-14   4108.62 1 
  4106.22 3.0322e-14   4112.68 1 
  4110.28 3.2798e-14   4116.75 1 
  4114.34 3.2586e-14   4120.82 1 
  4118.40 3.2810e-14   4124.88 1 
  4122.46 3.3423e-14   4128.95 1 
  4126.52 3.2091e-14   4133.02 1 
  4130.58 3.2233e-14   4137.08 1 
  4134.64 3.2901e-14   4141.15 1 
  4138.70 3.1805e-14   4145.21 1 
  4142.76 3.1952e-14   4149.28 1 
  4146.82 3.1889e-14   4153.35 1 
  4150.88 3.0819e-14   4157.41 1 
  4154.94 3.2878e-14   4161.48 1 
  4159.00 3.1853e-14   4165.55 1 
  4163.06 3.3106e-14   4169.61 1 
  4167.12 3.3105e-14   4173.68 1 
  4171.18 3.2364e-14   4177.75 1 
  4175.24 3.1603e-14   4181.81 1 
  4179.30 3.2189e-14   4185.88 1 
  4183.36 3.2285e-14   4189.95 1 
  4187.42 3.2638e-14   4194.01 1 
  4191.48 3.2857e-14   4198.08 1 
  4195.54 3.2432e-14   4202.15 1 
  4199.60 3.2363e-14   4206.21 1 
  4203.66 3.2202e-14   4210.28 1 
  4207.72 3.2995e-14   4214.35 1 
  4211.78 3.3563e-14   4218.41 1 
  4215.84 3.3435e-14   4222.48 1 
  4219.90 3.2473e-14   4226.54 1 
  4223.96 3.2504e-14   4230.61 1 
  4228.02 3.1359e-14   4234.68 1 
  4232.08 3.0830e-14   4238.74 1 
  4236.14 3.1325e-14   4242.81 1 
  4240.20 3.1820e-14   4246.88 1 
  4244.26 3.2315e-14   4250.94 1 
  4248.32 3.2810e-14   4255.01 1 
  4252.38 3.2890e-14   4259.08 1 
  4256.44 3.3872e-14   4263.14 1 
  4260.50 3.3019e-14   4267.21 1 
  4264.56 3.2195e-14   4271.28 1 
  4268.62 3.2165e-14   4275.34 1 
  4272.68 3.2222e-14   4279.41 1 
  4276.74 3.2077e-14   4283.48 1 
  4280.80 3.1981e-14   4287.54 1 
  4284.86 3.1774e-14   4291.61 1 
  4288.92 3.1114e-14   4295.68 1 
  4292.98 2.8733e-14   4299.74 1 
  4297.04 2.5729e-14   4303.81 1 
  4301.10 2.6964e-14   4307.87 1 
  4305.17 2.6696e-14   4311.94 1 
  4309.23 2.9204e-14   4316.01 1 
  4313.29 3.0956e-14   4320.07 1 
  4317.35 3.2468e-14   4324.14 1 
  4321.41 3.5823e-14   4328.21 1 
  4325.47 3.6903e-14   4332.27 1 
  4329.53 3.5716e-14   4336.34 1 
  4333.59 3.6519e-14   4340.41 1 
  4337.65 3.5999e-14   4344.47 1 
  4341.71 3.5956e-14   4348.54 1 
  4345.77 3.5494e-14   4352.61 1 
  4349.83 3.6146e-14   4356.67 1 
  4353.89 3.7800e-14   4360.74 1 
  4357.95 3.7775e-14   4364.81 1 
  4362.01 3.9078e-14   4368.87 1 
  4366.07 3.8437e-14   4372.94 1 
  4370.13 3.7489e-14   4377.00 1 
  4374.19 3.4660e-14   4381.07 1 
  4378.25 3.4419e-14   4385.14 1 
  4382.31 3.3764e-14   4389.20 1 
  4386.37 3.4727e-14   4393.27 1 
  4390.43 3.4416e-14   4397.34 1 
  4394.49 3.6542e-14   4401.40 1 
  4398.55 3.5608e-14   4405.47 1 
  4402.61 3.6830e-14   4409.54 1 
  4406.67 3.7553e-14   4413.60 1 
  4410.73 3.7535e-14   4417.67 1 
  4414.79 3.8362e-14   4421.74 1 
  4418.85 3.7745e-14   4425.80 1 
  4422.91 3.8766e-14   4429.87 1 
  4426.97 3.9278e-14   4433.94 1 
  4431.03 4.0134e-14   4438.00 1 
  4435.09 4.0760e-14   4442.07 1 
  4439.15 4.0249e-14   4446.14 1 
  4443.21 4.1094e-14   4450.20 1 
  4447.27 4.1079e-14   4454.27 1 
  4451.33 4.1484e-14   4458.33 1 
  4455.39 3.9568e-14   4462.40 1 
  4459.45 3.9008e-14   4466.47 1 
  4463.51 3.9255e-14   4470.53 1 
  4467.57 4.1291e-14   4474.60 1 
  4471.63 4.2142e-14   4478.67 1 
  4475.69 4.3069e-14   4482.73 1 
  4479.75 4.4273e-14   4486.80 1 
  4483.81 4.4625e-14   4490.87 1 
  4487.87 4.2475e-14   4494.93 1 
  4491.93 4.4042e-14   4499.00 1 
  4495.99 4.4307e-14   4503.07 1 
  4500.05 4.5177e-14   4507.13 1 
  4504.11 4.7447e-14   4511.20 1 
  4508.17 4.6151e-14   4515.27 1 
  4512.23 4.6856e-14   4519.33 1 
  4516.29 4.5020e-14   4523.40 1 
  4520.35 4.3542e-14   4527.47 1 
  4524.41 4.1305e-14   4531.53 1 
  4528.47 4.1661e-14   4535.60 1 
  4532.53 4.1997e-14   4539.67 1 
  4536.59 4.1886e-14   4543.73 1 
  4540.65 4.3146e-14   4547.80 1 
  4544.71 4.3063e-14   4551.86 1 
  4548.77 4.4421e-14   4555.93 1 
  4552.83 4.4039e-14   4560.00 1 
  4556.89 4.4736e-14   4564.06 1 
  4560.95 4.6677e-14   4568.13 1 
  4565.01 4.6755e-14   4572.20 1 
  4569.07 4.6971e-14   4576.26 1 
  4573.13 4.5446e-14   4580.33 1 
  4577.19 4.5733e-14   4584.40 1 
  4581.25 4.5549e-14   4588.46 1 
  4585.31 4.4784e-14   4592.53 1 
  4589.37 4.4131e-14   4596.60 1 
  4593.43 4.5131e-14   4600.66 1 
  4597.49 4.5005e-14   4604.73 1 
  4601.55 4.5679e-14   4608.79 1 
  4605.61 4.6066e-14   4612.86 1 
  4609.67 4.5906e-14   4616.93 1 
  4613.73 4.5405e-14   4621.00 1 
  4617.79 4.8529e-14   4625.06 1 
  4621.85 4.7516e-14   4629.13 1 
  4625.91 4.7735e-14   4633.19 1 
  4629.97 4.5742e-14   4637.26 1 
  4634.03 4.6040e-14   4641.33 1 
  4638.09 4.6150e-14   4645.39 1 
  4642.15 4.5006e-14   4649.46 1 
  4646.21 4.4550e-14   4653.53 1 
  4650.27 4.4866e-14   4657.59 1 
  4654.33 4.3961e-14   4661.66 1 
  4658.39 4.4447e-14   4665.73 1 
  4662.45 4.5108e-14   4669.79 1 
  4666.51 4.4968e-14   4673.86 1 
  4670.57 4.3846e-14   4677.93 1 
  4674.63 4.4611e-14   4681.99 1 
  4678.69 4.4051e-14   4686.06 1 
  4682.75 4.3940e-14   4690.12 1 
  4686.81 4.4958e-14   4694.19 1 
  4690.87 4.5555e-14   4698.26 1 
  4694.93 4.6264e-14   4702.32 1 
  4698.99 4.7352e-14   4706.39 1 
  4703.06 4.6044e-14   4710.46 1 
  4707.12 4.3039e-14   4714.52 1 
  4711.18 4.5002e-14   4718.59 1 
  4715.24 4.5680e-14   4722.66 1 
  4719.30 4.5687e-14   4726.72 1 
  4723.36 4.6289e-14   4730.79 1 
  4727.42 4.5362e-14   4734.86 1 
  4731.48 4.5823e-14   4738.92 1 
  4735.54 4.5530e-14   4742.99 1 
  4739.60 4.6265e-14   4747.06 1 
  4743.66 4.6690e-14   4751.12 1 
  4747.72 4.7464e-14   4755.19 1 
  4751.78 4.7889e-14   4759.26 1 
  4755.84 4.6508e-14   4763.32 1 
  4759.90 4.5520e-14   4767.39 1 
  4763.96 4.6329e-14   4771.46 1 
  4768.02 4.6297e-14   4775.52 1 
  4772.08 4.4915e-14   4779.59 1 
  4776.14 4.7039e-14   4783.65 1 
  4780.20 4.5888e-14   4787.72 1 
  4784.26 4.5944e-14   4791.79 1 
  4788.32 4.5230e-14   4795.85 1 
  4792.38 4.6457e-14   4799.92 1 
  4796.44 4.7549e-14   4803.99 1 
  4800.50 4.7393e-14   4808.05 1 
  4804.56 4.7659e-14   4812.12 1 
  4808.62 4.7095e-14   4816.19 1 
  4812.68 4.7116e-14   4820.25 1 
  4816.74 4.6707e-14   4824.32 1 
  4820.80 4.7181e-14   4828.39 1 
  4824.86 4.6837e-14   4832.45 1 
  4828.92 4.6740e-14   4836.52 1 
  4832.98 4.6323e-14   4840.59 1 
  4837.04 4.5985e-14   4844.65 1 
  4841.10 4.5684e-14   4848.72 1 
  4845.16 4.5986e-14   4852.79 1 
  4849.22 4.4357e-14   4856.85 1 
  4853.28 4.4230e-14   4860.92 1 
  4857.34 4.2035e-14   4864.98 1 
  4861.40 4.0813e-14   4869.05 1 
  4865.46 4.0823e-14   4873.12 1 
  4869.52 4.1734e-14   4877.18 1 
  4873.58 4.3290e-14   4881.25 1 
  4877.64 4.4997e-14   4885.32 1 
  4881.70 4.2989e-14   4889.38 1 
  4885.76 4.4607e-14   4893.45 1 
  4889.82 4.6774e-14   4897.52 1 
  4893.88 4.5145e-14   4901.58 1 
  4897.94 4.7000e-14   4905.65 1 
  4902.00 4.7135e-14   4909.72 1 
  4906.06 4.8347e-14   4913.78 1 
  4910.12 4.7485e-14   4917.85 1 
  4914.18 4.5925e-14   4921.92 1 
  4918.24 4.4796e-14   4925.98 1 
  4922.30 4.7019e-14   4930.05 1 
  4926.36 4.5507e-14   4934.11 1 
  4930.42 4.6032e-14   4938.18 1 
  4934.48 4.7471e-14   4942.25 1 
  4938.54 4.7372e-14   4946.31 1 
  4942.60 4.8333e-14   4950.38 1 
  4946.66 4.7802e-14   4954.45 1 
  4950.72 4.7749e-14   4958.51 1 
  4954.78 4.7975e-14   4962.58 1 
  4958.84 4.6815e-14   4966.65 1 
  4962.90 4.6616e-14   4970.71 1 
  4966.96 4.7604e-14   4974.78 1 
  4971.02 4.6518e-14   4978.85 1 
  4975.08 4.5436e-14   4982.91 1 
  4979.14 4.5539e-14   4986.98 1 
  4983.20 4.5136e-14   4991.05 1 
  4987.26 4.4345e-14   4995.11 1 
  4991.32 4.3856e-14   4999.18 1 
  4995.38 4.3827e-14   5003.25 1 
  4999.44 4.4814e-14   5007.31 1 
  5003.50 4.4036e-14   5011.38 1 
  5007.56 4.2522e-14   5015.44 1 
  5011.62 4.1944e-14   5019.51 1 
  5015.68 4.3212e-14   5023.58 1 
  5019.74 4.3959e-14   5027.64 1 
  5023.80 4.3643e-14   5031.71 1 
  5027.86 4.4548e-14   5035.78 1 
  5031.92 4.4268e-14   5039.84 1 
  5035.98 4.3766e-14   5043.91 1 
  5040.04 4.4710e-14   5047.98 1 
  5044.10 4.5594e-14   5052.04 1 
  5048.16 4.4236e-14   5056.11 1 
  5052.22 4.6387e-14   5060.18 1 
  5056.28 4.5820e-14   5064.24 1 
  5060.34 4.6186e-14   5068.31 1 
  5064.40 4.5323e-14   5072.38 1 
  5068.46 4.3444e-14   5076.44 1 
  5072.52 4.4298e-14   5080.51 1 
  5076.58 4.3851e-14   5084.58 1 
  5080.65 4.4636e-14   5088.64 1 
  5084.71 4.4570e-14   5092.71 1 
  5088.77 4.4751e-14   5096.77 1 
  5092.83 4.5625e-14   5100.84 1 
  5096.89 4.4646e-14   5104.91 1 
  5100.95 4.4929e-14   5108.97 1 
  5105.01 4.4792e-14   5113.04 1 
  5109.07 4.4563e-14   5117.11 1 
  5113.13 4.5535e-14   5121.17 1 
  5117.19 4.4611e-14   5125.24 1 
  5121.25 4.4084e-14   5129.31 1 
  5125.31 4.3565e-14   5133.37 1 
  5129.37 4.2931e-14   5137.44 1 
  5133.43 4.3569e-14   5141.51 1 
  5137.49 4.2495e-14   5145.57 1 
  5141.55 4.2329e-14   5149.64 1 
  5145.61 4.2347e-14   5153.71 1 
  5149.67 4.2692e-14   5157.77 1 
  5153.73 4.3105e-14   5161.84 1 
  5157.79 4.0909e-14   5165.90 1 
  5161.85 3.9983e-14   5169.97 1 
  5165.91 3.8916e-14   5174.04 1 
  5169.97 3.6818e-14   5178.10 1 
  5174.03 3.5616e-14   5182.17 1 
  5178.09 3.7458e-14   5186.24 1 
  5182.15 3.8996e-14   5190.30 1 
  5186.21 4.0908e-14   5194.37 1 
  5190.27 4.1072e-14   5198.44 1 
  5194.33 4.2846e-14   5202.50 1 
  5198.39 4.3758e-14   5206.57 1 
  5202.45 4.1955e-14   5210.64 1 
  5206.51 4.3159e-14   5214.70 1 
  5210.57 4.2490e-14   5218.77 1 
  5214.63 4.3580e-14   5222.84 1 
  5218.69 4.5023e-14   5226.90 1 
  5222.75 4.6036e-14   5230.97 1 
  5226.81 4.6104e-14   5235.04 1 
  5230.87 4.5655e-14   5239.10 1 
  5234.93 4.6561e-14   5243.17 1 
  5238.99 4.8258e-14   5247.23 1 
  5243.05 4.7043e-14   5251.30 1 
  5247.11 4.6599e-14   5255.37 1 
  5251.17 4.6777e-14   5259.43 1 
  5255.23 4.6454e-14   5263.50 1 
  5259.29 4.4422e-14   5267.57 1 
  5263.35 4.3753e-14   5271.63 1 
  5267.41 4.3561e-14   5275.70 1 
  5271.47 4.3906e-14   5279.77 1 
  5275.53 4.5295e-14   5283.83 1 
  5279.59 4.7024e-14   5287.90 1 
  5283.65 4.9902e-14   5291.97 1 
  5287.71 5.0110e-14   5296.03 1 
  5291.77 4.8521e-14   5300.10 1 
  5295.83 4.9791e-14   5304.17 1 
  5299.89 4.8806e-14   5308.23 1 
  5303.95 4.9727e-14   5312.30 1 
  5308.01 5.1012e-14   5316.37 1 
  5312.07 5.1071e-14   5320.43 1 
  5316.13 4.9166e-14   5324.50 1 
  5320.19 4.7714e-14   5328.56 1 
  5324.25 4.7572e-14   5332.63 1 
  5328.31 4.8213e-14   5336.70 1 
  5332.37 4.8538e-14   5340.76 1 
  5336.43 4.7604e-14   5344.83 1 
  5340.49 4.9114e-14   5348.90 1 
  5344.55 4.9488e-14   5352.96 1 
  5348.61 5.0270e-14   5357.03 1 
  5352.67 5.0194e-14   5361.10 1 
  5356.73 5.1008e-14   5365.16 1 
  5360.79 5.0078e-14   5369.23 1 
  5364.85 5.0098e-14   5373.30 1 
  5368.91 5.0009e-14   5377.36 1 
  5372.97 4.9260e-14   5381.43 1 
  5377.03 5.0101e-14   5385.50 1 
  5381.09 4.9740e-14   5389.56 1 
  5385.15 4.9892e-14   5393.63 1 
  5389.21 5.0496e-14   5397.70 1 
  5393.27 4.8326e-14   5401.76 1 
  5397.33 4.7561e-14   5405.83 1 
  5401.39 4.7519e-14   5409.90 1 
  5405.45 4.6656e-14   5413.96 1 
  5409.51 4.6949e-14   5418.03 1 
  5413.57 4.8069e-14   5422.09 1 
  5417.63 4.9794e-14   5426.16 1 
  5421.69 4.9406e-14   5430.23 1 
  5425.75 4.8482e-14   5434.29 1 
  5429.81 4.9778e-14   5438.36 1 
  5433.87 4.9971e-14   5442.43 1 
  5437.93 4.9471e-14   5446.49 1 
  5441.99 4.8912e-14   5450.56 1 
  5446.05 4.9590e-14   5454.63 1 
  5450.11 4.9597e-14   5458.69 1 
  5454.17 4.9241e-14   5462.76 1 
  5458.23 4.9034e-14   5466.83 1 
  5462.29 4.8982e-14   5470.89 1 
  5466.35 4.9221e-14   5474.96 1 
  5470.41 4.8558e-14   5479.03 1 
  5474.47 4.7868e-14   5483.09 1 
  5478.53 4.8443e-14   5487.16 1 
  5482.60 4.8190e-14   5491.22 1 
  5486.66 4.8475e-14   5495.29 1 
  5490.72 4.9828e-14   5499.36 1 
  5494.78 4.9969e-14   5503.42 1 
  5498.84 5.0083e-14   5507.49 1 
  5502.90 4.8918e-14   5511.56 1 
  5506.96 4.8171e-14   5515.62 1 
  5511.02 4.9831e-14   5519.69 1 
  5515.08 4.9880e-14   5523.76 1 
  5519.14 4.9897e-14   5527.82 1 
  5523.20 4.9466e-14   5531.89 1 
  5527.26 4.9768e-14   5535.96 1 
  5531.32 5.1060e-14   5540.02 1 
  5535.38 4.9853e-14   5544.09 1 
  5539.44 4.9442e-14   5548.16 1 
  5543.50 4.9030e-14   5552.22 1 
  5547.56 4.8618e-14   5556.29 1 
  5551.62 4.8207e-14   5560.36 1 
  5555.68 5.1388e-14   5564.42 1 
  5559.74 4.7776e-14   5568.49 1 
  5563.80 4.9712e-14   5572.55 1 
  5567.86 4.7260e-14   5576.62 1 
  5571.92 4.7298e-14   5580.69 1 
  5575.98 4.7335e-14   5584.75 1 
  5580.04 4.7372e-14   5588.82 1 
  5584.10 4.7408e-14   5592.89 1 
  5588.16 4.7444e-14   5596.95 1 
  5592.22 4.8317e-14   5601.02 1 
  5596.28 4.9158e-14   5605.09 1 
  5600.34 4.9562e-14   5609.15 1 
  5604.40 5.0666e-14   5613.22 1 
  5608.46 4.9734e-14   5617.29 1 
  5612.52 4.9151e-14   5621.35 1 
  5616.58 4.9817e-14   5625.42 1 
  5620.64 4.9588e-14   5629.49 1 
  5624.70 4.9466e-14   5633.55 1 
  5628.76 5.0602e-14   5637.62 1 
  5632.82 4.9518e-14   5641.69 1 
  5636.88 5.0186e-14   5645.75 1 
  5640.94 5.0155e-14   5649.82 1 
  5645.00 4.9303e-14   5653.88 1 
  5649.06 4.9306e-14   5657.95 1 
  5653.12 4.9708e-14   5662.02 1 
  5657.18 4.8889e-14   5666.08 1 
  5661.24 5.0489e-14   5670.15 1 
  5665.30 5.1031e-14   5674.22 1 
  5669.36 5.0604e-14   5678.28 1 
  5673.42 5.0533e-14   5682.35 1 
  5677.48 5.0469e-14   5686.42 1 
  5681.54 5.0240e-14   5690.48 1 
  5685.60 4.9630e-14   5694.55 1 
  5689.66 5.1101e-14   5698.62 1 
  5693.72 5.0866e-14   5702.68 1 
  5697.78 4.9791e-14   5706.75 1 
  5701.84 4.9127e-14   5710.82 1 
  5705.90 4.9161e-14   5714.88 1 
  5709.96 4.9383e-14   5718.95 1 
  5714.02 5.0520e-14   5723.01 1 
  5718.08 5.1081e-14   5727.08 1 
  5722.14 5.1195e-14   5731.15 1 
  5726.20 5.1448e-14   5735.21 1 
  5730.26 5.3128e-14   5739.28 1 
  5734.32 5.2619e-14   5743.35 1 
  5738.38 5.1255e-14   5747.41 1 
  5742.44 5.3101e-14   5751.48 1 
  5746.50 5.2807e-14   5755.55 1 
  5750.56 5.1656e-14   5759.61 1 
  5754.62 5.1110e-14   5763.68 1 
  5758.68 5.1043e-14   5767.75 1 
  5762.74 5.1991e-14   5771.81 1 
  5766.80 5.2988e-14   5775.88 1 
  5770.86 5.1188e-14   5779.95 1 
  5774.92 5.0388e-14   5784.01 1 
  5778.98 5.0572e-14   5788.08 1 
  5783.04 5.0965e-14   5792.15 1 
  5787.10 5.1777e-14   5796.21 1 
  5791.16 5.1260e-14   5800.28 1 
  5795.22 5.1271e-14   5804.34 1 
  5799.28 5.1837e-14   5808.41 1 
  5803.34 5.1699e-14   5812.48 1 
  5807.40 5.2251e-14   5816.54 1 
  5811.46 5.2981e-14   5820.61 1 
  5815.52 5.2873e-14   5824.68 1 
  5819.58 5.3097e-14   5828.74 1 
  5823.64 5.3658e-14   5832.81 1 
  5827.70 5.3740e-14   5836.88 1 
  5831.76 5.4039e-14   5840.94 1 
  5835.82 5.3607e-14   5845.01 1 
  5839.88 5.3955e-14   5849.08 1 
  5843.94 5.4020e-14   5853.14 1 
  5848.00 5.2140e-14   5857.21 1 
  5852.06 5.1433e-14   5861.28 1 
  5856.13 5.0897e-14   5865.34 1 
  5860.19 5.1370e-14   5869.41 1 
  5864.25 5.0687e-14   5873.48 1 
  5868.31 5.2258e-14   5877.54 1 
  5872.37 4.9727e-14   5881.61 1 
  5876.43 4.9337e-14   5885.67 1 
  5880.49 4.7745e-14   5889.74 1 
  5884.55 4.6435e-14   5893.81 1 
  5888.61 4.5779e-14   5897.87 1 
  5892.67 4.5410e-14   5901.94 1 
  5896.73 4.4985e-14   5906.01 1 
  5900.79 4.6137e-14   5910.07 1 
  5904.85 4.7532e-14   5914.14 1 
  5908.91 4.8732e-14   5918.21 1 
  5912.97 5.0628e-14   5922.27 1 
  5917.03 4.9425e-14   5926.34 1 
  5921.09 5.0180e-14   5930.41 1 
  5925.15 5.2296e-14   5934.47 1 
  5929.21 4.9892e-14   5938.54 1 
  5933.27 4.9200e-14   5942.61 1 
  5937.33 5.0355e-14   5946.67 1 
  5941.39 5.0602e-14   5950.74 1 
  5945.45 5.1163e-14   5954.81 1 
  5949.51 5.1097e-14   5958.87 1 
  5953.57 5.1687e-14   5962.94 1 
  5957.63 5.0916e-14   5967.00 1 
  5961.69 5.1658e-14   5971.07 1 
  5965.75 5.2529e-14   5975.14 1 
  5969.81 5.1063e-14   5979.20 1 
  5973.87 5.0722e-14   5983.27 1 
  5977.93 5.1580e-14   5987.34 1 
  5981.99 5.1100e-14   5991.40 1 
  5986.05 5.1343e-14   5995.47 1 
  5990.11 5.1843e-14   5999.54 1 
  5994.17 5.0636e-14   6003.60 1 
  5998.23 5.1079e-14   6007.67 1 
  6002.29 5.1864e-14   6011.74 1 
  6006.35 5.0642e-14   6015.80 1 
  6010.41 5.1542e-14   6019.87 1 
  6014.47 5.1438e-14   6023.94 1 
  6018.53 5.0983e-14   6028.00 1 
  6022.59 5.0717e-14   6032.07 1 
  6026.65 5.1153e-14   6036.14 1 
  6030.71 5.2370e-14   6040.20 1 
  6034.77 5.1521e-14   6044.27 1 
  6038.83 5.3562e-14   6048.33 1 
  6042.89 5.2905e-14   6052.40 1 
  6046.95 5.1687e-14   6056.47 1 
  6051.01 5.2506e-14   6060.53 1 
  6055.07 5.2533e-14   6064.60 1 
  6059.13 5.2110e-14   6068.67 1 
  6063.19 5.2741e-14   6072.73 1 
  6067.25 5.3799e-14   6076.80 1 
  6071.31 5.3756e-14   6080.87 1 
  6075.37 5.2932e-14   6084.93 1 
  6079.43 5.2367e-14   6089.00 1 
  6083.49 5.2111e-14   6093.07 1 
  6087.55 5.1876e-14   6097.13 1 
  6091.61 5.1584e-14   6101.20 1 
  6095.67 5.1881e-14   6105.27 1 
  6099.73 5.1816e-14   6109.33 1 
  6103.79 5.0620e-14   6113.40 1 
  6107.85 5.0640e-14   6117.47 1 
  6111.91 5.1191e-14   6121.53 1 
  6115.97 5.2453e-14   6125.60 1 
  6120.03 5.2197e-14   6129.66 1 
  6124.09 5.0366e-14   6133.73 1 
  6128.15 5.0598e-14   6137.80 1 
  6132.21 5.1615e-14   6141.86 1 
  6136.27 5.2028e-14   6145.93 1 
  6140.33 5.1553e-14   6150.00 1 
  6144.39 5.1165e-14   6154.06 1 
  6148.45 4.9916e-14   6158.13 1 
  6152.51 4.9540e-14   6162.20 1 
  6156.57 4.8667e-14   6166.26 1 
  6160.63 4.6913e-14   6170.33 1 
  6164.69 4.7369e-14   6174.40 1 
  6168.75 4.7195e-14   6178.46 1 
  6172.81 4.9442e-14   6182.53 1 
  6176.87 4.8589e-14   6186.60 1 
  6180.93 5.0079e-14   6190.66 1 
  6184.99 5.0003e-14   6194.73 1 
  6189.05 5.0485e-14   6198.80 1 
  6193.11 4.9808e-14   6202.86 1 
  6197.17 4.9655e-14   6206.93 1 
  6201.23 4.9593e-14   6210.99 1 
  6205.29 4.9026e-14   6215.06 1 
  6209.35 5.1161e-14   6219.13 1 
  6213.41 5.0478e-14   6223.19 1 
  6217.47 4.6688e-14   6227.26 1 
  6221.53 4.6719e-14   6231.33 1 
  6225.59 4.7125e-14   6235.39 1 
  6229.65 4.7981e-14   6239.46 1 
  6233.71 4.7626e-14   6243.53 1 
  6237.78 4.7641e-14   6247.59 1 
  6241.84 4.7782e-14   6251.66 1 
  6245.90 4.5964e-14   6255.73 1 
  6249.96 4.6095e-14   6259.79 1 
  6254.02 4.6252e-14   6263.86 1 
  6258.08 4.5950e-14   6267.93 1 
  6262.14 4.6353e-14   6271.99 1 
  6266.20 4.7591e-14   6276.06 1 
  6270.26 4.7202e-14   6280.12 1 
  6274.32 4.9124e-14   6284.19 1 
  6278.38 4.7348e-14   6288.26 1 
  6282.44 4.7931e-14   6292.32 1 
  6286.50 4.7141e-14   6296.39 1 
  6290.56 4.9311e-14   6300.46 1 
  6294.62 5.0711e-14   6304.52 1 
  6298.68 4.9729e-14   6308.59 1 
  6302.74 5.0558e-14   6312.66 1 
  6306.80 4.7897e-14   6316.72 1 
  6310.86 4.8205e-14   6320.79 1 
  6314.92 4.8947e-14   6324.86 1 
  6318.98 4.9104e-14   6328.92 1 
  6323.04 4.8797e-14   6332.99 1 
  6327.10 4.9751e-14   6337.06 1 
  6331.16 5.0296e-14   6341.12 1 
  6335.22 5.0096e-14   6345.19 1 
  6339.28 4.9742e-14   6349.26 1 
  6343.34 5.0985e-14   6353.32 1 
  6347.40 4.8356e-14   6357.39 1 
  6351.46 4.8484e-14   6361.45 1 
  6355.52 4.8736e-14   6365.52 1 
  6359.58 4.8886e-14   6369.59 1 
  6363.64 4.9175e-14   6373.65 1 
  6367.70 4.9715e-14   6377.72 1 
  6371.76 5.0823e-14   6381.79 1 
  6375.82 5.0847e-14   6385.85 1 
  6379.88 5.1017e-14   6389.92 1 
  6383.94 5.1666e-14   6393.99 1 
  6388.00 4.9979e-14   6398.05 1 
  6392.06 5.1442e-14   6402.12 1 
  6396.12 5.0206e-14   6406.19 1 
  6400.18 5.0594e-14   6410.25 1 
  6404.24 5.0514e-14   6414.32 1 
  6408.30 5.0537e-14   6418.39 1 
  6412.36 4.9685e-14   6422.45 1 
  6416.42 5.0265e-14   6426.52 1 
  6420.48 4.9969e-14   6430.59 1 
  6424.54 4.9359e-14   6434.65 1 
  6428.60 5.1647e-14   6438.72 1 
  6432.66 5.1979e-14   6442.78 1 
  6436.72 5.0305e-14   6446.85 1 
  6440.78 5.0358e-14   6450.92 1 
  6444.84 5.0079e-14   6454.98 1 
  6448.90 5.1030e-14   6459.05 1 
  6452.96 4.9558e-14   6463.12 1 
  6457.02 5.0630e-14   6467.18 1 
  6461.08 5.0531e-14   6471.25 1 
  6465.14 5.0776e-14   6475.32 1 
  6469.20 5.0533e-14   6479.38 1 
  6473.26 5.0096e-14   6483.45 1 
  6477.32 5.0817e-14   6487.52 1 
  6481.38 5.1924e-14   6491.58 1 
  6485.44 5.0891e-14   6495.65 1 
  6489.50 4.9536e-14   6499.72 1 
  6493.56 4.9451e-14   6503.78 1 
  6497.62 4.8362e-14   6507.85 1 
  6501.68 4.9751e-14   6511.92 1 
  6505.74 5.0031e-14   6515.98 1 
  6509.80 5.0416e-14   6520.05 1 
  6513.86 5.0423e-14   6524.11 1 
  6517.92 5.1790e-14   6528.18 1 
  6521.98 5.1278e-14   6532.25 1 
  6526.04 5.2132e-14   6536.31 1 
  6530.10 5.1820e-14   6540.38 1 
  6534.16 4.9768e-14   6544.45 1 
  6538.22 5.0583e-14   6548.51 1 
  6542.28 5.1588e-14   6552.58 1 
  6546.34 5.0221e-14   6556.65 1 
  6550.40 4.9522e-14   6560.71 1 
  6554.46 4.6963e-14   6564.78 1 
  6558.52 4.6854e-14   6568.85 1 
  6562.58 4.6206e-14   6572.91 1 
  6566.64 4.6822e-14   6576.98 1 
  6570.70 4.7603e-14   6581.05 1 
  6574.76 4.9166e-14   6585.11 1 
  6578.82 5.0592e-14   6589.18 1 
  6582.88 4.9804e-14   6593.25 1 
  6586.94 5.0590e-14   6597.31 1 
  6591.00 5.1348e-14   6601.38 1 
  6595.06 5.0265e-14   6605.44 1 
  6599.12 5.0714e-14   6609.51 1 
  6603.18 5.1065e-14   6613.58 1 
  6607.24 5.0499e-14   6617.64 1 
  6611.30 5.0376e-14   6621.71 1 
  6615.36 4.9237e-14   6625.78 1 
  6619.42 5.0073e-14   6629.84 1 
  6623.48 5.1089e-14   6633.91 1 
  6627.54 5.0259e-14   6637.98 1 
  6631.60 4.9434e-14   6642.04 1 
  6635.66 5.0229e-14   6646.11 1 
  6639.72 5.0780e-14   6650.18 1 
  6643.79 4.9971e-14   6654.24 1 
  6647.85 4.9791e-14   6658.31 1 
  6651.91 5.0140e-14   6662.38 1 
  6655.97 4.9864e-14   6666.44 1 
  6660.03 4.9411e-14   6670.51 1 
  6664.09 5.0363e-14   6674.58 1 
  6668.15 5.0664e-14   6678.64 1 
  6672.21 4.7849e-14   6682.71 1 
  6676.27 4.9267e-14   6686.77 1 
  6680.33 5.1030e-14   6690.84 1 
  6684.39 5.0643e-14   6694.91 1 
  6688.45 5.0796e-14   6698.97 1 
  6692.51 4.8812e-14   6703.04 1 
  6696.57 4.9151e-14   6707.11 1 
  6700.63 5.0176e-14   6711.17 1 
  6704.69 4.7968e-14   6715.24 1 
  6708.75 4.8548e-14   6719.31 1 
  6712.81 4.8663e-14   6723.37 1 
  6716.87 4.7563e-14   6727.44 1 
  6720.93 4.8480e-14   6731.51 1 
  6724.99 4.9429e-14   6735.57 1 
  6729.05 4.9190e-14   6739.64 1 
  6733.11 4.9592e-14   6743.71 1 
  6737.17 4.9146e-14   6747.77 1 
  6741.23 4.9624e-14   6751.84 1 
  6745.29 5.0185e-14   6755.91 1 
  6749.35 4.9435e-14   6759.97 1 
  6753.41 4.8778e-14   6764.04 1 
  6757.47 4.8371e-14   6768.10 1 
  6761.53 4.9254e-14   6772.17 1 
  6765.59 4.9550e-14   6776.24 1 
  6769.65 5.0310e-14   6780.30 1 
  6773.71 4.9496e-14   6784.37 1 
  6777.77 5.1079e-14   6788.44 1 
  6781.83 4.9837e-14   6792.50 1 
  6785.89 4.9261e-14   6796.57 1 
  6789.95 4.8405e-14   6800.64 1 
  6794.01 4.9359e-14   6804.70 1 
  6798.07 4.9114e-14   6808.77 1 
  6802.13 4.8806e-14   6812.84 1 
  6806.19 4.9499e-14   6816.90 1 
  6810.25 5.0335e-14   6820.97 1 
  6814.31 5.0580e-14   6825.04 1 
  6818.37 4.9954e-14   6829.10 1 
  6822.43 5.0004e-14   6833.17 1 
  6826.49 4.8187e-14   6837.24 1 
  6828.37 4.8856e-14   6839.12 0 
  6844.11 4.8623e-14   6854.88 0 
  6859.89 4.7837e-14   6870.68 0 
  6875.70 4.8049e-14   6886.52 0 
  6891.55 4.6090e-14   6902.40 0 
  6907.44 4.7811e-14   6918.31 0 
  6923.36 4.7693e-14   6934.26 0 
  6939.32 4.9133e-14   6950.24 0 
  6955.32 4.9351e-14   6966.26 0 
  6971.35 4.9456e-14   6982.33 0 
  6987.42 4.7658e-14   6998.42 0 
  7003.53 4.9552e-14   7014.55 0 
  7019.67 4.9202e-14   7030.72 0 
  7035.86 4.9079e-14   7046.93 0 
  7052.08 5.0561e-14   7063.18 0 
  7068.33 4.6961e-14   7079.46 0 
  7084.63 4.8715e-14   7095.78 0 
  7100.96 4.6087e-14   7112.14 0 
  7117.33 4.5656e-14   7128.53 0 
  7133.74 4.5438e-14   7144.96 0 
  7150.18 4.5850e-14   7161.43 0 
  7166.66 4.5947e-14   7177.94 0 
  7183.19 4.5204e-14   7194.49 0 
  7199.74 4.3761e-14   7211.08 0 
  7216.34 4.5395e-14   7227.70 0 
  7232.97 4.7090e-14   7244.36 0 
  7249.65 4.6757e-14   7261.06 0 
  7266.36 4.8168e-14   7277.80 0 
  7283.11 4.7063e-14   7294.57 0 
  7299.90 4.5457e-14   7311.39 0 
  7316.73 4.7590e-14   7328.25 0 
  7333.59 4.7690e-14   7345.14 0 
  7350.50 4.8679e-14   7362.07 0 
  7367.45 4.9234e-14   7379.04 0 
  7384.43 5.0371e-14   7396.05 0 
  7401.45 4.9328e-14   7413.10 0 
  7418.52 4.8642e-14   7430.19 0 
  7435.62 5.0807e-14   7447.32 0 
  7452.76 4.8847e-14   7464.49 0 
  7469.94 4.8168e-14   7481.70 0 
  7487.16 5.0428e-14   7498.94 0 
  7504.42 4.9498e-14   7516.23 0 
  7521.72 5.0757e-14   7533.56 0 
  7539.06 5.0166e-14   7550.92 0 
  7556.43 5.1089e-14   7568.33 0 
  7573.86 5.0494e-14   7585.78 0 
  7591.31 5.0484e-14   7603.26 0 
  7608.81 4.9896e-14   7620.79 0 
  7626.35 4.7313e-14   7638.36 0 
  7643.94 4.8629e-14   7655.97 0 
  7661.56 4.7294e-14   7673.61 0 
  7679.22 4.7284e-14   7691.30 0 
  7696.92 4.7166e-14   7709.04 0 
  7714.66 4.6724e-14   7726.81 0 
  7732.45 4.6180e-14   7744.62 0 
  7750.27 4.6064e-14   7762.47 0 
  7768.14 4.6161e-14   7780.37 0 
  7786.05 4.5729e-14   7798.30 0 
  7803.99 4.5614e-14   7816.28 0 
  7821.99 4.7644e-14   7834.30 0 
  7840.02 4.5177e-14   7852.36 0 
  7858.09 4.6433e-14   7870.46 0 
  7876.21 4.7178e-14   7888.60 0 
  7894.36 4.7386e-14   7906.79 0 
  7912.56 4.6726e-14   7925.01 0 
  7930.80 4.5864e-14   7943.28 0 
  7949.08 4.5017e-14   7961.59 0 
  7967.41 4.5844e-14   7979.95 0 
  7985.78 4.6472e-14   7998.34 0 
  8004.18 4.5509e-14   8016.78 0 
  8022.63 4.7535e-14   8035.26 0 
  8041.13 4.7964e-14   8053.78 0 
  8059.67 4.7514e-14   8072.35 0 
  8078.24 4.5997e-14   8090.96 0 
  8096.86 4.7167e-14   8109.61 0 
  8115.53 4.7157e-14   8128.31 0 
  8134.24 4.7693e-14   8147.04 0 
  8152.99 4.6705e-14   8165.82 0 
  8171.79 4.3578e-14   8184.65 0 
  8190.62 4.4481e-14   8203.52 0 
  8209.50 4.5402e-14   8222.43 0 
  8228.43 4.6130e-14   8241.38 0 
  8247.40 4.7521e-14   8260.38 0 
  8266.41 4.5687e-14   8279.42 0 
  8285.46 4.5050e-14   8298.51 0 
  8304.57 4.5667e-14   8317.64 0 
  8323.71 4.6186e-14   8336.81 0 
  8342.90 4.4505e-14   8356.03 0 
  8362.13 4.6165e-14   8375.29 0 
  8381.41 4.5943e-14   8394.60 0 
  8400.73 4.6145e-14   8413.95 0 
  8420.10 4.4981e-14   8433.35 0 
  8439.51 4.6551e-14   8452.79 0 
  8458.96 4.4344e-14   8472.27 0 
  8478.46 4.2241e-14   8491.80 0 
  8498.01 4.4940e-14   8511.38 0 
  8517.59 4.4827e-14   8531.00 0 
  8537.23 4.3696e-14   8550.67 0 
  8556.91 4.0676e-14   8570.38 0 
  8576.64 4.4488e-14   8590.14 0 
  8596.41 4.4273e-14   8609.94 0 
  8616.23 4.4060e-14   8629.79 0 
  8636.09 4.4253e-14   8649.68 0 
  8655.99 4.2643e-14   8669.62 0 
  8675.95 3.9061e-14   8689.60 0 
  8695.95 4.2038e-14   8709.64 0 
  8715.99 4.3505e-14   8729.71 0 
  8736.09 4.3696e-14   8749.84 0 
  8756.23 4.3786e-14   8770.01 0 
  8776.41 4.3375e-14   8790.23 0 
  8796.64 4.4477e-14   8810.49 0 
  8816.92 3.8374e-14   8830.80 0 
  8837.25 4.3846e-14   8851.16 0 
  8857.62 4.3836e-14   8871.56 0 
  8878.03 4.0619e-14   8892.01 0 
  8898.50 4.2133e-14   8912.51 0 
  8919.02 4.2513e-14   8933.05 0 
  8939.57 4.1727e-14   8953.65 0 
  8960.19 4.1525e-14   8974.29 0 
  8980.84 3.9830e-14   8994.98 0 
  9001.54 3.7766e-14   9015.71 0 
  9022.30 3.9084e-14   9036.50 0 
  9043.09 4.4146e-14   9057.33 0 
  9063.94 4.4647e-14   9078.20 0 
  9084.84 4.3121e-14   9099.13 0 
  9105.78 4.3011e-14   9120.11 0 
  9126.77 3.8679e-14   9141.13 0 
  9147.80 4.0213e-14   9162.20 0 
  9168.90 4.1712e-14   9183.33 0 
  9190.03 4.1702e-14   9204.50 0 
  9211.21 4.1884e-14   9225.71 0 
  9232.45 4.1681e-14   9246.98 0 
  9253.73 4.0164e-14   9268.30 0 
  9275.06 4.2828e-14   9289.66 0 
  9296.45 3.8692e-14   9311.08 0 
  9317.88 4.2122e-14   9332.54 0 
  9339.36 4.2208e-14   9354.06 0 
  9360.88 4.1428e-14   9375.62 0 
  9382.47 4.1993e-14   9397.23 0 
  9404.09 4.1312e-14   9418.90 0 
  9425.77 4.2069e-14   9440.61 0 
  9447.50 4.1577e-14   9462.37 0 
  9469.28 4.2242e-14   9484.18 0 
  9491.11 4.2134e-14   9506.05 0 
  9512.99 4.1545e-14   9527.96 0 
  9534.92 4.1726e-14   9549.93 0 
  9556.90 4.0954e-14   9571.94 0 
  9578.93 4.1418e-14   9594.01 0 
  9601.01 4.1887e-14   9616.12 0 
  9623.14 4.1492e-14   9638.29 0 
  9645.33 4.0818e-14   9660.51 0 
  9667.56 4.0807e-14   9682.78 0 
  9689.85 4.1174e-14   9705.10 0 
  9712.18 4.0598e-14   9727.47 0 
  9734.58 4.0216e-14   9749.90 0 
  9757.01 4.0113e-14   9772.37 0 
  9779.51 4.0287e-14   9794.90 0 
  9802.05 4.0463e-14   9817.48 0 
  9824.65 4.0173e-14   9840.11 0 
  9847.29 4.0255e-14   9862.79 0 
  9869.99 3.9968e-14   9885.53 0 
  9892.75 3.9865e-14   9908.32 0 
  9915.55 3.9398e-14   9931.16 0 
  9938.41 3.9661e-14   9954.05 0 
  9961.32 3.9741e-14   9977.00 0 
  9984.28 3.9457e-14  10000.00 0 
 10030.37 3.9345e-14  10046.15 0 
 10076.67 3.8874e-14  10092.53 0 
 10123.18 3.9032e-14  10139.12 0 
 10169.90 3.8564e-14  10185.91 0 
 10216.85 3.8542e-14  10232.94 0 
 10264.01 3.8521e-14  10280.17 0 
 10311.38 3.8234e-14  10327.61 0 
 10503.08 3.6938e-14  10519.62 0 
 10698.36 3.5363e-14  10715.20 0 
 10897.25 3.4162e-14  10914.41 0 
 11099.85 3.2700e-14  11117.32 0 
 11306.21 3.1882e-14  11324.00 0 
 11489.91 3.1445e-14  11508.00 0 
 11703.53 3.0517e-14  11721.95 0 
 11893.71 2.9414e-14  11912.43 0 
 12086.96 2.8678e-14  12105.99 0 
 12311.67 2.8155e-14  12331.05 0 
 12511.72 2.7324e-14  12531.41 0 
 12685.78 2.6702e-14  12705.74 0 
 12891.90 2.5975e-14  12912.19 0 
 13101.38 2.5442e-14  13122.00 0 
 13314.26 2.4748e-14  13335.21 0 
 13499.48 2.4241e-14  13520.73 0 
 13687.28 2.3798e-14  13708.82 0 
 13909.68 2.2990e-14  13931.57 0 
 14103.18 2.2159e-14  14125.38 0 
 14299.38 2.1805e-14  14321.88 0 
 14498.30 2.1855e-14  14521.12 0 
 14700.00 2.1162e-14  14723.13 0 
 14904.48 2.1259e-14  14927.94 0 
 15111.82 2.1259e-14  15135.61 0 
 15286.81 2.1505e-14  15310.87 0 
 15499.47 2.1308e-14  15523.87 0 
 15715.09 2.0968e-14  15739.83 0 
 15897.07 2.0349e-14  15922.09 0 
 16118.22 2.0396e-14  16143.59 0 
 16304.85 2.0209e-14  16330.51 0 
 16493.65 1.9840e-14  16519.62 0 
 16684.65 1.9523e-14  16710.91 0 
 16916.75 1.9079e-14  16943.38 0 
 17112.65 1.8559e-14  17139.58 0 
 17310.79 1.7846e-14  17338.03 0 
 17511.24 1.7280e-14  17538.80 0 
 17714.02 1.6617e-14  17741.90 0 
 17919.14 1.6016e-14  17947.34 0 
 18084.93 1.5330e-14  18113.40 0 
 18294.35 1.4912e-14  18323.14 0 
 18506.19 1.4406e-14  18535.32 0 
 18720.47 1.3821e-14  18749.94 0 
 18893.69 1.3414e-14  18923.43 0 
 19112.48 1.3139e-14  19142.56 0 
 19289.31 1.2663e-14  19319.67 0 
 19512.68 1.2149e-14  19543.39 0 
 19693.23 1.1764e-14  19724.23 0 
 19921.28 1.1391e-14  19952.63 0 
 20105.59 1.1183e-14  20137.24 0 
 20291.64 1.0778e-14  20323.57 0 
 20479.38 1.0582e-14  20511.61 0 
 20716.52 1.0293e-14  20749.13 0 
 20908.22 1.0036e-14  20941.13 0 
 21101.67 9.8073e-15  21134.88 0 
 21296.93 9.5840e-15  21330.45 0 
 21493.99 9.3443e-15  21527.83 0 
 21692.86 9.0271e-15  21727.01 0 
 21893.59 8.8420e-15  21928.05 0 
 22096.16 8.5812e-15  22130.94 0 
 22300.62 8.3473e-15  22335.72 0 
 22506.97 8.1386e-15  22542.40 0 
 22715.21 7.9168e-15  22750.97 0 
 22925.41 7.1047e-15  22961.49 0 
 23084.30 7.0234e-15  23120.64 0 
 23297.91 6.1595e-15  23334.58 0 
 23513.49 5.8284e-15  23550.50 0 
 23676.47 5.8959e-15  23713.74 0 
 23895.56 5.4144e-15  23933.17 0 
 24116.64 5.2547e-15  24154.60 0 
 24283.83 5.1826e-15  24322.05 0 
 24508.51 4.8478e-15  24547.08 0 
 24678.40 4.7813e-15  24717.25 0 
 24906.73 4.0602e-15  24945.94 0 
 25079.39 4.0045e-15  25118.87 0 
 25311.44 4.0323e-15  25351.28 0 
 25486.90 3.9953e-15  25527.02 0 
 25722.71 4.0509e-15  25763.20 0 
 25901.03 3.9678e-15  25941.79 0 
 26080.55 3.9496e-15  26121.60 0 
 26321.88 3.8508e-15  26363.31 0 
 26504.33 3.7979e-15  26546.04 0 
 26688.06 3.7200e-15  26730.07 0 
 26873.04 3.6606e-15  26915.34 0 
 27121.70 3.5938e-15  27164.39 0 
 27309.69 3.5200e-15  27352.67 0 
 27499.01 3.4638e-15  27542.29 0 
 27689.61 3.3771e-15  27733.19 0 
 27881.56 3.3308e-15  27925.45 0 
 28074.81 3.2550e-15  28119.00 0 
 28269.43 3.1956e-15  28313.93 0 
 28530.99 3.1300e-15  28575.90 0 
 28728.77 3.0658e-15  28773.99 0 
 28927.90 3.0099e-15  28973.43 0 
 29128.43 2.9481e-15  29174.28 0 
 29330.33 2.8810e-15  29376.49 0 
 29533.65 2.8219e-15  29580.14 0 
 29669.96 2.7704e-15  29716.66 0 
 29875.61 2.7074e-15  29922.63 0 
 30082.72 2.6580e-15  30130.07 0 
 30291.22 2.6094e-15  30338.90 0 
 30501.21 2.5677e-15  30549.22 0 
 30712.62 2.5267e-15  30760.96 0 
 30925.53 2.4806e-15  30974.21 0 
 31068.26 2.4409e-15  31117.17 0 
 31283.60 2.4019e-15  31332.84 0 
 31500.47 2.3526e-15  31550.05 0 
 31718.81 2.3097e-15  31768.73 0 
 31865.24 2.2727e-15  31915.39 0 
 32086.10 2.2313e-15  32136.60 0 
 32308.53 2.1956e-15  32359.38 0 
 32532.47 2.1555e-15  32583.67 0 
 32682.62 2.1162e-15  32734.06 0 
 32909.18 2.0775e-15  32960.98 0 
 33137.28 2.0443e-15  33189.44 0 
 33290.23 1.9978e-15  33342.62 0 
 33521.00 1.9613e-15  33573.76 0 
 33675.72 1.9211e-15  33728.72 0 
 33909.17 1.8817e-15  33962.54 0 
 34065.67 1.8431e-15  34119.29 0 
 34301.79 1.8095e-15  34355.78 0 
 34539.58 1.7764e-15  34593.94 0 
 34698.99 1.7400e-15  34753.61 0 
 34939.53 1.7043e-15  34994.53 0 
 35100.79 1.6732e-15  35156.04 0 
 35262.80 1.6389e-15  35318.30 0 
 35507.25 1.6053e-15  35563.14 0 
 35671.13 1.5760e-15  35727.28 0 
 35918.42 1.5436e-15  35974.95 0 
 36084.20 1.5155e-15  36140.99 0 
 36334.30 1.4844e-15  36391.49 0 
 36502.04 1.4539e-15  36559.50 0 
 36670.51 1.4274e-15  36728.23 0 
 36924.69 1.3949e-15  36982.80 0 
 37095.15 1.3663e-15  37153.54 0 
 37266.36 1.3445e-15  37325.02 0 
 37524.66 1.3108e-15  37583.72 0 
 37697.89 1.2929e-15  37757.23 0 
 37871.89 1.2663e-15  37931.50 0 
 38134.38 1.2432e-15  38194.41 0 
 38310.43 1.2205e-15  38370.73 0 
 38487.25 1.1983e-15  38547.83 0 
 38664.89 1.1710e-15  38725.75 0 
 38932.93 1.1496e-15  38994.21 0 
 39112.62 1.1286e-15  39174.18 0 
 39293.14 1.1080e-15  39354.99 0 
 39474.54 1.0853e-15  39536.67 0 
 39656.73 1.0655e-15  39719.15 0 
 39931.64 1.0412e-15  39994.50 0 
 40115.95 1.0246e-15  40179.09 0 
 40301.10 1.0082e-15  40364.54 0 
 40487.11 9.8753e-16  40550.84 0 
 40674.02 9.6950e-16  40738.04 0 
 40861.75 9.5400e-16  40926.07 0 
 41144.97 9.3875e-16  41209.73 0 
 41334.92 9.2161e-16  41399.98 0 
 41525.70 9.0479e-16  41591.06 0 
 41717.36 8.9032e-16  41783.02 0 
 41909.95 8.7407e-16  41975.91 0 
 42103.38 8.5812e-16  42169.65 0 
 42297.70 8.4635e-16  42364.28 0 
 42492.98 8.3090e-16  42559.86 0 
 42689.10 8.1761e-16  42756.29 0 
 42886.13 7.8442e-16  42953.63 0 
 43084.12 7.5084e-16  43151.93 0 
 43282.97 7.4911e-16  43351.10 0 
 43482.74 7.1705e-16  43551.18 0 
 43683.43 7.0073e-16  43752.19 0 
 43885.10 6.8794e-16  43954.18 0 
 44087.65 6.4826e-16  44157.04 0 
 44291.13 6.3743e-16  44360.85 0 
 44495.60 6.2655e-16  44565.64 0 
 44700.97 6.1563e-16  44771.33 0 
 44907.29 6.0513e-16  44977.97 0 
 45114.61 5.9513e-16  45185.62 0 
 45322.83 5.8508e-16  45394.17 0 
 45532.02 5.7499e-16  45603.68 0 
 45742.17 5.6501e-16  45814.16 0 
 45847.66 5.6040e-16  45919.82 0 
 46059.26 5.5114e-16  46131.76 0 
 46271.85 5.4183e-16  46344.68 0 
 46485.46 5.3248e-16  46558.63 0 
 46700.02 5.2342e-16  46773.52 0 
 46915.56 5.1486e-16  46989.40 0 
 47132.10 5.0626e-16  47206.28 0 
 47349.68 4.9762e-16  47424.21 0 
 47458.83 4.9329e-16  47533.53 0 
 47677.87 4.8505e-16  47752.92 0 
 47897.98 4.7712e-16  47973.37 0 
 48119.05 4.6915e-16  48194.79 0 
 48341.14 4.6115e-16  48417.23 0 
 48452.57 4.5713e-16  48528.84 0 
 48676.25 4.4965e-16  48752.87 0 
 48900.92 4.4230e-16  48977.89 0 
 49126.62 4.3491e-16  49203.95 0 
 49353.36 4.2749e-16  49431.04 0 
 49467.18 4.2377e-16  49545.04 0 
 49695.49 4.1697e-16  49773.71 0 
 49924.86 4.1015e-16  50003.44 0 
 50155.34 4.0331e-16  50234.29 0 
 50270.95 3.9987e-16  50350.08 0 
 50502.97 3.9309e-16  50582.46 0 
 50736.07 3.8680e-16  50815.93 0 
 50853.02 3.8364e-16  50933.06 0 
 50970.30 3.8047e-16  51050.52 0 
 51087.78 3.7730e-16  51168.20 0 
 51205.55 3.7412e-16  51286.14 0 
 51323.58 3.7094e-16  51404.36 0 
 51441.88 3.6775e-16  51522.85 0 
 51560.46 3.6476e-16  51641.62 0 
 51679.37 3.6185e-16  51760.71 0 
 51798.49 3.5893e-16  51880.02 0 
 51917.89 3.5600e-16  51999.61 0 
 52037.57 3.5306e-16  52119.47 0 
 52157.51 3.5012e-16  52239.61 0 
 52277.74 3.4717e-16  52360.03 0 
 52398.24 3.4422e-16  52480.72 0 
 52519.08 3.4129e-16  52601.75 0 
 52640.14 3.3859e-16  52723.00 0 
 52761.48 3.3589e-16  52844.53 0 
 52883.10 3.3318e-16  52966.34 0 
 53005.00 3.3046e-16  53088.43 0 
 53127.18 3.2774e-16  53210.80 0 
 53249.70 3.2501e-16  53333.52 0 
 53372.45 3.2227e-16  53456.46 0 
 53495.47 3.1953e-16  53579.68 0 
 53618.79 3.1691e-16  53703.18 0 
 53742.38 3.1441e-16  53826.97 0 
 53866.26 3.1190e-16  53951.05 0 
 53990.43 3.0938e-16  54075.41 0 
 54114.94 3.0686e-16  54200.11 0 
 54239.68 3.0433e-16  54325.05 0 
 54364.70 3.0180e-16  54450.27 0 
 54490.02 2.9926e-16  54575.79 0 
 54615.62 2.9671e-16  54701.59 0 
 54741.51 2.9438e-16  54827.68 0 
 54867.70 2.9205e-16  54954.06 0 
 54994.23 2.8972e-16  55080.79 0 
 55121.00 2.8738e-16  55207.76 0 
 55248.06 2.8504e-16  55335.02 0 
 55375.41 2.8269e-16  55462.57 0 
 55503.05 2.8034e-16  55590.41 0 
 55630.99 2.7798e-16  55718.55 0 
 55759.28 2.7569e-16  55847.05 0 
 55887.81 2.7353e-16  55975.78 0 
 56016.64 2.7137e-16  56104.81 0 
 56145.76 2.6921e-16  56234.13 0 
 56275.18 2.6704e-16  56363.76 0 
 56404.90 2.6486e-16  56493.68 0 
 56534.92 2.6268e-16  56623.90 0 
 56665.29 2.6049e-16  56754.48 0 
 56795.91 2.5830e-16  56885.31 0 
 56926.83 2.5626e-16  57016.43 0 
 57058.05 2.5425e-16  57147.86 0 
 57189.57 2.5225e-16  57279.59 0 
 57321.40 2.5023e-16  57411.62 0 
 57453.59 2.4822e-16  57544.02 0 
 57586.03 2.4619e-16  57676.67 0 
 57718.77 2.4417e-16  57809.62 0 
 57851.81 2.4214e-16  57942.87 0 
 57985.16 2.4013e-16  58076.43 0 
 58118.83 2.3827e-16  58210.30 0 
 58252.79 2.3641e-16  58344.48 0 
 58387.13 2.3454e-16  58479.04 0 
 58521.72 2.3267e-16  58613.83 0 
 58656.62 2.3080e-16  58748.94 0 
 58791.82 2.2892e-16  58884.36 0 
 58927.34 2.2704e-16  59020.09 0 
 59063.18 2.2515e-16  59156.14 0 
 59199.32 2.2335e-16  59292.50 0 
 59335.84 2.2163e-16  59429.24 0 
 59472.62 2.1990e-16  59566.23 0 
 59609.71 2.1816e-16  59703.53 0 
 59747.11 2.1642e-16  59841.15 0 
 59884.83 2.1468e-16  59979.09 0 
 60022.87 2.1293e-16  60117.35 0 
 60161.29 2.1118e-16  60255.99 0 
 60299.97 2.0943e-16  60394.88 0 
 60438.97 2.0782e-16  60534.10 0 
 60578.28 2.0621e-16  60673.63 0 
 60717.92 2.0460e-16  60813.49 0 
 60857.88 2.0299e-16  60953.67 0 
 60998.16 2.0137e-16  61094.17 0 
 61138.83 1.9975e-16  61235.06 0 
 61279.76 1.9813e-16  61376.21 0 
 61421.01 1.9650e-16  61517.69 0 
 61562.60 1.9492e-16  61659.50 0 
 61704.50 1.9343e-16  61801.62 0 
 61846.74 1.9194e-16  61944.08 0 
 61989.36 1.9044e-16  62086.93 0 
 62132.25 1.8894e-16  62230.05 0 
 62275.47 1.8743e-16  62373.50 0 
 62419.02 1.8593e-16  62517.27 0 
 62562.90 1.8442e-16  62661.38 0 
 62707.12 1.8290e-16  62805.82 0 
 62851.66 1.8148e-16  62950.59 0 
 62996.61 1.8010e-16  63095.76 0 
 63141.82 1.7871e-16  63241.20 0 
 63287.36 1.7731e-16  63386.98 0 
 63433.25 1.7592e-16  63533.09 0 
 63579.46 1.7452e-16  63679.54 0 
 63726.02 1.7312e-16  63826.32 0 
 63872.98 1.7171e-16  63973.52 0 
 64020.21 1.7032e-16  64120.98 0 
 64167.79 1.6903e-16  64268.79 0 
 64315.70 1.6774e-16  64416.93 0 
 64463.95 1.6645e-16  64565.41 0 
 64612.54 1.6515e-16  64714.24 0 
 64761.48 1.6385e-16  64863.41 0 
 64910.83 1.6255e-16  65013.00 0 
 65060.45 1.6124e-16  65162.86 0 
 65210.42 1.5994e-16  65313.06 0 
 65360.74 1.5869e-16  65463.61 0 
 65511.40 1.5749e-16  65614.52 0 
 65662.41 1.5629e-16  65765.76 0 
 65813.76 1.5508e-16  65917.35 0 
 65965.54 1.5387e-16  66069.37 0 
 66117.59 1.5266e-16  66221.66 0 
 66270.00 1.5145e-16  66374.31 0 
 66422.76 1.5024e-16  66527.31 0 
 66575.87 1.4902e-16  66680.66 0 
 66729.33 1.4790e-16  66834.36 0 
 66883.22 1.4678e-16  66988.49 0 
 67037.39 1.4566e-16  67142.91 0 
 67191.92 1.4454e-16  67297.68 0 
 67346.80 1.4342e-16  67452.80 0 
 67502.04 1.4229e-16  67608.29 0 
 67657.63 1.4116e-16  67764.12 0 
 67813.59 1.4003e-16  67920.33 0 
 67969.98 1.3893e-16  68076.96 0 
 68126.66 1.3789e-16  68233.89 0 
 68283.69 1.3685e-16  68391.17 0 
 68441.09 1.3581e-16  68548.82 0 
 68598.85 1.3476e-16  68706.83 0 
 68756.98 1.3372e-16  68865.20 0 
 68915.54 1.3267e-16  69024.02 0 
 69074.40 1.3161e-16  69183.12 0 
 69233.62 1.3056e-16  69342.59 0 
 69393.20 1.2957e-16  69502.43 0 
 69553.16 1.2860e-16  69662.64 0 
 69713.49 1.2763e-16  69823.22 0 
 69874.18 1.2666e-16  69984.16 0 
 70035.33 1.2569e-16  70145.56 0 
 70196.76 1.2471e-16  70307.25 0 
 70358.57 1.2373e-16  70469.31 0 
 70520.75 1.2275e-16  70631.75 0 
 70683.31 1.2178e-16  70794.56 0 
 70846.24 1.2088e-16  70957.75 0 
 71009.62 1.1998e-16  71121.39 0 
 71173.30 1.1908e-16  71285.33 0 
 71337.36 1.1817e-16  71449.65 0 
 71501.80 1.1727e-16  71614.34 0 
 71666.62 1.1636e-16  71779.42 0 
 71831.81 1.1544e-16  71944.88 0 
 71997.39 1.1453e-16  72110.72 0 
 72163.43 1.1366e-16  72277.02 0 
 72329.77 1.1282e-16  72443.62 0 
 72496.50 1.1198e-16  72610.61 0 
 72663.60 1.1113e-16  72777.98 0 
 72831.10 1.1029e-16  72945.73 0 
 72998.98 1.0944e-16  73113.88 0 
 73167.25 1.0860e-16  73282.41 0 
 73335.98 1.0774e-16  73451.41 0 
 73505.03 1.0689e-16  73620.73 0 
 73674.47 1.0611e-16  73790.43 0 
 73844.29 1.0533e-16  73960.52 0 
 74014.51 1.0454e-16  74131.01 0 
 74185.12 1.0376e-16  74301.88 0 
 74356.20 1.0297e-16  74473.23 0 
 74527.59 1.0218e-16  74644.90 0 
 74699.38 1.0139e-16  74816.96 0 
 74871.57 1.0059e-16  74989.42 0 
 75044.15 9.9822e-17  75162.27 0 
 75217.14 9.9094e-17  75335.53 0 
 75390.52 9.8365e-17  75509.19 0 
 75564.38 9.7633e-17  75683.32 0 
 75738.57 9.6900e-17  75857.78 0 
 75913.15 9.6165e-17  76032.63 0 
 76088.14 9.5428e-17  76207.90 0 
 76263.52 9.4690e-17  76383.56 0 
 76439.32 9.3950e-17  76559.63 0 
 76615.59 9.3255e-17  76736.19 0 
 76792.20 9.2576e-17  76913.07 0 
 76969.21 9.1895e-17  77090.36 0 
 77146.63 9.1212e-17  77268.06 0 
 77324.46 9.0528e-17  77446.17 0 
 77502.70 8.9842e-17  77624.69 0 
 77681.35 8.9154e-17  77803.62 0 
 77860.49 8.8465e-17  77983.05 0 
 78039.97 8.7783e-17  78162.80 0 
 78219.86 8.7150e-17  78342.98 0 
 78400.16 8.6515e-17  78523.56 0 
 78580.88 8.5880e-17  78704.56 0 
 78762.01 8.5242e-17  78885.98 0 
 78943.56 8.4603e-17  79067.82 0 
 79125.62 8.3963e-17  79250.16 0 
 79308.01 8.3321e-17  79432.84 0 
 79490.82 8.2678e-17  79615.94 0 
 79674.05 8.2063e-17  79799.46 0 
 79857.71 8.1472e-17  79983.41 0 
 80041.79 8.0880e-17  80167.77 0 
 80226.37 8.0285e-17  80352.65 0 
 80411.30 7.9690e-17  80537.87 0 
 80596.66 7.9094e-17  80723.52 0 
 80782.43 7.8496e-17  80909.59 0 
 80968.65 7.7896e-17  81096.09 0 
 81155.29 7.7296e-17  81283.02 0 
 81342.35 7.6742e-17  81470.38 0 
 81529.95 7.6190e-17  81658.27 0 
 81717.88 7.5636e-17  81846.50 0 
 81906.24 7.5081e-17  82035.16 0 
 82095.04 7.4526e-17  82224.26 0 
 82284.27 7.3968e-17  82413.79 0 
 82473.94 7.3410e-17  82603.76 0 
 82664.14 7.2850e-17  82794.26 0 
 82854.69 7.2305e-17  82985.10 0 
 83045.68 7.1790e-17  83176.39 0 
 83237.10 7.1274e-17  83368.12 0 
 83428.97 7.0757e-17  83560.29 0 
 83621.28 7.0239e-17  83752.90 0 
 83814.04 6.9719e-17  83945.96 0 
 84007.33 6.9198e-17  84139.55 0 
 84200.97 6.8676e-17  84333.50 0 
 84395.05 6.8153e-17  84527.89 0 
 84589.59 6.7662e-17  84722.73 0 
 84784.58 6.7181e-17  84918.03 0 
 84980.01 6.6699e-17  85113.77 0 
 85175.99 6.6215e-17  85310.05 0 
 85372.33 6.5731e-17  85506.70 0 
 85569.12 6.5245e-17  85703.80 0 
 85766.36 6.4758e-17  85901.35 0 
 85964.06 6.4271e-17  86099.37 0 
 86162.21 6.3788e-17  86297.83 0 
 86360.82 6.3339e-17  86496.75 0 
 86559.98 6.2889e-17  86696.23 0 
 86759.51 6.2438e-17  86896.07 0 
 86959.49 6.1986e-17  87096.37 0 
 87159.94 6.1533e-17  87297.13 0 
 87360.85 6.1079e-17  87498.36 0 
 87562.22 6.0624e-17  87700.05 0 
 87764.06 6.0168e-17  87902.20 0 
 87966.46 5.9731e-17  88104.92 0 
 88169.23 5.9312e-17  88308.01 0 
 88372.47 5.8891e-17  88511.57 0 
 88576.17 5.8469e-17  88715.59 0 
 88780.35 5.8047e-17  88920.09 0 
 88984.99 5.7623e-17  89125.05 0 
 89190.21 5.7198e-17  89330.59 0 
 89395.80 5.6773e-17  89536.51 0 
 89601.86 5.6346e-17  89742.89 0 
 89808.40 5.5953e-17  89949.76 0 
 90015.42 5.5560e-17  90157.10 0 
 90222.90 5.5166e-17  90364.91 0 
 90430.87 5.4772e-17  90573.21 0 
 90639.43 5.4376e-17  90782.09 0 
 90848.36 5.3980e-17  90991.35 0 
 91057.77 5.3583e-17  91201.09 0 
 91267.67 5.3185e-17  91411.32 0 
 91478.04 5.2797e-17  91622.02 0 
 91688.90 5.2431e-17  91833.22 0 
 91900.36 5.2063e-17  92045.01 0 
 92112.19 5.1695e-17  92257.17 0 
 92324.52 5.1325e-17  92469.84 0 
 92537.33 5.0956e-17  92682.98 0 
 92750.64 5.0585e-17  92896.62 0 
 92964.43 5.0213e-17  93110.76 0 
 93178.72 4.9840e-17  93325.38 0 
 93393.61 4.9490e-17  93540.61 0 
 93608.89 4.9147e-17  93756.23 0 
 93824.66 4.8803e-17  93972.34 0 
 94040.93 4.8458e-17  94188.95 0 
 94257.71 4.8113e-17  94406.07 0 
 94474.98 4.7766e-17  94623.68 0 
 94692.85 4.7419e-17  94841.90 0 
 94911.13 4.7071e-17  95060.52 0 
 95129.90 4.6726e-17  95279.63 0 
 95349.19 4.6406e-17  95499.27 0 
 95568.97 4.6085e-17  95719.40 0 
 95789.27 4.5763e-17  95940.04 0 
 96010.07 4.5440e-17  96161.19 0 
 96231.48 4.5116e-17  96382.95 0 
 96453.30 4.4792e-17  96605.12 0 
 96675.63 4.4467e-17  96827.80 0 
 96898.47 4.4141e-17  97050.99 0 
 97121.83 4.3829e-17  97274.70 0 
 97345.71 4.3529e-17  97498.93 0 
 97570.10 4.3228e-17  97723.67 0 
 97795.11 4.2926e-17  97949.04 0 
 98020.54 4.2624e-17  98174.82 0 
 98246.48 4.2321e-17  98401.12 0 
 98472.94 4.2017e-17  98627.94 0 
 98699.93 4.1713e-17  98855.28 0 
 98927.44 4.1408e-17  99083.15 0 
 99155.59 4.1125e-17  99311.66 0 
 99384.15 4.0844e-17  99540.58 0 
 99613.23 4.0562e-17  99770.02 0 
 99842.85 4.0279e-17 100000.00 0 
100072.99 3.9996e-17 100230.51 0 
100303.67 3.9712e-17 100461.55 0 
100534.88 3.9428e-17 100693.12 0 
100766.73 3.9142e-17 100925.34 0 
100999.00 3.8864e-17 101157.97 0 
101231.81 3.8601e-17 101391.15 0 
101465.15 3.8338e-17 101624.86 0 
101699.04 3.8074e-17 101859.12 0 
101933.46 3.7809e-17 102093.91 0 
102168.54 3.7543e-17 102329.35 0 
102404.04 3.7277e-17 102565.23 0 
102640.09 3.7010e-17 102801.65 0 
102876.69 3.6743e-17 103038.62 0 
103113.82 3.6492e-17 103276.12 0 
103351.51 3.6245e-17 103514.19 0 
103589.74 3.5998e-17 103752.79 0 
103828.64 3.5750e-17 103992.06 0 
104067.97 3.5502e-17 104231.77 0 
104307.85 3.5253e-17 104472.03 0 
104548.29 3.5004e-17 104712.85 0 
104789.28 3.4754e-17 104954.22 0 
105030.83 3.4506e-17 105196.15 0 
105272.93 3.4275e-17 105438.63 0 
105515.71 3.4044e-17 105681.79 0 
105758.93 3.3812e-17 105925.40 0 
106002.71 3.3580e-17 106169.56 0 
106247.06 3.3347e-17 106414.29 0 
106491.97 3.3114e-17 106659.59 0 
106737.43 3.2880e-17 106905.44 0 
106983.59 3.2645e-17 107151.98 0 
107230.20 3.2421e-17 107398.98 0 
107477.37 3.2204e-17 107646.54 0 
107725.11 3.1987e-17 107894.67 0 
107973.42 3.1770e-17 108143.38 0 
108222.31 3.1552e-17 108392.66 0 
108471.77 3.1334e-17 108642.51 0 
108721.93 3.1115e-17 108893.05 0 
108972.54 3.0895e-17 109144.06 0 
109223.73 3.0676e-17 109395.65 0 
109475.50 3.0472e-17 109647.81 0 
109727.84 3.0269e-17 109900.55 0 
109980.77 3.0065e-17 110153.88 0 
110234.41 2.9861e-17 110407.92 0 
110488.51 2.9657e-17 110662.41 0 
110743.19 2.9452e-17 110917.50 0 
110998.46 2.9247e-17 111173.17 0 
111254.32 2.9041e-17 111429.44 0 
111510.77 2.8840e-17 111686.29 0 
111767.81 2.8650e-17 111943.73 0 
112025.57 2.8460e-17 112201.90 0 
112283.80 2.8269e-17 112460.53 0 
112542.62 2.8077e-17 112719.76 0 
112802.04 2.7885e-17 112979.59 0 
113062.05 2.7693e-17 113240.01 0 
113322.67 2.7500e-17 113501.04 0 
113584.01 2.7307e-17 113762.79 0 
113845.83 2.7125e-17 114025.02 0 
114108.25 2.6946e-17 114287.86 0 
114371.28 2.6768e-17 114551.30 0 
114634.91 2.6588e-17 114815.34 0 
114899.16 2.6409e-17 115080.01 0 
115164.01 2.6228e-17 115345.27 0 
115429.60 2.6048e-17 115611.28 0 
115695.67 2.5867e-17 115877.77 0 
115962.35 2.5688e-17 116144.88 0 
116229.66 2.5520e-17 116412.60 0 
116497.57 2.5353e-17 116680.94 0 
116766.11 2.5185e-17 116949.90 0 
117035.26 2.5016e-17 117219.48 0 
117305.17 2.4848e-17 117489.80 0 
117575.56 2.4678e-17 117760.62 0 
117846.58 2.4509e-17 118032.07 0 
118118.22 2.4339e-17 118304.14 0 
118390.50 2.4176e-17 118576.84 0 
118663.40 2.4019e-17 118850.17 0 
118937.05 2.3861e-17 119124.26 0 
119211.21 2.3704e-17 119398.85 0 
119486.00 2.3545e-17 119674.07 0 
119761.43 2.3387e-17 119949.93 0 
120037.48 2.3228e-17 120226.42 0 
120314.18 2.3069e-17 120503.55 0 
120591.51 2.2909e-17 120781.32 0 
120869.62 2.2761e-17 121059.87 0 
121148.23 2.2613e-17 121338.91 0 
121427.48 2.2466e-17 121618.61 0 
121707.39 2.2317e-17 121898.95 0 
121987.93 2.2169e-17 122179.94 0 
122269.12 2.2020e-17 122461.57 0 
122551.09 2.1870e-17 122743.98 0 
122833.58 2.1721e-17 123026.92 0 
123116.72 2.1575e-17 123310.51 0 
123400.51 2.1436e-17 123594.74 0 
123684.96 2.1298e-17 123879.64 0 
123970.07 2.1159e-17 124165.20 0 
124255.82 2.1019e-17 124451.40 0 
124542.38 2.0879e-17 124738.41 0 
124829.46 2.0739e-17 125025.94 0 
125117.20 2.0599e-17 125314.13 0 
125405.60 2.0459e-17 125602.99 0 
125694.67 2.0326e-17 125892.52 0 
125984.40 2.0196e-17 126182.70 0 
126274.95 2.0065e-17 126473.70 0 
126566.02 1.9934e-17 126765.23 0 
126857.76 1.9803e-17 127057.44 0 
127150.18 1.9672e-17 127350.31 0 
127443.27 1.9540e-17 127643.87 0 
127737.04 1.9409e-17 127938.09 0 
128031.48 1.9278e-17 128233.00 0 
128326.74 1.9156e-17 128528.73 0 
128622.54 1.9033e-17 128824.99 0 
128919.03 1.8911e-17 129121.95 0 
129216.19 1.8788e-17 129419.58 0 
129514.04 1.8664e-17 129717.90 0 
129812.59 1.8541e-17 130016.91 0 
130111.81 1.8417e-17 130316.61 0 
130411.87 1.8293e-17 130617.14 0 
130712.49 1.8174e-17 130918.23 0 
131013.78 1.8059e-17 131220.00 0 
131315.78 1.7944e-17 131522.47 0 
131618.47 1.7829e-17 131825.64 0 
131921.86 1.7713e-17 132129.50 0 
132226.09 1.7597e-17 132434.22 0 
132530.88 1.7481e-17 132739.48 0 
132836.38 1.7364e-17 133045.47 0 
133142.57 1.7248e-17 133352.14 0 
133449.48 1.7139e-17 133659.53 0 
133757.09 1.7031e-17 133967.62 0 
134065.40 1.6923e-17 134276.42 0 
134374.59 1.6814e-17 134586.09 0 
134684.33 1.6705e-17 134896.33 0 
134994.78 1.6596e-17 135207.27 0 
135305.97 1.6487e-17 135518.94 0 
135617.85 1.6377e-17 135831.31 0 
135930.45 1.6270e-17 136144.41 0 
136243.94 1.6169e-17 136458.39 0 
136558.00 1.6067e-17 136772.94 0 
136872.77 1.5965e-17 137088.20 0 
137188.27 1.5863e-17 137404.20 0 
137504.49 1.5760e-17 137720.92 0 
137821.46 1.5658e-17 138038.39 0 
138139.15 1.5555e-17 138356.58 0 
138457.71 1.5452e-17 138675.64 0 
138776.86 1.5354e-17 138995.30 0 
139096.76 1.5259e-17 139315.70 0 
139417.39 1.5163e-17 139636.83 0 
139738.75 1.5067e-17 139958.70 0 
140060.86 1.4971e-17 140281.31 0 
140383.71 1.4874e-17 140604.67 0 
140707.46 1.4777e-17 140928.94 0 
141031.80 1.4681e-17 141253.78 0 
141356.89 1.4584e-17 141579.39 0 
141682.73 1.4495e-17 141905.73 0 
142009.32 1.4405e-17 142232.84 0 
142336.67 1.4314e-17 142560.70 0 
142664.91 1.4224e-17 142889.47 0 
142993.76 1.4133e-17 143218.83 0 
143323.38 1.4043e-17 143548.97 0 
143653.75 1.3951e-17 143879.86 0 
143984.88 1.3860e-17 144211.52 0 
144316.77 1.3773e-17 144543.92 0 
144649.43 1.3688e-17 144877.11 0 
144983.02 1.3603e-17 145211.22 0 
145317.21 1.3518e-17 145545.94 0 
145652.18 1.3433e-17 145881.44 0 
145987.92 1.3348e-17 146217.70 0 
146324.44 1.3262e-17 146554.75 0 
146661.72 1.3176e-17 146892.56 0 
146999.95 1.3090e-17 147231.33 0 
147338.79 1.3010e-17 147570.70 0 
147678.41 1.2931e-17 147910.86 0 
148018.83 1.2851e-17 148251.81 0 
148360.03 1.2771e-17 148593.55 0 
148702.01 1.2690e-17 148936.06 0 
149044.78 1.2610e-17 149279.38 0 
149388.49 1.2529e-17 149623.62 0 
149732.85 1.2448e-17 149968.53 0 
150078.00 1.2369e-17 150314.22 0 
150423.94 1.2294e-17 150660.70 0 
150770.67 1.2219e-17 151007.98 0 
151118.20 1.2144e-17 151356.06 0 
151466.72 1.2068e-17 151705.12 0 
151815.85 1.1993e-17 152054.81 0 
152165.80 1.1917e-17 152405.31 0 
152516.55 1.1841e-17 152756.61 0 
152868.10 1.1765e-17 153108.72 0 
153220.49 1.1693e-17 153461.66 0 
153573.67 1.1622e-17 153815.39 0 
153927.83 1.1551e-17 154170.11 0 
154282.64 1.1480e-17 154525.48 0 
154638.29 1.1409e-17 154881.69 0 
154994.74 1.1337e-17 155238.70 0 
155352.01 1.1266e-17 155596.53 0 
155710.10 1.1194e-17 155955.19 0 
156069.03 1.1123e-17 156314.69 0 
156428.95 1.1057e-17 156675.17 0 
156789.53 1.0990e-17 157036.31 0 
157150.94 1.0923e-17 157398.30 0 
157513.18 1.0856e-17 157761.11 0 
157876.27 1.0789e-17 158124.77 0 
158240.18 1.0722e-17 158489.25 0 
158605.11 1.0654e-17 158854.75 0 
158970.70 1.0587e-17 159220.92 0 
159337.14 1.0522e-17 159587.94 0 
159704.42 1.0459e-17 159955.80 0 
160072.56 1.0396e-17 160324.52 0 
160441.53 1.0333e-17 160694.06 0 
160811.37 1.0270e-17 161064.48 0 
161182.22 1.0206e-17 161435.92 0 
161553.76 1.0143e-17 161808.05 0 
161926.16 1.0079e-17 162181.03 0 
162299.40 1.0015e-17 162554.86 0 
162673.51 9.9560e-18 162929.56 0 
163048.49 9.8968e-18 163305.12 0 
163424.50 9.8374e-18 163681.73 0 
163801.21 9.7779e-18 164059.03 0 
164178.79 9.7182e-18 164437.20 0 
164557.22 9.6585e-18 164816.23 0 
164936.55 9.5985e-18 165196.16 0 
165316.73 9.5385e-18 165576.94 0 
165697.80 9.4798e-18 165958.61 0 
166079.93 9.4240e-18 166341.34 0 
166462.75 9.3681e-18 166724.77 0 
166846.46 9.3121e-18 167109.08 0 
167231.06 9.2559e-18 167494.28 0 
167616.53 9.1996e-18 167880.36 0 
168002.91 9.1432e-18 168267.34 0 
168390.34 9.0866e-18 168655.39 0 
168778.50 9.0299e-18 169044.16 0 
169167.54 8.9762e-18 169433.81 0 
169557.49 8.9236e-18 169824.38 0 
169948.33 8.8708e-18 170215.83 0 
170340.07 8.8179e-18 170608.19 0 
170732.72 8.7648e-18 171001.45 0 
171126.46 8.7116e-18 171395.81 0 
171520.92 8.6584e-18 171790.89 0 
171916.28 8.6049e-18 172186.88 0 
172312.56 8.5520e-18 172583.78 0 
172709.76 8.5023e-18 172981.61 0 
173107.87 8.4526e-18 173380.34 0 
173506.88 8.4027e-18 173779.98 0 
173907.02 8.3527e-18 174180.75 0 
174307.89 8.3026e-18 174582.25 0 
174709.69 8.2524e-18 174984.69 0 
175112.40 8.2021e-18 175388.03 0 
175516.05 8.1516e-18 175792.31 0 
175920.63 8.1031e-18 176197.53 0 
176326.34 8.0562e-18 176603.88 0 
176732.78 8.0092e-18 177010.95 0 
177140.17 7.9621e-18 177418.98 0 
177548.48 7.9149e-18 177827.94 0 
177957.74 7.8675e-18 178237.84 0 
178367.95 7.8201e-18 178648.70 0 
178779.10 7.7725e-18 179060.50 0 
179191.39 7.7249e-18 179473.44 0 
179604.44 7.6804e-18 179887.14 0 
180018.45 7.6361e-18 180301.80 0 
180433.40 7.5917e-18 180717.41 0 
180849.31 7.5472e-18 181133.97 0 
181266.19 7.5025e-18 181551.50 0 
181684.22 7.4578e-18 181970.19 0 
182103.01 7.4130e-18 182389.64 0 
182522.77 7.3680e-18 182810.06 0 
182943.50 7.3241e-18 183231.45 0 
183365.20 7.2823e-18 183653.81 0 
183787.86 7.2404e-18 184077.14 0 
184211.50 7.1984e-18 184501.45 0 
184636.34 7.1563e-18 184926.95 0 
185061.93 7.1141e-18 185353.22 0 
185488.51 7.0719e-18 185780.47 0 
185916.07 7.0295e-18 186208.70 0 
186344.63 6.9870e-18 186637.94 0 
186774.16 6.9467e-18 187068.14 0 
187204.68 6.9072e-18 187499.34 0 
187636.41 6.8676e-18 187931.75 0 
188068.93 6.8279e-18 188364.95 0 
188502.44 6.7881e-18 188799.14 0 
188936.96 6.7482e-18 189234.34 0 
189372.46 6.7082e-18 189670.53 0 
189808.99 6.6681e-18 190107.75 0 
190246.71 6.6284e-18 190546.16 0 
190685.25 6.5911e-18 190985.39 0 
191124.79 6.5537e-18 191425.62 0 
191565.35 6.5162e-18 191866.88 0 
192006.92 6.4786e-18 192309.14 0 
192449.51 6.4410e-18 192752.42 0 
192893.12 6.4033e-18 193196.73 0 
193337.97 6.3654e-18 193642.28 0 
193783.63 6.3275e-18 194088.64 0 
194230.31 6.2910e-18 194536.03 0 
194678.01 6.2558e-18 194984.44 0 
195126.76 6.2204e-18 195433.89 0 
195576.55 6.1849e-18 195884.39 0 
196027.58 6.1494e-18 196336.12 0 
196479.44 6.1138e-18 196788.70 0 
196932.34 6.0781e-18 197242.31 0 
197386.28 6.0423e-18 197696.97 0 
197841.27 6.0064e-18 198152.67 0 
198297.30 5.9730e-18 198609.42 0 
198754.39 5.9396e-18 199067.23 0 
199212.75 5.9061e-18 199526.31 0 
199671.95 5.8725e-18 199986.23 0 
200132.21 5.8389e-18 200447.22 0 
200593.53 5.8052e-18 200909.27 0 
201055.91 5.7714e-18 201372.38 0 
201519.37 5.7375e-18 201836.56 0 
201984.11 5.7044e-18 202302.03 0 
202449.69 5.6729e-18 202768.34 0 
202916.34 5.6413e-18 203235.73 0 
203384.09 5.6096e-18 203704.22 0 
203852.90 5.5778e-18 204173.77 0 
204322.80 5.5460e-18 204644.41 0 
204793.78 5.5141e-18 205116.12 0 
205266.07 5.4821e-18 205589.16 0 
205739.21 5.4500e-18 206063.05 0 
206213.47 5.4196e-18 206538.05 0 
206688.80 5.3898e-18 207014.12 0 
207165.23 5.3598e-18 207491.31 0 
207642.76 5.3298e-18 207969.59 0 
208121.40 5.2997e-18 208448.98 0 
208601.36 5.2696e-18 208929.70 0 
209082.20 5.2394e-18 209411.30 0 
209564.15 5.2091e-18 209894.00 0 
210047.21 5.1790e-18 210377.83 0 
210531.37 5.1508e-18 210862.75 0 
211016.67 5.1225e-18 211348.81 0 
211503.31 5.0942e-18 211836.22 0 
211990.84 5.0657e-18 212324.52 0 
212479.49 5.0372e-18 212813.94 0 
212969.27 5.0087e-18 213304.48 0 
213460.19 4.9801e-18 213796.17 0 
213952.22 4.9514e-18 214288.98 0 
214445.40 4.9238e-18 214782.94 0 
214939.95 4.8970e-18 215278.27 0 
215435.40 4.8702e-18 215774.50 0 
215932.00 4.8433e-18 216271.88 0 
216429.73 4.8164e-18 216770.39 0 
216928.62 4.7894e-18 217270.06 0 
217428.66 4.7624e-18 217770.89 0 
217930.09 4.7353e-18 218273.11 0 
218432.42 4.7081e-18 218776.23 0 
218935.93 4.6827e-18 219280.53 0 
219440.58 4.6573e-18 219785.98 0 
219946.41 4.6319e-18 220292.61 0 
220453.41 4.6065e-18 220800.41 0 
220961.57 4.5810e-18 221309.36 0 
221471.14 4.5554e-18 221819.73 0 
221981.65 4.5297e-18 222331.05 0 
222493.34 4.5040e-18 222843.55 0 
223006.19 4.4789e-18 223357.20 0 
223520.24 4.4549e-18 223872.06 0 
224035.48 4.4309e-18 224388.11 0 
224552.13 4.4068e-18 224905.58 0 
225069.74 4.3827e-18 225424.00 0 
225588.55 4.3585e-18 225943.62 0 
226108.54 4.3342e-18 226464.44 0 
226629.74 4.3099e-18 226986.45 0 
227152.13 4.2856e-18 227509.67 0 
227675.75 4.2625e-18 228034.11 0 
228200.80 4.2397e-18 228559.98 0 
228726.81 4.2169e-18 229086.83 0 
229254.04 4.1941e-18 229614.89 0 
229782.49 4.1712e-18 230144.17 0 
230312.16 4.1483e-18 230674.67 0 
230843.04 4.1253e-18 231206.39 0 
231375.16 4.1023e-18 231739.34 0 
231908.76 4.0794e-18 232273.78 0 
232443.32 4.0579e-18 232809.19 0 
232979.12 4.0363e-18 233345.83 0 
233516.15 4.0147e-18 233883.70 0 
234054.41 3.9930e-18 234422.81 0 
234593.94 3.9713e-18 234963.19 0 
235134.94 3.9496e-18 235505.05 0 
235676.95 3.9278e-18 236047.91 0 
236220.21 3.9059e-18 236592.02 0 
236764.71 3.8848e-18 237137.38 0 
237310.46 3.8644e-18 237683.98 0 
237857.49 3.8440e-18 238231.88 0 
238405.76 3.8235e-18 238781.02 0 
238955.56 3.8029e-18 239331.67 0 
239506.38 3.7823e-18 239883.36 0 
240058.44 3.7617e-18 240436.30 0 
240611.81 3.7410e-18 240990.53 0 
241166.44 3.7203e-18 241546.03 0 
241722.34 3.7008e-18 242102.81 0 
242279.79 3.6815e-18 242661.14 0 
242838.26 3.6621e-18 243220.48 0 
243398.02 3.6426e-18 243781.12 0 
243959.07 3.6231e-18 244343.06 0 
244521.42 3.6036e-18 244906.30 0 
245085.05 3.5840e-18 245470.81 0 
245649.99 3.5643e-18 246036.64 0 
246216.50 3.5451e-18 246604.05 0 
246784.05 3.5268e-18 247172.48 0 
247352.90 3.5084e-18 247742.23 0 
247923.07 3.4900e-18 248313.30 0 
248494.54 3.4715e-18 248885.67 0 
249067.34 3.4530e-18 249459.38 0 
249641.47 3.4345e-18 250034.41 0 
250217.17 3.4158e-18 250611.02 0 
256045.34 3.2392e-18 256448.36 0 
262009.53 3.0743e-18 262421.94 0 
268112.37 2.9187e-18 268534.38 0 
274357.66 2.7720e-18 274789.50 0 
280748.10 2.6336e-18 281190.00 0 
287287.72 2.5031e-18 287739.91 0 
293979.34 2.3798e-18 294442.06 0 
300827.15 2.2644e-18 301300.66 0 
307834.16 2.1555e-18 308318.69 0 
315004.68 2.0526e-18 315500.50 0 
322341.92 1.9552e-18 322849.28 0 
329850.41 1.8632e-18 330369.59 0 
337533.41 1.7761e-18 338064.69 0 
345395.75 4.8702e-18 345939.41 0 
