# An Atlas of Galaxy Spectral Energy Distributions from the Ultraviolet to the Mid-Infrared
# Brown et al. (2014)
# http://dx.doi.org/10.5072/03/529D3551F0117
# 
# Column 1 : Restframe Wavelength (Angstrom)
# Column 2 : Flux per unit wavelength (ergs/s/cm^2/Angstrom)
# Column 3 : Observed wavelength (Angstrom)
# Column 4 : Source (0 = model, 1 = Optical Spectrum, 2 = Akari, 3 = Spitzer IRS)
# 
   102.00 4.1082e-19    104.71 0 
   103.89 4.7168e-19    106.66 0 
   106.07 5.5802e-19    108.89 0 
   108.04 6.6934e-19    110.92 0 
   110.05 9.4329e-19    112.98 0 
   113.92 1.2349e-18    116.95 0 
   117.92 1.5298e-18    121.06 0 
   120.95 4.8601e-18    124.17 0 
   124.91 5.8163e-18    128.23 0 
   126.94 6.2036e-18    130.32 0 
   128.11 6.5110e-18    131.52 0 
   131.10 7.0900e-18    134.59 0 
   132.01 8.1404e-18    135.52 0 
   134.15 8.5634e-18    137.72 0 
   136.96 1.0415e-17    140.60 0 
   140.15 1.1237e-17    143.88 0 
   143.08 2.5156e-17    146.89 0 
   147.09 5.1009e-17    151.01 0 
   150.87 5.4657e-17    154.88 0 
   155.09 5.9108e-17    159.22 0 
   159.07 6.4217e-17    163.31 0 
   162.03 6.7709e-17    166.34 0 
   166.18 7.3392e-17    170.61 0 
   170.06 7.8279e-17    174.58 0 
   172.82 8.2347e-17    177.42 0 
   176.84 8.7427e-17    181.55 0 
   180.13 9.1337e-17    184.93 0 
   181.80 9.4112e-17    186.64 0 
   186.03 9.9231e-17    190.99 0 
   190.81 1.0608e-16    195.88 0 
   193.91 1.1083e-16    199.07 0 
   197.97 1.1605e-16    203.24 0 
   202.11 1.2208e-16    207.49 0 
   204.92 1.2637e-16    210.38 0 
   210.18 1.2813e-16    215.77 0 
   216.07 1.4179e-16    221.82 0 
   220.09 1.4813e-16    225.94 0 
   223.15 1.5123e-16    229.09 0 
   226.77 1.5800e-16    232.81 0 
   229.93 2.3804e-16    236.05 0 
   234.20 3.9323e-16    240.44 0 
   240.21 5.0658e-16    246.60 0 
   245.81 4.7934e-16    252.35 0 
   252.11 5.1009e-16    258.82 0 
   256.80 4.1653e-16    263.63 0 
   259.77 4.9619e-16    266.69 0 
   263.99 5.2438e-16    271.02 0 
   268.90 5.2438e-16    276.06 0 
   273.90 5.2077e-16    281.19 0 
   278.99 5.1600e-16    286.42 0 
   284.18 5.1719e-16    291.74 0 
   290.13 4.9277e-16    297.85 0 
   296.20 4.9505e-16    304.09 0 
   301.02 4.7604e-16    309.03 0 
   308.03 4.8267e-16    316.23 0 
   318.12 4.9051e-16    326.59 0 
   327.79 4.8378e-16    336.51 0 
   337.75 4.7168e-16    346.74 0 
   348.01 4.5882e-16    357.27 0 
   356.94 4.5357e-16    366.44 0 
   366.09 4.5567e-16    375.84 0 
   374.62 4.4529e-16    384.59 0 
   385.12 4.1749e-16    395.37 0 
   394.99 4.2623e-16    405.51 0 
   405.13 4.2427e-16    415.91 0 
   413.61 4.1366e-16    424.62 0 
   422.27 4.0054e-16    433.51 0 
   430.12 3.8963e-16    441.57 0 
   441.15 3.8517e-16    452.90 0 
   451.43 3.7381e-16    463.45 0 
   459.82 3.5946e-16    472.06 0 
   470.53 3.5047e-16    483.06 0 
   480.39 3.4566e-16    493.17 0 
   490.45 3.2934e-16    503.50 0 
   499.56 3.2934e-16    512.86 0 
   506.51 3.1816e-16    520.00 0 
   512.38 3.3546e-16    526.02 0 
   519.51 3.2632e-16    533.33 0 
   530.38 3.1307e-16    544.50 0 
   540.25 2.9285e-16    554.63 0 
   550.29 2.8226e-16    564.94 0 
   560.52 2.8883e-16    575.44 0 
   569.63 2.8883e-16    584.79 0 
   580.22 2.7839e-16    595.66 0 
   589.65 2.7393e-16    605.34 0 
   600.61 2.5742e-16    616.59 0 
   610.37 2.2421e-16    626.61 0 
   620.28 2.5506e-16    636.80 0 
   630.36 2.4414e-16    647.14 0 
   640.61 2.4471e-16    657.66 0 
   649.52 2.3640e-16    666.81 0 
   658.55 2.2628e-16    676.08 0 
   664.65 2.2996e-16    682.34 0 
   675.45 2.2680e-16    693.43 0 
   684.84 2.1215e-16    703.07 0 
   694.37 2.1610e-16    712.85 0 
   705.65 1.9936e-16    724.44 0 
   715.47 2.0780e-16    734.51 0 
   725.42 2.0354e-16    744.73 0 
   735.51 1.9982e-16    755.09 0 
   745.75 1.9348e-16    765.60 0 
   754.38 1.8865e-16    774.46 0 
   764.88 1.6930e-16    785.24 0 
   775.52 1.8099e-16    796.16 0 
   784.50 1.7165e-16    805.38 0 
   795.41 1.7244e-16    816.58 0 
   804.62 1.7086e-16    826.04 0 
   815.81 1.6774e-16    837.53 0 
   825.26 1.6544e-16    847.23 0 
   834.82 1.4847e-16    857.04 0 
   844.48 1.5800e-16    866.96 0 
   854.26 1.5369e-16    877.00 0 
   864.15 1.5263e-16    887.16 0 
   874.16 1.5089e-16    897.43 0 
   884.28 1.4813e-16    907.82 0 
   894.52 1.4576e-16    918.33 0 
   904.88 1.4212e-16    928.97 0 
   915.36 1.5019e-16    939.72 0 
   925.96 3.0736e-16    950.60 0 
   934.53 4.9619e-16    959.40 0 
   945.35 7.4756e-16    970.51 0 
   954.09 9.3896e-16    979.49 0 
   965.14 1.0367e-15    990.83 0 
   974.07 3.4328e-16   1000.00 0 
   985.35 8.9877e-16   1011.58 0 
   994.47 9.0291e-16   1020.94 0 
  1005.98 1.1821e-15   1032.76 0 
  1015.29 1.1367e-15   1042.32 0 
  1024.69 5.7630e-16   1051.96 0 
  1034.17 8.6825e-16   1061.70 0 
  1046.14 1.4114e-15   1073.99 0 
  1055.82 1.3761e-15   1083.93 0 
  1065.59 1.1315e-15   1093.96 0 
  1075.45 1.2902e-15   1104.08 0 
  1085.40 1.0415e-15   1114.29 0 
  1095.45 1.3172e-15   1124.61 0 
  1105.58 1.2608e-15   1135.01 0 
  1115.81 1.2152e-15   1145.51 0 
  1126.14 1.0931e-15   1156.11 0 
  1133.94 1.3202e-15   1164.13 0 
  1144.43 1.2096e-15   1174.90 0 
  1155.02 1.2579e-15   1185.77 0 
  1165.71 1.2754e-15   1196.74 0 
  1173.79 9.1759e-16   1205.04 0 
  1184.65 1.2152e-15   1216.19 0 
  1195.61 8.9877e-16   1227.44 0 
  1203.90 6.9127e-16   1235.95 0 
  1215.04 4.6307e-16   1247.38 0 
  1226.28 8.5634e-16   1258.93 0 
  1234.78 1.1875e-15   1267.65 0 
  1246.21 1.2783e-15   1279.38 0 
  1254.85 1.2264e-15   1288.25 0 
  1263.55 1.0830e-15   1297.18 0 
  1275.24 1.3233e-15   1309.18 0 
  1284.08 1.3666e-15   1318.26 0 
  1295.96 1.1160e-15   1330.45 0 
  1304.94 1.0981e-15   1339.68 0 
  1313.99 1.3172e-15   1348.96 0 
  1326.15 1.2579e-15   1361.44 0 
  1335.34 1.1263e-15   1370.88 0 
  1344.59 1.2961e-15   1380.38 0 
  1353.91 1.2521e-15   1389.95 0 
  1366.44 1.1315e-15   1402.81 0 
  1375.91 1.1659e-15   1412.54 0 
  1385.45 1.1712e-15   1422.33 0 
  1395.05 1.0084e-15   1432.19 0 
  1404.72 1.0319e-15   1442.12 0 
  1414.46 1.0756e-15   1452.11 0 
  1424.27 1.0880e-15   1462.18 0 
  1434.14 1.0806e-15   1472.31 0 
  1440.76 1.1237e-15   1479.11 0 
  1447.41 1.1341e-15   1485.94 0 
  1454.09 1.1006e-15   1492.79 0 
  1464.17 1.0225e-15   1503.14 0 
  1474.32 1.0154e-15   1513.56 0 
  1484.54 1.0225e-15   1524.05 0 
  1494.83 1.0295e-15   1534.62 0 
  1505.19 9.7644e-16   1545.25 0 
  1512.14 8.7831e-16   1552.39 0 
  1515.62 9.2821e-16   1555.97 0 
  1526.13 9.0291e-16   1566.75 0 
  1536.71 7.9186e-16   1577.61 0 
  1543.80 8.4071e-16   1584.89 0 
  1554.50 7.9735e-16   1595.88 0 
  1565.28 8.1404e-16   1606.94 0 
  1576.13 8.5832e-16   1618.08 0 
  1583.40 8.8848e-16   1625.55 0 
  1594.38 9.0084e-16   1636.82 0 
  1605.43 8.7629e-16   1648.16 0 
  1616.56 8.7226e-16   1659.59 0 
  1624.02 8.2918e-16   1667.25 0 
  1635.28 8.7226e-16   1678.80 0 
  1646.61 8.7629e-16   1690.44 0 
  1654.21 8.1592e-16   1698.24 0 
  1665.68 8.7831e-16   1710.02 0 
  1673.37 7.8822e-16   1717.91 0 
  1677.22 8.8033e-16   1721.87 0 
  1684.97 9.0500e-16   1729.82 0 
  1696.65 8.5045e-16   1741.81 0 
  1704.48 8.1780e-16   1749.85 0 
  1716.29 7.7740e-16   1761.98 0 
  1724.21 7.7028e-16   1770.11 0 
  1736.17 8.1217e-16   1782.38 0 
  1744.18 7.9004e-16   1790.61 0 
  1756.27 8.3300e-16   1803.02 0 
  1764.38 7.6674e-16   1811.34 0 
  1776.61 7.8099e-16   1823.90 0 
  1784.81 7.9004e-16   1832.31 0 
  1793.05 8.3300e-16   1840.77 0 
  1805.47 8.2347e-16   1853.53 0 
  1813.81 7.6321e-16   1862.09 0 
  1826.38 7.7383e-16   1874.99 0 
  1834.81 7.4413e-16   1883.65 0 
  1843.28 6.8336e-16   1892.34 0 
  1856.06 6.8651e-16   1905.46 0 
  1864.62 7.0574e-16   1914.26 0 
  1873.23 7.5101e-16   1923.09 0 
  1886.21 6.9446e-16   1936.42 0 
  1894.92 6.6934e-16   1945.36 0 
  1903.67 7.0250e-16   1954.34 0 
  1916.86 6.7709e-16   1967.89 0 
  1925.71 6.5864e-16   1976.97 0 
  1934.60 6.6473e-16   1986.10 0 
  1943.53 7.0412e-16   1995.26 0 
  1957.00 6.6168e-16   2009.09 0 
  1966.03 7.1721e-16   2018.37 0 
  1975.11 7.2719e-16   2027.68 0 
  1984.23 6.9606e-16   2037.04 0 
  1993.39 6.7709e-16   2046.45 0 
  2007.20 6.8968e-16   2060.63 0 
  2016.47 6.6934e-16   2070.14 0 
  2025.77 6.8493e-16   2079.70 0 
  2035.12 6.6320e-16   2089.30 0 
  2044.52 6.8809e-16   2098.94 0 
  2053.96 6.5260e-16   2108.63 0 
  2063.44 6.5410e-16   2118.36 0 
  2072.96 7.0088e-16   2128.14 0 
  2077.74 7.2719e-16   2133.04 0 
  2087.33 7.7562e-16   2142.89 0 
  2096.96 7.2886e-16   2152.78 0 
  2106.64 7.2719e-16   2162.72 0 
  2116.37 7.4928e-16   2172.70 0 
  2126.14 7.3561e-16   2182.73 0 
  2135.95 6.9127e-16   2192.81 0 
  2145.81 7.4071e-16   2202.93 0 
  2155.71 7.5274e-16   2213.09 0 
  2165.66 7.1064e-16   2223.31 0 
  2175.66 7.0574e-16   2233.57 0 
  2185.70 7.4242e-16   2243.88 0 
  2195.79 7.5971e-16   2254.24 0 
  2205.93 7.3900e-16   2264.64 0 
  2216.11 6.6780e-16   2275.10 0 
  2226.34 6.8336e-16   2285.60 0 
  2236.61 7.7562e-16   2296.15 0 
  2246.94 7.4249e-16   2306.75 0 
  2257.31 6.6337e-16   2317.39 0 
  2262.51 6.5432e-16   2322.74 0 
  2272.96 6.8055e-16   2333.46 0 
  2283.45 7.6371e-16   2344.23 0 
  2293.99 6.8864e-16   2355.05 0 
  2304.58 7.3801e-16   2365.92 0 
  2315.21 6.7785e-16   2376.84 0 
  2325.90 5.5106e-16   2387.81 0 
  2336.64 5.8921e-16   2398.83 0 
  2347.42 5.2281e-16   2409.91 0 
  2352.83 6.5069e-16   2415.46 0 
  2363.69 5.3143e-16   2426.61 0 
  2374.60 5.7879e-16   2437.81 0 
  2385.56 4.8707e-16   2449.06 0 
  2396.58 5.3415e-16   2460.37 0 
  2407.64 5.1968e-16   2471.72 0 
  2413.19 5.4672e-16   2477.42 0 
  2424.33 6.7739e-16   2488.86 0 
  2435.52 6.6514e-16   2500.35 0 
  2446.76 7.3958e-16   2511.89 0 
  2452.40 7.5513e-16   2517.68 0 
  2463.72 6.9358e-16   2529.30 0 
  2475.09 6.4294e-16   2540.97 0 
  2486.52 5.4106e-16   2552.70 0 
  2492.25 5.5883e-16   2558.59 0 
  2503.75 7.0690e-16   2570.40 0 
  2515.31 5.0053e-16   2582.26 0 
  2526.92 4.7699e-16   2594.18 0 
  2532.74 5.6825e-16   2600.16 0 
  2544.43 5.7493e-16   2612.16 0 
  2556.18 8.1226e-16   2624.22 0 
  2562.07 6.7879e-16   2630.27 0 
  2573.90 7.9764e-16   2642.41 0 
  2585.78 7.4112e-16   2654.61 0 
  2597.71 6.9657e-16   2666.86 0 
  2603.70 6.3680e-16   2673.01 0 
  2615.72 6.0267e-16   2685.34 0 
  2627.79 7.1475e-16   2697.74 0 
  2633.85 1.0309e-15   2703.96 0 
  2646.01 1.2950e-15   2716.44 0 
  2652.11 1.7231e-15   2722.70 0 
  2664.35 1.1679e-15   2735.27 0 
  2676.65 1.2926e-15   2747.89 0 
  2682.82 1.4707e-15   2754.23 0 
  2695.20 1.1158e-15   2766.94 0 
  2707.64 1.3356e-15   2779.71 0 
  2713.88 1.0226e-15   2786.12 0 
  2726.41 8.4293e-16   2798.98 0 
  2732.69 1.0229e-15   2805.43 0 
  2745.31 6.9011e-16   2818.38 0 
  2757.98 8.4722e-16   2831.39 0 
  2764.34 1.0424e-15   2837.92 0 
  2777.10 1.0993e-15   2851.02 0 
  2783.50 7.6061e-16   2857.59 0 
  2796.35 4.6371e-16   2870.78 0 
  2802.79 5.2154e-16   2877.40 0 
  2815.73 9.9168e-16   2890.68 0 
  2822.22 1.3256e-15   2897.34 0 
  2835.25 1.2345e-15   2910.72 0 
  2841.78 9.2159e-16   2917.43 0 
  2854.90 6.3771e-16   2930.89 0 
  2868.08 1.2070e-15   2944.42 0 
  2874.69 1.6246e-15   2951.21 0 
  2887.96 1.5026e-15   2964.83 0 
  2894.62 1.8403e-15   2971.67 0 
  2907.98 2.4602e-15   2985.38 0 
  2928.13 2.1532e-15   3006.08 0 
  2948.43 1.9780e-15   3026.91 0 
  2968.87 2.0434e-15   3047.89 0 
  2989.45 2.0772e-15   3069.02 0 
  3010.17 2.0541e-15   3090.30 0 
  3031.04 2.2169e-15   3111.72 0 
  3052.05 2.3115e-15   3133.29 0 
  3073.20 2.5470e-15   3155.01 0 
  3087.39 2.4667e-15   3169.57 0 
  3108.79 2.8990e-15   3191.54 0 
  3130.34 2.6631e-15   3213.66 0 
  3152.04 2.6824e-15   3235.94 0 
  3166.59 2.9623e-15   3250.87 0 
  3188.54 2.5631e-15   3273.41 0 
  3210.64 2.8243e-15   3296.10 0 
  3232.89 2.3991e-15   3318.94 0 
  3247.81 3.3896e-15   3334.26 0 
  3270.33 3.9654e-15   3357.38 0 
  3293.00 3.9033e-15   3380.65 0 
  3308.19 3.6185e-15   3396.25 0 
  3323.46 3.3855e-15   3411.93 0 
  3331.13 3.5701e-15   3419.79 0 
  3338.81 3.2339e-15   3427.68 0 
  3346.50 3.6879e-15   3435.58 0 
  3354.22 3.5960e-15   3443.50 0 
  3361.95 2.7157e-15   3451.44 0 
  3369.70 3.3879e-15   3459.39 0 
  3377.47 3.2283e-15   3467.37 0 
  3385.25 3.2963e-15   3475.36 0 
  3393.06 3.6989e-15   3483.37 0 
  3400.88 4.0656e-15   3491.40 0 
  3408.72 3.6658e-15   3499.45 0 
  3416.58 3.2902e-15   3507.52 0 
  3424.45 4.1331e-15   3515.60 0 
  3432.35 4.3584e-15   3523.71 0 
  3440.26 3.7530e-15   3531.83 0 
  3448.19 3.0021e-15   3539.97 0 
  3456.14 3.6515e-15   3548.13 0 
  3464.11 3.1155e-15   3556.31 0 
  3472.09 4.0233e-15   3564.51 0 
  3480.10 3.1451e-15   3572.73 0 
  3488.12 3.6617e-15   3580.96 0 
  3496.16 3.3786e-15   3589.22 0 
  3504.22 4.2441e-15   3597.49 0 
  3512.30 3.8890e-15   3605.79 0 
  3520.39 4.2844e-15   3614.10 0 
  3528.51 2.8180e-15   3622.43 0 
  3536.64 4.0086e-15   3630.78 0 
  3544.80 4.3256e-15   3639.15 0 
  3552.97 4.4065e-15   3647.54 0 
  3561.16 3.9824e-15   3655.95 0 
  3569.37 3.0213e-15   3664.37 0 
  3577.60 3.5176e-15   3672.82 0 
  3585.84 2.4906e-15   3681.29 0 
  3594.11 3.4702e-15   3689.78 0 
  3602.39 4.7578e-15   3698.28 0 
  3610.70 3.4791e-15   3706.81 0 
  3619.02 4.2807e-15   3715.35 0 
  3627.36 4.6086e-15   3723.92 0 
  3635.73 3.4011e-15   3732.50 0 
  3644.11 5.1603e-15   3741.11 0 
  3652.51 3.7908e-15   3749.73 0 
  3660.93 5.5948e-15   3758.37 0 
  3669.37 5.2461e-15   3767.04 0 
  3677.82 5.4186e-15   3775.72 0 
  3686.30 4.8859e-15   3784.43 0 
  3694.80 5.4450e-15   3793.15 0 
  3703.32 5.7683e-15   3801.89 0 
  3711.86 3.7163e-15   3810.66 0 
  3720.41 4.8771e-15   3819.44 0 
  3728.99 4.6689e-15   3828.25 0 
  3737.59 2.5134e-15   3837.07 0 
  3746.20 4.2592e-15   3845.92 0 
  3754.84 3.6340e-15   3854.78 0 
  3763.49 3.8765e-15   3863.67 0 
  3772.17 4.0224e-15   3872.58 0 
  3780.86 5.0763e-15   3881.50 0 
  3789.58 4.6946e-15   3890.45 0 
  3798.32 3.9053e-15   3899.42 0 
  3798.90 5.0951e-15   3900.01 1 
  3800.62 5.1260e-15   3901.79 1 
  3802.35 5.1566e-15   3903.57 1 
  3804.08 5.3932e-15   3905.34 1 
  3805.81 6.0100e-15   3907.12 1 
  3807.54 6.0722e-15   3908.89 1 
  3809.27 4.7970e-15   3910.67 1 
  3811.00 5.0071e-15   3912.44 1 
  3812.73 5.3239e-15   3914.22 1 
  3814.46 4.7567e-15   3915.99 1 
  3816.19 3.7716e-15   3917.77 1 
  3817.92 3.9322e-15   3919.55 1 
  3819.65 4.0359e-15   3921.32 1 
  3821.38 3.7083e-15   3923.10 1 
  3823.11 3.9116e-15   3924.87 1 
  3824.84 3.7537e-15   3926.65 1 
  3826.57 3.7747e-15   3928.42 1 
  3828.30 3.4479e-15   3930.20 1 
  3830.03 2.8340e-15   3931.97 1 
  3831.76 2.8223e-15   3933.75 1 
  3833.49 2.9351e-15   3935.53 1 
  3835.22 2.9021e-15   3937.30 1 
  3836.94 3.0201e-15   3939.08 1 
  3838.67 4.1492e-15   3940.85 1 
  3840.40 4.2326e-15   3942.63 1 
  3842.13 3.7452e-15   3944.40 1 
  3843.86 3.7232e-15   3946.18 1 
  3845.59 4.4822e-15   3947.95 1 
  3847.32 4.1614e-15   3949.73 1 
  3849.05 3.7527e-15   3951.51 1 
  3850.78 4.6033e-15   3953.28 1 
  3852.51 3.8705e-15   3955.06 1 
  3854.24 3.2540e-15   3956.83 1 
  3855.97 3.3751e-15   3958.61 1 
  3857.70 3.7086e-15   3960.38 1 
  3859.43 4.4054e-15   3962.16 1 
  3861.16 4.1253e-15   3963.93 1 
  3862.89 3.9554e-15   3965.71 1 
  3864.62 3.8887e-15   3967.49 1 
  3866.35 3.9795e-15   3969.26 1 
  3868.08 4.1052e-15   3971.04 1 
  3869.81 3.7721e-15   3972.81 1 
  3871.54 3.5985e-15   3974.59 1 
  3873.26 3.6947e-15   3976.36 1 
  3874.99 3.4789e-15   3978.14 1 
  3876.72 3.7288e-15   3979.91 1 
  3878.45 3.5263e-15   3981.69 1 
  3880.18 3.6010e-15   3983.47 1 
  3881.91 4.0867e-15   3985.24 1 
  3883.64 4.6877e-15   3987.02 1 
  3885.37 5.0810e-15   3988.79 1 
  3887.10 4.0612e-15   3990.57 1 
  3888.83 4.4081e-15   3992.34 1 
  3890.56 5.5311e-15   3994.12 1 
  3892.29 4.8301e-15   3995.89 1 
  3894.02 5.0980e-15   3997.67 1 
  3895.75 5.5637e-15   3999.45 1 
  3897.48 4.7620e-15   4001.22 1 
  3899.21 4.5493e-15   4003.00 1 
  3900.94 5.4495e-15   4004.77 1 
  3902.67 5.3249e-15   4006.55 1 
  3904.40 5.1033e-15   4008.32 1 
  3906.13 4.8902e-15   4010.10 1 
  3907.86 5.1437e-15   4011.87 1 
  3909.58 5.6174e-15   4013.65 1 
  3911.31 5.9879e-15   4015.43 1 
  3913.04 5.0879e-15   4017.20 1 
  3914.77 4.5321e-15   4018.98 1 
  3916.50 4.7557e-15   4020.75 1 
  3918.23 4.8181e-15   4022.53 1 
  3919.96 4.2934e-15   4024.30 1 
  3921.69 3.9898e-15   4026.08 1 
  3923.42 3.8711e-15   4027.85 1 
  3925.15 3.4116e-15   4029.63 1 
  3926.88 3.6697e-15   4031.41 1 
  3928.61 2.8106e-15   4033.18 1 
  3930.34 2.2466e-15   4034.96 1 
  3932.07 2.5262e-15   4036.73 1 
  3933.80 2.3529e-15   4038.51 1 
  3935.53 2.8343e-15   4040.28 1 
  3937.26 3.6548e-15   4042.06 1 
  3938.99 3.8648e-15   4043.83 1 
  3940.72 5.5083e-15   4045.61 1 
  3942.45 5.8556e-15   4047.39 1 
  3944.18 4.9118e-15   4049.16 1 
  3945.90 4.7812e-15   4050.94 1 
  3947.63 5.0094e-15   4052.71 1 
  3949.36 5.3518e-15   4054.49 1 
  3951.09 4.9444e-15   4056.26 1 
  3952.82 4.9994e-15   4058.04 1 
  3954.55 5.2234e-15   4059.81 1 
  3956.28 4.6671e-15   4061.59 1 
  3958.01 4.2751e-15   4063.37 1 
  3959.74 3.7631e-15   4065.14 1 
  3961.47 2.8671e-15   4066.92 1 
  3963.20 2.7702e-15   4068.69 1 
  3964.93 2.7490e-15   4070.47 1 
  3966.66 2.6768e-15   4072.24 1 
  3968.39 2.9734e-15   4074.02 1 
  3970.12 3.7452e-15   4075.79 1 
  3971.85 5.0604e-15   4077.57 1 
  3973.58 5.4285e-15   4079.35 1 
  3975.31 5.1220e-15   4081.12 1 
  3977.04 5.3172e-15   4082.90 1 
  3978.77 6.2686e-15   4084.67 1 
  3980.50 6.6909e-15   4086.45 1 
  3982.22 6.5308e-15   4088.22 1 
  3983.95 6.6322e-15   4090.00 1 
  3985.68 6.7575e-15   4091.77 1 
  3987.41 6.8144e-15   4093.55 1 
  3989.14 6.5124e-15   4095.33 1 
  3990.87 6.5885e-15   4097.10 1 
  3992.60 7.0546e-15   4098.88 1 
  3994.33 7.4037e-15   4100.65 1 
  3996.06 7.2333e-15   4102.43 1 
  3997.79 7.0927e-15   4104.20 1 
  3999.52 7.2177e-15   4105.98 1 
  4001.25 7.3608e-15   4107.75 1 
  4002.98 7.2165e-15   4109.53 1 
  4004.71 7.1378e-15   4111.31 1 
  4006.44 7.3137e-15   4113.08 1 
  4008.17 7.5311e-15   4114.86 1 
  4009.90 7.6900e-15   4116.63 1 
  4011.63 7.9374e-15   4118.41 1 
  4013.36 8.1076e-15   4120.18 1 
  4015.09 8.2525e-15   4121.96 1 
  4016.82 8.5671e-15   4123.73 1 
  4018.55 8.2854e-15   4125.51 1 
  4020.27 7.7791e-15   4127.29 1 
  4022.00 7.9114e-15   4129.06 1 
  4023.73 8.2296e-15   4130.84 1 
  4025.46 7.9674e-15   4132.61 1 
  4027.19 7.3026e-15   4134.39 1 
  4028.92 7.1381e-15   4136.16 1 
  4030.65 7.0463e-15   4137.94 1 
  4032.38 7.1638e-15   4139.71 1 
  4034.11 7.6757e-15   4141.49 1 
  4035.84 8.0092e-15   4143.27 1 
  4037.57 7.8584e-15   4145.04 1 
  4039.30 7.7076e-15   4146.82 1 
  4041.03 7.9058e-15   4148.59 1 
  4042.76 7.3907e-15   4150.37 1 
  4044.49 7.3652e-15   4152.14 1 
  4046.22 7.7698e-15   4153.92 1 
  4047.95 7.6974e-15   4155.69 1 
  4049.68 7.8240e-15   4157.47 1 
  4051.41 7.8596e-15   4159.25 1 
  4053.14 7.5133e-15   4161.02 1 
  4054.86 7.4613e-15   4162.80 1 
  4056.59 7.5403e-15   4164.57 1 
  4058.32 7.7301e-15   4166.35 1 
  4060.05 7.6094e-15   4168.12 1 
  4061.78 7.5502e-15   4169.90 1 
  4063.51 7.6089e-15   4171.67 1 
  4065.24 7.5567e-15   4173.45 1 
  4066.97 7.5402e-15   4175.23 1 
  4068.70 7.5630e-15   4177.00 1 
  4070.43 7.6920e-15   4178.78 1 
  4072.16 7.6203e-15   4180.55 1 
  4073.89 7.4690e-15   4182.33 1 
  4075.62 7.5762e-15   4184.10 1 
  4077.35 7.8567e-15   4185.88 1 
  4079.08 8.1727e-15   4187.65 1 
  4080.81 8.4708e-15   4189.43 1 
  4082.54 8.7644e-15   4191.21 1 
  4084.27 8.7188e-15   4192.98 1 
  4086.00 8.6460e-15   4194.76 1 
  4087.73 8.7864e-15   4196.53 1 
  4089.46 8.4030e-15   4198.31 1 
  4091.18 8.0870e-15   4200.08 1 
  4092.91 7.9329e-15   4201.86 1 
  4094.64 7.5459e-15   4203.64 1 
  4096.37 7.4492e-15   4205.41 1 
  4098.10 7.3430e-15   4207.19 1 
  4099.83 7.2155e-15   4208.96 1 
  4101.56 7.4243e-15   4210.74 1 
  4103.29 7.8816e-15   4212.51 1 
  4105.02 8.0099e-15   4214.29 1 
  4106.75 7.8654e-15   4216.06 1 
  4108.48 8.0671e-15   4217.84 1 
  4110.21 8.3907e-15   4219.62 1 
  4111.94 8.8485e-15   4221.39 1 
  4113.67 8.7633e-15   4223.17 1 
  4115.40 8.6083e-15   4224.94 1 
  4117.13 8.4551e-15   4226.72 1 
  4118.86 8.3471e-15   4228.49 1 
  4120.59 8.2324e-15   4230.27 1 
  4122.32 8.2441e-15   4232.04 1 
  4124.05 8.0159e-15   4233.82 1 
  4125.78 8.1113e-15   4235.60 1 
  4127.50 7.9477e-15   4237.37 1 
  4129.23 7.7180e-15   4239.15 1 
  4130.96 8.0206e-15   4240.92 1 
  4132.69 8.1814e-15   4242.70 1 
  4134.42 7.7553e-15   4244.47 1 
  4136.15 7.8146e-15   4246.25 1 
  4137.88 7.9477e-15   4248.02 1 
  4139.61 7.8590e-15   4249.80 1 
  4141.34 7.7752e-15   4251.58 1 
  4143.07 7.4453e-15   4253.35 1 
  4144.80 6.9757e-15   4255.13 1 
  4146.53 6.9649e-15   4256.90 1 
  4148.26 7.3679e-15   4258.68 1 
  4149.99 7.3542e-15   4260.45 1 
  4151.72 7.5662e-15   4262.23 1 
  4153.45 7.7702e-15   4264.00 1 
  4155.18 7.7168e-15   4265.78 1 
  4156.91 7.9222e-15   4267.56 1 
  4158.64 8.3257e-15   4269.33 1 
  4160.37 8.1437e-15   4271.11 1 
  4162.10 7.8346e-15   4272.88 1 
  4163.83 7.9023e-15   4274.66 1 
  4165.55 7.7863e-15   4276.43 1 
  4167.28 7.8289e-15   4278.21 1 
  4169.01 7.4500e-15   4279.98 1 
  4170.74 7.1433e-15   4281.76 1 
  4172.47 7.1292e-15   4283.54 1 
  4174.20 7.3133e-15   4285.31 1 
  4175.93 7.5192e-15   4287.09 1 
  4177.66 7.3697e-15   4288.86 1 
  4179.39 7.4298e-15   4290.64 1 
  4181.12 7.8954e-15   4292.41 1 
  4182.85 8.1750e-15   4294.19 1 
  4184.58 7.8469e-15   4295.96 1 
  4186.31 8.0676e-15   4297.74 1 
  4188.04 8.4010e-15   4299.52 1 
  4189.77 8.1910e-15   4301.29 1 
  4191.50 7.7835e-15   4303.07 1 
  4193.23 7.4996e-15   4304.84 1 
  4194.96 7.4930e-15   4306.62 1 
  4196.69 7.6574e-15   4308.39 1 
  4198.42 7.7244e-15   4310.17 1 
  4200.14 7.8374e-15   4311.94 1 
  4201.87 8.0640e-15   4313.72 1 
  4203.60 8.5507e-15   4315.50 1 
  4205.33 9.1519e-15   4317.27 1 
  4207.06 8.6052e-15   4319.05 1 
  4208.79 8.3376e-15   4320.82 1 
  4210.52 8.2465e-15   4322.60 1 
  4212.25 8.6977e-15   4324.37 1 
  4213.98 8.9290e-15   4326.15 1 
  4215.71 8.7416e-15   4327.92 1 
  4217.44 8.1930e-15   4329.70 1 
  4219.17 8.2070e-15   4331.48 1 
  4220.90 7.7410e-15   4333.25 1 
  4222.63 7.1032e-15   4335.03 1 
  4224.36 7.2050e-15   4336.80 1 
  4226.09 7.4423e-15   4338.58 1 
  4227.82 7.6661e-15   4340.35 1 
  4229.55 7.9857e-15   4342.13 1 
  4231.28 8.5709e-15   4343.90 1 
  4233.01 8.6199e-15   4345.68 1 
  4234.74 8.2787e-15   4347.46 1 
  4236.46 9.2107e-15   4349.23 1 
  4238.19 9.3621e-15   4351.01 1 
  4239.92 8.7501e-15   4352.78 1 
  4241.65 8.6193e-15   4354.56 1 
  4243.38 8.8862e-15   4356.33 1 
  4245.11 8.8297e-15   4358.11 1 
  4246.84 8.6133e-15   4359.88 1 
  4248.57 8.4291e-15   4361.66 1 
  4250.30 8.1803e-15   4363.44 1 
  4252.03 7.7973e-15   4365.21 1 
  4253.76 7.8981e-15   4366.99 1 
  4255.49 8.6069e-15   4368.76 1 
  4257.22 8.6927e-15   4370.54 1 
  4258.95 8.3111e-15   4372.31 1 
  4260.68 8.6946e-15   4374.09 1 
  4262.41 8.4810e-15   4375.86 1 
  4264.14 8.2169e-15   4377.64 1 
  4265.87 8.1181e-15   4379.42 1 
  4267.60 7.7212e-15   4381.19 1 
  4269.33 7.5595e-15   4382.97 1 
  4271.06 7.6909e-15   4384.74 1 
  4272.79 7.8848e-15   4386.52 1 
  4274.51 7.7653e-15   4388.29 1 
  4276.24 7.7927e-15   4390.07 1 
  4277.97 8.3313e-15   4391.84 1 
  4279.70 8.4245e-15   4393.62 1 
  4281.43 7.9805e-15   4395.40 1 
  4283.16 7.7649e-15   4397.17 1 
  4284.89 7.6844e-15   4398.95 1 
  4286.62 7.5966e-15   4400.72 1 
  4288.35 7.5763e-15   4402.50 1 
  4290.08 7.4949e-15   4404.27 1 
  4291.81 7.6130e-15   4406.05 1 
  4293.54 7.1246e-15   4407.82 1 
  4295.27 6.3890e-15   4409.60 1 
  4297.00 6.3165e-15   4411.38 1 
  4298.73 6.4255e-15   4413.15 1 
  4300.46 5.9599e-15   4414.93 1 
  4302.19 5.7706e-15   4416.70 1 
  4303.92 5.8002e-15   4418.48 1 
  4305.65 6.2509e-15   4420.25 1 
  4307.38 6.7059e-15   4422.03 1 
  4309.10 7.3603e-15   4423.80 1 
  4310.83 7.9790e-15   4425.58 1 
  4312.56 8.9486e-15   4427.36 1 
  4314.29 9.4549e-15   4429.13 1 
  4316.02 9.1488e-15   4430.91 1 
  4317.75 8.9222e-15   4432.68 1 
  4319.48 8.8360e-15   4434.46 1 
  4321.21 8.7670e-15   4436.23 1 
  4322.94 8.4854e-15   4438.01 1 
  4324.67 8.5563e-15   4439.79 1 
  4326.40 9.3772e-15   4441.56 1 
  4328.13 9.7305e-15   4443.34 1 
  4329.86 9.7227e-15   4445.11 1 
  4331.59 9.2696e-15   4446.89 1 
  4333.32 9.1219e-15   4448.66 1 
  4335.05 8.9923e-15   4450.44 1 
  4336.78 8.6729e-15   4452.21 1 
  4338.51 8.5531e-15   4453.99 1 
  4340.24 8.7221e-15   4455.76 1 
  4341.97 9.1688e-15   4457.54 1 
  4343.70 8.9084e-15   4459.32 1 
  4345.42 9.1597e-15   4461.09 1 
  4347.15 9.3587e-15   4462.87 1 
  4348.88 9.4581e-15   4464.64 1 
  4350.61 9.3001e-15   4466.42 1 
  4352.34 9.3565e-15   4468.19 1 
  4354.07 9.4522e-15   4469.97 1 
  4355.80 9.8349e-15   4471.74 1 
  4357.53 9.7847e-15   4473.52 1 
  4359.26 1.0001e-14   4475.30 1 
  4360.99 9.8373e-15   4477.07 1 
  4362.72 9.5941e-15   4478.85 1 
  4364.45 9.8684e-15   4480.62 1 
  4366.18 9.9402e-15   4482.40 1 
  4367.91 9.4451e-15   4484.17 1 
  4369.64 8.9354e-15   4485.95 1 
  4371.37 9.0420e-15   4487.73 1 
  4373.10 8.9195e-15   4489.50 1 
  4374.83 8.8960e-15   4491.28 1 
  4376.56 8.8475e-15   4493.05 1 
  4378.29 8.6123e-15   4494.83 1 
  4380.02 8.4152e-15   4496.60 1 
  4381.75 8.1721e-15   4498.38 1 
  4383.47 8.3710e-15   4500.15 1 
  4385.20 8.4628e-15   4501.93 1 
  4386.93 8.5784e-15   4503.71 1 
  4388.66 8.4989e-15   4505.48 1 
  4390.39 8.6357e-15   4507.26 1 
  4392.12 9.1989e-15   4509.03 1 
  4393.85 9.2700e-15   4510.81 1 
  4395.58 9.4829e-15   4512.58 1 
  4397.31 9.4757e-15   4514.36 1 
  4399.04 8.9335e-15   4516.13 1 
  4400.77 8.5430e-15   4517.91 1 
  4402.50 8.5919e-15   4519.68 1 
  4404.23 8.9437e-15   4521.46 1 
  4405.96 9.3959e-15   4523.24 1 
  4407.69 9.5579e-15   4525.01 1 
  4409.42 9.6862e-15   4526.79 1 
  4411.15 9.6812e-15   4528.56 1 
  4412.88 9.8671e-15   4530.34 1 
  4414.61 9.7499e-15   4532.11 1 
  4416.34 9.8503e-15   4533.89 1 
  4418.06 9.9294e-15   4535.67 1 
  4419.79 9.8553e-15   4537.44 1 
  4421.52 1.0129e-14   4539.22 1 
  4423.25 9.9347e-15   4540.99 1 
  4424.98 1.0147e-14   4542.77 1 
  4426.71 1.0463e-14   4544.54 1 
  4428.44 1.0164e-14   4546.32 1 
  4430.17 9.7265e-15   4548.09 1 
  4431.90 9.8278e-15   4549.87 1 
  4433.63 9.8130e-15   4551.65 1 
  4435.36 1.0020e-14   4553.42 1 
  4437.09 1.0186e-14   4555.20 1 
  4438.82 1.0747e-14   4556.97 1 
  4440.55 1.0759e-14   4558.75 1 
  4442.28 1.0272e-14   4560.52 1 
  4444.01 1.0604e-14   4562.30 1 
  4445.74 1.0850e-14   4564.07 1 
  4447.47 1.0743e-14   4565.85 1 
  4449.20 1.0486e-14   4567.62 1 
  4450.93 1.0106e-14   4569.40 1 
  4452.66 9.7442e-15   4571.18 1 
  4454.38 9.3477e-15   4572.95 1 
  4456.11 9.6117e-15   4574.73 1 
  4457.84 9.9486e-15   4576.50 1 
  4459.57 9.8785e-15   4578.28 1 
  4461.30 1.0056e-14   4580.05 1 
  4463.03 1.0422e-14   4581.83 1 
  4464.76 1.0377e-14   4583.61 1 
  4466.49 1.0829e-14   4585.38 1 
  4468.22 1.1043e-14   4587.16 1 
  4469.95 1.1070e-14   4588.93 1 
  4471.68 1.1011e-14   4590.71 1 
  4473.41 1.1249e-14   4592.48 1 
  4475.14 1.1071e-14   4594.26 1 
  4476.87 1.0835e-14   4596.03 1 
  4478.60 1.0809e-14   4597.81 1 
  4480.33 1.0906e-14   4599.59 1 
  4482.06 1.1237e-14   4601.36 1 
  4483.79 1.1337e-14   4603.14 1 
  4485.52 1.1576e-14   4604.91 1 
  4487.25 1.1179e-14   4606.69 1 
  4488.98 1.0974e-14   4608.46 1 
  4490.71 1.1012e-14   4610.24 1 
  4492.43 1.0931e-14   4612.01 1 
  4494.16 1.1471e-14   4613.79 1 
  4495.89 1.1811e-14   4615.57 1 
  4497.62 1.1760e-14   4617.34 1 
  4499.35 1.1721e-14   4619.12 1 
  4501.08 1.2023e-14   4620.89 1 
  4502.81 1.2109e-14   4622.67 1 
  4504.54 1.2090e-14   4624.44 1 
  4506.27 1.2148e-14   4626.22 1 
  4508.00 1.2283e-14   4627.99 1 
  4509.73 1.1992e-14   4629.77 1 
  4511.46 1.1913e-14   4631.54 1 
  4513.19 1.1907e-14   4633.32 1 
  4514.92 1.1851e-14   4635.10 1 
  4516.65 1.2091e-14   4636.87 1 
  4518.38 1.2300e-14   4638.65 1 
  4520.11 1.1762e-14   4640.42 1 
  4521.84 1.1226e-14   4642.20 1 
  4523.57 1.0904e-14   4643.97 1 
  4525.30 1.0792e-14   4645.75 1 
  4527.03 1.0317e-14   4647.53 1 
  4528.75 1.0134e-14   4649.30 1 
  4530.48 1.0926e-14   4651.08 1 
  4532.21 1.0892e-14   4652.85 1 
  4533.94 1.0985e-14   4654.63 1 
  4535.67 1.1610e-14   4656.40 1 
  4537.40 1.1475e-14   4658.18 1 
  4539.13 1.1672e-14   4659.95 1 
  4540.86 1.1558e-14   4661.73 1 
  4542.59 1.1307e-14   4663.51 1 
  4544.32 1.1626e-14   4665.28 1 
  4546.05 1.1540e-14   4667.06 1 
  4547.78 1.0992e-14   4668.83 1 
  4549.51 1.1396e-14   4670.61 1 
  4551.24 1.1715e-14   4672.38 1 
  4552.97 1.2074e-14   4674.16 1 
  4554.70 1.2060e-14   4675.93 1 
  4556.43 1.1895e-14   4677.71 1 
  4558.16 1.1903e-14   4679.49 1 
  4559.89 1.1956e-14   4681.26 1 
  4561.62 1.2461e-14   4683.04 1 
  4563.35 1.2985e-14   4684.81 1 
  4565.07 1.2654e-14   4686.59 1 
  4566.80 1.2363e-14   4688.36 1 
  4568.53 1.2125e-14   4690.14 1 
  4570.26 1.1972e-14   4691.91 1 
  4571.99 1.2405e-14   4693.69 1 
  4573.72 1.2584e-14   4695.47 1 
  4575.45 1.2431e-14   4697.24 1 
  4577.18 1.1799e-14   4699.02 1 
  4578.91 1.1575e-14   4700.79 1 
  4580.64 1.2009e-14   4702.57 1 
  4582.37 1.2014e-14   4704.34 1 
  4584.10 1.2187e-14   4706.12 1 
  4585.83 1.2240e-14   4707.89 1 
  4587.56 1.1861e-14   4709.67 1 
  4589.29 1.1826e-14   4711.45 1 
  4591.02 1.1714e-14   4713.22 1 
  4592.75 1.1660e-14   4715.00 1 
  4594.48 1.1864e-14   4716.77 1 
  4596.21 1.1675e-14   4718.55 1 
  4597.94 1.1569e-14   4720.32 1 
  4599.67 1.1975e-14   4722.10 1 
  4601.39 1.2401e-14   4723.87 1 
  4603.12 1.2528e-14   4725.65 1 
  4604.85 1.2563e-14   4727.43 1 
  4606.58 1.2513e-14   4729.20 1 
  4608.31 1.3006e-14   4730.98 1 
  4610.04 1.3610e-14   4732.75 1 
  4611.77 1.3174e-14   4734.53 1 
  4613.50 1.2855e-14   4736.30 1 
  4615.23 1.2853e-14   4738.08 1 
  4616.96 1.3127e-14   4739.85 1 
  4618.69 1.3249e-14   4741.63 1 
  4620.42 1.2876e-14   4743.41 1 
  4622.15 1.2652e-14   4745.18 1 
  4623.88 1.2531e-14   4746.96 1 
  4625.61 1.2444e-14   4748.73 1 
  4627.34 1.2375e-14   4750.51 1 
  4629.07 1.2621e-14   4752.28 1 
  4630.80 1.2886e-14   4754.06 1 
  4632.53 1.2549e-14   4755.83 1 
  4634.26 1.2073e-14   4757.61 1 
  4635.99 1.2147e-14   4759.39 1 
  4637.71 1.1717e-14   4761.16 1 
  4639.44 1.1522e-14   4762.94 1 
  4641.17 1.1649e-14   4764.71 1 
  4642.90 1.1550e-14   4766.49 1 
  4644.63 1.1796e-14   4768.26 1 
  4646.36 1.2032e-14   4770.04 1 
  4648.09 1.1760e-14   4771.81 1 
  4649.82 1.1646e-14   4773.59 1 
  4651.55 1.2034e-14   4775.37 1 
  4653.28 1.2187e-14   4777.14 1 
  4655.01 1.2047e-14   4778.92 1 
  4656.74 1.1944e-14   4780.69 1 
  4658.47 1.1899e-14   4782.47 1 
  4660.20 1.2003e-14   4784.24 1 
  4661.93 1.1720e-14   4786.02 1 
  4663.66 1.1192e-14   4787.79 1 
  4665.39 1.1120e-14   4789.57 1 
  4667.12 1.1101e-14   4791.35 1 
  4668.85 1.1230e-14   4793.12 1 
  4670.58 1.1289e-14   4794.90 1 
  4672.30 1.1339e-14   4796.67 1 
  4674.03 1.1655e-14   4798.45 1 
  4675.76 1.1634e-14   4800.22 1 
  4677.49 1.1559e-14   4802.00 1 
  4679.22 1.1702e-14   4803.77 1 
  4680.95 1.1421e-14   4805.55 1 
  4682.68 1.1289e-14   4807.33 1 
  4684.41 1.1325e-14   4809.10 1 
  4686.14 1.1574e-14   4810.88 1 
  4687.87 1.1891e-14   4812.65 1 
  4689.60 1.1731e-14   4814.43 1 
  4691.33 1.1542e-14   4816.20 1 
  4693.06 1.1550e-14   4817.98 1 
  4694.79 1.1675e-14   4819.75 1 
  4696.52 1.1527e-14   4821.53 1 
  4698.25 1.1072e-14   4823.31 1 
  4699.98 1.1017e-14   4825.08 1 
  4701.71 1.1272e-14   4826.86 1 
  4703.44 1.1255e-14   4828.63 1 
  4705.17 1.1434e-14   4830.41 1 
  4706.90 1.1549e-14   4832.18 1 
  4708.62 1.1647e-14   4833.96 1 
  4710.35 1.1862e-14   4835.73 1 
  4712.08 1.1972e-14   4837.51 1 
  4713.81 1.2157e-14   4839.29 1 
  4715.54 1.2610e-14   4841.06 1 
  4717.27 1.2758e-14   4842.84 1 
  4719.00 1.2324e-14   4844.61 1 
  4720.73 1.2210e-14   4846.39 1 
  4722.46 1.2411e-14   4848.16 1 
  4724.19 1.2189e-14   4849.94 1 
  4725.92 1.1851e-14   4851.71 1 
  4727.65 1.1839e-14   4853.49 1 
  4729.38 1.1836e-14   4855.27 1 
  4731.11 1.2168e-14   4857.04 1 
  4732.84 1.2362e-14   4858.82 1 
  4734.57 1.2087e-14   4860.59 1 
  4736.30 1.2256e-14   4862.37 1 
  4738.03 1.2468e-14   4864.14 1 
  4739.76 1.2500e-14   4865.92 1 
  4741.49 1.2713e-14   4867.70 1 
  4743.22 1.2868e-14   4869.47 1 
  4744.95 1.2788e-14   4871.25 1 
  4746.67 1.2485e-14   4873.02 1 
  4748.40 1.2464e-14   4874.80 1 
  4750.13 1.2344e-14   4876.57 1 
  4751.86 1.2118e-14   4878.35 1 
  4753.59 1.2285e-14   4880.12 1 
  4755.32 1.2386e-14   4881.90 1 
  4757.05 1.2033e-14   4883.67 1 
  4758.78 1.1831e-14   4885.45 1 
  4760.51 1.1921e-14   4887.23 1 
  4762.24 1.1732e-14   4889.00 1 
  4763.97 1.1471e-14   4890.78 1 
  4765.70 1.1809e-14   4892.55 1 
  4767.43 1.2220e-14   4894.33 1 
  4769.16 1.2042e-14   4896.10 1 
  4770.89 1.2219e-14   4897.88 1 
  4772.62 1.2260e-14   4899.66 1 
  4774.35 1.2120e-14   4901.43 1 
  4776.08 1.2101e-14   4903.21 1 
  4777.81 1.1879e-14   4904.98 1 
  4779.54 1.2055e-14   4906.76 1 
  4781.27 1.2118e-14   4908.53 1 
  4782.99 1.1911e-14   4910.31 1 
  4784.72 1.2030e-14   4912.08 1 
  4786.45 1.2299e-14   4913.86 1 
  4788.18 1.2338e-14   4915.63 1 
  4789.91 1.2248e-14   4917.41 1 
  4791.64 1.2363e-14   4919.19 1 
  4793.37 1.2536e-14   4920.96 1 
  4795.10 1.2455e-14   4922.74 1 
  4796.83 1.2621e-14   4924.51 1 
  4798.56 1.2514e-14   4926.29 1 
  4800.29 1.2233e-14   4928.06 1 
  4802.02 1.2295e-14   4929.84 1 
  4803.75 1.2370e-14   4931.62 1 
  4805.48 1.2188e-14   4933.39 1 
  4807.21 1.2174e-14   4935.17 1 
  4808.94 1.2286e-14   4936.94 1 
  4810.67 1.2415e-14   4938.72 1 
  4812.40 1.2619e-14   4940.49 1 
  4814.13 1.2549e-14   4942.27 1 
  4815.86 1.2557e-14   4944.04 1 
  4817.58 1.2654e-14   4945.82 1 
  4819.32 1.2628e-14   4947.60 1 
  4821.04 1.2508e-14   4949.37 1 
  4822.77 1.2436e-14   4951.15 1 
  4824.50 1.2160e-14   4952.92 1 
  4826.23 1.2226e-14   4954.70 1 
  4827.96 1.1970e-14   4956.47 1 
  4829.69 1.1988e-14   4958.25 1 
  4831.42 1.1998e-14   4960.02 1 
  4833.15 1.1839e-14   4961.80 1 
  4834.88 1.1870e-14   4963.58 1 
  4836.61 1.2039e-14   4965.35 1 
  4838.34 1.2401e-14   4967.13 1 
  4840.07 1.2302e-14   4968.90 1 
  4841.80 1.2024e-14   4970.68 1 
  4843.53 1.1946e-14   4972.45 1 
  4845.26 1.2039e-14   4974.23 1 
  4846.99 1.1885e-14   4976.00 1 
  4848.72 1.1803e-14   4977.78 1 
  4850.45 1.1646e-14   4979.56 1 
  4852.18 1.1563e-14   4981.33 1 
  4853.91 1.1016e-14   4983.11 1 
  4855.63 1.0513e-14   4984.88 1 
  4857.36 1.0343e-14   4986.66 1 
  4859.09 1.0775e-14   4988.43 1 
  4860.82 1.1016e-14   4990.21 1 
  4862.55 1.1013e-14   4991.98 1 
  4864.28 1.1285e-14   4993.76 1 
  4866.01 1.1390e-14   4995.54 1 
  4867.74 1.1324e-14   4997.31 1 
  4869.47 1.1402e-14   4999.09 1 
  4871.20 1.1585e-14   5000.86 1 
  4872.93 1.1351e-14   5002.64 1 
  4874.66 1.1604e-14   5004.41 1 
  4876.39 1.1845e-14   5006.19 1 
  4878.12 1.1950e-14   5007.96 1 
  4879.85 1.1718e-14   5009.74 1 
  4881.58 1.1519e-14   5011.52 1 
  4883.31 1.1298e-14   5013.29 1 
  4885.04 1.1334e-14   5015.07 1 
  4886.77 1.1764e-14   5016.84 1 
  4888.50 1.1837e-14   5018.62 1 
  4890.23 1.2118e-14   5020.39 1 
  4891.95 1.2523e-14   5022.17 1 
  4893.68 1.2428e-14   5023.94 1 
  4895.41 1.2501e-14   5025.72 1 
  4897.14 1.2814e-14   5027.50 1 
  4898.87 1.2402e-14   5029.27 1 
  4900.60 1.2173e-14   5031.05 1 
  4902.33 1.2321e-14   5032.82 1 
  4904.06 1.2181e-14   5034.60 1 
  4905.79 1.2189e-14   5036.37 1 
  4907.52 1.2406e-14   5038.15 1 
  4909.25 1.2352e-14   5039.92 1 
  4910.98 1.1882e-14   5041.70 1 
  4912.71 1.1829e-14   5043.48 1 
  4914.44 1.1560e-14   5045.25 1 
  4916.17 1.1290e-14   5047.03 1 
  4917.90 1.1234e-14   5048.80 1 
  4919.63 1.1517e-14   5050.58 1 
  4921.36 1.1825e-14   5052.35 1 
  4923.09 1.2050e-14   5054.13 1 
  4924.82 1.2108e-14   5055.90 1 
  4926.55 1.2505e-14   5057.68 1 
  4928.27 1.2400e-14   5059.46 1 
  4930.00 1.2212e-14   5061.23 1 
  4931.73 1.2282e-14   5063.01 1 
  4933.46 1.2073e-14   5064.78 1 
  4935.19 1.1944e-14   5066.56 1 
  4936.92 1.2173e-14   5068.33 1 
  4938.65 1.2390e-14   5070.11 1 
  4940.38 1.2565e-14   5071.88 1 
  4942.11 1.2637e-14   5073.66 1 
  4943.84 1.2768e-14   5075.44 1 
  4945.57 1.2965e-14   5077.21 1 
  4947.30 1.2928e-14   5078.99 1 
  4949.03 1.2880e-14   5080.76 1 
  4950.76 1.2649e-14   5082.54 1 
  4952.49 1.2324e-14   5084.31 1 
  4954.22 1.2027e-14   5086.09 1 
  4955.95 1.1849e-14   5087.86 1 
  4957.68 1.1786e-14   5089.64 1 
  4959.41 1.2136e-14   5091.42 1 
  4961.14 1.2143e-14   5093.19 1 
  4962.87 1.1865e-14   5094.97 1 
  4964.59 1.1866e-14   5096.74 1 
  4966.32 1.2165e-14   5098.52 1 
  4968.05 1.2401e-14   5100.29 1 
  4969.78 1.2087e-14   5102.07 1 
  4971.51 1.2057e-14   5103.84 1 
  4973.24 1.2110e-14   5105.62 1 
  4974.97 1.1909e-14   5107.40 1 
  4976.70 1.1664e-14   5109.17 1 
  4978.43 1.1235e-14   5110.95 1 
  4980.16 1.1096e-14   5112.72 1 
  4981.89 1.1428e-14   5114.50 1 
  4983.62 1.1717e-14   5116.27 1 
  4985.35 1.1797e-14   5118.05 1 
  4987.08 1.1986e-14   5119.82 1 
  4988.81 1.1870e-14   5121.60 1 
  4990.54 1.1847e-14   5123.38 1 
  4992.27 1.1940e-14   5125.15 1 
  4994.00 1.1803e-14   5126.93 1 
  4995.73 1.1612e-14   5128.70 1 
  4997.46 1.1530e-14   5130.48 1 
  4999.19 1.1219e-14   5132.25 1 
  5000.91 1.1294e-14   5134.03 1 
  5002.64 1.1403e-14   5135.80 1 
  5004.37 1.1284e-14   5137.58 1 
  5006.10 1.0954e-14   5139.36 1 
  5007.83 1.0835e-14   5141.13 1 
  5009.56 1.0664e-14   5142.91 1 
  5011.29 1.0444e-14   5144.68 1 
  5013.02 1.0712e-14   5146.46 1 
  5014.75 1.1096e-14   5148.23 1 
  5016.48 1.1346e-14   5150.01 1 
  5018.21 1.1288e-14   5151.78 1 
  5019.94 1.1424e-14   5153.56 1 
  5021.67 1.1673e-14   5155.34 1 
  5023.40 1.1543e-14   5157.11 1 
  5025.13 1.1491e-14   5158.89 1 
  5026.86 1.1588e-14   5160.66 1 
  5028.59 1.1511e-14   5162.44 1 
  5030.32 1.1438e-14   5164.21 1 
  5032.05 1.1569e-14   5165.99 1 
  5033.78 1.1510e-14   5167.77 1 
  5035.51 1.1385e-14   5169.54 1 
  5037.23 1.1300e-14   5171.32 1 
  5038.96 1.1110e-14   5173.09 1 
  5040.69 1.1209e-14   5174.87 1 
  5042.42 1.1480e-14   5176.64 1 
  5044.15 1.1902e-14   5178.42 1 
  5045.88 1.1965e-14   5180.19 1 
  5047.61 1.1814e-14   5181.97 1 
  5049.34 1.1911e-14   5183.74 1 
  5051.07 1.1940e-14   5185.52 1 
  5052.80 1.1910e-14   5187.30 1 
  5054.53 1.2052e-14   5189.07 1 
  5056.26 1.2175e-14   5190.85 1 
  5057.99 1.2162e-14   5192.62 1 
  5059.72 1.1992e-14   5194.40 1 
  5061.45 1.1849e-14   5196.17 1 
  5063.18 1.1685e-14   5197.95 1 
  5064.91 1.1542e-14   5199.73 1 
  5066.64 1.1572e-14   5201.50 1 
  5068.37 1.1567e-14   5203.28 1 
  5070.10 1.1531e-14   5205.05 1 
  5071.83 1.1657e-14   5206.83 1 
  5073.55 1.1446e-14   5208.60 1 
  5075.28 1.1221e-14   5210.38 1 
  5077.01 1.1074e-14   5212.15 1 
  5078.74 1.0820e-14   5213.93 1 
  5080.47 1.1054e-14   5215.70 1 
  5082.20 1.1459e-14   5217.48 1 
  5083.93 1.1469e-14   5219.26 1 
  5085.66 1.1423e-14   5221.03 1 
  5087.39 1.1562e-14   5222.81 1 
  5089.12 1.1682e-14   5224.58 1 
  5090.85 1.1582e-14   5226.36 1 
  5092.58 1.1417e-14   5228.13 1 
  5094.31 1.1238e-14   5229.91 1 
  5096.04 1.1034e-14   5231.69 1 
  5097.77 1.1076e-14   5233.46 1 
  5099.50 1.1107e-14   5235.24 1 
  5101.23 1.1309e-14   5237.01 1 
  5102.96 1.1372e-14   5238.79 1 
  5104.69 1.1177e-14   5240.56 1 
  5106.42 1.0977e-14   5242.34 1 
  5108.15 1.1243e-14   5244.11 1 
  5109.87 1.1430e-14   5245.89 1 
  5111.60 1.1376e-14   5247.67 1 
  5113.33 1.1482e-14   5249.44 1 
  5115.06 1.1550e-14   5251.22 1 
  5116.79 1.1327e-14   5252.99 1 
  5118.52 1.1157e-14   5254.77 1 
  5120.25 1.0979e-14   5256.54 1 
  5121.98 1.0984e-14   5258.32 1 
  5123.71 1.0931e-14   5260.09 1 
  5125.44 1.0880e-14   5261.87 1 
  5127.17 1.1136e-14   5263.65 1 
  5128.90 1.0842e-14   5265.42 1 
  5130.63 1.0818e-14   5267.20 1 
  5132.36 1.0968e-14   5268.97 1 
  5134.09 1.1042e-14   5270.75 1 
  5135.82 1.0977e-14   5272.52 1 
  5137.55 1.0907e-14   5274.30 1 
  5139.28 1.1009e-14   5276.07 1 
  5141.01 1.0763e-14   5277.85 1 
  5142.74 1.0443e-14   5279.62 1 
  5144.47 1.0745e-14   5281.40 1 
  5146.19 1.0502e-14   5283.18 1 
  5147.92 1.0460e-14   5284.95 1 
  5149.65 1.0739e-14   5286.73 1 
  5151.38 1.0683e-14   5288.50 1 
  5153.11 1.0810e-14   5290.28 1 
  5154.84 1.0714e-14   5292.05 1 
  5156.57 1.0605e-14   5293.83 1 
  5158.30 1.0490e-14   5295.60 1 
  5160.03 1.0004e-14   5297.38 1 
  5161.76 9.4228e-15   5299.16 1 
  5163.49 8.9832e-15   5300.93 1 
  5165.22 8.5822e-15   5302.71 1 
  5166.95 8.4164e-15   5304.48 1 
  5168.68 8.4435e-15   5306.26 1 
  5170.41 8.6300e-15   5308.03 1 
  5172.14 8.8843e-15   5309.81 1 
  5173.87 8.5770e-15   5311.58 1 
  5175.60 8.9145e-15   5313.36 1 
  5177.33 8.9672e-15   5315.14 1 
  5179.06 9.0006e-15   5316.91 1 
  5180.79 9.1925e-15   5318.69 1 
  5182.51 9.5770e-15   5320.46 1 
  5184.24 9.5976e-15   5322.24 1 
  5185.97 1.0119e-14   5324.01 1 
  5187.70 1.0516e-14   5325.79 1 
  5189.43 1.0730e-14   5327.57 1 
  5191.16 1.0860e-14   5329.34 1 
  5192.89 1.1088e-14   5331.12 1 
  5194.62 1.1129e-14   5332.89 1 
  5196.35 1.0888e-14   5334.67 1 
  5198.08 1.0957e-14   5336.44 1 
  5199.81 1.0713e-14   5338.22 1 
  5201.54 1.0324e-14   5339.99 1 
  5203.27 1.0387e-14   5341.77 1 
  5205.00 1.0454e-14   5343.55 1 
  5206.73 1.0604e-14   5345.32 1 
  5208.46 1.0717e-14   5347.10 1 
  5210.19 1.1153e-14   5348.87 1 
  5211.92 1.1692e-14   5350.65 1 
  5213.65 1.1445e-14   5352.42 1 
  5215.38 1.1753e-14   5354.20 1 
  5217.11 1.1674e-14   5355.97 1 
  5218.84 1.1393e-14   5357.75 1 
  5220.56 1.1560e-14   5359.53 1 
  5222.29 1.1287e-14   5361.30 1 
  5224.02 1.1106e-14   5363.08 1 
  5225.75 1.1450e-14   5364.85 1 
  5227.48 1.1510e-14   5366.63 1 
  5229.21 1.1529e-14   5368.40 1 
  5230.94 1.1784e-14   5370.18 1 
  5232.67 1.1853e-14   5371.95 1 
  5234.40 1.2167e-14   5373.73 1 
  5236.13 1.2159e-14   5375.51 1 
  5237.86 1.2244e-14   5377.28 1 
  5239.59 1.2493e-14   5379.06 1 
  5241.32 1.2353e-14   5380.83 1 
  5243.05 1.1924e-14   5382.61 1 
  5244.78 1.1805e-14   5384.38 1 
  5246.51 1.2126e-14   5386.16 1 
  5248.24 1.2139e-14   5387.93 1 
  5249.97 1.1809e-14   5389.71 1 
  5251.70 1.1736e-14   5391.49 1 
  5253.43 1.1685e-14   5393.26 1 
  5255.15 1.1555e-14   5395.04 1 
  5256.88 1.1589e-14   5396.81 1 
  5258.61 1.1201e-14   5398.59 1 
  5260.34 1.0680e-14   5400.36 1 
  5262.07 1.0422e-14   5402.14 1 
  5263.80 1.0457e-14   5403.91 1 
  5265.53 1.0166e-14   5405.69 1 
  5267.26 1.0350e-14   5407.47 1 
  5268.99 1.0927e-14   5409.24 1 
  5270.72 1.1159e-14   5411.02 1 
  5272.45 1.1728e-14   5412.79 1 
  5274.18 1.2240e-14   5414.57 1 
  5275.91 1.1993e-14   5416.34 1 
  5277.64 1.1928e-14   5418.12 1 
  5279.37 1.2242e-14   5419.89 1 
  5281.10 1.2532e-14   5421.67 1 
  5282.83 1.2676e-14   5423.45 1 
  5284.56 1.2420e-14   5425.22 1 
  5286.29 1.2684e-14   5427.00 1 
  5288.02 1.2503e-14   5428.77 1 
  5289.74 1.2305e-14   5430.55 1 
  5291.47 1.2369e-14   5432.32 1 
  5293.20 1.1908e-14   5434.10 1 
  5294.93 1.2094e-14   5435.87 1 
  5296.66 1.2416e-14   5437.65 1 
  5298.39 1.2355e-14   5439.43 1 
  5300.12 1.2431e-14   5441.20 1 
  5301.85 1.2686e-14   5442.98 1 
  5303.58 1.2883e-14   5444.75 1 
  5305.31 1.2887e-14   5446.53 1 
  5307.04 1.2990e-14   5448.30 1 
  5308.77 1.3071e-14   5450.08 1 
  5310.50 1.2888e-14   5451.85 1 
  5312.23 1.3119e-14   5453.63 1 
  5313.96 1.3593e-14   5455.41 1 
  5315.69 1.3170e-14   5457.18 1 
  5317.42 1.2803e-14   5458.96 1 
  5319.15 1.2178e-14   5460.73 1 
  5320.88 1.1584e-14   5462.51 1 
  5322.61 1.1724e-14   5464.28 1 
  5324.34 1.1732e-14   5466.06 1 
  5326.07 1.1658e-14   5467.83 1 
  5327.80 1.2025e-14   5469.61 1 
  5329.52 1.2016e-14   5471.39 1 
  5331.25 1.1997e-14   5473.16 1 
  5332.98 1.2431e-14   5474.94 1 
  5334.71 1.2440e-14   5476.71 1 
  5336.44 1.2186e-14   5478.49 1 
  5338.17 1.2423e-14   5480.26 1 
  5339.90 1.2536e-14   5482.04 1 
  5341.63 1.2340e-14   5483.81 1 
  5343.36 1.2386e-14   5485.59 1 
  5345.09 1.2498e-14   5487.37 1 
  5346.82 1.2678e-14   5489.14 1 
  5348.55 1.2718e-14   5490.92 1 
  5350.28 1.2773e-14   5492.69 1 
  5352.01 1.3185e-14   5494.47 1 
  5353.74 1.3517e-14   5496.24 1 
  5355.47 1.3337e-14   5498.02 1 
  5357.20 1.3181e-14   5499.79 1 
  5358.93 1.2993e-14   5501.57 1 
  5360.66 1.2762e-14   5503.35 1 
  5362.39 1.2891e-14   5505.12 1 
  5364.11 1.2773e-14   5506.90 1 
  5365.84 1.2456e-14   5508.67 1 
  5367.57 1.2259e-14   5510.45 1 
  5369.30 1.2549e-14   5512.22 1 
  5371.03 1.2658e-14   5514.00 1 
  5372.76 1.2609e-14   5515.77 1 
  5374.49 1.2664e-14   5517.55 1 
  5376.22 1.2932e-14   5519.33 1 
  5377.95 1.3164e-14   5521.10 1 
  5379.68 1.3039e-14   5522.88 1 
  5381.41 1.2914e-14   5524.65 1 
  5383.14 1.2763e-14   5526.43 1 
  5384.87 1.2824e-14   5528.20 1 
  5386.60 1.2435e-14   5529.98 1 
  5388.33 1.2429e-14   5531.75 1 
  5390.06 1.2472e-14   5533.53 1 
  5391.79 1.2410e-14   5535.31 1 
  5393.52 1.2157e-14   5537.08 1 
  5395.25 1.2147e-14   5538.86 1 
  5396.98 1.2127e-14   5540.63 1 
  5398.70 1.1812e-14   5542.41 1 
  5400.43 1.1678e-14   5544.18 1 
  5402.16 1.1747e-14   5545.96 1 
  5403.89 1.1562e-14   5547.73 1 
  5405.62 1.1924e-14   5549.51 1 
  5407.35 1.2035e-14   5551.29 1 
  5409.08 1.1989e-14   5553.06 1 
  5410.81 1.2112e-14   5554.84 1 
  5412.54 1.2270e-14   5556.61 1 
  5414.27 1.2421e-14   5558.39 1 
  5416.00 1.2571e-14   5560.16 1 
  5417.73 1.2723e-14   5561.94 1 
  5419.46 1.3073e-14   5563.71 1 
  5421.19 1.2954e-14   5565.49 1 
  5422.92 1.2651e-14   5567.27 1 
  5424.65 1.2618e-14   5569.04 1 
  5426.38 1.2659e-14   5570.82 1 
  5428.11 1.2686e-14   5572.59 1 
  5429.84 1.2715e-14   5574.37 1 
  5431.57 1.2744e-14   5576.14 1 
  5433.30 1.2773e-14   5577.92 1 
  5435.03 1.2802e-14   5579.69 1 
  5436.75 1.2831e-14   5581.47 1 
  5438.48 1.2901e-14   5583.25 1 
  5440.21 1.2778e-14   5585.02 1 
  5441.94 1.2500e-14   5586.80 1 
  5443.67 1.2540e-14   5588.57 1 
  5445.40 1.2551e-14   5590.35 1 
  5447.13 1.2549e-14   5592.12 1 
  5448.86 1.2358e-14   5593.90 1 
  5450.59 1.2363e-14   5595.68 1 
  5452.32 1.2224e-14   5597.45 1 
  5454.05 1.1907e-14   5599.23 1 
  5455.78 1.2432e-14   5601.00 1 
  5457.51 1.2497e-14   5602.78 1 
  5459.24 1.2369e-14   5604.55 1 
  5460.97 1.2241e-14   5606.33 1 
  5462.70 1.2381e-14   5608.10 1 
  5464.43 1.2447e-14   5609.88 1 
  5466.16 1.2388e-14   5611.65 1 
  5467.89 1.2214e-14   5613.43 1 
  5469.62 1.1973e-14   5615.21 1 
  5471.35 1.2249e-14   5616.98 1 
  5473.07 1.1997e-14   5618.76 1 
  5474.80 1.1848e-14   5620.53 1 
  5476.53 1.1993e-14   5622.31 1 
  5478.26 1.1874e-14   5624.08 1 
  5479.99 1.1901e-14   5625.86 1 
  5481.72 1.2249e-14   5627.64 1 
  5483.45 1.2267e-14   5629.41 1 
  5485.18 1.2332e-14   5631.19 1 
  5486.91 1.2264e-14   5632.96 1 
  5488.64 1.2457e-14   5634.74 1 
  5490.37 1.2362e-14   5636.51 1 
  5492.10 1.2470e-14   5638.29 1 
  5493.83 1.2552e-14   5640.06 1 
  5495.56 1.2448e-14   5641.84 1 
  5497.29 1.2212e-14   5643.61 1 
  5499.02 1.2114e-14   5645.39 1 
  5500.75 1.2275e-14   5647.17 1 
  5502.48 1.2132e-14   5648.94 1 
  5504.21 1.2030e-14   5650.72 1 
  5505.94 1.2060e-14   5652.49 1 
  5507.67 1.2083e-14   5654.27 1 
  5509.39 1.2138e-14   5656.04 1 
  5511.12 1.2074e-14   5657.82 1 
  5512.85 1.2144e-14   5659.60 1 
  5514.58 1.2473e-14   5661.37 1 
  5516.31 1.2660e-14   5663.15 1 
  5518.04 1.2517e-14   5664.92 1 
  5519.77 1.2385e-14   5666.70 1 
  5521.50 1.2158e-14   5668.47 1 
  5523.23 1.2087e-14   5670.25 1 
  5524.96 1.2108e-14   5672.02 1 
  5526.69 1.2309e-14   5673.80 1 
  5528.42 1.2410e-14   5675.57 1 
  5530.15 1.2434e-14   5677.35 1 
  5531.88 1.2648e-14   5679.13 1 
  5533.61 1.2550e-14   5680.90 1 
  5535.34 1.2221e-14   5682.68 1 
  5537.07 1.2740e-14   5684.45 1 
  5538.80 1.2736e-14   5686.23 1 
  5540.53 1.2294e-14   5688.00 1 
  5542.26 1.2352e-14   5689.78 1 
  5543.99 1.2434e-14   5691.56 1 
  5545.71 1.2573e-14   5693.33 1 
  5547.44 1.2933e-14   5695.11 1 
  5549.17 1.3002e-14   5696.88 1 
  5550.90 1.2768e-14   5698.66 1 
  5552.63 1.2489e-14   5700.43 1 
  5554.36 1.2234e-14   5702.21 1 
  5556.09 1.2214e-14   5703.98 1 
  5557.82 1.2260e-14   5705.76 1 
  5559.55 1.2421e-14   5707.54 1 
  5561.28 1.2393e-14   5709.31 1 
  5563.01 1.2036e-14   5711.09 1 
  5564.74 1.1953e-14   5712.86 1 
  5566.47 1.2233e-14   5714.64 1 
  5568.20 1.2221e-14   5716.41 1 
  5569.93 1.2256e-14   5718.19 1 
  5571.66 1.2609e-14   5719.96 1 
  5573.39 1.2676e-14   5721.74 1 
  5575.12 1.2474e-14   5723.52 1 
  5576.85 1.2344e-14   5725.29 1 
  5578.58 1.2229e-14   5727.07 1 
  5580.31 1.1857e-14   5728.84 1 
  5582.03 1.1718e-14   5730.62 1 
  5583.76 1.1789e-14   5732.39 1 
  5585.49 1.1659e-14   5734.17 1 
  5587.22 1.1567e-14   5735.94 1 
  5588.95 1.1684e-14   5737.72 1 
  5590.68 1.1652e-14   5739.50 1 
  5592.41 1.1498e-14   5741.27 1 
  5594.14 1.1842e-14   5743.05 1 
  5595.87 1.2134e-14   5744.82 1 
  5597.60 1.2007e-14   5746.60 1 
  5599.33 1.2024e-14   5748.37 1 
  5601.06 1.2258e-14   5750.15 1 
  5602.79 1.2293e-14   5751.92 1 
  5604.52 1.2329e-14   5753.70 1 
  5606.25 1.2590e-14   5755.48 1 
  5607.98 1.2504e-14   5757.25 1 
  5609.71 1.2370e-14   5759.03 1 
  5611.44 1.2209e-14   5760.80 1 
  5613.17 1.2005e-14   5762.58 1 
  5614.90 1.2193e-14   5764.35 1 
  5616.63 1.2272e-14   5766.13 1 
  5618.35 1.2138e-14   5767.90 1 
  5620.08 1.1896e-14   5769.68 1 
  5621.81 1.1862e-14   5771.46 1 
  5623.54 1.1921e-14   5773.23 1 
  5625.27 1.2086e-14   5775.01 1 
  5627.00 1.2188e-14   5776.78 1 
  5628.73 1.2244e-14   5778.56 1 
  5630.46 1.2309e-14   5780.33 1 
  5632.19 1.2242e-14   5782.11 1 
  5633.92 1.2185e-14   5783.88 1 
  5635.65 1.2364e-14   5785.66 1 
  5637.38 1.2475e-14   5787.44 1 
  5639.11 1.2165e-14   5789.21 1 
  5640.84 1.1955e-14   5790.99 1 
  5642.57 1.2282e-14   5792.76 1 
  5644.30 1.2508e-14   5794.54 1 
  5646.03 1.2535e-14   5796.31 1 
  5647.76 1.2270e-14   5798.09 1 
  5649.49 1.2408e-14   5799.86 1 
  5651.22 1.2599e-14   5801.64 1 
  5652.95 1.2470e-14   5803.42 1 
  5654.67 1.2461e-14   5805.19 1 
  5656.40 1.2346e-14   5806.97 1 
  5658.13 1.2198e-14   5808.74 1 
  5659.86 1.2189e-14   5810.52 1 
  5661.59 1.2481e-14   5812.29 1 
  5663.32 1.2599e-14   5814.07 1 
  5665.05 1.2379e-14   5815.84 1 
  5666.78 1.2572e-14   5817.62 1 
  5668.51 1.2934e-14   5819.40 1 
  5670.24 1.2754e-14   5821.17 1 
  5671.97 1.2921e-14   5822.95 1 
  5673.70 1.2857e-14   5824.72 1 
  5675.43 1.2916e-14   5826.50 1 
  5677.16 1.2746e-14   5828.27 1 
  5678.89 1.2402e-14   5830.05 1 
  5680.62 1.2311e-14   5831.82 1 
  5682.35 1.2250e-14   5833.60 1 
  5684.08 1.2266e-14   5835.38 1 
  5685.81 1.2385e-14   5837.15 1 
  5687.54 1.2417e-14   5838.93 1 
  5689.27 1.2638e-14   5840.70 1 
  5691.00 1.2943e-14   5842.48 1 
  5692.72 1.2550e-14   5844.25 1 
  5694.45 1.2711e-14   5846.03 1 
  5696.18 1.2684e-14   5847.80 1 
  5697.91 1.2395e-14   5849.58 1 
  5699.64 1.2368e-14   5851.36 1 
  5701.37 1.2378e-14   5853.13 1 
  5703.10 1.2187e-14   5854.91 1 
  5704.83 1.2368e-14   5856.68 1 
  5706.56 1.2476e-14   5858.46 1 
  5708.29 1.2167e-14   5860.23 1 
  5710.02 1.2263e-14   5862.01 1 
  5711.75 1.2702e-14   5863.78 1 
  5713.48 1.2749e-14   5865.56 1 
  5715.21 1.3235e-14   5867.34 1 
  5716.94 1.3330e-14   5869.11 1 
  5718.67 1.3077e-14   5870.89 1 
  5720.40 1.3268e-14   5872.66 1 
  5722.13 1.2958e-14   5874.44 1 
  5723.86 1.2736e-14   5876.21 1 
  5725.59 1.3047e-14   5877.99 1 
  5727.31 1.2751e-14   5879.76 1 
  5729.04 1.2667e-14   5881.54 1 
  5730.77 1.2736e-14   5883.32 1 
  5732.50 1.2641e-14   5885.09 1 
  5734.23 1.2812e-14   5886.87 1 
  5735.96 1.3129e-14   5888.64 1 
  5737.69 1.2761e-14   5890.42 1 
  5739.42 1.2437e-14   5892.19 1 
  5741.15 1.2573e-14   5893.97 1 
  5742.88 1.2456e-14   5895.74 1 
  5744.61 1.2387e-14   5897.52 1 
  5746.34 1.2487e-14   5899.30 1 
  5748.07 1.2464e-14   5901.07 1 
  5749.80 1.2608e-14   5902.85 1 
  5751.53 1.2619e-14   5904.62 1 
  5753.26 1.2743e-14   5906.40 1 
  5754.99 1.2591e-14   5908.17 1 
  5756.72 1.2656e-14   5909.95 1 
  5758.45 1.2564e-14   5911.72 1 
  5760.18 1.2356e-14   5913.50 1 
  5761.91 1.2430e-14   5915.28 1 
  5763.63 1.2259e-14   5917.05 1 
  5765.36 1.2520e-14   5918.83 1 
  5767.09 1.2628e-14   5920.60 1 
  5768.82 1.2862e-14   5922.38 1 
  5770.55 1.2525e-14   5924.15 1 
  5772.28 1.2298e-14   5925.93 1 
  5774.01 1.2398e-14   5927.71 1 
  5775.74 1.2332e-14   5929.48 1 
  5777.47 1.1979e-14   5931.26 1 
  5779.20 1.1981e-14   5933.03 1 
  5780.93 1.2182e-14   5934.81 1 
  5782.66 1.2216e-14   5936.58 1 
  5784.39 1.2113e-14   5938.36 1 
  5786.12 1.2032e-14   5940.13 1 
  5787.85 1.2247e-14   5941.91 1 
  5789.58 1.2603e-14   5943.68 1 
  5791.31 1.2649e-14   5945.46 1 
  5793.04 1.2652e-14   5947.24 1 
  5794.77 1.2703e-14   5949.01 1 
  5796.50 1.2858e-14   5950.79 1 
  5798.23 1.2974e-14   5952.56 1 
  5799.96 1.2768e-14   5954.34 1 
  5801.68 1.2839e-14   5956.11 1 
  5803.41 1.3023e-14   5957.89 1 
  5805.14 1.3042e-14   5959.67 1 
  5806.87 1.2739e-14   5961.44 1 
  5808.60 1.2607e-14   5963.22 1 
  5810.33 1.2602e-14   5964.99 1 
  5812.06 1.2573e-14   5966.77 1 
  5813.79 1.2706e-14   5968.54 1 
  5815.52 1.2635e-14   5970.32 1 
  5817.25 1.2571e-14   5972.09 1 
  5818.98 1.2779e-14   5973.87 1 
  5820.71 1.2893e-14   5975.65 1 
  5822.44 1.3018e-14   5977.42 1 
  5824.17 1.3166e-14   5979.20 1 
  5825.90 1.2950e-14   5980.97 1 
  5827.63 1.2864e-14   5982.75 1 
  5829.36 1.2992e-14   5984.52 1 
  5831.09 1.3071e-14   5986.30 1 
  5832.82 1.3046e-14   5988.07 1 
  5834.55 1.3103e-14   5989.85 1 
  5836.28 1.2937e-14   5991.62 1 
  5838.00 1.2845e-14   5993.40 1 
  5839.73 1.2849e-14   5995.18 1 
  5841.46 1.2875e-14   5996.95 1 
  5843.19 1.2638e-14   5998.73 1 
  5844.92 1.2550e-14   6000.50 1 
  5846.65 1.2417e-14   6002.28 1 
  5848.38 1.2425e-14   6004.05 1 
  5850.11 1.2395e-14   6005.83 1 
  5851.84 1.2380e-14   6007.60 1 
  5853.57 1.2298e-14   6009.38 1 
  5855.30 1.2257e-14   6011.16 1 
  5857.03 1.2036e-14   6012.93 1 
  5858.76 1.1953e-14   6014.71 1 
  5860.49 1.1979e-14   6016.48 1 
  5862.22 1.1825e-14   6018.26 1 
  5863.95 1.1874e-14   6020.03 1 
  5865.68 1.2156e-14   6021.81 1 
  5867.41 1.2058e-14   6023.58 1 
  5869.14 1.2046e-14   6025.36 1 
  5870.87 1.1952e-14   6027.14 1 
  5872.60 1.1859e-14   6028.91 1 
  5874.32 1.1856e-14   6030.69 1 
  5876.05 1.2202e-14   6032.46 1 
  5877.78 1.1383e-14   6034.24 1 
  5879.51 1.0906e-14   6036.01 1 
  5881.24 1.0702e-14   6037.79 1 
  5882.97 1.0259e-14   6039.56 1 
  5884.70 9.5491e-15   6041.34 1 
  5886.43 9.0102e-15   6043.12 1 
  5888.16 8.8032e-15   6044.89 1 
  5889.89 8.9244e-15   6046.67 1 
  5891.62 9.1415e-15   6048.44 1 
  5893.35 9.3863e-15   6050.22 1 
  5895.08 1.0034e-14   6051.99 1 
  5896.81 1.0166e-14   6053.77 1 
  5898.54 1.0523e-14   6055.55 1 
  5900.27 1.0970e-14   6057.32 1 
  5902.00 1.1240e-14   6059.10 1 
  5903.73 1.1650e-14   6060.87 1 
  5905.46 1.1451e-14   6062.65 1 
  5907.19 1.1756e-14   6064.42 1 
  5908.92 1.2041e-14   6066.20 1 
  5910.64 1.1922e-14   6067.97 1 
  5912.37 1.1738e-14   6069.75 1 
  5914.10 1.1950e-14   6071.52 1 
  5915.83 1.1967e-14   6073.30 1 
  5917.56 1.1916e-14   6075.08 1 
  5919.29 1.2296e-14   6076.85 1 
  5921.02 1.1992e-14   6078.63 1 
  5922.75 1.2102e-14   6080.40 1 
  5924.48 1.1985e-14   6082.18 1 
  5926.21 1.2151e-14   6083.95 1 
  5927.94 1.1782e-14   6085.73 1 
  5929.67 1.1968e-14   6087.51 1 
  5931.40 1.2128e-14   6089.28 1 
  5933.13 1.2024e-14   6091.06 1 
  5934.86 1.2309e-14   6092.83 1 
  5936.59 1.2089e-14   6094.61 1 
  5938.32 1.2289e-14   6096.38 1 
  5940.05 1.2233e-14   6098.16 1 
  5941.78 1.2026e-14   6099.93 1 
  5943.51 1.2129e-14   6101.71 1 
  5945.24 1.2121e-14   6103.49 1 
  5946.96 1.2215e-14   6105.26 1 
  5948.69 1.2048e-14   6107.04 1 
  5950.42 1.2368e-14   6108.81 1 
  5952.15 1.2395e-14   6110.59 1 
  5953.88 1.2187e-14   6112.36 1 
  5955.61 1.2080e-14   6114.14 1 
  5957.34 1.2189e-14   6115.91 1 
  5959.07 1.2120e-14   6117.69 1 
  5960.80 1.2396e-14   6119.47 1 
  5962.53 1.2559e-14   6121.24 1 
  5964.26 1.2745e-14   6123.02 1 
  5965.99 1.2545e-14   6124.79 1 
  5967.72 1.2414e-14   6126.57 1 
  5969.45 1.2439e-14   6128.34 1 
  5971.18 1.2302e-14   6130.12 1 
  5972.91 1.2160e-14   6131.89 1 
  5974.64 1.1968e-14   6133.67 1 
  5976.37 1.2014e-14   6135.45 1 
  5978.10 1.2081e-14   6137.22 1 
  5979.83 1.2191e-14   6139.00 1 
  5981.55 1.2125e-14   6140.77 1 
  5983.28 1.2015e-14   6142.55 1 
  5985.01 1.2041e-14   6144.32 1 
  5986.74 1.2002e-14   6146.10 1 
  5988.47 1.2379e-14   6147.87 1 
  5990.20 1.2411e-14   6149.65 1 
  5991.93 1.2186e-14   6151.43 1 
  5993.66 1.2212e-14   6153.20 1 
  5995.39 1.2279e-14   6154.98 1 
  5997.12 1.2082e-14   6156.75 1 
  5998.85 1.2150e-14   6158.53 1 
  6000.58 1.1971e-14   6160.30 1 
  6002.31 1.1844e-14   6162.08 1 
  6004.04 1.2040e-14   6163.85 1 
  6005.77 1.1897e-14   6165.63 1 
  6007.50 1.1789e-14   6167.41 1 
  6009.23 1.1928e-14   6169.18 1 
  6010.96 1.1923e-14   6170.96 1 
  6012.69 1.1927e-14   6172.73 1 
  6014.42 1.1792e-14   6174.51 1 
  6016.15 1.1712e-14   6176.28 1 
  6017.87 1.1823e-14   6178.06 1 
  6019.60 1.1871e-14   6179.83 1 
  6021.33 1.1963e-14   6181.61 1 
  6023.06 1.2291e-14   6183.39 1 
  6024.79 1.2407e-14   6185.16 1 
  6026.52 1.2337e-14   6186.94 1 
  6028.25 1.2269e-14   6188.71 1 
  6029.98 1.2338e-14   6190.49 1 
  6031.71 1.2560e-14   6192.26 1 
  6033.44 1.2555e-14   6194.04 1 
  6035.17 1.2331e-14   6195.81 1 
  6036.90 1.2359e-14   6197.59 1 
  6038.63 1.2676e-14   6199.37 1 
  6040.36 1.2737e-14   6201.14 1 
  6042.09 1.2474e-14   6202.92 1 
  6043.82 1.2436e-14   6204.69 1 
  6045.55 1.2452e-14   6206.47 1 
  6047.28 1.2387e-14   6208.24 1 
  6049.01 1.2409e-14   6210.02 1 
  6050.74 1.2428e-14   6211.79 1 
  6052.47 1.2267e-14   6213.57 1 
  6054.20 1.2172e-14   6215.35 1 
  6055.92 1.2122e-14   6217.12 1 
  6057.65 1.2199e-14   6218.90 1 
  6059.38 1.2305e-14   6220.67 1 
  6061.11 1.2111e-14   6222.45 1 
  6062.84 1.2332e-14   6224.22 1 
  6064.57 1.2394e-14   6226.00 1 
  6066.30 1.2237e-14   6227.77 1 
  6068.03 1.2455e-14   6229.55 1 
  6069.76 1.2507e-14   6231.33 1 
  6071.49 1.2344e-14   6233.10 1 
  6073.22 1.2305e-14   6234.88 1 
  6074.95 1.2230e-14   6236.65 1 
  6076.68 1.2026e-14   6238.43 1 
  6078.41 1.1902e-14   6240.20 1 
  6080.14 1.1770e-14   6241.98 1 
  6081.87 1.1810e-14   6243.75 1 
  6083.60 1.2083e-14   6245.53 1 
  6085.33 1.2100e-14   6247.31 1 
  6087.06 1.1918e-14   6249.08 1 
  6088.79 1.1992e-14   6250.86 1 
  6090.51 1.1874e-14   6252.63 1 
  6092.24 1.1959e-14   6254.41 1 
  6093.97 1.1896e-14   6256.18 1 
  6095.70 1.1584e-14   6257.96 1 
  6097.43 1.1547e-14   6259.73 1 
  6099.16 1.1652e-14   6261.51 1 
  6100.89 1.1995e-14   6263.29 1 
  6102.62 1.1972e-14   6265.06 1 
  6104.35 1.1867e-14   6266.84 1 
  6106.08 1.1734e-14   6268.61 1 
  6107.81 1.1658e-14   6270.39 1 
  6109.54 1.1368e-14   6272.16 1 
  6111.27 1.1304e-14   6273.94 1 
  6113.00 1.1334e-14   6275.71 1 
  6114.73 1.1110e-14   6277.49 1 
  6116.46 1.1277e-14   6279.27 1 
  6118.19 1.1280e-14   6281.04 1 
  6119.92 1.1339e-14   6282.82 1 
  6121.65 1.1471e-14   6284.59 1 
  6123.38 1.1364e-14   6286.37 1 
  6125.11 1.1299e-14   6288.14 1 
  6126.83 1.1178e-14   6289.92 1 
  6128.56 1.1479e-14   6291.69 1 
  6130.29 1.1424e-14   6293.47 1 
  6132.02 1.1268e-14   6295.25 1 
  6133.75 1.1362e-14   6297.02 1 
  6135.48 1.1501e-14   6298.80 1 
  6137.21 1.1628e-14   6300.57 1 
  6138.94 1.1769e-14   6302.35 1 
  6140.67 1.1860e-14   6304.12 1 
  6142.40 1.1459e-14   6305.90 1 
  6144.13 1.1648e-14   6307.67 1 
  6145.86 1.1520e-14   6309.45 1 
  6147.59 1.1603e-14   6311.23 1 
  6149.32 1.1400e-14   6313.00 1 
  6151.05 1.1201e-14   6314.78 1 
  6152.78 1.1049e-14   6316.55 1 
  6154.51 1.0765e-14   6318.33 1 
  6156.24 1.0824e-14   6320.10 1 
  6157.97 1.0582e-14   6321.88 1 
  6159.70 1.0543e-14   6323.65 1 
  6161.43 1.0642e-14   6325.43 1 
  6163.16 1.0743e-14   6327.21 1 
  6164.88 1.0920e-14   6328.98 1 
  6166.61 1.0921e-14   6330.76 1 
  6168.34 1.1075e-14   6332.53 1 
  6170.07 1.1021e-14   6334.31 1 
  6171.80 1.0840e-14   6336.08 1 
  6173.53 1.1080e-14   6337.86 1 
  6175.26 1.1278e-14   6339.63 1 
  6176.99 1.1044e-14   6341.41 1 
  6178.72 1.1131e-14   6343.19 1 
  6188.58 1.2239e-14   6353.31 0 
  6202.85 1.2156e-14   6367.95 0 
  6217.15 1.2131e-14   6382.64 0 
  6231.48 1.1667e-14   6397.35 0 
  6245.84 1.1325e-14   6412.09 0 
  6260.24 1.0968e-14   6426.88 0 
  6274.67 1.1755e-14   6441.69 0 
  6289.14 1.1331e-14   6456.54 0 
  6303.64 1.1334e-14   6471.43 0 
  6318.17 1.1815e-14   6486.34 0 
  6332.73 1.2121e-14   6501.30 0 
  6347.33 1.2123e-14   6516.28 0 
  6361.96 1.1877e-14   6531.31 0 
  6376.63 1.2212e-14   6546.36 0 
  6391.33 1.2242e-14   6561.45 0 
  6406.06 1.1747e-14   6576.58 0 
  6420.83 1.2134e-14   6591.74 0 
  6435.63 1.2137e-14   6606.93 0 
  6450.47 1.2682e-14   6622.17 0 
  6465.34 1.2539e-14   6637.43 0 
  6480.24 1.2341e-14   6652.73 0 
  6495.18 1.2343e-14   6668.07 0 
  6510.15 1.2176e-14   6683.44 0 
  6525.16 1.1984e-14   6698.85 0 
  6540.20 1.2153e-14   6714.29 0 
  6555.28 1.2155e-14   6729.77 0 
  6570.39 8.8277e-15   6745.28 0 
  6585.53 1.2216e-14   6760.83 0 
  6600.72 1.1561e-14   6776.42 0 
  6615.93 1.1671e-14   6792.04 0 
  6631.18 1.1863e-14   6807.69 0 
  6646.47 1.1975e-14   6823.39 0 
  6661.79 1.1977e-14   6839.12 0 
  6677.15 1.2062e-14   6854.88 0 
  6692.54 1.1927e-14   6870.68 0 
  6707.97 1.1874e-14   6886.52 0 
  6723.43 1.1135e-14   6902.40 0 
  6738.93 1.1770e-14   6918.31 0 
  6754.47 1.1531e-14   6934.26 0 
  6770.04 1.1829e-14   6950.24 0 
  6785.64 1.1996e-14   6966.26 0 
  6801.29 1.1538e-14   6982.33 0 
  6816.97 1.1728e-14   6998.42 0 
  6832.68 1.1948e-14   7014.55 0 
  6848.43 1.1178e-14   7030.72 0 
  6864.22 1.1258e-14   7046.93 0 
  6880.04 1.1443e-14   7063.18 0 
  6895.90 1.1446e-14   7079.46 0 
  6911.80 1.1554e-14   7095.78 0 
  6927.73 1.1450e-14   7112.14 0 
  6943.70 1.1855e-14   7128.53 0 
  6959.71 1.1695e-14   7144.96 0 
  6975.75 1.2220e-14   7161.43 0 
  6991.83 1.2167e-14   7177.94 0 
  7007.95 1.1729e-14   7194.49 0 
  7024.11 1.1570e-14   7211.08 0 
  7040.30 1.2090e-14   7227.70 0 
  7056.53 1.2576e-14   7244.36 0 
  7072.80 1.1392e-14   7261.06 0 
  7089.10 1.1822e-14   7277.80 0 
  7105.44 1.1371e-14   7294.57 0 
  7121.82 1.1295e-14   7311.39 0 
  7138.24 1.0665e-14   7328.25 0 
  7154.69 1.0742e-14   7345.14 0 
  7171.19 1.0769e-14   7362.07 0 
  7187.72 1.0647e-14   7379.04 0 
  7204.29 1.0898e-14   7396.05 0 
  7220.89 1.1283e-14   7413.10 0 
  7237.54 1.1522e-14   7430.19 0 
  7254.23 1.1604e-14   7447.32 0 
  7270.95 1.1395e-14   7464.49 0 
  7287.71 1.1476e-14   7481.70 0 
  7304.51 1.1992e-14   7498.94 0 
  7321.35 1.1939e-14   7516.23 0 
  7338.23 1.1969e-14   7533.56 0 
  7355.14 1.2251e-14   7550.92 0 
  7372.10 1.1919e-14   7568.33 0 
  7389.09 1.2284e-14   7585.78 0 
  7406.13 1.2259e-14   7603.26 0 
  7423.20 1.1818e-14   7620.79 0 
  7440.31 1.2349e-14   7638.36 0 
  7457.46 1.2523e-14   7655.97 0 
  7474.65 1.2642e-14   7673.61 0 
  7491.88 1.2529e-14   7691.30 0 
  7509.16 1.2677e-14   7709.04 0 
  7526.47 1.2886e-14   7726.81 0 
  7543.82 1.2888e-14   7744.62 0 
  7561.21 1.2627e-14   7762.47 0 
  7578.64 1.2285e-14   7780.37 0 
  7596.11 1.2147e-14   7798.30 0 
  7613.62 1.1956e-14   7816.28 0 
  7631.17 1.2014e-14   7834.30 0 
  7648.76 1.2100e-14   7852.36 0 
  7666.39 1.1478e-14   7870.46 0 
  7684.07 1.1775e-14   7888.60 0 
  7701.78 1.1510e-14   7906.79 0 
  7719.53 1.1433e-14   7925.01 0 
  7737.33 1.1541e-14   7943.28 0 
  7755.17 1.0823e-14   7961.59 0 
  7773.04 1.1546e-14   7979.95 0 
  7790.96 1.1470e-14   7998.34 0 
  7808.92 1.1419e-14   8016.78 0 
  7826.92 1.1905e-14   8035.26 0 
  7844.97 1.1372e-14   8053.78 0 
  7863.05 1.1747e-14   8072.35 0 
  7881.18 1.1589e-14   8090.96 0 
  7899.34 1.1780e-14   8109.61 0 
  7917.56 1.1330e-14   8128.31 0 
  7935.81 1.1385e-14   8147.04 0 
  7954.10 1.0875e-14   8165.82 0 
  7972.44 1.1469e-14   8184.65 0 
  7990.82 1.1766e-14   8203.52 0 
  8009.24 1.1474e-14   8222.43 0 
  8027.70 1.1963e-14   8241.38 0 
  8046.21 1.2160e-14   8260.38 0 
  8064.75 1.2135e-14   8279.42 0 
  8083.34 1.1672e-14   8298.51 0 
  8101.98 1.1175e-14   8317.64 0 
  8120.66 1.1894e-14   8336.81 0 
  8139.38 1.1734e-14   8356.03 0 
  8158.14 1.1602e-14   8375.29 0 
  8176.95 1.1605e-14   8394.60 0 
  8195.79 1.1188e-14   8413.95 0 
  8214.69 1.1854e-14   8433.35 0 
  8233.63 1.1454e-14   8452.79 0 
  8252.61 1.2052e-14   8472.27 0 
  8271.63 1.2222e-14   8491.80 0 
  8290.70 1.1621e-14   8511.38 0 
  8309.81 1.1651e-14   8531.00 0 
  8328.97 1.1258e-14   8550.67 0 
  8348.17 1.1339e-14   8570.38 0 
  8367.41 1.1713e-14   8590.14 0 
  8386.70 1.1344e-14   8609.94 0 
  8406.04 1.1399e-14   8629.79 0 
  8425.41 1.1668e-14   8649.68 0 
  8444.83 1.0595e-14   8669.62 0 
  8464.30 1.1097e-14   8689.60 0 
  8483.81 1.1384e-14   8709.64 0 
  8503.37 1.0900e-14   8729.71 0 
  8522.97 1.0508e-14   8749.84 0 
  8542.62 1.1006e-14   8770.01 0 
  8562.31 1.1187e-14   8790.23 0 
  8582.05 1.1164e-14   8810.49 0 
  8601.84 1.1141e-14   8830.80 0 
  8621.66 1.0791e-14   8851.16 0 
  8641.54 1.1250e-14   8871.56 0 
  8661.46 1.0997e-14   8892.01 0 
  8681.43 1.0774e-14   8912.51 0 
  8701.44 1.0851e-14   8933.05 0 
  8721.50 1.1005e-14   8953.65 0 
  8741.61 1.1447e-14   8974.29 0 
  8761.76 1.1061e-14   8994.98 0 
  8781.95 1.0937e-14   9015.71 0 
  8802.20 1.1118e-14   9036.50 0 
  8822.49 1.1485e-14   9057.33 0 
  8842.83 1.1435e-14   9078.20 0 
  8863.21 1.1517e-14   9099.13 0 
  8883.64 1.0628e-14   9120.11 0 
  8904.12 1.0828e-14   9141.13 0 
  8924.65 1.0957e-14   9162.20 0 
  8945.22 1.1112e-14   9183.33 0 
  8965.84 1.0713e-14   9204.50 0 
  8986.51 1.0666e-14   9225.71 0 
  9007.23 1.0943e-14   9246.98 0 
  9027.99 1.0333e-14   9268.30 0 
  9048.80 1.1544e-14   9289.66 0 
  9069.66 1.0976e-14   9311.08 0 
  9090.57 1.0533e-14   9332.54 0 
  9111.53 1.1033e-14   9354.06 0 
  9132.53 1.1397e-14   9375.62 0 
  9153.58 1.0713e-14   9397.23 0 
  9174.68 1.0815e-14   9418.90 0 
  9195.83 1.0818e-14   9440.61 0 
  9217.03 1.0598e-14   9462.37 0 
  9238.28 1.0504e-14   9484.18 0 
  9259.57 1.0628e-14   9506.05 0 
  9280.92 1.0980e-14   9527.96 0 
  9302.32 1.0512e-14   9549.93 0 
  9323.76 1.1087e-14   9571.94 0 
  9345.26 1.1064e-14   9594.01 0 
  9366.80 1.0890e-14   9616.12 0 
  9388.39 1.1045e-14   9638.29 0 
  9410.03 1.0871e-14   9660.51 0 
  9431.73 1.1127e-14   9682.78 0 
  9453.47 1.0978e-14   9705.10 0 
  9475.26 1.1185e-14   9727.47 0 
  9497.10 1.1188e-14   9749.90 0 
  9519.00 1.0986e-14   9772.37 0 
  9540.94 1.1066e-14   9794.90 0 
  9562.94 1.1018e-14   9817.48 0 
  9584.98 1.1148e-14   9840.11 0 
  9607.07 1.1024e-14   9862.79 0 
  9629.22 1.1078e-14   9885.53 0 
  9651.42 1.0878e-14   9908.32 0 
  9673.67 1.0906e-14   9931.16 0 
  9695.96 1.1036e-14   9954.05 0 
  9718.32 1.0837e-14   9977.00 0 
  9740.72 1.0741e-14  10000.00 0 
  9763.17 1.0769e-14  10023.05 0 
  9785.68 1.0599e-14  10046.15 0 
  9808.24 1.0874e-14  10069.31 0 
  9830.86 1.0777e-14  10092.53 0 
  9853.52 1.0830e-14  10115.80 0 
  9876.23 1.0759e-14  10139.12 0 
  9898.99 1.0737e-14  10162.49 0 
  9921.81 1.0666e-14  10185.91 0 
  9944.68 1.0694e-14  10209.39 0 
  9967.62 1.0696e-14  10232.94 0 
  9990.59 1.0675e-14  10256.52 0 
 10013.62 1.0678e-14  10280.17 0 
 10083.03 1.0565e-14  10351.42 0 
 10129.58 1.0644e-14  10399.21 0 
 10176.33 1.0528e-14  10447.20 0 
 10223.30 1.0534e-14  10495.42 0 
 10270.48 1.0564e-14  10543.86 0 
 10294.17 1.0495e-14  10568.18 0 
 10509.72 1.0178e-14  10789.47 0 
 10705.11 9.7644e-15  10990.06 0 
 10904.13 9.4547e-15  11194.37 0 
 11106.86 9.0291e-15  11402.50 0 
 11287.33 8.8033e-15  11587.78 0 
 11497.18 8.7026e-15  11803.21 0 
 11710.92 8.4459e-15  12022.64 0 
 11901.21 8.1404e-15  12217.99 0 
 12094.59 7.9551e-15  12416.52 0 
 12291.11 7.8099e-15  12618.27 0 
 12490.82 7.5971e-15  12823.30 0 
 12693.78 7.4071e-15  13031.66 0 
 12900.05 7.2218e-15  13243.42 0 
 13109.66 7.0737e-15  13458.61 0 
 13292.03 6.8651e-15  13645.84 0 
 13508.01 6.7398e-15  13867.56 0 
 13695.91 6.6168e-15  14060.47 0 
 13886.44 6.3774e-15  14256.07 0 
 14112.08 6.1185e-15  14487.71 0 
 14308.40 6.0207e-15  14689.26 0 
 14507.45 6.0485e-15  14893.61 0 
 14709.27 5.8431e-15  15100.80 0 
 14913.89 5.8972e-15  15310.87 0 
 15086.59 5.9244e-15  15488.17 0 
 15296.47 5.9930e-15  15703.63 0 
 15509.27 5.9381e-15  15922.09 0 
 15688.84 5.8566e-15  16106.45 0 
 15907.10 5.6839e-15  16330.51 0 
 16091.30 5.6970e-15  16519.62 0 
 16315.15 5.6448e-15  16749.43 0 
 16504.08 5.5545e-15  16943.38 0 
 16695.19 5.4783e-15  17139.58 0 
 16888.50 5.3783e-15  17338.03 0 
 17084.06 5.2317e-15  17538.80 0 
 17281.89 5.0309e-15  17741.90 0 
 17482.01 4.8601e-15  17947.34 0 
 17684.42 4.6628e-15  18155.15 0 
 17889.21 4.4838e-15  18365.38 0 
 18096.36 4.2820e-15  18578.05 0 
 18305.91 4.1653e-15  18793.18 0 
 18517.86 4.0239e-15  19010.77 0 
 18689.22 3.8517e-15  19186.69 0 
 18905.63 3.7381e-15  19408.86 0 
 19080.55 3.6614e-15  19588.44 0 
 19301.50 3.5290e-15  19815.27 0 
 19480.10 3.3935e-15  19998.62 0 
 19705.68 3.2783e-15  20230.20 0 
 19888.00 3.1743e-15  20417.38 0 
 20118.30 3.1164e-15  20653.80 0 
 20304.43 3.0036e-15  20844.90 0 
 20492.32 2.9556e-15  21037.78 0 
 20681.94 2.8751e-15  21232.45 0 
 20921.41 2.8032e-15  21478.29 0 
 21115.00 2.7520e-15  21677.04 0 
 21310.38 2.6832e-15  21877.62 0 
 21507.55 2.6221e-15  22080.04 0 
 21706.57 2.5389e-15  22284.35 0 
 21907.43 2.4868e-15  22490.56 0 
 22110.12 2.4135e-15  22698.65 0 
 22314.71 2.3423e-15  22908.68 0 
 22521.17 2.2890e-15  23120.64 0 
 22677.29 2.2215e-15  23280.92 0 
 22887.11 1.9936e-15  23496.32 0 
 23098.89 1.9708e-15  23713.74 0 
 23312.63 1.7205e-15  23933.17 0 
 23474.22 1.6242e-15  24099.05 0 
 23691.43 1.6430e-15  24322.05 0 
 23910.63 1.5089e-15  24547.08 0 
 24076.38 1.4610e-15  24717.25 0 
 24299.14 1.4376e-15  24945.94 0 
 24523.99 1.3417e-15  25176.77 0 
 24693.97 1.3172e-15  25351.28 0 
 24922.47 1.1108e-15  25585.86 0 
 25095.21 1.0906e-15  25763.20 0 
 25327.43 1.0981e-15  26001.59 0 
 25503.00 1.0880e-15  26181.84 0 
 25679.77 1.1032e-15  26363.31 0 
 25917.39 1.0830e-15  26607.26 0 
 26097.03 1.0806e-15  26791.68 0 
 26277.94 1.0535e-15  26977.41 0 
 26521.07 1.0391e-15  27227.01 0 
 26704.92 1.0201e-15  27415.75 0 
 26890.02 1.0015e-15  27605.78 0 
 27076.40 9.8321e-16  27797.12 0 
 27326.95 9.6305e-16  28054.33 0 
 27516.38 9.4765e-16  28248.81 0 
 27707.10 9.2608e-16  28444.61 0 
 27899.15 9.1127e-16  28641.77 0 
 28092.55 8.9258e-16  28840.32 0 
 28287.26 8.7629e-16  29040.21 0 
 28483.36 8.5832e-16  29241.53 0 
 28680.78 8.4071e-16  29444.21 0 
 28879.60 8.2347e-16  29648.32 0 
 29079.77 8.0844e-16  29853.82 0 
 29281.36 7.9004e-16  30060.77 0 
 29484.32 7.7383e-16  30269.13 0 
 29688.71 7.6146e-16  30478.96 0 
 29894.49 7.4413e-16  30690.22 0 
 30101.69 7.3223e-16  30902.94 0 
 30310.36 7.1721e-16  31117.17 0 
 30520.45 7.0737e-16  31332.84 0 
 30732.03 6.9766e-16  31550.05 0 
 30873.87 6.8493e-16  31695.67 0 
 31087.89 6.7398e-16  31915.39 0 
 31303.37 6.6473e-16  32136.60 0 
 31520.37 6.5260e-16  32359.38 0 
 31665.85 6.4069e-16  32508.74 0 
 31885.33 6.3190e-16  32734.06 0 
 32106.37 6.2036e-16  32960.98 0 
 32328.91 6.1045e-16  33189.44 0 
 32478.12 6.0068e-16  33342.62 0 
 32703.27 5.8972e-16  33573.76 0 
 32929.94 5.7896e-16  33806.47 0 
 33081.96 5.6970e-16  33962.54 0 
 33311.26 5.5930e-16  34197.94 0 
 33465.01 5.4909e-16  34355.78 0 
 33696.99 5.3907e-16  34593.94 0 
 33930.56 5.2802e-16  34833.72 0 
 34087.19 5.1719e-16  34994.53 0 
 34323.46 5.0892e-16  35237.08 0 
 34481.88 4.9963e-16  35399.71 0 
 34720.92 4.8938e-16  35645.12 0 
 34881.17 4.8045e-16  35809.64 0 
 35122.98 4.7168e-16  36057.88 0 
 35285.08 4.6094e-16  36224.30 0 
 35529.65 4.5253e-16  36475.38 0 
 35693.68 4.4427e-16  36643.77 0 
 35941.07 4.3516e-16  36897.75 0 
 36106.96 4.2820e-16  37068.05 0 
 36273.65 4.1942e-16  37239.18 0 
 36525.06 4.1082e-16  37497.29 0 
 36693.69 4.0239e-16  37670.40 0 
 36863.05 3.9414e-16  37844.27 0 
 37118.55 3.8605e-16  38106.57 0 
 37289.91 3.7988e-16  38282.49 0 
 37462.02 3.7123e-16  38459.18 0 
 37721.67 3.6530e-16  38725.75 0 
 37895.82 3.5781e-16  38904.53 0 
 38070.72 3.5127e-16  39084.09 0 
 38334.60 3.4566e-16  39354.99 0 
 38511.57 3.3857e-16  39536.67 0 
 38689.32 3.3162e-16  39719.15 0 
 38867.89 3.2557e-16  39902.48 0 
 39137.33 3.1963e-16  40179.09 0 
 39317.97 3.1380e-16  40364.54 0 
 39499.44 3.0736e-16  40550.84 0 
 39681.79 3.0175e-16  40738.04 0 
 39864.94 2.9488e-16  40926.07 0 
 40141.25 2.9017e-16  41209.73 0 
 40326.56 2.8553e-16  41399.98 0 
 40512.69 2.7967e-16  41591.06 0 
 40699.68 2.7457e-16  41783.02 0 
 40887.57 2.7018e-16  41975.91 0 
 41076.28 2.6586e-16  42169.65 0 
 41265.87 2.6100e-16  42364.28 0 
 41456.37 2.5624e-16  42559.86 0 
 41743.71 2.5214e-16  42854.85 0 
 41936.38 2.4754e-16  43052.64 0 
 42129.98 2.4302e-16  43251.40 0 
 42324.43 2.3969e-16  43451.02 0 
 42519.78 2.3531e-16  43651.57 0 
 42716.07 2.3208e-16  43853.09 0 
 42913.23 2.2215e-16  44055.49 0 
 43111.29 2.1215e-16  44258.83 0 
 43310.27 2.1166e-16  44463.10 0 
 43510.21 2.0307e-16  44668.37 0 
 43711.03 1.9845e-16  44874.54 0 
 43912.78 1.9438e-16  45081.65 0 
 44115.51 1.8821e-16  45289.77 0 
 44319.12 1.8478e-16  45498.80 0 
 44523.67 1.8140e-16  45708.80 0 
 44729.22 1.7687e-16  45919.82 0 
 44935.66 1.7525e-16  46131.76 0 
 45143.06 1.7205e-16  46344.68 0 
 45351.47 1.6891e-16  46558.63 0 
 45456.01 1.6697e-16  46665.95 0 
 45665.81 1.6468e-16  46881.34 0 
 45876.58 1.5983e-16  47097.72 0 
 46088.37 1.5946e-16  47315.15 0 
 46301.09 1.5691e-16  47533.53 0 
 46514.79 1.5476e-16  47752.92 0 
 46729.52 1.5404e-16  47973.37 0 
 46945.20 1.5089e-16  48194.79 0 
 47053.42 1.4882e-16  48305.88 0 
 47270.59 1.4813e-16  48528.84 0 
 47488.81 1.4476e-16  48752.87 0 
 47708.00 1.4343e-16  48977.89 0 
 47928.19 1.4179e-16  49203.95 0 
 48149.40 1.3856e-16  49431.04 0 
 48260.44 1.3888e-16  49545.04 0 
 48483.19 1.3572e-16  49773.71 0 
 48706.96 1.3355e-16  50003.44 0 
 48931.82 1.3142e-16  50234.29 0 
 49044.61 1.2931e-16  50350.08 0 
 49270.97 1.2842e-16  50582.46 0 
 49498.38 1.2608e-16  50815.93 0 
 49726.89 1.2550e-16  51050.52 0 
 49956.40 1.2293e-16  51286.14 0 
 50071.55 1.2152e-16  51404.36 0 
 50302.66 1.1985e-16  51641.62 0 
 50534.89 1.1766e-16  51880.02 0 
 50651.37 1.1632e-16  51999.61 0 
 50768.13 1.1552e-16  52119.47 0 
 50885.15 1.1552e-16  52239.61 0 
 51002.44 1.1419e-16  52360.03 0 
 51120.01 1.1315e-16  52480.72 0 
 51237.90 1.1263e-16  52601.75 0 
 51356.01 1.1185e-16  52723.00 0 
 51474.39 1.1083e-16  52844.53 0 
 51593.04 1.1006e-16  52966.34 0 
 51711.96 1.0931e-16  53088.43 0 
 51831.16 1.0855e-16  53210.80 0 
 51950.70 1.0756e-16  53333.52 0 
 52070.45 1.0682e-16  53456.46 0 
 52190.47 1.0584e-16  53579.68 0 
 52310.78 1.0487e-16  53703.18 0 
 52431.35 1.0415e-16  53826.97 0 
 52552.21 1.0391e-16  53951.05 0 
 52673.35 1.0343e-16  54075.41 0 
 52794.82 1.0272e-16  54200.11 0 
 52916.52 1.0154e-16  54325.05 0 
 53038.49 1.0061e-16  54450.27 0 
 53160.75 9.9919e-17  54575.79 0 
 53283.29 9.9460e-17  54701.59 0 
 53406.11 9.8775e-17  54827.68 0 
 53529.22 9.8095e-17  54954.06 0 
 53652.67 9.7420e-17  55080.79 0 
 53776.34 9.6749e-17  55207.76 0 
 53900.30 9.6083e-17  55335.02 0 
 54024.54 9.5422e-17  55462.57 0 
 54149.07 9.4765e-17  55590.41 0 
 54273.89 9.3896e-17  55718.55 0 
 54399.05 9.3035e-17  55847.05 0 
 54524.45 9.2608e-17  55975.78 0 
 54650.13 9.0791e-17  56104.81 0 
 54776.10 9.0077e-17  56234.13 0 
 54902.37 8.9362e-17  56363.76 0 
 55028.92 8.8645e-17  56493.68 0 
 55155.77 8.7926e-17  56623.90 0 
 55282.96 8.7205e-17  56754.48 0 
 55410.39 8.6483e-17  56885.31 0 
 55538.12 8.5759e-17  57016.43 0 
 55666.14 8.5048e-17  57147.86 0 
 55794.45 8.4387e-17  57279.59 0 
 55923.06 8.3724e-17  57411.62 0 
 56052.03 8.3060e-17  57544.02 0 
 56181.24 8.2394e-17  57676.67 0 
 56310.74 8.1727e-17  57809.62 0 
 56440.54 8.1059e-17  57942.87 0 
 56570.64 8.0389e-17  58076.43 0 
 56701.04 7.9717e-17  58210.30 0 
 56831.74 7.9081e-17  58344.48 0 
 56962.80 7.8467e-17  58479.04 0 
 57094.10 7.7852e-17  58613.83 0 
 57225.71 7.7236e-17  58748.94 0 
 57357.62 7.6618e-17  58884.36 0 
 57489.83 7.5999e-17  59020.09 0 
 57622.35 7.5378e-17  59156.14 0 
 57755.17 7.4756e-17  59292.50 0 
 57888.37 7.4133e-17  59429.24 0 
 58021.80 7.3564e-17  59566.23 0 
 58155.55 7.2995e-17  59703.53 0 
 58289.60 7.2423e-17  59841.15 0 
 58423.96 7.1851e-17  59979.09 0 
 58558.63 7.1277e-17  60117.35 0 
 58693.68 7.0702e-17  60255.99 0 
 58828.97 7.0125e-17  60394.88 0 
 58964.58 6.9548e-17  60534.10 0 
 59100.50 6.8990e-17  60673.63 0 
 59236.73 6.8462e-17  60813.49 0 
 59373.27 6.7933e-17  60953.67 0 
 59510.13 6.7402e-17  61094.17 0 
 59647.37 6.6870e-17  61235.06 0 
 59784.86 6.6337e-17  61376.21 0 
 59922.67 6.5803e-17  61517.69 0 
 60060.80 6.5267e-17  61659.50 0 
 60199.24 6.4731e-17  61801.62 0 
 60338.01 6.4232e-17  61944.08 0 
 60477.15 6.3741e-17  62086.93 0 
 60616.56 6.3249e-17  62230.05 0 
 60756.29 6.2756e-17  62373.50 0 
 60896.33 6.2261e-17  62517.27 0 
 61036.70 6.1766e-17  62661.38 0 
 61177.40 6.1270e-17  62805.82 0 
 61318.41 6.0772e-17  62950.59 0 
 61459.82 6.0282e-17  63095.76 0 
 61601.49 5.9827e-17  63241.20 0 
 61743.49 5.9371e-17  63386.98 0 
 61885.81 5.8913e-17  63533.09 0 
 62028.47 5.8455e-17  63679.54 0 
 62171.44 5.7995e-17  63826.32 0 
 62314.82 5.7535e-17  63973.52 0 
 62458.46 5.7073e-17  64120.98 0 
 62602.43 5.6610e-17  64268.79 0 
 62746.74 5.6172e-17  64416.93 0 
 62891.37 5.5748e-17  64565.41 0 
 63036.34 5.5324e-17  64714.24 0 
 63181.65 5.4899e-17  64863.41 0 
 63327.35 5.4472e-17  65013.00 0 
 63473.33 5.4045e-17  65162.86 0 
 63619.64 5.3616e-17  65313.06 0 
 63766.28 5.3187e-17  65463.61 0 
 63913.27 5.2757e-17  65614.52 0 
 64060.59 5.2364e-17  65765.76 0 
 64208.26 5.1970e-17  65917.35 0 
 64356.33 5.1575e-17  66069.37 0 
 64504.68 5.1179e-17  66221.66 0 
 64653.37 5.0783e-17  66374.31 0 
 64802.40 5.0385e-17  66527.31 0 
 64951.77 4.9987e-17  66680.66 0 
 65101.49 4.9587e-17  66834.36 0 
 65251.62 4.9201e-17  66988.49 0 
 65402.03 4.8835e-17  67142.91 0 
 65552.80 4.8469e-17  67297.68 0 
 65703.90 4.8101e-17  67452.80 0 
 65855.35 4.7733e-17  67608.29 0 
 66007.15 4.7364e-17  67764.12 0 
 66159.30 4.6994e-17  67920.33 0 
 66311.87 4.6622e-17  68076.96 0 
 66464.73 4.6251e-17  68233.89 0 
 66617.94 4.5905e-17  68391.17 0 
 66771.50 4.5564e-17  68548.82 0 
 66925.41 4.5223e-17  68706.83 0 
 67079.68 4.4881e-17  68865.20 0 
 67234.37 4.4537e-17  69024.02 0 
 67389.36 4.4194e-17  69183.12 0 
 67544.69 4.3849e-17  69342.59 0 
 67700.38 4.3504e-17  69502.43 0 
 67856.44 4.3164e-17  69662.64 0 
 68012.85 4.2847e-17  69823.22 0 
 68169.62 4.2530e-17  69984.16 0 
 68326.84 4.2212e-17  70145.56 0 
 68484.33 4.1893e-17  70307.25 0 
 68642.19 4.1574e-17  70469.31 0 
 68800.42 4.1254e-17  70631.75 0 
 68959.01 4.0933e-17  70794.56 0 
 69117.97 4.0611e-17  70957.75 0 
 69277.37 4.0306e-17  71121.39 0 
 69437.05 4.0011e-17  71285.33 0 
 69597.11 3.9715e-17  71449.65 0 
 69757.54 3.9419e-17  71614.34 0 
 69918.34 3.9122e-17  71779.42 0 
 70079.50 3.8824e-17  71944.88 0 
 70241.04 3.8526e-17  72110.72 0 
 70403.03 3.8227e-17  72277.02 0 
 70565.31 3.7927e-17  72443.62 0 
 70727.97 3.7653e-17  72610.61 0 
 70891.00 3.7378e-17  72777.98 0 
 71054.41 3.7103e-17  72945.73 0 
 71218.20 3.6827e-17  73113.88 0 
 71382.36 3.6550e-17  73282.41 0 
 71546.98 3.6272e-17  73451.41 0 
 71711.90 3.5994e-17  73620.73 0 
 71877.20 3.5715e-17  73790.43 0 
 72042.89 3.5446e-17  73960.52 0 
 72208.95 3.5190e-17  74131.01 0 
 72375.39 3.4934e-17  74301.88 0 
 72542.30 3.4677e-17  74473.23 0 
 72709.52 3.4419e-17  74644.90 0 
 72877.12 3.4161e-17  74816.96 0 
 73045.11 3.3903e-17  74989.42 0 
 73213.48 3.3643e-17  75162.27 0 
 73382.24 3.3383e-17  75335.53 0 
 73551.40 3.3141e-17  75509.19 0 
 73721.01 3.2903e-17  75683.32 0 
 73890.95 3.2663e-17  75857.78 0 
 74061.27 3.2424e-17  76032.63 0 
 74231.99 3.2184e-17  76207.90 0 
 74403.10 3.1943e-17  76383.56 0 
 74574.61 3.1702e-17  76559.63 0 
 74746.58 3.1460e-17  76736.19 0 
 74918.88 3.1222e-17  76913.07 0 
 75091.57 3.0999e-17  77090.36 0 
 75264.67 3.0777e-17  77268.06 0 
 75438.16 3.0554e-17  77446.17 0 
 75612.05 3.0330e-17  77624.69 0 
 75786.34 3.0106e-17  77803.62 0 
 75961.11 2.9881e-17  77983.05 0 
 76136.21 2.9656e-17  78162.80 0 
 76311.71 2.9430e-17  78342.98 0 
 76487.62 2.9216e-17  78523.56 0 
 76663.92 2.9009e-17  78704.56 0 
 76840.64 2.8801e-17  78885.98 0 
 77017.76 2.8593e-17  79067.82 0 
 77195.38 2.8384e-17  79250.16 0 
 77373.32 2.8175e-17  79432.84 0 
 77551.67 2.7965e-17  79615.94 0 
 77730.43 2.7755e-17  79799.46 0 
 77909.61 2.7544e-17  79983.41 0 
 78089.20 2.7351e-17  80167.77 0 
 78269.28 2.7157e-17  80352.65 0 
 78449.69 2.6963e-17  80537.87 0 
 78630.53 2.6769e-17  80723.52 0 
 78811.77 2.6574e-17  80909.59 0 
 78993.45 2.6379e-17  81096.09 0 
 79175.53 2.6183e-17  81283.02 0 
 79358.03 2.5986e-17  81470.38 0 
 79541.05 2.5797e-17  81658.27 0 
 79724.40 2.5616e-17  81846.50 0 
 79908.17 2.5435e-17  82035.16 0 
 80092.36 2.5254e-17  82224.26 0 
 80276.98 2.5072e-17  82413.79 0 
 80462.02 2.4890e-17  82603.76 0 
 80647.58 2.4708e-17  82794.26 0 
 80833.48 2.4525e-17  82985.10 0 
 81019.81 2.4341e-17  83176.39 0 
 81206.56 2.4170e-17  83368.12 0 
 81393.75 2.4002e-17  83560.29 0 
 81581.37 2.3833e-17  83752.90 0 
 81769.42 2.3663e-17  83945.96 0 
 81958.00 2.3493e-17  84139.55 0 
 82146.91 2.3323e-17  84333.50 0 
 82336.26 2.3153e-17  84527.89 0 
 82526.06 2.2982e-17  84722.73 0 
 82716.29 2.2813e-17  84918.03 0 
 82906.96 2.2656e-17  85113.77 0 
 83098.15 2.2499e-17  85310.05 0 
 83289.70 2.2341e-17  85506.70 0 
 83481.69 2.2182e-17  85703.80 0 
 83674.11 2.2023e-17  85901.35 0 
 83867.00 2.1864e-17  86099.37 0 
 84060.31 2.1705e-17  86297.83 0 
 84254.08 2.1545e-17  86496.75 0 
 84448.38 2.1393e-17  86696.23 0 
 84643.04 2.1246e-17  86896.07 0 
 84838.15 2.1099e-17  87096.37 0 
 85033.71 2.0951e-17  87297.13 0 
 85229.71 2.0803e-17  87498.36 0 
 85426.17 2.0654e-17  87700.05 0 
 85623.09 2.0506e-17  87902.20 0 
 85820.55 2.0357e-17  88104.92 0 
 86018.37 2.0207e-17  88308.01 0 
 86216.66 2.0070e-17  88511.57 0 
 86415.39 1.9932e-17  88715.59 0 
 86614.58 1.9795e-17  88920.09 0 
 86814.23 1.9656e-17  89125.05 0 
 87014.44 1.9518e-17  89330.59 0 
 87215.02 1.9379e-17  89536.51 0 
 87416.05 1.9240e-17  89742.89 0 
 87617.55 1.9100e-17  89949.76 0 
 87819.52 1.8965e-17  90157.10 0 
 88021.95 1.8837e-17  90364.91 0 
 88224.84 1.8708e-17  90573.21 0 
 88428.31 1.8579e-17  90782.09 0 
 88632.14 1.8450e-17  90991.35 0 
 88836.45 1.8320e-17  91201.09 0 
 89041.22 1.8190e-17  91411.32 0 
 89246.46 1.8060e-17  91622.02 0 
 89452.18 1.7929e-17  91833.22 0 
 89658.48 1.7807e-17  92045.01 0 
 89865.14 1.7687e-17  92257.17 0 
 90072.29 1.7566e-17  92469.84 0 
 90279.91 1.7446e-17  92682.98 0 
 90488.02 1.7325e-17  92896.62 0 
 90696.60 1.7203e-17  93110.76 0 
 90905.66 1.7082e-17  93325.38 0 
 91115.30 1.6960e-17  93540.61 0 
 91325.33 1.6839e-17  93756.23 0 
 91535.84 1.6727e-17  93972.34 0 
 91746.84 1.6614e-17  94188.95 0 
 91958.32 1.6502e-17  94406.07 0 
 92170.29 1.6388e-17  94623.68 0 
 92382.85 1.6275e-17  94841.90 0 
 92595.80 1.6161e-17  95060.52 0 
 92809.24 1.6047e-17  95279.63 0 
 93023.17 1.5933e-17  95499.27 0 
 93237.60 1.5825e-17  95719.40 0 
 93452.52 1.5719e-17  95940.04 0 
 93667.93 1.5614e-17  96161.19 0 
 93883.94 1.5508e-17  96382.95 0 
 94100.35 1.5402e-17  96605.12 0 
 94317.26 1.5296e-17  96827.80 0 
 94534.67 1.5189e-17  97050.99 0 
 94752.58 1.5083e-17  97274.70 0 
 94970.99 1.4976e-17  97498.93 0 
 95189.91 1.4877e-17  97723.67 0 
 95409.43 1.4779e-17  97949.04 0 
 95629.36 1.4680e-17  98174.82 0 
 95849.79 1.4581e-17  98401.12 0 
 96070.73 1.4481e-17  98627.94 0 
 96292.18 1.4382e-17  98855.28 0 
 96514.14 1.4282e-17  99083.15 0 
 96736.72 1.4182e-17  99311.66 0 
 96959.70 1.4085e-17  99540.58 0 
 97183.20 1.3993e-17  99770.02 0 
 97407.21 1.3900e-17 100000.00 0 
 97631.75 1.3808e-17 100230.51 0 
 97856.79 1.3715e-17 100461.55 0 
 98082.36 1.3621e-17 100693.12 0 
 98308.56 1.3528e-17 100925.34 0 
 98535.16 1.3435e-17 101157.97 0 
 98762.29 1.3341e-17 101391.15 0 
 98989.95 1.3253e-17 101624.86 0 
 99218.13 1.3166e-17 101859.12 0 
 99446.83 1.3080e-17 102093.91 0 
 99676.17 1.2993e-17 102329.35 0 
 99905.93 1.2906e-17 102565.23 0 
100136.22 1.2818e-17 102801.65 0 
100367.05 1.2731e-17 103038.62 0 
100598.40 1.2643e-17 103276.12 0 
100830.29 1.2557e-17 103514.19 0 
101062.70 1.2476e-17 103752.79 0 
101295.77 1.2394e-17 103992.06 0 
101529.27 1.2313e-17 104231.77 0 
101763.30 1.2231e-17 104472.03 0 
101997.87 1.2150e-17 104712.85 0 
102232.98 1.2068e-17 104954.22 0 
102468.64 1.1986e-17 105196.15 0 
102704.84 1.1903e-17 105438.63 0 
102941.69 1.1825e-17 105681.79 0 
103178.98 1.1749e-17 105925.40 0 
103416.81 1.1673e-17 106169.56 0 
103655.20 1.1596e-17 106414.29 0 
103894.13 1.1520e-17 106659.59 0 
104133.61 1.1443e-17 106905.44 0 
104373.76 1.1366e-17 107151.98 0 
104614.35 1.1289e-17 107398.98 0 
104855.50 1.1212e-17 107646.54 0 
105097.19 1.1140e-17 107894.67 0 
105339.45 1.1069e-17 108143.38 0 
105582.27 1.0998e-17 108392.66 0 
105825.64 1.0926e-17 108642.51 0 
106069.69 1.0854e-17 108893.05 0 
106314.19 1.0782e-17 109144.06 0 
106559.25 1.0710e-17 109395.65 0 
106804.88 1.0637e-17 109647.81 0 
107051.07 1.0567e-17 109900.55 0 
107297.83 1.0500e-17 110153.88 0 
107545.28 1.0433e-17 110407.92 0 
107793.18 1.0366e-17 110662.41 0 
108041.65 1.0299e-17 110917.50 0 
108290.69 1.0231e-17 111173.17 0 
108540.31 1.0164e-17 111429.44 0 
108790.50 1.0096e-17 111686.29 0 
109041.27 1.0028e-17 111943.73 0 
109292.74 9.9640e-18 112201.90 0 
109544.67 9.9012e-18 112460.53 0 
109797.18 9.8382e-18 112719.76 0 
110050.27 9.7750e-18 112979.59 0 
110303.94 9.7118e-18 113240.01 0 
110558.20 9.6484e-18 113501.04 0 
110813.16 9.5848e-18 113762.79 0 
111068.60 9.5211e-18 114025.02 0 
111324.62 9.4583e-18 114287.86 0 
111581.23 9.3993e-18 114551.30 0 
111838.43 9.3403e-18 114815.34 0 
112096.23 9.2811e-18 115080.01 0 
112354.62 9.2218e-18 115345.27 0 
112613.73 9.1623e-18 115611.28 0 
112873.31 9.1027e-18 115877.77 0 
113133.49 9.0429e-18 116144.88 0 
113394.27 8.9831e-18 116412.60 0 
113655.65 8.9259e-18 116680.94 0 
113917.64 8.8705e-18 116949.90 0 
114180.23 8.8150e-18 117219.48 0 
114443.55 8.7593e-18 117489.80 0 
114707.34 8.7036e-18 117760.62 0 
114971.75 8.6477e-18 118032.07 0 
115236.77 8.5916e-18 118304.14 0 
115502.40 8.5355e-18 118576.84 0 
115768.64 8.4792e-18 118850.17 0 
116035.62 8.4272e-18 119124.26 0 
116303.10 8.3751e-18 119398.85 0 
116571.18 8.3229e-18 119674.07 0 
116839.89 8.2705e-18 119949.93 0 
117109.21 8.2181e-18 120226.42 0 
117379.16 8.1655e-18 120503.55 0 
117649.72 8.1128e-18 120781.32 0 
117921.04 8.0599e-18 121059.87 0 
118192.86 8.0087e-18 121338.91 0 
118465.30 7.9598e-18 121618.61 0 
118738.38 7.9108e-18 121898.95 0 
119012.07 7.8616e-18 122179.94 0 
119286.40 7.8124e-18 122461.57 0 
119561.50 7.7630e-18 122743.98 0 
119837.10 7.7135e-18 123026.92 0 
120113.33 7.6639e-18 123310.51 0 
120390.20 7.6142e-18 123594.74 0 
120667.71 7.5676e-18 123879.64 0 
120945.86 7.5215e-18 124165.20 0 
121224.64 7.4754e-18 124451.40 0 
121504.21 7.4291e-18 124738.41 0 
121784.28 7.3828e-18 125025.94 0 
122065.01 7.3363e-18 125314.13 0 
122346.38 7.2898e-18 125602.99 0 
122628.39 7.2431e-18 125892.52 0 
122911.06 7.1971e-18 126182.70 0 
123194.51 7.1538e-18 126473.70 0 
123478.48 7.1105e-18 126765.23 0 
123763.11 7.0671e-18 127057.44 0 
124048.39 7.0235e-18 127350.31 0 
124334.34 6.9799e-18 127643.87 0 
124620.93 6.9362e-18 127938.09 0 
124908.19 6.8923e-18 128233.00 0 
125196.25 6.8484e-18 128528.73 0 
125484.84 6.8064e-18 128824.99 0 
125774.09 6.7657e-18 129121.95 0 
126064.01 6.7249e-18 129419.58 0 
126354.59 6.6840e-18 129717.90 0 
126645.85 6.6429e-18 130016.91 0 
126937.78 6.6019e-18 130316.61 0 
127230.52 6.5606e-18 130617.14 0 
127523.80 6.5194e-18 130918.23 0 
127817.75 6.4780e-18 131220.00 0 
128112.37 6.4397e-18 131522.47 0 
128407.68 6.4013e-18 131825.64 0 
128703.67 6.3629e-18 132129.50 0 
129000.48 6.3243e-18 132434.22 0 
129297.83 6.2857e-18 132739.48 0 
129595.89 6.2470e-18 133045.47 0 
129894.61 6.2082e-18 133352.14 0 
130194.03 6.1693e-18 133659.53 0 
130494.13 6.1315e-18 133967.62 0 
130794.92 6.0954e-18 134276.42 0 
131096.57 6.0593e-18 134586.09 0 
131398.76 6.0230e-18 134896.33 0 
131701.63 5.9867e-18 135207.27 0 
132005.22 5.9503e-18 135518.94 0 
132309.50 5.9138e-18 135831.31 0 
132614.47 5.8772e-18 136144.41 0 
132920.32 5.8405e-18 136458.39 0 
133226.71 5.8060e-18 136772.94 0 
133533.80 5.7720e-18 137088.20 0 
133841.61 5.7379e-18 137404.20 0 
134150.11 5.7038e-18 137720.92 0 
134459.35 5.6695e-18 138038.39 0 
134769.29 5.6352e-18 138356.58 0 
135080.08 5.6008e-18 138675.64 0 
135391.45 5.5663e-18 138995.30 0 
135703.55 5.5323e-18 139315.70 0 
136016.35 5.5003e-18 139636.83 0 
136329.87 5.4682e-18 139958.70 0 
136644.12 5.4360e-18 140281.31 0 
136959.09 5.4038e-18 140604.67 0 
137274.95 5.3715e-18 140928.94 0 
137591.37 5.3391e-18 141253.78 0 
137908.54 5.3067e-18 141579.39 0 
138226.42 5.2742e-18 141905.73 0 
138545.05 5.2431e-18 142232.84 0 
138864.41 5.2129e-18 142560.70 0 
139184.65 5.1826e-18 142889.47 0 
139505.47 5.1522e-18 143218.83 0 
139827.05 5.1218e-18 143548.97 0 
140149.36 5.0914e-18 143879.86 0 
140472.42 5.0608e-18 144211.52 0 
140796.21 5.0302e-18 144543.92 0 
141120.76 4.9995e-18 144877.11 0 
141446.20 4.9711e-18 145211.22 0 
141772.24 4.9426e-18 145545.94 0 
142099.05 4.9140e-18 145881.44 0 
142426.59 4.8854e-18 146217.70 0 
142754.90 4.8567e-18 146554.75 0 
143083.95 4.8280e-18 146892.56 0 
143413.94 4.7991e-18 147231.33 0 
143744.51 4.7702e-18 147570.70 0 
144075.85 4.7421e-18 147910.86 0 
144407.96 4.7153e-18 148251.81 0 
144740.84 4.6884e-18 148593.55 0 
145074.47 4.6614e-18 148936.06 0 
145408.88 4.6344e-18 149279.38 0 
145744.21 4.6073e-18 149623.62 0 
146080.17 4.5801e-18 149968.53 0 
146416.89 4.5529e-18 150314.22 0 
146754.39 4.5257e-18 150660.70 0 
147092.67 4.5000e-18 151007.98 0 
147431.72 4.4746e-18 151356.06 0 
147771.74 4.4492e-18 151705.12 0 
148112.36 4.4237e-18 152054.81 0 
148453.77 4.3982e-18 152405.31 0 
148795.96 4.3726e-18 152756.61 0 
149138.94 4.3470e-18 153108.72 0 
149482.73 4.3213e-18 153461.66 0 
149827.29 4.2959e-18 153815.39 0 
150172.81 4.2720e-18 154170.11 0 
150518.97 4.2480e-18 154525.48 0 
150865.94 4.2240e-18 154881.69 0 
151213.70 4.2000e-18 155238.70 0 
151562.25 4.1759e-18 155596.53 0 
151911.60 4.1517e-18 155955.19 0 
152261.78 4.1275e-18 156314.69 0 
152612.92 4.1032e-18 156675.17 0 
152964.70 4.0799e-18 157036.31 0 
153317.30 4.0573e-18 157398.30 0 
153670.70 4.0347e-18 157761.11 0 
154024.93 4.0120e-18 158124.77 0 
154379.96 3.9893e-18 158489.25 0 
154735.99 3.9665e-18 158854.75 0 
155092.67 3.9436e-18 159220.92 0 
155450.17 3.9208e-18 159587.94 0 
155808.49 3.8978e-18 159955.80 0 
156167.65 3.8765e-18 160324.52 0 
156527.61 3.8552e-18 160694.06 0 
156888.43 3.8338e-18 161064.48 0 
157250.24 3.8123e-18 161435.92 0 
157612.71 3.7908e-18 161808.05 0 
157976.03 3.7693e-18 162181.03 0 
158340.16 3.7477e-18 162554.86 0 
158705.15 3.7260e-18 162929.56 0 
159070.97 3.7050e-18 163305.12 0 
159437.82 3.6848e-18 163681.73 0 
159805.33 3.6646e-18 164059.03 0 
160173.70 3.6444e-18 164437.20 0 
160542.90 3.6241e-18 164816.23 0 
160912.97 3.6038e-18 165196.16 0 
161283.88 3.5834e-18 165576.94 0 
161655.66 3.5630e-18 165958.61 0 
162028.47 3.5425e-18 166341.34 0 
162401.95 3.5232e-18 166724.77 0 
162776.30 3.5042e-18 167109.08 0 
163151.51 3.4851e-18 167494.28 0 
163527.58 3.4659e-18 167880.36 0 
163904.53 3.4467e-18 168267.34 0 
164282.52 3.4275e-18 168655.39 0 
164661.20 3.4082e-18 169044.16 0 
165040.76 3.3889e-18 169433.81 0 
165421.19 3.3698e-18 169824.38 0 
165802.50 3.3518e-18 170215.83 0 
166184.68 3.3338e-18 170608.19 0 
166567.75 3.3157e-18 171001.45 0 
166951.89 3.2976e-18 171395.81 0 
167336.72 3.2794e-18 171790.89 0 
167722.44 3.2612e-18 172186.88 0 
168109.05 3.2430e-18 172583.78 0 
168496.57 3.2247e-18 172981.61 0 
168884.96 3.2072e-18 173380.34 0 
169274.24 3.1902e-18 173779.98 0 
169664.62 3.1731e-18 174180.75 0 
170055.71 3.1560e-18 174582.25 0 
170447.71 3.1388e-18 174984.69 0 
170840.60 3.1216e-18 175388.03 0 
171234.40 3.1044e-18 175792.31 0 
171629.11 3.0871e-18 176197.53 0 
172024.92 3.0698e-18 176603.88 0 
172421.44 3.0537e-18 177010.95 0 
172818.89 3.0376e-18 177418.98 0 
173217.24 3.0214e-18 177827.94 0 
173616.52 3.0052e-18 178237.84 0 
174016.73 2.9890e-18 178648.70 0 
174417.85 2.9727e-18 179060.50 0 
174820.08 2.9564e-18 179473.44 0 
175223.05 2.9401e-18 179887.14 0 
175626.96 2.9241e-18 180301.80 0 
176031.79 2.9089e-18 180717.41 0 
176437.55 2.8936e-18 181133.97 0 
176844.26 2.8783e-18 181551.50 0 
177252.09 2.8630e-18 181970.19 0 
177660.67 2.8476e-18 182389.64 0 
178070.19 2.8322e-18 182810.06 0 
178480.66 2.8167e-18 183231.45 0 
178892.06 2.8012e-18 183653.81 0 
179304.42 2.7866e-18 184077.14 0 
179717.73 2.7721e-18 184501.45 0 
180132.19 2.7577e-18 184926.95 0 
180547.41 2.7431e-18 185353.22 0 
180963.58 2.7286e-18 185780.47 0 
181380.71 2.7140e-18 186208.70 0 
181798.82 2.6994e-18 186637.94 0 
182217.87 2.6848e-18 187068.14 0 
182637.89 2.6703e-18 187499.34 0 
183059.08 2.6566e-18 187931.75 0 
183481.05 2.6429e-18 188364.95 0 
183903.98 2.6292e-18 188799.14 0 
184327.90 2.6155e-18 189234.34 0 
184752.78 2.6017e-18 189670.53 0 
185178.66 2.5879e-18 190107.75 0 
185605.70 2.5740e-18 190546.16 0 
186033.55 2.5601e-18 190985.39 0 
186462.37 2.5468e-18 191425.62 0 
186892.18 2.5339e-18 191866.88 0 
187322.98 2.5209e-18 192309.14 0 
187754.77 2.5079e-18 192752.42 0 
188187.56 2.4948e-18 193196.73 0 
188621.55 2.4818e-18 193642.28 0 
189056.34 2.4687e-18 194088.64 0 
189492.13 2.4555e-18 194536.03 0 
189928.91 2.4424e-18 194984.44 0 
190366.71 2.4301e-18 195433.89 0 
190805.53 2.4178e-18 195884.39 0 
191245.55 2.4055e-18 196336.12 0 
191686.39 2.3932e-18 196788.70 0 
192128.24 2.3808e-18 197242.31 0 
192571.11 2.3684e-18 197696.97 0 
193015.00 2.3560e-18 198152.67 0 
193459.91 2.3435e-18 198609.42 0 
193905.85 2.3314e-18 199067.23 0 
194353.02 2.3198e-18 199526.31 0 
194801.02 2.3081e-18 199986.23 0 
195250.05 2.2964e-18 200447.22 0 
195700.12 2.2847e-18 200909.27 0 
196151.22 2.2730e-18 201372.38 0 
196603.37 2.2612e-18 201836.56 0 
197056.77 2.2494e-18 202302.03 0 
197511.00 2.2376e-18 202768.34 0 
197966.27 2.2264e-18 203235.73 0 
198422.61 2.2154e-18 203704.22 0 
198879.98 2.2043e-18 204173.77 0 
199338.42 2.1932e-18 204644.41 0 
199797.90 2.1821e-18 205116.12 0 
200258.67 2.1710e-18 205589.16 0 
200720.27 2.1598e-18 206063.05 0 
201182.96 2.1486e-18 206538.05 0 
201646.69 2.1376e-18 207014.12 0 
202111.51 2.1271e-18 207491.31 0 
202577.39 2.1166e-18 207969.59 0 
203044.35 2.1061e-18 208448.98 0 
203512.60 2.0956e-18 208929.70 0 
203981.71 2.0850e-18 209411.30 0 
204451.90 2.0745e-18 209894.00 0 
204923.18 2.0639e-18 210377.83 0 
205395.53 2.0532e-18 210862.75 0 
205868.99 2.0430e-18 211348.81 0 
206343.76 2.0331e-18 211836.22 0 
206819.40 2.0231e-18 212324.52 0 
207296.13 2.0132e-18 212813.94 0 
207773.96 2.0032e-18 213304.48 0 
208252.90 1.9932e-18 213796.17 0 
208732.93 1.9831e-18 214288.98 0 
209214.08 1.9730e-18 214782.94 0 
209696.56 1.9629e-18 215278.27 0 
210179.93 1.9535e-18 215774.50 0 
210664.41 1.9441e-18 216271.88 0 
211150.00 1.9346e-18 216770.39 0 
211636.72 1.9252e-18 217270.06 0 
212124.56 1.9157e-18 217770.89 0 
212613.76 1.9061e-18 218273.11 0 
213103.84 1.8966e-18 218776.23 0 
213595.06 1.8870e-18 219280.53 0 
214087.41 1.8777e-18 219785.98 0 
214580.90 1.8688e-18 220292.61 0 
215075.53 1.8598e-18 220800.41 0 
215571.28 1.8508e-18 221309.36 0 
216068.43 1.8418e-18 221819.73 0 
216566.48 1.8328e-18 222331.05 0 
217065.69 1.8237e-18 222843.55 0 
217566.03 1.8147e-18 223357.20 0 
218067.54 1.8056e-18 223872.06 0 
218570.21 1.7970e-18 224388.11 0 
219074.26 1.7885e-18 224905.58 0 
219579.24 1.7800e-18 225424.00 0 
220085.39 1.7714e-18 225943.62 0 
220592.70 1.7629e-18 226464.44 0 
221101.18 1.7543e-18 226986.45 0 
221610.83 1.7457e-18 227509.67 0 
222121.67 1.7371e-18 228034.11 0 
222633.91 1.7285e-18 228559.98 0 
223147.10 1.7205e-18 229086.83 0 
223661.47 1.7124e-18 229614.89 0 
224177.03 1.7043e-18 230144.17 0 
224693.77 1.6961e-18 230674.67 0 
225211.71 1.6880e-18 231206.39 0 
225730.84 1.6798e-18 231739.34 0 
226251.42 1.6717e-18 232273.78 0 
226772.95 1.6635e-18 232809.19 0 
227295.67 1.6556e-18 233345.83 0 
227819.60 1.6479e-18 233883.70 0 
228344.73 1.6402e-18 234422.81 0 
228871.10 1.6325e-18 234963.19 0 
229398.91 1.6248e-18 235505.05 0 
229927.69 1.6170e-18 236047.91 0 
230457.69 1.6093e-18 236592.02 0 
230988.91 1.6015e-18 237137.38 0 
231521.35 1.5937e-18 237683.98 0 
232055.03 1.5864e-18 238231.88 0 
232589.94 1.5791e-18 238781.02 0 
233126.32 1.5718e-18 239331.67 0 
233663.70 1.5645e-18 239883.36 0 
234202.30 1.5571e-18 240436.30 0 
234742.16 1.5498e-18 240990.53 0 
235283.26 1.5424e-18 241546.03 0 
235825.61 1.5350e-18 242102.81 0 
236369.46 1.5277e-18 242661.14 0 
236914.30 1.5208e-18 243220.48 0 
237460.40 1.5139e-18 243781.12 0 
238007.77 1.5069e-18 244343.06 0 
238556.40 1.4999e-18 244906.30 0 
239106.28 1.4929e-18 245470.81 0 
239657.44 1.4859e-18 246036.64 0 
240210.13 1.4789e-18 246604.05 0 
240763.83 1.4718e-18 247172.48 0 
241318.81 1.4652e-18 247742.23 0 
241875.07 1.4586e-18 248313.30 0 
242432.60 1.4519e-18 248885.67 0 
242991.43 1.4453e-18 249459.38 0 
243551.55 1.4387e-18 250034.41 0 
244113.21 1.4320e-18 250611.02 0 
244675.92 1.4253e-18 251188.70 0 
245239.91 1.4186e-18 251767.70 0 
245805.20 1.4120e-18 252348.05 0 
246371.81 1.4057e-18 252929.73 0 
246939.71 1.3995e-18 253512.75 0 
247509.19 1.3931e-18 254097.39 0 
248079.72 1.3868e-18 254683.11 0 
248651.56 1.3805e-18 255270.17 0 
249224.71 1.3742e-18 255858.58 0 
249799.20 1.3678e-18 256448.36 0 
255617.90 1.3071e-18 262421.94 0 
261571.86 1.2503e-18 268534.38 0 
267664.80 1.1964e-18 274789.50 0 
273899.35 1.1455e-18 281190.00 0 
280279.43 1.0972e-18 287739.91 0 
286807.81 1.0515e-18 294442.06 0 
293488.58 1.0082e-18 301300.66 0 
300324.65 9.6746e-19 308318.69 0 
307320.25 9.2886e-19 315500.50 0 
314478.49 8.9224e-19 322849.28 0 
321803.82 8.5748e-19 330369.59 0 
329299.40 8.2448e-19 338064.69 0 
336969.94 7.9314e-19 345939.41 0 
