# An Atlas of Galaxy Spectral Energy Distributions from the Ultraviolet to the Mid-Infrared
# Brown et al. (2014)
# http://dx.doi.org/10.5072/03/529D3551F0117
# 
# Column 1 : Restframe Wavelength (Angstrom)
# Column 2 : Flux per unit wavelength (ergs/s/cm^2/Angstrom)
# Column 3 : Observed wavelength (Angstrom)
# Column 4 : Source (0 = model, 1 = Optical Spectrum, 2 = Akari, 3 = Spitzer IRS)
# 
   101.98 2.1592e-19    102.33 0 
   104.12 2.7058e-19    104.47 0 
   106.05 3.4538e-19    106.41 0 
   108.02 4.4906e-19    108.39 0 
   110.03 6.6881e-19    110.41 0 
   113.90 1.0076e-18    114.29 0 
   117.90 1.4266e-18    118.30 0 
   120.93 5.2396e-18    121.34 0 
   124.89 6.9390e-18    125.31 0 
   126.92 7.7678e-18    127.35 0 
   128.09 8.3426e-18    128.53 0 
   131.07 9.7118e-18    131.52 0 
   131.98 1.1542e-17    132.43 0 
   134.13 1.2656e-17    134.59 0 
   136.94 1.6569e-17    137.40 0 
   140.13 1.8937e-17    140.60 0 
   143.06 5.0851e-17    143.55 0 
   147.07 1.2482e-16    147.57 0 
   150.84 1.4168e-16    151.36 0 
   155.07 1.6192e-16    155.60 0 
   159.04 1.8505e-16    159.59 0 
   162.00 2.0291e-16    162.55 0 
   166.16 2.3190e-16    166.72 0 
   170.03 2.5900e-16    170.61 0 
   173.19 2.8203e-16    173.78 0 
   176.81 3.1354e-16    177.42 0 
   180.10 3.3830e-16    180.72 0 
   182.19 3.5588e-16    182.81 0 
   186.00 3.9201e-16    186.64 0 
   191.21 4.3985e-16    191.87 0 
   193.87 4.7348e-16    194.54 0 
   197.93 5.1440e-16    198.61 0 
   202.08 5.6144e-16    202.77 0 
   204.89 5.9745e-16    205.59 0 
   210.14 6.2994e-16    210.86 0 
   216.03 7.3502e-16    216.77 0 
   220.05 7.9305e-16    220.80 0 
   223.11 8.2471e-16    223.87 0 
   227.26 8.9187e-16    228.03 0 
   229.89 1.3782e-15    230.67 0 
   234.16 2.3895e-15    234.96 0 
   240.17 3.0782e-15    240.99 0 
   245.76 3.0220e-15    246.60 0 
   252.07 3.3136e-15    252.93 0 
   256.76 2.8596e-15    257.63 0 
   259.73 3.3597e-15    260.62 0 
   263.95 3.6000e-15    264.85 0 
   268.86 3.6754e-15    269.77 0 
   273.85 3.7523e-15    274.79 0 
   278.95 3.8133e-15    279.90 0 
   284.13 3.8931e-15    285.10 0 
   290.08 3.8045e-15    291.07 0 
   296.15 3.9473e-15    297.17 0 
   300.97 3.9382e-15    302.00 0 
   307.98 4.0766e-15    309.03 0 
   318.07 4.2786e-15    319.15 0 
   327.73 4.3782e-15    328.85 0 
   337.69 4.4289e-15    338.84 0 
   347.95 4.4596e-15    349.14 0 
   356.88 4.5113e-15    358.10 0 
   366.03 4.5951e-15    367.28 0 
   375.42 4.6057e-15    376.70 0 
   385.05 4.4699e-15    386.37 0 
   394.93 4.6377e-15    396.28 0 
   405.06 4.6914e-15    406.44 0 
   413.54 4.6698e-15    414.95 0 
   422.20 4.6164e-15    423.64 0 
   430.05 4.5846e-15    431.52 0 
   441.08 4.6057e-15    442.59 0 
   451.36 4.5426e-15    452.90 0 
   459.75 4.4906e-15    461.32 0 
   470.46 4.4494e-15    472.06 0 
   480.31 4.4391e-15    481.95 0 
   490.36 4.3381e-15    492.04 0 
   499.48 4.3581e-15    501.19 0 
   506.43 4.2786e-15    508.16 0 
   512.29 4.4391e-15    514.04 0 
   519.42 4.3883e-15    521.19 0 
   530.30 4.2884e-15    532.11 0 
   540.16 4.1333e-15    542.00 0 
   550.20 4.0579e-15    552.08 0 
   560.43 4.1238e-15    562.34 0 
   569.53 4.1429e-15    571.48 0 
   580.12 4.0392e-15    582.10 0 
   589.55 4.0207e-15    591.56 0 
   600.51 3.8663e-15    602.56 0 
   610.27 3.4380e-15    612.35 0 
   620.18 3.8663e-15    622.30 0 
   630.26 3.7610e-15    632.41 0 
   640.50 3.7696e-15    642.69 0 
   649.41 3.6923e-15    651.63 0 
   658.44 3.5917e-15    660.69 0 
   664.54 3.6333e-15    666.81 0 
   675.33 3.6083e-15    677.64 0 
   684.73 3.4380e-15    687.07 0 
   694.25 3.5019e-15    696.63 0 
   705.54 3.3136e-15    707.95 0 
   715.35 3.4143e-15    717.79 0 
   725.30 3.3674e-15    727.78 0 
   735.39 3.3366e-15    737.90 0 
   745.62 3.2681e-15    748.17 0 
   754.26 3.2159e-15    756.83 0 
   764.75 2.9329e-15    767.36 0 
   775.39 3.1282e-15    778.04 0 
   784.37 3.0220e-15    787.05 0 
   795.28 3.0290e-15    797.99 0 
   804.49 3.0151e-15    807.24 0 
   815.68 2.9737e-15    818.46 0 
   825.12 2.9532e-15    827.94 0 
   834.68 2.7121e-15    837.53 0 
   844.34 2.8596e-15    847.23 0 
   854.12 2.8138e-15    857.04 0 
   864.01 2.8009e-15    866.96 0 
   874.02 2.7816e-15    877.00 0 
   884.14 2.7561e-15    887.16 0 
   894.37 2.7309e-15    897.43 0 
   904.73 2.6810e-15    907.82 0 
   915.21 3.0996e-15    918.33 0 
   925.80 6.7035e-15    928.97 0 
   934.37 1.1280e-14    937.56 0 
   945.19 1.7877e-14    948.42 0 
   953.94 2.3297e-14    957.19 0 
   964.98 2.5960e-14    968.28 0 
   973.91 7.6789e-15    977.24 0 
   985.19 2.2506e-14    988.55 0 
   994.30 2.3137e-14    997.70 0 
  1005.82 3.1572e-14   1009.25 0 
  1015.12 3.0570e-14   1018.59 0 
  1024.52 1.4767e-14   1028.02 0 
  1034.00 2.2924e-14   1037.53 0 
  1045.97 3.9473e-14   1049.54 0 
  1055.65 3.8663e-14   1059.25 0 
  1065.42 3.1427e-14   1069.05 0 
  1075.27 3.6501e-14   1078.95 0 
  1085.22 2.9262e-14   1088.93 0 
  1095.26 3.8045e-14   1099.01 0 
  1105.40 3.6501e-14   1109.18 0 
  1115.63 3.5180e-14   1119.44 0 
  1125.95 3.1791e-14   1129.80 0 
  1133.75 3.9292e-14   1137.63 0 
  1144.24 3.6000e-14   1148.15 0 
  1154.83 3.7870e-14   1158.78 0 
  1165.52 3.8752e-14   1169.50 0 
  1176.30 2.7498e-14   1180.32 0 
  1184.46 3.7437e-14   1188.50 0 
  1195.42 2.6996e-14   1199.50 0 
  1203.70 2.0384e-14   1207.81 0 
  1214.84 1.3750e-14   1218.99 0 
  1226.08 2.6321e-14   1230.27 0 
  1234.58 3.7870e-14   1238.80 0 
  1246.00 4.1238e-14   1250.26 0 
  1254.64 3.9564e-14   1258.93 0 
  1266.25 3.4538e-14   1270.57 0 
  1275.03 4.3381e-14   1279.38 0 
  1283.86 4.5217e-14   1288.25 0 
  1295.74 3.6417e-14   1300.17 0 
  1304.73 3.6000e-14   1309.18 0 
  1313.77 4.4086e-14   1318.26 0 
  1325.93 4.2199e-14   1330.45 0 
  1335.12 3.7696e-14   1339.68 0 
  1344.37 4.4086e-14   1348.96 0 
  1353.69 4.2786e-14   1358.31 0 
  1366.22 3.8486e-14   1370.88 0 
  1375.69 4.0114e-14   1380.38 0 
  1385.22 4.0392e-14   1389.95 0 
  1394.82 3.4938e-14   1399.59 0 
  1404.49 3.6000e-14   1409.29 0 
  1414.23 3.7437e-14   1419.06 0 
  1424.03 3.8133e-14   1428.89 0 
  1433.90 3.7958e-14   1438.80 0 
  1440.52 3.9838e-14   1445.44 0 
  1447.17 4.0392e-14   1452.11 0 
  1453.85 3.9201e-14   1458.81 0 
  1463.93 3.6333e-14   1468.93 0 
  1474.07 3.6166e-14   1479.11 0 
  1484.29 3.6754e-14   1489.36 0 
  1494.58 3.7265e-14   1499.69 0 
  1504.94 3.5261e-14   1510.08 0 
  1511.89 3.1645e-14   1517.05 0 
  1515.37 3.3674e-14   1520.55 0 
  1525.87 3.2681e-14   1531.09 0 
  1536.45 2.8530e-14   1541.70 0 
  1543.54 3.0782e-14   1548.82 0 
  1554.24 2.9194e-14   1559.55 0 
  1565.02 2.9874e-14   1570.36 0 
  1575.86 3.1718e-14   1581.25 0 
  1586.79 3.3060e-14   1592.21 0 
  1594.11 3.3752e-14   1599.56 0 
  1605.16 3.2984e-14   1610.65 0 
  1616.29 3.2984e-14   1621.81 0 
  1623.75 3.1282e-14   1629.30 0 
  1635.00 3.3136e-14   1640.59 0 
  1646.34 3.3520e-14   1651.96 0 
  1653.94 3.1139e-14   1659.59 0 
  1665.40 3.3752e-14   1671.09 0 
  1673.09 3.0220e-14   1678.80 0 
  1676.95 3.4064e-14   1682.67 0 
  1684.69 3.5261e-14   1690.44 0 
  1696.36 3.3136e-14   1702.16 0 
  1704.19 3.1937e-14   1710.02 0 
  1716.01 3.0430e-14   1721.87 0 
  1723.93 3.0220e-14   1729.82 0 
  1735.88 3.2159e-14   1741.81 0 
  1743.89 3.1354e-14   1749.85 0 
  1755.98 3.3366e-14   1761.98 0 
  1764.08 3.0641e-14   1770.11 0 
  1776.31 3.1354e-14   1782.38 0 
  1784.51 3.1937e-14   1790.61 0 
  1796.88 3.4064e-14   1803.02 0 
  1805.17 3.3674e-14   1811.34 0 
  1813.51 3.1210e-14   1819.70 0 
  1826.08 3.1791e-14   1832.31 0 
  1834.51 3.0641e-14   1840.77 0 
  1842.97 2.8009e-14   1849.27 0 
  1855.75 2.8399e-14   1862.09 0 
  1864.31 2.9397e-14   1870.68 0 
  1872.92 3.1499e-14   1879.32 0 
  1885.90 2.9194e-14   1892.34 0 
  1894.61 2.8399e-14   1901.08 0 
  1903.35 2.9806e-14   1909.85 0 
  1916.54 2.8927e-14   1923.09 0 
  1925.39 2.8074e-14   1931.97 0 
  1934.28 2.8203e-14   1940.89 0 
  1943.21 3.0430e-14   1949.84 0 
  1956.68 2.8728e-14   1963.36 0 
  1965.71 3.1572e-14   1972.42 0 
  1974.78 3.1937e-14   1981.53 0 
  1983.90 3.0924e-14   1990.67 0 
  1993.05 3.0220e-14   1999.86 0 
  2006.87 3.0782e-14   2013.72 0 
  2016.13 3.0081e-14   2023.02 0 
  2025.44 3.0500e-14   2032.36 0 
  2034.79 3.0081e-14   2041.74 0 
  2044.18 3.1572e-14   2051.16 0 
  2053.61 2.9943e-14   2060.63 0 
  2063.09 3.0012e-14   2070.14 0 
  2072.62 3.2382e-14   2079.70 0 
  2077.39 3.6669e-14   2084.49 0 
  2086.98 4.0486e-14   2094.11 0 
  2096.62 3.7958e-14   2103.78 0 
  2106.29 3.7610e-14   2113.49 0 
  2116.02 3.9473e-14   2123.24 0 
  2125.78 3.8045e-14   2133.04 0 
  2135.60 3.5670e-14   2142.89 0 
  2145.45 3.9930e-14   2152.78 0 
  2155.36 4.0672e-14   2162.72 0 
  2165.30 3.7610e-14   2172.70 0 
  2175.30 3.7696e-14   2182.73 0 
  2185.34 4.1429e-14   2192.81 0 
  2195.43 4.2102e-14   2202.93 0 
  2205.56 4.0954e-14   2213.09 0 
  2215.74 3.5588e-14   2223.31 0 
  2225.97 3.7523e-14   2233.57 0 
  2236.24 4.4596e-14   2243.88 0 
  2246.56 4.2491e-14   2254.24 0 
  2256.93 3.6501e-14   2264.64 0 
  2267.35 3.5670e-14   2275.10 0 
  2272.58 3.7870e-14   2280.34 0 
  2283.07 4.4699e-14   2290.87 0 
  2293.61 3.9290e-14   2301.44 0 
  2304.19 4.3864e-14   2312.07 0 
  2314.83 3.9079e-14   2322.74 0 
  2325.51 3.1317e-14   2333.46 0 
  2336.25 3.1960e-14   2344.23 0 
  2347.03 2.7005e-14   2355.05 0 
  2352.44 3.7013e-14   2360.48 0 
  2363.30 2.8002e-14   2371.37 0 
  2374.21 3.1697e-14   2382.32 0 
  2385.17 2.5052e-14   2393.32 0 
  2396.18 2.8163e-14   2404.36 0 
  2407.24 2.7511e-14   2415.46 0 
  2412.79 2.9882e-14   2421.03 0 
  2423.92 4.0387e-14   2432.20 0 
  2435.11 4.0093e-14   2443.43 0 
  2446.35 4.5697e-14   2454.71 0 
  2457.64 4.7393e-14   2466.04 0 
  2463.31 4.2523e-14   2471.72 0 
  2474.68 3.8945e-14   2483.13 0 
  2486.10 3.0428e-14   2494.60 0 
  2497.58 3.2665e-14   2506.11 0 
  2503.34 4.4361e-14   2511.89 0 
  2514.89 2.7404e-14   2523.48 0 
  2520.69 2.5394e-14   2529.30 0 
  2526.50 2.5801e-14   2535.13 0 
  2532.32 3.3078e-14   2540.97 0 
  2544.01 3.4069e-14   2552.70 0 
  2555.75 5.2020e-14   2564.48 0 
  2567.55 4.1686e-14   2576.32 0 
  2573.47 5.0454e-14   2582.26 0 
  2585.35 4.5995e-14   2594.18 0 
  2597.28 4.2513e-14   2606.15 0 
  2603.27 3.8144e-14   2612.16 0 
  2615.28 3.5665e-14   2624.22 0 
  2627.36 4.4366e-14   2636.33 0 
  2633.41 6.8226e-14   2642.41 0 
  2645.57 8.8666e-14   2654.61 0 
  2657.78 1.1901e-13   2666.86 0 
  2663.91 7.8247e-14   2673.01 0 
  2676.20 8.8364e-14   2685.34 0 
  2682.37 1.0050e-13   2691.54 0 
  2694.75 7.6030e-14   2703.96 0 
  2707.19 9.1999e-14   2716.44 0 
  2713.43 6.9133e-14   2722.70 0 
  2725.96 5.7212e-14   2735.27 0 
  2732.24 7.0370e-14   2741.57 0 
  2744.85 4.3470e-14   2754.23 0 
  2757.52 5.5334e-14   2766.94 0 
  2763.88 6.9805e-14   2773.32 0 
  2776.64 7.4248e-14   2786.12 0 
  2783.04 4.8706e-14   2792.54 0 
  2795.88 2.7188e-14   2805.43 0 
  2802.33 3.1209e-14   2811.90 0 
  2815.26 6.6846e-14   2824.88 0 
  2821.75 9.3966e-14   2831.39 0 
  2834.78 8.9282e-14   2844.46 0 
  2847.86 6.7539e-14   2857.59 0 
  2854.43 4.3596e-14   2864.18 0 
  2867.60 9.0833e-14   2877.40 0 
  2874.21 1.1944e-13   2884.03 0 
  2887.48 1.0837e-13   2897.34 0 
  2894.14 1.3086e-13   2904.02 0 
  2907.49 1.7442e-13   2917.43 0 
  2927.65 1.5286e-13   2937.65 0 
  2947.94 1.4222e-13   2958.01 0 
  2968.38 1.4950e-13   2978.52 0 
  2988.95 1.5181e-13   2999.16 0 
  3009.67 1.5310e-13   3019.95 0 
  3030.53 1.6317e-13   3040.89 0 
  3051.54 1.6994e-13   3061.96 0 
  3072.69 1.8449e-13   3083.19 0 
  3086.87 1.8103e-13   3097.42 0 
  3108.27 2.0864e-13   3118.89 0 
  3129.82 1.9411e-13   3140.51 0 
  3151.51 1.9396e-13   3162.28 0 
  3173.36 2.1299e-13   3184.20 0 
  3188.01 1.8498e-13   3198.90 0 
  3210.10 2.0500e-13   3221.07 0 
  3232.35 1.7314e-13   3243.40 0 
  3247.27 2.4163e-13   3258.37 0 
  3269.78 2.8171e-13   3280.95 0 
  3292.45 2.7633e-13   3303.70 0 
  3307.64 2.5953e-13   3318.94 0 
  3322.91 2.4600e-13   3334.26 0 
  3330.57 2.6966e-13   3341.95 0 
  3338.25 2.3211e-13   3349.66 0 
  3345.95 2.6888e-13   3357.38 0 
  3353.66 2.4179e-13   3365.12 0 
  3361.39 2.4172e-13   3372.87 0 
  3369.14 2.4501e-13   3380.65 0 
  3376.91 2.3554e-13   3388.44 0 
  3384.69 2.2436e-13   3396.25 0 
  3392.49 2.7153e-13   3404.08 0 
  3400.31 2.9423e-13   3411.93 0 
  3408.15 2.6397e-13   3419.79 0 
  3416.01 2.4012e-13   3427.68 0 
  3423.88 3.0500e-13   3435.58 0 
  3431.78 2.9186e-13   3443.50 0 
  3439.69 2.8579e-13   3451.44 0 
  3447.62 2.0745e-13   3459.39 0 
  3455.56 2.6411e-13   3467.37 0 
  3463.53 2.2164e-13   3475.36 0 
  3471.51 2.7576e-13   3483.37 0 
  3479.52 2.1252e-13   3491.40 0 
  3487.54 2.4847e-13   3499.45 0 
  3495.58 2.3450e-13   3507.52 0 
  3503.64 3.0130e-13   3515.60 0 
  3511.71 2.8898e-13   3523.71 0 
  3519.81 2.8428e-13   3531.83 0 
  3527.92 2.1558e-13   3539.97 0 
  3536.05 2.8085e-13   3548.13 0 
  3544.21 3.1070e-13   3556.31 0 
  3552.38 3.1784e-13   3564.51 0 
  3560.57 2.9653e-13   3572.73 0 
  3568.77 2.3224e-13   3580.96 0 
  3577.00 2.4536e-13   3589.22 0 
  3585.25 1.8779e-13   3597.49 0 
  3593.51 2.5208e-13   3605.79 0 
  3601.80 3.3220e-13   3614.10 0 
  3610.10 2.6138e-13   3622.43 0 
  3618.42 3.0770e-13   3630.78 0 
  3626.40 4.3053e-13   3638.79 1 
  3629.14 2.9190e-13   3641.54 1 
  3631.88 2.0529e-13   3644.29 1 
  3634.62 2.9373e-13   3647.04 1 
  3637.36 3.7832e-13   3649.79 1 
  3640.11 3.9180e-13   3652.54 1 
  3642.85 4.2609e-13   3655.29 1 
  3645.59 3.5536e-13   3658.04 1 
  3648.33 2.0424e-13   3660.79 1 
  3651.07 2.3181e-13   3663.54 1 
  3653.81 4.8206e-13   3666.29 1 
  3656.55 4.1289e-13   3669.04 1 
  3659.29 5.9938e-13   3671.79 1 
  3662.03 5.4341e-13   3674.54 1 
  3664.77 4.6003e-13   3677.29 1 
  3667.51 3.0118e-13   3680.04 1 
  3670.25 3.5982e-13   3682.79 1 
  3672.99 4.0460e-13   3685.54 1 
  3675.73 4.0050e-13   3688.29 1 
  3678.47 5.2589e-13   3691.04 1 
  3681.22 4.4513e-13   3693.79 1 
  3683.96 4.0343e-13   3696.54 1 
  3686.70 3.6472e-13   3699.29 1 
  3689.44 1.9903e-13   3702.04 1 
  3692.18 1.4157e-13   3704.79 1 
  3694.92 3.4167e-13   3707.54 1 
  3697.66 2.5169e-13   3710.29 1 
  3700.40 2.3143e-13   3713.04 1 
  3703.14 3.7000e-13   3715.79 1 
  3705.88 3.8572e-13   3718.54 1 
  3708.62 2.6036e-13   3721.29 1 
  3711.36 1.8634e-13   3724.04 1 
  3714.10 3.1427e-13   3726.79 1 
  3716.84 3.6261e-13   3729.54 1 
  3719.58 3.7635e-13   3732.29 1 
  3722.32 4.0897e-13   3735.04 1 
  3725.07 4.1771e-13   3737.79 1 
  3727.81 4.9823e-13   3740.54 1 
  3730.55 5.0654e-13   3743.29 1 
  3733.29 2.5390e-13   3746.04 1 
  3736.03 1.1943e-13   3748.79 1 
  3738.77 2.2710e-13   3751.54 1 
  3741.51 2.0671e-13   3754.29 1 
  3744.25 3.1261e-13   3757.04 1 
  3746.99 2.8629e-13   3759.79 1 
  3749.73 1.6466e-13   3762.54 1 
  3752.47 2.3187e-13   3765.29 1 
  3755.21 1.5487e-13   3768.04 1 
  3757.95 2.6375e-13   3770.79 1 
  3760.69 2.7838e-13   3773.54 1 
  3763.43 1.3558e-13   3776.29 1 
  3766.17 1.5790e-13   3779.04 1 
  3768.92 2.1105e-13   3781.79 1 
  3771.66 4.2823e-13   3784.54 1 
  3774.40 3.5122e-13   3787.29 1 
  3777.14 2.4107e-13   3790.04 1 
  3779.88 3.4359e-13   3792.79 1 
  3782.62 3.3773e-13   3795.54 1 
  3785.36 3.9814e-13   3798.29 1 
  3788.10 3.9571e-13   3801.04 1 
  3790.84 4.8741e-13   3803.79 1 
  3793.58 3.8606e-13   3806.54 1 
  3796.32 2.9146e-13   3809.29 1 
  3799.06 4.6145e-13   3812.04 1 
  3801.80 4.1048e-13   3814.79 1 
  3804.54 1.7155e-13   3817.54 1 
  3807.28 2.2119e-13   3820.29 1 
  3810.02 3.6964e-13   3823.04 1 
  3812.77 4.4572e-13   3825.79 1 
  3815.51 3.5037e-13   3828.54 1 
  3818.25 3.9767e-13   3831.29 1 
  3820.99 4.7820e-13   3834.04 1 
  3823.73 4.9214e-13   3836.79 1 
  3826.47 4.0959e-13   3839.54 1 
  3829.21 1.9167e-13   3842.29 1 
  3831.95 2.5792e-13   3845.04 1 
  3834.69 2.5910e-13   3847.79 1 
  3837.43 8.9871e-14   3850.54 1 
  3840.17 1.6431e-13   3853.29 1 
  3842.91 3.0155e-13   3856.04 1 
  3845.65 4.0120e-13   3858.79 1 
  3848.39 2.0847e-13   3861.54 1 
  3851.13 2.6028e-13   3864.29 1 
  3853.88 3.6482e-13   3867.04 1 
  3856.62 3.9169e-13   3869.79 1 
  3859.36 2.6535e-13   3872.54 1 
  3862.10 1.8534e-13   3875.29 1 
  3864.84 3.6502e-13   3878.04 1 
  3867.58 5.1749e-13   3880.79 1 
  3870.32 2.9520e-13   3883.54 1 
  3873.06 2.1934e-13   3886.29 1 
  3875.80 1.8500e-13   3889.04 1 
  3878.54 2.7604e-13   3891.79 1 
  3881.28 2.3661e-13   3894.54 1 
  3884.02 3.5376e-13   3897.29 1 
  3886.76 3.3329e-13   3900.04 1 
  3889.50 3.4433e-13   3902.79 1 
  3892.24 2.5506e-13   3905.54 1 
  3894.98 3.2525e-13   3908.29 1 
  3897.73 1.7068e-13   3911.04 1 
  3900.47 3.3915e-13   3913.79 1 
  3903.21 4.1839e-13   3916.54 1 
  3905.95 4.2809e-13   3919.29 1 
  3908.69 3.3964e-13   3922.04 1 
  3911.43 2.7518e-13   3924.79 1 
  3914.17 4.0193e-13   3927.54 1 
  3916.91 4.2491e-13   3930.29 1 
  3919.65 4.4974e-13   3933.04 1 
  3922.39 3.5396e-13   3935.79 1 
  3925.13 3.6649e-13   3938.54 1 
  3927.87 4.0996e-13   3941.29 1 
  3930.61 3.8659e-13   3944.04 1 
  3933.35 4.7350e-13   3946.79 1 
  3936.09 3.9683e-13   3949.54 1 
  3938.83 4.1935e-13   3952.29 1 
  3941.58 1.6410e-13   3955.04 1 
  3944.32 2.8248e-13   3957.79 1 
  3947.06 2.8712e-13   3960.54 1 
  3949.80 2.2216e-13   3963.29 1 
  3952.54 4.2261e-13   3966.04 1 
  3955.28 2.4364e-13   3968.79 1 
  3958.02 3.0982e-13   3971.54 1 
  3960.76 3.6474e-13   3974.29 1 
  3963.50 4.1880e-13   3977.04 1 
  3966.24 4.2206e-13   3979.79 1 
  3968.98 4.7650e-13   3982.54 1 
  3971.72 3.8424e-13   3985.29 1 
  3974.46 1.7246e-13   3988.04 1 
  3977.20 1.6985e-13   3990.79 1 
  3979.94 1.5408e-13   3993.54 1 
  3982.69 1.7731e-13   3996.29 1 
  3985.43 3.5346e-13   3999.04 1 
  3988.17 3.5087e-13   4001.79 1 
  3990.91 4.4639e-13   4004.54 1 
  3993.65 4.8925e-13   4007.29 1 
  3996.39 4.4866e-13   4010.04 1 
  3999.13 5.8347e-13   4012.79 1 
  4001.87 6.5947e-13   4015.54 1 
  4004.61 4.5636e-13   4018.29 1 
  4007.35 5.0038e-13   4021.04 1 
  4010.09 3.9615e-13   4023.79 1 
  4012.83 4.9630e-13   4026.54 1 
  4015.57 6.4935e-13   4029.29 1 
  4018.31 6.1707e-13   4032.04 1 
  4021.05 5.4395e-13   4034.79 1 
  4023.79 7.5002e-13   4037.54 1 
  4026.54 5.9098e-13   4040.29 1 
  4029.28 5.1478e-13   4043.04 1 
  4032.02 6.0797e-13   4045.79 1 
  4034.76 6.7089e-13   4048.54 1 
  4037.50 5.4792e-13   4051.29 1 
  4040.24 6.9901e-13   4054.04 1 
  4042.98 5.9665e-13   4056.79 1 
  4045.72 5.9671e-13   4059.54 1 
  4048.46 5.5949e-13   4062.29 1 
  4051.20 6.4915e-13   4065.04 1 
  4053.94 4.9831e-13   4067.79 1 
  4056.68 5.4383e-13   4070.54 1 
  4059.42 6.0027e-13   4073.29 1 
  4062.16 5.7197e-13   4076.04 1 
  4064.90 5.6682e-13   4078.79 1 
  4067.64 5.8947e-13   4081.54 1 
  4070.39 6.2458e-13   4084.29 1 
  4073.13 6.4570e-13   4087.04 1 
  4075.87 5.2221e-13   4089.79 1 
  4078.61 5.1156e-13   4092.54 1 
  4081.35 5.2183e-13   4095.29 1 
  4084.09 5.4190e-13   4098.04 1 
  4086.83 5.9904e-13   4100.79 1 
  4089.57 5.8614e-13   4103.54 1 
  4092.31 6.0803e-13   4106.29 1 
  4095.05 6.4025e-13   4109.04 1 
  4097.79 6.8117e-13   4111.79 1 
  4100.53 6.3081e-13   4114.54 1 
  4103.27 5.8440e-13   4117.29 1 
  4106.01 5.7762e-13   4120.04 1 
  4108.75 5.8078e-13   4122.79 1 
  4111.50 5.3258e-13   4125.54 1 
  4114.24 5.4581e-13   4128.29 1 
  4116.98 6.1688e-13   4131.04 1 
  4119.72 6.7660e-13   4133.79 1 
  4122.46 6.3483e-13   4136.54 1 
  4125.20 6.8444e-13   4139.29 1 
  4127.94 6.8959e-13   4142.04 1 
  4130.68 6.7375e-13   4144.79 1 
  4133.42 6.2668e-13   4147.54 1 
  4136.16 6.0990e-13   4150.29 1 
  4138.90 5.6731e-13   4153.04 1 
  4141.64 5.2760e-13   4155.79 1 
  4144.38 5.0775e-13   4158.54 1 
  4147.12 5.9882e-13   4161.29 1 
  4149.86 6.9115e-13   4164.04 1 
  4152.60 6.1152e-13   4166.79 1 
  4155.35 5.9204e-13   4169.54 1 
  4158.09 4.9984e-13   4172.29 1 
  4160.83 6.0737e-13   4175.04 1 
  4163.57 6.0521e-13   4177.79 1 
  4166.31 5.5675e-13   4180.54 1 
  4169.05 6.1897e-13   4183.29 1 
  4171.79 5.5347e-13   4186.04 1 
  4174.53 6.0536e-13   4188.79 1 
  4177.27 6.0961e-13   4191.54 1 
  4180.01 6.1433e-13   4194.29 1 
  4182.75 6.1735e-13   4197.04 1 
  4185.49 5.2557e-13   4199.79 1 
  4188.23 5.8892e-13   4202.54 1 
  4190.97 5.5380e-13   4205.29 1 
  4193.71 4.7767e-13   4208.04 1 
  4196.45 5.7827e-13   4210.79 1 
  4199.20 6.3675e-13   4213.54 1 
  4201.94 6.1071e-13   4216.29 1 
  4204.68 6.0511e-13   4219.04 1 
  4207.42 6.1152e-13   4221.79 1 
  4210.16 6.0335e-13   4224.54 1 
  4212.90 6.0472e-13   4227.29 1 
  4215.64 6.2695e-13   4230.04 1 
  4218.38 6.2687e-13   4232.79 1 
  4221.12 6.3327e-13   4235.54 1 
  4223.86 6.2263e-13   4238.29 1 
  4226.60 6.3638e-13   4241.04 1 
  4229.34 6.4568e-13   4243.79 1 
  4232.08 6.0478e-13   4246.54 1 
  4234.82 5.9199e-13   4249.29 1 
  4237.56 5.5849e-13   4252.04 1 
  4240.31 5.3289e-13   4254.79 1 
  4243.05 5.2710e-13   4257.54 1 
  4245.79 5.2255e-13   4260.29 1 
  4248.53 5.4810e-13   4263.04 1 
  4251.27 6.3187e-13   4265.79 1 
  4254.01 6.8416e-13   4268.54 1 
  4256.75 7.0613e-13   4271.29 1 
  4259.49 7.0932e-13   4274.04 1 
  4262.23 6.4319e-13   4276.79 1 
  4264.97 5.2163e-13   4279.54 1 
  4267.71 5.8661e-13   4282.29 1 
  4270.45 6.5788e-13   4285.04 1 
  4273.19 7.3837e-13   4287.79 1 
  4275.93 6.1735e-13   4290.54 1 
  4278.67 6.2307e-13   4293.29 1 
  4281.41 5.7020e-13   4296.04 1 
  4284.16 6.3322e-13   4298.79 1 
  4286.90 7.0417e-13   4301.54 1 
  4289.64 6.8715e-13   4304.29 1 
  4292.38 6.1243e-13   4307.04 1 
  4295.12 6.2776e-13   4309.79 1 
  4297.86 6.0986e-13   4312.54 1 
  4300.60 5.6273e-13   4315.29 1 
  4303.34 6.2823e-13   4318.04 1 
  4306.08 5.7684e-13   4320.79 1 
  4308.82 4.9906e-13   4323.54 1 
  4311.56 5.5306e-13   4326.29 1 
  4314.30 5.4948e-13   4329.04 1 
  4317.04 4.5910e-13   4331.79 1 
  4319.78 5.3439e-13   4334.54 1 
  4322.52 5.3315e-13   4337.29 1 
  4325.26 6.1965e-13   4340.04 1 
  4328.01 6.3591e-13   4342.79 1 
  4330.75 6.9181e-13   4345.54 1 
  4333.49 7.2850e-13   4348.29 1 
  4336.23 6.6157e-13   4351.04 1 
  4338.97 7.2206e-13   4353.79 1 
  4341.71 7.3608e-13   4356.54 1 
  4344.45 7.9441e-13   4359.29 1 
  4347.19 7.6895e-13   4362.04 1 
  4349.93 7.8136e-13   4364.79 1 
  4352.67 7.2910e-13   4367.54 1 
  4355.41 6.5816e-13   4370.29 1 
  4358.15 7.0392e-13   4373.04 1 
  4360.89 7.2629e-13   4375.79 1 
  4363.63 8.2020e-13   4378.54 1 
  4366.37 7.8818e-13   4381.29 1 
  4369.12 7.5657e-13   4384.04 1 
  4371.86 7.2100e-13   4386.79 1 
  4374.60 8.6992e-13   4389.54 1 
  4377.34 7.4223e-13   4392.29 1 
  4380.08 7.9160e-13   4395.04 1 
  4382.82 7.4837e-13   4397.79 1 
  4385.56 7.0139e-13   4400.54 1 
  4388.30 6.9904e-13   4403.29 1 
  4391.04 7.0045e-13   4406.04 1 
  4393.78 6.9582e-13   4408.79 1 
  4396.52 6.6595e-13   4411.54 1 
  4399.26 7.6863e-13   4414.29 1 
  4402.00 6.7280e-13   4417.04 1 
  4404.74 6.9253e-13   4419.79 1 
  4407.48 7.3268e-13   4422.54 1 
  4410.22 6.9902e-13   4425.29 1 
  4412.97 7.2404e-13   4428.04 1 
  4415.71 7.3484e-13   4430.79 1 
  4418.45 7.4055e-13   4433.54 1 
  4421.19 7.9442e-13   4436.29 1 
  4423.93 7.9313e-13   4439.04 1 
  4426.67 8.1489e-13   4441.79 1 
  4429.41 7.5736e-13   4444.54 1 
  4432.15 8.6200e-13   4447.29 1 
  4434.89 7.5102e-13   4450.04 1 
  4437.63 8.6801e-13   4452.79 1 
  4440.37 8.6699e-13   4455.54 1 
  4443.11 7.9374e-13   4458.29 1 
  4445.85 7.7435e-13   4461.04 1 
  4448.59 8.5295e-13   4463.79 1 
  4451.33 7.8643e-13   4466.54 1 
  4454.07 7.8632e-13   4469.29 1 
  4456.82 8.9680e-13   4472.04 1 
  4459.56 8.2492e-13   4474.79 1 
  4462.30 7.9839e-13   4477.54 1 
  4465.04 7.8754e-13   4480.29 1 
  4467.78 7.7258e-13   4483.04 1 
  4470.52 8.2132e-13   4485.79 1 
  4473.26 7.4048e-13   4488.54 1 
  4476.00 7.3355e-13   4491.29 1 
  4478.74 8.8664e-13   4494.04 1 
  4481.48 8.0512e-13   4496.79 1 
  4484.22 8.3033e-13   4499.54 1 
  4486.96 8.6727e-13   4502.29 1 
  4489.70 9.6528e-13   4505.04 1 
  4492.44 9.2085e-13   4507.79 1 
  4495.18 8.8081e-13   4510.54 1 
  4497.93 8.9777e-13   4513.29 1 
  4500.67 9.0144e-13   4516.04 1 
  4503.41 9.4920e-13   4518.79 1 
  4506.15 9.6488e-13   4521.54 1 
  4508.89 8.8794e-13   4524.29 1 
  4511.63 8.9112e-13   4527.04 1 
  4514.37 9.8564e-13   4529.79 1 
  4517.11 9.3714e-13   4532.54 1 
  4519.85 9.7690e-13   4535.29 1 
  4522.59 9.7059e-13   4538.04 1 
  4525.33 9.6150e-13   4540.79 1 
  4528.07 8.8522e-13   4543.54 1 
  4530.81 8.8638e-13   4546.29 1 
  4533.55 8.8576e-13   4549.04 1 
  4536.29 9.8047e-13   4551.79 1 
  4539.03 8.2593e-13   4554.54 1 
  4541.78 7.5413e-13   4557.29 1 
  4544.52 8.4019e-13   4560.04 1 
  4547.26 8.7231e-13   4562.79 1 
  4550.00 9.5604e-13   4565.54 1 
  4552.74 8.4766e-13   4568.29 1 
  4555.48 8.0884e-13   4571.04 1 
  4558.22 8.8706e-13   4573.79 1 
  4560.96 8.9055e-13   4576.54 1 
  4563.70 9.7080e-13   4579.29 1 
  4566.44 8.8990e-13   4582.04 1 
  4569.18 1.0048e-12   4584.79 1 
  4571.92 1.0033e-12   4587.54 1 
  4574.66 1.0065e-12   4590.29 1 
  4577.40 9.8623e-13   4593.04 1 
  4580.14 8.8330e-13   4595.79 1 
  4582.88 9.3247e-13   4598.54 1 
  4585.63 9.5931e-13   4601.29 1 
  4588.37 9.9479e-13   4604.04 1 
  4591.11 9.2160e-13   4606.79 1 
  4593.85 9.1968e-13   4609.54 1 
  4596.59 8.5906e-13   4612.29 1 
  4599.33 9.3590e-13   4615.04 1 
  4602.07 9.8024e-13   4617.79 1 
  4604.81 9.0385e-13   4620.54 1 
  4607.55 9.0648e-13   4623.29 1 
  4610.29 9.1134e-13   4626.04 1 
  4613.03 9.3096e-13   4628.79 1 
  4615.77 9.7019e-13   4631.54 1 
  4618.51 8.8093e-13   4634.29 1 
  4621.25 9.9936e-13   4637.04 1 
  4623.99 9.7556e-13   4639.79 1 
  4626.74 1.0113e-12   4642.54 1 
  4629.48 1.0373e-12   4645.29 1 
  4632.22 9.7969e-13   4648.04 1 
  4634.96 9.5232e-13   4650.79 1 
  4637.70 9.3942e-13   4653.54 1 
  4640.44 9.5544e-13   4656.29 1 
  4643.18 9.7546e-13   4659.04 1 
  4645.92 9.5968e-13   4661.79 1 
  4648.66 9.4083e-13   4664.54 1 
  4651.40 9.9835e-13   4667.29 1 
  4654.14 8.9440e-13   4670.04 1 
  4656.88 9.2983e-13   4672.79 1 
  4659.62 9.1671e-13   4675.54 1 
  4662.36 9.5155e-13   4678.29 1 
  4665.10 9.0683e-13   4681.04 1 
  4667.84 9.4291e-13   4683.79 1 
  4670.59 9.3346e-13   4686.54 1 
  4673.33 9.2971e-13   4689.29 1 
  4676.07 9.4880e-13   4692.04 1 
  4678.81 9.0955e-13   4694.79 1 
  4681.55 9.0579e-13   4697.54 1 
  4684.29 8.5313e-13   4700.29 1 
  4687.03 8.7906e-13   4703.04 1 
  4689.77 9.1053e-13   4705.79 1 
  4692.51 8.8885e-13   4708.54 1 
  4695.25 9.0980e-13   4711.29 1 
  4697.99 9.8750e-13   4714.04 1 
  4700.73 9.1786e-13   4716.79 1 
  4703.47 8.3366e-13   4719.54 1 
  4706.21 9.0301e-13   4722.29 1 
  4708.95 9.1812e-13   4725.04 1 
  4711.69 8.6819e-13   4727.79 1 
  4714.44 8.7720e-13   4730.54 1 
  4717.18 8.8534e-13   4733.29 1 
  4719.92 8.9252e-13   4736.04 1 
  4722.66 9.2014e-13   4738.79 1 
  4725.40 9.6220e-13   4741.54 1 
  4728.14 9.3064e-13   4744.29 1 
  4730.88 9.3304e-13   4747.04 1 
  4733.62 9.6870e-13   4749.79 1 
  4736.36 8.9739e-13   4752.54 1 
  4739.10 7.8109e-13   4755.29 1 
  4741.84 8.1406e-13   4758.04 1 
  4744.58 8.8868e-13   4760.79 1 
  4747.32 9.1181e-13   4763.54 1 
  4750.06 9.4257e-13   4766.29 1 
  4752.80 1.0144e-12   4769.04 1 
  4755.55 9.7618e-13   4771.79 1 
  4758.29 9.9849e-13   4774.54 1 
  4761.03 1.0083e-12   4777.29 1 
  4763.77 9.7134e-13   4780.04 1 
  4766.51 9.9921e-13   4782.79 1 
  4769.25 1.0417e-12   4785.54 1 
  4771.99 1.0125e-12   4788.29 1 
  4774.73 1.0061e-12   4791.04 1 
  4777.47 9.4988e-13   4793.79 1 
  4780.21 9.9603e-13   4796.54 1 
  4782.95 1.0399e-12   4799.29 1 
  4785.69 9.8788e-13   4802.04 1 
  4788.43 9.8845e-13   4804.79 1 
  4791.17 1.0111e-12   4807.54 1 
  4793.91 9.9497e-13   4810.29 1 
  4796.65 9.8291e-13   4813.04 1 
  4799.40 1.0011e-12   4815.79 1 
  4802.14 1.0108e-12   4818.54 1 
  4804.88 9.7252e-13   4821.29 1 
  4807.62 9.9770e-13   4824.04 1 
  4810.36 1.0100e-12   4826.79 1 
  4813.10 1.0635e-12   4829.54 1 
  4815.84 1.0297e-12   4832.29 1 
  4818.58 9.7558e-13   4835.04 1 
  4821.32 1.0217e-12   4837.79 1 
  4824.06 1.0743e-12   4840.54 1 
  4826.80 1.0887e-12   4843.29 1 
  4829.54 1.1074e-12   4846.04 1 
  4832.28 1.0679e-12   4848.79 1 
  4835.02 1.0621e-12   4851.54 1 
  4837.76 1.0718e-12   4854.29 1 
  4840.50 1.0975e-12   4857.04 1 
  4843.25 1.0555e-12   4859.79 1 
  4845.99 1.0049e-12   4862.54 1 
  4848.73 9.8909e-13   4865.29 1 
  4851.47 9.5179e-13   4868.04 1 
  4854.21 9.8956e-13   4870.79 1 
  4856.95 1.0044e-12   4873.54 1 
  4859.69 1.0090e-12   4876.29 1 
  4862.43 1.0130e-12   4879.04 1 
  4865.17 1.0121e-12   4881.79 1 
  4867.91 9.6036e-13   4884.54 1 
  4870.65 9.3069e-13   4887.29 1 
  4873.39 9.2313e-13   4890.04 1 
  4876.13 9.0643e-13   4892.79 1 
  4878.87 9.1596e-13   4895.54 1 
  4881.61 9.1143e-13   4898.29 1 
  4884.36 9.2805e-13   4901.04 1 
  4887.10 9.6947e-13   4903.79 1 
  4889.84 9.8844e-13   4906.54 1 
  4892.58 9.5463e-13   4909.29 1 
  4895.32 9.1452e-13   4912.04 1 
  4898.06 9.0411e-13   4914.79 1 
  4900.80 9.9778e-13   4917.54 1 
  4903.54 1.0045e-12   4920.29 1 
  4906.28 1.0058e-12   4923.04 1 
  4909.02 1.0673e-12   4925.79 1 
  4911.76 1.0473e-12   4928.54 1 
  4914.50 1.0726e-12   4931.29 1 
  4917.24 1.0071e-12   4934.04 1 
  4919.98 9.5465e-13   4936.79 1 
  4922.72 1.0101e-12   4939.54 1 
  4925.46 9.8180e-13   4942.29 1 
  4928.21 9.9685e-13   4945.04 1 
  4930.95 9.0471e-13   4947.79 1 
  4933.69 9.4300e-13   4950.54 1 
  4936.43 1.0514e-12   4953.29 1 
  4939.17 1.0450e-12   4956.04 1 
  4941.91 1.0291e-12   4958.79 1 
  4944.65 1.0295e-12   4961.54 1 
  4947.39 9.9728e-13   4964.29 1 
  4950.13 9.9356e-13   4967.04 1 
  4952.87 1.0393e-12   4969.79 1 
  4955.61 1.0742e-12   4972.54 1 
  4958.35 1.0392e-12   4975.29 1 
  4961.09 1.0734e-12   4978.04 1 
  4963.83 1.0450e-12   4980.79 1 
  4966.57 1.0343e-12   4983.54 1 
  4969.31 1.0748e-12   4986.29 1 
  4972.06 1.0428e-12   4989.04 1 
  4974.80 1.0618e-12   4991.79 1 
  4977.54 1.0632e-12   4994.54 1 
  4980.28 1.0010e-12   4997.29 1 
  4983.02 9.8734e-13   5000.04 1 
  4985.76 9.7457e-13   5002.79 1 
  4988.50 9.9694e-13   5005.54 1 
  4991.24 9.9552e-13   5008.29 1 
  4993.98 9.4538e-13   5011.04 1 
  4996.72 9.1849e-13   5013.79 1 
  4999.46 9.5199e-13   5016.54 1 
  5002.20 9.8763e-13   5019.29 1 
  5004.94 9.5112e-13   5022.04 1 
  5007.68 9.4062e-13   5024.79 1 
  5010.42 9.8821e-13   5027.54 1 
  5013.17 9.9974e-13   5030.29 1 
  5015.91 9.7141e-13   5033.04 1 
  5018.65 9.5657e-13   5035.79 1 
  5021.39 9.8726e-13   5038.54 1 
  5024.13 9.7090e-13   5041.29 1 
  5026.87 9.0009e-13   5044.04 1 
  5029.61 8.8768e-13   5046.79 1 
  5032.35 9.3080e-13   5049.54 1 
  5035.09 9.5669e-13   5052.29 1 
  5037.83 9.5568e-13   5055.04 1 
  5040.57 8.9964e-13   5057.79 1 
  5043.31 8.3183e-13   5060.54 1 
  5046.05 8.3469e-13   5063.29 1 
  5048.79 9.1898e-13   5066.04 1 
  5051.53 9.4336e-13   5068.79 1 
  5054.27 9.4238e-13   5071.54 1 
  5057.02 9.4125e-13   5074.29 1 
  5059.76 9.3785e-13   5077.04 1 
  5062.50 9.6433e-13   5079.79 1 
  5065.24 9.6299e-13   5082.54 1 
  5067.98 9.6587e-13   5085.29 1 
  5070.72 9.2750e-13   5088.04 1 
  5073.46 9.5236e-13   5090.79 1 
  5076.20 9.6114e-13   5093.54 1 
  5078.94 9.3034e-13   5096.29 1 
  5081.68 9.3640e-13   5099.04 1 
  5084.42 9.6023e-13   5101.79 1 
  5087.16 9.2005e-13   5104.54 1 
  5089.90 9.2367e-13   5107.29 1 
  5092.64 9.2405e-13   5110.04 1 
  5095.38 9.0175e-13   5112.79 1 
  5098.12 9.3451e-13   5115.54 1 
  5100.87 9.4414e-13   5118.29 1 
  5103.61 9.4433e-13   5121.04 1 
  5106.35 9.3479e-13   5123.79 1 
  5109.09 9.0598e-13   5126.54 1 
  5111.83 8.7104e-13   5129.29 1 
  5114.57 8.7820e-13   5132.04 1 
  5117.31 9.0784e-13   5134.79 1 
  5120.05 9.4672e-13   5137.54 1 
  5122.79 9.7539e-13   5140.29 1 
  5125.53 9.9531e-13   5143.04 1 
  5128.27 9.6391e-13   5145.79 1 
  5131.01 8.5828e-13   5148.54 1 
  5133.75 8.7828e-13   5151.29 1 
  5136.49 9.0174e-13   5154.04 1 
  5139.23 8.7191e-13   5156.79 1 
  5141.98 8.5471e-13   5159.54 1 
  5144.72 9.0646e-13   5162.29 1 
  5147.46 9.6366e-13   5165.04 1 
  5150.20 9.3574e-13   5167.79 1 
  5152.94 9.0801e-13   5170.54 1 
  5155.68 8.8689e-13   5173.29 1 
  5158.42 8.8131e-13   5176.04 1 
  5161.16 8.6889e-13   5178.79 1 
  5163.90 8.4647e-13   5181.54 1 
  5166.64 8.4247e-13   5184.29 1 
  5169.38 8.2113e-13   5187.04 1 
  5172.12 8.0386e-13   5189.79 1 
  5174.86 8.4907e-13   5192.54 1 
  5177.60 8.1650e-13   5195.29 1 
  5180.34 7.6170e-13   5198.04 1 
  5183.08 7.4890e-13   5200.79 1 
  5185.83 7.6470e-13   5203.54 1 
  5188.57 7.9267e-13   5206.29 1 
  5191.31 8.1058e-13   5209.04 1 
  5194.05 7.8912e-13   5211.79 1 
  5196.79 7.8849e-13   5214.54 1 
  5199.53 8.7256e-13   5217.29 1 
  5202.27 8.8833e-13   5220.04 1 
  5205.01 8.8850e-13   5222.79 1 
  5207.75 9.3476e-13   5225.54 1 
  5210.49 9.1224e-13   5228.29 1 
  5213.23 8.8942e-13   5231.04 1 
  5215.97 9.1393e-13   5233.79 1 
  5218.71 9.3328e-13   5236.54 1 
  5221.45 9.4896e-13   5239.29 1 
  5224.19 9.7621e-13   5242.04 1 
  5226.93 9.7446e-13   5244.79 1 
  5229.68 9.5751e-13   5247.54 1 
  5232.42 9.4458e-13   5250.29 1 
  5235.16 9.3887e-13   5253.04 1 
  5237.90 9.5910e-13   5255.79 1 
  5240.64 9.9449e-13   5258.54 1 
  5243.38 9.9731e-13   5261.29 1 
  5246.12 9.9149e-13   5264.04 1 
  5248.86 1.0123e-12   5266.79 1 
  5251.60 1.0612e-12   5269.54 1 
  5254.34 1.0344e-12   5272.29 1 
  5257.08 1.0293e-12   5275.04 1 
  5259.82 1.0537e-12   5277.79 1 
  5262.56 1.0415e-12   5280.54 1 
  5265.30 1.0127e-12   5283.29 1 
  5268.04 1.0069e-12   5286.04 1 
  5270.79 9.5533e-13   5288.79 1 
  5273.53 9.0670e-13   5291.54 1 
  5276.27 8.9566e-13   5294.29 1 
  5279.01 9.2810e-13   5297.04 1 
  5281.75 9.5396e-13   5299.79 1 
  5284.49 9.1936e-13   5302.54 1 
  5287.23 9.3718e-13   5305.29 1 
  5289.97 9.9028e-13   5308.04 1 
  5292.71 1.0369e-12   5310.79 1 
  5295.45 1.0504e-12   5313.54 1 
  5298.19 1.0686e-12   5316.29 1 
  5300.93 1.1056e-12   5319.04 1 
  5303.67 1.0953e-12   5321.79 1 
  5306.41 1.1198e-12   5324.54 1 
  5309.15 1.0437e-12   5327.29 1 
  5311.89 1.0359e-12   5330.04 1 
  5314.64 1.1250e-12   5332.79 1 
  5317.38 1.1856e-12   5335.54 1 
  5320.12 1.1453e-12   5338.29 1 
  5322.86 1.1189e-12   5341.04 1 
  5325.60 1.1541e-12   5343.79 1 
  5328.34 1.1493e-12   5346.54 1 
  5331.08 1.1220e-12   5349.29 1 
  5333.82 1.0621e-12   5352.04 1 
  5336.56 1.0044e-12   5354.79 1 
  5339.30 1.0318e-12   5357.54 1 
  5342.04 1.0808e-12   5360.29 1 
  5344.78 1.0960e-12   5363.04 1 
  5347.52 1.0679e-12   5365.79 1 
  5350.26 1.0588e-12   5368.54 1 
  5353.00 1.0684e-12   5371.29 1 
  5355.74 1.1121e-12   5374.04 1 
  5358.49 1.1298e-12   5376.79 1 
  5361.23 1.1361e-12   5379.54 1 
  5363.97 1.1354e-12   5382.29 1 
  5366.71 1.1284e-12   5385.04 1 
  5369.45 1.1609e-12   5387.79 1 
  5372.19 1.1436e-12   5390.54 1 
  5374.93 1.1451e-12   5393.29 1 
  5377.67 1.0876e-12   5396.04 1 
  5380.41 1.1061e-12   5398.79 1 
  5383.15 1.1354e-12   5401.54 1 
  5385.89 1.0926e-12   5404.29 1 
  5388.63 1.1034e-12   5407.04 1 
  5391.37 1.0902e-12   5409.79 1 
  5394.11 1.0592e-12   5412.54 1 
  5396.85 1.0477e-12   5415.29 1 
  5399.60 1.0682e-12   5418.04 1 
  5402.34 1.0715e-12   5420.79 1 
  5405.08 1.0581e-12   5423.54 1 
  5407.82 1.0574e-12   5426.29 1 
  5410.56 1.0242e-12   5429.04 1 
  5413.30 1.0358e-12   5431.79 1 
  5416.04 1.0161e-12   5434.54 1 
  5418.78 1.0189e-12   5437.29 1 
  5421.52 9.9879e-13   5440.04 1 
  5424.26 1.0356e-12   5442.79 1 
  5427.00 1.0898e-12   5445.54 1 
  5429.74 1.1511e-12   5448.29 1 
  5432.48 1.1432e-12   5451.04 1 
  5435.22 1.0814e-12   5453.79 1 
  5437.96 1.0337e-12   5456.54 1 
  5440.70 1.0342e-12   5459.29 1 
  5443.45 1.0448e-12   5462.04 1 
  5446.19 1.1972e-12   5464.79 1 
  5448.93 1.1993e-12   5467.54 1 
  5451.67 1.1239e-12   5470.29 1 
  5454.41 1.1149e-12   5473.04 1 
  5457.15 1.0955e-12   5475.79 1 
  5459.89 1.0394e-12   5478.54 1 
  5462.63 1.0960e-12   5481.29 1 
  5465.37 1.0989e-12   5484.04 1 
  5468.11 1.0931e-12   5486.79 1 
  5470.85 1.0582e-12   5489.54 1 
  5473.59 1.0589e-12   5492.29 1 
  5476.33 1.0966e-12   5495.04 1 
  5479.07 1.0971e-12   5497.79 1 
  5481.81 1.0779e-12   5500.54 1 
  5484.55 1.0205e-12   5503.29 1 
  5487.30 1.0112e-12   5506.04 1 
  5490.04 1.0340e-12   5508.79 1 
  5492.78 1.0834e-12   5511.54 1 
  5495.52 1.0989e-12   5514.29 1 
  5498.26 1.1173e-12   5517.04 1 
  5501.00 1.0748e-12   5519.79 1 
  5503.74 1.1057e-12   5522.54 1 
  5506.48 1.1193e-12   5525.29 1 
  5509.22 1.1097e-12   5528.04 1 
  5511.96 1.0871e-12   5530.79 1 
  5514.70 1.0520e-12   5533.54 1 
  5517.44 1.0976e-12   5536.29 1 
  5520.18 1.0479e-12   5539.04 1 
  5522.92 1.0299e-12   5541.79 1 
  5525.66 1.0738e-12   5544.54 1 
  5528.41 1.0401e-12   5547.29 1 
  5531.15 1.1269e-12   5550.04 1 
  5533.89 1.1278e-12   5552.79 1 
  5536.63 1.0872e-12   5555.54 1 
  5539.37 1.0570e-12   5558.29 1 
  5542.11 1.0526e-12   5561.04 1 
  5544.85 1.1233e-12   5563.79 1 
  5547.59 1.0795e-12   5566.54 1 
  5550.33 1.1106e-12   5569.29 1 
  5553.07 1.0424e-12   5572.04 1 
  5555.81 1.1238e-12   5574.79 1 
  5558.55 1.1261e-12   5577.54 1 
  5561.29 1.0778e-12   5580.29 1 
  5564.03 1.1444e-12   5583.04 1 
  5566.77 1.1274e-12   5585.79 1 
  5569.51 1.1460e-12   5588.54 1 
  5572.26 1.1078e-12   5591.29 1 
  5575.00 1.0709e-12   5594.04 1 
  5577.74 1.0952e-12   5596.79 1 
  5580.48 9.9739e-13   5599.54 1 
  5583.22 1.0848e-12   5602.29 1 
  5585.96 1.0645e-12   5605.04 1 
  5588.70 1.1067e-12   5607.79 1 
  5591.44 1.0263e-12   5610.54 1 
  5594.18 1.0300e-12   5613.29 1 
  5596.92 1.0001e-12   5616.04 1 
  5599.66 1.0672e-12   5618.79 1 
  5602.40 1.0268e-12   5621.54 1 
  5605.14 1.0131e-12   5624.29 1 
  5607.88 1.0786e-12   5627.04 1 
  5610.62 1.0739e-12   5629.79 1 
  5613.36 1.0877e-12   5632.54 1 
  5616.11 1.0848e-12   5635.29 1 
  5618.85 1.1623e-12   5638.04 1 
  5621.59 1.1395e-12   5640.79 1 
  5624.33 1.1285e-12   5643.54 1 
  5627.07 1.0787e-12   5646.29 1 
  5629.81 1.0322e-12   5649.04 1 
  5632.55 1.0527e-12   5651.79 1 
  5635.29 1.0622e-12   5654.54 1 
  5638.03 1.0460e-12   5657.29 1 
  5640.77 1.1307e-12   5660.04 1 
  5643.51 1.0585e-12   5662.79 1 
  5646.25 1.1472e-12   5665.54 1 
  5648.99 1.0396e-12   5668.29 1 
  5651.73 1.0792e-12   5671.04 1 
  5654.47 1.0313e-12   5673.79 1 
  5657.21 1.1726e-12   5676.54 1 
  5659.96 1.1955e-12   5679.29 1 
  5662.70 1.1687e-12   5682.04 1 
  5665.44 1.1427e-12   5684.79 1 
  5668.18 1.1000e-12   5687.54 1 
  5670.92 1.1042e-12   5690.29 1 
  5673.66 1.1598e-12   5693.04 1 
  5676.40 1.2054e-12   5695.79 1 
  5679.14 1.2113e-12   5698.54 1 
  5681.88 1.1250e-12   5701.29 1 
  5684.62 1.0876e-12   5704.04 1 
  5687.36 1.1050e-12   5706.79 1 
  5690.10 1.1753e-12   5709.54 1 
  5692.84 1.1702e-12   5712.29 1 
  5695.58 1.0343e-12   5715.04 1 
  5698.32 1.0869e-12   5717.79 1 
  5701.07 1.1034e-12   5720.54 1 
  5703.81 1.1210e-12   5723.29 1 
  5706.55 1.1441e-12   5726.04 1 
  5709.29 1.1011e-12   5728.79 1 
  5712.03 1.1141e-12   5731.54 1 
  5714.77 1.0575e-12   5734.29 1 
  5717.51 1.0119e-12   5737.04 1 
  5720.25 1.0639e-12   5739.79 1 
  5722.99 1.0389e-12   5742.54 1 
  5725.73 1.0666e-12   5745.29 1 
  5728.47 1.0820e-12   5748.04 1 
  5731.21 1.1796e-12   5750.79 1 
  5733.95 1.0957e-12   5753.54 1 
  5736.69 1.1285e-12   5756.29 1 
  5739.43 1.1888e-12   5759.04 1 
  5742.17 1.1816e-12   5761.79 1 
  5744.92 1.1921e-12   5764.54 1 
  5747.66 1.1693e-12   5767.29 1 
  5750.40 1.1459e-12   5770.04 1 
  5753.14 1.1751e-12   5772.79 1 
  5755.88 1.2245e-12   5775.54 1 
  5758.62 1.1244e-12   5778.29 1 
  5761.36 1.1082e-12   5781.04 1 
  5764.10 1.0793e-12   5783.79 1 
  5766.84 1.0833e-12   5786.54 1 
  5769.58 1.1756e-12   5789.29 1 
  5772.32 1.2172e-12   5792.04 1 
  5775.06 1.1675e-12   5794.79 1 
  5777.80 1.2049e-12   5797.54 1 
  5780.54 1.2288e-12   5800.29 1 
  5783.28 1.2018e-12   5803.04 1 
  5786.02 1.1585e-12   5805.79 1 
  5788.77 1.1713e-12   5808.54 1 
  5791.51 1.1422e-12   5811.29 1 
  5794.25 1.1343e-12   5814.04 1 
  5796.99 1.0847e-12   5816.79 1 
  5799.73 1.1246e-12   5819.54 1 
  5802.47 1.1463e-12   5822.29 1 
  5805.21 1.1041e-12   5825.04 1 
  5807.95 1.0988e-12   5827.79 1 
  5810.69 1.1222e-12   5830.54 1 
  5813.43 1.2422e-12   5833.29 1 
  5816.17 1.1741e-12   5836.04 1 
  5818.91 1.1149e-12   5838.79 1 
  5821.65 1.1696e-12   5841.54 1 
  5824.39 1.2149e-12   5844.29 1 
  5827.13 1.2193e-12   5847.04 1 
  5829.88 1.1813e-12   5849.79 1 
  5832.62 1.1298e-12   5852.54 1 
  5835.36 1.1736e-12   5855.29 1 
  5838.10 1.1580e-12   5858.04 1 
  5840.84 1.2228e-12   5860.79 1 
  5843.58 1.2413e-12   5863.54 1 
  5846.32 1.2170e-12   5866.29 1 
  5849.06 1.1972e-12   5869.04 1 
  5851.80 1.1581e-12   5871.79 1 
  5854.54 1.1795e-12   5874.54 1 
  5857.28 1.2120e-12   5877.29 1 
  5860.02 1.1762e-12   5880.04 1 
  5862.76 1.1182e-12   5882.79 1 
  5865.50 1.0725e-12   5885.54 1 
  5868.24 1.1611e-12   5888.29 1 
  5870.98 1.1247e-12   5891.04 1 
  5873.73 1.0286e-12   5893.79 1 
  5876.47 1.1367e-12   5896.54 1 
  5879.21 9.0309e-13   5899.29 1 
  5881.95 7.7909e-13   5902.04 1 
  5884.69 6.7323e-13   5904.79 1 
  5887.43 6.6419e-13   5907.54 1 
  5890.17 7.7858e-13   5910.29 1 
  5892.91 8.4776e-13   5913.04 1 
  5895.65 9.0234e-13   5915.79 1 
  5898.39 9.3167e-13   5918.54 1 
  5901.13 9.6864e-13   5921.29 1 
  5903.87 9.8273e-13   5924.04 1 
  5906.61 9.7132e-13   5926.79 1 
  5909.35 9.5558e-13   5929.54 1 
  5912.09 1.0309e-12   5932.29 1 
  5914.83 1.1441e-12   5935.04 1 
  5917.58 1.1488e-12   5937.79 1 
  5920.32 1.1055e-12   5940.54 1 
  5923.06 1.1287e-12   5943.29 1 
  5925.80 1.1497e-12   5946.04 1 
  5928.54 1.1830e-12   5948.79 1 
  5931.28 1.1468e-12   5951.54 1 
  5934.02 1.1412e-12   5954.29 1 
  5936.76 1.2305e-12   5957.04 1 
  5939.50 1.2448e-12   5959.79 1 
  5942.24 1.2257e-12   5962.54 1 
  5944.98 1.1034e-12   5965.29 1 
  5947.72 1.0599e-12   5968.04 1 
  5950.46 1.1027e-12   5970.79 1 
  5953.20 1.1625e-12   5973.54 1 
  5955.94 1.2236e-12   5976.29 1 
  5958.69 1.1599e-12   5979.04 1 
  5961.43 1.1425e-12   5981.79 1 
  5964.17 1.1169e-12   5984.54 1 
  5966.91 1.0934e-12   5987.29 1 
  5969.65 1.0874e-12   5990.04 1 
  5972.39 1.1227e-12   5992.79 1 
  5975.13 1.0820e-12   5995.54 1 
  5977.87 1.1957e-12   5998.29 1 
  5980.61 1.2118e-12   6001.04 1 
  5983.35 1.1884e-12   6003.79 1 
  5986.09 1.1578e-12   6006.54 1 
  5988.83 1.1547e-12   6009.29 1 
  5991.57 1.1386e-12   6012.04 1 
  5994.31 1.0850e-12   6014.79 1 
  5997.05 1.1513e-12   6017.54 1 
  5999.79 1.1744e-12   6020.29 1 
  6002.54 1.1237e-12   6023.04 1 
  6005.28 1.1489e-12   6025.79 1 
  6008.02 1.0837e-12   6028.54 1 
  6010.76 1.0970e-12   6031.29 1 
  6013.50 1.0938e-12   6034.04 1 
  6016.24 1.1286e-12   6036.79 1 
  6018.98 1.0640e-12   6039.54 1 
  6021.72 1.1532e-12   6042.29 1 
  6024.46 1.1121e-12   6045.04 1 
  6027.20 1.1002e-12   6047.79 1 
  6029.94 1.1282e-12   6050.54 1 
  6032.68 1.1228e-12   6053.29 1 
  6035.42 1.1123e-12   6056.04 1 
  6038.16 1.0964e-12   6058.79 1 
  6040.90 1.0900e-12   6061.54 1 
  6043.64 1.1503e-12   6064.29 1 
  6046.39 1.1726e-12   6067.04 1 
  6049.13 1.1871e-12   6069.79 1 
  6051.87 1.1676e-12   6072.54 1 
  6054.61 1.1987e-12   6075.29 1 
  6057.35 1.0689e-12   6078.04 1 
  6060.09 1.1981e-12   6080.79 1 
  6062.83 1.1562e-12   6083.54 1 
  6065.57 1.1779e-12   6086.29 1 
  6068.31 1.2047e-12   6089.04 1 
  6071.05 1.2254e-12   6091.79 1 
  6073.79 1.1567e-12   6094.54 1 
  6076.53 1.1240e-12   6097.29 1 
  6079.27 1.1497e-12   6100.04 1 
  6082.01 1.1833e-12   6102.79 1 
  6084.75 1.1138e-12   6105.54 1 
  6087.50 1.1795e-12   6108.29 1 
  6090.24 1.1424e-12   6111.04 1 
  6092.98 1.0836e-12   6113.79 1 
  6095.72 1.1883e-12   6116.54 1 
  6098.46 1.0991e-12   6119.29 1 
  6101.20 1.1576e-12   6122.04 1 
  6103.94 1.0937e-12   6124.79 1 
  6106.68 1.1127e-12   6127.54 1 
  6109.42 1.1644e-12   6130.29 1 
  6112.16 1.1111e-12   6133.04 1 
  6114.90 1.1068e-12   6135.79 1 
  6117.64 1.1339e-12   6138.54 1 
  6120.38 1.1409e-12   6141.29 1 
  6123.12 1.1773e-12   6144.04 1 
  6125.86 1.1670e-12   6146.79 1 
  6128.60 1.0676e-12   6149.54 1 
  6131.35 1.1383e-12   6152.29 1 
  6134.09 1.0514e-12   6155.04 1 
  6136.83 1.2160e-12   6157.79 1 
  6139.57 1.1540e-12   6160.54 1 
  6142.31 1.2168e-12   6163.29 1 
  6145.05 1.0757e-12   6166.04 1 
  6147.79 1.1570e-12   6168.79 1 
  6150.53 1.1503e-12   6171.54 1 
  6153.27 1.0860e-12   6174.29 1 
  6156.01 1.1413e-12   6177.04 1 
  6158.75 1.1876e-12   6179.79 1 
  6161.49 1.1571e-12   6182.54 1 
  6164.23 1.1446e-12   6185.29 1 
  6166.97 1.0841e-12   6188.04 1 
  6169.71 9.8104e-13   6190.79 1 
  6172.45 1.0146e-12   6193.54 1 
  6175.20 1.0490e-12   6196.29 1 
  6177.94 1.0727e-12   6199.04 1 
  6180.68 1.0375e-12   6201.79 1 
  6183.42 1.0570e-12   6204.54 1 
  6186.16 1.0567e-12   6207.29 1 
  6188.90 1.0209e-12   6210.04 1 
  6191.64 1.0921e-12   6212.79 1 
  6194.38 1.1108e-12   6215.54 1 
  6197.12 1.0828e-12   6218.29 1 
  6199.86 1.0854e-12   6221.04 1 
  6202.60 1.0794e-12   6223.79 1 
  6205.34 1.0945e-12   6226.54 1 
  6208.08 1.1058e-12   6229.29 1 
  6210.82 1.0723e-12   6232.04 1 
  6213.56 1.0905e-12   6234.79 1 
  6216.31 1.1047e-12   6237.54 1 
  6219.05 1.1095e-12   6240.29 1 
  6221.79 1.1240e-12   6243.04 1 
  6224.53 1.0370e-12   6245.79 1 
  6227.27 1.0051e-12   6248.54 1 
  6230.01 9.9622e-13   6251.29 1 
  6232.75 1.0844e-12   6254.04 1 
  6235.49 1.1018e-12   6256.79 1 
  6238.23 1.0287e-12   6259.54 1 
  6240.97 1.0497e-12   6262.29 1 
  6243.71 1.1050e-12   6265.04 1 
  6246.45 1.0651e-12   6267.79 1 
  6249.19 9.8125e-13   6270.54 1 
  6251.93 9.7606e-13   6273.29 1 
  6254.67 9.8479e-13   6276.04 1 
  6257.41 1.1066e-12   6278.79 1 
  6260.16 1.0561e-12   6281.54 1 
  6262.90 1.0695e-12   6284.29 1 
  6265.64 1.0639e-12   6287.04 1 
  6268.38 1.0106e-12   6289.79 1 
  6271.12 9.8789e-13   6292.54 1 
  6273.86 1.0326e-12   6295.29 1 
  6276.60 1.0100e-12   6298.04 1 
  6279.34 1.0988e-12   6300.79 1 
  6282.08 1.0611e-12   6303.54 1 
  6284.82 1.0599e-12   6306.29 1 
  6287.56 1.8986e-12   6309.04 1 
  6290.30 1.5734e-12   6311.79 1 
  6293.04 1.2815e-12   6314.54 1 
  6295.78 1.0587e-12   6317.29 1 
  6298.52 1.0276e-12   6320.04 1 
  6301.26 1.0669e-12   6322.79 1 
  6304.01 1.0280e-12   6325.54 1 
  6306.75 1.0829e-12   6328.29 1 
  6309.49 1.1300e-12   6331.04 1 
  6312.23 1.0906e-12   6333.79 1 
  6314.97 1.0931e-12   6336.54 1 
  6317.71 1.0608e-12   6339.29 1 
  6320.45 1.1535e-12   6342.04 1 
  6323.19 1.0269e-12   6344.79 1 
  6325.93 1.1362e-12   6347.54 1 
  6328.67 1.0727e-12   6350.29 1 
  6331.41 1.0908e-12   6353.04 1 
  6334.15 1.0367e-12   6355.79 1 
  6336.89 1.1114e-12   6358.54 1 
  6339.63 1.1777e-12   6361.29 1 
  6342.37 1.0337e-12   6364.04 1 
  6345.12 1.1222e-12   6366.79 1 
  6347.86 1.1495e-12   6369.54 1 
  6350.60 1.1454e-12   6372.29 1 
  6353.34 1.1413e-12   6375.04 1 
  6356.08 1.0479e-12   6377.79 1 
  6358.82 1.1010e-12   6380.54 1 
  6361.56 1.1181e-12   6383.29 1 
  6364.30 1.1631e-12   6386.04 1 
  6367.04 1.1170e-12   6388.79 1 
  6369.78 9.9558e-13   6391.54 1 
  6372.52 1.0410e-12   6394.29 1 
  6375.26 1.1070e-12   6397.04 1 
  6378.00 1.0397e-12   6399.79 1 
  6380.74 1.0678e-12   6402.54 1 
  6383.48 1.1159e-12   6405.29 1 
  6386.22 1.0479e-12   6408.04 1 
  6388.97 1.1454e-12   6410.79 1 
  6391.71 1.1299e-12   6413.54 1 
  6394.45 9.9800e-13   6416.29 1 
  6397.19 1.1367e-12   6419.04 1 
  6399.93 1.1803e-12   6421.79 1 
  6402.67 1.0933e-12   6424.54 1 
  6405.41 1.1280e-12   6427.29 1 
  6408.15 1.1308e-12   6430.04 1 
  6410.89 1.1100e-12   6432.79 1 
  6413.63 1.1047e-12   6435.54 1 
  6416.37 1.0937e-12   6438.29 1 
  6419.11 1.1269e-12   6441.04 1 
  6421.85 1.1565e-12   6443.79 1 
  6424.59 1.1024e-12   6446.54 1 
  6427.33 1.1687e-12   6449.29 1 
  6430.07 1.1629e-12   6452.04 1 
  6432.82 1.0856e-12   6454.79 1 
  6435.56 1.0736e-12   6457.54 1 
  6438.30 1.1543e-12   6460.29 1 
  6441.04 1.1278e-12   6463.04 1 
  6443.78 1.1564e-12   6465.79 1 
  6446.52 1.2168e-12   6468.54 1 
  6449.26 1.1587e-12   6471.29 1 
  6452.00 1.0681e-12   6474.04 1 
  6454.74 1.1436e-12   6476.79 1 
  6457.48 1.1327e-12   6479.54 1 
  6460.22 1.1210e-12   6482.29 1 
  6462.96 1.1344e-12   6485.04 1 
  6465.70 1.0985e-12   6487.79 1 
  6468.44 1.1075e-12   6490.54 1 
  6471.18 1.0875e-12   6493.29 1 
  6473.93 1.1094e-12   6496.04 1 
  6476.67 1.1153e-12   6498.79 1 
  6479.41 1.1505e-12   6501.54 1 
  6482.15 1.1481e-12   6504.29 1 
  6484.89 1.0961e-12   6507.04 1 
  6487.63 1.0859e-12   6509.79 1 
  6490.37 1.0838e-12   6512.54 1 
  6493.11 1.0856e-12   6515.29 1 
  6495.85 1.0869e-12   6518.04 1 
  6498.59 1.0981e-12   6520.79 1 
  6501.33 1.1012e-12   6523.54 1 
  6504.07 1.0473e-12   6526.29 1 
  6506.81 1.0968e-12   6529.04 1 
  6509.55 1.0731e-12   6531.79 1 
  6512.29 1.0999e-12   6534.54 1 
  6515.03 1.1228e-12   6537.29 1 
  6517.78 1.2108e-12   6540.04 1 
  6520.52 1.2048e-12   6542.79 1 
  6523.26 1.0619e-12   6545.54 1 
  6526.00 1.1342e-12   6548.29 1 
  6528.74 1.1340e-12   6551.04 1 
  6531.48 1.1381e-12   6553.79 1 
  6534.22 1.2078e-12   6556.54 1 
  6536.96 1.1383e-12   6559.29 1 
  6539.70 1.1240e-12   6562.04 1 
  6542.44 1.1253e-12   6564.79 1 
  6545.18 1.1370e-12   6567.54 1 
  6547.92 1.1442e-12   6570.29 1 
  6550.66 1.1120e-12   6573.04 1 
  6553.40 1.1514e-12   6575.79 1 
  6556.14 1.1451e-12   6578.54 1 
  6558.88 1.1903e-12   6581.29 1 
  6561.63 1.1822e-12   6584.04 1 
  6564.37 1.0954e-12   6586.79 1 
  6567.11 1.1280e-12   6589.54 1 
  6569.85 1.1546e-12   6592.29 1 
  6572.59 1.1120e-12   6595.04 1 
  6575.33 1.1137e-12   6597.79 1 
  6578.07 1.0788e-12   6600.54 1 
  6580.81 1.1651e-12   6603.29 1 
  6583.55 1.1106e-12   6606.04 1 
  6586.29 1.1423e-12   6608.79 1 
  6589.03 1.1278e-12   6611.54 1 
  6591.77 1.1811e-12   6614.29 1 
  6594.51 1.1340e-12   6617.04 1 
  6597.25 1.1042e-12   6619.79 1 
  6599.99 1.1118e-12   6622.54 1 
  6602.74 1.0925e-12   6625.29 1 
  6605.48 1.1711e-12   6628.04 1 
  6608.22 1.1716e-12   6630.79 1 
  6610.96 1.1316e-12   6633.54 1 
  6613.70 1.1185e-12   6636.29 1 
  6616.44 1.1620e-12   6639.04 1 
  6619.18 1.1055e-12   6641.79 1 
  6621.92 1.1355e-12   6644.54 1 
  6624.66 1.1610e-12   6647.29 1 
  6627.40 1.1308e-12   6650.04 1 
  6630.14 1.1578e-12   6652.79 1 
  6632.88 1.1349e-12   6655.54 1 
  6635.62 1.0661e-12   6658.29 1 
  6638.36 1.1395e-12   6661.04 1 
  6641.10 1.0994e-12   6663.79 1 
  6643.84 1.0577e-12   6666.54 1 
  6646.59 1.0830e-12   6669.29 1 
  6649.33 1.1398e-12   6672.04 1 
  6652.07 1.1859e-12   6674.79 1 
  6654.81 1.1625e-12   6677.54 1 
  6657.55 1.1076e-12   6680.29 1 
  6660.29 1.0920e-12   6683.04 1 
  6663.03 1.0952e-12   6685.79 1 
  6665.77 1.1404e-12   6688.54 1 
  6668.51 1.1539e-12   6691.29 1 
  6671.25 1.1129e-12   6694.04 1 
  6673.99 1.0563e-12   6696.79 1 
  6676.73 1.0472e-12   6699.54 1 
  6679.47 1.0659e-12   6702.29 1 
  6682.21 1.0871e-12   6705.04 1 
  6684.95 1.0729e-12   6707.79 1 
  6687.69 1.0719e-12   6710.54 1 
  6690.44 1.1479e-12   6713.29 1 
  6693.18 1.1812e-12   6716.04 1 
  6695.92 1.1187e-12   6718.79 1 
  6698.66 1.1094e-12   6721.54 1 
  6701.40 1.1031e-12   6724.29 1 
  6704.14 1.1124e-12   6727.04 1 
  6706.88 1.1093e-12   6729.79 1 
  6709.62 1.0668e-12   6732.54 1 
  6712.36 1.0627e-12   6735.29 1 
  6715.10 1.1489e-12   6738.04 1 
  6717.84 1.1435e-12   6740.79 1 
  6720.58 1.1137e-12   6743.54 1 
  6723.32 1.0822e-12   6746.29 1 
  6726.06 1.0883e-12   6749.04 1 
  6728.80 1.0913e-12   6751.79 1 
  6731.55 1.0995e-12   6754.54 1 
  6734.29 1.1308e-12   6757.29 1 
  6737.03 1.0778e-12   6760.04 1 
  6739.77 1.1002e-12   6762.79 1 
  6742.51 1.0415e-12   6765.54 1 
  6745.25 1.1297e-12   6768.29 1 
  6747.99 1.0956e-12   6771.04 1 
  6750.73 1.0693e-12   6773.79 1 
  6753.47 1.0917e-12   6776.54 1 
  6756.21 1.1248e-12   6779.29 1 
  6758.95 1.0489e-12   6782.04 1 
  6761.69 1.0630e-12   6784.79 1 
  6764.43 1.0898e-12   6787.54 1 
  6767.17 1.1205e-12   6790.29 1 
  6769.91 1.1307e-12   6793.04 1 
  6772.65 1.0624e-12   6795.79 1 
  6775.40 1.1376e-12   6798.54 1 
  6778.14 1.0801e-12   6801.29 1 
  6780.88 1.1080e-12   6804.04 1 
  6783.62 1.1053e-12   6806.79 1 
  6786.36 1.0467e-12   6809.54 1 
  6789.10 1.1422e-12   6812.29 1 
  6791.84 1.1557e-12   6815.04 1 
  6794.58 1.1356e-12   6817.79 1 
  6797.32 1.1377e-12   6820.54 1 
  6800.06 1.1689e-12   6823.29 1 
  6802.80 1.0351e-12   6826.04 1 
  6805.54 1.1394e-12   6828.79 1 
  6815.83 1.0906e-12   6839.12 0 
  6831.55 1.1183e-12   6854.88 0 
  6847.29 1.0458e-12   6870.68 0 
  6863.08 1.0576e-12   6886.52 0 
  6878.90 1.0597e-12   6902.40 0 
  6894.76 1.0594e-12   6918.31 0 
  6910.65 1.0690e-12   6934.26 0 
  6926.58 1.0711e-12   6950.24 0 
  6942.55 1.0983e-12   6966.26 0 
  6958.56 1.0879e-12   6982.33 0 
  6974.60 1.1310e-12   6998.42 0 
  6990.67 1.1281e-12   7014.55 0 
  7006.79 1.0820e-12   7030.72 0 
  7022.94 1.0474e-12   7046.93 0 
  7039.13 1.1194e-12   7063.18 0 
  7055.35 1.1718e-12   7079.46 0 
  7071.62 1.0659e-12   7095.78 0 
  7087.92 1.1082e-12   7112.14 0 
  7104.26 1.0459e-12   7128.53 0 
  7120.64 1.0384e-12   7144.96 0 
  7137.05 9.8907e-13   7161.43 0 
  7153.51 1.0072e-12   7177.94 0 
  7170.00 1.0232e-12   7194.49 0 
  7186.53 9.9964e-13   7211.08 0 
  7203.09 1.0086e-12   7227.70 0 
  7219.70 1.0510e-12   7244.36 0 
  7236.34 1.0604e-12   7261.06 0 
  7253.02 1.0479e-12   7277.80 0 
  7269.74 1.0333e-12   7294.57 0 
  7286.50 1.0619e-12   7311.39 0 
  7303.30 1.1014e-12   7328.25 0 
  7320.13 1.0835e-12   7345.14 0 
  7337.01 1.1007e-12   7362.07 0 
  7353.92 1.1157e-12   7379.04 0 
  7370.87 1.0775e-12   7396.05 0 
  7387.86 1.1410e-12   7413.10 0 
  7404.90 1.1407e-12   7430.19 0 
  7421.97 1.0840e-12   7447.32 0 
  7439.07 1.1218e-12   7464.49 0 
  7456.23 1.1396e-12   7481.70 0 
  7473.41 1.1578e-12   7498.94 0 
  7490.64 1.1389e-12   7516.23 0 
  7507.91 1.1598e-12   7533.56 0 
  7525.22 1.1755e-12   7550.92 0 
  7542.56 1.1806e-12   7568.33 0 
  7559.95 1.1534e-12   7585.78 0 
  7577.38 1.1320e-12   7603.26 0 
  7594.85 1.1110e-12   7620.79 0 
  7612.35 1.0979e-12   7638.36 0 
  7629.90 1.1077e-12   7655.97 0 
  7647.49 1.0997e-12   7673.61 0 
  7665.12 1.0596e-12   7691.30 0 
  7682.79 1.0569e-12   7709.04 0 
  7700.50 1.0639e-12   7726.81 0 
  7718.25 1.0586e-12   7744.62 0 
  7736.05 1.0510e-12   7762.47 0 
  7753.88 1.0291e-12   7780.37 0 
  7771.75 1.0601e-12   7798.30 0 
  7789.67 1.0404e-12   7816.28 0 
  7807.63 1.0353e-12   7834.30 0 
  7825.62 1.0887e-12   7852.36 0 
  7843.66 1.0251e-12   7870.46 0 
  7861.75 1.0657e-12   7888.60 0 
  7879.87 1.0604e-12   7906.79 0 
  7898.03 1.0798e-12   7925.01 0 
  7916.24 1.0333e-12   7943.28 0 
  7934.49 1.0377e-12   7961.59 0 
  7952.78 9.8610e-13   7979.95 0 
  7971.12 1.0394e-12   7998.34 0 
  7989.49 1.0559e-12   8016.78 0 
  8007.91 1.0221e-12   8035.26 0 
  8026.36 1.0848e-12   8053.78 0 
  8044.87 1.1021e-12   8072.35 0 
  8063.41 1.0966e-12   8090.96 0 
  8082.00 1.0493e-12   8109.61 0 
  8100.63 1.0064e-12   8128.31 0 
  8119.31 1.0755e-12   8147.04 0 
  8138.02 1.0826e-12   8165.82 0 
  8156.79 1.0455e-12   8184.65 0 
  8175.59 1.0500e-12   8203.52 0 
  8194.43 1.0234e-12   8222.43 0 
  8213.32 1.0762e-12   8241.38 0 
  8232.26 1.0562e-12   8260.38 0 
  8251.23 1.0730e-12   8279.42 0 
  8270.25 1.1078e-12   8298.51 0 
  8289.32 1.0575e-12   8317.64 0 
  8308.43 1.0523e-12   8336.81 0 
  8327.58 1.0280e-12   8356.03 0 
  8346.78 1.0136e-12   8375.29 0 
  8366.02 1.0561e-12   8394.60 0 
  8385.31 1.0222e-12   8413.95 0 
  8404.64 1.0481e-12   8433.35 0 
  8424.01 1.0525e-12   8452.79 0 
  8443.43 9.5739e-13   8472.27 0 
  8462.89 1.0091e-12   8491.80 0 
  8482.41 1.0157e-12   8511.38 0 
  8501.96 1.0084e-12   8531.00 0 
  8521.56 9.8736e-13   8550.67 0 
  8541.20 9.9385e-13   8570.38 0 
  8560.89 1.0027e-12   8590.14 0 
  8580.63 1.0046e-12   8609.94 0 
  8600.41 1.0020e-12   8629.79 0 
  8620.23 9.6760e-13   8649.68 0 
  8640.10 1.0128e-12   8669.62 0 
  8660.02 9.8715e-13   8689.60 0 
  8679.99 9.7326e-13   8709.64 0 
  8699.99 9.3771e-13   8729.71 0 
  8720.05 9.9063e-13   8749.84 0 
  8740.15 1.0227e-12   8770.01 0 
  8760.30 9.8536e-13   8790.23 0 
  8780.49 9.9870e-13   8810.49 0 
  8800.74 9.9603e-13   8830.80 0 
  8821.02 1.0212e-12   8851.16 0 
  8841.36 1.0279e-12   8871.56 0 
  8861.74 1.0299e-12   8892.01 0 
  8882.17 9.5638e-13   8912.51 0 
  8902.64 9.6265e-13   8933.05 0 
  8923.16 9.6896e-13   8953.65 0 
  8943.74 9.7981e-13   8974.29 0 
  8964.35 9.4402e-13   8994.98 0 
  8985.02 9.2857e-13   9015.71 0 
  9005.73 9.9690e-13   9036.50 0 
  9026.49 8.8001e-13   9057.33 0 
  9047.30 1.0170e-12   9078.20 0 
  9068.16 1.0213e-12   9099.13 0 
  9089.06 9.0989e-13   9120.11 0 
  9110.01 9.2859e-13   9141.13 0 
  9131.01 9.8323e-13   9162.20 0 
  9152.06 9.4730e-13   9183.33 0 
  9173.16 9.6232e-13   9204.50 0 
  9194.31 9.4657e-13   9225.71 0 
  9215.50 9.5716e-13   9246.98 0 
  9236.75 9.3501e-13   9268.30 0 
  9258.04 9.3249e-13   9289.66 0 
  9279.38 9.8964e-13   9311.08 0 
  9300.77 9.3391e-13   9332.54 0 
  9322.21 9.8431e-13   9354.06 0 
  9343.70 9.7941e-13   9375.62 0 
  9365.24 9.6336e-13   9397.23 0 
  9386.83 9.7863e-13   9418.90 0 
  9408.47 9.6038e-13   9440.61 0 
  9430.16 9.8463e-13   9462.37 0 
  9451.90 9.7073e-13   9484.18 0 
  9473.68 9.9066e-13   9506.05 0 
  9495.53 9.9026e-13   9527.96 0 
  9517.42 9.6956e-13   9549.93 0 
  9539.35 9.7813e-13   9571.94 0 
  9561.35 9.7101e-13   9594.01 0 
  9583.39 9.8638e-13   9616.12 0 
  9605.48 9.7245e-13   9638.29 0 
  9627.62 9.7879e-13   9660.51 0 
  9649.82 9.6053e-13   9682.78 0 
  9672.06 9.6235e-13   9705.10 0 
  9694.35 9.7309e-13   9727.47 0 
  9716.71 9.5714e-13   9749.90 0 
  9739.10 9.4797e-13   9772.37 0 
  9761.55 9.4976e-13   9794.90 0 
  9784.06 9.3419e-13   9817.48 0 
  9806.61 9.5775e-13   9840.11 0 
  9829.22 9.4857e-13   9862.79 0 
  9851.87 9.5255e-13   9885.53 0 
  9874.59 9.4559e-13   9908.32 0 
  9897.35 9.4520e-13   9931.16 0 
  9920.16 9.3183e-13   9954.05 0 
  9943.04 9.4222e-13   9977.00 0 
  9965.96 9.4182e-13  10000.00 0 
  9988.93 9.3925e-13  10023.05 0 
 10035.03 9.3845e-13  10069.31 0 
 10081.36 9.2691e-13  10115.80 0 
 10127.89 9.3467e-13  10162.49 0 
 10174.63 9.2317e-13  10209.39 0 
 10221.61 9.2448e-13  10256.52 0 
 10268.78 9.2580e-13  10303.86 0 
 10292.45 9.2114e-13  10327.61 0 
 10507.97 8.9037e-13  10543.86 0 
 10703.33 8.5369e-13  10739.90 0 
 10902.32 8.2851e-13  10939.56 0 
 11105.01 7.9305e-13  11142.94 0 
 11311.46 7.7678e-13  11350.10 0 
 11495.26 7.6966e-13  11534.53 0 
 11708.98 7.4869e-13  11748.98 0 
 11899.24 7.2327e-13  11939.88 0 
 12092.58 7.1007e-13  12133.89 0 
 12289.07 6.9871e-13  12331.05 0 
 12488.75 6.7967e-13  12531.41 0 
 12691.68 6.6420e-13  12735.03 0 
 12897.90 6.4908e-13  12941.96 0 
 13107.47 6.3724e-13  13152.25 0 
 13289.82 6.1987e-13  13335.21 0 
 13505.76 6.0855e-13  13551.89 0 
 13693.64 5.9745e-13  13740.42 0 
 13884.14 5.7584e-13  13931.57 0 
 14109.74 5.5373e-13  14157.94 0 
 14306.03 5.4488e-13  14354.90 0 
 14505.05 5.4866e-13  14554.59 0 
 14706.83 5.3003e-13  14757.07 0 
 14911.43 5.3493e-13  14962.36 0 
 15084.08 5.3740e-13  15135.61 0 
 15293.92 5.4613e-13  15346.17 0 
 15506.68 5.3988e-13  15559.65 0 
 15686.25 5.3248e-13  15739.83 0 
 15904.46 5.1558e-13  15958.79 0 
 16088.63 5.1677e-13  16143.59 0 
 16312.45 5.1322e-13  16368.17 0 
 16501.33 5.0617e-13  16557.70 0 
 16692.41 4.9923e-13  16749.43 0 
 16885.70 4.9012e-13  16943.38 0 
 17081.23 4.7786e-13  17139.58 0 
 17318.84 4.5951e-13  17378.00 0 
 17519.39 4.4494e-13  17579.23 0 
 17681.50 4.2786e-13  17741.90 0 
 17886.24 4.1238e-13  17947.34 0 
 18093.34 3.9382e-13  18155.15 0 
 18302.86 3.8309e-13  18365.38 0 
 18514.80 3.7008e-13  18578.05 0 
 18686.10 3.5424e-13  18749.94 0 
 18902.48 3.4380e-13  18967.05 0 
 19121.37 3.3752e-13  19186.69 0 
 19298.31 3.2531e-13  19364.23 0 
 19521.75 3.1282e-13  19588.44 0 
 19702.39 3.0220e-13  19769.70 0 
 19884.71 2.9262e-13  19952.63 0 
 20114.94 2.8794e-13  20183.66 0 
 20301.07 2.7752e-13  20370.42 0 
 20488.93 2.7309e-13  20558.92 0 
 20678.49 2.6564e-13  20749.13 0 
 20917.94 2.5900e-13  20989.40 0 
 21111.50 2.5369e-13  21183.62 0 
 21306.83 2.4791e-13  21379.62 0 
 21503.99 2.4227e-13  21577.45 0 
 21702.95 2.3458e-13  21777.09 0 
 21903.78 2.2977e-13  21978.60 0 
 22106.46 2.2300e-13  22181.97 0 
 22310.99 2.1642e-13  22387.21 0 
 22517.44 2.1149e-13  22594.36 0 
 22725.78 2.0573e-13  22803.41 0 
 22883.32 1.8420e-13  22961.49 0 
 23095.04 1.8210e-13  23173.93 0 
 23308.75 1.5933e-13  23388.37 0 
 23524.43 1.5007e-13  23604.79 0 
 23687.48 1.5216e-13  23768.40 0 
 23906.67 1.3973e-13  23988.34 0 
 24072.37 1.3530e-13  24154.60 0 
 24295.12 1.3344e-13  24378.11 0 
 24519.90 1.2454e-13  24603.66 0 
 24689.88 1.2255e-13  24774.22 0 
 24918.32 1.0311e-13  25003.44 0 
 25091.06 1.0170e-13  25176.77 0 
 25323.24 1.0240e-13  25409.74 0 
 25498.76 1.0146e-13  25585.86 0 
 25675.49 1.0311e-13  25763.20 0 
 25913.07 1.0123e-13  26001.59 0 
 26092.71 1.0099e-13  26181.84 0 
 26273.56 9.8469e-14  26363.31 0 
 26516.68 9.7118e-14  26607.26 0 
 26700.47 9.5345e-14  26791.68 0 
 26885.57 9.3821e-14  26977.41 0 
 27071.92 9.2321e-14  27164.39 0 
 27322.42 9.0427e-14  27415.75 0 
 27511.80 8.8981e-14  27605.78 0 
 27702.49 8.6956e-14  27797.12 0 
 27894.53 8.5566e-14  27989.81 0 
 28087.87 8.3811e-14  28183.82 0 
 28282.58 8.2471e-14  28379.20 0 
 28478.61 8.0779e-14  28575.90 0 
 28676.03 7.9122e-14  28773.99 0 
 28874.79 7.7678e-14  28973.43 0 
 29074.96 7.6085e-14  29174.28 0 
 29276.48 7.4525e-14  29376.49 0 
 29479.44 7.2996e-14  29580.14 0 
 29683.76 7.1829e-14  29785.16 0 
 29889.54 7.0194e-14  29991.64 0 
 30096.71 6.9072e-14  30199.52 0 
 30305.31 6.7811e-14  30408.84 0 
 30515.40 6.6881e-14  30619.64 0 
 30726.91 6.5811e-14  30831.87 0 
 30868.76 6.4759e-14  30974.21 0 
 31082.71 6.3724e-14  31188.89 0 
 31298.19 6.2849e-14  31405.10 0 
 31515.12 6.1702e-14  31622.78 0 
 31733.56 6.0716e-14  31841.96 0 
 31880.06 5.9745e-14  31988.96 0 
 32101.02 5.8790e-14  32210.68 0 
 32323.56 5.7850e-14  32433.97 0 
 32472.74 5.6925e-14  32583.67 0 
 32697.82 5.6144e-14  32809.52 0 
 32924.49 5.5246e-14  33036.96 0 
 33076.45 5.4488e-14  33189.44 0 
 33305.74 5.3125e-14  33419.52 0 
 33536.59 5.2276e-14  33651.15 0 
 33691.38 5.1203e-14  33806.47 0 
 33924.94 5.0153e-14  34040.82 0 
 34081.52 4.9238e-14  34197.94 0 
 34317.78 4.8339e-14  34435.01 0 
 34476.17 4.7457e-14  34593.94 0 
 34715.13 4.6591e-14  34833.72 0 
 34875.39 4.5740e-14  34994.53 0 
 35117.12 4.4906e-14  35237.08 0 
 35279.20 4.3984e-14  35399.71 0 
 35523.77 4.3182e-14  35645.12 0 
 35687.73 4.2296e-14  35809.64 0 
 35935.12 4.1524e-14  36057.88 0 
 36100.98 4.0860e-14  36224.30 0 
 36267.60 4.0022e-14  36391.49 0 
 36519.02 3.9201e-14  36643.77 0 
 36687.57 3.8486e-14  36812.89 0 
 36941.86 3.7610e-14  37068.05 0 
 37112.40 3.6923e-14  37239.18 0 
 37283.69 3.6333e-14  37411.05 0 
 37542.15 3.5424e-14  37670.40 0 
 37715.43 3.4938e-14  37844.27 0 
 37889.50 3.4300e-14  38018.93 0 
 38064.38 3.3674e-14  38194.41 0 
 38328.25 3.3060e-14  38459.18 0 
 38505.15 3.2456e-14  38636.69 0 
 38682.92 3.1791e-14  38815.06 0 
 38861.46 3.1210e-14  38994.21 0 
 39130.81 3.0711e-14  39264.48 0 
 39311.46 3.0151e-14  39445.75 0 
 39492.90 2.9465e-14  39627.81 0 
 39675.18 2.8993e-14  39810.71 0 
 39858.34 2.8333e-14  39994.50 0 
 40134.61 2.7880e-14  40271.71 0 
 40319.85 2.7435e-14  40457.58 0 
 40505.98 2.6872e-14  40644.35 0 
 40692.94 2.6442e-14  40831.95 0 
 40880.75 2.5960e-14  41020.40 0 
 41069.44 2.5545e-14  41209.73 0 
 41259.04 2.5136e-14  41399.98 0 
 41545.01 2.4677e-14  41686.93 0 
 41736.81 2.4283e-14  41879.38 0 
 41929.44 2.3840e-14  42072.67 0 
 42122.96 2.3405e-14  42266.86 0 
 42317.38 2.3137e-14  42461.93 0 
 42512.74 2.2714e-14  42657.96 0 
 42708.95 2.2351e-14  42854.85 0 
 42906.08 2.1444e-14  43052.64 0 
 43104.15 2.0479e-14  43251.40 0 
 43303.10 2.0431e-14  43451.02 0 
 43502.96 1.9602e-14  43651.57 0 
 43703.80 1.9156e-14  43853.09 0 
 43905.51 1.8806e-14  44055.49 0 
 44108.15 1.8168e-14  44258.83 0 
 44311.73 1.7836e-14  44463.10 0 
 44516.30 1.7551e-14  44668.37 0 
 44721.77 1.7112e-14  44874.54 0 
 44928.17 1.6955e-14  45081.65 0 
 45135.59 1.6646e-14  45289.77 0 
 45343.91 1.6304e-14  45498.80 0 
 45448.43 1.6155e-14  45603.68 0 
 45658.20 1.5933e-14  45814.16 0 
 45868.98 1.5463e-14  46025.67 0 
 46080.69 1.5428e-14  46238.10 0 
 46293.37 1.5181e-14  46451.51 0 
 46507.08 1.4973e-14  46665.95 0 
 46721.74 1.4904e-14  46881.34 0 
 46937.38 1.4632e-14  47097.72 0 
 47154.07 1.4398e-14  47315.15 0 
 47262.76 1.4365e-14  47424.21 0 
 47480.90 1.4038e-14  47643.10 0 
 47700.05 1.3909e-14  47862.99 0 
 47920.26 1.3750e-14  48083.95 0 
 48141.43 1.3406e-14  48305.88 0 
 48252.40 1.3437e-14  48417.23 0 
 48475.11 1.3161e-14  48640.70 0 
 48698.89 1.2951e-14  48865.25 0 
 48923.66 1.2773e-14  49090.79 0 
 49149.47 1.2569e-14  49317.36 0 
 49262.76 1.2454e-14  49431.04 0 
 49490.18 1.2255e-14  49659.24 0 
 49718.61 1.2170e-14  49888.45 0 
 49948.08 1.1939e-14  50118.70 0 
 50063.27 1.1766e-14  50234.29 0 
 50294.33 1.1588e-14  50466.14 0 
 50526.46 1.1385e-14  50699.06 0 
 50642.93 1.1246e-14  50815.93 0 
 50759.67 1.1160e-14  50933.06 0 
 50876.73 1.1152e-14  51050.52 0 
 50994.00 1.1041e-14  51168.20 0 
 51111.55 1.0906e-14  51286.14 0 
 51229.36 1.0848e-14  51404.36 0 
 51347.45 1.0765e-14  51522.85 0 
 51465.81 1.0682e-14  51641.62 0 
 51584.50 1.0576e-14  51760.71 0 
 51703.40 1.0519e-14  51880.02 0 
 51822.58 1.0439e-14  51999.61 0 
 51942.04 1.0311e-14  52119.47 0 
 52061.77 1.0232e-14  52239.61 0 
 52181.77 1.0154e-14  52360.03 0 
 52302.05 1.0053e-14  52480.72 0 
 52422.67 9.9756e-15  52601.75 0 
 52543.51 9.9218e-15  52723.00 0 
 52664.63 9.8911e-15  52844.53 0 
 52786.02 9.8151e-15  52966.34 0 
 52907.70 9.6950e-15  53088.43 0 
 53029.66 9.5983e-15  53210.80 0 
 53151.95 9.5245e-15  53333.52 0 
 53274.47 9.4731e-15  53456.46 0 
 53397.27 9.4002e-15  53579.68 0 
 53520.36 9.3279e-15  53703.18 0 
 53643.73 9.2561e-15  53826.97 0 
 53767.38 9.1848e-15  53951.05 0 
 53891.31 9.1350e-15  54075.41 0 
 54015.60 9.0647e-15  54200.11 0 
 54140.11 8.9741e-15  54325.05 0 
 54264.90 8.8844e-15  54450.27 0 
 54389.99 8.7956e-15  54575.79 0 
 54515.36 8.7479e-15  54701.59 0 
 54641.02 8.6803e-15  54827.68 0 
 54766.97 8.5935e-15  54954.06 0 
 54893.28 8.5271e-15  55080.79 0 
 55019.81 8.4418e-15  55207.76 0 
 55146.63 8.3766e-15  55335.02 0 
 55273.75 8.3502e-15  55462.57 0 
 55401.16 8.3047e-15  55590.41 0 
 55528.86 8.1837e-15  55718.55 0 
 55656.92 8.1203e-15  55847.05 0 
 55785.22 8.0761e-15  55975.78 0 
 55913.81 7.9951e-15  56104.81 0 
 56042.69 7.9331e-15  56234.13 0 
 56171.87 7.8898e-15  56363.76 0 
 56301.35 7.7926e-15  56493.68 0 
 56431.13 7.7322e-15  56623.90 0 
 56561.27 7.6899e-15  56754.48 0 
 56691.65 7.6478e-15  56885.31 0 
 56822.33 7.5710e-15  57016.43 0 
 56953.31 7.4949e-15  57147.86 0 
 57084.59 7.4538e-15  57279.59 0 
 57216.17 7.3959e-15  57411.62 0 
 57348.12 7.3383e-15  57544.02 0 
 57480.32 7.2813e-15  57676.67 0 
 57612.81 7.2080e-15  57809.62 0 
 57745.61 7.1519e-15  57942.87 0 
 57878.72 7.1125e-15  58076.43 0 
 58012.14 7.0571e-15  58210.30 0 
 58145.86 7.0021e-15  58344.48 0 
 58279.95 6.9475e-15  58479.04 0 
 58414.29 6.8934e-15  58613.83 0 
 58548.94 6.8396e-15  58748.94 0 
 58683.90 6.7862e-15  58884.36 0 
 58819.17 6.7332e-15  59020.09 0 
 58954.75 6.6960e-15  59156.14 0 
 59043.26 6.3824e-15  59244.95 3 
 59352.06 6.5337e-15  59554.81 3 
 59660.86 6.5266e-15  59864.66 3 
 59969.65 6.6078e-15  60174.51 3 
 60278.46 6.3398e-15  60484.37 3 
 60587.25 6.3633e-15  60794.22 3 
 60896.05 6.4633e-15  61104.07 3 
 61204.86 6.5079e-15  61413.93 3 
 61513.65 6.6774e-15  61723.78 3 
 61822.44 6.2600e-15  62033.63 3 
 62131.25 6.2139e-15  62343.49 3 
 62440.04 6.0448e-15  62653.34 3 
 62748.84 6.0639e-15  62963.19 3 
 63057.64 5.7810e-15  63273.05 3 
 63366.44 6.0389e-15  63582.90 3 
 63675.25 5.4897e-15  63892.76 3 
 63984.04 5.4335e-15  64202.61 3 
 64292.83 5.0836e-15  64512.46 3 
 64601.64 5.1325e-15  64822.32 3 
 64910.43 5.1653e-15  65132.17 3 
 65219.23 4.9165e-15  65442.02 3 
 65528.04 4.4591e-15  65751.88 3 
 65836.83 4.4883e-15  66061.73 3 
 66145.62 4.5765e-15  66371.58 3 
 66454.44 4.6045e-15  66681.45 3 
 66763.23 4.5515e-15  66991.29 3 
 67072.02 4.5194e-15  67301.14 3 
 67380.83 4.3239e-15  67611.00 3 
 67689.62 4.4522e-15  67920.85 3 
 67998.43 4.0894e-15  68230.71 3 
 68307.23 3.9886e-15  68540.56 3 
 68616.02 4.0180e-15  68850.41 3 
 68924.83 3.6961e-15  69160.27 3 
 69233.62 3.7340e-15  69470.12 3 
 69542.42 3.9401e-15  69779.98 3 
 69851.22 4.3721e-15  70089.83 3 
 70160.01 4.1653e-15  70399.68 3 
 70468.82 3.9949e-15  70709.54 3 
 70777.61 3.9209e-15  71019.39 3 
 71086.41 3.5572e-15  71329.24 3 
 71395.22 3.8966e-15  71639.10 3 
 71704.00 3.9190e-15  71948.95 3 
 72012.82 3.7335e-15  72258.81 3 
 72321.61 3.4324e-15  72568.66 3 
 72630.40 3.7513e-15  72878.51 3 
 72939.21 3.6700e-15  73188.38 3 
 73248.00 3.5118e-15  73498.22 3 
 73556.80 3.4333e-15  73808.07 3 
 73865.60 3.2964e-15  74117.93 3 
 74174.40 3.2586e-15  74427.78 3 
 74483.20 3.4845e-15  74737.63 3 
 74791.99 3.4505e-15  75047.48 3 
 75080.59 3.4365e-15  75337.06 3 
 75100.80 3.3957e-15  75357.34 3 
 75409.60 3.5111e-15  75667.20 3 
 75699.40 3.6579e-15  75957.99 3 
 75718.39 2.9585e-15  75977.05 3 
 76318.23 3.5164e-15  76578.94 3 
 76937.06 3.1766e-15  77199.88 3 
 77555.89 3.0854e-15  77820.82 3 
 78174.71 3.0523e-15  78441.76 3 
 78793.55 2.7767e-15  79062.71 3 
 79412.38 2.5265e-15  79683.65 3 
 80031.20 2.4023e-15  80304.59 3 
 80650.04 2.3289e-15  80925.54 3 
 81268.86 2.4709e-15  81546.48 3 
 81887.69 2.3099e-15  82167.41 3 
 82506.52 2.3802e-15  82788.36 3 
 83125.34 2.2759e-15  83409.30 3 
 83744.18 2.2331e-15  84030.25 3 
 84363.00 2.1418e-15  84651.19 3 
 84981.83 2.2018e-15  85272.13 3 
 85600.66 2.1651e-15  85893.07 3 
 86219.50 2.0879e-15  86514.02 3 
 86838.31 2.0727e-15  87134.95 3 
 87457.14 1.9402e-15  87755.90 3 
 88075.98 1.9826e-15  88376.84 3 
 88694.80 1.9347e-15  88997.78 3 
 89313.62 1.9351e-15  89618.72 3 
 89932.45 1.9123e-15  90239.66 3 
 90551.28 1.8924e-15  90860.60 3 
 91170.12 1.8420e-15  91481.55 3 
 91788.94 1.7474e-15  92102.49 3 
 92407.77 1.7328e-15  92723.44 3 
 93026.60 1.7400e-15  93344.38 3 
 93645.43 1.6941e-15  93965.32 3 
 94264.25 1.6982e-15  94586.26 3 
 94883.07 1.7105e-15  95207.20 3 
 95501.91 1.6850e-15  95828.15 3 
 96120.74 1.6640e-15  96449.09 3 
 96739.56 1.6655e-15  97070.02 3 
 97358.40 1.6562e-15  97690.98 3 
 97977.23 1.5384e-15  98311.92 3 
 98596.06 1.6232e-15  98932.86 3 
 99214.89 1.5824e-15  99553.80 3 
 99833.67 1.5505e-15 100174.70 3 
100452.55 1.5057e-15 100795.70 3 
101071.33 1.3971e-15 101416.59 3 
101690.23 1.4008e-15 102037.60 3 
102309.01 1.4252e-15 102658.50 3 
102927.89 1.3871e-15 103279.49 3 
103546.69 1.4352e-15 103900.41 3 
104165.48 1.4182e-15 104521.30 3 
104784.35 1.4114e-15 105142.30 3 
105403.14 1.4407e-15 105763.20 3 
106022.03 1.4029e-15 106384.20 3 
106640.82 1.3565e-15 107005.10 3 
107259.60 1.3214e-15 107626.00 3 
107878.49 1.2903e-15 108247.00 3 
108497.28 1.2923e-15 108867.91 3 
109116.16 1.2803e-15 109488.90 3 
109734.94 1.3397e-15 110109.80 3 
110353.83 1.3334e-15 110730.80 3 
110972.62 1.3676e-15 111351.70 3 
111591.41 1.5115e-15 111972.60 3 
112210.29 1.7624e-15 112593.60 3 
112829.08 1.7458e-15 113214.50 3 
113447.96 1.5681e-15 113835.50 3 
114066.75 1.3995e-15 114456.40 3 
114685.63 1.3460e-15 115077.40 3 
115304.42 1.2870e-15 115698.30 3 
115923.20 1.1663e-15 116319.20 3 
116542.10 1.1389e-15 116940.20 3 
117160.88 1.0541e-15 117561.10 3 
117779.76 1.1088e-15 118182.09 3 
118398.54 1.0704e-15 118802.99 3 
119017.44 1.0233e-15 119424.00 3 
119636.22 1.0022e-15 120044.90 3 
120255.01 1.0000e-15 120665.80 3 
120873.90 9.9522e-16 121286.80 3 
121492.68 9.7702e-16 121907.70 3 
122111.56 9.3125e-16 122528.70 3 
122730.35 9.2381e-16 123149.59 3 
123349.15 9.3992e-16 123770.51 3 
123968.03 9.2141e-16 124391.50 3 
124586.81 9.0919e-16 125012.40 3 
125205.70 8.8054e-16 125633.40 3 
125824.49 9.5637e-16 126254.30 3 
126443.37 9.6558e-16 126875.30 3 
127062.16 9.9269e-16 127496.20 3 
127680.94 1.1332e-15 128117.10 3 
128299.83 1.1593e-15 128738.10 3 
128918.61 9.3347e-16 129359.00 3 
129537.50 8.2610e-16 129980.00 3 
130156.28 7.8717e-16 130600.90 3 
130775.07 7.6180e-16 131221.80 3 
131393.96 7.5916e-16 131842.80 3 
132012.75 7.4714e-16 132463.70 3 
132631.63 7.1826e-16 133084.70 3 
133250.41 7.0980e-16 133705.59 3 
133869.30 6.9435e-16 134326.59 3 
134488.09 6.8307e-16 134947.50 3 
135106.88 7.2147e-16 135568.41 3 
135725.77 6.8064e-16 136189.41 3 
136344.54 6.0501e-16 136810.30 3 
136963.43 6.6195e-16 137431.30 3 
137582.22 6.1312e-16 138052.20 3 
138201.11 5.9148e-16 138673.20 3 
138819.89 6.0586e-16 139294.09 3 
139438.68 6.1224e-16 139915.00 3 
140057.56 6.3944e-16 140536.00 3 
140676.36 6.2709e-16 141156.91 3 
141295.23 6.3547e-16 141777.89 3 
141914.02 5.9095e-16 142398.80 3 
142532.90 5.9074e-16 143019.80 3 
143151.70 5.9964e-16 143640.70 3 
143770.47 5.7422e-16 144261.59 3 
144389.38 5.5861e-16 144882.61 3 
144921.85 5.6853e-16 145416.91 3 
145835.62 5.7533e-16 146333.80 3 
146749.50 5.2090e-16 147250.80 3 
147663.29 5.2000e-16 148167.70 3 
148577.05 5.4847e-16 149084.59 3 
149490.84 5.3100e-16 150001.50 3 
150404.72 5.0596e-16 150918.50 3 
151318.50 5.1457e-16 151835.41 3 
152232.27 4.9700e-16 152752.30 3 
153146.15 4.7366e-16 153669.30 3 
154059.93 4.9747e-16 154586.20 3 
154973.70 6.8054e-16 155503.09 3 
155887.49 7.6956e-16 156420.00 3 
156801.37 5.6207e-16 157337.00 3 
157715.15 4.5637e-16 158253.91 3 
158628.92 4.4468e-16 159170.80 3 
159542.80 4.7306e-16 160087.80 3 
160456.58 4.5849e-16 161004.70 3 
161370.35 4.4745e-16 161921.59 3 
162284.23 4.7559e-16 162838.59 3 
163198.02 5.1586e-16 163755.50 3 
164111.78 5.7627e-16 164672.39 3 
165025.57 5.8619e-16 165589.30 3 
165939.46 5.5596e-16 166506.31 3 
166853.22 5.2816e-16 167423.19 3 
167767.00 5.2441e-16 168340.09 3 
168680.79 5.4429e-16 169257.00 3 
169594.66 5.8688e-16 170174.00 3 
170508.45 6.0492e-16 171090.91 3 
171422.23 5.6452e-16 172007.81 3 
172336.11 5.3808e-16 172924.81 3 
173249.88 5.1804e-16 173841.70 3 
174163.67 4.7650e-16 174758.61 3 
175077.54 4.5617e-16 175675.61 3 
175991.31 4.4153e-16 176592.50 3 
176905.10 4.2308e-16 177509.41 3 
177818.87 3.9253e-16 178426.30 3 
178732.75 4.1019e-16 179343.30 3 
179646.53 3.9002e-16 180260.20 3 
180560.30 3.8141e-16 181177.09 3 
181474.18 3.6454e-16 182094.09 3 
182387.96 3.6244e-16 183011.00 3 
183301.73 3.3876e-16 183927.89 3 
184215.61 3.5093e-16 184844.89 3 
185129.39 3.4166e-16 185761.80 3 
186043.18 3.7386e-16 186678.70 3 
186956.95 4.6722e-16 187595.59 3 
187870.83 4.5798e-16 188512.59 3 
188784.61 3.3768e-16 189429.50 3 
189698.38 3.2355e-16 190346.39 3 
190612.27 3.2787e-16 191263.41 3 
191526.06 3.1685e-16 192180.31 3 
192439.81 3.1488e-16 193097.19 3 
193353.60 3.2623e-16 194014.09 3 
194267.49 3.0037e-16 194931.11 3 
195181.26 2.9090e-16 195848.00 3 
196095.05 2.8292e-16 196764.91 3 
197008.92 2.8459e-16 197681.91 3 
197922.69 2.4949e-16 198598.80 3 
198836.48 2.8511e-16 199515.70 3 
199750.26 2.6987e-16 200432.61 3 
200664.14 2.8659e-16 201349.61 3 
201577.91 2.8274e-16 202266.50 3 
202491.69 2.6093e-16 203183.41 3 
203405.57 2.4735e-16 204100.41 3 
204501.92 2.4891e-16 205200.50 3 
206261.22 2.5614e-16 206965.81 3 
208021.60 2.4302e-16 208732.20 3 
209782.88 2.3546e-16 210499.50 3 
211545.25 2.4259e-16 212267.89 3 
213308.63 2.2972e-16 214037.30 3 
215073.11 2.2050e-16 215807.80 3 
216838.47 2.1129e-16 217579.19 3 
218604.93 2.1597e-16 219351.69 3 
220372.41 1.9478e-16 221125.20 3 
222140.96 1.9669e-16 222899.80 3 
223910.53 2.0613e-16 224675.41 3 
225681.07 2.0391e-16 226452.00 3 
227452.71 2.0401e-16 228229.69 3 
229225.36 1.9994e-16 230008.39 3 
230999.00 1.9174e-16 231788.09 3 
232773.74 2.0462e-16 233568.89 3 
234549.48 1.9997e-16 235350.70 3 
236326.30 1.8957e-16 237133.59 3 
238104.23 1.8511e-16 238917.59 3 
239883.15 1.7939e-16 240702.59 3 
241663.07 1.8673e-16 242488.59 3 
243444.10 1.7761e-16 244275.70 3 
245226.10 1.7776e-16 246063.80 3 
247009.33 1.6855e-16 247853.11 3 
248793.43 1.6467e-16 249643.31 3 
250578.62 1.7553e-16 251434.59 3 
252364.92 1.6984e-16 253227.00 3 
254152.32 1.6349e-16 255020.50 3 
255940.71 1.6510e-16 256815.00 3 
257730.19 1.8116e-16 258610.59 3 
259520.77 1.9430e-16 260407.30 3 
261312.45 1.7072e-16 262205.09 3 
263105.14 1.5557e-16 264003.91 3 
264898.89 1.5361e-16 265803.78 3 
266693.79 1.5596e-16 267604.81 3 
268489.62 1.5536e-16 269406.78 3 
270286.70 1.4896e-16 271210.00 3 
272084.75 1.5090e-16 273014.19 3 
273883.91 1.4514e-16 274819.50 3 
275684.17 1.4720e-16 276625.91 3 
277485.52 1.4474e-16 278433.41 3 
279287.95 1.4398e-16 280242.00 3 
281091.48 1.5514e-16 282051.69 3 
282896.13 1.5586e-16 283862.50 3 
284701.86 1.4632e-16 285674.41 3 
286508.69 1.4161e-16 287487.41 3 
288316.61 1.3715e-16 289301.50 3 
290125.62 1.3431e-16 291116.69 3 
291935.75 1.3578e-16 292933.00 3 
293746.97 1.2724e-16 294750.41 3 
295559.28 1.3804e-16 296568.91 3 
297372.77 1.3016e-16 298388.59 3 
299187.38 1.2985e-16 300209.41 3 
301002.96 1.3747e-16 302031.19 3 
302819.76 1.3513e-16 303854.19 3 
304637.64 1.3067e-16 305678.28 3 
306456.74 1.3100e-16 307503.59 3 
308276.83 1.2365e-16 309329.91 3 
310098.11 1.3385e-16 311157.41 3 
311920.57 1.3137e-16 312986.09 3 
313744.06 1.2666e-16 314815.81 3 
315568.74 1.2948e-16 316646.72 3 
317394.56 1.3806e-16 318478.78 3 
319221.41 1.2971e-16 320311.88 3 
321049.48 1.3032e-16 322146.19 3 
322878.76 1.3078e-16 323981.72 3 
324709.08 1.2837e-16 325818.28 3 
326540.51 1.2373e-16 327655.97 3 
328373.18 1.3165e-16 329494.91 3 
330207.01 1.3917e-16 331335.00 3 
332041.93 1.4026e-16 333176.19 3 
333877.97 1.9094e-16 335018.50 3 
335715.20 2.1030e-16 336862.00 3 
337553.64 1.4424e-16 338706.72 3 
339393.23 1.2451e-16 340552.59 3 
341233.94 1.2162e-16 342399.59 3 
343075.77 1.2226e-16 344247.72 3 
344918.85 1.3431e-16 346097.09 3 
346763.08 2.0321e-16 347947.62 3 
348608.47 3.0676e-16 349799.31 3 
