# An Atlas of Galaxy Spectral Energy Distributions from the Ultraviolet to the Mid-Infrared
# Brown et al. (2014)
# http://dx.doi.org/10.5072/03/529D3551F0117
# 
# Column 1 : Restframe Wavelength (Angstrom)
# Column 2 : Flux per unit wavelength (ergs/s/cm^2/Angstrom)
# Column 3 : Observed wavelength (Angstrom)
# Column 4 : Source (0 = model, 1 = Optical Spectrum, 2 = Akari, 3 = Spitzer IRS)
# 
   101.98 1.4869e-24    103.04 0 
   104.11 2.1246e-24    105.20 0 
   106.05 3.0852e-24    107.15 0 
   108.02 4.5424e-24    109.14 0 
   110.03 7.4522e-24    111.17 0 
   113.89 1.3973e-23    115.08 0 
   117.90 2.4394e-23    119.12 0 
   120.92 1.0846e-22    122.18 0 
   124.88 1.7111e-22    126.18 0 
   126.91 2.0715e-22    128.23 0 
   128.09 2.3243e-22    129.42 0 
   131.07 3.0219e-22    132.43 0 
   131.98 3.7695e-22    133.35 0 
   134.12 4.4390e-22    135.52 0 
   136.93 6.5356e-22    138.36 0 
   140.12 8.2468e-22    141.58 0 
   143.05 2.6933e-21    144.54 0 
   147.06 8.3231e-21    148.59 0 
   150.83 1.0527e-20    152.41 0 
   155.06 1.3375e-20    156.68 0 
   159.04 1.6954e-20    160.69 0 
   162.00 2.0012e-20    163.68 0 
   166.15 2.5193e-20    167.88 0 
   170.02 3.0781e-20    171.79 0 
   173.18 3.5833e-20    174.98 0 
   176.81 4.3280e-20    178.65 0 
   180.10 4.9577e-20    181.97 0 
   182.18 5.4236e-20    184.08 0 
   186.00 6.4459e-20    187.93 0 
   191.21 7.9485e-20    193.20 0 
   193.87 9.0216e-20    195.88 0 
   197.93 1.0502e-19    199.99 0 
   202.07 1.2254e-19    204.17 0 
   204.88 1.3655e-19    207.01 0 
   210.14 1.5534e-19    212.32 0 
   216.02 1.9874e-19    218.27 0 
   220.04 2.2714e-19    222.33 0 
   223.10 2.4677e-19    225.42 0 
   227.25 2.8073e-19    229.61 0 
   229.88 4.5529e-19    232.27 0 
   234.15 8.2278e-19    236.59 0 
   240.16 1.1279e-18    242.66 0 
   245.75 1.1865e-18    248.31 0 
   252.06 1.3909e-18    254.68 0 
   256.74 1.2802e-18    259.42 0 
   259.72 1.5392e-18    262.42 0 
   263.94 1.7151e-18    266.69 0 
   268.85 1.8420e-18    271.64 0 
   273.84 1.9692e-18    276.69 0 
   278.93 2.1052e-18    281.84 0 
   284.12 2.2454e-18    287.08 0 
   290.07 2.3083e-18    293.09 0 
   296.14 2.5251e-18    299.23 0 
   300.96 2.6441e-18    304.09 0 
   307.97 2.8926e-18    311.17 0 
   318.05 3.2680e-18    321.37 0 
   327.72 3.5916e-18    331.13 0 
   337.68 3.8930e-18    341.19 0 
   347.94 4.1907e-18    351.56 0 
   356.86 4.4801e-18    360.58 0 
   366.02 4.8115e-18    369.83 0 
   375.41 5.0732e-18    379.31 0 
   385.04 5.2154e-18    389.05 0 
   394.91 5.6792e-18    399.02 0 
   405.04 6.0295e-18    409.26 0 
   413.53 6.2847e-18    417.83 0 
   422.18 6.4608e-18    426.58 0 
   430.03 6.6571e-18    434.51 0 
   441.06 7.0191e-18    445.66 0 
   451.34 7.2491e-18    456.04 0 
   459.73 7.4522e-18    464.52 0 
   470.44 7.7141e-18    475.34 0 
   480.29 8.0591e-18    485.29 0 
   490.35 8.2278e-18    495.45 0 
   499.46 8.6553e-18    504.66 0 
   506.41 1.0193e-17    511.68 0 
   512.27 2.4282e-17    517.61 0 
   520.60 2.6199e-17    526.02 0 
   530.28 2.8529e-17    535.80 0 
   540.13 2.8398e-17    545.76 0 
   550.18 4.3081e-17    555.90 0 
   560.40 5.3368e-17    566.24 0 
   569.51 6.2847e-17    575.44 0 
   580.10 6.1275e-17    586.14 0 
   589.52 8.0776e-17    595.66 0 
   600.48 8.7153e-17    606.74 0 
   610.24 1.0846e-16    616.59 0 
   620.16 1.2743e-16    626.61 0 
   630.23 1.4364e-16    636.80 0 
   640.47 1.4733e-16    647.14 0 
   649.38 1.7591e-16    656.15 0 
   658.42 1.9422e-16    665.27 0 
   664.51 2.0811e-16    671.43 0 
   675.31 2.1246e-16    682.34 0 
   684.70 2.1394e-16    691.83 0 
   694.23 2.9328e-16    701.46 0 
   705.51 2.8267e-16    712.85 0 
   715.32 3.5179e-16    722.77 0 
   725.27 3.7349e-16    732.82 0 
   735.36 3.9472e-16    743.02 0 
   745.59 4.6162e-16    753.36 0 
   754.23 5.0383e-16    762.08 0 
   764.72 5.4486e-16    772.68 0 
   775.36 6.0574e-16    783.43 0 
   784.34 6.6878e-16    792.50 0 
   795.25 7.0515e-16    803.53 0 
   804.46 7.4694e-16    812.83 0 
   815.65 7.8214e-16    824.14 0 
   825.09 8.7758e-16    833.68 0 
   834.65 7.0030e-16    843.33 0 
   844.31 9.4034e-16    853.10 0 
   854.09 9.7788e-16    862.98 0 
   865.97 1.0698e-15    874.98 0 
   876.00 1.1649e-15    885.12 0 
   884.10 1.2921e-15    893.31 0 
   894.34 1.3813e-15    903.65 0 
   904.69 1.3877e-15    914.11 0 
   915.17 2.1993e-15    924.70 0 
   925.77 1.6915e-14    935.41 0 
   934.33 3.6165e-14    944.06 0 
   945.15 6.3137e-14    954.99 0 
   956.10 8.1524e-14    966.05 0 
   964.94 8.6354e-14    974.99 0 
   976.12 1.3252e-14    986.28 0 
   985.15 6.0853e-14    995.41 0 
   994.26 6.8752e-14   1004.62 0 
  1005.78 1.0430e-13   1016.25 0 
  1015.08 1.0698e-13   1025.65 0 
  1024.48 5.9880e-14   1035.14 0 
  1033.96 8.2089e-14   1044.72 0 
  1045.93 1.4167e-13   1056.82 0 
  1055.61 1.3406e-13   1066.60 0 
  1065.37 1.0478e-13   1076.47 0 
  1075.23 1.2482e-13   1086.43 0 
  1085.18 1.0263e-13   1096.48 0 
  1095.22 1.3498e-13   1106.62 0 
  1105.36 1.2482e-13   1116.86 0 
  1115.58 1.2031e-13   1127.20 0 
  1125.91 1.0030e-13   1137.63 0 
  1133.71 1.3467e-13   1145.51 0 
  1144.20 1.2425e-13   1156.11 0 
  1154.79 1.2980e-13   1166.81 0 
  1165.47 1.2980e-13   1177.61 0 
  1176.26 7.5733e-14   1188.50 0 
  1184.41 1.2832e-13   1196.74 0 
  1195.37 1.0772e-13   1207.81 0 
  1203.65 7.5039e-14   1216.19 0 
  1214.79 6.5507e-14   1227.44 0 
  1226.03 1.0947e-13   1238.80 0 
  1234.53 1.3909e-13   1247.38 0 
  1245.95 1.4298e-13   1258.93 0 
  1254.59 1.3718e-13   1267.65 0 
  1266.20 1.3313e-13   1279.38 0 
  1274.98 1.5076e-13   1288.25 0 
  1283.81 1.5356e-13   1297.18 0 
  1295.69 1.1975e-13   1309.18 0 
  1304.67 1.2685e-13   1318.26 0 
  1313.72 1.5392e-13   1327.39 0 
  1325.87 1.4431e-13   1339.68 0 
  1335.06 1.3406e-13   1348.96 0 
  1344.32 1.4938e-13   1358.31 0 
  1353.64 1.4631e-13   1367.73 0 
  1366.16 1.3252e-13   1380.38 0 
  1375.63 1.3313e-13   1389.95 0 
  1385.17 1.3222e-13   1399.59 0 
  1394.77 9.7788e-14   1409.29 0 
  1404.44 1.0527e-13   1419.06 0 
  1414.17 1.2198e-13   1428.89 0 
  1423.97 1.2254e-13   1438.80 0 
  1433.84 1.2714e-13   1448.77 0 
  1440.46 1.3191e-13   1455.46 0 
  1447.11 1.3100e-13   1462.18 0 
  1453.79 1.2743e-13   1468.93 0 
  1463.87 1.1676e-13   1479.11 0 
  1474.02 1.2058e-13   1489.36 0 
  1484.23 1.2114e-13   1499.69 0 
  1494.52 1.2114e-13   1510.08 0 
  1504.88 1.1099e-13   1520.55 0 
  1511.83 9.7563e-14   1527.57 0 
  1515.31 1.0311e-13   1531.09 0 
  1525.82 1.0575e-13   1541.70 0 
  1536.39 8.8774e-14   1552.39 0 
  1543.48 8.8978e-14   1559.55 0 
  1554.18 8.7556e-14   1570.36 0 
  1564.95 9.5123e-14   1581.25 0 
  1575.80 1.0311e-13   1592.21 0 
  1586.73 1.0673e-13   1603.25 0 
  1594.05 1.0698e-13   1610.65 0 
  1605.10 1.0896e-13   1621.81 0 
  1616.23 1.0871e-13   1633.05 0 
  1623.69 1.0527e-13   1640.59 0 
  1634.94 1.1410e-13   1651.96 0 
  1646.27 1.1542e-13   1663.41 0 
  1653.87 1.1150e-13   1671.09 0 
  1665.34 1.1811e-13   1682.67 0 
  1673.02 1.1023e-13   1690.44 0 
  1676.88 1.2254e-13   1694.34 0 
  1684.62 1.2282e-13   1702.16 0 
  1696.30 1.1569e-13   1713.96 0 
  1704.13 1.1305e-13   1721.87 0 
  1715.94 1.0648e-13   1733.80 0 
  1723.86 1.0599e-13   1741.81 0 
  1735.81 1.1305e-13   1753.88 0 
  1743.82 1.1023e-13   1761.98 0 
  1755.91 1.1489e-13   1774.19 0 
  1764.01 1.1048e-13   1782.38 0 
  1776.24 1.0673e-13   1794.73 0 
  1784.44 1.1048e-13   1803.02 0 
  1796.81 1.1622e-13   1815.52 0 
  1805.10 1.1757e-13   1823.90 0 
  1813.43 1.0454e-13   1832.31 0 
  1826.00 1.0997e-13   1845.02 0 
  1834.43 1.0624e-13   1853.53 0 
  1842.90 9.6668e-14   1862.09 0 
  1855.68 9.7563e-14   1874.99 0 
  1864.24 1.0030e-13   1883.65 0 
  1872.85 1.0846e-13   1892.34 0 
  1885.83 9.6891e-14   1905.46 0 
  1894.53 9.0633e-14   1914.26 0 
  1903.28 1.0030e-13   1923.09 0 
  1916.47 9.3602e-14   1936.42 0 
  1925.32 9.0424e-14   1945.36 0 
  1934.20 9.6668e-14   1954.34 0 
  1943.13 1.0030e-13   1963.36 0 
  1956.60 9.0842e-14   1976.97 0 
  1965.63 1.0122e-13   1986.10 0 
  1974.70 1.0551e-13   1995.26 0 
  1983.82 9.8466e-14   2004.47 0 
  1992.97 9.6668e-14   2013.72 0 
  2006.79 1.0146e-13   2027.68 0 
  2016.05 9.9377e-14   2037.04 0 
  2025.36 1.0406e-13   2046.45 0 
  2034.71 9.5342e-14   2055.89 0 
  2044.10 9.9148e-14   2065.38 0 
  2053.53 9.4904e-14   2074.91 0 
  2063.01 9.6003e-14   2084.49 0 
  2072.54 1.0382e-13   2094.11 0 
  2077.31 9.3602e-14   2098.94 0 
  2086.90 9.9606e-14   2108.63 0 
  2096.53 9.3818e-14   2118.36 0 
  2106.21 9.7115e-14   2128.14 0 
  2115.93 9.8239e-14   2137.96 0 
  2125.70 9.9606e-14   2147.83 0 
  2135.51 9.6224e-14   2157.74 0 
  2145.37 9.3818e-14   2167.70 0 
  2155.27 9.8466e-14   2177.71 0 
  2165.22 9.7788e-14   2187.76 0 
  2175.21 9.7115e-14   2197.86 0 
  2185.25 9.4251e-14   2208.01 0 
  2195.34 9.7563e-14   2218.20 0 
  2205.47 9.6668e-14   2228.44 0 
  2215.65 9.4034e-14   2238.72 0 
  2225.88 9.1471e-14   2249.05 0 
  2236.16 9.3387e-14   2259.44 0 
  2246.48 9.2958e-14   2269.86 0 
  2256.85 8.9802e-14   2280.34 0 
  2267.26 9.1893e-14   2290.87 0 
  2272.49 9.2318e-14   2296.15 0 
  2282.98 9.3402e-14   2306.75 0 
  2293.52 8.7192e-14   2317.39 0 
  2304.10 9.0280e-14   2328.09 0 
  2314.74 8.6838e-14   2338.84 0 
  2325.42 7.2082e-14   2349.63 0 
  2336.16 8.2403e-14   2360.48 0 
  2346.94 8.2616e-14   2371.37 0 
  2352.35 8.4942e-14   2376.84 0 
  2363.21 8.2270e-14   2387.81 0 
  2374.12 8.2293e-14   2398.83 0 
  2385.07 8.0072e-14   2409.91 0 
  2396.08 8.1960e-14   2421.03 0 
  2407.14 7.9749e-14   2432.20 0 
  2412.69 8.0498e-14   2437.81 0 
  2423.83 8.2397e-14   2449.06 0 
  2435.02 7.9622e-14   2460.37 0 
  2446.26 8.2065e-14   2471.72 0 
  2457.55 8.1899e-14   2483.13 0 
  2463.21 8.0787e-14   2488.86 0 
  2474.58 7.9153e-14   2500.35 0 
  2486.01 7.9176e-14   2511.89 0 
  2497.48 7.0100e-14   2523.48 0 
  2503.24 7.9210e-14   2529.30 0 
  2514.79 7.4286e-14   2540.97 0 
  2520.59 7.7441e-14   2546.83 0 
  2526.40 7.5515e-14   2552.70 0 
  2532.22 7.5526e-14   2558.59 0 
  2543.91 7.3829e-14   2570.40 0 
  2555.65 7.6622e-14   2582.26 0 
  2567.45 7.5594e-14   2594.18 0 
  2573.37 7.7544e-14   2600.16 0 
  2585.25 7.6856e-14   2612.16 0 
  2597.18 7.6175e-14   2624.22 0 
  2603.17 7.4796e-14   2630.27 0 
  2615.18 7.3962e-14   2642.41 0 
  2627.25 7.5014e-14   2654.61 0 
  2633.31 7.5719e-14   2660.72 0 
  2645.46 7.8044e-14   2673.01 0 
  2657.67 7.8790e-14   2685.34 0 
  2663.80 7.4052e-14   2691.54 0 
  2676.10 7.5975e-14   2703.96 0 
  2682.27 7.5987e-14   2710.19 0 
  2694.65 7.3093e-14   2722.70 0 
  2707.09 7.3116e-14   2735.27 0 
  2713.33 7.1958e-14   2741.57 0 
  2725.85 7.2147e-14   2754.23 0 
  2732.13 7.3331e-14   2760.58 0 
  2744.75 6.8615e-14   2773.32 0 
  2757.41 6.9113e-14   2786.12 0 
  2763.77 7.0086e-14   2792.54 0 
  2776.53 7.1741e-14   2805.43 0 
  2782.93 6.9797e-14   2811.90 0 
  2795.77 6.3384e-14   2824.88 0 
  2802.22 6.5622e-14   2831.39 0 
  2815.15 7.0500e-14   2844.46 0 
  2828.15 7.1504e-14   2857.59 0 
  2834.67 6.8612e-14   2864.18 0 
  2847.75 6.8635e-14   2877.40 0 
  2854.32 6.7238e-14   2884.03 0 
  2867.49 7.0107e-14   2897.34 0 
  2874.10 6.9796e-14   2904.02 0 
  2887.37 6.9339e-14   2917.43 0 
  2894.02 6.8873e-14   2924.15 0 
  2907.38 7.0663e-14   2937.65 0 
  2927.53 6.9249e-14   2958.01 0 
  2947.83 6.7863e-14   2978.52 0 
  2968.26 6.8211e-14   2999.16 0 
  2988.84 6.7776e-14   3019.95 0 
  3009.55 6.7035e-14   3040.89 0 
  3030.41 6.7224e-14   3061.96 0 
  3051.42 6.6950e-14   3083.19 0 
  3072.57 6.6678e-14   3104.56 0 
  3086.75 6.5786e-14   3118.89 0 
  3108.15 6.5821e-14   3140.51 0 
  3129.69 6.4804e-14   3162.28 0 
  3151.39 6.4689e-14   3184.20 0 
  3173.23 6.3984e-14   3206.27 0 
  3187.88 6.2119e-14   3221.07 0 
  3209.98 6.3018e-14   3243.40 0 
  3232.23 6.1193e-14   3265.88 0 
  3247.15 6.2642e-14   3280.95 0 
  3269.66 6.2966e-14   3303.70 0 
  3292.32 6.2424e-14   3326.60 0 
  3307.52 6.2018e-14   3341.95 0 
  3322.78 6.4369e-14   3357.38 0 
  3330.44 6.4530e-14   3365.12 0 
  3338.12 6.2065e-14   3372.87 0 
  3345.82 6.2076e-14   3380.65 0 
  3353.53 6.1236e-14   3388.44 0 
  3361.26 6.1957e-14   3396.25 0 
  3369.01 6.0698e-14   3404.08 0 
  3376.77 5.9465e-14   3411.93 0 
  3384.56 6.1142e-14   3419.79 0 
  3392.36 6.2723e-14   3427.68 0 
  3400.18 6.4049e-14   3435.58 0 
  3408.02 6.0617e-14   3443.50 0 
  3415.88 6.1331e-14   3451.44 0 
  3423.75 6.4234e-14   3459.39 0 
  3431.64 6.3951e-14   3467.37 0 
  3439.55 6.3816e-14   3475.36 0 
  3447.48 6.0676e-14   3483.37 0 
  3455.43 6.0270e-14   3491.40 0 
  3463.39 5.8910e-14   3499.45 0 
  3471.38 6.0992e-14   3507.52 0 
  3479.38 5.9478e-14   3515.60 0 
  3487.40 5.8809e-14   3523.71 0 
  3495.44 6.1169e-14   3531.83 0 
  3503.50 6.0203e-14   3539.97 0 
  3511.57 5.9938e-14   3548.13 0 
  3519.67 6.0644e-14   3556.31 0 
  3527.78 5.9276e-14   3564.51 0 
  3535.92 6.1654e-14   3572.73 0 
  3544.07 6.2237e-14   3580.96 0 
  3552.24 6.2826e-14   3589.22 0 
  3560.43 6.2262e-14   3597.49 0 
  3568.63 5.9884e-14   3605.79 0 
  3576.86 5.7333e-14   3614.10 0 
  3585.11 5.6688e-14   3622.43 0 
  3593.37 5.7753e-14   3630.78 0 
  3601.65 6.0767e-14   3639.15 0 
  3609.96 5.9259e-14   3647.54 0 
  3618.28 6.0096e-14   3655.95 0 
  3626.62 6.2652e-14   3664.37 0 
  3634.98 6.0537e-14   3672.82 0 
  3643.36 6.3112e-14   3681.29 0 
  3649.61 5.9691e-14   3687.61 1 
  3652.34 5.1322e-14   3690.36 1 
  3655.06 6.0549e-14   3693.11 1 
  3657.78 6.0362e-14   3695.86 1 
  3660.50 6.1184e-14   3698.61 1 
  3663.22 5.9385e-14   3701.36 1 
  3665.94 5.6032e-14   3704.11 1 
  3668.67 5.5576e-14   3706.86 1 
  3671.39 5.8520e-14   3709.61 1 
  3674.11 6.2524e-14   3712.36 1 
  3676.83 6.2668e-14   3715.11 1 
  3679.55 5.7039e-14   3717.86 1 
  3682.27 5.7538e-14   3720.61 1 
  3685.00 6.0636e-14   3723.36 1 
  3687.72 5.7962e-14   3726.11 1 
  3690.44 5.9312e-14   3728.86 1 
  3693.16 5.9926e-14   3731.61 1 
  3695.88 5.9715e-14   3734.36 1 
  3698.60 5.8287e-14   3737.11 1 
  3701.33 6.0196e-14   3739.86 1 
  3704.05 5.7300e-14   3742.61 1 
  3706.77 5.7964e-14   3745.36 1 
  3709.49 6.8112e-14   3748.11 1 
  3712.21 7.4999e-14   3750.86 1 
  3714.93 9.6106e-14   3753.61 1 
  3717.66 1.5185e-13   3756.36 1 
  3720.38 2.4368e-13   3759.11 1 
  3723.10 3.3289e-13   3761.86 1 
  3725.82 3.3718e-13   3764.61 1 
  3728.54 2.5690e-13   3767.36 1 
  3731.26 1.5114e-13   3770.11 1 
  3733.99 9.5286e-14   3772.86 1 
  3736.71 7.4866e-14   3775.61 1 
  3739.43 6.3015e-14   3778.36 1 
  3742.15 6.2450e-14   3781.11 1 
  3744.87 6.2018e-14   3783.86 1 
  3747.59 5.8016e-14   3786.61 1 
  3750.32 6.2454e-14   3789.36 1 
  3753.04 6.5268e-14   3792.11 1 
  3755.76 6.7545e-14   3794.86 1 
  3758.48 6.3571e-14   3797.61 1 
  3761.20 6.5944e-14   3800.36 1 
  3763.92 6.6814e-14   3803.11 1 
  3766.65 6.3805e-14   3805.86 1 
  3769.37 6.2886e-14   3808.61 1 
  3772.09 6.6426e-14   3811.36 1 
  3774.81 7.3965e-14   3814.11 1 
  3777.53 7.1856e-14   3816.86 1 
  3780.25 7.0452e-14   3819.61 1 
  3782.98 7.1979e-14   3822.36 1 
  3785.70 6.8431e-14   3825.11 1 
  3788.42 6.8206e-14   3827.86 1 
  3791.14 6.4532e-14   3830.61 1 
  3793.86 6.2029e-14   3833.36 1 
  3796.58 6.3708e-14   3836.11 1 
  3799.31 6.6333e-14   3838.86 1 
  3802.03 7.0014e-14   3841.61 1 
  3804.75 7.1813e-14   3844.36 1 
  3807.47 7.3245e-14   3847.11 1 
  3810.19 7.0552e-14   3849.86 1 
  3812.91 7.2000e-14   3852.61 1 
  3815.64 7.0790e-14   3855.36 1 
  3818.36 6.8627e-14   3858.11 1 
  3821.08 6.7829e-14   3860.86 1 
  3823.80 6.9531e-14   3863.61 1 
  3826.52 6.2321e-14   3866.36 1 
  3829.24 5.8568e-14   3869.11 1 
  3831.97 6.1520e-14   3871.86 1 
  3834.69 6.6870e-14   3874.61 1 
  3837.41 6.4446e-14   3877.36 1 
  3840.13 6.7464e-14   3880.11 1 
  3842.85 6.9015e-14   3882.86 1 
  3845.57 7.4449e-14   3885.61 1 
  3848.30 7.4456e-14   3888.36 1 
  3851.02 7.3954e-14   3891.11 1 
  3853.74 7.7496e-14   3893.86 1 
  3856.46 7.8243e-14   3896.61 1 
  3859.18 8.0999e-14   3899.36 1 
  3861.90 8.2384e-14   3902.11 1 
  3864.63 8.7944e-14   3904.86 1 
  3867.35 8.3325e-14   3907.61 1 
  3870.07 7.8501e-14   3910.36 1 
  3872.79 7.5368e-14   3913.11 1 
  3875.51 7.1764e-14   3915.86 1 
  3878.23 7.0907e-14   3918.61 1 
  3880.96 7.4650e-14   3921.36 1 
  3883.68 7.6330e-14   3924.11 1 
  3886.40 7.6510e-14   3926.86 1 
  3889.12 7.2614e-14   3929.61 1 
  3891.84 6.9303e-14   3932.36 1 
  3894.56 6.9974e-14   3935.11 1 
  3897.29 6.8382e-14   3937.86 1 
  3900.01 7.1476e-14   3940.61 1 
  3902.73 7.6406e-14   3943.36 1 
  3905.45 7.7219e-14   3946.11 1 
  3908.17 7.5667e-14   3948.86 1 
  3910.89 7.4243e-14   3951.61 1 
  3913.62 7.4318e-14   3954.36 1 
  3916.34 7.3873e-14   3957.11 1 
  3919.06 7.2362e-14   3959.86 1 
  3921.78 6.7882e-14   3962.61 1 
  3924.50 6.4929e-14   3965.36 1 
  3927.22 6.4859e-14   3968.11 1 
  3929.95 6.2845e-14   3970.86 1 
  3932.67 6.1526e-14   3973.61 1 
  3935.39 6.6274e-14   3976.36 1 
  3938.11 7.0851e-14   3979.11 1 
  3940.83 7.0053e-14   3981.86 1 
  3943.55 7.2183e-14   3984.61 1 
  3946.28 7.4225e-14   3987.36 1 
  3949.00 7.3739e-14   3990.11 1 
  3951.72 6.9432e-14   3992.86 1 
  3954.44 6.9569e-14   3995.61 1 
  3957.16 6.5890e-14   3998.36 1 
  3959.88 6.4954e-14   4001.11 1 
  3962.61 6.7488e-14   4003.86 1 
  3965.33 6.8286e-14   4006.61 1 
  3968.05 6.7840e-14   4009.36 1 
  3970.77 6.5894e-14   4012.11 1 
  3973.49 6.6169e-14   4014.86 1 
  3976.21 7.0806e-14   4017.61 1 
  3978.94 7.1312e-14   4020.36 1 
  3981.66 7.2506e-14   4023.11 1 
  3984.38 7.3472e-14   4025.86 1 
  3987.10 7.5165e-14   4028.61 1 
  3989.82 7.5643e-14   4031.36 1 
  3992.54 7.4564e-14   4034.11 1 
  3995.27 7.6698e-14   4036.86 1 
  3997.99 7.8071e-14   4039.61 1 
  4000.71 7.7249e-14   4042.36 1 
  4003.43 7.9055e-14   4045.11 1 
  4006.15 7.8658e-14   4047.86 1 
  4008.87 7.8375e-14   4050.61 1 
  4011.60 8.1834e-14   4053.36 1 
  4014.32 8.1022e-14   4056.11 1 
  4017.04 7.9585e-14   4058.86 1 
  4019.76 8.2033e-14   4061.61 1 
  4022.48 8.0203e-14   4064.36 1 
  4025.20 7.5649e-14   4067.11 1 
  4027.93 7.9141e-14   4069.86 1 
  4030.65 7.8894e-14   4072.61 1 
  4033.37 7.6931e-14   4075.36 1 
  4036.09 7.8344e-14   4078.11 1 
  4038.81 8.1024e-14   4080.86 1 
  4041.53 7.9599e-14   4083.61 1 
  4044.26 7.7364e-14   4086.36 1 
  4046.98 7.7052e-14   4089.11 1 
  4049.70 7.7836e-14   4091.86 1 
  4052.42 7.9749e-14   4094.61 1 
  4055.14 7.7280e-14   4097.36 1 
  4057.86 8.0284e-14   4100.11 1 
  4060.59 7.9151e-14   4102.86 1 
  4063.31 8.2547e-14   4105.61 1 
  4066.03 7.8429e-14   4108.36 1 
  4068.75 7.9501e-14   4111.11 1 
  4071.47 7.8285e-14   4113.86 1 
  4074.19 7.7011e-14   4116.61 1 
  4076.92 7.7104e-14   4119.36 1 
  4079.64 7.7801e-14   4122.11 1 
  4082.36 7.7453e-14   4124.86 1 
  4085.08 7.4769e-14   4127.61 1 
  4087.80 7.4912e-14   4130.36 1 
  4090.52 7.6162e-14   4133.11 1 
  4093.25 7.9009e-14   4135.86 1 
  4095.97 8.4030e-14   4138.61 1 
  4098.69 9.0767e-14   4141.36 1 
  4101.41 8.7250e-14   4144.11 1 
  4104.13 7.7250e-14   4146.86 1 
  4106.85 7.2921e-14   4149.61 1 
  4109.58 7.3963e-14   4152.36 1 
  4112.30 7.1052e-14   4155.11 1 
  4115.02 7.2365e-14   4157.86 1 
  4117.74 7.5368e-14   4160.61 1 
  4120.46 7.3710e-14   4163.36 1 
  4123.18 7.4466e-14   4166.11 1 
  4125.91 7.4258e-14   4168.86 1 
  4128.63 7.3142e-14   4171.61 1 
  4131.35 7.5330e-14   4174.36 1 
  4134.07 7.7300e-14   4177.11 1 
  4136.79 7.5181e-14   4179.86 1 
  4139.51 7.3394e-14   4182.61 1 
  4142.24 7.4779e-14   4185.36 1 
  4144.96 7.3415e-14   4188.11 1 
  4147.68 7.5020e-14   4190.86 1 
  4150.40 7.5753e-14   4193.61 1 
  4153.12 7.6204e-14   4196.36 1 
  4155.84 8.0348e-14   4199.11 1 
  4158.57 7.6853e-14   4201.86 1 
  4161.29 7.8761e-14   4204.61 1 
  4164.01 7.3994e-14   4207.36 1 
  4166.73 7.4546e-14   4210.11 1 
  4169.45 7.7458e-14   4212.86 1 
  4172.17 7.3198e-14   4215.61 1 
  4174.90 7.4726e-14   4218.36 1 
  4177.62 7.3766e-14   4221.11 1 
  4180.34 7.4506e-14   4223.86 1 
  4183.06 7.6588e-14   4226.61 1 
  4185.78 7.6489e-14   4229.36 1 
  4188.50 7.4307e-14   4232.11 1 
  4191.23 7.4857e-14   4234.86 1 
  4193.95 7.2471e-14   4237.61 1 
  4196.67 7.4468e-14   4240.36 1 
  4199.39 7.3276e-14   4243.11 1 
  4202.11 7.4423e-14   4245.86 1 
  4204.83 7.3456e-14   4248.61 1 
  4207.56 7.4690e-14   4251.36 1 
  4210.28 7.6339e-14   4254.11 1 
  4213.00 7.6624e-14   4256.86 1 
  4215.72 7.3920e-14   4259.61 1 
  4218.44 7.2889e-14   4262.36 1 
  4221.16 7.4068e-14   4265.11 1 
  4223.88 7.3734e-14   4267.86 1 
  4226.61 7.2682e-14   4270.61 1 
  4229.33 7.2185e-14   4273.36 1 
  4232.05 7.2852e-14   4276.11 1 
  4234.77 7.2876e-14   4278.86 1 
  4237.49 7.4427e-14   4281.61 1 
  4240.21 7.4999e-14   4284.36 1 
  4242.94 7.4398e-14   4287.11 1 
  4245.66 7.3007e-14   4289.86 1 
  4248.38 7.3033e-14   4292.61 1 
  4251.10 7.5361e-14   4295.36 1 
  4253.82 7.5728e-14   4298.11 1 
  4256.54 7.3982e-14   4300.86 1 
  4259.27 7.3895e-14   4303.61 1 
  4261.99 7.4674e-14   4306.36 1 
  4264.71 7.2925e-14   4309.11 1 
  4267.43 7.0833e-14   4311.86 1 
  4270.15 7.3701e-14   4314.61 1 
  4272.87 7.4426e-14   4317.36 1 
  4275.60 7.1761e-14   4320.11 1 
  4278.32 7.3502e-14   4322.86 1 
  4281.04 7.3115e-14   4325.61 1 
  4283.76 7.3639e-14   4328.36 1 
  4286.48 7.3712e-14   4331.11 1 
  4289.20 7.2250e-14   4333.86 1 
  4291.93 6.8493e-14   4336.61 1 
  4294.65 6.9190e-14   4339.36 1 
  4297.37 6.8450e-14   4342.11 1 
  4300.09 6.6629e-14   4344.86 1 
  4302.81 6.6351e-14   4347.61 1 
  4305.53 6.5817e-14   4350.36 1 
  4308.26 6.9670e-14   4353.11 1 
  4310.98 7.1158e-14   4355.86 1 
  4313.70 7.3018e-14   4358.61 1 
  4316.42 7.2869e-14   4361.36 1 
  4319.14 7.2097e-14   4364.11 1 
  4321.86 7.0422e-14   4366.86 1 
  4324.59 7.0885e-14   4369.61 1 
  4327.31 7.3520e-14   4372.36 1 
  4330.03 8.0034e-14   4375.11 1 
  4332.75 9.4982e-14   4377.86 1 
  4335.47 1.1213e-13   4380.61 1 
  4338.19 1.1753e-13   4383.36 1 
  4340.92 1.0519e-13   4386.11 1 
  4343.64 8.7368e-14   4388.86 1 
  4346.36 7.5337e-14   4391.61 1 
  4349.08 7.2637e-14   4394.36 1 
  4351.80 7.3636e-14   4397.11 1 
  4354.52 7.5828e-14   4399.86 1 
  4357.25 7.6384e-14   4402.61 1 
  4359.97 7.4827e-14   4405.36 1 
  4362.69 7.6009e-14   4408.11 1 
  4365.41 7.4986e-14   4410.86 1 
  4368.13 7.4057e-14   4413.61 1 
  4370.85 7.4266e-14   4416.36 1 
  4373.58 7.2912e-14   4419.11 1 
  4376.30 7.2586e-14   4421.86 1 
  4379.02 7.0227e-14   4424.61 1 
  4381.74 6.9164e-14   4427.36 1 
  4384.46 6.9305e-14   4430.11 1 
  4387.18 6.9604e-14   4432.86 1 
  4389.91 7.0797e-14   4435.61 1 
  4392.63 7.2245e-14   4438.36 1 
  4395.35 7.2534e-14   4441.11 1 
  4398.07 7.2474e-14   4443.86 1 
  4400.79 7.2215e-14   4446.61 1 
  4403.51 7.1498e-14   4449.36 1 
  4406.24 7.2524e-14   4452.11 1 
  4408.96 7.3575e-14   4454.86 1 
  4411.68 7.3604e-14   4457.61 1 
  4414.40 7.4007e-14   4460.36 1 
  4417.12 7.2986e-14   4463.11 1 
  4419.84 7.4255e-14   4465.86 1 
  4422.57 7.4434e-14   4468.61 1 
  4425.29 7.3265e-14   4471.36 1 
  4428.01 7.3036e-14   4474.11 1 
  4430.73 7.3099e-14   4476.86 1 
  4433.45 7.5507e-14   4479.61 1 
  4436.17 7.4722e-14   4482.36 1 
  4438.90 7.4636e-14   4485.11 1 
  4441.62 7.4749e-14   4487.86 1 
  4444.34 7.4549e-14   4490.61 1 
  4447.06 7.5024e-14   4493.36 1 
  4449.78 7.4618e-14   4496.11 1 
  4452.50 7.4109e-14   4498.86 1 
  4455.23 7.4488e-14   4501.61 1 
  4457.95 7.2517e-14   4504.36 1 
  4460.67 7.1477e-14   4507.11 1 
  4463.39 7.3476e-14   4509.86 1 
  4466.11 7.6460e-14   4512.61 1 
  4468.83 7.7122e-14   4515.36 1 
  4471.56 7.5833e-14   4518.11 1 
  4474.28 7.5285e-14   4520.86 1 
  4477.00 7.6041e-14   4523.61 1 
  4479.72 7.6135e-14   4526.36 1 
  4482.44 7.5253e-14   4529.11 1 
  4485.16 7.3182e-14   4531.86 1 
  4487.89 7.4544e-14   4534.61 1 
  4490.61 7.5447e-14   4537.36 1 
  4493.33 7.4872e-14   4540.11 1 
  4496.05 7.5290e-14   4542.86 1 
  4498.77 7.6189e-14   4545.61 1 
  4501.49 7.5932e-14   4548.36 1 
  4504.22 7.8064e-14   4551.11 1 
  4506.94 7.8081e-14   4553.86 1 
  4509.66 7.6438e-14   4556.61 1 
  4512.38 7.6355e-14   4559.36 1 
  4515.10 7.4764e-14   4562.11 1 
  4517.82 7.5390e-14   4564.86 1 
  4520.55 7.5387e-14   4567.61 1 
  4523.27 7.5401e-14   4570.36 1 
  4525.99 7.4834e-14   4573.11 1 
  4528.71 7.3126e-14   4575.86 1 
  4531.43 7.3345e-14   4578.61 1 
  4534.15 7.4517e-14   4581.36 1 
  4536.88 7.4450e-14   4584.11 1 
  4539.60 7.5606e-14   4586.86 1 
  4542.32 7.3577e-14   4589.61 1 
  4545.04 7.2585e-14   4592.36 1 
  4547.76 7.2363e-14   4595.11 1 
  4550.48 7.5052e-14   4597.86 1 
  4553.21 7.4591e-14   4600.61 1 
  4555.93 7.4537e-14   4603.36 1 
  4558.65 7.7115e-14   4606.11 1 
  4561.37 7.7835e-14   4608.86 1 
  4564.09 7.5003e-14   4611.61 1 
  4566.81 7.4989e-14   4614.36 1 
  4569.54 7.6446e-14   4617.11 1 
  4572.26 7.6766e-14   4619.86 1 
  4574.98 7.5191e-14   4622.61 1 
  4577.70 7.4584e-14   4625.36 1 
  4580.42 7.3251e-14   4628.11 1 
  4583.14 7.4761e-14   4630.86 1 
  4585.87 7.5486e-14   4633.61 1 
  4588.59 7.4540e-14   4636.36 1 
  4591.31 7.4675e-14   4639.11 1 
  4594.03 7.4545e-14   4641.86 1 
  4596.75 7.4104e-14   4644.61 1 
  4599.47 7.4211e-14   4647.36 1 
  4602.20 7.4111e-14   4650.11 1 
  4604.92 7.5916e-14   4652.86 1 
  4607.64 7.6106e-14   4655.61 1 
  4610.36 7.7213e-14   4658.36 1 
  4613.08 7.5267e-14   4661.11 1 
  4615.80 7.3934e-14   4663.86 1 
  4618.53 7.5952e-14   4666.61 1 
  4621.25 7.6636e-14   4669.36 1 
  4623.97 7.6866e-14   4672.11 1 
  4626.69 7.7154e-14   4674.86 1 
  4629.41 7.6720e-14   4677.61 1 
  4632.13 7.5324e-14   4680.36 1 
  4634.86 7.5262e-14   4683.11 1 
  4637.58 7.4534e-14   4685.86 1 
  4640.30 7.3588e-14   4688.61 1 
  4643.02 7.2987e-14   4691.36 1 
  4645.74 7.2429e-14   4694.11 1 
  4648.46 7.4333e-14   4696.86 1 
  4651.19 7.4760e-14   4699.61 1 
  4653.91 7.5669e-14   4702.36 1 
  4656.63 7.7123e-14   4705.11 1 
  4659.35 7.5037e-14   4707.86 1 
  4662.07 7.2846e-14   4710.61 1 
  4664.79 7.2413e-14   4713.36 1 
  4667.52 7.3338e-14   4716.11 1 
  4670.24 7.3368e-14   4718.86 1 
  4672.96 7.2242e-14   4721.61 1 
  4675.68 7.2908e-14   4724.36 1 
  4678.40 7.4935e-14   4727.11 1 
  4681.12 7.5022e-14   4729.86 1 
  4683.85 7.6025e-14   4732.61 1 
  4686.57 7.5113e-14   4735.36 1 
  4689.29 7.4769e-14   4738.11 1 
  4692.01 7.3131e-14   4740.86 1 
  4694.73 7.3544e-14   4743.61 1 
  4697.45 7.2708e-14   4746.36 1 
  4700.18 7.2789e-14   4749.11 1 
  4702.90 7.2591e-14   4751.86 1 
  4705.62 7.2737e-14   4754.61 1 
  4708.34 7.3119e-14   4757.36 1 
  4711.06 7.3398e-14   4760.11 1 
  4713.78 7.3705e-14   4762.86 1 
  4716.51 7.4655e-14   4765.61 1 
  4719.23 7.5360e-14   4768.36 1 
  4721.95 7.5100e-14   4771.11 1 
  4724.67 7.4846e-14   4773.86 1 
  4727.39 7.4679e-14   4776.61 1 
  4730.11 7.4272e-14   4779.36 1 
  4732.84 7.4053e-14   4782.11 1 
  4735.56 7.3843e-14   4784.86 1 
  4738.28 7.4391e-14   4787.61 1 
  4741.00 7.4914e-14   4790.36 1 
  4743.72 7.5646e-14   4793.11 1 
  4746.44 7.4226e-14   4795.86 1 
  4749.17 7.5207e-14   4798.61 1 
  4751.89 7.4358e-14   4801.36 1 
  4754.61 7.3090e-14   4804.11 1 
  4757.33 7.2955e-14   4806.86 1 
  4760.05 7.2637e-14   4809.61 1 
  4762.77 7.1126e-14   4812.36 1 
  4765.50 7.4225e-14   4815.11 1 
  4768.22 7.2449e-14   4817.86 1 
  4770.94 7.4267e-14   4820.61 1 
  4773.66 7.4599e-14   4823.36 1 
  4776.38 7.5806e-14   4826.11 1 
  4779.10 7.3439e-14   4828.86 1 
  4781.83 7.3488e-14   4831.61 1 
  4784.55 7.3936e-14   4834.36 1 
  4787.27 7.3102e-14   4837.11 1 
  4789.99 7.3797e-14   4839.86 1 
  4792.71 7.4832e-14   4842.61 1 
  4795.43 7.5866e-14   4845.36 1 
  4798.16 7.4123e-14   4848.11 1 
  4800.88 7.5332e-14   4850.86 1 
  4803.60 7.3119e-14   4853.61 1 
  4806.32 7.2880e-14   4856.36 1 
  4809.04 7.4148e-14   4859.11 1 
  4811.76 7.4580e-14   4861.86 1 
  4814.49 7.4861e-14   4864.61 1 
  4817.21 7.4287e-14   4867.36 1 
  4819.93 7.3807e-14   4870.11 1 
  4822.65 7.2296e-14   4872.86 1 
  4825.37 7.4453e-14   4875.61 1 
  4828.09 7.3125e-14   4878.36 1 
  4830.82 7.4047e-14   4881.11 1 
  4833.54 7.3298e-14   4883.86 1 
  4836.26 7.3685e-14   4886.61 1 
  4838.98 7.4333e-14   4889.36 1 
  4841.70 7.0272e-14   4892.11 1 
  4844.42 7.2884e-14   4894.86 1 
  4847.15 7.3440e-14   4897.61 1 
  4849.87 8.5101e-14   4900.36 1 
  4852.59 1.1671e-13   4903.11 1 
  4855.31 1.7063e-13   4905.86 1 
  4858.03 2.0742e-13   4908.61 1 
  4860.75 1.8852e-13   4911.36 1 
  4863.48 1.3959e-13   4914.11 1 
  4866.20 9.5737e-14   4916.86 1 
  4868.92 7.5101e-14   4919.61 1 
  4871.64 6.9693e-14   4922.36 1 
  4874.36 6.7733e-14   4925.11 1 
  4877.08 7.0024e-14   4927.86 1 
  4879.81 6.9588e-14   4930.61 1 
  4882.53 7.1224e-14   4933.36 1 
  4885.25 6.7835e-14   4936.11 1 
  4887.97 7.1297e-14   4938.86 1 
  4890.69 7.1126e-14   4941.61 1 
  4893.41 7.1982e-14   4944.36 1 
  4896.14 7.1536e-14   4947.11 1 
  4898.86 7.0746e-14   4949.86 1 
  4901.58 7.0954e-14   4952.61 1 
  4904.30 7.2440e-14   4955.36 1 
  4907.02 6.9062e-14   4958.11 1 
  4909.74 7.0184e-14   4960.86 1 
  4912.47 7.0912e-14   4963.61 1 
  4915.19 7.0496e-14   4966.36 1 
  4917.91 6.8236e-14   4969.11 1 
  4920.63 7.0748e-14   4971.86 1 
  4923.35 7.1768e-14   4974.61 1 
  4926.07 7.1884e-14   4977.36 1 
  4928.80 7.2034e-14   4980.11 1 
  4931.52 6.8243e-14   4982.86 1 
  4934.24 6.9638e-14   4985.61 1 
  4936.96 6.9106e-14   4988.36 1 
  4939.68 6.9006e-14   4991.11 1 
  4942.40 7.2154e-14   4993.86 1 
  4945.13 7.6442e-14   4996.61 1 
  4947.85 8.0761e-14   4999.36 1 
  4950.57 9.2897e-14   5002.11 1 
  4953.29 1.1122e-13   5004.86 1 
  4956.01 1.2309e-13   5007.61 1 
  4958.73 1.1449e-13   5010.36 1 
  4961.46 9.7332e-14   5013.11 1 
  4964.18 8.0177e-14   5015.86 1 
  4966.90 7.2742e-14   5018.61 1 
  4969.62 7.1806e-14   5021.36 1 
  4972.34 7.2397e-14   5024.11 1 
  4975.06 7.1421e-14   5026.86 1 
  4977.79 7.0658e-14   5029.61 1 
  4980.51 6.9103e-14   5032.36 1 
  4983.23 7.1153e-14   5035.11 1 
  4985.95 7.2172e-14   5037.86 1 
  4988.67 7.2652e-14   5040.61 1 
  4991.39 7.7160e-14   5043.36 1 
  4994.12 8.4416e-14   5046.11 1 
  4996.84 1.0637e-13   5048.86 1 
  4999.56 1.5733e-13   5051.61 1 
  5002.28 2.1035e-13   5054.36 1 
  5005.00 2.2400e-13   5057.11 1 
  5007.72 1.8312e-13   5059.86 1 
  5010.45 1.2313e-13   5062.61 1 
  5013.17 8.7282e-14   5065.36 1 
  5015.89 7.5102e-14   5068.11 1 
  5018.61 6.9306e-14   5070.86 1 
  5021.33 6.8744e-14   5073.61 1 
  5024.05 6.9008e-14   5076.36 1 
  5026.78 6.9235e-14   5079.11 1 
  5029.50 7.0241e-14   5081.86 1 
  5032.22 6.9352e-14   5084.61 1 
  5034.94 6.9904e-14   5087.36 1 
  5037.66 6.8548e-14   5090.11 1 
  5040.38 6.8344e-14   5092.86 1 
  5043.11 6.7501e-14   5095.61 1 
  5045.83 6.8885e-14   5098.36 1 
  5048.55 6.9063e-14   5101.11 1 
  5051.27 6.9249e-14   5103.86 1 
  5053.99 7.0223e-14   5106.61 1 
  5056.71 7.0355e-14   5109.36 1 
  5059.44 6.9748e-14   5112.11 1 
  5062.16 7.0010e-14   5114.86 1 
  5064.88 6.9929e-14   5117.61 1 
  5067.60 7.0342e-14   5120.36 1 
  5070.32 6.8034e-14   5123.11 1 
  5073.04 6.6878e-14   5125.86 1 
  5075.77 6.6703e-14   5128.61 1 
  5078.49 6.8124e-14   5131.36 1 
  5081.21 6.7469e-14   5134.11 1 
  5083.93 6.7450e-14   5136.86 1 
  5086.65 6.7685e-14   5139.61 1 
  5089.37 6.8935e-14   5142.36 1 
  5092.10 6.9209e-14   5145.11 1 
  5094.82 6.9430e-14   5147.86 1 
  5097.54 6.8311e-14   5150.61 1 
  5100.26 6.6857e-14   5153.36 1 
  5102.98 6.8648e-14   5156.11 1 
  5105.70 6.8330e-14   5158.86 1 
  5108.43 6.8395e-14   5161.61 1 
  5111.15 6.9862e-14   5164.36 1 
  5113.87 6.9831e-14   5167.11 1 
  5116.59 6.8251e-14   5169.86 1 
  5119.31 6.7644e-14   5172.61 1 
  5122.03 6.9057e-14   5175.36 1 
  5124.76 6.6291e-14   5178.11 1 
  5127.48 6.4725e-14   5180.86 1 
  5130.20 6.8288e-14   5183.61 1 
  5132.92 6.7030e-14   5186.36 1 
  5135.64 6.6895e-14   5189.11 1 
  5138.36 6.6764e-14   5191.86 1 
  5141.09 6.5472e-14   5194.61 1 
  5143.81 6.7603e-14   5197.36 1 
  5146.53 6.6106e-14   5200.11 1 
  5149.25 6.5502e-14   5202.86 1 
  5151.97 6.5958e-14   5205.61 1 
  5154.69 6.8187e-14   5208.36 1 
  5157.42 6.6979e-14   5211.11 1 
  5160.14 6.6748e-14   5213.86 1 
  5162.86 6.4803e-14   5216.61 1 
  5165.58 6.1556e-14   5219.36 1 
  5168.30 6.1691e-14   5222.11 1 
  5171.02 6.1061e-14   5224.86 1 
  5173.75 6.3754e-14   5227.61 1 
  5176.47 6.3446e-14   5230.36 1 
  5179.19 6.3099e-14   5233.11 1 
  5181.91 6.2849e-14   5235.86 1 
  5184.63 6.3442e-14   5238.61 1 
  5187.35 6.5184e-14   5241.36 1 
  5190.08 6.7862e-14   5244.11 1 
  5192.80 7.1936e-14   5246.86 1 
  5195.52 7.5827e-14   5249.61 1 
  5198.24 7.6222e-14   5252.36 1 
  5200.96 7.2297e-14   5255.11 1 
  5203.68 6.8915e-14   5257.86 1 
  5206.41 6.5628e-14   5260.61 1 
  5209.13 6.5049e-14   5263.36 1 
  5211.85 6.6973e-14   5266.11 1 
  5214.57 6.6538e-14   5268.86 1 
  5217.29 6.5804e-14   5271.61 1 
  5220.01 6.4574e-14   5274.36 1 
  5222.74 6.4293e-14   5277.11 1 
  5225.46 6.4022e-14   5279.86 1 
  5228.18 6.5670e-14   5282.61 1 
  5230.90 6.6849e-14   5285.36 1 
  5233.62 6.5534e-14   5288.11 1 
  5236.34 6.8202e-14   5290.86 1 
  5239.07 6.9017e-14   5293.61 1 
  5241.79 6.7108e-14   5296.36 1 
  5244.51 6.7301e-14   5299.11 1 
  5247.23 6.7340e-14   5301.86 1 
  5249.95 6.7005e-14   5304.61 1 
  5252.67 6.7034e-14   5307.36 1 
  5255.40 6.8282e-14   5310.11 1 
  5258.12 6.6030e-14   5312.86 1 
  5260.84 6.5434e-14   5315.61 1 
  5263.56 6.6150e-14   5318.36 1 
  5266.28 6.6309e-14   5321.11 1 
  5269.00 6.6534e-14   5323.86 1 
  5271.73 6.9096e-14   5326.61 1 
  5274.45 6.9727e-14   5329.36 1 
  5277.17 6.9621e-14   5332.11 1 
  5279.89 6.8684e-14   5334.86 1 
  5282.61 6.9334e-14   5337.61 1 
  5285.33 7.0501e-14   5340.36 1 
  5288.06 7.1518e-14   5343.11 1 
  5290.78 7.0774e-14   5345.86 1 
  5293.50 7.0067e-14   5348.61 1 
  5296.22 6.9123e-14   5351.36 1 
  5298.94 6.8278e-14   5354.11 1 
  5301.66 7.0560e-14   5356.86 1 
  5304.39 7.0831e-14   5359.61 1 
  5307.11 6.9358e-14   5362.36 1 
  5309.83 7.1168e-14   5365.11 1 
  5312.55 7.0456e-14   5367.86 1 
  5315.27 6.9183e-14   5370.61 1 
  5317.99 6.8523e-14   5373.36 1 
  5320.72 6.8773e-14   5376.11 1 
  5323.44 6.8502e-14   5378.86 1 
  5326.16 6.6933e-14   5381.61 1 
  5328.88 6.7565e-14   5384.36 1 
  5331.60 6.8500e-14   5387.11 1 
  5334.32 6.8988e-14   5389.86 1 
  5337.05 6.9117e-14   5392.61 1 
  5339.77 6.6951e-14   5395.36 1 
  5342.49 6.8292e-14   5398.11 1 
  5345.21 6.9090e-14   5400.86 1 
  5347.93 6.7985e-14   5403.61 1 
  5350.65 6.9654e-14   5406.36 1 
  5353.38 7.1028e-14   5409.11 1 
  5356.10 7.2581e-14   5411.86 1 
  5358.82 6.9985e-14   5414.61 1 
  5361.54 6.6626e-14   5417.36 1 
  5364.26 6.8639e-14   5420.11 1 
  5366.98 6.8453e-14   5422.86 1 
  5369.71 6.8742e-14   5425.61 1 
  5372.43 6.7500e-14   5428.36 1 
  5375.15 6.9777e-14   5431.11 1 
  5377.87 6.8401e-14   5433.86 1 
  5380.59 7.0031e-14   5436.61 1 
  5383.31 6.9021e-14   5439.36 1 
  5386.04 6.8285e-14   5442.11 1 
  5388.76 6.7696e-14   5444.86 1 
  5391.48 6.6100e-14   5447.61 1 
  5394.20 6.5578e-14   5450.36 1 
  5396.92 6.5638e-14   5453.11 1 
  5399.64 6.5591e-14   5455.86 1 
  5402.37 6.6137e-14   5458.61 1 
  5405.09 6.5163e-14   5461.36 1 
  5407.81 6.6137e-14   5464.11 1 
  5410.53 6.8076e-14   5466.86 1 
  5413.25 6.8816e-14   5469.61 1 
  5415.97 6.7792e-14   5472.36 1 
  5418.70 6.8634e-14   5475.11 1 
  5421.42 6.7559e-14   5477.86 1 
  5424.14 6.7805e-14   5480.61 1 
  5426.86 6.8242e-14   5483.36 1 
  5429.58 6.8332e-14   5486.11 1 
  5432.30 6.7001e-14   5488.86 1 
  5435.03 7.1019e-14   5491.61 1 
  5437.75 6.9687e-14   5494.36 1 
  5440.47 6.9129e-14   5497.11 1 
  5443.19 6.6641e-14   5499.86 1 
  5445.91 6.8708e-14   5502.61 1 
  5448.63 6.8568e-14   5505.36 1 
  5451.36 6.6230e-14   5508.11 1 
  5454.08 6.8269e-14   5510.86 1 
  5456.80 6.6939e-14   5513.61 1 
  5459.52 6.8036e-14   5516.36 1 
  5462.24 6.7033e-14   5519.11 1 
  5464.96 6.8598e-14   5521.86 1 
  5467.69 6.8658e-14   5524.61 1 
  5470.41 6.5287e-14   5527.36 1 
  5473.13 6.5721e-14   5530.11 1 
  5475.85 6.6850e-14   5532.86 1 
  5478.57 6.7942e-14   5535.61 1 
  5481.29 6.8036e-14   5538.36 1 
  5484.02 6.8153e-14   5541.11 1 
  5486.74 6.6605e-14   5543.86 1 
  5489.46 6.7155e-14   5546.61 1 
  5492.18 6.7563e-14   5549.36 1 
  5494.90 6.7439e-14   5552.11 1 
  5497.62 6.6438e-14   5554.86 1 
  5500.35 6.8106e-14   5557.61 1 
  5503.07 6.5693e-14   5560.36 1 
  5505.79 6.5784e-14   5563.11 1 
  5508.51 6.5316e-14   5565.86 1 
  5511.23 6.6738e-14   5568.61 1 
  5513.95 6.6511e-14   5571.36 1 
  5516.68 6.7499e-14   5574.11 1 
  5519.40 6.8377e-14   5576.86 1 
  5522.12 6.6085e-14   5579.61 1 
  5524.84 6.5988e-14   5582.36 1 
  5527.56 6.6526e-14   5585.11 1 
  5530.28 6.7774e-14   5587.86 1 
  5533.01 6.7706e-14   5590.61 1 
  5535.73 6.7481e-14   5593.36 1 
  5538.45 6.7493e-14   5596.11 1 
  5541.17 6.7628e-14   5598.86 1 
  5543.89 6.8376e-14   5601.61 1 
  5546.61 6.7996e-14   5604.36 1 
  5549.34 6.8715e-14   5607.11 1 
  5552.06 6.8267e-14   5609.86 1 
  5554.78 6.9852e-14   5612.61 1 
  5557.50 6.8612e-14   5615.36 1 
  5560.22 6.8920e-14   5618.11 1 
  5562.94 6.8181e-14   5620.86 1 
  5565.67 6.7097e-14   5623.61 1 
  5568.39 6.8343e-14   5626.36 1 
  5571.11 6.8234e-14   5629.11 1 
  5573.83 6.8665e-14   5631.86 1 
  5576.55 6.8228e-14   5634.61 1 
  5579.27 6.7006e-14   5637.36 1 
  5582.00 6.6388e-14   5640.11 1 
  5584.72 6.5782e-14   5642.86 1 
  5587.44 6.4503e-14   5645.61 1 
  5590.16 6.4757e-14   5648.36 1 
  5592.88 6.6117e-14   5651.11 1 
  5595.60 6.4813e-14   5653.86 1 
  5598.33 6.4551e-14   5656.61 1 
  5601.05 6.7240e-14   5659.36 1 
  5603.77 6.7392e-14   5662.11 1 
  5606.49 6.7298e-14   5664.86 1 
  5609.21 6.6764e-14   5667.61 1 
  5611.93 6.7686e-14   5670.36 1 
  5614.66 6.6549e-14   5673.11 1 
  5617.38 6.5872e-14   5675.86 1 
  5620.10 6.7490e-14   5678.61 1 
  5622.82 6.4890e-14   5681.36 1 
  5625.54 6.5318e-14   5684.11 1 
  5628.26 6.6395e-14   5686.86 1 
  5630.99 6.6515e-14   5689.61 1 
  5633.71 6.5517e-14   5692.36 1 
  5636.43 6.8019e-14   5695.11 1 
  5639.15 6.6591e-14   5697.86 1 
  5641.87 6.6151e-14   5700.61 1 
  5644.59 6.6315e-14   5703.36 1 
  5647.32 6.6234e-14   5706.11 1 
  5650.04 6.6678e-14   5708.86 1 
  5652.76 6.6583e-14   5711.61 1 
  5655.48 6.5452e-14   5714.36 1 
  5658.20 6.4575e-14   5717.11 1 
  5660.92 6.3649e-14   5719.86 1 
  5663.65 6.5549e-14   5722.61 1 
  5666.37 6.7260e-14   5725.36 1 
  5669.09 6.7782e-14   5728.11 1 
  5671.81 6.7736e-14   5730.86 1 
  5674.53 6.7693e-14   5733.61 1 
  5677.25 6.5531e-14   5736.36 1 
  5679.98 6.7512e-14   5739.11 1 
  5682.70 6.7322e-14   5741.86 1 
  5685.42 6.8502e-14   5744.61 1 
  5688.14 6.6541e-14   5747.36 1 
  5690.86 6.6741e-14   5750.11 1 
  5693.58 6.6550e-14   5752.86 1 
  5696.31 6.6977e-14   5755.61 1 
  5699.03 6.7308e-14   5758.36 1 
  5701.75 6.5610e-14   5761.11 1 
  5704.47 6.4746e-14   5763.86 1 
  5707.19 6.5524e-14   5766.61 1 
  5709.91 6.5129e-14   5769.36 1 
  5712.64 6.5738e-14   5772.11 1 
  5715.36 6.6427e-14   5774.86 1 
  5718.08 6.6184e-14   5777.61 1 
  5720.80 6.6454e-14   5780.36 1 
  5723.52 6.8627e-14   5783.11 1 
  5726.24 6.8240e-14   5785.86 1 
  5728.97 6.8192e-14   5788.61 1 
  5731.69 6.7678e-14   5791.36 1 
  5734.41 6.7305e-14   5794.11 1 
  5737.13 6.7503e-14   5796.86 1 
  5739.85 6.7238e-14   5799.61 1 
  5742.57 6.6277e-14   5802.36 1 
  5745.30 6.5483e-14   5805.11 1 
  5748.02 6.7562e-14   5807.86 1 
  5750.74 6.9178e-14   5810.61 1 
  5753.46 6.8992e-14   5813.36 1 
  5756.18 6.8458e-14   5816.11 1 
  5758.90 6.8054e-14   5818.86 1 
  5761.63 6.7683e-14   5821.61 1 
  5764.35 6.8164e-14   5824.36 1 
  5767.07 6.6870e-14   5827.11 1 
  5769.79 6.6685e-14   5829.86 1 
  5772.51 6.7055e-14   5832.61 1 
  5775.23 6.6762e-14   5835.36 1 
  5777.96 6.4532e-14   5838.11 1 
  5780.68 6.3378e-14   5840.86 1 
  5783.40 6.4895e-14   5843.61 1 
  5786.12 6.6182e-14   5846.36 1 
  5788.84 6.6838e-14   5849.11 1 
  5791.56 6.7033e-14   5851.86 1 
  5794.29 6.5892e-14   5854.61 1 
  5797.01 6.9090e-14   5857.36 1 
  5799.73 6.8726e-14   5860.11 1 
  5802.45 6.8388e-14   5862.86 1 
  5805.17 6.7223e-14   5865.61 1 
  5807.89 6.5899e-14   5868.36 1 
  5810.62 6.8134e-14   5871.11 1 
  5813.34 6.8645e-14   5873.86 1 
  5816.06 6.9435e-14   5876.61 1 
  5818.78 6.7015e-14   5879.36 1 
  5821.50 6.8690e-14   5882.11 1 
  5824.22 6.8491e-14   5884.86 1 
  5826.95 6.8874e-14   5887.61 1 
  5829.67 6.6856e-14   5890.36 1 
  5832.39 7.0187e-14   5893.11 1 
  5835.11 6.8825e-14   5895.86 1 
  5837.83 6.7289e-14   5898.61 1 
  5840.55 6.9551e-14   5901.36 1 
  5843.28 6.7209e-14   5904.11 1 
  5846.00 6.6014e-14   5906.86 1 
  5848.72 6.6756e-14   5909.61 1 
  5851.44 6.5428e-14   5912.36 1 
  5854.16 6.5606e-14   5915.11 1 
  5856.88 6.5329e-14   5917.86 1 
  5859.61 6.2917e-14   5920.61 1 
  5862.33 6.5984e-14   5923.36 1 
  5865.05 6.8457e-14   5926.11 1 
  5867.77 7.7698e-14   5928.86 1 
  5870.49 8.2733e-14   5931.61 1 
  5873.21 8.4634e-14   5934.36 1 
  5875.94 8.0586e-14   5937.11 1 
  5878.66 7.1115e-14   5939.86 1 
  5881.38 6.4609e-14   5942.61 1 
  5884.10 6.0170e-14   5945.36 1 
  5886.82 6.0047e-14   5948.11 1 
  5889.54 5.9070e-14   5950.86 1 
  5892.27 5.9044e-14   5953.61 1 
  5894.99 6.0260e-14   5956.36 1 
  5897.71 6.0722e-14   5959.11 1 
  5900.43 6.4562e-14   5961.86 1 
  5903.15 6.4415e-14   5964.61 1 
  5905.87 6.6638e-14   5967.36 1 
  5908.60 6.6164e-14   5970.11 1 
  5911.32 6.5320e-14   5972.86 1 
  5914.04 6.5174e-14   5975.61 1 
  5916.76 6.2483e-14   5978.36 1 
  5919.48 6.4965e-14   5981.11 1 
  5922.20 6.5038e-14   5983.86 1 
  5924.93 6.4222e-14   5986.61 1 
  5927.65 6.2733e-14   5989.36 1 
  5930.37 6.5644e-14   5992.11 1 
  5933.09 6.4199e-14   5994.86 1 
  5935.81 6.4986e-14   5997.61 1 
  5938.53 6.2327e-14   6000.36 1 
  5941.26 6.4322e-14   6003.11 1 
  5943.98 6.3587e-14   6005.86 1 
  5946.70 6.5477e-14   6008.61 1 
  5949.42 6.5020e-14   6011.36 1 
  5952.14 6.5768e-14   6014.11 1 
  5954.86 6.4552e-14   6016.86 1 
  5957.59 6.3774e-14   6019.61 1 
  5960.31 6.4343e-14   6022.36 1 
  5963.03 6.4062e-14   6025.11 1 
  5965.75 6.4548e-14   6027.86 1 
  5968.47 6.2319e-14   6030.61 1 
  5971.19 6.4270e-14   6033.36 1 
  5973.92 6.4815e-14   6036.11 1 
  5976.64 6.5090e-14   6038.86 1 
  5979.36 6.4985e-14   6041.61 1 
  5982.08 6.3609e-14   6044.36 1 
  5984.80 6.4766e-14   6047.11 1 
  5987.52 6.2768e-14   6049.86 1 
  5990.25 6.3797e-14   6052.61 1 
  5992.97 6.5558e-14   6055.36 1 
  5995.69 6.2755e-14   6058.11 1 
  5998.41 6.5043e-14   6060.86 1 
  6001.13 6.3505e-14   6063.61 1 
  6003.85 6.1271e-14   6066.36 1 
  6006.58 6.3253e-14   6069.11 1 
  6009.30 6.4520e-14   6071.86 1 
  6012.02 6.2321e-14   6074.61 1 
  6014.74 6.5366e-14   6077.36 1 
  6017.46 6.3195e-14   6080.11 1 
  6020.18 6.2334e-14   6082.86 1 
  6022.91 6.2596e-14   6085.61 1 
  6025.63 6.3418e-14   6088.36 1 
  6028.35 6.4025e-14   6091.11 1 
  6031.07 6.5217e-14   6093.86 1 
  6033.79 6.4522e-14   6096.61 1 
  6036.51 6.5061e-14   6099.36 1 
  6039.24 6.4267e-14   6102.11 1 
  6041.96 6.4079e-14   6104.86 1 
  6044.68 6.5524e-14   6107.61 1 
  6047.40 6.4931e-14   6110.36 1 
  6050.12 6.6053e-14   6113.11 1 
  6052.84 6.3880e-14   6115.86 1 
  6055.57 6.2792e-14   6118.61 1 
  6058.29 6.4713e-14   6121.36 1 
  6061.01 6.4049e-14   6124.11 1 
  6063.73 6.3678e-14   6126.86 1 
  6066.45 6.3556e-14   6129.61 1 
  6069.17 6.5617e-14   6132.36 1 
  6071.90 6.4269e-14   6135.11 1 
  6074.62 6.6137e-14   6137.86 1 
  6077.34 6.4037e-14   6140.61 1 
  6080.06 6.4460e-14   6143.36 1 
  6082.78 6.5158e-14   6146.11 1 
  6085.50 6.5316e-14   6148.86 1 
  6088.23 6.4335e-14   6151.61 1 
  6090.95 6.4082e-14   6154.36 1 
  6093.67 6.4197e-14   6157.11 1 
  6096.39 6.4416e-14   6159.86 1 
  6099.11 6.2114e-14   6162.61 1 
  6101.83 6.2599e-14   6165.36 1 
  6104.56 6.4052e-14   6168.11 1 
  6107.28 6.3767e-14   6170.86 1 
  6110.00 6.3830e-14   6173.61 1 
  6112.72 6.3109e-14   6176.36 1 
  6115.44 6.2704e-14   6179.11 1 
  6118.16 6.2095e-14   6181.86 1 
  6120.89 6.2868e-14   6184.61 1 
  6123.61 6.2428e-14   6187.36 1 
  6126.33 6.2048e-14   6190.11 1 
  6129.05 6.3414e-14   6192.86 1 
  6131.77 6.3425e-14   6195.61 1 
  6134.49 6.1528e-14   6198.36 1 
  6137.22 6.2379e-14   6201.11 1 
  6139.94 6.2557e-14   6203.86 1 
  6142.66 6.3063e-14   6206.61 1 
  6145.38 6.4101e-14   6209.36 1 
  6148.10 6.3474e-14   6212.11 1 
  6150.82 6.2914e-14   6214.86 1 
  6153.55 6.1450e-14   6217.61 1 
  6156.27 6.0199e-14   6220.36 1 
  6158.99 5.8906e-14   6223.11 1 
  6161.71 5.7583e-14   6225.86 1 
  6164.43 5.8834e-14   6228.61 1 
  6167.15 5.9515e-14   6231.36 1 
  6169.88 6.0354e-14   6234.11 1 
  6172.60 6.2106e-14   6236.86 1 
  6175.32 6.1674e-14   6239.61 1 
  6178.04 6.2593e-14   6242.36 1 
  6180.76 6.2068e-14   6245.11 1 
  6183.48 6.1238e-14   6247.86 1 
  6186.21 6.0665e-14   6250.61 1 
  6188.93 5.9740e-14   6253.36 1 
  6191.65 6.0818e-14   6256.11 1 
  6194.37 6.1977e-14   6258.86 1 
  6197.09 6.1049e-14   6261.61 1 
  6199.81 6.1193e-14   6264.36 1 
  6202.54 6.1347e-14   6267.11 1 
  6205.26 6.1866e-14   6269.86 1 
  6207.98 6.3159e-14   6272.61 1 
  6210.70 6.0212e-14   6275.36 1 
  6213.42 6.0672e-14   6278.11 1 
  6216.14 6.1666e-14   6280.86 1 
  6218.87 6.0314e-14   6283.61 1 
  6221.59 6.1472e-14   6286.36 1 
  6224.31 5.8851e-14   6289.11 1 
  6227.03 6.1772e-14   6291.86 1 
  6229.75 5.9749e-14   6294.61 1 
  6232.47 6.0300e-14   6297.36 1 
  6235.20 6.2110e-14   6300.11 1 
  6237.92 6.1348e-14   6302.86 1 
  6240.64 5.9861e-14   6305.61 1 
  6243.36 5.9328e-14   6308.36 1 
  6246.08 6.0763e-14   6311.11 1 
  6248.80 5.9792e-14   6313.86 1 
  6251.53 6.0818e-14   6316.61 1 
  6254.25 6.1213e-14   6319.36 1 
  6256.97 6.0400e-14   6322.11 1 
  6259.69 6.0185e-14   6324.86 1 
  6262.41 6.1612e-14   6327.61 1 
  6265.13 5.8887e-14   6330.36 1 
  6267.86 5.9267e-14   6333.11 1 
  6270.58 6.1617e-14   6335.86 1 
  6273.30 6.0089e-14   6338.61 1 
  6276.02 6.0253e-14   6341.36 1 
  6278.74 5.9224e-14   6344.11 1 
  6281.46 5.8359e-14   6346.86 1 
  6284.19 6.1959e-14   6349.61 1 
  6286.91 6.5968e-14   6352.36 1 
  6289.63 6.9988e-14   6355.11 1 
  6292.35 7.4960e-14   6357.86 1 
  6295.07 8.9150e-14   6360.61 1 
  6297.79 9.2282e-14   6363.36 1 
  6300.52 8.7051e-14   6366.11 1 
  6303.24 7.8009e-14   6368.86 1 
  6305.96 6.9220e-14   6371.61 1 
  6308.68 6.4496e-14   6374.36 1 
  6311.40 6.2442e-14   6377.11 1 
  6314.12 6.0402e-14   6379.86 1 
  6316.85 6.0759e-14   6382.61 1 
  6319.57 6.1290e-14   6385.36 1 
  6322.29 6.2406e-14   6388.11 1 
  6325.01 6.4089e-14   6390.86 1 
  6327.73 6.1863e-14   6393.61 1 
  6330.45 6.1583e-14   6396.36 1 
  6333.18 6.2032e-14   6399.11 1 
  6335.90 6.2595e-14   6401.86 1 
  6338.62 6.2960e-14   6404.61 1 
  6341.34 6.3997e-14   6407.36 1 
  6344.06 6.2032e-14   6410.11 1 
  6346.78 6.0721e-14   6412.86 1 
  6349.51 6.2321e-14   6415.61 1 
  6352.23 6.4101e-14   6418.36 1 
  6354.95 6.6484e-14   6421.11 1 
  6357.67 6.8979e-14   6423.86 1 
  6360.39 7.1319e-14   6426.61 1 
  6363.11 7.1149e-14   6429.36 1 
  6365.84 6.9300e-14   6432.11 1 
  6368.56 6.6444e-14   6434.86 1 
  6371.28 6.3576e-14   6437.61 1 
  6374.00 6.4261e-14   6440.36 1 
  6376.72 6.3178e-14   6443.11 1 
  6379.44 6.3206e-14   6445.86 1 
  6382.17 6.4184e-14   6448.61 1 
  6384.89 6.2330e-14   6451.36 1 
  6387.61 6.2333e-14   6454.11 1 
  6390.33 6.1778e-14   6456.86 1 
  6393.05 6.2677e-14   6459.61 1 
  6395.77 6.2700e-14   6462.36 1 
  6398.50 6.2876e-14   6465.11 1 
  6401.22 6.1513e-14   6467.86 1 
  6403.94 6.2650e-14   6470.61 1 
  6406.66 6.2769e-14   6473.36 1 
  6409.38 6.2085e-14   6476.11 1 
  6412.10 6.2072e-14   6478.86 1 
  6414.83 6.1583e-14   6481.61 1 
  6417.55 6.1701e-14   6484.36 1 
  6420.27 6.0196e-14   6487.11 1 
  6422.99 6.2446e-14   6489.86 1 
  6425.71 6.2290e-14   6492.61 1 
  6428.43 6.2233e-14   6495.36 1 
  6431.16 6.2326e-14   6498.11 1 
  6433.88 6.1321e-14   6500.86 1 
  6436.60 6.0370e-14   6503.61 1 
  6439.32 6.1312e-14   6506.36 1 
  6442.04 6.0822e-14   6509.11 1 
  6444.76 6.1801e-14   6511.86 1 
  6447.49 6.0508e-14   6514.61 1 
  6450.21 6.0214e-14   6517.36 1 
  6452.93 6.2210e-14   6520.11 1 
  6455.65 6.1631e-14   6522.86 1 
  6458.37 6.1591e-14   6525.61 1 
  6461.09 6.1513e-14   6528.36 1 
  6463.82 6.0071e-14   6531.11 1 
  6466.54 6.1957e-14   6533.86 1 
  6469.26 6.0983e-14   6536.61 1 
  6471.98 6.3092e-14   6539.36 1 
  6474.70 6.2393e-14   6542.11 1 
  6477.42 5.9947e-14   6544.86 1 
  6480.15 6.0827e-14   6547.61 1 
  6482.87 5.8385e-14   6550.36 1 
  6485.59 5.8956e-14   6553.11 1 
  6488.31 6.0320e-14   6555.86 1 
  6491.03 5.8886e-14   6558.61 1 
  6493.75 6.0693e-14   6561.36 1 
  6496.48 5.8307e-14   6564.11 1 
  6499.20 5.9272e-14   6566.86 1 
  6501.92 6.0117e-14   6569.61 1 
  6504.64 6.1319e-14   6572.36 1 
  6507.36 6.2710e-14   6575.11 1 
  6510.08 6.3101e-14   6577.86 1 
  6512.81 6.2840e-14   6580.61 1 
  6515.53 6.3699e-14   6583.36 1 
  6518.25 6.2629e-14   6586.11 1 
  6520.97 6.4419e-14   6588.86 1 
  6523.69 6.2690e-14   6591.61 1 
  6526.41 6.5894e-14   6594.36 1 
  6529.14 6.5559e-14   6597.11 1 
  6531.86 6.7040e-14   6599.86 1 
  6534.58 7.1669e-14   6602.61 1 
  6537.30 8.0897e-14   6605.36 1 
  6540.02 1.0634e-13   6608.11 1 
  6542.74 1.3205e-13   6610.86 1 
  6545.47 1.4605e-13   6613.61 1 
  6548.19 1.4936e-13   6616.36 1 
  6550.91 1.8639e-13   6619.11 1 
  6553.63 3.1667e-13   6621.86 1 
  6556.35 5.1720e-13   6624.61 1 
  6559.07 6.5106e-13   6627.36 1 
  6561.80 5.9922e-13   6630.11 1 
  6564.52 4.1184e-13   6632.86 1 
  6567.24 2.3554e-13   6635.61 1 
  6569.96 1.4703e-13   6638.36 1 
  6572.68 1.4409e-13   6641.11 1 
  6575.40 1.9551e-13   6643.86 1 
  6578.13 2.6345e-13   6646.61 1 
  6580.85 2.8444e-13   6649.36 1 
  6583.57 2.3732e-13   6652.11 1 
  6586.29 1.6404e-13   6654.86 1 
  6589.01 1.0462e-13   6657.61 1 
  6591.73 7.6221e-14   6660.36 1 
  6594.45 6.8073e-14   6663.11 1 
  6597.18 6.5868e-14   6665.86 1 
  6599.90 6.3207e-14   6668.61 1 
  6602.62 6.2266e-14   6671.36 1 
  6605.34 6.2307e-14   6674.11 1 
  6608.06 6.2362e-14   6676.86 1 
  6610.78 6.2137e-14   6679.61 1 
  6613.51 6.0991e-14   6682.36 1 
  6616.23 6.0768e-14   6685.11 1 
  6618.95 6.2408e-14   6687.86 1 
  6621.67 6.1174e-14   6690.61 1 
  6624.39 6.1195e-14   6693.36 1 
  6627.11 6.2080e-14   6696.11 1 
  6629.84 5.9457e-14   6698.86 1 
  6632.56 6.0036e-14   6701.61 1 
  6635.28 6.3015e-14   6704.36 1 
  6638.00 6.1069e-14   6707.11 1 
  6640.72 6.2127e-14   6709.86 1 
  6643.44 6.1888e-14   6712.61 1 
  6646.17 5.9752e-14   6715.36 1 
  6648.89 6.0052e-14   6718.11 1 
  6651.61 6.0556e-14   6720.86 1 
  6654.33 6.1328e-14   6723.61 1 
  6657.05 6.1172e-14   6726.36 1 
  6659.77 6.1028e-14   6729.11 1 
  6662.50 6.2014e-14   6731.86 1 
  6665.22 6.2461e-14   6734.61 1 
  6667.94 6.2924e-14   6737.36 1 
  6670.66 6.6089e-14   6740.11 1 
  6673.38 6.7338e-14   6742.86 1 
  6676.10 6.5242e-14   6745.61 1 
  6678.83 6.3063e-14   6748.36 1 
  6681.55 5.9859e-14   6751.11 1 
  6684.27 6.1679e-14   6753.86 1 
  6686.99 6.0501e-14   6756.61 1 
  6689.71 5.8729e-14   6759.36 1 
  6692.43 6.0883e-14   6762.11 1 
  6695.16 6.2896e-14   6764.86 1 
  6697.88 6.2066e-14   6767.61 1 
  6700.60 6.4993e-14   6770.36 1 
  6703.32 6.9071e-14   6773.11 1 
  6706.04 8.7952e-14   6775.86 1 
  6708.76 1.2397e-13   6778.61 1 
  6711.49 1.6047e-13   6781.36 1 
  6714.21 1.7181e-13   6784.11 1 
  6716.93 1.5225e-13   6786.86 1 
  6719.65 1.2307e-13   6789.61 1 
  6722.37 1.1933e-13   6792.36 1 
  6725.09 1.3415e-13   6795.11 1 
  6727.82 1.4570e-13   6797.86 1 
  6730.54 1.3140e-13   6800.61 1 
  6733.26 1.0207e-13   6803.36 1 
  6735.98 7.8035e-14   6806.11 1 
  6738.70 6.5301e-14   6808.86 1 
  6741.42 6.0188e-14   6811.61 1 
  6744.15 6.0944e-14   6814.36 1 
  6746.87 5.9382e-14   6817.11 1 
  6749.59 5.9041e-14   6819.86 1 
  6752.31 5.9706e-14   6822.61 1 
  6755.03 6.0789e-14   6825.36 1 
  6757.75 5.8898e-14   6828.11 1 
  6768.65 6.0817e-14   6839.12 0 
  6784.25 6.1522e-14   6854.88 0 
  6799.89 5.9708e-14   6870.68 0 
  6815.57 6.0540e-14   6886.52 0 
  6831.28 6.1383e-14   6902.40 0 
  6847.02 5.8891e-14   6918.31 0 
  6862.81 5.9164e-14   6934.26 0 
  6878.63 5.8622e-14   6950.24 0 
  6894.49 5.8758e-14   6966.26 0 
  6910.38 5.8894e-14   6982.33 0 
  6926.31 5.9030e-14   6998.42 0 
  6942.28 6.0685e-14   7014.55 0 
  6958.28 6.0268e-14   7030.72 0 
  6974.32 6.2100e-14   7046.93 0 
  6990.40 6.1816e-14   7063.18 0 
  7006.51 5.9855e-14   7079.46 0 
  7022.67 5.8628e-14   7095.78 0 
  7038.85 6.1676e-14   7112.14 0 
  7055.08 6.3550e-14   7128.53 0 
  7071.35 5.7826e-14   7144.96 0 
  7087.65 6.0832e-14   7161.43 0 
  7103.98 5.7695e-14   7177.94 0 
  7120.36 5.7563e-14   7194.49 0 
  7136.77 5.5354e-14   7211.08 0 
  7153.23 5.6905e-14   7227.70 0 
  7169.71 5.6906e-14   7244.36 0 
  7186.24 5.5997e-14   7261.06 0 
  7202.81 5.5997e-14   7277.80 0 
  7219.41 5.8234e-14   7294.57 0 
  7236.06 5.8369e-14   7311.39 0 
  7252.74 5.7568e-14   7328.25 0 
  7269.46 5.7305e-14   7345.14 0 
  7286.22 5.8371e-14   7362.07 0 
  7303.01 6.0284e-14   7379.04 0 
  7319.85 5.9457e-14   7396.05 0 
  7336.72 6.0564e-14   7413.10 0 
  7353.63 6.1125e-14   7430.19 0 
  7370.58 5.9323e-14   7447.32 0 
  7387.57 6.2120e-14   7464.49 0 
  7404.61 6.2120e-14   7481.70 0 
  7421.67 5.9736e-14   7498.94 0 
  7438.78 6.0848e-14   7516.23 0 
  7455.93 6.1695e-14   7533.56 0 
  7473.12 6.2554e-14   7550.92 0 
  7490.35 6.1272e-14   7568.33 0 
  7507.62 6.2412e-14   7585.78 0 
  7524.92 6.3427e-14   7603.26 0 
  7542.27 6.3428e-14   7620.79 0 
  7559.65 6.2271e-14   7638.36 0 
  7577.08 6.1559e-14   7655.97 0 
  7594.55 6.1277e-14   7673.61 0 
  7612.05 5.9883e-14   7691.30 0 
  7629.60 6.0577e-14   7709.04 0 
  7647.19 5.9884e-14   7726.81 0 
  7664.82 5.8253e-14   7744.62 0 
  7682.49 5.7455e-14   7762.47 0 
  7700.20 5.7987e-14   7780.37 0 
  7717.95 5.7722e-14   7798.30 0 
  7735.74 5.7590e-14   7816.28 0 
  7753.57 5.6800e-14   7834.30 0 
  7771.45 5.7990e-14   7852.36 0 
  7789.36 5.7195e-14   7870.46 0 
  7807.32 5.7196e-14   7888.60 0 
  7825.32 5.9480e-14   7906.79 0 
  7843.36 5.7066e-14   7925.01 0 
  7861.44 5.8531e-14   7943.28 0 
  7879.56 5.8532e-14   7961.59 0 
  7897.72 5.9347e-14   7979.95 0 
  7915.93 5.7597e-14   7998.34 0 
  7934.18 5.7070e-14   8016.78 0 
  7952.47 5.4754e-14   8035.26 0 
  7970.80 5.6940e-14   8053.78 0 
  7989.18 5.7336e-14   8072.35 0 
  8007.59 5.6290e-14   8090.96 0 
  8026.05 5.9080e-14   8109.61 0 
  8044.55 5.9765e-14   8128.31 0 
  8063.10 5.9218e-14   8147.04 0 
  8081.68 5.7340e-14   8165.82 0 
  8100.32 5.5778e-14   8184.65 0 
  8118.99 5.8542e-14   8203.52 0 
  8137.70 5.8678e-14   8222.43 0 
  8156.46 5.6687e-14   8241.38 0 
  8175.27 5.7212e-14   8260.38 0 
  8194.11 5.5782e-14   8279.42 0 
  8213.00 5.8143e-14   8298.51 0 
  8231.94 5.6952e-14   8317.64 0 
  8250.91 5.8011e-14   8336.81 0 
  8269.93 5.9913e-14   8356.03 0 
  8289.00 5.7349e-14   8375.29 0 
  8308.10 5.7482e-14   8394.60 0 
  8327.26 5.7483e-14   8413.95 0 
  8346.45 5.6305e-14   8433.35 0 
  8365.69 5.7750e-14   8452.79 0 
  8384.98 5.6177e-14   8472.27 0 
  8404.31 5.7354e-14   8491.80 0 
  8423.68 5.6829e-14   8511.38 0 
  8443.10 5.3651e-14   8531.00 0 
  8462.56 5.6831e-14   8550.67 0 
  8482.07 5.6701e-14   8570.38 0 
  8501.63 5.6963e-14   8590.14 0 
  8521.22 5.5540e-14   8609.94 0 
  8540.87 5.5925e-14   8629.79 0 
  8560.56 5.4779e-14   8649.68 0 
  8580.29 5.6967e-14   8669.62 0 
  8600.07 5.5543e-14   8689.60 0 
  8619.89 5.5161e-14   8709.64 0 
  8639.76 5.6969e-14   8729.71 0 
  8659.68 5.4910e-14   8749.84 0 
  8679.65 5.3169e-14   8770.01 0 
  8699.65 5.3169e-14   8790.23 0 
  8719.71 5.6191e-14   8810.49 0 
  8739.81 5.6451e-14   8830.80 0 
  8759.96 5.2322e-14   8851.16 0 
  8780.15 5.5807e-14   8871.56 0 
  8800.39 5.5936e-14   8892.01 0 
  8820.68 5.7109e-14   8912.51 0 
  8841.01 5.7241e-14   8933.05 0 
  8861.39 5.6068e-14   8953.65 0 
  8881.82 5.3299e-14   8974.29 0 
  8902.29 5.4667e-14   8994.98 0 
  8922.81 5.4921e-14   9015.71 0 
  8943.39 5.5557e-14   9036.50 0 
  8964.00 5.2936e-14   9057.33 0 
  8984.66 5.2815e-14   9078.20 0 
  9005.38 5.5688e-14   9099.13 0 
  9026.14 4.6427e-14   9120.11 0 
  9046.94 5.7514e-14   9141.13 0 
  9067.80 5.7119e-14   9162.20 0 
  9088.70 5.1379e-14   9183.33 0 
  9109.65 5.2942e-14   9204.50 0 
  9130.65 5.5693e-14   9225.71 0 
  9151.70 5.3433e-14   9246.98 0 
  9172.80 5.4177e-14   9268.30 0 
  9193.94 5.3435e-14   9289.66 0 
  9215.14 5.4054e-14   9311.08 0 
  9236.38 5.0447e-14   9332.54 0 
  9257.67 5.3070e-14   9354.06 0 
  9279.01 5.5828e-14   9375.62 0 
  9300.41 5.2706e-14   9397.23 0 
  9321.85 5.4059e-14   9418.90 0 
  9343.33 5.4060e-14   9440.61 0 
  9364.88 5.3319e-14   9462.37 0 
  9386.46 5.3937e-14   9484.18 0 
  9408.10 5.2832e-14   9506.05 0 
  9429.79 5.4063e-14   9527.96 0 
  9451.53 5.3445e-14   9549.93 0 
  9473.31 5.4315e-14   9571.94 0 
  9495.15 5.4316e-14   9594.01 0 
  9517.04 5.3202e-14   9616.12 0 
  9538.98 5.3203e-14   9638.29 0 
  9560.97 5.0927e-14   9660.51 0 
  9583.01 5.4194e-14   9682.78 0 
  9605.10 5.3698e-14   9705.10 0 
  9627.24 5.3823e-14   9727.47 0 
  9649.44 5.3453e-14   9749.90 0 
  9671.68 5.3331e-14   9772.37 0 
  9693.97 5.3826e-14   9794.90 0 
  9716.32 5.3333e-14   9817.48 0 
  9738.72 5.2967e-14   9840.11 0 
  9761.17 5.2724e-14   9862.79 0 
  9783.67 5.2362e-14   9885.53 0 
  9806.23 5.3337e-14   9908.32 0 
  9828.83 5.2970e-14   9931.16 0 
  9851.49 5.3093e-14   9954.05 0 
  9874.20 5.2850e-14   9977.00 0 
  9896.96 5.2730e-14  10000.00 0 
  9919.78 5.2488e-14  10023.05 0 
  9942.64 5.2975e-14  10046.15 0 
  9965.56 5.2976e-14  10069.31 0 
  9988.54 5.2733e-14  10092.53 0 
 10034.64 5.2252e-14  10139.12 0 
 10080.96 5.1418e-14  10185.91 0 
 10127.50 5.2618e-14  10232.94 0 
 10174.24 5.2257e-14  10280.17 0 
 10221.20 5.2500e-14  10327.61 0 
 10268.38 5.2623e-14  10375.28 0 
 10292.06 5.2503e-14  10399.21 0 
 10507.56 5.1081e-14  10616.96 0 
 10702.91 4.9236e-14  10814.34 0 
 10901.89 4.6912e-14  11015.39 0 
 11104.58 4.4801e-14  11220.19 0 
 11311.03 4.4288e-14  11428.79 0 
 11494.81 4.4390e-14  11614.49 0 
 11708.52 4.3580e-14  11830.41 0 
 11898.76 4.2295e-14  12022.64 0 
 12092.10 4.1810e-14  12217.99 0 
 12288.58 4.1237e-14  12416.52 0 
 12488.26 4.0205e-14  12618.27 0 
 12691.17 3.9472e-14  12823.30 0 
 12897.39 3.8662e-14  13031.66 0 
 13106.97 3.8132e-14  13243.42 0 
 13289.29 3.7178e-14  13427.64 0 
 13505.24 3.6583e-14  13645.84 0 
 13693.10 3.5999e-14  13835.66 0 
 13915.59 3.4937e-14  14060.47 0 
 14109.18 3.3365e-14  14256.07 0 
 14305.46 3.2680e-14  14454.39 0 
 14504.47 3.2831e-14  14655.47 0 
 14706.25 3.1936e-14  14859.35 0 
 14910.83 3.2306e-14  15066.07 0 
 15083.50 3.2455e-14  15240.53 0 
 15293.33 3.2907e-14  15452.55 0 
 15506.08 3.2907e-14  15667.52 0 
 15685.62 3.2158e-14  15848.92 0 
 15903.83 3.0923e-14  16069.41 0 
 16087.99 3.0923e-14  16255.49 0 
 16311.80 3.0852e-14  16481.62 0 
 16500.69 3.0429e-14  16672.48 0 
 16691.76 3.0429e-14  16865.54 0 
 16885.03 3.0011e-14  17060.82 0 
 17080.55 2.9668e-14  17258.38 0 
 17318.17 2.8727e-14  17498.47 0 
 17518.71 2.8137e-14  17701.10 0 
 17680.79 2.7245e-14  17864.87 0 
 17885.53 2.6441e-14  18071.74 0 
 18092.64 2.5426e-14  18281.01 0 
 18302.15 2.4848e-14  18492.70 0 
 18514.06 2.4170e-14  18706.81 0 
 18685.38 2.3243e-14  18879.91 0 
 18901.75 2.2714e-14  19098.54 0 
 19120.61 2.2454e-14  19319.67 0 
 19297.54 2.1842e-14  19498.44 0 
 19521.00 2.1100e-14  19724.23 0 
 19701.61 2.0572e-14  19906.72 0 
 19883.92 2.0058e-14  20090.93 0 
 20114.17 1.9737e-14  20323.57 0 
 20300.27 1.9199e-14  20511.61 0 
 20488.11 1.8936e-14  20701.41 0 
 20677.69 1.8547e-14  20892.97 0 
 20917.11 1.8167e-14  21134.88 0 
 21110.67 1.7918e-14  21330.45 0 
 21306.01 1.7591e-14  21527.83 0 
 21503.14 1.7270e-14  21727.01 0 
 21702.11 1.6799e-14  21928.05 0 
 21902.90 1.6569e-14  22130.94 0 
 22105.58 1.6229e-14  22335.72 0 
 22310.13 1.5859e-14  22542.40 0 
 22516.55 1.5570e-14  22750.97 0 
 22724.90 1.5251e-14  22961.49 0 
 22882.41 1.4018e-14  23120.64 0 
 23094.15 1.4123e-14  23334.58 0 
 23307.85 1.2799e-14  23550.50 0 
 23523.50 1.2258e-14  23768.40 0 
 23686.57 1.2548e-14  23933.17 0 
 23905.72 1.1907e-14  24154.60 0 
 24126.93 1.1723e-14  24378.11 0 
 24294.16 1.1782e-14  24547.08 0 
 24518.96 1.1362e-14  24774.22 0 
 24688.90 1.1366e-14  24945.94 0 
 24917.36 1.0252e-14  25176.77 0 
 25090.06 1.0351e-14  25351.28 0 
 25244.18 8.2925e-15  25507.00 2 
 25339.99 7.8937e-15  25603.80 2 
 25435.79 8.2899e-15  25700.60 2 
 25531.49 7.8306e-15  25797.30 2 
 25627.30 7.9735e-15  25894.10 2 
 25723.10 8.9654e-15  25990.90 2 
 25818.80 9.0095e-15  26087.60 2 
 25914.60 9.0302e-15  26184.40 2 
 26010.31 9.2060e-15  26281.10 2 
 26106.11 9.3376e-15  26377.90 2 
 26201.91 9.7059e-15  26474.70 2 
 26297.62 9.6443e-15  26571.40 2 
 26393.42 9.8031e-15  26668.20 2 
 26489.22 1.0298e-14  26765.00 2 
 26584.93 1.0326e-14  26861.70 2 
 26680.73 1.0134e-14  26958.50 2 
 26776.43 1.0226e-14  27055.20 2 
 26872.23 1.0124e-14  27152.00 2 
 26968.03 1.0341e-14  27248.80 2 
 27063.74 1.0279e-14  27345.50 2 
 27159.54 1.0484e-14  27442.30 2 
 27255.35 1.0734e-14  27539.10 2 
 27351.05 1.0776e-14  27635.80 2 
 27446.85 1.1000e-14  27732.60 2 
 27542.55 1.0858e-14  27829.30 2 
 27638.36 1.0851e-14  27926.10 2 
 27734.16 1.0711e-14  28022.90 2 
 27829.86 1.0540e-14  28119.60 2 
 27925.67 1.0058e-14  28216.40 2 
 28021.47 1.0174e-14  28313.20 2 
 28117.17 1.0617e-14  28409.90 2 
 28212.98 1.0133e-14  28506.70 2 
 28308.68 1.0044e-14  28603.40 2 
 28404.48 9.5925e-15  28700.20 2 
 28500.28 9.5343e-15  28797.00 2 
 28595.99 9.3862e-15  28893.70 2 
 28691.79 9.8054e-15  28990.50 2 
 28787.59 9.7900e-15  29087.30 2 
 28883.30 9.8535e-15  29184.00 2 
 28979.10 9.0524e-15  29280.80 2 
 29074.80 9.2716e-15  29377.50 2 
 29170.60 9.1865e-15  29474.30 2 
 29266.41 9.3680e-15  29571.10 2 
 29362.11 9.4310e-15  29667.80 2 
 29457.91 9.0264e-15  29764.60 2 
 29553.72 8.8884e-15  29861.40 2 
 29649.42 8.8105e-15  29958.10 2 
 29745.22 8.5137e-15  30054.90 2 
 29841.03 8.8329e-15  30151.70 2 
 29936.73 8.3970e-15  30248.40 2 
 30032.53 8.9044e-15  30345.20 2 
 30128.23 8.4039e-15  30441.90 2 
 30224.04 8.7412e-15  30538.70 2 
 30319.84 8.8210e-15  30635.50 2 
 30415.54 8.9623e-15  30732.20 2 
 30511.35 7.7689e-15  30829.00 2 
 30607.15 7.7210e-15  30925.80 2 
 30702.85 8.7079e-15  31022.50 2 
 30798.65 9.1723e-15  31119.30 2 
 30894.36 9.3974e-15  31216.00 2 
 30990.16 9.3057e-15  31312.80 2 
 31085.96 9.2253e-15  31409.60 2 
 31181.67 9.1012e-15  31506.30 2 
 31277.47 8.5632e-15  31603.10 2 
 31373.27 9.0062e-15  31699.90 2 
 31468.98 9.1380e-15  31796.60 2 
 31564.78 9.7685e-15  31893.40 2 
 31660.48 1.0110e-14  31990.10 2 
 31756.28 1.0635e-14  32086.90 2 
 31852.09 9.5750e-15  32183.70 2 
 31947.79 9.5038e-15  32280.40 2 
 32043.59 9.2510e-15  32377.20 2 
 32139.40 1.0003e-14  32474.00 2 
 32235.10 1.0066e-14  32570.70 2 
 32330.90 1.0352e-14  32667.50 2 
 32426.61 9.9891e-15  32764.20 2 
 32522.41 1.0145e-14  32861.00 2 
 32618.21 1.0416e-14  32957.80 2 
 32713.92 1.1820e-14  33054.50 2 
 32809.72 1.1350e-14  33151.30 2 
 32905.52 1.1645e-14  33248.10 2 
 33001.23 1.2179e-14  33344.80 2 
 33097.03 1.2530e-14  33441.60 2 
 33192.73 1.1560e-14  33538.30 2 
 33288.53 1.1133e-14  33635.10 2 
 33384.33 1.1598e-14  33731.90 2 
 33480.04 1.1675e-14  33828.60 2 
 33575.84 1.1240e-14  33925.40 2 
 33671.64 1.2043e-14  34022.20 2 
 33767.35 1.1604e-14  34118.90 2 
 33863.15 1.1498e-14  34215.70 2 
 33958.86 1.1296e-14  34312.40 2 
 34054.66 1.0248e-14  34409.20 2 
 34150.46 1.0737e-14  34506.00 2 
 34246.16 1.1731e-14  34602.70 2 
 34341.97 1.1383e-14  34699.50 2 
 34437.67 1.0800e-14  34796.20 2 
 34533.47 1.0296e-14  34893.00 2 
 34629.28 1.0743e-14  34989.80 2 
 34724.98 1.0238e-14  35086.50 2 
 34820.78 1.0229e-14  35183.30 2 
 34916.58 9.3599e-15  35280.10 2 
 35012.29 9.7878e-15  35376.80 2 
 35108.09 9.5320e-15  35473.60 2 
 35203.79 9.7199e-15  35570.30 2 
 35299.60 9.4169e-15  35667.10 2 
 35395.40 9.7293e-15  35763.90 2 
 35491.10 9.8355e-15  35860.60 2 
 35586.91 9.7170e-15  35957.40 2 
 35682.71 9.8316e-15  36054.20 2 
 35778.41 9.7288e-15  36150.90 2 
 35874.21 9.1568e-15  36247.70 2 
 35969.92 9.1117e-15  36344.40 2 
 36065.72 9.0683e-15  36441.20 2 
 36161.52 9.0604e-15  36538.00 2 
 36257.23 9.7052e-15  36634.70 2 
 36353.03 9.8907e-15  36731.50 2 
 36448.83 9.4681e-15  36828.30 2 
 36544.53 9.1372e-15  36925.00 2 
 36640.34 8.8935e-15  37021.80 2 
 36736.04 8.6707e-15  37118.50 2 
 36831.84 8.8839e-15  37215.30 2 
 36927.65 9.3823e-15  37312.10 2 
 37023.35 8.6797e-15  37408.80 2 
 37119.15 7.5621e-15  37505.60 2 
 37214.96 8.2224e-15  37602.40 2 
 37310.66 9.2759e-15  37699.10 2 
 37406.46 9.3988e-15  37795.90 2 
 37502.16 9.4550e-15  37892.60 2 
 37597.97 9.6702e-15  37989.40 2 
 37693.77 9.3083e-15  38086.20 2 
 37789.47 9.3675e-15  38182.90 2 
 37885.28 9.6234e-15  38279.70 2 
 37981.08 9.4904e-15  38376.50 2 
 38076.78 9.2985e-15  38473.20 2 
 38172.59 9.0923e-15  38570.00 2 
 38268.29 9.6678e-15  38666.70 2 
 38364.09 9.8970e-15  38763.50 2 
 38459.89 9.1989e-15  38860.30 2 
 38555.60 9.0228e-15  38957.00 2 
 38651.40 8.9915e-15  39053.80 2 
 38747.20 9.2152e-15  39150.60 2 
 38842.91 9.8094e-15  39247.30 2 
 38938.71 9.2968e-15  39344.10 2 
 39034.41 9.1523e-15  39440.80 2 
 39130.21 9.1612e-15  39537.60 2 
 39226.02 9.1879e-15  39634.40 2 
 39321.72 8.9810e-15  39731.10 2 
 39417.52 8.9892e-15  39827.90 2 
 39513.33 8.7591e-15  39924.70 2 
 39609.03 8.7294e-15  40021.40 2 
 39704.83 9.1265e-15  40118.20 2 
 39800.64 8.9085e-15  40215.00 2 
 39896.34 9.0316e-15  40311.70 2 
 39992.14 9.0558e-15  40408.50 2 
 40087.84 9.0833e-15  40505.20 2 
 40183.65 9.6156e-15  40602.00 2 
 40279.45 9.4239e-15  40698.80 2 
 40375.15 9.3958e-15  40795.50 2 
 40470.96 9.2810e-15  40892.30 2 
 40566.76 9.4111e-15  40989.10 2 
 40662.46 9.4062e-15  41085.80 2 
 40758.26 9.3344e-15  41182.60 2 
 40853.97 8.7570e-15  41279.30 2 
 40949.77 9.0436e-15  41376.10 2 
 41045.58 9.4579e-15  41472.90 2 
 41141.28 9.2055e-15  41569.60 2 
 41237.08 8.0360e-15  41666.40 2 
 41332.88 8.8230e-15  41763.20 2 
 41428.59 9.1192e-15  41859.90 2 
 41524.39 9.3360e-15  41956.70 2 
 41620.09 9.1952e-15  42053.40 2 
 41715.90 8.9346e-15  42150.20 2 
 41811.70 8.6560e-15  42247.00 2 
 41907.41 8.4710e-15  42343.70 2 
 42003.20 8.4625e-15  42440.50 2 
 42099.00 8.8747e-15  42537.30 2 
 42194.71 7.5808e-15  42634.00 2 
 42290.51 8.4119e-15  42730.80 2 
 42386.22 8.5846e-15  42827.50 2 
 42482.02 8.7385e-15  42924.30 2 
 42577.82 8.9458e-15  43021.10 2 
 42673.53 9.2749e-15  43117.80 2 
 42769.33 8.4605e-15  43214.60 2 
 42865.13 8.5284e-15  43311.40 2 
 42960.83 8.5220e-15  43408.10 2 
 43056.64 8.9090e-15  43504.90 2 
 43152.34 8.7141e-15  43601.60 2 
 43248.15 9.1460e-15  43698.40 2 
 43343.95 9.1434e-15  43795.20 2 
 43439.65 9.4858e-15  43891.90 2 
 43535.45 9.6454e-15  43988.70 2 
 43631.25 9.4538e-15  44085.50 2 
 43726.96 9.4355e-15  44182.20 2 
 43822.76 8.8497e-15  44279.00 2 
 43918.46 8.7913e-15  44375.70 2 
 44014.27 8.7754e-15  44472.50 2 
 44110.07 8.7343e-15  44569.30 2 
 44205.77 8.7175e-15  44666.00 2 
 44301.58 8.7019e-15  44762.80 2 
 44397.38 8.6301e-15  44859.60 2 
 44493.08 8.6060e-15  44956.30 2 
 44588.89 8.7737e-15  45053.10 2 
 44684.59 8.8896e-15  45149.80 2 
 44780.39 8.4390e-15  45246.60 2 
 44876.19 8.0510e-15  45343.40 2 
 44971.90 9.0726e-15  45440.10 2 
 45067.70 8.9638e-15  45536.90 2 
 45163.41 8.5119e-15  45633.60 2 
 45259.20 8.6339e-15  45730.40 2 
 45355.01 8.2834e-15  45827.20 2 
 45450.71 8.3063e-15  45923.90 2 
 45546.51 8.2655e-15  46020.70 2 
 45642.32 8.3868e-15  46117.50 2 
 45738.02 8.6661e-15  46214.20 2 
 45833.82 8.2183e-15  46311.00 2 
 45929.63 8.0236e-15  46407.80 2 
 46025.33 8.1752e-15  46504.50 2 
 46121.13 8.5363e-15  46601.30 2 
 46216.84 7.7768e-15  46698.00 2 
 46312.64 8.3442e-15  46794.80 2 
 46408.44 8.2961e-15  46891.60 2 
 46504.15 8.3082e-15  46988.30 2 
 46599.95 8.5553e-15  47085.10 2 
 46695.75 8.4763e-15  47181.90 2 
 46791.46 8.2888e-15  47278.60 2 
 46887.26 8.6845e-15  47375.40 2 
 46982.96 8.8295e-15  47472.10 2 
 47078.76 8.7036e-15  47568.90 2 
 47174.56 8.6141e-15  47665.70 2 
 47270.27 8.5001e-15  47762.40 2 
 47366.07 8.3864e-15  47859.20 2 
 47461.87 8.5660e-15  47956.00 2 
 47557.58 8.5810e-15  48052.70 2 
 47653.38 8.8062e-15  48149.50 2 
 47749.08 8.5611e-15  48246.20 2 
 47844.89 8.5794e-15  48343.00 2 
 47940.69 8.5444e-15  48439.80 2 
 48036.39 9.0829e-15  48536.50 2 
 48132.20 8.9344e-15  48633.30 2 
 48227.90 8.8075e-15  48730.00 2 
 48323.70 8.4684e-15  48826.80 2 
 48419.51 8.5402e-15  48923.60 2 
 48515.21 8.2128e-15  49020.30 2 
 48611.01 8.3360e-15  49117.10 2 
 48706.82 8.1269e-15  49213.90 2 
 48802.51 8.9026e-15  49310.60 2 
 48898.32 8.4553e-15  49407.40 2 
 48994.12 8.1767e-15  49504.20 2 
 49090.82 7.7961e-15  49601.90 2 
 49581.73 7.7181e-15  50097.92 0 
 50077.55 7.6392e-15  50598.90 0 
 50578.32 7.5596e-15  51104.89 0 
 51084.10 7.4791e-15  51615.94 0 
 51594.95 7.3979e-15  52132.10 0 
 52110.90 7.3159e-15  52653.42 0 
 52632.01 7.2330e-15  53179.96 0 
 52807.95 7.2050e-15  53357.73 3 
 53114.60 7.3265e-15  53667.58 3 
 53421.27 7.6271e-15  53977.44 3 
 53727.93 6.8833e-15  54287.29 3 
 54034.59 6.3282e-15  54597.14 3 
 54341.25 6.3814e-15  54907.00 3 
 54647.91 6.4094e-15  55216.85 3 
 54954.57 6.8229e-15  55526.70 3 
 55261.23 7.0872e-15  55836.56 3 
 55567.89 6.7296e-15  56146.41 3 
 55874.56 7.1997e-15  56456.27 3 
 56181.21 7.7112e-15  56766.12 3 
 56487.89 8.0634e-15  57075.98 3 
 56794.54 8.1984e-15  57385.83 3 
 57101.20 8.3098e-15  57695.68 3 
 57407.85 8.0694e-15  58005.53 3 
 57714.52 7.7789e-15  58315.39 3 
 58021.19 7.5887e-15  58625.25 3 
 58327.85 7.4744e-15  58935.10 3 
 58634.51 7.8539e-15  59244.95 3 
 58941.17 7.9363e-15  59554.81 3 
 59247.83 7.8452e-15  59864.66 3 
 59554.49 8.1047e-15  60174.51 3 
 59861.16 8.9701e-15  60484.37 3 
 60167.81 9.8008e-15  60794.22 3 
 60474.47 1.0164e-14  61104.07 3 
 60781.14 1.0586e-14  61413.93 3 
 61087.80 1.1859e-14  61723.78 3 
 61394.45 1.5034e-14  62033.63 3 
 61701.12 1.9851e-14  62343.49 3 
 62007.78 2.3323e-14  62653.34 3 
 62314.44 2.3151e-14  62963.19 3 
 62621.10 2.0482e-14  63273.05 3 
 62927.76 1.7466e-14  63582.90 3 
 63234.43 1.5252e-14  63892.76 3 
 63541.08 1.3551e-14  64202.61 3 
 63847.74 1.2452e-14  64512.46 3 
 64154.41 1.1465e-14  64822.32 3 
 64461.06 1.0793e-14  65132.17 3 
 64767.72 1.0306e-14  65442.02 3 
 65074.39 1.0137e-14  65751.88 3 
 65381.04 1.0049e-14  66061.73 3 
 65687.70 1.0064e-14  66371.58 3 
 65994.38 1.0127e-14  66681.45 3 
 66301.03 1.0244e-14  66991.29 3 
 66607.69 1.0206e-14  67301.14 3 
 66914.35 1.0278e-14  67611.00 3 
 67221.01 1.0246e-14  67920.85 3 
 67527.68 1.0042e-14  68230.71 3 
 67834.34 9.7584e-15  68540.56 3 
 68141.00 9.5613e-15  68850.41 3 
 68447.66 9.5437e-15  69160.27 3 
 68754.32 9.9154e-15  69470.12 3 
 69060.98 1.0510e-14  69779.98 3 
 69367.64 1.0828e-14  70089.83 3 
 69674.30 1.2351e-14  70399.68 3 
 69980.97 1.2704e-14  70709.54 3 
 70287.63 1.1474e-14  71019.39 3 
 70594.29 1.1611e-14  71329.24 3 
 70900.95 1.2074e-14  71639.10 3 
 71207.60 1.2359e-14  71948.95 3 
 71514.28 1.2464e-14  72258.81 3 
 71820.93 1.2558e-14  72568.66 3 
 72127.59 1.2864e-14  72878.51 3 
 72434.26 1.3174e-14  73188.38 3 
 72740.91 1.3607e-14  73498.22 3 
 73047.57 1.4171e-14  73808.07 3 
 73354.24 1.4924e-14  74117.93 3 
 73660.90 1.5898e-14  74427.78 3 
 73967.56 1.7011e-14  74737.63 3 
 74274.22 1.8319e-14  75047.48 3 
 74560.81 1.8191e-14  75337.06 3 
 74580.88 1.9672e-14  75357.34 3 
 74887.55 2.0746e-14  75667.20 3 
 75175.34 2.1260e-14  75957.99 3 
 75194.20 2.1791e-14  75977.05 3 
 75789.89 2.3371e-14  76578.94 3 
 76404.43 2.3824e-14  77199.88 3 
 77018.98 2.2570e-14  77820.82 3 
 77633.52 2.1994e-14  78441.76 3 
 78248.07 2.1431e-14  79062.71 3 
 78862.61 1.9839e-14  79683.65 3 
 79477.15 1.7572e-14  80304.59 3 
 80091.70 1.5802e-14  80925.54 3 
 80706.24 1.4154e-14  81546.48 3 
 81320.78 1.2993e-14  82167.41 3 
 81935.33 1.2291e-14  82788.36 3 
 82549.87 1.1987e-14  83409.30 3 
 83164.43 1.1809e-14  84030.25 3 
 83778.96 1.1650e-14  84651.19 3 
 84393.51 1.1685e-14  85272.13 3 
 85008.05 1.2081e-14  85893.07 3 
 85622.61 1.2272e-14  86514.02 3 
 86237.14 1.1787e-14  87134.95 3 
 86851.69 1.0564e-14  87755.90 3 
 87466.23 8.9462e-15  88376.84 3 
 88080.77 7.6542e-15  88997.78 3 
 88695.31 6.6324e-15  89618.72 3 
 89309.86 6.1847e-15  90239.66 3 
 89924.40 6.0289e-15  90860.60 3 
 90538.95 5.2110e-15  91481.55 3 
 91153.49 4.7053e-15  92102.49 3 
 91768.04 4.4858e-15  92723.44 3 
 92382.59 4.2672e-15  93344.38 3 
 92997.13 4.0990e-15  93965.32 3 
 93611.67 3.9416e-15  94586.26 3 
 94226.21 3.8070e-15  95207.20 3 
 94840.76 3.6846e-15  95828.15 3 
 95455.30 3.5970e-15  96449.09 3 
 96069.84 3.7881e-15  97070.02 3 
 96684.40 3.9731e-15  97690.98 3 
 97298.94 3.5586e-15  98311.92 3 
 97913.48 3.2779e-15  98932.86 3 
 98528.03 3.2216e-15  99553.80 3 
 99142.53 3.1993e-15 100174.70 3 
 99757.12 3.2110e-15 100795.70 3 
100371.62 3.2238e-15 101416.59 3 
100986.23 3.2652e-15 102037.60 3 
101600.73 3.2449e-15 102658.50 3 
102215.33 3.3078e-15 103279.49 3 
102829.84 3.3517e-15 103900.41 3 
103444.35 3.4598e-15 104521.30 3 
104058.94 3.5698e-15 105142.30 3 
104673.44 4.0389e-15 105763.20 3 
105288.05 4.3312e-15 106384.20 3 
105902.55 4.1566e-15 107005.10 3 
106517.05 4.0768e-15 107626.00 3 
107131.65 4.0969e-15 108247.00 3 
107746.16 4.1114e-15 108867.91 3 
108360.75 4.1641e-15 109488.90 3 
108975.26 4.3907e-15 110109.80 3 
109589.86 4.8895e-15 110730.80 3 
110204.37 5.3911e-15 111351.70 3 
110818.87 5.9002e-15 111972.60 3 
111433.47 7.8176e-15 112593.60 3 
112047.97 1.0671e-14 113214.50 3 
112662.57 1.1159e-14 113835.50 3 
113277.07 9.7825e-15 114456.40 3 
113891.67 8.4019e-15 115077.40 3 
114506.17 7.5196e-15 115698.30 3 
115120.67 6.9805e-15 116319.20 3 
115735.28 6.6791e-15 116940.20 3 
116349.78 6.4675e-15 117561.10 3 
116964.38 6.3916e-15 118182.09 3 
117578.88 6.4241e-15 118802.99 3 
118193.49 6.6291e-15 119424.00 3 
118807.99 6.8970e-15 120044.90 3 
119422.49 7.2076e-15 120665.80 3 
120037.10 7.4027e-15 121286.80 3 
120651.60 7.5441e-15 121907.70 3 
121266.19 7.6294e-15 122528.70 3 
121880.69 7.8109e-15 123149.59 3 
122495.21 8.2986e-15 123770.51 3 
123109.80 8.6765e-15 124391.50 3 
123724.30 8.8463e-15 125012.40 3 
124338.91 9.1217e-15 125633.40 3 
124953.41 9.5367e-15 126254.30 3 
125568.01 9.9091e-15 126875.30 3 
126182.52 1.0299e-14 127496.20 3 
126797.02 1.0701e-14 128117.10 3 
127411.62 1.2472e-14 128738.10 3 
128026.12 1.5635e-14 129359.00 3 
128640.72 1.2874e-14 129980.00 3 
129255.22 9.5655e-15 130600.90 3 
129869.72 8.9073e-15 131221.80 3 
130484.32 8.7854e-15 131842.80 3 
131098.83 8.7446e-15 132463.70 3 
131713.43 8.6942e-15 133084.70 3 
132327.93 8.7093e-15 133705.59 3 
132942.53 8.6810e-15 134326.59 3 
133557.04 8.7002e-15 134947.50 3 
134171.55 8.7123e-15 135568.41 3 
134786.15 8.7740e-15 136189.41 3 
135400.64 8.8565e-15 136810.30 3 
136015.24 8.8340e-15 137431.30 3 
136629.75 8.7997e-15 138052.20 3 
137244.35 8.7450e-15 138673.20 3 
137858.85 8.7507e-15 139294.09 3 
138473.35 8.7917e-15 139915.00 3 
139087.96 8.8800e-15 140536.00 3 
139702.46 8.9021e-15 141156.91 3 
140317.05 8.8783e-15 141777.89 3 
140931.56 8.8048e-15 142398.80 3 
141546.16 8.6399e-15 143019.80 3 
142160.67 8.2798e-15 143640.70 3 
142775.16 7.9108e-15 144261.59 3 
143389.78 7.7203e-15 144882.61 3 
143918.57 8.4908e-15 145416.91 3 
144826.01 8.4942e-15 146333.80 3 
145733.56 8.4622e-15 147250.80 3 
146641.02 8.2808e-15 148167.70 3 
147548.47 8.2172e-15 149084.59 3 
148455.93 8.0639e-15 150001.50 3 
149363.48 7.8955e-15 150918.50 3 
150270.94 7.8657e-15 151835.41 3 
151178.38 7.8489e-15 152752.30 3 
152085.93 7.7275e-15 153669.30 3 
152993.39 7.4702e-15 154586.20 3 
153900.83 7.3909e-15 155503.09 3 
154808.29 8.2383e-15 156420.00 3 
155715.84 8.9361e-15 157337.00 3 
156623.30 7.5877e-15 158253.91 3 
157530.74 7.0321e-15 159170.80 3 
158438.30 6.8471e-15 160087.80 3 
159345.75 6.6458e-15 161004.70 3 
160253.20 6.5148e-15 161921.59 3 
161160.75 6.5353e-15 162838.59 3 
162068.21 6.5276e-15 163755.50 3 
162975.65 6.7474e-15 164672.39 3 
163883.11 7.0948e-15 165589.30 3 
164790.68 7.3160e-15 166506.31 3 
165698.10 7.0933e-15 167423.19 3 
166605.56 7.0495e-15 168340.09 3 
167513.02 7.0550e-15 169257.00 3 
168420.57 6.9731e-15 170174.00 3 
169328.03 7.1922e-15 171090.91 3 
170235.49 7.9093e-15 172007.81 3 
171143.04 7.6660e-15 172924.81 3 
172050.49 7.1841e-15 173841.70 3 
172957.94 7.1097e-15 174758.61 3 
173865.50 7.0826e-15 175675.61 3 
174772.94 6.9171e-15 176592.50 3 
175680.40 6.7841e-15 177509.41 3 
176587.84 6.7058e-15 178426.30 3 
177495.39 6.6669e-15 179343.30 3 
178402.85 6.6042e-15 180260.20 3 
179310.29 6.6016e-15 181177.09 3 
180217.85 6.4601e-15 182094.09 3 
181125.30 6.4045e-15 183011.00 3 
182032.75 6.4333e-15 183927.89 3 
182940.30 6.3903e-15 184844.89 3 
183847.76 6.4441e-15 185761.80 3 
184755.22 6.5286e-15 186678.70 3 
185662.66 6.6584e-15 187595.59 3 
186570.21 8.0604e-15 188512.59 3 
187477.67 8.3590e-15 189429.50 3 
188385.11 6.8974e-15 190346.39 3 
189292.68 6.9345e-15 191263.41 3 
190200.14 6.9443e-15 192180.31 3 
191107.57 7.0386e-15 193097.19 3 
192015.03 6.9922e-15 194014.09 3 
192922.59 7.0239e-15 194931.11 3 
193830.04 7.1807e-15 195848.00 3 
194737.49 7.2815e-15 196764.91 3 
195645.05 7.2987e-15 197681.91 3 
196552.49 7.3639e-15 198598.80 3 
197459.95 7.5202e-15 199515.70 3 
198367.41 7.4643e-15 200432.61 3 
199274.96 7.6501e-15 201349.61 3 
200182.40 7.8712e-15 202266.50 3 
201089.86 7.8153e-15 203183.41 3 
201997.41 8.0095e-15 204100.41 3 
203434.45 7.6802e-15 205552.41 3 
205171.35 8.5383e-15 207307.39 3 
206909.26 8.3117e-15 209063.39 3 
208648.17 8.0703e-15 210820.41 3 
210387.95 8.7501e-15 212578.30 3 
212128.62 8.7126e-15 214337.09 3 
213870.29 8.4023e-15 216096.89 3 
215612.86 8.8194e-15 217857.61 3 
217356.40 9.2715e-15 219619.30 3 
219100.94 8.9758e-15 221382.00 3 
220846.36 8.7258e-15 223145.59 3 
222592.79 9.1450e-15 224910.20 3 
224340.10 9.4192e-15 226675.70 3 
226088.38 9.2145e-15 228442.19 3 
227837.67 8.9393e-15 230209.69 3 
229587.85 9.3457e-15 231978.09 3 
231339.03 9.6434e-15 233747.50 3 
233091.19 9.7210e-15 235517.91 3 
234844.24 9.6021e-15 237289.20 3 
236598.38 9.6290e-15 239061.61 3 
238353.32 1.0072e-14 240834.81 3 
240109.32 1.0391e-14 242609.09 3 
241866.34 1.0369e-14 244384.41 3 
243624.24 1.0330e-14 246160.61 3 
245383.11 1.0638e-14 247937.80 3 
247142.99 1.1132e-14 249716.00 3 
248903.76 1.1211e-14 251495.09 3 
250665.62 1.1174e-14 253275.30 3 
252428.37 1.1111e-14 255056.41 3 
254192.21 1.1363e-14 256838.61 3 
255956.92 1.1592e-14 258621.69 3 
257722.66 1.1744e-14 260405.81 3 
259489.36 1.1916e-14 262190.91 3 
261257.05 1.1661e-14 263977.00 3 
263025.73 1.1671e-14 265764.09 3 
264795.43 1.1919e-14 267552.22 3 
266566.09 1.1989e-14 269341.31 3 
268337.74 1.2205e-14 271131.41 3 
270110.38 1.2220e-14 272922.50 3 
271884.01 1.2099e-14 274714.59 3 
273658.75 1.2060e-14 276507.81 3 
275434.36 1.2219e-14 278301.91 3 
277210.96 1.2605e-14 280097.00 3 
278988.64 1.2827e-14 281893.19 3 
280767.34 1.2708e-14 283690.41 3 
282546.90 1.2667e-14 285488.50 3 
284327.55 1.2584e-14 287287.69 3 
286109.22 1.2706e-14 289087.91 3 
287891.98 1.2861e-14 290889.22 3 
289675.69 1.3251e-14 292691.50 3 
291460.33 1.2804e-14 294494.72 3 
293246.11 1.3213e-14 296299.09 3 
295032.82 1.3247e-14 298104.41 3 
296820.58 1.3170e-14 299910.78 3 
298609.37 1.2921e-14 301718.19 3 
300399.14 1.3612e-14 303526.59 3 
302189.99 1.3322e-14 305336.09 3 
303981.84 1.3443e-14 307146.59 3 
305774.67 1.3299e-14 308958.09 3 
307568.59 1.3494e-14 310770.69 3 
309363.62 1.2704e-14 312584.41 3 
311159.61 1.2998e-14 314399.09 3 
312956.62 1.3340e-14 316214.81 3 
314754.59 1.3694e-14 318031.50 3 
316553.77 1.3415e-14 319849.41 3 
318353.84 1.3517e-14 321668.22 3 
320155.05 1.4082e-14 323488.19 3 
321957.20 1.3289e-14 325309.09 3 
323760.52 1.3716e-14 327131.19 3 
325564.86 1.3277e-14 328954.31 3 
327370.12 1.3397e-14 330778.38 3 
329176.54 1.3511e-14 332603.59 3 
330984.03 1.3367e-14 334429.91 3 
332792.58 1.4942e-14 336257.28 3 
334602.18 1.5099e-14 338085.72 3 
336412.79 1.4840e-14 339915.19 3 
338224.43 1.3887e-14 341745.69 3 
340037.19 1.3369e-14 343577.31 3 
341851.11 1.3734e-14 345410.12 3 
343665.91 1.4290e-14 347243.81 3 
345481.91 1.4536e-14 349078.72 3 
