# An Atlas of Galaxy Spectral Energy Distributions from the Ultraviolet to the Mid-Infrared
# Brown et al. (2014)
# http://dx.doi.org/10.5072/03/529D3551F0117
# 
# Column 1 : Restframe Wavelength (Angstrom)
# Column 2 : Flux per unit wavelength (ergs/s/cm^2/Angstrom)
# Column 3 : Observed wavelength (Angstrom)
# Column 4 : Source (0 = model, 1 = Optical Spectrum, 2 = Akari, 3 = Spitzer IRS)
# 
   102.04 6.2761e-17    102.80 0 
   103.93 6.6326e-17    104.71 0 
   106.11 7.3230e-17    106.91 0 
   108.08 8.1412e-17    108.89 0 
   110.09 1.1238e-16    110.92 0 
   113.96 1.3113e-16    114.82 0 
   117.97 1.4611e-16    118.85 0 
   120.99 3.6115e-16    121.90 0 
   124.96 4.0803e-16    125.89 0 
   126.99 4.2923e-16    127.94 0 
   127.87 4.4329e-16    128.82 0 
   131.15 4.7499e-16    132.13 0 
   132.06 5.2322e-16    133.05 0 
   133.89 5.4411e-16    134.90 0 
   137.01 6.2185e-16    138.04 0 
   139.88 6.6174e-16    140.93 0 
   143.14 1.0807e-15    144.21 0 
   147.15 1.6892e-15    148.25 0 
   150.93 1.8100e-15    152.05 0 
   155.15 1.9484e-15    156.31 0 
   159.13 2.1023e-15    160.32 0 
   162.09 2.2166e-15    163.31 0 
   165.87 2.3806e-15    167.11 0 
   170.12 2.5333e-15    171.40 0 
   172.89 2.6588e-15    174.18 0 
   176.91 2.8099e-15    178.24 0 
   180.20 2.9288e-15    181.55 0 
   181.87 3.0178e-15    183.23 0 
   186.11 3.1819e-15    187.50 0 
   190.88 3.3782e-15    192.31 0 
   193.98 3.5212e-15    195.43 0 
   198.04 3.6871e-15    199.53 0 
   202.19 3.8609e-15    203.70 0 
   205.00 3.9874e-15    206.54 0 
   209.78 4.0709e-15    211.35 0 
   216.15 4.4534e-15    217.77 0 
   220.17 4.6418e-15    221.82 0 
   223.23 4.7390e-15    224.91 0 
   226.86 4.9395e-15    228.56 0 
   230.02 7.3737e-15    231.74 0 
   233.76 1.2125e-14    235.50 0 
   239.75 1.5874e-14    241.55 0 
   245.90 1.5125e-14    247.74 0 
   252.21 1.5947e-14    254.10 0 
   256.90 1.2755e-14    258.82 0 
   259.87 1.5441e-14    261.82 0 
   264.10 1.6319e-14    266.07 0 
   269.01 1.6244e-14    271.02 0 
   274.01 1.6169e-14    276.06 0 
   279.10 1.5911e-14    281.19 0 
   284.29 1.5947e-14    286.42 0 
   290.24 1.5195e-14    292.42 0 
   296.32 1.5195e-14    298.54 0 
   301.14 1.4345e-14    303.39 0 
   308.15 1.4611e-14    310.46 0 
   318.24 1.4815e-14    320.63 0 
   327.92 1.4544e-14    330.37 0 
   337.88 1.4115e-14    340.41 0 
   348.15 1.3699e-14    350.75 0 
   357.08 1.3542e-14    359.75 0 
   366.24 1.3605e-14    368.98 0 
   374.77 1.3234e-14    377.57 0 
   385.27 1.2379e-14    388.15 0 
   395.15 1.2609e-14    398.11 0 
   405.29 1.2522e-14    408.32 0 
   413.77 1.2181e-14    416.87 0 
   422.44 1.1768e-14    425.60 0 
   430.29 1.1421e-14    433.51 0 
   441.33 1.1264e-14    444.63 0 
   450.57 1.0932e-14    453.94 0 
   460.00 1.0488e-14    463.45 0 
   469.64 1.0202e-14    473.15 0 
   479.47 1.0039e-14    483.06 0 
   489.51 9.5430e-15    493.17 0 
   499.76 9.5211e-15    503.50 0 
   505.55 9.2191e-15    509.33 0 
   512.58 9.7878e-15    516.42 0 
   519.71 9.4774e-15    523.60 0 
   530.59 9.0717e-15    534.56 0 
   540.46 8.4857e-15    544.50 0 
   550.51 8.1788e-15    554.63 0 
   559.45 8.3886e-15    563.64 0 
   569.85 8.3308e-15    574.12 0 
   580.45 8.0295e-15    584.79 0 
   589.88 7.8829e-15    594.29 0 
   599.46 7.4078e-15    603.95 0 
   610.61 6.5567e-15    615.18 0 
   620.53 7.3230e-15    625.17 0 
   630.61 7.0095e-15    635.33 0 
   639.38 7.0095e-15    644.17 0 
   649.77 6.7715e-15    654.64 0 
   657.30 6.4966e-15    662.22 0 
   664.91 6.5718e-15    669.88 0 
   675.71 6.4817e-15    680.77 0 
   685.11 6.0770e-15    690.24 0 
   694.64 6.1615e-15    699.84 0 
   704.31 5.7107e-15    709.58 0 
   715.75 5.9114e-15    721.11 0 
   725.71 5.7901e-15    731.14 0 
   735.80 5.6844e-15    741.31 0 
   744.32 5.5041e-15    749.89 0 
   754.68 5.3541e-15    760.33 0 
   765.18 4.8606e-15    770.90 0 
   775.82 5.1249e-15    781.63 0 
   784.80 4.8830e-15    790.68 0 
   795.72 4.8830e-15    801.68 0 
   804.94 4.8271e-15    810.96 0 
   814.26 4.7390e-15    820.35 0 
   825.58 4.6632e-15    831.76 0 
   835.14 4.2334e-15    841.40 0 
   844.81 4.4534e-15    851.14 0 
   854.60 4.3320e-15    860.99 0 
   864.49 4.3022e-15    870.96 0 
   874.50 4.2236e-15    881.05 0 
   884.63 4.1466e-15    891.25 0 
   894.87 4.0709e-15    901.57 0 
   905.24 3.9691e-15    912.01 0 
   915.72 3.9146e-15    922.57 0 
   924.19 6.5718e-15    931.11 0 
   934.89 9.2830e-15    941.89 0 
   945.72 1.1904e-14    952.80 0 
   954.47 1.3326e-14    961.61 0 
   965.52 1.4345e-14    972.75 0 
   974.45 7.5281e-15    981.75 0 
   985.74 1.2638e-14    993.12 0 
   994.86 1.2069e-14   1002.31 0 
  1004.06 1.3858e-14   1011.58 0 
  1015.69 1.3667e-14   1023.29 0 
  1025.09 8.8041e-15   1032.76 0 
  1034.57 1.1959e-14   1042.32 0 
  1044.15 1.5265e-14   1051.96 0 
  1053.81 1.4780e-14   1061.70 0 
  1066.01 1.3052e-14   1073.99 0 
  1075.87 1.3922e-14   1083.93 0 
  1085.83 1.1822e-14   1093.96 0 
  1095.88 1.3954e-14   1104.08 0 
  1106.02 1.3295e-14   1114.29 0 
  1116.25 1.2992e-14   1124.61 0 
  1123.99 1.1849e-14   1132.40 0 
  1134.39 1.3234e-14   1142.88 0 
  1144.88 1.2522e-14   1153.45 0 
  1155.48 1.2551e-14   1164.13 0 
  1166.17 1.2465e-14   1174.90 0 
  1174.25 9.6314e-15   1183.04 0 
  1185.12 1.1876e-14   1193.99 0 
  1196.08 1.0249e-14   1205.04 0 
  1204.37 8.8448e-15   1213.39 0 
  1215.52 6.3487e-15   1224.62 0 
  1223.94 9.7205e-15   1233.11 0 
  1235.27 1.1290e-14   1244.51 0 
  1243.83 1.1579e-14   1253.14 0 
  1255.34 1.1290e-14   1264.74 0 
  1264.04 1.0707e-14   1273.50 0 
  1275.74 1.1633e-14   1285.29 0 
  1284.58 1.1687e-14   1294.20 0 
  1296.47 1.0320e-14   1306.17 0 
  1305.45 1.0273e-14   1315.22 0 
  1314.50 1.1264e-14   1324.34 0 
  1323.61 1.0831e-14   1333.52 0 
  1335.86 1.0109e-14   1345.86 0 
  1345.12 1.0831e-14   1355.19 0 
  1354.45 1.0561e-14   1364.58 0 
  1363.83 9.8784e-15   1374.04 0 
  1376.45 9.8784e-15   1386.76 0 
  1385.99 9.8330e-15   1396.37 0 
  1395.60 8.3116e-15   1406.05 0 
  1405.28 8.2165e-15   1415.79 0 
  1415.02 9.2191e-15   1425.61 0 
  1424.82 9.0092e-15   1435.49 0 
  1434.70 9.1135e-15   1445.44 0 
  1441.32 9.2403e-15   1452.11 0 
  1447.98 9.1979e-15   1458.81 0 
  1454.66 8.9678e-15   1465.55 0 
  1464.74 8.5445e-15   1475.71 0 
  1474.90 8.4857e-15   1485.94 0 
  1485.12 8.4857e-15   1496.24 0 
  1495.41 8.3886e-15   1506.61 0 
  1505.78 8.0665e-15   1517.05 0 
  1512.73 7.5108e-15   1524.05 0 
  1516.22 7.7212e-15   1527.57 0 
  1526.73 7.6329e-15   1538.15 0 
  1533.77 6.8657e-15   1545.25 0 
  1544.41 6.6633e-15   1555.97 0 
  1555.11 6.4966e-15   1566.75 0 
  1565.89 6.8185e-15   1577.61 0 
  1576.74 7.0744e-15   1588.55 0 
  1584.02 7.1563e-15   1595.88 0 
  1595.00 7.1893e-15   1606.94 0 
  1606.06 6.9612e-15   1618.08 0 
  1613.47 6.8816e-15   1625.55 0 
  1624.66 6.6940e-15   1636.82 0 
  1635.92 6.8816e-15   1648.16 0 
  1643.47 6.8342e-15   1655.77 0 
  1654.86 6.6174e-15   1667.25 0 
  1666.33 6.8499e-15   1678.80 0 
  1670.17 6.3927e-15   1682.67 0 
  1677.88 6.9452e-15   1690.44 0 
  1685.63 6.9612e-15   1698.24 0 
  1693.41 6.6633e-15   1706.08 0 
  1705.14 6.4817e-15   1717.91 0 
  1716.96 6.2616e-15   1729.82 0 
  1724.89 6.2042e-15   1737.80 0 
  1736.85 6.4817e-15   1749.85 0 
  1744.86 6.3487e-15   1757.92 0 
  1756.96 6.5870e-15   1770.11 0 
  1765.07 6.1899e-15   1778.28 0 
  1773.22 6.2329e-15   1786.49 0 
  1785.51 6.3341e-15   1798.87 0 
  1793.75 6.6479e-15   1807.17 0 
  1806.18 6.5870e-15   1819.70 0 
  1814.52 6.2042e-15   1828.10 0 
  1827.10 6.3050e-15   1840.77 0 
  1835.53 6.1615e-15   1849.27 0 
  1844.00 5.5935e-15   1857.80 0 
  1856.78 5.8168e-15   1870.68 0 
  1865.35 6.1191e-15   1879.32 0 
  1873.96 6.2905e-15   1887.99 0 
  1886.95 5.9661e-15   1901.08 0 
  1895.66 6.0074e-15   1909.85 0 
  1904.41 6.1473e-15   1918.67 0 
  1913.20 6.0770e-15   1927.53 0 
  1926.47 5.7238e-15   1940.89 0 
  1935.36 5.3418e-15   1949.84 0 
  1944.29 6.3341e-15   1958.84 0 
  1953.27 6.1191e-15   1967.89 0 
  1966.81 6.7560e-15   1981.53 0 
  1975.88 6.5870e-15   1990.67 0 
  1985.00 6.6786e-15   1999.86 0 
  1994.17 6.6786e-15   2009.09 0 
  2003.37 6.5870e-15   2018.37 0 
  2017.26 6.6633e-15   2032.36 0 
  2026.57 6.2472e-15   2041.74 0 
  2035.92 6.8028e-15   2051.16 0 
  2045.32 7.2558e-15   2060.63 0 
  2054.76 6.7715e-15   2070.14 0 
  2064.25 6.7404e-15   2079.70 0 
  2073.77 7.5281e-15   2089.30 0 
  2078.56 9.8784e-15   2094.11 0 
  2083.35 1.1135e-14   2098.94 0 
  2092.96 1.0368e-14   2108.63 0 
  2102.62 1.0039e-14   2118.36 0 
  2117.20 1.1033e-14   2133.04 0 
  2126.97 1.0039e-14   2142.89 0 
  2136.79 9.5650e-15   2152.78 0 
  2146.65 1.1368e-14   2162.72 0 
  2156.56 1.1342e-14   2172.70 0 
  2166.51 1.0109e-14   2182.73 0 
  2176.51 1.0226e-14   2192.81 0 
  2186.56 1.2097e-14   2202.93 0 
  2196.65 1.2237e-14   2213.09 0 
  2206.79 1.1822e-14   2223.31 0 
  2216.98 9.7429e-15   2233.57 0 
  2227.21 1.0907e-14   2243.88 0 
  2237.49 1.3667e-14   2254.24 0 
  2242.65 1.3022e-14   2259.44 0 
  2253.00 1.0368e-14   2269.86 0 
  2263.40 9.8330e-15   2280.34 0 
  2273.85 1.0512e-14   2290.87 0 
  2284.34 1.3357e-14   2301.44 0 
  2294.89 1.1344e-14   2312.07 0 
  2305.48 1.3392e-14   2322.74 0 
  2316.12 1.1747e-14   2333.46 0 
  2326.81 9.6609e-15   2344.23 0 
  2337.55 8.8531e-15   2355.05 0 
  2342.94 6.6090e-15   2360.48 0 
  2353.76 1.1046e-14   2371.37 0 
  2364.62 7.0681e-15   2382.32 0 
  2375.53 8.7980e-15   2393.32 0 
  2386.50 5.7872e-15   2404.36 0 
  2397.51 6.9270e-15   2415.46 0 
  2403.04 6.8959e-15   2421.03 0 
  2414.13 7.9373e-15   2432.20 0 
  2425.28 1.2699e-14   2443.43 0 
  2436.47 1.2614e-14   2454.71 0 
  2447.72 1.4823e-14   2466.04 0 
  2453.36 1.5523e-14   2471.72 0 
  2464.68 1.3710e-14   2483.13 0 
  2476.06 1.2026e-14   2494.60 0 
  2487.49 7.8564e-15   2506.11 0 
  2493.23 9.2526e-15   2511.89 0 
  2504.73 1.3879e-14   2523.48 0 
  2510.51 6.7204e-15   2529.30 0 
  2516.29 5.4255e-15   2535.13 0 
  2522.09 6.0046e-15   2540.97 0 
  2533.74 9.3879e-15   2552.70 0 
  2545.43 9.9005e-15   2564.48 0 
  2557.18 1.6856e-14   2576.32 0 
  2563.08 1.2788e-14   2582.26 0 
  2574.91 1.6065e-14   2594.18 0 
  2586.79 1.4255e-14   2606.15 0 
  2592.75 1.2824e-14   2612.16 0 
  2604.72 1.1043e-14   2624.22 0 
  2616.74 9.9584e-15   2636.33 0 
  2622.78 1.3497e-14   2642.41 0 
  2634.88 2.2873e-14   2654.61 0 
  2647.05 3.0861e-14   2666.86 0 
  2653.15 4.2214e-14   2673.01 0 
  2665.39 2.7833e-14   2685.34 0 
  2677.70 3.1307e-14   2697.74 0 
  2683.87 3.6198e-14   2703.96 0 
  2696.26 2.6229e-14   2716.44 0 
  2702.47 3.2272e-14   2722.70 0 
  2714.95 2.3223e-14   2735.27 0 
  2727.48 1.8708e-14   2747.89 0 
  2733.77 2.3717e-14   2754.23 0 
  2746.38 1.3432e-14   2766.94 0 
  2752.72 1.8544e-14   2773.32 0 
  2765.42 2.4395e-14   2786.12 0 
  2778.19 2.6025e-14   2798.98 0 
  2784.59 1.5291e-14   2805.43 0 
  2797.44 6.8476e-15   2818.38 0 
  2803.89 8.2335e-15   2824.88 0 
  2816.84 2.2734e-14   2837.92 0 
  2823.33 3.3169e-14   2844.46 0 
  2836.36 3.0891e-14   2857.59 0 
  2842.90 2.2074e-14   2864.18 0 
  2856.02 1.2444e-14   2877.40 0 
  2862.61 3.0481e-14   2884.03 0 
  2875.82 4.1316e-14   2897.34 0 
  2882.45 3.7685e-14   2904.02 0 
  2895.75 4.5948e-14   2917.43 0 
  2909.12 6.1997e-14   2930.89 0 
  2929.28 5.4265e-14   2951.21 0 
  2949.59 5.0081e-14   2971.67 0 
  2970.03 5.1978e-14   2992.27 0 
  2990.62 5.2963e-14   3013.01 0 
  3011.35 5.2982e-14   3033.89 0 
  3032.22 5.6661e-14   3054.92 0 
  3053.24 5.9764e-14   3076.10 0 
  3067.34 6.4349e-14   3090.30 0 
  3088.60 6.2474e-14   3111.72 0 
  3110.01 7.2254e-14   3133.29 0 
  3131.57 6.6530e-14   3155.01 0 
  3153.27 6.6097e-14   3176.87 0 
  3167.83 7.3331e-14   3191.54 0 
  3189.78 6.4188e-14   3213.66 0 
  3211.90 7.1222e-14   3235.94 0 
  3226.72 6.0775e-14   3250.87 0 
  3249.09 8.4896e-14   3273.41 0 
  3271.61 9.9096e-14   3296.10 0 
  3286.71 9.7312e-14   3311.31 0 
  3309.49 9.0852e-14   3334.26 0 
  3324.77 8.3647e-14   3349.66 0 
  3332.43 8.8411e-14   3357.38 0 
  3340.11 7.9353e-14   3365.12 0 
  3347.82 9.5196e-14   3372.87 0 
  3355.53 9.2188e-14   3380.65 0 
  3363.27 6.0497e-14   3388.44 0 
  3371.02 7.3416e-14   3396.25 0 
  3378.79 8.8889e-14   3404.08 0 
  3386.58 8.6677e-14   3411.93 0 
  3394.39 9.0149e-14   3419.79 0 
  3402.21 1.0940e-13   3427.68 0 
  3410.06 8.8731e-14   3435.58 0 
  3417.92 7.9641e-14   3443.50 0 
  3425.80 9.7993e-14   3451.44 0 
  3433.69 1.1124e-13   3459.39 0 
  3441.61 9.1266e-14   3467.37 0 
  3449.54 8.2484e-14   3475.36 0 
  3457.49 9.6256e-14   3483.37 0 
  3465.46 8.4818e-14   3491.40 0 
  3473.45 1.0509e-13   3499.45 0 
  3481.46 8.7017e-14   3507.52 0 
  3489.49 9.9693e-14   3515.60 0 
  3497.53 8.8863e-14   3523.71 0 
  3505.59 1.0959e-13   3531.83 0 
  3513.67 9.6348e-14   3539.97 0 
  3521.77 1.1243e-13   3548.13 0 
  3529.89 7.6377e-14   3556.31 0 
  3538.03 1.0642e-13   3564.51 0 
  3546.19 1.1222e-13   3572.73 0 
  3554.36 1.1121e-13   3580.96 0 
  3562.55 1.0167e-13   3589.22 0 
  3570.77 8.0958e-14   3597.49 0 
  3579.00 9.0640e-14   3605.79 0 
  3587.25 6.8767e-14   3614.10 0 
  3595.52 9.9413e-14   3622.43 0 
  3603.81 1.2064e-13   3630.78 0 
  3612.11 8.5618e-14   3639.15 0 
  3620.44 9.7191e-14   3647.54 0 
  3628.79 1.2322e-13   3655.95 0 
  3637.15 9.2416e-14   3664.37 0 
  3645.54 1.1962e-13   3672.82 0 
  3653.94 1.0468e-13   3681.29 0 
  3662.36 1.4156e-13   3689.78 0 
  3670.81 1.2764e-13   3698.28 0 
  3679.27 1.2678e-13   3706.81 0 
  3687.75 1.1943e-13   3715.35 0 
  3696.25 1.3464e-13   3723.92 0 
  3704.77 1.4004e-13   3732.50 0 
  3713.31 1.0723e-13   3741.11 0 
  3721.87 1.1152e-13   3749.73 0 
  3730.45 1.1180e-13   3758.37 0 
  3739.05 6.1872e-14   3767.04 0 
  3747.67 9.1109e-14   3775.72 0 
  3756.31 1.0559e-13   3784.43 0 
  3764.97 1.0296e-13   3793.15 0 
  3773.65 1.0709e-13   3801.89 0 
  3782.35 1.3026e-13   3810.66 0 
  3791.07 1.1038e-13   3819.44 0 
  3799.81 9.3528e-14   3828.25 0 
  3808.57 1.2648e-13   3837.07 0 
  3817.35 1.1068e-13   3845.92 0 
  3826.14 9.0810e-14   3854.78 0 
  3834.96 7.6595e-14   3863.67 0 
  3843.81 7.2155e-14   3872.58 0 
  3852.67 1.0748e-13   3881.50 0 
  3861.55 9.1074e-14   3890.45 0 
  3870.45 1.1052e-13   3899.42 0 
  3879.37 1.1443e-13   3908.41 0 
  3882.97 9.1764e-14   3912.04 1 
  3885.98 1.1327e-13   3915.06 1 
  3888.98 1.2612e-13   3918.08 1 
  3891.98 4.1115e-14   3921.11 1 
  3894.98 5.7173e-14   3924.13 1 
  3897.98 5.9935e-14   3927.15 1 
  3900.98 6.6483e-14   3930.18 1 
  3903.98 1.1998e-13   3933.20 1 
  3906.98 1.0226e-13   3936.22 1 
  3909.98 8.3433e-14   3939.25 1 
  3912.98 6.2384e-14   3942.27 1 
  3915.98 1.2237e-13   3945.29 1 
  3918.98 1.2254e-13   3948.32 1 
  3921.98 1.1017e-13   3951.34 1 
  3924.99 7.0041e-14   3954.36 1 
  3927.99 8.6103e-14   3957.39 1 
  3930.99 9.1289e-14   3960.41 1 
  3933.99 6.0547e-14   3963.43 1 
  3936.99 3.7996e-14   3966.46 1 
  3939.99 7.3270e-14   3969.48 1 
  3942.99 1.2740e-13   3972.50 1 
  3945.99 1.1606e-13   3975.53 1 
  3948.99 1.4959e-13   3978.55 1 
  3951.99 1.3885e-13   3981.57 1 
  3954.99 1.3675e-13   3984.60 1 
  3957.99 1.5782e-13   3987.62 1 
  3961.00 1.3744e-13   3990.64 1 
  3964.00 1.6985e-13   3993.67 1 
  3967.00 1.6615e-13   3996.69 1 
  3970.00 1.9841e-13   3999.71 1 
  3973.00 1.6488e-13   4002.74 1 
  3976.00 1.5144e-13   4005.76 1 
  3979.00 1.6921e-13   4008.78 1 
  3982.00 1.7365e-13   4011.81 1 
  3985.00 1.9006e-13   4014.83 1 
  3988.00 1.7695e-13   4017.85 1 
  3991.00 1.8347e-13   4020.88 1 
  3994.00 1.7014e-13   4023.90 1 
  3997.00 1.9346e-13   4026.92 1 
  4000.01 1.7323e-13   4029.95 1 
  4003.01 1.6687e-13   4032.97 1 
  4006.01 1.6435e-13   4035.99 1 
  4009.01 1.3851e-13   4039.01 1 
  4012.01 1.4672e-13   4042.04 1 
  4015.01 1.8860e-13   4045.06 1 
  4018.01 1.7148e-13   4048.08 1 
  4021.01 1.8184e-13   4051.11 1 
  4024.01 1.5968e-13   4054.13 1 
  4027.01 1.4677e-13   4057.15 1 
  4030.01 1.7530e-13   4060.18 1 
  4033.01 1.7476e-13   4063.20 1 
  4036.01 1.7435e-13   4066.22 1 
  4039.02 1.7633e-13   4069.25 1 
  4042.02 1.7491e-13   4072.27 1 
  4045.02 1.6303e-13   4075.29 1 
  4048.02 1.7358e-13   4078.32 1 
  4051.02 1.7764e-13   4081.34 1 
  4054.02 1.8326e-13   4084.36 1 
  4057.02 1.7428e-13   4087.39 1 
  4060.02 1.9377e-13   4090.41 1 
  4063.02 1.7836e-13   4093.43 1 
  4066.02 1.5868e-13   4096.46 1 
  4069.02 1.4919e-13   4099.48 1 
  4072.02 1.6632e-13   4102.50 1 
  4075.02 1.6149e-13   4105.53 1 
  4078.03 1.5529e-13   4108.55 1 
  4081.03 2.0019e-13   4111.57 1 
  4084.03 1.7505e-13   4114.60 1 
  4087.03 1.5203e-13   4117.62 1 
  4090.03 1.6578e-13   4120.64 1 
  4093.03 1.7558e-13   4123.67 1 
  4096.03 1.4992e-13   4126.69 1 
  4099.03 1.6671e-13   4129.71 1 
  4102.03 1.5091e-13   4132.74 1 
  4105.03 1.7777e-13   4135.76 1 
  4108.03 1.7357e-13   4138.78 1 
  4111.03 1.6221e-13   4141.81 1 
  4114.04 1.4827e-13   4144.83 1 
  4117.04 1.5618e-13   4147.85 1 
  4120.04 1.8585e-13   4150.88 1 
  4123.04 1.6813e-13   4153.90 1 
  4126.04 1.5994e-13   4156.92 1 
  4129.04 1.6503e-13   4159.94 1 
  4132.04 1.7376e-13   4162.97 1 
  4135.04 1.7648e-13   4165.99 1 
  4138.04 1.4936e-13   4169.01 1 
  4141.04 1.6015e-13   4172.04 1 
  4144.04 1.7848e-13   4175.06 1 
  4147.04 1.7583e-13   4178.08 1 
  4150.04 1.6409e-13   4181.11 1 
  4153.05 1.6597e-13   4184.13 1 
  4156.05 1.8029e-13   4187.15 1 
  4159.05 1.7156e-13   4190.18 1 
  4162.05 1.6600e-13   4193.20 1 
  4165.05 1.6097e-13   4196.22 1 
  4168.05 1.7582e-13   4199.25 1 
  4171.05 1.6983e-13   4202.27 1 
  4174.05 1.7937e-13   4205.29 1 
  4177.05 2.0012e-13   4208.32 1 
  4180.05 1.8755e-13   4211.34 1 
  4183.05 1.8491e-13   4214.36 1 
  4186.05 1.8304e-13   4217.39 1 
  4189.06 1.5938e-13   4220.41 1 
  4192.06 1.6634e-13   4223.43 1 
  4195.06 1.5223e-13   4226.46 1 
  4198.06 1.8870e-13   4229.48 1 
  4201.06 1.7822e-13   4232.50 1 
  4204.06 1.9713e-13   4235.53 1 
  4207.06 1.9171e-13   4238.55 1 
  4210.06 1.9613e-13   4241.57 1 
  4213.06 2.0205e-13   4244.60 1 
  4216.06 1.9150e-13   4247.62 1 
  4219.06 1.7452e-13   4250.64 1 
  4222.06 1.8306e-13   4253.67 1 
  4225.06 1.8219e-13   4256.69 1 
  4228.07 1.9043e-13   4259.71 1 
  4231.07 2.0653e-13   4262.74 1 
  4234.07 1.7484e-13   4265.76 1 
  4237.07 1.6468e-13   4268.78 1 
  4240.07 1.6589e-13   4271.81 1 
  4243.07 1.8408e-13   4274.83 1 
  4246.07 1.9175e-13   4277.85 1 
  4249.07 2.0007e-13   4280.88 1 
  4252.07 1.8397e-13   4283.90 1 
  4255.07 1.6434e-13   4286.92 1 
  4258.07 1.8687e-13   4289.94 1 
  4261.07 2.4536e-13   4292.97 1 
  4264.07 1.9351e-13   4295.99 1 
  4267.08 1.3257e-13   4299.01 1 
  4270.08 1.3124e-13   4302.04 1 
  4273.08 1.3588e-13   4305.06 1 
  4276.08 1.2676e-13   4308.08 1 
  4279.08 1.6678e-13   4311.11 1 
  4282.08 2.0436e-13   4314.13 1 
  4285.08 2.0933e-13   4317.15 1 
  4288.08 1.9099e-13   4320.18 1 
  4291.08 2.0094e-13   4323.20 1 
  4294.08 2.1072e-13   4326.22 1 
  4297.08 2.1503e-13   4329.25 1 
  4300.08 2.1506e-13   4332.27 1 
  4303.08 1.9637e-13   4335.29 1 
  4306.09 1.9435e-13   4338.32 1 
  4309.09 2.0568e-13   4341.34 1 
  4312.09 2.0866e-13   4344.36 1 
  4315.09 2.0988e-13   4347.39 1 
  4318.09 1.9939e-13   4350.41 1 
  4321.09 2.1398e-13   4353.43 1 
  4324.09 2.1068e-13   4356.46 1 
  4327.09 2.1828e-13   4359.48 1 
  4330.09 2.2833e-13   4362.50 1 
  4333.09 2.2664e-13   4365.53 1 
  4336.09 2.1659e-13   4368.55 1 
  4339.09 2.0988e-13   4371.57 1 
  4342.10 2.1135e-13   4374.60 1 
  4345.10 2.0209e-13   4377.62 1 
  4348.10 1.9480e-13   4380.64 1 
  4351.10 1.9208e-13   4383.67 1 
  4354.10 1.7767e-13   4386.69 1 
  4357.10 2.0991e-13   4389.71 1 
  4360.10 2.0759e-13   4392.74 1 
  4363.10 2.0633e-13   4395.76 1 
  4366.10 2.1467e-13   4398.78 1 
  4369.10 2.0329e-13   4401.81 1 
  4372.10 2.0177e-13   4404.83 1 
  4375.10 2.0451e-13   4407.85 1 
  4378.10 2.1159e-13   4410.87 1 
  4381.11 2.4047e-13   4413.90 1 
  4384.11 2.2146e-13   4416.92 1 
  4387.11 2.2083e-13   4419.94 1 
  4390.11 2.3734e-13   4422.97 1 
  4393.11 2.3507e-13   4425.99 1 
  4396.11 2.4313e-13   4429.01 1 
  4399.11 2.4268e-13   4432.04 1 
  4402.11 2.5381e-13   4435.06 1 
  4405.11 2.2757e-13   4438.08 1 
  4408.11 2.4397e-13   4441.11 1 
  4411.11 2.5186e-13   4444.13 1 
  4414.11 2.5269e-13   4447.15 1 
  4417.11 2.4702e-13   4450.18 1 
  4420.12 2.3522e-13   4453.20 1 
  4423.12 2.2608e-13   4456.22 1 
  4426.12 2.2064e-13   4459.25 1 
  4429.12 2.3467e-13   4462.27 1 
  4432.12 2.4336e-13   4465.29 1 
  4435.12 2.4675e-13   4468.32 1 
  4438.12 2.6093e-13   4471.34 1 
  4441.12 2.5743e-13   4474.36 1 
  4444.12 2.7816e-13   4477.39 1 
  4447.12 2.5508e-13   4480.41 1 
  4450.12 2.6116e-13   4483.43 1 
  4453.12 2.5173e-13   4486.46 1 
  4456.12 2.5272e-13   4489.48 1 
  4459.13 2.6155e-13   4492.50 1 
  4462.13 3.0127e-13   4495.53 1 
  4465.13 2.7565e-13   4498.55 1 
  4468.13 2.8120e-13   4501.57 1 
  4471.13 2.8407e-13   4504.60 1 
  4474.13 2.9185e-13   4507.62 1 
  4477.13 2.7789e-13   4510.64 1 
  4480.13 2.6021e-13   4513.67 1 
  4483.13 2.6760e-13   4516.69 1 
  4486.13 2.6403e-13   4519.71 1 
  4489.13 2.4997e-13   4522.73 1 
  4492.13 2.3643e-13   4525.76 1 
  4495.14 2.3920e-13   4528.78 1 
  4498.14 2.3978e-13   4531.80 1 
  4501.14 2.4121e-13   4534.83 1 
  4504.14 2.5862e-13   4537.85 1 
  4507.14 2.4710e-13   4540.87 1 
  4510.14 2.5632e-13   4543.90 1 
  4513.14 2.5796e-13   4546.92 1 
  4516.14 2.5620e-13   4549.94 1 
  4519.14 2.5318e-13   4552.97 1 
  4522.14 2.6267e-13   4555.99 1 
  4525.14 2.6406e-13   4559.01 1 
  4528.14 2.7645e-13   4562.04 1 
  4531.14 2.7992e-13   4565.06 1 
  4534.15 2.7806e-13   4568.08 1 
  4537.15 2.8912e-13   4571.11 1 
  4540.15 2.7606e-13   4574.13 1 
  4543.15 2.7276e-13   4577.15 1 
  4546.15 2.5747e-13   4580.18 1 
  4549.15 2.6741e-13   4583.20 1 
  4552.15 2.7499e-13   4586.22 1 
  4555.15 2.7140e-13   4589.25 1 
  4558.15 2.7210e-13   4592.27 1 
  4561.15 2.5952e-13   4595.29 1 
  4564.15 2.7079e-13   4598.32 1 
  4567.15 2.7535e-13   4601.34 1 
  4570.16 2.7936e-13   4604.36 1 
  4573.16 2.8835e-13   4607.39 1 
  4576.16 2.8373e-13   4610.41 1 
  4579.16 2.8507e-13   4613.43 1 
  4582.16 2.8541e-13   4616.46 1 
  4585.16 2.9281e-13   4619.48 1 
  4588.16 3.0038e-13   4622.50 1 
  4591.16 2.8268e-13   4625.53 1 
  4594.16 2.9500e-13   4628.55 1 
  4597.16 2.8788e-13   4631.57 1 
  4600.16 2.7040e-13   4634.60 1 
  4603.16 2.8184e-13   4637.62 1 
  4606.16 2.6321e-13   4640.64 1 
  4609.17 2.6046e-13   4643.67 1 
  4612.17 2.6096e-13   4646.69 1 
  4615.17 2.5680e-13   4649.71 1 
  4618.17 2.6302e-13   4652.73 1 
  4621.17 2.7692e-13   4655.76 1 
  4624.17 2.7217e-13   4658.78 1 
  4627.17 2.7446e-13   4661.80 1 
  4630.17 2.7514e-13   4664.83 1 
  4633.17 2.4523e-13   4667.85 1 
  4636.17 2.6369e-13   4670.87 1 
  4639.17 2.7480e-13   4673.90 1 
  4642.17 2.6215e-13   4676.92 1 
  4645.17 2.6052e-13   4679.94 1 
  4648.18 2.6566e-13   4682.97 1 
  4651.18 2.6226e-13   4685.99 1 
  4654.18 2.6112e-13   4689.01 1 
  4657.18 2.5405e-13   4692.04 1 
  4660.18 2.6193e-13   4695.06 1 
  4663.18 2.6508e-13   4698.08 1 
  4666.18 2.5167e-13   4701.11 1 
  4669.18 2.5163e-13   4704.13 1 
  4672.18 2.5739e-13   4707.15 1 
  4675.18 3.1731e-13   4710.18 1 
  4678.18 3.0743e-13   4713.20 1 
  4681.18 2.6815e-13   4716.22 1 
  4684.18 2.9055e-13   4719.25 1 
  4687.19 2.9426e-13   4722.27 1 
  4690.19 2.7348e-13   4725.29 1 
  4693.19 2.6521e-13   4728.32 1 
  4696.19 2.6231e-13   4731.34 1 
  4699.19 2.6784e-13   4734.36 1 
  4702.19 2.7307e-13   4737.39 1 
  4705.19 2.8866e-13   4740.41 1 
  4708.19 2.9063e-13   4743.43 1 
  4711.19 2.8914e-13   4746.46 1 
  4714.19 2.9867e-13   4749.48 1 
  4717.19 2.8248e-13   4752.50 1 
  4720.19 2.8015e-13   4755.53 1 
  4723.20 2.7743e-13   4758.55 1 
  4726.20 2.7283e-13   4761.57 1 
  4729.20 2.7303e-13   4764.60 1 
  4732.20 2.7119e-13   4767.62 1 
  4735.20 2.8093e-13   4770.64 1 
  4738.20 2.9181e-13   4773.66 1 
  4741.20 2.9079e-13   4776.69 1 
  4744.20 2.8453e-13   4779.71 1 
  4747.20 2.8392e-13   4782.73 1 
  4750.20 2.7847e-13   4785.76 1 
  4753.20 2.8155e-13   4788.78 1 
  4756.20 2.8150e-13   4791.80 1 
  4759.20 2.9514e-13   4794.83 1 
  4762.21 2.9288e-13   4797.85 1 
  4765.21 2.9084e-13   4800.87 1 
  4768.21 2.8913e-13   4803.90 1 
  4771.21 2.9692e-13   4806.92 1 
  4774.21 2.9677e-13   4809.94 1 
  4777.21 2.8660e-13   4812.97 1 
  4780.21 2.9611e-13   4815.99 1 
  4783.21 2.8857e-13   4819.01 1 
  4786.21 3.0202e-13   4822.04 1 
  4789.21 2.9046e-13   4825.06 1 
  4792.21 2.8108e-13   4828.08 1 
  4795.21 2.8437e-13   4831.11 1 
  4798.22 2.7826e-13   4834.13 1 
  4801.22 2.8299e-13   4837.15 1 
  4804.22 2.8228e-13   4840.18 1 
  4807.22 2.8779e-13   4843.20 1 
  4810.22 3.1729e-13   4846.22 1 
  4813.22 2.8156e-13   4849.25 1 
  4816.22 2.7748e-13   4852.27 1 
  4819.22 2.6361e-13   4855.29 1 
  4822.22 2.5011e-13   4858.32 1 
  4825.22 2.4481e-13   4861.34 1 
  4828.22 2.4608e-13   4864.36 1 
  4831.22 2.4631e-13   4867.39 1 
  4834.22 2.5621e-13   4870.41 1 
  4837.23 2.6640e-13   4873.43 1 
  4840.23 2.7347e-13   4876.46 1 
  4843.23 2.7708e-13   4879.48 1 
  4846.23 2.7674e-13   4882.50 1 
  4849.23 2.6729e-13   4885.52 1 
  4852.23 2.6966e-13   4888.55 1 
  4855.23 2.7571e-13   4891.57 1 
  4858.23 2.8898e-13   4894.59 1 
  4861.23 2.9473e-13   4897.62 1 
  4864.23 3.0600e-13   4900.64 1 
  4867.23 2.9347e-13   4903.66 1 
  4870.23 2.8342e-13   4906.69 1 
  4873.23 2.7945e-13   4909.71 1 
  4876.24 2.8545e-13   4912.73 1 
  4879.24 2.8094e-13   4915.76 1 
  4882.24 2.6413e-13   4918.78 1 
  4885.24 2.6246e-13   4921.80 1 
  4888.24 2.7791e-13   4924.83 1 
  4891.24 2.9068e-13   4927.85 1 
  4894.24 2.9188e-13   4930.87 1 
  4897.24 2.8588e-13   4933.90 1 
  4900.24 2.8047e-13   4936.92 1 
  4903.24 2.7871e-13   4939.94 1 
  4906.24 2.8954e-13   4942.97 1 
  4909.24 3.0637e-13   4945.99 1 
  4912.25 2.9955e-13   4949.01 1 
  4915.25 2.9276e-13   4952.04 1 
  4918.25 2.8472e-13   4955.06 1 
  4921.25 2.8680e-13   4958.08 1 
  4924.25 2.8319e-13   4961.11 1 
  4927.25 2.7736e-13   4964.13 1 
  4930.25 2.7932e-13   4967.15 1 
  4933.25 2.7635e-13   4970.18 1 
  4936.25 2.8609e-13   4973.20 1 
  4939.25 2.8547e-13   4976.22 1 
  4942.25 2.7742e-13   4979.25 1 
  4945.25 2.5853e-13   4982.27 1 
  4948.25 2.6173e-13   4985.29 1 
  4951.26 2.7174e-13   4988.32 1 
  4954.26 2.8168e-13   4991.34 1 
  4957.26 2.8401e-13   4994.36 1 
  4960.26 2.7669e-13   4997.39 1 
  4963.26 2.6514e-13   5000.41 1 
  4966.26 2.6041e-13   5003.43 1 
  4969.26 2.5658e-13   5006.46 1 
  4972.26 2.5471e-13   5009.48 1 
  4975.26 2.5031e-13   5012.50 1 
  4978.26 2.4882e-13   5015.52 1 
  4981.26 2.5467e-13   5018.55 1 
  4984.26 2.5854e-13   5021.57 1 
  4987.27 2.6772e-13   5024.59 1 
  4990.27 2.6996e-13   5027.62 1 
  4993.27 2.7240e-13   5030.64 1 
  4996.27 2.7496e-13   5033.66 1 
  4999.27 2.6117e-13   5036.69 1 
  5002.27 2.5549e-13   5039.71 1 
  5005.27 2.5777e-13   5042.73 1 
  5008.27 2.7124e-13   5045.76 1 
  5011.27 2.7008e-13   5048.78 1 
  5014.27 2.7193e-13   5051.80 1 
  5017.27 2.7615e-13   5054.83 1 
  5020.27 2.8288e-13   5057.85 1 
  5023.27 2.8075e-13   5060.87 1 
  5026.27 2.7776e-13   5063.90 1 
  5029.28 2.7102e-13   5066.92 1 
  5032.28 2.9945e-13   5069.94 1 
  5035.28 2.7732e-13   5072.97 1 
  5038.28 2.6219e-13   5075.99 1 
  5041.28 2.5507e-13   5079.01 1 
  5044.28 2.5104e-13   5082.04 1 
  5047.28 2.6102e-13   5085.06 1 
  5050.28 2.6755e-13   5088.08 1 
  5053.28 2.7149e-13   5091.11 1 
  5056.28 2.7662e-13   5094.13 1 
  5059.28 2.6697e-13   5097.15 1 
  5062.28 2.5528e-13   5100.18 1 
  5065.29 2.6056e-13   5103.20 1 
  5068.29 2.5679e-13   5106.22 1 
  5071.29 2.6396e-13   5109.25 1 
  5074.29 2.6568e-13   5112.27 1 
  5077.29 2.6572e-13   5115.29 1 
  5080.29 2.7656e-13   5118.32 1 
  5083.29 2.5414e-13   5121.34 1 
  5086.29 2.5120e-13   5124.36 1 
  5089.29 2.4993e-13   5127.38 1 
  5092.29 2.5308e-13   5130.41 1 
  5095.29 2.5664e-13   5133.43 1 
  5098.29 2.5946e-13   5136.45 1 
  5101.29 2.6136e-13   5139.48 1 
  5104.30 2.4538e-13   5142.50 1 
  5107.30 2.4978e-13   5145.52 1 
  5110.30 2.5578e-13   5148.55 1 
  5113.30 2.4965e-13   5151.57 1 
  5116.30 2.5062e-13   5154.59 1 
  5119.30 2.5332e-13   5157.62 1 
  5122.30 2.5684e-13   5160.64 1 
  5125.30 2.3645e-13   5163.66 1 
  5128.30 2.2075e-13   5166.69 1 
  5131.30 1.9769e-13   5169.71 1 
  5134.30 1.9990e-13   5172.73 1 
  5137.30 2.1727e-13   5175.76 1 
  5140.31 2.1874e-13   5178.78 1 
  5143.31 2.1365e-13   5181.80 1 
  5146.31 2.0869e-13   5184.83 1 
  5149.31 2.3360e-13   5187.85 1 
  5152.31 2.4401e-13   5190.87 1 
  5155.31 2.5748e-13   5193.90 1 
  5158.31 2.6090e-13   5196.92 1 
  5161.31 2.6567e-13   5199.94 1 
  5164.31 2.5514e-13   5202.97 1 
  5167.31 2.4688e-13   5205.99 1 
  5170.31 2.5073e-13   5209.01 1 
  5173.31 2.4922e-13   5212.04 1 
  5176.31 2.6688e-13   5215.06 1 
  5179.32 2.7819e-13   5218.08 1 
  5182.32 2.8051e-13   5221.11 1 
  5185.32 2.7565e-13   5224.13 1 
  5188.32 2.6615e-13   5227.15 1 
  5191.32 2.6102e-13   5230.18 1 
  5194.32 2.7629e-13   5233.20 1 
  5197.32 2.8281e-13   5236.22 1 
  5200.32 2.9446e-13   5239.25 1 
  5203.32 2.9468e-13   5242.27 1 
  5206.32 2.8442e-13   5245.29 1 
  5209.32 2.7439e-13   5248.31 1 
  5212.32 2.7296e-13   5251.34 1 
  5215.32 2.8217e-13   5254.36 1 
  5218.33 2.8021e-13   5257.38 1 
  5221.33 2.7606e-13   5260.41 1 
  5224.33 2.5595e-13   5263.43 1 
  5227.33 2.4469e-13   5266.45 1 
  5230.33 2.3568e-13   5269.48 1 
  5233.33 2.5288e-13   5272.50 1 
  5236.33 2.7482e-13   5275.52 1 
  5239.33 2.8405e-13   5278.55 1 
  5242.33 2.8870e-13   5281.57 1 
  5245.33 2.9608e-13   5284.59 1 
  5248.33 3.0088e-13   5287.62 1 
  5251.33 3.0693e-13   5290.64 1 
  5254.33 2.9855e-13   5293.66 1 
  5257.34 2.9133e-13   5296.69 1 
  5260.34 2.8692e-13   5299.71 1 
  5263.34 2.9505e-13   5302.73 1 
  5266.34 3.0915e-13   5305.76 1 
  5269.34 3.1435e-13   5308.78 1 
  5272.34 3.1106e-13   5311.80 1 
  5275.34 3.1169e-13   5314.83 1 
  5278.34 3.0533e-13   5317.85 1 
  5281.34 2.9732e-13   5320.87 1 
  5284.34 2.8724e-13   5323.90 1 
  5287.34 2.7319e-13   5326.92 1 
  5290.34 2.7280e-13   5329.94 1 
  5293.35 2.8221e-13   5332.97 1 
  5296.35 2.9095e-13   5335.99 1 
  5299.35 2.9102e-13   5339.01 1 
  5302.35 2.9404e-13   5342.04 1 
  5305.35 2.9265e-13   5345.06 1 
  5308.35 2.9394e-13   5348.08 1 
  5311.35 2.9954e-13   5351.11 1 
  5314.35 3.0969e-13   5354.13 1 
  5317.35 3.1121e-13   5357.15 1 
  5320.35 3.1449e-13   5360.18 1 
  5323.35 3.0456e-13   5363.20 1 
  5326.35 2.9634e-13   5366.22 1 
  5329.35 2.9541e-13   5369.25 1 
  5332.36 2.8654e-13   5372.27 1 
  5335.36 2.9548e-13   5375.29 1 
  5338.36 3.0647e-13   5378.31 1 
  5341.36 3.0357e-13   5381.34 1 
  5344.36 3.1161e-13   5384.36 1 
  5347.36 3.0291e-13   5387.38 1 
  5350.36 3.0052e-13   5390.41 1 
  5353.36 2.9497e-13   5393.43 1 
  5356.36 2.8203e-13   5396.45 1 
  5359.36 2.8418e-13   5399.48 1 
  5362.36 2.7512e-13   5402.50 1 
  5365.36 2.7379e-13   5405.52 1 
  5368.37 2.7698e-13   5408.55 1 
  5371.37 2.8541e-13   5411.57 1 
  5374.37 2.9652e-13   5414.59 1 
  5377.37 3.0047e-13   5417.62 1 
  5380.37 3.0228e-13   5420.64 1 
  5383.37 2.9793e-13   5423.66 1 
  5386.37 3.0044e-13   5426.69 1 
  5389.37 2.8969e-13   5429.71 1 
  5392.37 2.8840e-13   5432.73 1 
  5395.37 2.9277e-13   5435.76 1 
  5398.37 2.9499e-13   5438.78 1 
  5401.37 2.9472e-13   5441.80 1 
  5404.37 3.0294e-13   5444.83 1 
  5407.38 2.9309e-13   5447.85 1 
  5410.38 2.8377e-13   5450.87 1 
  5413.38 2.8764e-13   5453.90 1 
  5416.38 2.8621e-13   5456.92 1 
  5419.38 2.8830e-13   5459.94 1 
  5422.38 2.9020e-13   5462.97 1 
  5425.38 2.8919e-13   5465.99 1 
  5428.38 2.9263e-13   5469.01 1 
  5431.38 2.9037e-13   5472.04 1 
  5434.38 2.8960e-13   5475.06 1 
  5437.38 2.7691e-13   5478.08 1 
  5440.38 2.8271e-13   5481.10 1 
  5443.38 2.8659e-13   5484.13 1 
  5446.39 2.9091e-13   5487.15 1 
  5449.39 2.8744e-13   5490.17 1 
  5452.39 2.9363e-13   5493.20 1 
  5455.39 2.9401e-13   5496.22 1 
  5458.39 2.9043e-13   5499.24 1 
  5461.39 2.9606e-13   5502.27 1 
  5464.39 2.9354e-13   5505.29 1 
  5467.39 2.8629e-13   5508.31 1 
  5470.39 2.8135e-13   5511.34 1 
  5473.39 2.8803e-13   5514.36 1 
  5476.39 2.8979e-13   5517.38 1 
  5479.39 2.9371e-13   5520.41 1 
  5482.39 2.9626e-13   5523.43 1 
  5485.40 2.9237e-13   5526.45 1 
  5488.40 2.9369e-13   5529.48 1 
  5491.40 2.9501e-13   5532.50 1 
  5494.40 2.9633e-13   5535.52 1 
  5497.40 2.9765e-13   5538.55 1 
  5500.40 2.9897e-13   5541.57 1 
  5503.40 3.0029e-13   5544.59 1 
  5506.40 3.0161e-13   5547.62 1 
  5509.40 3.1309e-13   5550.64 1 
  5512.40 3.0609e-13   5553.66 1 
  5515.40 3.0628e-13   5556.69 1 
  5518.40 3.0217e-13   5559.71 1 
  5521.41 2.9964e-13   5562.73 1 
  5524.41 2.9350e-13   5565.76 1 
  5527.41 2.9739e-13   5568.78 1 
  5530.41 2.9675e-13   5571.80 1 
  5533.41 2.9952e-13   5574.83 1 
  5536.41 2.9802e-13   5577.85 1 
  5539.41 3.0219e-13   5580.87 1 
  5542.41 2.9154e-13   5583.90 1 
  5545.41 2.8175e-13   5586.92 1 
  5548.41 2.8221e-13   5589.94 1 
  5551.41 2.8502e-13   5592.97 1 
  5554.41 2.8816e-13   5595.99 1 
  5557.41 2.8812e-13   5599.01 1 
  5560.42 2.8665e-13   5602.04 1 
  5563.42 2.9255e-13   5605.06 1 
  5566.42 3.0199e-13   5608.08 1 
  5569.42 3.0271e-13   5611.10 1 
  5572.42 3.0595e-13   5614.13 1 
  5575.42 2.9947e-13   5617.15 1 
  5578.42 2.8758e-13   5620.17 1 
  5581.42 2.8618e-13   5623.20 1 
  5584.42 2.9364e-13   5626.22 1 
  5587.42 2.8981e-13   5629.24 1 
  5590.42 2.9538e-13   5632.27 1 
  5593.42 2.9855e-13   5635.29 1 
  5596.42 2.9366e-13   5638.31 1 
  5599.43 2.9210e-13   5641.34 1 
  5602.43 2.9544e-13   5644.36 1 
  5605.43 2.9751e-13   5647.38 1 
  5608.43 3.0114e-13   5650.41 1 
  5611.43 3.0432e-13   5653.43 1 
  5614.43 2.9683e-13   5656.45 1 
  5617.43 2.8772e-13   5659.48 1 
  5620.43 2.9401e-13   5662.50 1 
  5623.43 2.8768e-13   5665.52 1 
  5626.43 2.9406e-13   5668.55 1 
  5629.43 2.9768e-13   5671.57 1 
  5632.43 3.0347e-13   5674.59 1 
  5635.44 2.9953e-13   5677.62 1 
  5638.44 2.9855e-13   5680.64 1 
  5641.44 2.9665e-13   5683.66 1 
  5644.44 2.9419e-13   5686.69 1 
  5647.44 2.9076e-13   5689.71 1 
  5650.44 3.0289e-13   5692.73 1 
  5653.44 2.9873e-13   5695.76 1 
  5656.44 2.9523e-13   5698.78 1 
  5659.44 2.9754e-13   5701.80 1 
  5662.44 2.8674e-13   5704.83 1 
  5665.44 2.7568e-13   5707.85 1 
  5668.44 2.8407e-13   5710.87 1 
  5671.44 2.9145e-13   5713.90 1 
  5674.45 3.0066e-13   5716.92 1 
  5677.45 2.9823e-13   5719.94 1 
  5680.45 2.9774e-13   5722.97 1 
  5683.45 3.1043e-13   5725.99 1 
  5686.45 3.0721e-13   5729.01 1 
  5689.45 3.0706e-13   5732.03 1 
  5692.45 3.0636e-13   5735.06 1 
  5695.45 3.0621e-13   5738.08 1 
  5698.45 3.0200e-13   5741.10 1 
  5701.45 3.0023e-13   5744.13 1 
  5704.45 3.1098e-13   5747.15 1 
  5707.45 2.9855e-13   5750.17 1 
  5710.45 2.9618e-13   5753.20 1 
  5713.46 3.0011e-13   5756.22 1 
  5716.46 2.9935e-13   5759.24 1 
  5719.46 3.0198e-13   5762.27 1 
  5722.46 3.0147e-13   5765.29 1 
  5725.46 3.0683e-13   5768.31 1 
  5728.46 3.0648e-13   5771.34 1 
  5731.46 3.0326e-13   5774.36 1 
  5734.46 3.0482e-13   5777.38 1 
  5737.46 2.9788e-13   5780.41 1 
  5740.46 2.8951e-13   5783.43 1 
  5743.46 2.8856e-13   5786.45 1 
  5746.46 2.9548e-13   5789.48 1 
  5749.47 2.9996e-13   5792.50 1 
  5752.47 3.0347e-13   5795.52 1 
  5755.47 3.1114e-13   5798.55 1 
  5758.47 3.0854e-13   5801.57 1 
  5761.47 3.1437e-13   5804.59 1 
  5764.47 3.1171e-13   5807.62 1 
  5767.47 3.1082e-13   5810.64 1 
  5770.47 2.9962e-13   5813.66 1 
  5773.47 3.0428e-13   5816.69 1 
  5776.47 3.1310e-13   5819.71 1 
  5779.47 3.1085e-13   5822.73 1 
  5782.47 3.1168e-13   5825.76 1 
  5785.47 3.1615e-13   5828.78 1 
  5788.48 3.0683e-13   5831.80 1 
  5791.48 3.1333e-13   5834.83 1 
  5794.48 3.0934e-13   5837.85 1 
  5797.48 3.1043e-13   5840.87 1 
  5800.48 3.0321e-13   5843.90 1 
  5803.48 3.0021e-13   5846.92 1 
  5806.48 2.9893e-13   5849.94 1 
  5809.48 2.8731e-13   5852.96 1 
  5812.48 2.9157e-13   5855.99 1 
  5815.48 2.8609e-13   5859.01 1 
  5818.48 2.9250e-13   5862.03 1 
  5821.48 2.9378e-13   5865.06 1 
  5824.48 2.9148e-13   5868.08 1 
  5827.49 2.9685e-13   5871.10 1 
  5830.49 2.9184e-13   5874.13 1 
  5833.49 2.9372e-13   5877.15 1 
  5836.49 2.8607e-13   5880.17 1 
  5839.49 2.7982e-13   5883.20 1 
  5842.49 2.6640e-13   5886.22 1 
  5845.49 2.4343e-13   5889.24 1 
  5848.49 2.3257e-13   5892.27 1 
  5851.49 2.2406e-13   5895.29 1 
  5854.49 2.3748e-13   5898.31 1 
  5857.49 2.5617e-13   5901.34 1 
  5860.49 2.7143e-13   5904.36 1 
  5863.50 2.8205e-13   5907.38 1 
  5866.50 2.8198e-13   5910.41 1 
  5869.50 2.8347e-13   5913.43 1 
  5872.50 2.8345e-13   5916.45 1 
  5875.50 2.8571e-13   5919.48 1 
  5878.50 2.8594e-13   5922.50 1 
  5881.50 2.8916e-13   5925.52 1 
  5884.50 2.8922e-13   5928.55 1 
  5887.50 2.8832e-13   5931.57 1 
  5890.50 2.9471e-13   5934.59 1 
  5893.50 2.9252e-13   5937.62 1 
  5896.50 2.9087e-13   5940.64 1 
  5899.50 2.9561e-13   5943.66 1 
  5902.51 2.9151e-13   5946.69 1 
  5905.51 2.9254e-13   5949.71 1 
  5908.51 2.8414e-13   5952.73 1 
  5911.51 2.8586e-13   5955.76 1 
  5914.51 2.8954e-13   5958.78 1 
  5917.51 2.9446e-13   5961.80 1 
  5920.51 2.9275e-13   5964.83 1 
  5923.51 2.9125e-13   5967.85 1 
  5926.51 2.9629e-13   5970.87 1 
  5929.51 2.9950e-13   5973.90 1 
  5932.51 2.9623e-13   5976.92 1 
  5935.51 2.9352e-13   5979.94 1 
  5938.52 2.8788e-13   5982.96 1 
  5941.52 2.8907e-13   5985.99 1 
  5944.52 2.8440e-13   5989.01 1 
  5947.52 2.8826e-13   5992.03 1 
  5950.52 2.8653e-13   5995.06 1 
  5953.52 2.8372e-13   5998.08 1 
  5956.52 2.8475e-13   6001.10 1 
  5959.52 2.8402e-13   6004.13 1 
  5962.52 2.9148e-13   6007.15 1 
  5965.52 2.8479e-13   6010.17 1 
  5968.52 2.8415e-13   6013.20 1 
  5971.52 2.8241e-13   6016.22 1 
  5974.52 2.8456e-13   6019.24 1 
  5977.53 2.8633e-13   6022.27 1 
  5980.53 2.8257e-13   6025.29 1 
  5983.53 2.8766e-13   6028.31 1 
  5986.53 2.9168e-13   6031.34 1 
  5989.53 2.9986e-13   6034.36 1 
  5992.53 3.0509e-13   6037.38 1 
  5995.53 2.9389e-13   6040.41 1 
  5998.53 2.9740e-13   6043.43 1 
  6001.53 3.0706e-13   6046.45 1 
  6004.53 3.1002e-13   6049.48 1 
  6007.53 3.0701e-13   6052.50 1 
  6010.53 2.9861e-13   6055.52 1 
  6013.53 2.9101e-13   6058.55 1 
  6016.54 2.9737e-13   6061.57 1 
  6019.54 2.9381e-13   6064.59 1 
  6022.54 2.9734e-13   6067.62 1 
  6025.54 3.0045e-13   6070.64 1 
  6028.54 3.0116e-13   6073.66 1 
  6031.54 3.0629e-13   6076.69 1 
  6034.54 3.0207e-13   6079.71 1 
  6037.54 2.9383e-13   6082.73 1 
  6040.54 2.9360e-13   6085.76 1 
  6043.54 2.8949e-13   6088.78 1 
  6046.54 2.9391e-13   6091.80 1 
  6049.54 2.8619e-13   6094.82 1 
  6052.54 2.8486e-13   6097.85 1 
  6055.55 2.9086e-13   6100.87 1 
  6058.55 2.9004e-13   6103.89 1 
  6061.55 2.8986e-13   6106.92 1 
  6064.55 2.9105e-13   6109.94 1 
  6067.55 2.9406e-13   6112.96 1 
  6070.55 2.9660e-13   6115.99 1 
  6073.55 2.9235e-13   6119.01 1 
  6076.55 2.8901e-13   6122.03 1 
  6079.55 2.8553e-13   6125.06 1 
  6082.55 2.8494e-13   6128.08 1 
  6085.55 2.9193e-13   6131.10 1 
  6088.55 2.8956e-13   6134.13 1 
  6091.56 2.7968e-13   6137.15 1 
  6094.56 2.8077e-13   6140.17 1 
  6097.56 2.8958e-13   6143.20 1 
  6100.56 2.9049e-13   6146.22 1 
  6103.56 2.9388e-13   6149.24 1 
  6106.56 2.8828e-13   6152.27 1 
  6109.56 2.8226e-13   6155.29 1 
  6112.56 2.7318e-13   6158.31 1 
  6115.56 2.7248e-13   6161.34 1 
  6118.56 2.6223e-13   6164.36 1 
  6121.56 2.6616e-13   6167.38 1 
  6124.56 2.6826e-13   6170.41 1 
  6127.56 2.6512e-13   6173.43 1 
  6130.57 2.7354e-13   6176.45 1 
  6133.57 2.7771e-13   6179.48 1 
  6136.57 2.8068e-13   6182.50 1 
  6139.57 2.7707e-13   6185.52 1 
  6142.57 2.7203e-13   6188.55 1 
  6145.57 2.6553e-13   6191.57 1 
  6148.57 2.7279e-13   6194.59 1 
  6151.57 2.7267e-13   6197.62 1 
  6154.57 2.6772e-13   6200.64 1 
  6157.57 2.7813e-13   6203.66 1 
  6160.57 2.7967e-13   6206.69 1 
  6163.57 2.7796e-13   6209.71 1 
  6166.58 2.7319e-13   6212.73 1 
  6169.58 2.6946e-13   6215.75 1 
  6172.58 2.6118e-13   6218.78 1 
  6175.58 2.5718e-13   6221.80 1 
  6178.58 2.6149e-13   6224.82 1 
  6181.58 2.6206e-13   6227.85 1 
  6184.58 2.5514e-13   6230.87 1 
  6187.58 2.4943e-13   6233.89 1 
  6190.58 2.5477e-13   6236.92 1 
  6193.58 2.5678e-13   6239.94 1 
  6196.58 2.5962e-13   6242.96 1 
  6199.58 2.5900e-13   6245.99 1 
  6202.58 2.5846e-13   6249.01 1 
  6205.58 2.5416e-13   6252.03 1 
  6208.59 2.5179e-13   6255.06 1 
  6211.59 2.4899e-13   6258.08 1 
  6214.59 2.5163e-13   6261.10 1 
  6217.59 2.6449e-13   6264.13 1 
  6220.59 2.6630e-13   6267.15 1 
  6223.59 2.6357e-13   6270.17 1 
  6226.59 2.6613e-13   6273.20 1 
  6229.59 2.6868e-13   6276.22 1 
  6232.59 2.7124e-13   6279.24 1 
  6235.59 2.7245e-13   6282.27 1 
  6238.59 2.7570e-13   6285.29 1 
  6241.59 2.7307e-13   6288.31 1 
  6244.60 2.7568e-13   6291.34 1 
  6247.60 2.7643e-13   6294.36 1 
  6250.60 2.6701e-13   6297.38 1 
  6253.60 2.6749e-13   6300.41 1 
  6256.60 2.6694e-13   6303.43 1 
  6259.60 2.6869e-13   6306.45 1 
  6262.60 2.7376e-13   6309.48 1 
  6265.60 2.8218e-13   6312.50 1 
  6268.60 2.6796e-13   6315.52 1 
  6271.60 2.6613e-13   6318.55 1 
  6274.60 2.6541e-13   6321.57 1 
  6277.60 2.6954e-13   6324.59 1 
  6280.60 2.7268e-13   6327.62 1 
  6283.61 2.7495e-13   6330.64 1 
  6286.61 2.7694e-13   6333.66 1 
  6289.61 2.6742e-13   6336.69 1 
  6292.61 2.6884e-13   6339.71 1 
  6295.61 2.6944e-13   6342.73 1 
  6298.61 2.7366e-13   6345.75 1 
  6301.61 2.7607e-13   6348.78 1 
  6304.61 2.7534e-13   6351.80 1 
  6307.61 2.7360e-13   6354.82 1 
  6310.61 2.7011e-13   6357.85 1 
  6313.61 2.6394e-13   6360.87 1 
  6316.61 2.6324e-13   6363.89 1 
  6319.62 2.6627e-13   6366.92 1 
  6322.62 2.7453e-13   6369.94 1 
  6325.62 2.8076e-13   6372.96 1 
  6328.62 2.8219e-13   6375.99 1 
  6331.62 2.8342e-13   6379.01 1 
  6334.62 2.8443e-13   6382.03 1 
  6337.62 2.8214e-13   6385.06 1 
  6340.62 2.8089e-13   6388.08 1 
  6343.62 2.8262e-13   6391.10 1 
  6346.62 2.8375e-13   6394.13 1 
  6349.62 2.7133e-13   6397.15 1 
  6352.62 2.7543e-13   6400.17 1 
  6355.62 2.7626e-13   6403.20 1 
  6358.63 2.7698e-13   6406.22 1 
  6361.63 2.7684e-13   6409.24 1 
  6364.63 2.7402e-13   6412.27 1 
  6367.63 2.7851e-13   6415.29 1 
  6370.63 2.7804e-13   6418.31 1 
  6373.63 2.7641e-13   6421.34 1 
  6376.63 2.7302e-13   6424.36 1 
  6379.63 2.7706e-13   6427.38 1 
  6382.63 2.7724e-13   6430.41 1 
  6385.63 2.7575e-13   6433.43 1 
  6388.63 2.8203e-13   6436.45 1 
  6391.63 2.8260e-13   6439.48 1 
  6394.63 2.8018e-13   6442.50 1 
  6397.64 2.8509e-13   6445.52 1 
  6400.64 2.8021e-13   6448.55 1 
  6403.64 2.7876e-13   6451.57 1 
  6406.64 2.7410e-13   6454.59 1 
  6409.64 2.8080e-13   6457.61 1 
  6412.64 2.7595e-13   6460.64 1 
  6415.64 2.8245e-13   6463.66 1 
  6418.64 2.7556e-13   6466.68 1 
  6421.64 2.8401e-13   6469.71 1 
  6424.64 2.8216e-13   6472.73 1 
  6427.64 2.8168e-13   6475.75 1 
  6430.64 2.8359e-13   6478.78 1 
  6433.64 2.7265e-13   6481.80 1 
  6436.65 2.7931e-13   6484.82 1 
  6439.65 2.7847e-13   6487.85 1 
  6442.65 2.7330e-13   6490.87 1 
  6445.65 2.6786e-13   6493.89 1 
  6448.65 2.6927e-13   6496.92 1 
  6451.65 2.5990e-13   6499.94 1 
  6454.65 2.6003e-13   6502.96 1 
  6457.65 2.6879e-13   6505.99 1 
  6460.65 2.7800e-13   6509.01 1 
  6463.65 2.8277e-13   6512.03 1 
  6466.65 2.8151e-13   6515.06 1 
  6469.65 2.8181e-13   6518.08 1 
  6472.66 2.8028e-13   6521.10 1 
  6475.66 2.8163e-13   6524.13 1 
  6478.66 2.8362e-13   6527.15 1 
  6481.66 2.8528e-13   6530.17 1 
  6484.66 2.8144e-13   6533.20 1 
  6487.66 2.8181e-13   6536.22 1 
  6490.66 2.8572e-13   6539.24 1 
  6493.66 2.8873e-13   6542.27 1 
  6496.66 2.7646e-13   6545.29 1 
  6499.66 2.8149e-13   6548.31 1 
  6502.66 2.7233e-13   6551.34 1 
  6505.66 2.7304e-13   6554.36 1 
  6508.66 2.6712e-13   6557.38 1 
  6511.67 2.5674e-13   6560.41 1 
  6514.67 2.4818e-13   6563.43 1 
  6517.67 2.4899e-13   6566.45 1 
  6520.67 2.5709e-13   6569.48 1 
  6523.67 2.6465e-13   6572.50 1 
  6526.67 2.6760e-13   6575.52 1 
  6529.67 2.7784e-13   6578.54 1 
  6532.67 2.8155e-13   6581.57 1 
  6535.67 2.7616e-13   6584.59 1 
  6538.67 2.7982e-13   6587.61 1 
  6541.67 2.8006e-13   6590.64 1 
  6544.67 2.7731e-13   6593.66 1 
  6547.68 2.7013e-13   6596.68 1 
  6550.68 2.7417e-13   6599.71 1 
  6553.68 2.8007e-13   6602.73 1 
  6556.68 2.7226e-13   6605.75 1 
  6559.68 2.7800e-13   6608.78 1 
  6562.68 2.8263e-13   6611.80 1 
  6565.68 2.7773e-13   6614.82 1 
  6568.68 2.8011e-13   6617.85 1 
  6571.68 2.8392e-13   6620.87 1 
  6574.68 2.7875e-13   6623.89 1 
  6577.68 2.8012e-13   6626.92 1 
  6580.68 2.7980e-13   6629.94 1 
  6583.68 2.6801e-13   6632.96 1 
  6586.69 2.7119e-13   6635.99 1 
  6589.69 2.7107e-13   6639.01 1 
  6592.69 2.6874e-13   6642.03 1 
  6595.69 2.7131e-13   6645.06 1 
  6598.69 2.6953e-13   6648.08 1 
  6601.69 2.6804e-13   6651.10 1 
  6604.69 2.8003e-13   6654.13 1 
  6607.69 2.6719e-13   6657.15 1 
  6610.69 2.7379e-13   6660.17 1 
  6613.69 2.6760e-13   6663.20 1 
  6616.69 2.6834e-13   6666.22 1 
  6619.69 2.7009e-13   6669.24 1 
  6622.69 2.7074e-13   6672.27 1 
  6625.70 2.6925e-13   6675.29 1 
  6628.70 2.6815e-13   6678.31 1 
  6631.70 2.7057e-13   6681.34 1 
  6634.70 2.7146e-13   6684.36 1 
  6637.70 2.6398e-13   6687.38 1 
  6640.70 2.7245e-13   6690.41 1 
  6643.70 2.6539e-13   6693.43 1 
  6646.70 2.6314e-13   6696.45 1 
  6649.70 2.6341e-13   6699.48 1 
  6652.70 2.6393e-13   6702.50 1 
  6655.70 2.6815e-13   6705.52 1 
  6658.70 2.7349e-13   6708.54 1 
  6661.71 2.6989e-13   6711.57 1 
  6664.71 2.6095e-13   6714.59 1 
  6667.71 2.6232e-13   6717.61 1 
  6670.71 2.6242e-13   6720.64 1 
  6673.71 2.6056e-13   6723.66 1 
  6676.71 2.5989e-13   6726.68 1 
  6679.71 2.6474e-13   6729.71 1 
  6682.71 2.6387e-13   6732.73 1 
  6685.71 2.6964e-13   6735.75 1 
  6688.71 2.6342e-13   6738.78 1 
  6691.71 2.5708e-13   6741.80 1 
  6694.71 2.6394e-13   6744.82 1 
  6697.71 2.6224e-13   6747.85 1 
  6700.72 2.6009e-13   6750.87 1 
  6703.72 2.6355e-13   6753.89 1 
  6706.72 2.6188e-13   6756.92 1 
  6709.72 2.5990e-13   6759.94 1 
  6712.72 2.6882e-13   6762.96 1 
  6715.72 2.6630e-13   6765.99 1 
  6718.72 2.6952e-13   6769.01 1 
  6721.72 2.6902e-13   6772.03 1 
  6724.72 2.6318e-13   6775.06 1 
  6727.72 2.6740e-13   6778.08 1 
  6730.72 2.6587e-13   6781.10 1 
  6733.72 2.6220e-13   6784.13 1 
  6736.73 2.6080e-13   6787.15 1 
  6739.73 2.6939e-13   6790.17 1 
  6742.73 2.6853e-13   6793.20 1 
  6745.73 2.6697e-13   6796.22 1 
  6748.73 2.6185e-13   6799.24 1 
  6751.73 2.6414e-13   6802.27 1 
  6754.73 2.6932e-13   6805.29 1 
  6757.73 2.6370e-13   6808.31 1 
  6760.73 2.5955e-13   6811.33 1 
  6763.73 2.5570e-13   6814.36 1 
  6766.73 2.3161e-13   6817.38 1 
  6769.73 2.1041e-13   6820.40 1 
  6772.73 2.0596e-13   6823.43 1 
  6775.73 2.2063e-13   6826.45 1 
  6778.74 2.3790e-13   6829.47 1 
  6788.31 2.6637e-13   6839.12 0 
  6803.95 2.6397e-13   6854.88 0 
  6819.64 2.6402e-13   6870.68 0 
  6835.36 2.6044e-13   6886.52 0 
  6851.12 2.6289e-13   6902.40 0 
  6866.91 2.5342e-13   6918.31 0 
  6882.74 2.5818e-13   6934.26 0 
  6898.61 2.6242e-13   6950.24 0 
  6914.51 2.6186e-13   6966.26 0 
  6930.45 2.6311e-13   6982.33 0 
  6946.43 2.6805e-13   6998.42 0 
  6962.44 2.6563e-13   7014.55 0 
  6978.49 2.6937e-13   7030.72 0 
  6994.58 2.6942e-13   7046.93 0 
  7010.70 2.6455e-13   7063.18 0 
  7026.86 2.7075e-13   7079.46 0 
  7043.06 2.7205e-13   7095.78 0 
  7059.30 2.6775e-13   7112.14 0 
  7075.57 2.5340e-13   7128.53 0 
  7091.88 2.5344e-13   7144.96 0 
  7108.23 2.5760e-13   7161.43 0 
  7124.61 2.5705e-13   7177.94 0 
  7141.04 2.5124e-13   7194.49 0 
  7157.50 2.4956e-13   7211.08 0 
  7174.00 2.4788e-13   7227.70 0 
  7190.54 2.4793e-13   7244.36 0 
  7207.12 2.4854e-13   7261.06 0 
  7223.73 2.5614e-13   7277.80 0 
  7240.38 2.5618e-13   7294.57 0 
  7257.07 2.6220e-13   7311.39 0 
  7273.80 2.6589e-13   7328.25 0 
  7290.57 2.5809e-13   7345.14 0 
  7307.38 2.6415e-13   7362.07 0 
  7324.22 2.6603e-13   7379.04 0 
  7341.10 2.6916e-13   7396.05 0 
  7358.03 2.6921e-13   7413.10 0 
  7374.99 2.7175e-13   7430.19 0 
  7391.99 2.6683e-13   7447.32 0 
  7409.03 2.7122e-13   7464.49 0 
  7426.11 2.6940e-13   7481.70 0 
  7443.23 2.7763e-13   7498.94 0 
  7460.39 2.7832e-13   7516.23 0 
  7477.59 2.7392e-13   7533.56 0 
  7494.82 2.7587e-13   7550.92 0 
  7512.10 2.7592e-13   7568.33 0 
  7529.42 2.7534e-13   7585.78 0 
  7546.78 2.8051e-13   7603.26 0 
  7564.17 2.7607e-13   7620.79 0 
  7581.61 2.7612e-13   7638.36 0 
  7599.09 2.6680e-13   7655.97 0 
  7616.60 2.6685e-13   7673.61 0 
  7634.16 2.7437e-13   7691.30 0 
  7651.76 2.6147e-13   7709.04 0 
  7669.40 2.5148e-13   7726.81 0 
  7687.08 2.5561e-13   7744.62 0 
  7704.80 2.5684e-13   7762.47 0 
  7722.56 2.5162e-13   7780.37 0 
  7740.36 2.5872e-13   7798.30 0 
  7758.21 2.4826e-13   7816.28 0 
  7776.09 2.5703e-13   7834.30 0 
  7794.02 2.5181e-13   7852.36 0 
  7811.98 2.5951e-13   7870.46 0 
  7830.00 2.6377e-13   7888.60 0 
  7848.04 2.6201e-13   7906.79 0 
  7866.13 2.6448e-13   7925.01 0 
  7884.27 2.5910e-13   7943.28 0 
  7902.44 2.5442e-13   7961.59 0 
  7920.66 2.4754e-13   7979.95 0 
  7938.92 2.5103e-13   7998.34 0 
  7957.22 2.5165e-13   8016.78 0 
  7975.56 2.5995e-13   8035.26 0 
  7993.95 2.5821e-13   8053.78 0 
  8012.38 2.5945e-13   8072.35 0 
  8030.85 2.6251e-13   8090.96 0 
  8049.36 2.6621e-13   8109.61 0 
  8067.92 2.6811e-13   8128.31 0 
  8086.52 2.6387e-13   8147.04 0 
  8105.16 2.5851e-13   8165.82 0 
  8123.84 2.5975e-13   8184.65 0 
  8142.57 2.6221e-13   8203.52 0 
  8161.34 2.6226e-13   8222.43 0 
  8180.15 2.6231e-13   8241.38 0 
  8199.01 2.6055e-13   8260.38 0 
  8217.91 2.6362e-13   8279.42 0 
  8236.85 2.3446e-13   8298.51 0 
  8255.84 2.6801e-13   8317.64 0 
  8274.87 2.6992e-13   8336.81 0 
  8293.95 2.6201e-13   8356.03 0 
  8313.07 2.4912e-13   8375.29 0 
  8332.23 2.5556e-13   8394.60 0 
  8351.44 2.5798e-13   8413.95 0 
  8370.69 2.5684e-13   8433.35 0 
  8389.99 2.4932e-13   8452.79 0 
  8409.33 2.5577e-13   8472.27 0 
  8428.71 2.5641e-13   8491.80 0 
  8448.15 2.4267e-13   8511.38 0 
  8467.62 2.4837e-13   8531.00 0 
  8487.14 2.5130e-13   8550.67 0 
  8506.71 1.9199e-13   8570.38 0 
  8526.32 2.3954e-13   8590.14 0 
  8545.97 2.2257e-13   8609.94 0 
  8565.67 2.4297e-13   8629.79 0 
  8585.42 2.4811e-13   8649.68 0 
  8605.21 2.4475e-13   8669.62 0 
  8625.04 2.4593e-13   8689.60 0 
  8644.93 2.4769e-13   8709.64 0 
  8664.86 2.3878e-13   8729.71 0 
  8684.83 2.3019e-13   8749.84 0 
  8704.85 2.4053e-13   8770.01 0 
  8724.92 2.4562e-13   8790.23 0 
  8745.03 2.3788e-13   8810.49 0 
  8765.19 2.4068e-13   8830.80 0 
  8785.40 2.4805e-13   8851.16 0 
  8805.65 2.4470e-13   8871.56 0 
  8825.95 2.4930e-13   8892.01 0 
  8846.30 2.3868e-13   8912.51 0 
  8866.69 2.4655e-13   8933.05 0 
  8887.13 2.3120e-13   8953.65 0 
  8907.62 2.3555e-13   8974.29 0 
  8928.15 2.3669e-13   8994.98 0 
  8948.73 2.3893e-13   9015.71 0 
  8969.36 2.3516e-13   9036.50 0 
  8990.04 2.3252e-13   9057.33 0 
  9010.76 2.1956e-13   9078.20 0 
  9031.53 2.2215e-13   9099.13 0 
  9052.35 2.4988e-13   9120.11 0 
  9073.22 2.3923e-13   9141.13 0 
  9094.13 2.3709e-13   9162.20 0 
  9115.10 2.3281e-13   9183.33 0 
  9136.11 2.4440e-13   9204.50 0 
  9157.17 2.3185e-13   9225.71 0 
  9178.28 2.2402e-13   9246.98 0 
  9199.44 2.3517e-13   9268.30 0 
  9220.65 2.2207e-13   9289.66 0 
  9241.91 2.2417e-13   9311.08 0 
  9263.21 2.2997e-13   9332.54 0 
  9284.56 2.3865e-13   9354.06 0 
  9305.96 2.1080e-13   9375.62 0 
  9327.42 2.3766e-13   9397.23 0 
  9348.92 2.3662e-13   9418.90 0 
  9370.47 2.3396e-13   9440.61 0 
  9392.07 2.3618e-13   9462.37 0 
  9413.72 2.3246e-13   9484.18 0 
  9435.42 2.3574e-13   9506.05 0 
  9457.18 2.3363e-13   9527.96 0 
  9478.98 2.3585e-13   9549.93 0 
  9500.83 2.3536e-13   9571.94 0 
  9522.73 2.3325e-13   9594.01 0 
  9544.68 2.2958e-13   9616.12 0 
  9566.68 2.3175e-13   9638.29 0 
  9588.74 2.3341e-13   9660.51 0 
  9610.84 2.3079e-13   9682.78 0 
  9633.00 2.3138e-13   9705.10 0 
  9655.20 2.2773e-13   9727.47 0 
  9677.46 2.2778e-13   9749.90 0 
  9699.77 2.2941e-13   9772.37 0 
  9722.13 2.2580e-13   9794.90 0 
  9744.54 2.2533e-13   9817.48 0 
  9767.01 2.2538e-13   9840.11 0 
  9789.52 2.2285e-13   9862.79 0 
  9812.08 2.2600e-13   9885.53 0 
  9834.71 2.2502e-13   9908.32 0 
  9857.38 2.2507e-13   9931.16 0 
  9880.10 2.2357e-13   9954.05 0 
  9902.88 2.2056e-13   9977.00 0 
  9925.71 2.2162e-13  10000.00 0 
  9948.59 2.2168e-13  10023.05 0 
  9971.52 2.2122e-13  10046.15 0 
  9994.50 2.2025e-13  10069.31 0 
 10017.55 2.1879e-13  10092.53 0 
 10063.79 2.1639e-13  10139.12 0 
 10133.54 2.1654e-13  10209.39 0 
 10180.32 2.1416e-13  10256.52 0 
 10227.31 2.1328e-13  10303.86 0 
 10274.51 2.1289e-13  10351.42 0 
 10298.20 2.1148e-13  10375.28 0 
 10489.66 2.0470e-13  10568.18 0 
 10709.31 1.9665e-13  10789.47 0 
 10908.41 1.8910e-13  10990.06 0 
 11111.21 1.8184e-13  11194.37 0 
 11291.76 1.7648e-13  11376.28 0 
 11501.69 1.7286e-13  11587.78 0 
 11688.57 1.6737e-13  11776.06 0 
 11905.88 1.6169e-13  11994.99 0 
 12099.33 1.5728e-13  12189.90 0 
 12295.93 1.5370e-13  12387.96 0 
 12495.72 1.4952e-13  12589.25 0 
 12698.76 1.4578e-13  12793.81 0 
 12905.10 1.4180e-13  13001.69 0 
 13114.79 1.3858e-13  13212.95 0 
 13297.23 1.3480e-13  13396.76 0 
 13513.29 1.3264e-13  13614.44 0 
 13701.28 1.2992e-13  13803.84 0 
 13891.89 1.2609e-13  13995.87 0 
 14085.15 1.2209e-13  14190.57 0 
 14314.01 1.1986e-13  14421.15 0 
 14513.14 1.1986e-13  14621.77 0 
 14715.04 1.1660e-13  14825.18 0 
 14885.44 1.1660e-13  14996.85 0 
 15092.51 1.1633e-13  15205.48 0 
 15302.47 1.1714e-13  15417.01 0 
 15515.34 1.1606e-13  15631.47 0 
 15695.00 1.1447e-13  15812.48 0 
 15913.34 1.1135e-13  16032.45 0 
 16097.61 1.1135e-13  16218.10 0 
 16284.02 1.1033e-13  16405.90 0 
 16510.55 1.0782e-13  16634.13 0 
 16701.72 1.0561e-13  16826.73 0 
 16895.12 1.0296e-13  17021.58 0 
 17090.76 9.9928e-14  17218.69 0 
 17288.67 9.6092e-14  17418.08 0 
 17488.85 9.3258e-14  17619.75 0 
 17691.37 8.9885e-14  17823.79 0 
 17896.23 8.7034e-14  18030.18 0 
 18103.46 8.3500e-14  18238.96 0 
 18313.07 8.1412e-14  18450.14 0 
 18482.53 7.8829e-14  18620.87 0 
 18696.55 7.5978e-14  18836.49 0 
 18913.05 7.3737e-14  19054.62 0 
 19088.04 7.1893e-14  19230.91 0 
 19309.07 6.9293e-14  19453.60 0 
 19487.75 6.6479e-14  19633.61 0 
 19713.39 6.4519e-14  19860.94 0 
 19895.80 6.2616e-14  20044.72 0 
 20079.91 6.1332e-14  20230.20 0 
 20312.40 5.9114e-14  20464.44 0 
 20500.36 5.8035e-14  20653.80 0 
 20690.03 5.6323e-14  20844.90 0 
 20881.48 5.4788e-14  21037.78 0 
 21123.29 5.3541e-14  21281.39 0 
 21318.72 5.2202e-14  21478.29 0 
 21515.99 5.0896e-14  21677.04 0 
 21715.09 4.9168e-14  21877.62 0 
 21916.00 4.8160e-14  22080.04 0 
 22118.79 4.6740e-14  22284.35 0 
 22323.47 4.5466e-14  22490.56 0 
 22478.19 4.4329e-14  22646.44 0 
 22686.19 4.3022e-14  22856.00 0 
 22896.09 3.8787e-14  23067.47 0 
 23107.95 3.8431e-14  23280.92 0 
 23321.76 3.3860e-14  23496.32 0 
 23483.43 3.2113e-14  23659.20 0 
 23700.70 3.2411e-14  23878.10 0 
 23920.01 2.9832e-14  24099.05 0 
 24085.83 2.9019e-14  24266.11 0 
 24308.68 2.8687e-14  24490.63 0 
 24477.19 2.7020e-14  24660.40 0 
 24703.66 2.6711e-14  24888.57 0 
 24874.91 2.2945e-14  25061.10 0 
 25105.06 2.2630e-14  25292.97 0 
 25279.10 2.2787e-14  25468.31 0 
 25512.98 2.2630e-14  25703.95 0 
 25689.85 2.2840e-14  25882.13 0 
 25927.53 2.2371e-14  26121.60 0 
 26107.27 2.2268e-14  26302.68 0 
 26288.22 2.1711e-14  26484.99 0 
 26470.46 2.1413e-14  26668.59 0 
 26715.37 2.0974e-14  26915.34 0 
 26900.57 2.0639e-14  27101.92 0 
 27087.02 2.0262e-14  27289.77 0 
 27274.80 1.9847e-14  27478.95 0 
 27527.15 1.9484e-14  27733.19 0 
 27717.98 1.9041e-14  27925.45 0 
 27910.09 1.8780e-14  28119.00 0 
 28103.57 1.8352e-14  28313.93 0 
 28298.36 1.8017e-14  28510.18 0 
 28494.54 1.7648e-14  28707.82 0 
 28692.04 1.7246e-14  28906.80 0 
 28890.94 1.6931e-14  29107.19 0 
 29091.19 1.6584e-14  29308.93 0 
 29292.82 1.6206e-14  29512.08 0 
 29495.89 1.5874e-14  29716.66 0 
 29700.33 1.5548e-14  29922.63 0 
 29906.22 1.5230e-14  30130.07 0 
 30113.50 1.4917e-14  30338.90 0 
 30322.26 1.4611e-14  30549.22 0 
 30532.43 1.4378e-14  30760.96 0 
 30673.35 1.4115e-14  30902.94 0 
 30885.98 1.3826e-14  31117.17 0 
 31100.06 1.3573e-14  31332.84 0 
 31315.65 1.3326e-14  31550.05 0 
 31532.71 1.3052e-14  31768.73 0 
 31678.28 1.2814e-14  31915.39 0 
 31897.85 1.2551e-14  32136.60 0 
 32118.97 1.2294e-14  32359.38 0 
 32267.22 1.2069e-14  32508.74 0 
 32490.86 1.1849e-14  32734.06 0 
 32716.10 1.1606e-14  32960.98 0 
 32867.10 1.1394e-14  33113.11 0 
 33094.91 1.1186e-14  33342.62 0 
 33324.33 1.0907e-14  33573.76 0 
 33478.14 1.0683e-14  33728.72 0 
 33710.22 1.0440e-14  33962.54 0 
 33865.80 1.0202e-14  34119.29 0 
 34100.53 9.9928e-15  34355.78 0 
 34336.93 9.7878e-15  34593.94 0 
 34495.41 9.6092e-15  34753.61 0 
 34734.54 9.3905e-15  34994.53 0 
 34894.85 9.1979e-15  35156.04 0 
 35136.72 9.0092e-15  35399.71 0 
 35298.93 8.8244e-15  35563.14 0 
 35461.85 8.6435e-15  35727.28 0 
 35707.68 8.4662e-15  35974.95 0 
 35872.49 8.2925e-15  36140.99 0 
 36121.13 8.1412e-15  36391.49 0 
 36287.88 7.9742e-15  36559.50 0 
 36539.40 7.7927e-15  36812.89 0 
 36708.04 7.6329e-15  36982.80 0 
 36877.51 7.4763e-15  37153.54 0 
 37133.11 7.3230e-15  37411.05 0 
 37304.50 7.1893e-15  37583.72 0 
 37476.72 7.0095e-15  37757.23 0 
 37736.48 6.8974e-15  38018.93 0 
 37910.65 6.7715e-15  38194.41 0 
 38085.66 6.6326e-15  38370.73 0 
 38261.45 6.5116e-15  38547.83 0 
 38526.69 6.3927e-15  38815.06 0 
 38704.50 6.2472e-15  38994.21 0 
 38883.14 6.1332e-15  39174.18 0 
 39062.60 6.0213e-15  39354.99 0 
 39333.40 5.9114e-15  39627.81 0 
 39514.94 5.7901e-15  39810.71 0 
 39697.36 5.6714e-15  39994.50 0 
 39880.58 5.5550e-15  40179.09 0 
 40064.65 5.4536e-15  40364.54 0 
 40342.39 5.3664e-15  40644.35 0 
 40528.59 5.2564e-15  40831.95 0 
 40715.65 5.1723e-15  41020.40 0 
 40903.57 5.0779e-15  41209.73 0 
 41092.40 4.9967e-15  41399.98 0 
 41282.06 4.9168e-15  41591.06 0 
 41472.60 4.8271e-15  41783.02 0 
 41664.06 4.7390e-15  41975.91 0 
 41856.35 4.6525e-15  42169.65 0 
 42146.47 4.5676e-15  42461.93 0 
 42341.04 4.5049e-15  42657.96 0 
 42536.46 4.4227e-15  42854.85 0 
 42732.79 4.3520e-15  43052.64 0 
 42930.07 4.1753e-15  43251.40 0 
 43128.21 3.9966e-15  43451.02 0 
 43327.27 3.9874e-15  43651.57 0 
 43527.29 3.8167e-15  43853.09 0 
 43728.19 3.7987e-15  44055.49 0 
 43930.01 3.7368e-15  44258.83 0 
 44132.77 3.6747e-15  44463.10 0 
 44336.51 3.6122e-15  44668.37 0 
 44541.14 3.5495e-15  44874.54 0 
 44746.72 3.4921e-15  45081.65 0 
 44849.92 3.4634e-15  45185.62 0 
 45056.92 3.4058e-15  45394.17 0 
 45264.88 3.3480e-15  45603.68 0 
 45473.79 3.2908e-15  45814.16 0 
 45683.73 3.2377e-15  46025.67 0 
 45894.58 3.1845e-15  46238.10 0 
 46106.40 3.1310e-15  46451.51 0 
 46319.25 3.0772e-15  46665.95 0 
 46533.04 3.0275e-15  46881.34 0 
 46747.81 2.9783e-15  47097.72 0 
 46855.57 2.9536e-15  47206.28 0 
 47071.88 2.9040e-15  47424.21 0 
 47289.14 2.8545e-15  47643.10 0 
 47507.40 2.8090e-15  47862.99 0 
 47726.72 2.7633e-15  48083.95 0 
 47947.00 2.7174e-15  48305.88 0 
 48057.52 2.6944e-15  48417.23 0 
 48279.33 2.6493e-15  48640.70 0 
 48502.21 2.6071e-15  48865.25 0 
 48726.07 2.5647e-15  49090.79 0 
 48950.97 2.5221e-15  49317.36 0 
 49063.80 2.5008e-15  49431.04 0 
 49290.30 2.4597e-15  49659.24 0 
 49517.80 2.4206e-15  49888.45 0 
 49746.35 2.3813e-15  50118.70 0 
 49861.08 2.3615e-15  50234.29 0 
 50091.20 2.3219e-15  50466.14 0 
 50322.40 2.2846e-15  50699.06 0 
 50554.66 2.2482e-15  50933.06 0 
 50671.25 2.2300e-15  51050.52 0 
 50788.05 2.2117e-15  51168.20 0 
 50905.12 2.1934e-15  51286.14 0 
 51022.46 2.1750e-15  51404.36 0 
 51140.07 2.1566e-15  51522.85 0 
 51257.95 2.1394e-15  51641.62 0 
 51376.16 2.1226e-15  51760.71 0 
 51494.59 2.1057e-15  51880.02 0 
 51613.28 2.0889e-15  51999.61 0 
 51732.26 2.0719e-15  52119.47 0 
 51851.50 2.0550e-15  52239.61 0 
 51971.02 2.0379e-15  52360.03 0 
 52090.82 2.0209e-15  52480.72 0 
 52210.95 2.0040e-15  52601.75 0 
 52331.30 1.9884e-15  52723.00 0 
 52451.93 1.9728e-15  52844.53 0 
 52572.83 1.9572e-15  52966.34 0 
 52694.02 1.9415e-15  53088.43 0 
 52815.48 1.9257e-15  53210.80 0 
 52937.28 1.9100e-15  53333.52 0 
 53059.31 1.8942e-15  53456.46 0 
 53181.61 1.8783e-15  53579.68 0 
 53304.20 1.8632e-15  53703.18 0 
 53427.07 1.8488e-15  53826.97 0 
 53550.22 1.8343e-15  53951.05 0 
 53673.66 1.8197e-15  54075.41 0 
 53797.44 1.8051e-15  54200.11 0 
 53921.45 1.7905e-15  54325.05 0 
 54045.74 1.7759e-15  54450.27 0 
 54170.32 1.7612e-15  54575.79 0 
 54295.19 1.7465e-15  54701.59 0 
 54420.34 1.7330e-15  54827.68 0 
 54545.78 1.7195e-15  54954.06 0 
 54671.58 1.7060e-15  55080.79 0 
 54797.60 1.6925e-15  55207.76 0 
 54923.91 1.6789e-15  55335.02 0 
 55050.51 1.6654e-15  55462.57 0 
 55177.41 1.6518e-15  55590.41 0 
 55304.60 1.6381e-15  55718.55 0 
 55432.14 1.6248e-15  55847.05 0 
 55559.91 1.6124e-15  55975.78 0 
 55687.98 1.5999e-15  56104.81 0 
 55816.35 1.5873e-15  56234.13 0 
 55945.01 1.5747e-15  56363.76 0 
 56073.97 1.5621e-15  56493.68 0 
 56203.22 1.5495e-15  56623.90 0 
 56332.83 1.5369e-15  56754.48 0 
 56462.69 1.5242e-15  56885.31 0 
 56592.84 1.5123e-15  57016.43 0 
 56723.29 1.5007e-15  57147.86 0 
 56854.04 1.4891e-15  57279.59 0 
 56985.09 1.4774e-15  57411.62 0 
 57116.51 1.4657e-15  57544.02 0 
 57248.17 1.4540e-15  57676.67 0 
 57380.13 1.4422e-15  57809.62 0 
 57512.39 1.4305e-15  57942.87 0 
 57644.96 1.4188e-15  58076.43 0 
 57777.84 1.4080e-15  58210.30 0 
 57911.02 1.3972e-15  58344.48 0 
 58044.57 1.3864e-15  58479.04 0 
 58178.37 1.3756e-15  58613.83 0 
 58312.47 1.3647e-15  58748.94 0 
 58446.89 1.3538e-15  58884.36 0 
 58581.61 1.3429e-15  59020.09 0 
 58716.65 1.3319e-15  59156.14 0 
 58851.99 1.3215e-15  59292.50 0 
 58987.72 1.3114e-15  59429.24 0 
 59123.69 1.3014e-15  59566.23 0 
 59259.97 1.2913e-15  59703.53 0 
 59396.57 1.2812e-15  59841.15 0 
 59533.48 1.2711e-15  59979.09 0 
 59670.71 1.2609e-15  60117.35 0 
 59808.32 1.2508e-15  60255.99 0 
 59946.19 1.2406e-15  60394.88 0 
 60084.37 1.2312e-15  60534.10 0 
 60222.86 1.2219e-15  60673.63 0 
 60361.68 1.2125e-15  60813.49 0 
 60500.82 1.2031e-15  60953.67 0 
 60640.28 1.1937e-15  61094.17 0 
 60780.12 1.1843e-15  61235.06 0 
 60920.23 1.1749e-15  61376.21 0 
 61060.65 1.1654e-15  61517.69 0 
 61201.40 1.1562e-15  61659.50 0 
 61342.48 1.1475e-15  61801.62 0 
 61483.88 1.1388e-15  61944.08 0 
 61625.67 1.1301e-15  62086.93 0 
 61767.72 1.1214e-15  62230.05 0 
 61910.10 1.1126e-15  62373.50 0 
 62052.80 1.1039e-15  62517.27 0 
 62195.84 1.0951e-15  62661.38 0 
 62339.21 1.0863e-15  62805.82 0 
 62482.90 1.0780e-15  62950.59 0 
 62627.00 1.0699e-15  63095.76 0 
 62771.36 1.0618e-15  63241.20 0 
 62916.05 1.0537e-15  63386.98 0 
 63061.08 1.0456e-15  63533.09 0 
 63206.44 1.0374e-15  63679.54 0 
 63352.13 1.0293e-15  63826.32 0 
 63498.24 1.0211e-15  63973.52 0 
 63644.60 1.0130e-15  64120.98 0 
 63791.31 1.0054e-15  64268.79 0 
 63938.35 9.9792e-16  64416.93 0 
 64085.73 9.9038e-16  64565.41 0 
 64233.45 9.8282e-16  64714.24 0 
 64381.52 9.7524e-16  64863.41 0 
 64529.99 9.6764e-16  65013.00 0 
 64678.74 9.6002e-16  65162.86 0 
 64827.83 9.5239e-16  65313.06 0 
 64977.26 9.4510e-16  65463.61 0 
 65127.04 9.3811e-16  65614.52 0 
 65277.16 9.3109e-16  65765.76 0 
 65427.63 9.2406e-16  65917.35 0 
 65578.51 9.1701e-16  66069.37 0 
 65729.68 9.0994e-16  66221.66 0 
 65881.19 9.0286e-16  66374.31 0 
 66033.06 8.9577e-16  66527.31 0 
 66185.26 8.8865e-16  66680.66 0 
 66337.82 8.8211e-16  66834.36 0 
 66490.81 8.7558e-16  66988.49 0 
 66644.08 8.6904e-16  67142.91 0 
 66797.70 8.6248e-16  67297.68 0 
 66951.67 8.5591e-16  67452.80 0 
 67106.00 8.4933e-16  67608.29 0 
 67260.68 8.4272e-16  67764.12 0 
 67415.72 8.3611e-16  67920.33 0 
 67571.19 8.2967e-16  68076.96 0 
 67726.95 8.2360e-16  68233.89 0 
 67883.07 8.1751e-16  68391.17 0 
 68039.54 8.1141e-16  68548.82 0 
 68196.38 8.0530e-16  68706.83 0 
 68353.58 7.9917e-16  68865.20 0 
 68511.21 7.9303e-16  69024.02 0 
 68669.14 7.8687e-16  69183.12 0 
 68827.42 7.8070e-16  69342.59 0 
 68986.07 7.7491e-16  69502.43 0 
 69145.09 7.6925e-16  69662.64 0 
 69304.47 7.6357e-16  69823.22 0 
 69464.22 7.5788e-16  69984.16 0 
 69624.42 7.5217e-16  70145.56 0 
 69784.91 7.4645e-16  70307.25 0 
 69945.77 7.4072e-16  70469.31 0 
 70107.00 7.3498e-16  70631.75 0 
 70268.60 7.2929e-16  70794.56 0 
 70430.58 7.2402e-16  70957.75 0 
 70593.00 7.1873e-16  71121.39 0 
 70755.72 7.1343e-16  71285.33 0 
 70918.82 7.0812e-16  71449.65 0 
 71082.29 7.0280e-16  71614.34 0 
 71246.14 6.9746e-16  71779.42 0 
 71410.37 6.9212e-16  71944.88 0 
 71574.98 6.8676e-16  72110.72 0 
 71740.04 6.8163e-16  72277.02 0 
 71905.41 6.7671e-16  72443.62 0 
 72071.16 6.7177e-16  72610.61 0 
 72237.28 6.6683e-16  72777.98 0 
 72403.79 6.6187e-16  72945.73 0 
 72570.69 6.5690e-16  73113.88 0 
 72737.97 6.5192e-16  73282.41 0 
 72905.71 6.4693e-16  73451.41 0 
 73073.77 6.4192e-16  73620.73 0 
 73242.21 6.3731e-16  73790.43 0 
 73411.04 6.3271e-16  73960.52 0 
 73580.26 6.2811e-16  74131.01 0 
 73749.87 6.2349e-16  74301.88 0 
 73919.94 6.1886e-16  74473.23 0 
 74090.33 6.1422e-16  74644.90 0 
 74261.12 6.0957e-16  74816.96 0 
 74432.30 6.0490e-16  74989.42 0 
 74603.86 6.0037e-16  75162.27 0 
 74775.83 5.9608e-16  75335.53 0 
 74948.20 5.9179e-16  75509.19 0 
 75121.04 5.8748e-16  75683.32 0 
 75294.20 5.8317e-16  75857.78 0 
 75467.76 5.7885e-16  76032.63 0 
 75641.72 5.7451e-16  76207.90 0 
 75816.08 5.7017e-16  76383.56 0 
 75990.84 5.6581e-16  76559.63 0 
 76166.08 5.6172e-16  76736.19 0 
 76341.65 5.5772e-16  76913.07 0 
 76517.62 5.5371e-16  77090.36 0 
 76694.01 5.4969e-16  77268.06 0 
 76870.79 5.4566e-16  77446.17 0 
 77047.98 5.4162e-16  77624.69 0 
 77225.58 5.3757e-16  77803.62 0 
 77403.68 5.3351e-16  77983.05 0 
 77582.10 5.2949e-16  78162.80 0 
 77760.94 5.2575e-16  78342.98 0 
 77940.18 5.2201e-16  78523.56 0 
 78119.84 5.1826e-16  78704.56 0 
 78299.91 5.1450e-16  78885.98 0 
 78480.39 5.1074e-16  79067.82 0 
 78661.38 5.0696e-16  79250.16 0 
 78842.71 5.0317e-16  79432.84 0 
 79024.44 4.9938e-16  79615.94 0 
 79206.60 4.9575e-16  79799.46 0 
 79389.18 4.9226e-16  79983.41 0 
 79572.18 4.8876e-16  80167.77 0 
 79755.68 4.8526e-16  80352.65 0 
 79939.52 4.8174e-16  80537.87 0 
 80123.79 4.7822e-16  80723.52 0 
 80308.48 4.7469e-16  80909.59 0 
 80493.60 4.7115e-16  81096.09 0 
 80679.14 4.6760e-16  81283.02 0 
 80865.11 4.6433e-16  81470.38 0 
 81051.60 4.6107e-16  81658.27 0 
 81238.43 4.5779e-16  81846.50 0 
 81425.69 4.5451e-16  82035.16 0 
 81613.38 4.5123e-16  82224.26 0 
 81801.50 4.4793e-16  82413.79 0 
 81990.06 4.4463e-16  82603.76 0 
 82179.15 4.4132e-16  82794.26 0 
 82368.57 4.3810e-16  82985.10 0 
 82558.44 4.3505e-16  83176.39 0 
 82748.74 4.3200e-16  83368.12 0 
 82939.49 4.2894e-16  83560.29 0 
 83130.67 4.2587e-16  83752.90 0 
 83322.29 4.2280e-16  83945.96 0 
 83514.45 4.1971e-16  84139.55 0 
 83706.95 4.1663e-16  84333.50 0 
 83899.90 4.1353e-16  84527.89 0 
 84093.30 4.1062e-16  84722.73 0 
 84287.14 4.0777e-16  84918.03 0 
 84481.43 4.0491e-16  85113.77 0 
 84676.25 4.0205e-16  85310.05 0 
 84871.44 3.9918e-16  85506.70 0 
 85067.08 3.9630e-16  85703.80 0 
 85263.16 3.9342e-16  85901.35 0 
 85459.70 3.9052e-16  86099.37 0 
 85656.69 3.8766e-16  86297.83 0 
 85854.13 3.8500e-16  86496.75 0 
 86052.13 3.8233e-16  86696.23 0 
 86250.49 3.7965e-16  86896.07 0 
 86449.29 3.7697e-16  87096.37 0 
 86648.57 3.7429e-16  87297.13 0 
 86848.30 3.7159e-16  87498.36 0 
 87048.49 3.6889e-16  87700.05 0 
 87249.14 3.6619e-16  87902.20 0 
 87450.36 3.6360e-16  88104.92 0 
 87651.93 3.6110e-16  88308.01 0 
 87853.98 3.5861e-16  88511.57 0 
 88056.49 3.5610e-16  88715.59 0 
 88259.46 3.5359e-16  88920.09 0 
 88462.91 3.5108e-16  89125.05 0 
 88666.92 3.4855e-16  89330.59 0 
 88871.31 3.4602e-16  89536.51 0 
 89076.16 3.4349e-16  89742.89 0 
 89281.49 3.4115e-16  89949.76 0 
 89487.29 3.3881e-16  90157.10 0 
 89693.56 3.3647e-16  90364.91 0 
 89900.31 3.3413e-16  90573.21 0 
 90107.64 3.3178e-16  90782.09 0 
 90315.34 3.2942e-16  90991.35 0 
 90523.53 3.2706e-16  91201.09 0 
 90732.19 3.2469e-16  91411.32 0 
 90941.33 3.2238e-16  91622.02 0 
 91150.95 3.2020e-16  91833.22 0 
 91361.17 3.1801e-16  92045.01 0 
 91571.76 3.1582e-16  92257.17 0 
 91782.84 3.1362e-16  92469.84 0 
 91994.41 3.1142e-16  92682.98 0 
 92206.46 3.0921e-16  92896.62 0 
 92419.00 3.0700e-16  93110.76 0 
 92632.03 3.0478e-16  93325.38 0 
 92845.66 3.0269e-16  93540.61 0 
 93059.67 3.0064e-16  93756.23 0 
 93274.19 2.9859e-16  93972.34 0 
 93489.19 2.9654e-16  94188.95 0 
 93704.69 2.9448e-16  94406.07 0 
 93920.68 2.9241e-16  94623.68 0 
 94137.28 2.9034e-16  94841.90 0 
 94354.27 2.8827e-16  95060.52 0 
 94571.76 2.8622e-16  95279.63 0 
 94789.76 2.8430e-16  95499.27 0 
 95008.26 2.8238e-16  95719.40 0 
 95227.26 2.8046e-16  95940.04 0 
 95446.77 2.7854e-16  96161.19 0 
 95666.88 2.7660e-16  96382.95 0 
 95887.40 2.7467e-16  96605.12 0 
 96108.43 2.7273e-16  96827.80 0 
 96329.96 2.7078e-16  97050.99 0 
 96552.01 2.6892e-16  97274.70 0 
 96774.57 2.6713e-16  97498.93 0 
 96997.64 2.6533e-16  97723.67 0 
 97221.34 2.6352e-16  97949.04 0 
 97445.44 2.6172e-16  98174.82 0 
 97670.06 2.5991e-16  98401.12 0 
 97895.19 2.5809e-16  98627.94 0 
 98120.85 2.5627e-16  98855.28 0 
 98347.02 2.5445e-16  99083.15 0 
 98573.83 2.5276e-16  99311.66 0 
 98801.05 2.5108e-16  99540.58 0 
 99028.79 2.4939e-16  99770.02 0 
 99257.06 2.4770e-16 100000.00 0 
 99485.86 2.4600e-16 100230.51 0 
 99715.18 2.4430e-16 100461.55 0 
 99945.03 2.4260e-16 100693.12 0 
100175.52 2.4089e-16 100925.34 0 
100406.43 2.3923e-16 101157.97 0 
100637.87 2.3765e-16 101391.15 0 
100869.85 2.3607e-16 101624.86 0 
101102.37 2.3449e-16 101859.12 0 
101335.41 2.3290e-16 102093.91 0 
101569.11 2.3131e-16 102329.35 0 
101803.23 2.2972e-16 102565.23 0 
102037.89 2.2812e-16 102801.65 0 
102273.10 2.2652e-16 103038.62 0 
102508.85 2.2501e-16 103276.12 0 
102745.14 2.2353e-16 103514.19 0 
102981.97 2.2205e-16 103752.79 0 
103219.46 2.2056e-16 103992.06 0 
103457.39 2.1907e-16 104231.77 0 
103695.87 2.1758e-16 104472.03 0 
103934.90 2.1608e-16 104712.85 0 
104174.47 2.1458e-16 104954.22 0 
104414.61 2.1310e-16 105196.15 0 
104655.29 2.1171e-16 105438.63 0 
104896.64 2.1032e-16 105681.79 0 
105138.44 2.0893e-16 105925.40 0 
105380.79 2.0753e-16 106169.56 0 
105623.70 2.0614e-16 106414.29 0 
105867.17 2.0473e-16 106659.59 0 
106111.20 2.0333e-16 106905.44 0 
106355.91 2.0192e-16 107151.98 0 
106601.07 2.0057e-16 107398.98 0 
106846.79 1.9927e-16 107646.54 0 
107093.08 1.9796e-16 107894.67 0 
107339.94 1.9666e-16 108143.38 0 
107587.36 1.9535e-16 108392.66 0 
107835.36 1.9403e-16 108642.51 0 
108084.05 1.9272e-16 108893.05 0 
108333.19 1.9140e-16 109144.06 0 
108582.91 1.9007e-16 109395.65 0 
108833.20 1.8885e-16 109647.81 0 
109084.06 1.8763e-16 109900.55 0 
109335.51 1.8640e-16 110153.88 0 
109587.66 1.8517e-16 110407.92 0 
109840.26 1.8394e-16 110662.41 0 
110093.45 1.8271e-16 110917.50 0 
110347.22 1.8147e-16 111173.17 0 
110601.58 1.8023e-16 111429.44 0 
110856.53 1.7902e-16 111686.29 0 
111112.06 1.7787e-16 111943.73 0 
111368.31 1.7672e-16 112201.90 0 
111625.02 1.7557e-16 112460.53 0 
111882.32 1.7442e-16 112719.76 0 
112140.22 1.7326e-16 112979.59 0 
112398.70 1.7210e-16 113240.01 0 
112657.80 1.7094e-16 113501.04 0 
112917.60 1.6977e-16 113762.79 0 
113177.89 1.6867e-16 114025.02 0 
113438.77 1.6760e-16 114287.86 0 
113700.25 1.6652e-16 114551.30 0 
113962.34 1.6543e-16 114815.34 0 
114225.03 1.6435e-16 115080.01 0 
114488.33 1.6326e-16 115345.27 0 
114752.36 1.6217e-16 115611.28 0 
115016.87 1.6108e-16 115877.77 0 
115281.99 1.5999e-16 116144.88 0 
115547.73 1.5898e-16 116412.60 0 
115814.07 1.5797e-16 116680.94 0 
116081.03 1.5695e-16 116949.90 0 
116348.61 1.5594e-16 117219.48 0 
116616.93 1.5492e-16 117489.80 0 
116885.74 1.5389e-16 117760.62 0 
117155.16 1.5287e-16 118032.07 0 
117425.21 1.5184e-16 118304.14 0 
117695.89 1.5085e-16 118576.84 0 
117967.19 1.4990e-16 118850.17 0 
118239.24 1.4895e-16 119124.26 0 
118511.79 1.4799e-16 119398.85 0 
118784.96 1.4704e-16 119674.07 0 
119058.77 1.4608e-16 119949.93 0 
119333.21 1.4511e-16 120226.42 0 
119608.29 1.4415e-16 120503.55 0 
119883.99 1.4318e-16 120781.32 0 
120160.47 1.4229e-16 121059.87 0 
120437.44 1.4139e-16 121338.91 0 
120715.06 1.4049e-16 121618.61 0 
120993.32 1.3959e-16 121898.95 0 
121272.21 1.3869e-16 122179.94 0 
121551.76 1.3779e-16 122461.57 0 
121832.07 1.3689e-16 122743.98 0 
122112.91 1.3598e-16 123026.92 0 
122394.39 1.3509e-16 123310.51 0 
122676.51 1.3425e-16 123594.74 0 
122959.29 1.3341e-16 123879.64 0 
123242.72 1.3257e-16 124165.20 0 
123526.80 1.3172e-16 124451.40 0 
123811.68 1.3087e-16 124738.41 0 
124097.07 1.3002e-16 125025.94 0 
124383.13 1.2917e-16 125314.13 0 
124669.84 1.2832e-16 125602.99 0 
124957.21 1.2751e-16 125892.52 0 
125245.24 1.2672e-16 126182.70 0 
125534.08 1.2592e-16 126473.70 0 
125823.45 1.2513e-16 126765.23 0 
126113.48 1.2433e-16 127057.44 0 
126404.18 1.2353e-16 127350.31 0 
126695.55 1.2273e-16 127643.87 0 
126987.59 1.2193e-16 127938.09 0 
127280.31 1.2114e-16 128233.00 0 
127573.84 1.2039e-16 128528.73 0 
127867.90 1.1965e-16 128824.99 0 
128162.65 1.1890e-16 129121.95 0 
128458.07 1.1815e-16 129419.58 0 
128754.17 1.1740e-16 129717.90 0 
129050.97 1.1665e-16 130016.91 0 
129348.44 1.1590e-16 130316.61 0 
129646.73 1.1514e-16 130617.14 0 
129945.58 1.1442e-16 130918.23 0 
130245.12 1.1372e-16 131220.00 0 
130545.34 1.1301e-16 131522.47 0 
130846.26 1.1231e-16 131825.64 0 
131147.86 1.1161e-16 132129.50 0 
131450.31 1.1090e-16 132434.22 0 
131753.31 1.1019e-16 132739.48 0 
132057.02 1.0948e-16 133045.47 0 
132361.42 1.0877e-16 133352.14 0 
132666.52 1.0811e-16 133659.53 0 
132972.33 1.0745e-16 133967.62 0 
133278.83 1.0679e-16 134276.42 0 
133586.20 1.0612e-16 134586.09 0 
133894.13 1.0546e-16 134896.33 0 
134202.76 1.0479e-16 135207.27 0 
134512.11 1.0412e-16 135518.94 0 
134822.17 1.0346e-16 135831.31 0 
135132.94 1.0280e-16 136144.41 0 
135444.59 1.0218e-16 136458.39 0 
135756.80 1.0156e-16 136772.94 0 
136069.72 1.0094e-16 137088.20 0 
136383.37 1.0031e-16 137404.20 0 
136697.74 9.9686e-17 137720.92 0 
137012.85 9.9058e-17 138038.39 0 
137328.67 9.8429e-17 138356.58 0 
137645.37 9.7798e-17 138675.64 0 
137962.65 9.7202e-17 138995.30 0 
138280.67 9.6617e-17 139315.70 0 
138599.41 9.6030e-17 139636.83 0 
138918.90 9.5442e-17 139958.70 0 
139239.11 9.4853e-17 140281.31 0 
139560.06 9.4263e-17 140604.67 0 
139881.92 9.3671e-17 140928.94 0 
140204.35 9.3078e-17 141253.78 0 
140527.54 9.2489e-17 141579.39 0 
140851.46 9.1939e-17 141905.73 0 
141176.14 9.1387e-17 142232.84 0 
141501.56 9.0834e-17 142560.70 0 
141827.89 9.0279e-17 142889.47 0 
142154.80 8.9724e-17 143218.83 0 
142482.49 8.9167e-17 143548.97 0 
142810.92 8.8609e-17 143879.86 0 
143140.11 8.8049e-17 144211.52 0 
143470.05 8.7511e-17 144543.92 0 
143800.76 8.6992e-17 144877.11 0 
144132.39 8.6471e-17 145211.22 0 
144464.62 8.5949e-17 145545.94 0 
144797.63 8.5426e-17 145881.44 0 
145131.39 8.4902e-17 146217.70 0 
145465.94 8.4377e-17 146554.75 0 
145801.24 8.3850e-17 146892.56 0 
146137.49 8.3322e-17 147231.33 0 
146474.34 8.2830e-17 147570.70 0 
146811.97 8.2340e-17 147910.86 0 
147150.39 8.1849e-17 148251.81 0 
147489.59 8.1357e-17 148593.55 0 
147829.56 8.0863e-17 148936.06 0 
148170.32 8.0368e-17 149279.38 0 
148512.01 7.9872e-17 149623.62 0 
148854.36 7.9375e-17 149968.53 0 
149197.48 7.8890e-17 150314.22 0 
149541.39 7.8428e-17 150660.70 0 
149886.09 7.7966e-17 151007.98 0 
150231.58 7.7502e-17 151356.06 0 
150578.05 7.7037e-17 151705.12 0 
150925.14 7.6571e-17 152054.81 0 
151273.03 7.6104e-17 152405.31 0 
151621.72 7.5636e-17 152756.61 0 
151971.21 7.5167e-17 153108.72 0 
152321.53 7.4723e-17 153461.66 0 
152672.64 7.4287e-17 153815.39 0 
153024.72 7.3850e-17 154170.11 0 
153377.45 7.3412e-17 154525.48 0 
153731.01 7.2973e-17 154881.69 0 
154085.37 7.2533e-17 155238.70 0 
154440.54 7.2092e-17 155596.53 0 
154796.54 7.1650e-17 155955.19 0 
155153.36 7.1211e-17 156314.69 0 
155511.17 7.0801e-17 156675.17 0 
155869.63 7.0389e-17 157036.31 0 
156228.92 6.9976e-17 157398.30 0 
156589.04 6.9563e-17 157761.11 0 
156949.99 6.9148e-17 158124.77 0 
157311.77 6.8732e-17 158489.25 0 
157674.56 6.8316e-17 158854.75 0 
158038.01 6.7898e-17 159220.92 0 
158402.30 6.7497e-17 159587.94 0 
158767.42 6.7109e-17 159955.80 0 
159133.40 6.6720e-17 160324.52 0 
159500.20 6.6330e-17 160694.06 0 
159867.87 6.5939e-17 161064.48 0 
160236.55 6.5547e-17 161435.92 0 
160605.91 6.5154e-17 161808.05 0 
160976.12 6.4761e-17 162181.03 0 
161347.18 6.4366e-17 162554.86 0 
161719.10 6.3999e-17 162929.56 0 
162091.87 6.3632e-17 163305.12 0 
162465.68 6.3264e-17 163681.73 0 
162840.17 6.2896e-17 164059.03 0 
163215.53 6.2526e-17 164437.20 0 
163591.75 6.2156e-17 164816.23 0 
163968.85 6.1785e-17 165196.16 0 
164346.80 6.1413e-17 165576.94 0 
164725.64 6.1050e-17 165958.61 0 
165105.53 6.0703e-17 166341.34 0 
165486.10 6.0357e-17 166724.77 0 
165867.56 6.0009e-17 167109.08 0 
166249.90 5.9661e-17 167494.28 0 
166633.11 5.9312e-17 167880.36 0 
167017.22 5.8962e-17 168267.34 0 
167402.38 5.8611e-17 168655.39 0 
167788.26 5.8259e-17 169044.16 0 
168175.02 5.7926e-17 169433.81 0 
168562.68 5.7599e-17 169824.38 0 
168951.23 5.7271e-17 170215.83 0 
169340.67 5.6942e-17 170608.19 0 
169731.02 5.6613e-17 171001.45 0 
170122.45 5.6282e-17 171395.81 0 
170514.59 5.5951e-17 171790.89 0 
170907.63 5.5620e-17 172186.88 0 
171301.59 5.5291e-17 172583.78 0 
171696.46 5.4982e-17 172981.61 0 
172092.23 5.4672e-17 173380.34 0 
172488.90 5.4362e-17 173779.98 0 
172886.69 5.4051e-17 174180.75 0 
173285.21 5.3740e-17 174582.25 0 
173684.66 5.3427e-17 174984.69 0 
174085.00 5.3114e-17 175388.03 0 
174486.28 5.2800e-17 175792.31 0 
174888.49 5.2498e-17 176197.53 0 
175291.82 5.2206e-17 176603.88 0 
175695.87 5.1913e-17 177010.95 0 
176100.87 5.1620e-17 177418.98 0 
176506.78 5.1326e-17 177827.94 0 
176913.65 5.1031e-17 178237.84 0 
177321.45 5.0735e-17 178648.70 0 
177730.19 5.0439e-17 179060.50 0 
178140.06 5.0142e-17 179473.44 0 
178550.69 4.9865e-17 179887.14 0 
178962.26 4.9588e-17 180301.80 0 
179374.79 4.9311e-17 180717.41 0 
179788.25 4.9033e-17 181133.97 0 
180202.68 4.8755e-17 181551.50 0 
180618.26 4.8476e-17 181970.19 0 
181034.60 4.8196e-17 182389.64 0 
181451.90 4.7916e-17 182810.06 0 
181870.16 4.7642e-17 183231.45 0 
182289.38 4.7380e-17 183653.81 0 
182709.56 4.7119e-17 184077.14 0 
183130.72 4.6856e-17 184501.45 0 
183553.06 4.6593e-17 184926.95 0 
183976.16 4.6330e-17 185353.22 0 
184400.23 4.6065e-17 185780.47 0 
184825.29 4.5801e-17 186208.70 0 
185251.33 4.5535e-17 186637.94 0 
185678.34 4.5283e-17 187068.14 0 
186106.34 4.5036e-17 187499.34 0 
186535.53 4.4788e-17 187931.75 0 
186965.52 4.4540e-17 188364.95 0 
187396.48 4.4290e-17 188799.14 0 
187828.45 4.4041e-17 189234.34 0 
188261.39 4.3791e-17 189670.53 0 
188695.37 4.3540e-17 190107.75 0 
189130.51 4.3291e-17 190546.16 0 
189566.49 4.3057e-17 190985.39 0 
190003.45 4.2823e-17 191425.62 0 
190441.42 4.2588e-17 191866.88 0 
190880.40 4.2353e-17 192309.14 0 
191320.39 4.2117e-17 192752.42 0 
191761.40 4.1880e-17 193196.73 0 
192203.64 4.1643e-17 193642.28 0 
192646.68 4.1406e-17 194088.64 0 
193090.75 4.1177e-17 194536.03 0 
193535.82 4.0955e-17 194984.44 0 
193981.94 4.0733e-17 195433.89 0 
194429.09 4.0511e-17 195884.39 0 
194877.47 4.0288e-17 196336.12 0 
195326.68 4.0064e-17 196788.70 0 
195776.92 3.9840e-17 197242.31 0 
196228.20 3.9615e-17 197696.97 0 
196680.52 3.9390e-17 198152.67 0 
197133.87 3.9180e-17 198609.42 0 
197588.29 3.8970e-17 199067.23 0 
198043.95 3.8759e-17 199526.31 0 
198500.46 3.8548e-17 199986.23 0 
198958.02 3.8337e-17 200447.22 0 
199416.63 3.8125e-17 200909.27 0 
199876.30 3.7913e-17 201372.38 0 
200337.04 3.7700e-17 201836.56 0 
200799.05 3.7492e-17 202302.03 0 
201261.90 3.7293e-17 202768.34 0 
201725.82 3.7094e-17 203235.73 0 
202190.82 3.6894e-17 203704.22 0 
202656.88 3.6694e-17 204173.77 0 
203124.02 3.6494e-17 204644.41 0 
203592.24 3.6293e-17 205116.12 0 
204061.75 3.6092e-17 205589.16 0 
204532.12 3.5890e-17 206063.05 0 
205003.59 3.5698e-17 206538.05 0 
205476.14 3.5510e-17 207014.12 0 
205949.78 3.5321e-17 207491.31 0 
206424.51 3.5132e-17 207969.59 0 
206900.34 3.4942e-17 208448.98 0 
207377.48 3.4752e-17 208929.70 0 
207855.50 3.4562e-17 209411.30 0 
208334.62 3.4371e-17 209894.00 0 
208814.85 3.4181e-17 210377.83 0 
209296.17 3.4003e-17 210862.75 0 
209778.62 3.3824e-17 211348.81 0 
210262.40 3.3645e-17 211836.22 0 
210747.07 3.3466e-17 212324.52 0 
211232.86 3.3286e-17 212813.94 0 
211719.76 3.3105e-17 213304.48 0 
212207.80 3.2925e-17 213796.17 0 
212696.95 3.2744e-17 214288.98 0 
213187.23 3.2569e-17 214782.94 0 
213678.88 3.2400e-17 215278.27 0 
214171.43 3.2230e-17 215774.50 0 
214665.11 3.2060e-17 216271.88 0 
215159.92 3.1890e-17 216770.39 0 
215655.88 3.1719e-17 217270.06 0 
216152.99 3.1548e-17 217770.89 0 
216651.47 3.1376e-17 218273.11 0 
217150.86 3.1205e-17 218776.23 0 
217651.41 3.1044e-17 219280.53 0 
218153.11 3.0883e-17 219785.98 0 
218655.97 3.0722e-17 220292.61 0 
219159.99 3.0561e-17 220800.41 0 
219665.17 3.0399e-17 221309.36 0 
220171.75 3.0237e-17 221819.73 0 
220679.26 3.0075e-17 222331.05 0 
221187.96 2.9912e-17 222843.55 0 
221697.80 2.9753e-17 223357.20 0 
222208.83 2.9601e-17 223872.06 0 
222721.04 2.9448e-17 224388.11 0 
223234.67 2.9295e-17 224905.58 0 
223749.24 2.9142e-17 225424.00 0 
224265.00 2.8989e-17 225943.62 0 
224781.94 2.8835e-17 226464.44 0 
225300.08 2.8681e-17 226986.45 0 
225819.41 2.8526e-17 227509.67 0 
226339.95 2.8379e-17 228034.11 0 
226861.92 2.8235e-17 228559.98 0 
227384.85 2.8090e-17 229086.83 0 
227908.99 2.7945e-17 229614.89 0 
228434.34 2.7799e-17 230144.17 0 
228960.90 2.7654e-17 230674.67 0 
229488.67 2.7508e-17 231206.39 0 
230017.66 2.7361e-17 231739.34 0 
230548.13 2.7216e-17 232273.78 0 
231079.56 2.7079e-17 232809.19 0 
231612.21 2.6942e-17 233345.83 0 
232146.09 2.6804e-17 233883.70 0 
232681.19 2.6666e-17 234422.81 0 
233217.55 2.6528e-17 234963.19 0 
233755.39 2.6390e-17 235505.05 0 
234294.21 2.6251e-17 236047.91 0 
234834.28 2.6112e-17 236592.02 0 
235375.59 2.5977e-17 237137.38 0 
235918.14 2.5847e-17 237683.98 0 
236461.96 2.5717e-17 238231.88 0 
237007.02 2.5586e-17 238781.02 0 
237553.58 2.5455e-17 239331.67 0 
238101.17 2.5324e-17 239883.36 0 
238650.00 2.5192e-17 240436.30 0 
239200.12 2.5060e-17 240990.53 0 
239751.49 2.4928e-17 241546.03 0 
240304.14 2.4804e-17 242102.81 0 
240858.32 2.4681e-17 242661.14 0 
241413.50 2.4557e-17 243220.48 0 
241969.98 2.4433e-17 243781.12 0 
242527.74 2.4308e-17 244343.06 0 
243086.79 2.4183e-17 244906.30 0 
243647.11 2.4058e-17 245470.81 0 
244208.74 2.3933e-17 246036.64 0 
244771.93 2.3810e-17 246604.05 0 
245336.14 2.3693e-17 247172.48 0 
245901.66 2.3575e-17 247742.23 0 
246468.48 2.3457e-17 248313.30 0 
247036.60 2.3339e-17 248885.67 0 
247606.04 2.3221e-17 249459.38 0 
248176.80 2.3102e-17 250034.41 0 
248749.13 2.2983e-17 250611.02 0 
249322.52 2.2864e-17 251188.70 0 
249897.22 2.2751e-17 251767.70 0 
255717.94 2.1640e-17 257631.98 0 
261674.52 2.0592e-17 263633.16 0 
267769.84 1.9601e-17 269774.09 0 
274006.84 1.8665e-17 276057.78 0 
280389.41 1.7781e-17 282488.12 0 
286920.37 1.6948e-17 289067.97 0 
293603.75 1.6164e-17 295801.38 0 
300442.50 1.5423e-17 302691.31 0 
307440.87 1.4721e-17 309742.06 0 
314601.89 1.4057e-17 316956.69 0 
321930.07 1.3428e-17 324339.72 0 
329428.60 1.2833e-17 331894.38 0 
337102.17 1.2273e-17 339625.38 0 
344954.08 2.7145e-17 347536.06 0 
