# An Atlas of Galaxy Spectral Energy Distributions from the Ultraviolet to the Mid-Infrared
# Brown et al. (2014)
# http://dx.doi.org/10.5072/03/529D3551F0117
# 
# Column 1 : Restframe Wavelength (Angstrom)
# Column 2 : Flux per unit wavelength (ergs/s/cm^2/Angstrom)
# Column 3 : Observed wavelength (Angstrom)
# Column 4 : Source (0 = model, 1 = Optical Spectrum, 2 = Akari, 3 = Spitzer IRS)
# 
   100.08 6.9659e-21    100.23 0 
   101.94 9.9536e-21    102.09 0 
   104.07 1.3001e-20    104.23 0 
   106.01 1.7218e-20    106.17 0 
   107.98 2.3280e-20    108.14 0 
   109.98 3.5317e-20    110.15 0 
   114.11 5.6752e-20    114.29 0 
   118.12 8.5502e-20    118.30 0 
   120.87 3.3805e-19    121.06 0 
   125.12 4.6664e-19    125.31 0 
   126.86 5.3331e-19    127.06 0 
   128.03 5.7807e-19    128.23 0 
   131.02 6.9021e-19    131.22 0 
   131.92 8.3364e-19    132.13 0 
   134.07 9.3106e-19    134.28 0 
   136.88 1.2589e-18    137.09 0 
   140.06 1.4689e-18    140.28 0 
   143.00 4.4155e-18    143.22 0 
   147.00 1.2105e-17    147.23 0 
   151.12 1.3995e-17    151.36 0 
   155.00 1.6292e-17    155.24 0 
   158.97 1.8923e-17    159.22 0 
   161.93 2.0988e-17    162.18 0 
   166.08 2.4433e-17    166.34 0 
   169.95 2.7732e-17    170.22 0 
   173.11 3.0548e-17    173.38 0 
   177.14 3.4354e-17    177.42 0 
   180.02 3.7495e-17    180.30 0 
   182.11 3.9717e-17    182.39 0 
   185.92 4.4359e-17    186.21 0 
   191.13 5.0580e-17    191.43 0 
   193.79 5.4951e-17    194.09 0 
   197.85 6.0392e-17    198.15 0 
   201.99 6.6677e-17    202.30 0 
   204.80 7.1611e-17    205.12 0 
   210.05 7.6380e-17    210.38 0 
   215.94 9.0778e-17    216.27 0 
   219.95 9.8850e-17    220.29 0 
   223.01 1.0375e-16    223.36 0 
   227.16 1.1297e-16    227.51 0 
   229.79 1.7660e-16    230.14 0 
   234.06 3.1331e-16    234.42 0 
   240.06 4.0085e-16    240.44 0 
   246.22 3.9901e-16    246.60 0 
   251.96 4.4155e-16    252.35 0 
   257.23 3.8813e-16    257.63 0 
   260.21 4.5288e-16    260.62 0 
   263.83 4.8638e-16    264.24 0 
   268.74 5.0116e-16    269.15 0 
   273.73 5.1520e-16    274.16 0 
   278.82 5.2842e-16    279.25 0 
   284.01 5.4197e-16    284.45 0 
   289.95 5.3331e-16    290.40 0 
   296.02 5.5844e-16    296.48 0 
   300.83 5.6621e-16    301.30 0 
   307.84 5.8881e-16    308.32 0 
   317.93 6.2370e-16    318.42 0 
   328.34 6.4562e-16    328.85 0 
   338.32 6.6066e-16    338.84 0 
   347.80 6.7294e-16    348.34 0 
   356.72 6.8545e-16    357.27 0 
   365.87 6.9820e-16    366.44 0 
   375.26 7.0628e-16    375.84 0 
   384.88 6.9339e-16    385.48 0 
   394.75 7.1941e-16    395.37 0 
   404.88 7.2774e-16    405.51 0 
   414.31 7.2942e-16    414.95 0 
   422.01 7.2774e-16    422.67 0 
   429.86 7.2774e-16    430.53 0 
   440.89 7.3110e-16    441.57 0 
   451.16 7.2440e-16    451.86 0 
   459.54 7.2273e-16    460.26 0 
   470.25 7.1941e-16    470.98 0 
   480.09 7.1941e-16    480.84 0 
   490.15 7.0791e-16    490.91 0 
   500.41 7.0954e-16    501.19 0 
   506.21 7.0304e-16    506.99 0 
   512.07 7.2107e-16    512.86 0 
   520.39 7.1611e-16    521.19 0 
   530.06 7.0628e-16    530.88 0 
   539.92 6.8862e-16    540.75 0 
   549.95 6.8231e-16    550.81 0 
   560.18 6.8703e-16    561.05 0 
   570.59 6.8862e-16    571.48 0 
   579.86 6.7449e-16    580.76 0 
   590.65 6.7449e-16    591.56 0 
   600.24 6.5611e-16    601.17 0 
   610.00 5.9017e-16    610.94 0 
   619.91 6.5611e-16    620.87 0 
   629.98 6.4414e-16    630.96 0 
   640.22 6.4266e-16    641.21 0 
   650.62 6.3384e-16    651.63 0 
   658.15 6.2370e-16    659.17 0 
   664.24 6.2803e-16    665.27 0 
   675.04 6.2227e-16    676.08 0 
   684.43 6.0114e-16    685.49 0 
   695.55 6.1232e-16    696.63 0 
   705.22 5.8881e-16    706.32 0 
   716.68 6.0253e-16    717.79 0 
   726.65 5.9701e-16    727.78 0 
   735.07 5.9290e-16    736.21 0 
   745.29 5.8746e-16    746.45 0 
   755.66 5.8207e-16    756.83 0 
   764.41 5.4073e-16    765.60 0 
   775.05 5.7541e-16    776.25 0 
   785.83 5.6621e-16    787.05 0 
   794.93 5.6752e-16    796.16 0 
   804.13 5.6621e-16    805.38 0 
   815.32 5.6231e-16    816.58 0 
   824.76 5.6491e-16    826.04 0 
   834.31 5.1877e-16    835.60 0 
   845.92 5.5332e-16    847.23 0 
   855.71 5.4825e-16    857.04 0 
   865.62 5.4951e-16    866.96 0 
   875.64 5.5332e-16    877.00 0 
   885.78 5.5716e-16    887.16 0 
   893.98 5.5844e-16    895.36 0 
   904.33 5.5078e-16    905.73 0 
   914.80 6.9981e-16    916.22 0 
   925.39 2.2593e-15    926.83 0 
   933.96 4.4257e-15    935.41 0 
   944.77 7.9246e-15    946.24 0 
   955.71 1.1015e-14    957.19 0 
   964.55 1.2330e-14    966.05 0 
   975.72 2.5002e-15    977.24 0 
   984.75 1.0447e-14    986.28 0 
   993.86 1.1091e-14    995.41 0 
  1005.37 1.6106e-14   1006.93 0 
  1014.67 1.5559e-14   1016.25 0 
  1024.06 6.8703e-15   1025.65 0 
  1035.92 1.0990e-14   1037.53 0 
  1045.51 2.0892e-14   1047.13 0 
  1055.18 2.0511e-14   1056.82 0 
  1064.94 1.6180e-14   1066.60 0 
  1074.80 1.9274e-14   1076.47 0 
  1084.74 1.5135e-14   1086.43 0 
  1094.78 2.0276e-14   1096.48 0 
  1104.91 1.9497e-14   1106.62 0 
  1115.13 1.8706e-14   1116.86 0 
  1125.45 1.6787e-14   1127.20 0 
  1135.87 2.1428e-14   1137.63 0 
  1143.74 1.9453e-14   1145.51 0 
  1154.32 2.0748e-14   1156.11 0 
  1165.00 2.1379e-14   1166.81 0 
  1175.78 1.4756e-14   1177.61 0 
  1183.93 2.0748e-14   1185.77 0 
  1194.89 1.4190e-14   1196.74 0 
  1205.94 1.0209e-14   1207.81 0 
  1214.30 6.8703e-15   1216.19 0 
  1225.54 1.4060e-14   1227.44 0 
  1234.03 2.1379e-14   1235.95 0 
  1245.45 2.3604e-14   1247.38 0 
  1254.08 2.2489e-14   1256.03 0 
  1265.69 1.9230e-14   1267.65 0 
  1274.46 2.5118e-14   1276.44 0 
  1286.25 2.6362e-14   1288.25 0 
  1295.17 2.0700e-14   1297.18 0 
  1304.15 2.0369e-14   1306.17 0 
  1316.21 2.5762e-14   1318.26 0 
  1325.34 2.4602e-14   1327.39 0 
  1334.53 2.1676e-14   1336.60 0 
  1343.78 2.6000e-14   1345.86 0 
  1356.21 2.5176e-14   1358.31 0 
  1365.61 2.2386e-14   1367.73 0 
  1375.08 2.3604e-14   1377.21 0 
  1384.61 2.3822e-14   1386.76 0 
  1394.21 2.0748e-14   1396.37 0 
  1403.87 2.1527e-14   1406.05 0 
  1413.60 2.1978e-14   1415.79 0 
  1423.40 2.2645e-14   1425.61 0 
  1436.57 2.2438e-14   1438.80 0 
  1443.20 2.3767e-14   1445.44 0 
  1446.53 2.4209e-14   1448.77 0 
  1456.56 2.3441e-14   1458.81 0 
  1466.65 2.1576e-14   1468.93 0 
  1473.42 2.1477e-14   1475.71 0 
  1483.63 2.1927e-14   1485.94 0 
  1493.92 2.2335e-14   1496.24 0 
  1504.27 2.1085e-14   1506.61 0 
  1511.22 1.8706e-14   1513.56 0 
  1518.19 2.0090e-14   1520.55 0 
  1525.20 1.9408e-14   1527.57 0 
  1535.77 1.6826e-14   1538.15 0 
  1546.42 1.8620e-14   1548.82 0 
  1553.56 1.7538e-14   1555.97 0 
  1564.32 1.7823e-14   1566.75 0 
  1575.17 1.9054e-14   1577.61 0 
  1586.09 2.0044e-14   1588.55 0 
  1593.41 2.0463e-14   1595.88 0 
  1604.45 2.0044e-14   1606.94 0 
  1615.57 2.0090e-14   1618.08 0 
  1626.77 1.8923e-14   1629.30 0 
  1634.28 2.0183e-14   1636.82 0 
  1645.61 2.0511e-14   1648.16 0 
  1653.21 1.8836e-14   1655.77 0 
  1664.66 2.0700e-14   1667.25 0 
  1672.35 1.8280e-14   1674.94 0 
  1676.20 2.0796e-14   1678.80 0 
  1683.94 2.1776e-14   1686.55 0 
  1695.61 2.0323e-14   1698.24 0 
  1703.44 1.9497e-14   1706.08 0 
  1715.25 1.8492e-14   1717.91 0 
  1723.17 1.8407e-14   1725.84 0 
  1735.11 1.9678e-14   1737.80 0 
  1743.12 1.9186e-14   1745.82 0 
  1755.20 2.0558e-14   1757.92 0 
  1763.30 1.8663e-14   1766.04 0 
  1775.53 1.9230e-14   1778.28 0 
  1783.72 1.9587e-14   1786.49 0 
  1796.09 2.1037e-14   1798.87 0 
  1804.38 2.0748e-14   1807.17 0 
  1816.88 1.9142e-14   1819.70 0 
  1825.27 1.9542e-14   1828.10 0 
  1833.69 1.8706e-14   1836.54 0 
  1846.40 1.7099e-14   1849.27 0 
  1854.93 1.7258e-14   1857.80 0 
  1863.49 1.7864e-14   1866.38 0 
  1876.41 1.9319e-14   1879.32 0 
  1885.07 1.7823e-14   1887.99 0 
  1893.77 1.7178e-14   1896.71 0 
  1906.90 1.8113e-14   1909.85 0 
  1915.70 1.7498e-14   1918.67 0 
  1924.54 1.7139e-14   1927.53 0 
  1933.42 1.7377e-14   1936.42 0 
  1946.82 1.8492e-14   1949.84 0 
  1955.81 1.7377e-14   1958.84 0 
  1964.84 1.9098e-14   1967.89 0 
  1973.91 1.9497e-14   1976.97 0 
  1983.02 1.8577e-14   1986.10 0 
  1996.77 1.8071e-14   1999.86 0 
  2005.98 1.8492e-14   2009.09 0 
  2015.24 1.7864e-14   2018.37 0 
  2024.54 1.8492e-14   2027.68 0 
  2033.89 1.7823e-14   2037.04 0 
  2043.28 1.8663e-14   2046.45 0 
  2052.71 1.7782e-14   2055.89 0 
  2066.94 1.7823e-14   2070.14 0 
  2071.70 1.9142e-14   2074.91 0 
  2076.48 1.9769e-14   2079.70 0 
  2086.06 2.1183e-14   2089.30 0 
  2095.69 1.9906e-14   2098.94 0 
  2105.36 1.9814e-14   2108.63 0 
  2115.08 2.0416e-14   2118.36 0 
  2124.84 2.0229e-14   2128.14 0 
  2134.65 1.8749e-14   2137.96 0 
  2144.50 2.0183e-14   2147.83 0 
  2154.40 2.0748e-14   2157.74 0 
  2164.35 1.9633e-14   2167.70 0 
  2174.34 1.9542e-14   2177.71 0 
  2184.37 2.0369e-14   2187.76 0 
  2194.46 2.0988e-14   2197.86 0 
  2204.59 2.0416e-14   2208.01 0 
  2214.76 1.8492e-14   2218.20 0 
  2224.98 1.8663e-14   2228.44 0 
  2235.25 2.1231e-14   2238.72 0 
  2245.57 2.0229e-14   2249.05 0 
  2255.94 1.8196e-14   2259.44 0 
  2266.35 1.8196e-14   2269.86 0 
  2276.81 1.9054e-14   2280.34 0 
  2287.32 2.1134e-14   2290.87 0 
  2292.59 1.9142e-14   2296.15 0 
  2303.17 2.0359e-14   2306.75 0 
  2313.81 1.8639e-14   2317.39 0 
  2324.49 1.4692e-14   2328.09 0 
  2335.21 1.6097e-14   2338.84 0 
  2345.99 1.4501e-14   2349.63 0 
  2356.82 1.7826e-14   2360.48 0 
  2367.70 1.4679e-14   2371.37 0 
  2373.16 1.5904e-14   2376.84 0 
  2384.11 1.3557e-14   2387.81 0 
  2395.12 1.4887e-14   2398.83 0 
  2406.17 1.4370e-14   2409.91 0 
  2417.28 1.5174e-14   2421.03 0 
  2422.85 1.8404e-14   2426.61 0 
  2434.04 1.8012e-14   2437.81 0 
  2445.27 1.9962e-14   2449.06 0 
  2456.56 2.0316e-14   2460.37 0 
  2462.22 1.8908e-14   2466.04 0 
  2473.59 1.7672e-14   2477.42 0 
  2485.00 1.5592e-14   2488.86 0 
  2496.47 1.5759e-14   2500.35 0 
  2502.23 1.9695e-14   2506.11 0 
  2513.78 1.4255e-14   2517.68 0 
  2519.57 1.3925e-14   2523.48 0 
  2525.38 1.3665e-14   2529.30 0 
  2537.04 1.5675e-14   2540.97 0 
  2542.89 1.5814e-14   2546.83 0 
  2554.62 2.1264e-14   2558.59 0 
  2566.42 1.8208e-14   2570.40 0 
  2572.33 2.0993e-14   2576.32 0 
  2584.21 1.9710e-14   2588.21 0 
  2596.13 1.8633e-14   2600.16 0 
  2602.12 1.7183e-14   2606.15 0 
  2614.13 1.6395e-14   2618.18 0 
  2626.20 1.9068e-14   2630.27 0 
  2632.25 2.5889e-14   2636.33 0 
  2644.40 3.2115e-14   2648.50 0 
  2656.60 4.0767e-14   2660.72 0 
  2662.73 2.8517e-14   2666.86 0 
  2675.02 3.1674e-14   2679.17 0 
  2687.37 3.5019e-14   2691.54 0 
  2693.56 2.7932e-14   2697.74 0 
  2706.00 3.2560e-14   2710.19 0 
  2712.23 2.5851e-14   2716.44 0 
  2724.75 2.2494e-14   2728.98 0 
  2737.33 2.6464e-14   2741.57 0 
  2743.64 1.8090e-14   2747.89 0 
  2756.30 2.1430e-14   2760.58 0 
  2762.66 2.5634e-14   2766.94 0 
  2775.41 2.7126e-14   2779.71 0 
  2781.81 1.9824e-14   2786.12 0 
  2794.65 1.2669e-14   2798.98 0 
  2807.55 1.4169e-14   2811.90 0 
  2814.02 2.4952e-14   2818.38 0 
  2827.01 3.2785e-14   2831.39 0 
  2833.52 3.1294e-14   2837.92 0 
  2846.60 2.5121e-14   2851.02 0 
  2853.17 1.8400e-14   2857.59 0 
  2866.33 3.2016e-14   2870.78 0 
  2872.94 4.0008e-14   2877.40 0 
  2886.20 3.6788e-14   2890.68 0 
  2892.86 4.3002e-14   2897.34 0 
  2912.91 5.5695e-14   2917.43 0 
  2933.10 4.9333e-14   2937.65 0 
  2946.64 4.6204e-14   2951.21 0 
  2967.06 4.8417e-14   2971.67 0 
  2987.63 4.9012e-14   2992.27 0 
  3008.34 4.9614e-14   3013.01 0 
  3029.19 5.2228e-14   3033.89 0 
  3050.19 5.3975e-14   3054.92 0 
  3071.33 5.8140e-14   3076.10 0 
  3092.62 5.7247e-14   3097.42 0 
  3106.90 6.4904e-14   3111.72 0 
  3128.43 6.0749e-14   3133.29 0 
  3150.12 6.0785e-14   3155.01 0 
  3171.96 6.5925e-14   3176.87 0 
  3186.60 5.7617e-14   3191.54 0 
  3208.68 6.3503e-14   3213.66 0 
  3230.93 5.4080e-14   3235.94 0 
  3253.32 7.3496e-14   3258.37 0 
  3268.34 8.4869e-14   3273.41 0 
  3290.99 8.3170e-14   3296.10 0 
  3313.80 7.8556e-14   3318.94 0 
  3321.44 7.5321e-14   3326.60 0 
  3329.10 8.2918e-14   3334.26 0 
  3336.77 8.3059e-14   3341.95 0 
  3344.47 7.7825e-14   3349.66 0 
  3352.18 7.2586e-14   3357.38 0 
  3359.90 8.0832e-14   3365.12 0 
  3367.65 8.0968e-14   3372.87 0 
  3375.41 6.0401e-14   3380.65 0 
  3383.19 6.5430e-14   3388.44 0 
  3390.99 8.2131e-14   3396.25 0 
  3398.81 8.0396e-14   3404.08 0 
  3406.65 8.2596e-14   3411.93 0 
  3414.50 8.1038e-14   3419.79 0 
  3422.37 9.0451e-14   3427.68 0 
  3430.26 8.3779e-14   3435.58 0 
  3438.17 8.5677e-14   3443.50 0 
  3446.09 5.8423e-14   3451.44 0 
  3454.04 8.3044e-14   3459.39 0 
  3462.00 6.8870e-14   3467.37 0 
  3469.98 7.7580e-14   3475.36 0 
  3477.98 6.7838e-14   3483.37 0 
  3486.00 7.7124e-14   3491.40 0 
  3494.03 6.8063e-14   3499.45 0 
  3502.09 8.6821e-14   3507.52 0 
  3510.16 8.5969e-14   3515.60 0 
  3518.25 7.6570e-14   3523.71 0 
  3526.36 6.9147e-14   3531.83 0 
  3534.49 8.5013e-14   3539.97 0 
  3542.64 9.6650e-14   3548.13 0 
  3550.81 9.3307e-14   3556.31 0 
  3558.99 8.6422e-14   3564.51 0 
  3567.20 8.0415e-14   3572.73 0 
  3575.42 7.0639e-14   3580.96 0 
  3583.66 5.8312e-14   3589.22 0 
  3591.92 6.1159e-14   3597.49 0 
  3600.20 9.6199e-14   3605.79 0 
  3608.50 7.7961e-14   3614.10 0 
  3610.04 7.1600e-14   3615.64 1 
  3612.79 5.6188e-14   3618.39 1 
  3615.53 8.4120e-14   3621.14 1 
  3618.28 7.2233e-14   3623.89 1 
  3621.02 8.7955e-14   3626.64 1 
  3623.77 9.2724e-14   3629.39 1 
  3626.52 1.1588e-13   3632.14 1 
  3629.26 9.0234e-14   3634.89 1 
  3632.01 7.5784e-14   3637.64 1 
  3634.75 9.1233e-14   3640.39 1 
  3637.50 8.9883e-14   3643.14 1 
  3640.24 9.3095e-14   3645.89 1 
  3642.99 9.7282e-14   3648.64 1 
  3645.74 9.1366e-14   3651.39 1 
  3648.48 8.3631e-14   3654.14 1 
  3651.23 7.3326e-14   3656.89 1 
  3653.97 7.7455e-14   3659.64 1 
  3656.72 8.6528e-14   3662.39 1 
  3659.46 9.7601e-14   3665.14 1 
  3662.21 1.1354e-13   3667.89 1 
  3664.96 1.0163e-13   3670.64 1 
  3667.70 8.3038e-14   3673.39 1 
  3670.45 1.0777e-13   3676.14 1 
  3673.19 1.0169e-13   3678.89 1 
  3675.94 9.8708e-14   3681.64 1 
  3678.68 1.1257e-13   3684.39 1 
  3681.43 9.2621e-14   3687.14 1 
  3684.18 8.1832e-14   3689.89 1 
  3686.92 1.0488e-13   3692.64 1 
  3689.67 9.5566e-14   3695.39 1 
  3692.41 8.2393e-14   3698.14 1 
  3695.16 1.1032e-13   3700.89 1 
  3697.90 9.5541e-14   3703.64 1 
  3700.65 9.8593e-14   3706.39 1 
  3703.40 7.3110e-14   3709.14 1 
  3706.14 9.5635e-14   3711.89 1 
  3708.89 7.7740e-14   3714.64 1 
  3711.63 8.8577e-14   3717.39 1 
  3714.38 1.0323e-13   3720.14 1 
  3717.12 8.0937e-14   3722.89 1 
  3719.87 8.5808e-14   3725.64 1 
  3722.62 1.1610e-13   3728.39 1 
  3725.36 1.2538e-13   3731.14 1 
  3728.11 1.6210e-13   3733.89 1 
  3730.85 1.5142e-13   3736.64 1 
  3733.60 1.0962e-13   3739.39 1 
  3736.34 1.2189e-13   3742.14 1 
  3739.09 9.5207e-14   3744.89 1 
  3741.84 1.0399e-13   3747.64 1 
  3744.58 7.4450e-14   3750.39 1 
  3747.33 9.7165e-14   3753.14 1 
  3750.07 9.4155e-14   3755.89 1 
  3752.82 7.5375e-14   3758.64 1 
  3755.57 1.1232e-13   3761.39 1 
  3758.31 1.0932e-13   3764.14 1 
  3761.06 1.0834e-13   3766.89 1 
  3763.80 9.7072e-14   3769.64 1 
  3766.55 9.0336e-14   3772.39 1 
  3769.29 9.8141e-14   3775.14 1 
  3772.04 9.8754e-14   3777.89 1 
  3774.79 9.7328e-14   3780.64 1 
  3777.53 1.2815e-13   3783.39 1 
  3780.28 1.0911e-13   3786.14 1 
  3783.02 1.0834e-13   3788.89 1 
  3785.77 1.1250e-13   3791.64 1 
  3788.51 1.2526e-13   3794.39 1 
  3791.26 1.2359e-13   3797.14 1 
  3794.01 1.1045e-13   3799.89 1 
  3796.75 1.0660e-13   3802.64 1 
  3799.50 8.1395e-14   3805.39 1 
  3802.24 1.0933e-13   3808.14 1 
  3804.99 1.1851e-13   3810.89 1 
  3807.73 1.1374e-13   3813.64 1 
  3810.48 1.3947e-13   3816.39 1 
  3813.23 1.2491e-13   3819.14 1 
  3815.97 1.1085e-13   3821.89 1 
  3818.72 1.2874e-13   3824.64 1 
  3821.46 1.3205e-13   3827.39 1 
  3824.21 1.1760e-13   3830.14 1 
  3826.95 1.0202e-13   3832.89 1 
  3829.70 8.3606e-14   3835.64 1 
  3832.45 8.4719e-14   3838.39 1 
  3835.19 8.6906e-14   3841.14 1 
  3837.94 7.4015e-14   3843.89 1 
  3840.68 8.1144e-14   3846.64 1 
  3843.43 9.8024e-14   3849.39 1 
  3846.17 1.1263e-13   3852.14 1 
  3848.92 1.1197e-13   3854.89 1 
  3851.67 1.1453e-13   3857.64 1 
  3854.41 1.1503e-13   3860.39 1 
  3857.16 1.1391e-13   3863.14 1 
  3859.90 1.3116e-13   3865.89 1 
  3862.65 1.4812e-13   3868.64 1 
  3865.39 1.3420e-13   3871.39 1 
  3868.14 1.4318e-13   3874.14 1 
  3870.89 1.4165e-13   3876.89 1 
  3873.63 1.3066e-13   3879.64 1 
  3876.38 1.2972e-13   3882.39 1 
  3879.12 1.3152e-13   3885.14 1 
  3881.87 1.2190e-13   3887.89 1 
  3884.61 1.0701e-13   3890.64 1 
  3887.36 1.1972e-13   3893.39 1 
  3890.11 1.1566e-13   3896.14 1 
  3892.85 1.3090e-13   3898.89 1 
  3895.60 1.2578e-13   3901.64 1 
  3898.34 1.1600e-13   3904.39 1 
  3901.09 1.2421e-13   3907.14 1 
  3903.84 1.3426e-13   3909.89 1 
  3906.58 1.3584e-13   3912.64 1 
  3909.33 1.2027e-13   3915.39 1 
  3912.07 1.4117e-13   3918.14 1 
  3914.82 1.6046e-13   3920.89 1 
  3917.56 1.5642e-13   3923.64 1 
  3920.31 1.4808e-13   3926.39 1 
  3923.06 1.3424e-13   3929.14 1 
  3925.80 1.1478e-13   3931.89 1 
  3928.55 1.0434e-13   3934.64 1 
  3931.29 9.2162e-14   3937.39 1 
  3934.04 7.4005e-14   3940.14 1 
  3936.78 8.4987e-14   3942.89 1 
  3939.53 1.0041e-13   3945.64 1 
  3942.28 1.1982e-13   3948.39 1 
  3945.02 1.1302e-13   3951.14 1 
  3947.77 1.1802e-13   3953.89 1 
  3950.51 1.3497e-13   3956.64 1 
  3953.26 1.3265e-13   3959.39 1 
  3956.00 1.3784e-13   3962.14 1 
  3958.75 1.2896e-13   3964.89 1 
  3961.50 1.1714e-13   3967.64 1 
  3964.24 9.8373e-14   3970.39 1 
  3966.99 8.8959e-14   3973.14 1 
  3969.73 9.5890e-14   3975.89 1 
  3972.48 8.0404e-14   3978.64 1 
  3975.22 1.0660e-13   3981.39 1 
  3977.97 1.2898e-13   3984.14 1 
  3980.72 1.4478e-13   3986.89 1 
  3983.46 1.4647e-13   3989.64 1 
  3986.21 1.5054e-13   3992.39 1 
  3988.95 1.6005e-13   3995.14 1 
  3991.70 1.7541e-13   3997.89 1 
  3994.44 1.6959e-13   4000.64 1 
  3997.19 1.7891e-13   4003.39 1 
  3999.94 1.6949e-13   4006.14 1 
  4002.68 1.7160e-13   4008.89 1 
  4005.43 1.6577e-13   4011.64 1 
  4008.17 1.7453e-13   4014.39 1 
  4010.92 1.7867e-13   4017.14 1 
  4013.66 1.7618e-13   4019.89 1 
  4016.41 1.7475e-13   4022.64 1 
  4019.16 1.7669e-13   4025.39 1 
  4021.90 1.8378e-13   4028.14 1 
  4024.65 1.8641e-13   4030.89 1 
  4027.39 1.8306e-13   4033.64 1 
  4030.14 1.7905e-13   4036.39 1 
  4032.88 1.6133e-13   4039.14 1 
  4035.63 1.6576e-13   4041.89 1 
  4038.38 1.6807e-13   4044.64 1 
  4041.12 1.7250e-13   4047.39 1 
  4043.87 1.7329e-13   4050.14 1 
  4046.61 1.7870e-13   4052.89 1 
  4049.36 1.7167e-13   4055.64 1 
  4052.11 1.7994e-13   4058.39 1 
  4054.85 1.7684e-13   4061.14 1 
  4057.60 1.8334e-13   4063.89 1 
  4060.34 1.7481e-13   4066.64 1 
  4063.09 1.6710e-13   4069.39 1 
  4065.83 1.7877e-13   4072.14 1 
  4068.58 1.6230e-13   4074.89 1 
  4071.33 1.6282e-13   4077.64 1 
  4074.07 1.6344e-13   4080.39 1 
  4076.82 1.6879e-13   4083.14 1 
  4079.56 1.6541e-13   4085.89 1 
  4082.31 1.6869e-13   4088.64 1 
  4085.05 1.8659e-13   4091.39 1 
  4087.80 1.8681e-13   4094.14 1 
  4090.55 1.6957e-13   4096.89 1 
  4093.29 1.6669e-13   4099.64 1 
  4096.04 1.5519e-13   4102.39 1 
  4098.78 1.3469e-13   4105.14 1 
  4101.53 1.3694e-13   4107.89 1 
  4104.27 1.5459e-13   4110.64 1 
  4107.02 1.5053e-13   4113.39 1 
  4109.77 1.5907e-13   4116.14 1 
  4112.51 1.6151e-13   4118.89 1 
  4115.26 1.6304e-13   4121.64 1 
  4118.00 1.8079e-13   4124.39 1 
  4120.75 1.6378e-13   4127.14 1 
  4123.49 1.8688e-13   4129.89 1 
  4126.24 1.7790e-13   4132.64 1 
  4128.99 1.9259e-13   4135.39 1 
  4131.73 1.8046e-13   4138.14 1 
  4134.48 1.7685e-13   4140.89 1 
  4137.22 1.7986e-13   4143.64 1 
  4139.97 1.7993e-13   4146.39 1 
  4142.71 1.9193e-13   4149.14 1 
  4145.46 1.8547e-13   4151.89 1 
  4148.21 1.9247e-13   4154.64 1 
  4150.95 1.9490e-13   4157.39 1 
  4153.70 1.9303e-13   4160.14 1 
  4156.44 1.9473e-13   4162.89 1 
  4159.19 1.9447e-13   4165.64 1 
  4161.93 1.9171e-13   4168.39 1 
  4164.68 1.8706e-13   4171.14 1 
  4167.43 2.0021e-13   4173.89 1 
  4170.17 1.8536e-13   4176.64 1 
  4172.92 1.8842e-13   4179.39 1 
  4175.66 1.7268e-13   4182.14 1 
  4178.41 1.8028e-13   4184.89 1 
  4181.16 1.8295e-13   4187.64 1 
  4183.90 1.8742e-13   4190.39 1 
  4186.65 1.8372e-13   4193.14 1 
  4189.39 1.7606e-13   4195.89 1 
  4192.14 1.8794e-13   4198.64 1 
  4194.88 1.9243e-13   4201.39 1 
  4197.63 1.7979e-13   4204.14 1 
  4200.38 1.7975e-13   4206.89 1 
  4203.12 1.9131e-13   4209.64 1 
  4205.87 1.8975e-13   4212.39 1 
  4208.61 1.9072e-13   4215.14 1 
  4211.36 2.0055e-13   4217.89 1 
  4214.10 1.9908e-13   4220.64 1 
  4216.85 2.0252e-13   4223.39 1 
  4219.60 1.9881e-13   4226.14 1 
  4222.34 2.0174e-13   4228.89 1 
  4225.09 1.8459e-13   4231.64 1 
  4227.83 1.7684e-13   4234.39 1 
  4230.58 1.8251e-13   4237.14 1 
  4233.32 1.8755e-13   4239.89 1 
  4236.07 1.9058e-13   4242.64 1 
  4238.82 1.9685e-13   4245.39 1 
  4241.56 1.9822e-13   4248.14 1 
  4244.31 1.9192e-13   4250.89 1 
  4247.05 1.9159e-13   4253.64 1 
  4249.80 1.9249e-13   4256.39 1 
  4252.54 1.9147e-13   4259.14 1 
  4255.29 1.9377e-13   4261.89 1 
  4258.04 1.9842e-13   4264.64 1 
  4260.78 1.9160e-13   4267.39 1 
  4263.53 2.0230e-13   4270.14 1 
  4266.27 2.0324e-13   4272.89 1 
  4269.02 1.8945e-13   4275.64 1 
  4271.76 1.9140e-13   4278.39 1 
  4274.51 1.9060e-13   4281.14 1 
  4277.26 1.8462e-13   4283.89 1 
  4280.00 1.9537e-13   4286.64 1 
  4282.75 1.9660e-13   4289.39 1 
  4285.49 1.8649e-13   4292.14 1 
  4288.24 1.8108e-13   4294.89 1 
  4290.98 1.7311e-13   4297.64 1 
  4293.73 1.7571e-13   4300.39 1 
  4296.48 1.7438e-13   4303.14 1 
  4299.22 1.6944e-13   4305.89 1 
  4301.97 1.6624e-13   4308.64 1 
  4304.71 1.5646e-13   4311.39 1 
  4307.46 1.5304e-13   4314.14 1 
  4310.21 1.6016e-13   4316.89 1 
  4312.95 1.7846e-13   4319.64 1 
  4315.70 1.9817e-13   4322.39 1 
  4318.44 2.0748e-13   4325.14 1 
  4321.19 2.0296e-13   4327.89 1 
  4323.93 1.9336e-13   4330.64 1 
  4326.68 1.9647e-13   4333.39 1 
  4329.43 2.0348e-13   4336.14 1 
  4332.17 1.9768e-13   4338.89 1 
  4334.92 1.9276e-13   4341.64 1 
  4337.66 1.8300e-13   4344.39 1 
  4340.41 1.7232e-13   4347.14 1 
  4343.15 1.7355e-13   4349.89 1 
  4345.90 1.7775e-13   4352.64 1 
  4348.65 1.8581e-13   4355.39 1 
  4351.39 1.9388e-13   4358.14 1 
  4354.14 2.0178e-13   4360.89 1 
  4356.88 2.0343e-13   4363.64 1 
  4359.63 2.0995e-13   4366.39 1 
  4362.37 2.2035e-13   4369.14 1 
  4365.12 2.2130e-13   4371.89 1 
  4367.87 2.2234e-13   4374.64 1 
  4370.61 2.2274e-13   4377.39 1 
  4373.36 2.1649e-13   4380.14 1 
  4376.10 2.0981e-13   4382.89 1 
  4378.85 2.0586e-13   4385.64 1 
  4381.59 1.9804e-13   4388.39 1 
  4384.34 1.9338e-13   4391.14 1 
  4387.09 1.9575e-13   4393.89 1 
  4389.83 1.9116e-13   4396.64 1 
  4392.58 2.0711e-13   4399.39 1 
  4395.32 2.1135e-13   4402.14 1 
  4398.07 2.1131e-13   4404.89 1 
  4400.81 2.1431e-13   4407.64 1 
  4403.56 2.1143e-13   4410.39 1 
  4406.31 2.0790e-13   4413.14 1 
  4409.05 2.0971e-13   4415.89 1 
  4411.80 2.1215e-13   4418.64 1 
  4414.54 2.0848e-13   4421.39 1 
  4417.29 2.0768e-13   4424.14 1 
  4420.03 2.1085e-13   4426.89 1 
  4422.78 2.1951e-13   4429.64 1 
  4425.53 2.1917e-13   4432.39 1 
  4428.27 2.1881e-13   4435.14 1 
  4431.02 2.1793e-13   4437.89 1 
  4433.76 2.1637e-13   4440.64 1 
  4436.51 2.2604e-13   4443.39 1 
  4439.25 2.2905e-13   4446.14 1 
  4442.00 2.2075e-13   4448.89 1 
  4444.75 2.1589e-13   4451.64 1 
  4447.49 2.2679e-13   4454.39 1 
  4450.24 2.2526e-13   4457.14 1 
  4452.98 2.2101e-13   4459.89 1 
  4455.73 2.2750e-13   4462.64 1 
  4458.48 2.1630e-13   4465.39 1 
  4461.22 2.1525e-13   4468.14 1 
  4463.97 2.1705e-13   4470.89 1 
  4466.71 2.1593e-13   4473.64 1 
  4469.46 2.2602e-13   4476.39 1 
  4472.20 2.3462e-13   4479.14 1 
  4474.95 2.4665e-13   4481.89 1 
  4477.70 2.4271e-13   4484.64 1 
  4480.44 2.3602e-13   4487.39 1 
  4483.19 2.4264e-13   4490.14 1 
  4485.93 2.3602e-13   4492.89 1 
  4488.68 2.3521e-13   4495.64 1 
  4491.42 2.3713e-13   4498.39 1 
  4494.17 2.3750e-13   4501.14 1 
  4496.92 2.4542e-13   4503.89 1 
  4499.66 2.4664e-13   4506.64 1 
  4502.41 2.4910e-13   4509.39 1 
  4505.15 2.4592e-13   4512.14 1 
  4507.90 2.6041e-13   4514.89 1 
  4510.64 2.5692e-13   4517.64 1 
  4513.39 2.5401e-13   4520.39 1 
  4516.14 2.5134e-13   4523.14 1 
  4518.88 2.5482e-13   4525.89 1 
  4521.63 2.4848e-13   4528.64 1 
  4524.37 2.3639e-13   4531.39 1 
  4527.12 2.2471e-13   4534.14 1 
  4529.86 2.2024e-13   4536.89 1 
  4532.61 2.2368e-13   4539.64 1 
  4535.36 2.2977e-13   4542.39 1 
  4538.10 2.3745e-13   4545.14 1 
  4540.85 2.4811e-13   4547.89 1 
  4543.59 2.4575e-13   4550.64 1 
  4546.34 2.4886e-13   4553.39 1 
  4549.08 2.4664e-13   4556.14 1 
  4551.83 2.4341e-13   4558.89 1 
  4554.58 2.3770e-13   4561.64 1 
  4557.32 2.4887e-13   4564.39 1 
  4560.07 2.4967e-13   4567.14 1 
  4562.81 2.5216e-13   4569.89 1 
  4565.56 2.5486e-13   4572.64 1 
  4568.30 2.5292e-13   4575.39 1 
  4571.05 2.5591e-13   4578.14 1 
  4573.80 2.6129e-13   4580.89 1 
  4576.54 2.4959e-13   4583.64 1 
  4579.29 2.5400e-13   4586.39 1 
  4582.03 2.5512e-13   4589.14 1 
  4584.78 2.4204e-13   4591.89 1 
  4587.52 2.4605e-13   4594.64 1 
  4590.27 2.5361e-13   4597.39 1 
  4593.02 2.5778e-13   4600.14 1 
  4595.76 2.5184e-13   4602.89 1 
  4598.51 2.5221e-13   4605.64 1 
  4601.25 2.4172e-13   4608.39 1 
  4604.00 2.5263e-13   4611.14 1 
  4606.75 2.5815e-13   4613.89 1 
  4609.49 2.6935e-13   4616.64 1 
  4612.24 2.6653e-13   4619.39 1 
  4614.98 2.6407e-13   4622.14 1 
  4617.73 2.6969e-13   4624.89 1 
  4620.47 2.6205e-13   4627.64 1 
  4623.22 2.6280e-13   4630.39 1 
  4625.97 2.6276e-13   4633.14 1 
  4628.71 2.6288e-13   4635.89 1 
  4631.46 2.6571e-13   4638.64 1 
  4634.20 2.6354e-13   4641.39 1 
  4636.95 2.5925e-13   4644.14 1 
  4639.69 2.5146e-13   4646.89 1 
  4642.44 2.5071e-13   4649.64 1 
  4645.19 2.5635e-13   4652.39 1 
  4647.93 2.5027e-13   4655.14 1 
  4650.68 2.4384e-13   4657.89 1 
  4653.42 2.4978e-13   4660.64 1 
  4656.17 2.5659e-13   4663.39 1 
  4658.91 2.5679e-13   4666.14 1 
  4661.66 2.5329e-13   4668.89 1 
  4664.41 2.5166e-13   4671.64 1 
  4667.15 2.5527e-13   4674.39 1 
  4669.90 2.4472e-13   4677.14 1 
  4672.64 2.4464e-13   4679.89 1 
  4675.39 2.6146e-13   4682.64 1 
  4678.13 2.5123e-13   4685.39 1 
  4680.88 2.5598e-13   4688.14 1 
  4683.63 2.6227e-13   4690.89 1 
  4686.37 2.5652e-13   4693.64 1 
  4689.12 2.5534e-13   4696.39 1 
  4691.86 2.5522e-13   4699.14 1 
  4694.61 2.6232e-13   4701.89 1 
  4697.35 2.5628e-13   4704.64 1 
  4700.10 2.4768e-13   4707.39 1 
  4702.85 2.4137e-13   4710.14 1 
  4705.59 2.3349e-13   4712.89 1 
  4708.34 2.3738e-13   4715.64 1 
  4711.08 2.4996e-13   4718.39 1 
  4713.83 2.4819e-13   4721.14 1 
  4716.57 2.5856e-13   4723.89 1 
  4719.32 2.7148e-13   4726.64 1 
  4722.07 2.6493e-13   4729.39 1 
  4724.81 2.7006e-13   4732.14 1 
  4727.56 2.6796e-13   4734.89 1 
  4730.30 2.5733e-13   4737.64 1 
  4733.05 2.4658e-13   4740.39 1 
  4735.79 2.5536e-13   4743.14 1 
  4738.54 2.5150e-13   4745.89 1 
  4741.29 2.6409e-13   4748.64 1 
  4744.03 2.6013e-13   4751.39 1 
  4746.78 2.7111e-13   4754.14 1 
  4749.52 2.6925e-13   4756.89 1 
  4752.27 2.6547e-13   4759.64 1 
  4755.02 2.6122e-13   4762.39 1 
  4757.76 2.5469e-13   4765.14 1 
  4760.51 2.6005e-13   4767.89 1 
  4763.25 2.6061e-13   4770.64 1 
  4766.00 2.5192e-13   4773.39 1 
  4768.74 2.5274e-13   4776.14 1 
  4771.49 2.5976e-13   4778.89 1 
  4774.24 2.6911e-13   4781.64 1 
  4776.98 2.6773e-13   4784.39 1 
  4779.73 2.6657e-13   4787.14 1 
  4782.47 2.7516e-13   4789.89 1 
  4785.22 2.6459e-13   4792.64 1 
  4787.96 2.6767e-13   4795.39 1 
  4790.71 2.6951e-13   4798.14 1 
  4793.46 2.6436e-13   4800.89 1 
  4796.20 2.6994e-13   4803.64 1 
  4798.95 2.6754e-13   4806.39 1 
  4801.69 2.7028e-13   4809.14 1 
  4804.44 2.7287e-13   4811.89 1 
  4807.18 2.7568e-13   4814.64 1 
  4809.93 2.7096e-13   4817.39 1 
  4812.68 2.7794e-13   4820.14 1 
  4815.42 2.7593e-13   4822.89 1 
  4818.17 2.7753e-13   4825.64 1 
  4820.91 2.7432e-13   4828.39 1 
  4823.66 2.7583e-13   4831.14 1 
  4826.40 2.7081e-13   4833.89 1 
  4829.15 2.7109e-13   4836.64 1 
  4831.90 2.6538e-13   4839.39 1 
  4834.64 2.6355e-13   4842.14 1 
  4837.39 2.6640e-13   4844.89 1 
  4840.13 2.6177e-13   4847.64 1 
  4842.88 2.6821e-13   4850.39 1 
  4845.62 2.7174e-13   4853.14 1 
  4848.37 2.6836e-13   4855.89 1 
  4851.12 2.5556e-13   4858.64 1 
  4853.86 2.5383e-13   4861.39 1 
  4856.61 2.5721e-13   4864.14 1 
  4859.35 2.4847e-13   4866.89 1 
  4862.10 2.3219e-13   4869.64 1 
  4864.84 2.2708e-13   4872.39 1 
  4867.59 2.3079e-13   4875.14 1 
  4870.34 2.3138e-13   4877.89 1 
  4873.08 2.4193e-13   4880.64 1 
  4875.83 2.5152e-13   4883.39 1 
  4878.57 2.5484e-13   4886.14 1 
  4881.32 2.6615e-13   4888.89 1 
  4884.06 2.7152e-13   4891.64 1 
  4886.81 2.6489e-13   4894.39 1 
  4889.56 2.5326e-13   4897.14 1 
  4892.30 2.5892e-13   4899.89 1 
  4895.05 2.7172e-13   4902.64 1 
  4897.79 2.7484e-13   4905.39 1 
  4900.54 2.8282e-13   4908.14 1 
  4903.29 2.9265e-13   4910.89 1 
  4906.03 2.8973e-13   4913.64 1 
  4908.78 2.8233e-13   4916.39 1 
  4911.52 2.8129e-13   4919.14 1 
  4914.27 2.7368e-13   4921.89 1 
  4917.01 2.6538e-13   4924.64 1 
  4919.76 2.7181e-13   4927.39 1 
  4922.51 2.6190e-13   4930.14 1 
  4925.25 2.5885e-13   4932.89 1 
  4928.00 2.8007e-13   4935.64 1 
  4930.74 2.8205e-13   4938.39 1 
  4933.49 2.8184e-13   4941.14 1 
  4936.23 2.7166e-13   4943.89 1 
  4938.98 2.6931e-13   4946.64 1 
  4941.73 2.8379e-13   4949.39 1 
  4944.47 2.8583e-13   4952.14 1 
  4947.22 2.8350e-13   4954.89 1 
  4949.96 2.9255e-13   4957.64 1 
  4952.71 2.9794e-13   4960.39 1 
  4955.45 2.9354e-13   4963.14 1 
  4958.20 2.9087e-13   4965.89 1 
  4960.95 2.9455e-13   4968.64 1 
  4963.69 2.9494e-13   4971.39 1 
  4966.44 2.7634e-13   4974.14 1 
  4969.18 2.7623e-13   4976.89 1 
  4971.93 2.8898e-13   4979.64 1 
  4974.67 2.8248e-13   4982.39 1 
  4977.42 2.8083e-13   4985.14 1 
  4980.17 2.7919e-13   4987.89 1 
  4982.91 2.5744e-13   4990.64 1 
  4985.66 2.6302e-13   4993.39 1 
  4988.40 2.6639e-13   4996.14 1 
  4991.15 2.6964e-13   4998.89 1 
  4993.89 2.7189e-13   5001.64 1 
  4996.64 2.8178e-13   5004.39 1 
  4999.39 2.7963e-13   5007.14 1 
  5002.13 2.8417e-13   5009.89 1 
  5004.88 2.9258e-13   5012.64 1 
  5007.62 2.8182e-13   5015.39 1 
  5010.37 2.8437e-13   5018.14 1 
  5013.11 2.7979e-13   5020.89 1 
  5015.86 2.7194e-13   5023.64 1 
  5018.61 2.4961e-13   5026.39 1 
  5021.35 2.6121e-13   5029.14 1 
  5024.10 2.6472e-13   5031.89 1 
  5026.84 2.6387e-13   5034.64 1 
  5029.59 2.8751e-13   5037.39 1 
  5032.33 2.7678e-13   5040.14 1 
  5035.08 2.7200e-13   5042.89 1 
  5037.83 2.7490e-13   5045.64 1 
  5040.57 2.7244e-13   5048.39 1 
  5043.32 2.6354e-13   5051.14 1 
  5046.06 2.6993e-13   5053.89 1 
  5048.81 2.7731e-13   5056.64 1 
  5051.56 2.6781e-13   5059.39 1 
  5054.30 2.7382e-13   5062.14 1 
  5057.05 2.8468e-13   5064.89 1 
  5059.79 2.8684e-13   5067.64 1 
  5062.54 2.8758e-13   5070.39 1 
  5065.28 2.8480e-13   5073.14 1 
  5068.03 2.9241e-13   5075.89 1 
  5070.78 2.7070e-13   5078.64 1 
  5073.52 2.7927e-13   5081.39 1 
  5076.27 2.7261e-13   5084.14 1 
  5079.01 2.7115e-13   5086.89 1 
  5081.76 2.7103e-13   5089.64 1 
  5084.50 2.6845e-13   5092.39 1 
  5087.25 2.7477e-13   5095.14 1 
  5090.00 2.8683e-13   5097.89 1 
  5092.74 2.8165e-13   5100.64 1 
  5095.49 2.8299e-13   5103.39 1 
  5098.23 2.8619e-13   5106.14 1 
  5100.98 2.7477e-13   5108.89 1 
  5103.72 2.8051e-13   5111.64 1 
  5106.47 2.7575e-13   5114.39 1 
  5109.22 2.7746e-13   5117.14 1 
  5111.96 2.7140e-13   5119.89 1 
  5114.71 2.8457e-13   5122.64 1 
  5117.45 2.8722e-13   5125.39 1 
  5120.20 2.9235e-13   5128.14 1 
  5122.94 2.8456e-13   5130.89 1 
  5125.69 2.6539e-13   5133.64 1 
  5128.44 2.6935e-13   5136.39 1 
  5131.18 2.7641e-13   5139.14 1 
  5133.93 2.7603e-13   5141.89 1 
  5136.67 2.7819e-13   5144.64 1 
  5139.42 2.6648e-13   5147.39 1 
  5142.16 2.7295e-13   5150.14 1 
  5144.91 2.6535e-13   5152.89 1 
  5147.66 2.6697e-13   5155.64 1 
  5150.40 2.7172e-13   5158.39 1 
  5153.15 2.7464e-13   5161.14 1 
  5155.89 2.7776e-13   5163.89 1 
  5158.64 2.7551e-13   5166.64 1 
  5161.38 2.8206e-13   5169.39 1 
  5164.13 2.7935e-13   5172.14 1 
  5166.88 2.7069e-13   5174.89 1 
  5169.62 2.4645e-13   5177.64 1 
  5172.37 2.3133e-13   5180.39 1 
  5175.11 2.4505e-13   5183.14 1 
  5177.86 2.5967e-13   5185.89 1 
  5180.61 2.6330e-13   5188.64 1 
  5183.35 2.5786e-13   5191.39 1 
  5186.10 2.5036e-13   5194.14 1 
  5188.84 2.6101e-13   5196.89 1 
  5191.59 2.6728e-13   5199.64 1 
  5194.33 2.7155e-13   5202.39 1 
  5197.08 2.6724e-13   5205.14 1 
  5199.83 2.7956e-13   5207.89 1 
  5202.57 2.8207e-13   5210.64 1 
  5205.32 2.8370e-13   5213.39 1 
  5208.06 2.7241e-13   5216.14 1 
  5210.81 2.7833e-13   5218.89 1 
  5213.55 2.8078e-13   5221.64 1 
  5216.30 2.8348e-13   5224.39 1 
  5219.05 2.9343e-13   5227.14 1 
  5221.79 2.8957e-13   5229.89 1 
  5224.54 2.9334e-13   5232.64 1 
  5227.28 2.8564e-13   5235.39 1 
  5230.03 2.8877e-13   5238.14 1 
  5232.77 2.8375e-13   5240.89 1 
  5235.52 2.9162e-13   5243.64 1 
  5238.27 2.9127e-13   5246.39 1 
  5241.01 3.0310e-13   5249.14 1 
  5243.76 3.0952e-13   5251.89 1 
  5246.50 3.0405e-13   5254.64 1 
  5249.25 2.9927e-13   5257.39 1 
  5251.99 2.9461e-13   5260.14 1 
  5254.74 2.8727e-13   5262.89 1 
  5257.49 2.9721e-13   5265.64 1 
  5260.23 2.9703e-13   5268.39 1 
  5262.98 2.9020e-13   5271.14 1 
  5265.72 2.7912e-13   5273.89 1 
  5268.47 2.6496e-13   5276.64 1 
  5271.21 2.7652e-13   5279.39 1 
  5273.96 2.7502e-13   5282.14 1 
  5276.71 2.8623e-13   5284.89 1 
  5279.45 2.9462e-13   5287.64 1 
  5282.20 3.0318e-13   5290.39 1 
  5284.94 3.0238e-13   5293.14 1 
  5287.69 3.0773e-13   5295.89 1 
  5290.43 3.1419e-13   5298.64 1 
  5293.18 3.1415e-13   5301.39 1 
  5295.93 3.1582e-13   5304.14 1 
  5298.67 3.1035e-13   5306.89 1 
  5301.42 3.0446e-13   5309.64 1 
  5304.16 3.0516e-13   5312.39 1 
  5306.91 3.1624e-13   5315.14 1 
  5309.65 3.1653e-13   5317.89 1 
  5312.40 3.1581e-13   5320.64 1 
  5315.15 3.1878e-13   5323.39 1 
  5317.89 3.2439e-13   5326.14 1 
  5320.64 3.2308e-13   5328.89 1 
  5323.38 3.0568e-13   5331.64 1 
  5326.13 3.0777e-13   5334.39 1 
  5328.88 2.9545e-13   5337.14 1 
  5331.62 2.9250e-13   5339.89 1 
  5334.37 2.9468e-13   5342.64 1 
  5337.11 3.0348e-13   5345.39 1 
  5339.86 3.0865e-13   5348.14 1 
  5342.60 3.0455e-13   5350.89 1 
  5345.35 3.0528e-13   5353.64 1 
  5348.10 3.1430e-13   5356.39 1 
  5350.84 3.1850e-13   5359.14 1 
  5353.59 3.2411e-13   5361.89 1 
  5356.33 3.3024e-13   5364.64 1 
  5359.08 3.3362e-13   5367.39 1 
  5361.82 3.3255e-13   5370.14 1 
  5364.57 3.2972e-13   5372.89 1 
  5367.32 3.2308e-13   5375.64 1 
  5370.06 3.1677e-13   5378.39 1 
  5372.81 3.1177e-13   5381.14 1 
  5375.55 3.1072e-13   5383.89 1 
  5378.30 3.2220e-13   5386.64 1 
  5381.04 3.2469e-13   5389.39 1 
  5383.79 3.2085e-13   5392.14 1 
  5386.54 3.2056e-13   5394.89 1 
  5389.28 3.1540e-13   5397.64 1 
  5392.03 3.1318e-13   5400.39 1 
  5394.77 3.1294e-13   5403.14 1 
  5397.52 3.1060e-13   5405.89 1 
  5400.26 3.0305e-13   5408.64 1 
  5403.01 3.0135e-13   5411.39 1 
  5405.76 3.0243e-13   5414.14 1 
  5408.50 3.0205e-13   5416.89 1 
  5411.25 3.0079e-13   5419.64 1 
  5413.99 3.0525e-13   5422.39 1 
  5416.74 3.1284e-13   5425.14 1 
  5419.48 3.2274e-13   5427.89 1 
  5422.23 3.1787e-13   5430.64 1 
  5424.98 3.1353e-13   5433.39 1 
  5427.72 3.1805e-13   5436.14 1 
  5430.47 3.2116e-13   5438.89 1 
  5433.21 3.1090e-13   5441.64 1 
  5435.96 3.0713e-13   5444.39 1 
  5438.70 3.1298e-13   5447.14 1 
  5441.45 3.1697e-13   5449.89 1 
  5444.20 3.2355e-13   5452.64 1 
  5446.94 3.2059e-13   5455.39 1 
  5449.69 3.2027e-13   5458.14 1 
  5452.43 3.1767e-13   5460.89 1 
  5455.18 3.1323e-13   5463.64 1 
  5457.92 3.1129e-13   5466.39 1 
  5460.67 3.1143e-13   5469.14 1 
  5463.42 3.2076e-13   5471.89 1 
  5466.16 3.1893e-13   5474.64 1 
  5468.91 3.1847e-13   5477.39 1 
  5471.65 3.1899e-13   5480.14 1 
  5474.40 3.1890e-13   5482.89 1 
  5477.15 3.1688e-13   5485.64 1 
  5479.89 3.1211e-13   5488.39 1 
  5482.64 3.0682e-13   5491.14 1 
  5485.38 3.1148e-13   5493.89 1 
  5488.13 3.2345e-13   5496.64 1 
  5490.87 3.2307e-13   5499.39 1 
  5493.62 3.2282e-13   5502.14 1 
  5496.37 3.1781e-13   5504.89 1 
  5499.11 3.1475e-13   5507.64 1 
  5501.86 3.2236e-13   5510.39 1 
  5504.60 3.1918e-13   5513.14 1 
  5507.35 3.1235e-13   5515.89 1 
  5510.09 3.1088e-13   5518.64 1 
  5512.84 3.1142e-13   5521.39 1 
  5515.59 3.1540e-13   5524.14 1 
  5518.33 3.1485e-13   5526.89 1 
  5521.08 3.2565e-13   5529.64 1 
  5523.82 3.3092e-13   5532.39 1 
  5526.57 3.2162e-13   5535.14 1 
  5529.31 3.1709e-13   5537.89 1 
  5532.06 3.1536e-13   5540.64 1 
  5534.81 3.1591e-13   5543.39 1 
  5537.55 3.2187e-13   5546.14 1 
  5540.30 3.1297e-13   5548.89 1 
  5543.04 3.2933e-13   5551.64 1 
  5545.79 3.2507e-13   5554.39 1 
  5548.53 3.3025e-13   5557.14 1 
  5551.28 3.1673e-13   5559.89 1 
  5554.03 3.2201e-13   5562.64 1 
  5556.77 3.2949e-13   5565.39 1 
  5559.52 3.2523e-13   5568.14 1 
  5562.26 3.1690e-13   5570.89 1 
  5565.01 3.2335e-13   5573.64 1 
  5567.75 3.3580e-13   5576.39 1 
  5570.50 3.1014e-13   5579.14 1 
  5573.25 3.1846e-13   5581.89 1 
  5575.99 3.2421e-13   5584.64 1 
  5578.74 3.2262e-13   5587.39 1 
  5581.48 3.1547e-13   5590.14 1 
  5584.23 3.1865e-13   5592.89 1 
  5586.97 3.1205e-13   5595.64 1 
  5589.72 3.2579e-13   5598.39 1 
  5592.47 3.0386e-13   5601.14 1 
  5595.21 3.1505e-13   5603.89 1 
  5597.96 3.2097e-13   5606.64 1 
  5600.70 3.3409e-13   5609.39 1 
  5603.45 3.3146e-13   5612.14 1 
  5606.19 3.2575e-13   5614.89 1 
  5608.94 3.2941e-13   5617.64 1 
  5611.69 3.3500e-13   5620.39 1 
  5614.43 3.3472e-13   5623.14 1 
  5617.18 3.3385e-13   5625.89 1 
  5619.92 3.3106e-13   5628.64 1 
  5622.67 3.2355e-13   5631.39 1 
  5625.42 3.2918e-13   5634.14 1 
  5628.16 3.2861e-13   5636.89 1 
  5630.91 3.3221e-13   5639.64 1 
  5633.65 3.3295e-13   5642.39 1 
  5636.40 3.3067e-13   5645.14 1 
  5639.14 3.3044e-13   5647.89 1 
  5641.89 3.3086e-13   5650.64 1 
  5644.64 3.3255e-13   5653.39 1 
  5647.38 3.2529e-13   5656.14 1 
  5650.13 3.3167e-13   5658.89 1 
  5652.87 3.2811e-13   5661.64 1 
  5655.62 3.2869e-13   5664.39 1 
  5658.36 3.3162e-13   5667.14 1 
  5661.11 3.2508e-13   5669.89 1 
  5663.86 3.1730e-13   5672.64 1 
  5666.60 3.2021e-13   5675.39 1 
  5669.35 3.3115e-13   5678.14 1 
  5672.09 3.3073e-13   5680.89 1 
  5674.84 3.3359e-13   5683.64 1 
  5677.58 3.3643e-13   5686.39 1 
  5680.33 3.3520e-13   5689.14 1 
  5683.08 3.2820e-13   5691.89 1 
  5685.82 3.3111e-13   5694.64 1 
  5688.57 3.2455e-13   5697.39 1 
  5691.31 3.2768e-13   5700.14 1 
  5694.06 3.3867e-13   5702.89 1 
  5696.80 3.4461e-13   5705.64 1 
  5699.55 3.3879e-13   5708.39 1 
  5702.30 3.2895e-13   5711.14 1 
  5705.04 3.2284e-13   5713.89 1 
  5707.79 3.2165e-13   5716.64 1 
  5710.53 3.2170e-13   5719.39 1 
  5713.28 3.2378e-13   5722.14 1 
  5716.02 3.2900e-13   5724.89 1 
  5718.77 3.4231e-13   5727.64 1 
  5721.52 3.3629e-13   5730.39 1 
  5724.26 3.3922e-13   5733.14 1 
  5727.01 3.4879e-13   5735.89 1 
  5729.75 3.3994e-13   5738.64 1 
  5732.50 3.4616e-13   5741.39 1 
  5735.24 3.5079e-13   5744.14 1 
  5737.99 3.4448e-13   5746.89 1 
  5740.74 3.4526e-13   5749.64 1 
  5743.48 3.4522e-13   5752.39 1 
  5746.23 3.4310e-13   5755.14 1 
  5748.97 3.4722e-13   5757.89 1 
  5751.72 3.4530e-13   5760.64 1 
  5754.46 3.4469e-13   5763.39 1 
  5757.21 3.4853e-13   5766.14 1 
  5759.96 3.3496e-13   5768.89 1 
  5762.70 3.4166e-13   5771.64 1 
  5765.45 3.3133e-13   5774.39 1 
  5768.19 3.4289e-13   5777.14 1 
  5770.94 3.4418e-13   5779.89 1 
  5773.69 3.4370e-13   5782.64 1 
  5776.43 3.4444e-13   5785.39 1 
  5779.18 3.3167e-13   5788.14 1 
  5781.92 3.2784e-13   5790.89 1 
  5784.67 3.2656e-13   5793.64 1 
  5787.41 3.3039e-13   5796.39 1 
  5790.16 3.2860e-13   5799.14 1 
  5792.91 3.3794e-13   5801.89 1 
  5795.65 3.4336e-13   5804.64 1 
  5798.40 3.4677e-13   5807.39 1 
  5801.14 3.5229e-13   5810.14 1 
  5803.89 3.4857e-13   5812.89 1 
  5806.63 3.5105e-13   5815.64 1 
  5809.38 3.4595e-13   5818.39 1 
  5812.13 3.5393e-13   5821.14 1 
  5814.87 3.4728e-13   5823.89 1 
  5817.62 3.5923e-13   5826.64 1 
  5820.36 3.4992e-13   5829.39 1 
  5823.11 3.4776e-13   5832.14 1 
  5825.85 3.5287e-13   5834.89 1 
  5828.60 3.6122e-13   5837.64 1 
  5831.35 3.6103e-13   5840.39 1 
  5834.09 3.5892e-13   5843.14 1 
  5836.84 3.5258e-13   5845.89 1 
  5839.58 3.5271e-13   5848.64 1 
  5842.33 3.5387e-13   5851.39 1 
  5845.07 3.5199e-13   5854.14 1 
  5847.82 3.4705e-13   5856.89 1 
  5850.57 3.5021e-13   5859.64 1 
  5853.31 3.3417e-13   5862.39 1 
  5856.06 3.4351e-13   5865.14 1 
  5858.80 3.4637e-13   5867.89 1 
  5861.55 3.3465e-13   5870.64 1 
  5864.29 3.4140e-13   5873.39 1 
  5867.04 3.3489e-13   5876.14 1 
  5869.79 3.3972e-13   5878.89 1 
  5872.53 3.4562e-13   5881.64 1 
  5875.28 3.4589e-13   5884.39 1 
  5878.02 3.5386e-13   5887.14 1 
  5880.77 3.2853e-13   5889.89 1 
  5883.51 2.8896e-13   5892.64 1 
  5886.26 2.5233e-13   5895.39 1 
  5889.01 2.3648e-13   5898.14 1 
  5891.75 2.1545e-13   5900.89 1 
  5894.50 2.4320e-13   5903.64 1 
  5897.24 2.6849e-13   5906.39 1 
  5899.99 2.9455e-13   5909.14 1 
  5902.73 3.2767e-13   5911.89 1 
  5905.48 3.2890e-13   5914.64 1 
  5908.23 3.2207e-13   5917.39 1 
  5910.97 3.3854e-13   5920.14 1 
  5913.72 3.4389e-13   5922.89 1 
  5916.46 3.3856e-13   5925.64 1 
  5919.21 3.4866e-13   5928.39 1 
  5921.96 3.4037e-13   5931.14 1 
  5924.70 3.4455e-13   5933.89 1 
  5927.45 3.3699e-13   5936.64 1 
  5930.19 3.4047e-13   5939.39 1 
  5932.94 3.3677e-13   5942.14 1 
  5935.68 3.4643e-13   5944.89 1 
  5938.43 3.4164e-13   5947.64 1 
  5941.18 3.4236e-13   5950.39 1 
  5943.92 3.4370e-13   5953.14 1 
  5946.67 3.4581e-13   5955.89 1 
  5949.41 3.4395e-13   5958.64 1 
  5952.16 3.3836e-13   5961.39 1 
  5954.90 3.3434e-13   5964.14 1 
  5957.65 3.3832e-13   5966.89 1 
  5960.40 3.4423e-13   5969.64 1 
  5963.14 3.3815e-13   5972.39 1 
  5965.89 3.4465e-13   5975.14 1 
  5968.63 3.4694e-13   5977.89 1 
  5971.38 3.4636e-13   5980.64 1 
  5974.12 3.5130e-13   5983.39 1 
  5976.87 3.4606e-13   5986.14 1 
  5979.62 3.4507e-13   5988.89 1 
  5982.36 3.4903e-13   5991.64 1 
  5985.11 3.4791e-13   5994.39 1 
  5987.85 3.5091e-13   5997.14 1 
  5990.60 3.4150e-13   5999.89 1 
  5993.34 3.4279e-13   6002.64 1 
  5996.09 3.4988e-13   6005.39 1 
  5998.84 3.4774e-13   6008.14 1 
  6001.58 3.4230e-13   6010.89 1 
  6004.33 3.3813e-13   6013.64 1 
  6007.07 3.4268e-13   6016.39 1 
  6009.82 3.4508e-13   6019.14 1 
  6012.56 3.4120e-13   6021.89 1 
  6015.31 3.4084e-13   6024.64 1 
  6018.06 3.4195e-13   6027.39 1 
  6020.80 3.4273e-13   6030.14 1 
  6023.55 3.4460e-13   6032.89 1 
  6026.29 3.4772e-13   6035.64 1 
  6029.04 3.5260e-13   6038.39 1 
  6031.78 3.5582e-13   6041.14 1 
  6034.53 3.5695e-13   6043.89 1 
  6037.28 3.5733e-13   6046.64 1 
  6040.02 3.5305e-13   6049.39 1 
  6042.77 3.5200e-13   6052.14 1 
  6045.51 3.5262e-13   6054.89 1 
  6048.26 3.5550e-13   6057.64 1 
  6051.01 3.5641e-13   6060.39 1 
  6053.75 3.5248e-13   6063.14 1 
  6056.50 3.5352e-13   6065.89 1 
  6059.24 3.5019e-13   6068.64 1 
  6061.99 3.4402e-13   6071.39 1 
  6064.73 3.4873e-13   6074.14 1 
  6067.48 3.5021e-13   6076.89 1 
  6070.23 3.5351e-13   6079.64 1 
  6072.97 3.6053e-13   6082.39 1 
  6075.72 3.5756e-13   6085.14 1 
  6078.46 3.5193e-13   6087.89 1 
  6081.21 3.5413e-13   6090.64 1 
  6083.95 3.5054e-13   6093.39 1 
  6086.70 3.4695e-13   6096.14 1 
  6089.45 3.4667e-13   6098.89 1 
  6092.19 3.4831e-13   6101.64 1 
  6094.94 3.4902e-13   6104.39 1 
  6097.68 3.4947e-13   6107.14 1 
  6100.43 3.4593e-13   6109.89 1 
  6103.17 3.4610e-13   6112.64 1 
  6105.92 3.4136e-13   6115.39 1 
  6108.67 3.4393e-13   6118.14 1 
  6111.41 3.5190e-13   6120.89 1 
  6114.16 3.5310e-13   6123.64 1 
  6116.90 3.5189e-13   6126.39 1 
  6119.65 3.4069e-13   6129.14 1 
  6122.39 3.3527e-13   6131.89 1 
  6125.14 3.3860e-13   6134.64 1 
  6127.89 3.5066e-13   6137.39 1 
  6130.63 3.5235e-13   6140.14 1 
  6133.38 3.3619e-13   6142.89 1 
  6136.12 3.4354e-13   6145.64 1 
  6138.87 3.3750e-13   6148.39 1 
  6141.61 3.3960e-13   6151.14 1 
  6144.36 3.4652e-13   6153.89 1 
  6147.11 3.4553e-13   6156.64 1 
  6149.85 3.4340e-13   6159.39 1 
  6152.60 3.4440e-13   6162.14 1 
  6155.34 3.3877e-13   6164.89 1 
  6158.09 3.4388e-13   6167.64 1 
  6160.83 3.3326e-13   6170.39 1 
  6163.58 3.2159e-13   6173.14 1 
  6166.33 3.1894e-13   6175.89 1 
  6169.07 3.1959e-13   6178.64 1 
  6171.82 3.2908e-13   6181.39 1 
  6174.56 3.2222e-13   6184.14 1 
  6177.31 3.3429e-13   6186.89 1 
  6180.05 3.4712e-13   6189.64 1 
  6182.80 3.3252e-13   6192.39 1 
  6185.55 3.3567e-13   6195.14 1 
  6188.29 3.4043e-13   6197.89 1 
  6191.04 3.3503e-13   6200.64 1 
  6193.78 3.2738e-13   6203.39 1 
  6196.53 3.2781e-13   6206.14 1 
  6199.28 3.4212e-13   6208.89 1 
  6202.02 3.4248e-13   6211.64 1 
  6204.77 3.5334e-13   6214.39 1 
  6207.51 3.4806e-13   6217.14 1 
  6210.26 3.4998e-13   6219.89 1 
  6213.00 3.4130e-13   6222.64 1 
  6215.75 3.3687e-13   6225.39 1 
  6218.50 3.3203e-13   6228.14 1 
  6221.24 3.3219e-13   6230.89 1 
  6223.99 3.3876e-13   6233.64 1 
  6226.73 3.3559e-13   6236.39 1 
  6229.48 3.3721e-13   6239.14 1 
  6232.22 3.3422e-13   6241.89 1 
  6234.97 3.2306e-13   6244.64 1 
  6237.72 3.2856e-13   6247.39 1 
  6240.46 3.3711e-13   6250.14 1 
  6243.21 3.3356e-13   6252.89 1 
  6245.95 3.3206e-13   6255.64 1 
  6248.70 3.3191e-13   6258.39 1 
  6251.44 3.3002e-13   6261.14 1 
  6254.19 3.2957e-13   6263.89 1 
  6256.94 3.2097e-13   6266.64 1 
  6259.68 3.1955e-13   6269.39 1 
  6262.43 3.2396e-13   6272.14 1 
  6265.17 3.3368e-13   6274.89 1 
  6267.92 3.4532e-13   6277.64 1 
  6270.66 3.2523e-13   6280.39 1 
  6273.41 3.4492e-13   6283.14 1 
  6276.16 3.5963e-13   6285.89 1 
  6278.90 3.4143e-13   6288.64 1 
  6281.65 3.3356e-13   6291.39 1 
  6284.39 3.3691e-13   6294.14 1 
  6287.14 3.4918e-13   6296.89 1 
  6289.88 3.3627e-13   6299.64 1 
  6292.63 3.2423e-13   6302.39 1 
  6295.38 3.2862e-13   6305.14 1 
  6298.12 3.4049e-13   6307.89 1 
  6300.87 3.4002e-13   6310.64 1 
  6303.61 3.4159e-13   6313.39 1 
  6306.36 3.4316e-13   6316.14 1 
  6309.10 3.4389e-13   6318.89 1 
  6311.85 3.4404e-13   6321.64 1 
  6314.60 3.4065e-13   6324.39 1 
  6317.34 3.4706e-13   6327.14 1 
  6320.09 3.4199e-13   6329.89 1 
  6322.83 3.4227e-13   6332.64 1 
  6325.58 3.5474e-13   6335.39 1 
  6328.32 3.4360e-13   6338.14 1 
  6331.07 3.5028e-13   6340.89 1 
  6333.82 3.3914e-13   6343.64 1 
  6336.56 3.5013e-13   6346.39 1 
  6339.31 3.4550e-13   6349.14 1 
  6342.05 3.4515e-13   6351.89 1 
  6344.80 3.5411e-13   6354.64 1 
  6347.55 3.4742e-13   6357.39 1 
  6350.29 3.4662e-13   6360.14 1 
  6353.04 3.5089e-13   6362.89 1 
  6355.78 3.4927e-13   6365.64 1 
  6358.53 3.4168e-13   6368.39 1 
  6361.27 3.3630e-13   6371.14 1 
  6364.02 3.4306e-13   6373.89 1 
  6366.77 3.4362e-13   6376.64 1 
  6369.51 3.4768e-13   6379.39 1 
  6372.26 3.5250e-13   6382.14 1 
  6375.00 3.5626e-13   6384.89 1 
  6377.75 3.6439e-13   6387.64 1 
  6380.49 3.5238e-13   6390.39 1 
  6383.24 3.5060e-13   6393.14 1 
  6385.99 3.5094e-13   6395.89 1 
  6388.73 3.5337e-13   6398.64 1 
  6391.48 3.5132e-13   6401.39 1 
  6394.22 3.4949e-13   6404.14 1 
  6396.97 3.4244e-13   6406.89 1 
  6399.71 3.5153e-13   6409.64 1 
  6402.46 3.5296e-13   6412.39 1 
  6405.21 3.4913e-13   6415.14 1 
  6407.95 3.4151e-13   6417.89 1 
  6410.70 3.4221e-13   6420.64 1 
  6413.44 3.4572e-13   6423.39 1 
  6416.19 3.4983e-13   6426.14 1 
  6418.93 3.4687e-13   6428.89 1 
  6421.68 3.4570e-13   6431.64 1 
  6424.43 3.4251e-13   6434.39 1 
  6427.17 3.6428e-13   6437.14 1 
  6429.92 3.5415e-13   6439.89 1 
  6432.66 3.4286e-13   6442.64 1 
  6435.41 3.4382e-13   6445.39 1 
  6438.15 3.5008e-13   6448.14 1 
  6440.90 3.5282e-13   6450.89 1 
  6443.65 3.7325e-13   6453.64 1 
  6446.39 4.0415e-13   6456.39 1 
  6449.14 3.5666e-13   6459.14 1 
  6451.88 3.3935e-13   6461.89 1 
  6454.63 3.3540e-13   6464.64 1 
  6457.37 3.4318e-13   6467.39 1 
  6460.12 3.4457e-13   6470.14 1 
  6462.87 3.4292e-13   6472.89 1 
  6465.61 3.3692e-13   6475.64 1 
  6468.36 3.4277e-13   6478.39 1 
  6471.10 3.4723e-13   6481.14 1 
  6473.85 3.4904e-13   6483.89 1 
  6476.59 3.4596e-13   6486.64 1 
  6479.34 3.5022e-13   6489.39 1 
  6482.09 3.4751e-13   6492.14 1 
  6484.83 3.4413e-13   6494.89 1 
  6487.58 3.5304e-13   6497.64 1 
  6490.32 3.4192e-13   6500.39 1 
  6493.07 3.1640e-13   6503.14 1 
  6495.82 3.2224e-13   6505.89 1 
  6498.56 3.1977e-13   6508.64 1 
  6501.31 3.2214e-13   6511.39 1 
  6504.05 3.3533e-13   6514.14 1 
  6506.80 3.4105e-13   6516.89 1 
  6509.54 3.4012e-13   6519.64 1 
  6512.29 3.4214e-13   6522.39 1 
  6515.04 3.4519e-13   6525.14 1 
  6517.78 3.5162e-13   6527.89 1 
  6520.53 3.5597e-13   6530.64 1 
  6523.27 3.5147e-13   6533.39 1 
  6526.02 3.5131e-13   6536.14 1 
  6528.76 3.5759e-13   6538.89 1 
  6531.51 3.5304e-13   6541.64 1 
  6534.26 3.5099e-13   6544.39 1 
  6537.00 3.6025e-13   6547.14 1 
  6539.75 3.6499e-13   6549.89 1 
  6542.49 3.6931e-13   6552.64 1 
  6545.24 3.8355e-13   6555.39 1 
  6547.98 3.8273e-13   6558.14 1 
  6550.73 3.7155e-13   6560.89 1 
  6553.48 3.7412e-13   6563.64 1 
  6556.22 3.7789e-13   6566.39 1 
  6558.97 3.9395e-13   6569.14 1 
  6561.71 4.0911e-13   6571.89 1 
  6564.46 3.8869e-13   6574.64 1 
  6567.20 3.5936e-13   6577.39 1 
  6569.95 3.4941e-13   6580.14 1 
  6572.70 3.4557e-13   6582.89 1 
  6575.44 3.6148e-13   6585.64 1 
  6578.19 3.8683e-13   6588.39 1 
  6580.93 4.2985e-13   6591.14 1 
  6583.68 4.4533e-13   6593.89 1 
  6586.42 4.4016e-13   6596.64 1 
  6589.17 4.1591e-13   6599.39 1 
  6591.92 3.8719e-13   6602.14 1 
  6594.66 3.6236e-13   6604.89 1 
  6597.41 3.5721e-13   6607.64 1 
  6600.15 3.5446e-13   6610.39 1 
  6602.90 3.4962e-13   6613.14 1 
  6605.64 3.4947e-13   6615.89 1 
  6608.39 3.5443e-13   6618.64 1 
  6611.14 3.6015e-13   6621.39 1 
  6613.88 3.6197e-13   6624.14 1 
  6616.63 3.5750e-13   6626.89 1 
  6619.37 3.5758e-13   6629.64 1 
  6622.12 3.5537e-13   6632.39 1 
  6624.86 3.6180e-13   6635.14 1 
  6627.61 3.6485e-13   6637.89 1 
  6630.36 3.6163e-13   6640.64 1 
  6633.10 3.5333e-13   6643.39 1 
  6635.85 3.5735e-13   6646.14 1 
  6638.59 3.6064e-13   6648.89 1 
  6641.34 3.5415e-13   6651.64 1 
  6644.09 3.6653e-13   6654.39 1 
  6646.83 3.5150e-13   6657.14 1 
  6649.58 3.7130e-13   6659.89 1 
  6652.32 3.5789e-13   6662.64 1 
  6655.07 3.5746e-13   6665.39 1 
  6657.81 3.5367e-13   6668.14 1 
  6660.56 3.5474e-13   6670.89 1 
  6663.31 3.5475e-13   6673.64 1 
  6666.05 3.5597e-13   6676.39 1 
  6668.80 3.5126e-13   6679.14 1 
  6671.54 3.3630e-13   6681.89 1 
  6674.29 3.5304e-13   6684.64 1 
  6677.03 3.5748e-13   6687.39 1 
  6679.78 3.5138e-13   6690.14 1 
  6682.53 3.5532e-13   6692.89 1 
  6685.27 3.6007e-13   6695.64 1 
  6688.02 3.5290e-13   6698.39 1 
  6690.76 3.5648e-13   6701.14 1 
  6693.51 3.5393e-13   6703.89 1 
  6696.25 3.5776e-13   6706.64 1 
  6699.00 3.5585e-13   6709.39 1 
  6701.75 3.5075e-13   6712.14 1 
  6704.49 3.4713e-13   6714.89 1 
  6707.24 3.5561e-13   6717.64 1 
  6709.98 3.6114e-13   6720.39 1 
  6712.73 3.6648e-13   6723.14 1 
  6715.47 3.7388e-13   6725.89 1 
  6718.22 3.7295e-13   6728.64 1 
  6720.97 3.7057e-13   6731.39 1 
  6723.71 3.6833e-13   6734.14 1 
  6726.46 3.6400e-13   6736.89 1 
  6729.20 3.6051e-13   6739.64 1 
  6731.95 3.6835e-13   6742.39 1 
  6734.69 3.7352e-13   6745.14 1 
  6737.44 3.6329e-13   6747.89 1 
  6740.19 3.5371e-13   6750.64 1 
  6742.93 3.4578e-13   6753.39 1 
  6745.68 3.4768e-13   6756.14 1 
  6748.42 3.4846e-13   6758.89 1 
  6751.17 3.4624e-13   6761.64 1 
  6753.91 3.5400e-13   6764.39 1 
  6756.66 3.6255e-13   6767.14 1 
  6759.41 3.5997e-13   6769.89 1 
  6762.15 3.5618e-13   6772.64 1 
  6764.90 3.5732e-13   6775.39 1 
  6767.64 3.5787e-13   6778.14 1 
  6770.39 3.5015e-13   6780.89 1 
  6773.14 3.5877e-13   6783.64 1 
  6775.88 3.5610e-13   6786.39 1 
  6778.63 3.4936e-13   6789.14 1 
  6781.37 3.5984e-13   6791.89 1 
  6784.12 3.6740e-13   6794.64 1 
  6786.86 3.4152e-13   6797.39 1 
  6789.61 3.3651e-13   6800.14 1 
  6792.36 3.5627e-13   6802.89 1 
  6795.10 3.4650e-13   6805.64 1 
  6797.85 3.3165e-13   6808.39 1 
  6800.59 3.4567e-13   6811.14 1 
  6803.34 3.4929e-13   6813.89 1 
  6806.08 3.5704e-13   6816.64 1 
  6808.83 3.6081e-13   6819.39 1 
  6811.58 3.5474e-13   6822.14 1 
  6814.32 3.5543e-13   6824.89 1 
  6817.07 3.5209e-13   6827.64 1 
  6828.53 3.5525e-13   6839.12 0 
  6844.27 3.5268e-13   6854.88 0 
  6860.04 3.4771e-13   6870.68 0 
  6875.86 3.5000e-13   6886.52 0 
  6891.71 3.3489e-13   6902.40 0 
  6907.59 3.4733e-13   6918.31 0 
  6923.52 3.4641e-13   6934.26 0 
  6939.48 3.5680e-13   6950.24 0 
  6955.48 3.5749e-13   6966.26 0 
  6971.51 3.5983e-13   6982.33 0 
  6987.58 3.4589e-13   6998.42 0 
  7003.69 3.5956e-13   7014.55 0 
  7019.83 3.5696e-13   7030.72 0 
  7036.02 3.5682e-13   7046.93 0 
  7052.24 3.6752e-13   7063.18 0 
  7068.49 3.3972e-13   7079.46 0 
  7084.79 3.5396e-13   7095.78 0 
  7101.12 3.3174e-13   7112.14 0 
  7117.49 3.2857e-13   7128.53 0 
  7133.90 3.2769e-13   7144.96 0 
  7150.34 3.3059e-13   7161.43 0 
  7166.83 3.3199e-13   7177.94 0 
  7183.35 3.2581e-13   7194.49 0 
  7199.91 3.1462e-13   7211.08 0 
  7216.50 3.2857e-13   7227.70 0 
  7233.14 3.4234e-13   7244.36 0 
  7249.82 3.3751e-13   7261.06 0 
  7266.53 3.3972e-13   7277.80 0 
  7283.28 3.3802e-13   7294.57 0 
  7300.07 3.2642e-13   7311.39 0 
  7316.90 3.4246e-13   7328.25 0 
  7333.76 3.4549e-13   7345.14 0 
  7350.67 3.5421e-13   7362.07 0 
  7367.62 3.5489e-13   7379.04 0 
  7384.60 3.7146e-13   7396.05 0 
  7401.62 3.6370e-13   7413.10 0 
  7418.69 3.6105e-13   7430.19 0 
  7435.79 3.7359e-13   7447.32 0 
  7452.93 3.5911e-13   7464.49 0 
  7470.11 3.5322e-13   7481.70 0 
  7487.33 3.7142e-13   7498.94 0 
  7504.59 3.6450e-13   7516.23 0 
  7521.89 3.7542e-13   7533.56 0 
  7539.23 3.6927e-13   7550.92 0 
  7556.61 3.7771e-13   7568.33 0 
  7574.03 3.6982e-13   7585.78 0 
  7591.49 3.6881e-13   7603.26 0 
  7608.99 3.6781e-13   7620.79 0 
  7626.53 3.4391e-13   7638.36 0 
  7644.11 3.6080e-13   7655.97 0 
  7661.73 3.4841e-13   7673.61 0 
  7679.39 3.5230e-13   7691.30 0 
  7697.10 3.4892e-13   7709.04 0 
  7714.84 3.4637e-13   7726.81 0 
  7732.62 3.4069e-13   7744.62 0 
  7750.45 3.3588e-13   7762.47 0 
  7768.32 3.3962e-13   7780.37 0 
  7786.22 3.3637e-13   7798.30 0 
  7804.17 3.3700e-13   7816.28 0 
  7822.17 3.5030e-13   7834.30 0 
  7840.20 3.3209e-13   7852.36 0 
  7858.27 3.4046e-13   7870.46 0 
  7876.39 3.4585e-13   7888.60 0 
  7894.54 3.4809e-13   7906.79 0 
  7912.74 3.4238e-13   7925.01 0 
  7930.98 3.3521e-13   7943.28 0 
  7949.26 3.2820e-13   7961.59 0 
  7967.59 3.3415e-13   7979.95 0 
  7985.96 3.3943e-13   7998.34 0 
  8004.37 3.3233e-13   8016.78 0 
  8022.82 3.4944e-13   8035.26 0 
  8041.31 3.5252e-13   8053.78 0 
  8059.85 3.4833e-13   8072.35 0 
  8078.43 3.3481e-13   8090.96 0 
  8097.05 3.4325e-13   8109.61 0 
  8115.72 3.4388e-13   8128.31 0 
  8134.43 3.4611e-13   8147.04 0 
  8153.18 3.4043e-13   8165.82 0 
  8171.98 3.1683e-13   8184.65 0 
  8190.81 3.2782e-13   8203.52 0 
  8209.69 3.3530e-13   8222.43 0 
  8228.62 3.3361e-13   8241.38 0 
  8247.59 3.5241e-13   8260.38 0 
  8266.60 3.4186e-13   8279.42 0 
  8285.65 3.3624e-13   8298.51 0 
  8304.76 3.3454e-13   8317.64 0 
  8323.90 3.3982e-13   8336.81 0 
  8343.09 3.2438e-13   8356.03 0 
  8362.32 3.3951e-13   8375.29 0 
  8381.60 3.3702e-13   8394.60 0 
  8400.92 3.4076e-13   8413.95 0 
  8420.29 3.3132e-13   8433.35 0 
  8439.70 3.4439e-13   8452.79 0 
  8459.15 3.2647e-13   8472.27 0 
  8478.65 3.1020e-13   8491.80 0 
  8498.20 3.3070e-13   8511.38 0 
  8517.79 3.2978e-13   8531.00 0 
  8537.42 3.2065e-13   8550.67 0 
  8557.11 2.9704e-13   8570.38 0 
  8576.83 3.2780e-13   8590.14 0 
  8596.60 3.2614e-13   8609.94 0 
  8616.42 3.2449e-13   8629.79 0 
  8636.28 3.2733e-13   8649.68 0 
  8656.19 3.1462e-13   8669.62 0 
  8676.15 2.9824e-13   8689.60 0 
  8696.15 2.9810e-13   8709.64 0 
  8716.19 3.2445e-13   8729.71 0 
  8736.29 3.2579e-13   8749.84 0 
  8756.43 3.2563e-13   8770.01 0 
  8776.61 3.2398e-13   8790.23 0 
  8796.84 3.3366e-13   8810.49 0 
  8817.13 2.8780e-13   8830.80 0 
  8837.45 3.2952e-13   8851.16 0 
  8857.82 3.2935e-13   8871.56 0 
  8878.24 3.0370e-13   8892.01 0 
  8898.71 3.1205e-13   8912.51 0 
  8919.22 3.1478e-13   8933.05 0 
  8939.78 3.1031e-13   8953.65 0 
  8960.39 3.0802e-13   8974.29 0 
  8981.05 2.9469e-13   8994.98 0 
  9001.75 2.8063e-13   9015.71 0 
  9022.50 2.9169e-13   9036.50 0 
  9043.30 3.2787e-13   9057.33 0 
  9064.15 3.3303e-13   9078.20 0 
  9085.04 3.2379e-13   9099.13 0 
  9105.99 3.1992e-13   9120.11 0 
  9126.98 2.8696e-13   9141.13 0 
  9148.01 2.9826e-13   9162.20 0 
  9169.11 3.1215e-13   9183.33 0 
  9190.24 3.1199e-13   9204.50 0 
  9211.43 3.1255e-13   9225.71 0 
  9232.66 3.0178e-13   9246.98 0 
  9253.95 2.9955e-13   9268.30 0 
  9275.28 3.2006e-13   9289.66 0 
  9296.66 2.8708e-13   9311.08 0 
  9318.09 3.1534e-13   9332.54 0 
  9339.57 3.1663e-13   9354.06 0 
  9361.10 3.0997e-13   9375.62 0 
  9382.68 3.1484e-13   9397.23 0 
  9404.31 3.0893e-13   9418.90 0 
  9425.99 3.1742e-13   9440.61 0 
  9447.72 3.1217e-13   9462.37 0 
  9469.50 3.1928e-13   9484.18 0 
  9491.32 3.1984e-13   9506.05 0 
  9513.21 3.1311e-13   9527.96 0 
  9535.14 3.1511e-13   9549.93 0 
  9557.12 3.0919e-13   9571.94 0 
  9579.15 3.1332e-13   9594.01 0 
  9601.23 3.1387e-13   9616.12 0 
  9623.36 3.1588e-13   9638.29 0 
  9645.55 3.0994e-13   9660.51 0 
  9667.79 3.0977e-13   9682.78 0 
  9690.07 3.1391e-13   9705.10 0 
  9712.41 3.0872e-13   9727.47 0 
  9734.80 3.0572e-13   9749.90 0 
  9757.24 3.0484e-13   9772.37 0 
  9779.73 3.0608e-13   9794.90 0 
  9802.28 3.0945e-13   9817.48 0 
  9824.87 3.0644e-13   9840.11 0 
  9847.52 3.0768e-13   9862.79 0 
  9870.22 3.0539e-13   9885.53 0 
  9892.98 3.0522e-13   9908.32 0 
  9915.78 3.0086e-13   9931.16 0 
  9938.64 3.0347e-13   9954.05 0 
  9961.55 3.0470e-13   9977.00 0 
  9984.51 3.0312e-13  10000.00 0 
 10030.60 3.0347e-13  10046.15 0 
 10076.90 2.9965e-13  10092.53 0 
 10123.41 3.0277e-13  10139.12 0 
 10170.14 2.9895e-13  10185.91 0 
 10217.09 2.9998e-13  10232.94 0 
 10264.25 3.0032e-13  10280.17 0 
 10311.62 2.9789e-13  10327.61 0 
 10503.32 2.8838e-13  10519.62 0 
 10698.60 2.7668e-13  10715.20 0 
 10897.50 2.6852e-13  10914.41 0 
 11100.10 2.5703e-13  11117.32 0 
 11306.46 2.5234e-13  11324.00 0 
 11490.18 2.5060e-13  11508.00 0 
 11703.79 2.4433e-13  11721.95 0 
 11893.98 2.3604e-13  11912.43 0 
 12087.24 2.3173e-13  12105.99 0 
 12311.95 2.2802e-13  12331.05 0 
 12512.01 2.2232e-13  12531.41 0 
 12686.07 2.1726e-13  12705.74 0 
 12892.20 2.1280e-13  12912.19 0 
 13101.68 2.0892e-13  13122.00 0 
 13314.56 2.0323e-13  13335.21 0 
 13499.79 1.9952e-13  13520.73 0 
 13687.59 1.9633e-13  13708.82 0 
 13909.99 1.8923e-13  13931.57 0 
 14103.50 1.8154e-13  14125.38 0 
 14299.70 1.7864e-13  14321.88 0 
 14498.63 1.7988e-13  14521.12 0 
 14700.33 1.7377e-13  14723.13 0 
 14904.82 1.7578e-13  14927.94 0 
 15112.17 1.7660e-13  15135.61 0 
 15287.16 1.7946e-13  15310.87 0 
 15499.83 1.7782e-13  15523.87 0 
 15715.46 1.7538e-13  15739.83 0 
 15897.44 1.6943e-13  15922.09 0 
 16081.51 1.7021e-13  16106.45 0 
 16305.22 1.6865e-13  16330.51 0 
 16494.03 1.6633e-13  16519.62 0 
 16685.03 1.6443e-13  16710.91 0 
 16917.14 1.6180e-13  16943.38 0 
 17113.04 1.5775e-13  17139.58 0 
 17311.18 1.5170e-13  17338.03 0 
 17511.64 1.4689e-13  17538.80 0 
 17714.42 1.4125e-13  17741.90 0 
 17919.55 1.3614e-13  17947.34 0 
 18085.35 1.3001e-13  18113.40 0 
 18294.77 1.2647e-13  18323.14 0 
 18506.62 1.2217e-13  18535.32 0 
 18720.90 1.1694e-13  18749.94 0 
 18894.13 1.1350e-13  18923.43 0 
 19112.92 1.1142e-13  19142.56 0 
 19289.76 1.0764e-13  19319.67 0 
 19513.12 1.0351e-13  19543.39 0 
 19693.69 9.9995e-14  19724.23 0 
 19921.73 9.6823e-14  19952.63 0 
 20106.05 9.5056e-14  20137.24 0 
 20292.10 9.1618e-14  20323.57 0 
 20479.85 9.0360e-14  20511.61 0 
 20717.00 8.7898e-14  20749.13 0 
 20908.70 8.5700e-14  20941.13 0 
 21102.15 8.3942e-14  21134.88 0 
 21297.42 8.2031e-14  21330.45 0 
 21494.49 8.0164e-14  21527.83 0 
 21693.36 7.7621e-14  21727.01 0 
 21894.09 7.6029e-14  21928.05 0 
 22096.66 7.3787e-14  22130.94 0 
 22301.13 7.1776e-14  22335.72 0 
 22507.49 7.0142e-14  22542.40 0 
 22715.73 6.8074e-14  22750.97 0 
 22925.93 6.0951e-14  22961.49 0 
 23084.83 6.0392e-14  23120.64 0 
 23298.45 5.2720e-14  23334.58 0 
 23514.03 4.9657e-14  23550.50 0 
 23677.01 5.0348e-14  23713.74 0 
 23896.11 4.6236e-14  23933.17 0 
 24117.20 4.4769e-14  24154.60 0 
 24284.38 4.4257e-14  24322.05 0 
 24509.07 4.1303e-14  24547.08 0 
 24678.97 4.0642e-14  24717.25 0 
 24907.31 3.4196e-14  24945.94 0 
 25079.97 3.3650e-14  25118.87 0 
 25312.02 3.3961e-14  25351.28 0 
 25487.49 3.3650e-14  25527.02 0 
 25723.30 3.4275e-14  25763.20 0 
 25901.62 3.3650e-14  25941.79 0 
 26081.15 3.3572e-14  26121.60 0 
 26322.49 3.2732e-14  26363.31 0 
 26504.93 3.2358e-14  26546.04 0 
 26688.67 3.1767e-14  26730.07 0 
 26873.66 3.1259e-14  26915.34 0 
 27122.33 3.0759e-14  27164.39 0 
 27310.32 3.0129e-14  27352.67 0 
 27499.64 2.9647e-14  27542.29 0 
 27690.24 2.8972e-14  27733.19 0 
 27882.20 2.8574e-14  27925.45 0 
 28075.45 2.7988e-14  28119.00 0 
 28270.08 2.7541e-14  28313.93 0 
 28531.64 2.6976e-14  28575.90 0 
 28729.43 2.6423e-14  28773.99 0 
 28928.56 2.6000e-14  28973.43 0 
 29129.10 2.5467e-14  29174.28 0 
 29331.00 2.4945e-14  29376.49 0 
 29466.38 2.4489e-14  29512.08 0 
 29670.64 2.4042e-14  29716.66 0 
 29876.30 2.3549e-14  29922.63 0 
 30083.41 2.3173e-14  30130.07 0 
 30291.92 2.2750e-14  30338.90 0 
 30501.91 2.2438e-14  30549.22 0 
 30713.33 2.2130e-14  30760.96 0 
 30926.24 2.1776e-14  30974.21 0 
 31068.98 2.1428e-14  31117.17 0 
 31284.32 2.1134e-14  31332.84 0 
 31501.19 2.0796e-14  31550.05 0 
 31719.53 2.0463e-14  31768.73 0 
 31865.97 2.0183e-14  31915.39 0 
 32086.84 1.9906e-14  32136.60 0 
 32309.27 1.9633e-14  32359.38 0 
 32533.21 1.9453e-14  32583.67 0 
 32683.37 1.9453e-14  32734.06 0 
 32909.94 1.9952e-14  32960.98 0 
 33138.04 1.9633e-14  33189.44 0 
 33290.99 1.8492e-14  33342.62 0 
 33521.77 1.7864e-14  33573.76 0 
 33676.49 1.7457e-14  33728.72 0 
 33909.94 1.7060e-14  33962.54 0 
 34066.45 1.6710e-14  34119.29 0 
 34302.57 1.6405e-14  34355.78 0 
 34460.93 1.6106e-14  34514.38 0 
 34699.79 1.5812e-14  34753.61 0 
 34859.98 1.5523e-14  34914.05 0 
 35101.60 1.5240e-14  35156.04 0 
 35263.61 1.4927e-14  35318.30 0 
 35508.07 1.4689e-14  35563.14 0 
 35671.95 1.4387e-14  35727.28 0 
 35919.24 1.4125e-14  35974.95 0 
 36085.02 1.3899e-14  36140.99 0 
 36335.14 1.3645e-14  36391.49 0 
 36502.88 1.3365e-14  36559.50 0 
 36671.36 1.3121e-14  36728.23 0 
 36925.53 1.2823e-14  36982.80 0 
 37096.00 1.2589e-14  37153.54 0 
 37267.22 1.2387e-14  37325.02 0 
 37525.52 1.2105e-14  37583.72 0 
 37698.76 1.1939e-14  37757.23 0 
 37872.76 1.1694e-14  37931.50 0 
 38135.26 1.1507e-14  38194.41 0 
 38311.31 1.1323e-14  38370.73 0 
 38488.14 1.1117e-14  38547.83 0 
 38665.78 1.0889e-14  38725.75 0 
 38933.82 1.0690e-14  38994.21 0 
 39113.52 1.0519e-14  39174.18 0 
 39294.04 1.0327e-14  39354.99 0 
 39475.45 1.0115e-14  39536.67 0 
 39657.64 9.9307e-15  39719.15 0 
 39932.56 9.7270e-15  39994.50 0 
 40116.87 9.5715e-15  40179.09 0 
 40302.03 9.4184e-15  40364.54 0 
 40488.04 9.2465e-15  40550.84 0 
 40674.95 9.0987e-15  40738.04 0 
 40862.69 8.9532e-15  40926.07 0 
 41145.91 8.8101e-15  41209.73 0 
 41335.86 8.6692e-15  41399.98 0 
 41526.65 8.5110e-15  41591.06 0 
 41718.31 8.3749e-15  41783.02 0 
 41910.91 8.2220e-15  41975.91 0 
 42104.34 8.0906e-15  42169.65 0 
 42298.68 7.9796e-15  42364.28 0 
 42493.95 7.8520e-15  42559.86 0 
 42690.08 7.7264e-15  42756.29 0 
 42887.11 7.4127e-15  42953.63 0 
 43085.10 7.0954e-15  43151.93 0 
 43283.96 7.0791e-15  43351.10 0 
 43483.74 6.7917e-15  43551.18 0 
 43684.44 6.6524e-15  43752.19 0 
 43886.11 6.5310e-15  43954.18 0 
 44088.66 6.3238e-15  44157.04 0 
 44292.15 6.2084e-15  44360.85 0 
 44496.63 6.1232e-15  44565.64 0 
 44702.00 5.9701e-15  44771.33 0 
 44908.32 5.9153e-15  44977.97 0 
 45115.64 5.8207e-15  45185.62 0 
 45323.87 5.7014e-15  45394.17 0 
 45533.06 5.6621e-15  45603.68 0 
 45743.22 5.5844e-15  45814.16 0 
 45848.71 5.4322e-15  45919.82 0 
 46060.32 5.4197e-15  46131.76 0 
 46272.91 5.3331e-15  46344.68 0 
 46486.53 5.2720e-15  46558.63 0 
 46701.09 5.2478e-15  46773.52 0 
 46916.63 5.1520e-15  46989.40 0 
 47133.18 5.0697e-15  47206.28 0 
 47350.77 5.0580e-15  47424.21 0 
 47459.92 4.9543e-15  47533.53 0 
 47678.97 4.9088e-15  47752.92 0 
 47899.08 4.8638e-15  47973.37 0 
 48120.15 4.7531e-15  48194.79 0 
 48342.25 4.7641e-15  48417.23 0 
 48453.68 4.6771e-15  48528.84 0 
 48677.37 4.6023e-15  48752.87 0 
 48902.04 4.5392e-15  48977.89 0 
 49127.75 4.4769e-15  49203.95 0 
 49354.49 4.4461e-15  49431.04 0 
 49468.31 4.3750e-15  49545.04 0 
 49696.63 4.3549e-15  49773.71 0 
 49926.01 4.2756e-15  50003.44 0 
 50156.49 4.2374e-15  50234.29 0 
 50272.11 4.1943e-15  50350.08 0 
 50504.13 4.1378e-15  50582.46 0 
 50737.23 4.1104e-15  50815.93 0 
 50854.19 4.0967e-15  50933.06 0 
 50971.47 4.0644e-15  51050.52 0 
 51088.96 4.0416e-15  51168.20 0 
 51206.72 4.0190e-15  51286.14 0 
 51324.75 4.0056e-15  51404.36 0 
 51443.06 3.9832e-15  51522.85 0 
 51561.65 3.9609e-15  51641.62 0 
 51680.55 3.9478e-15  51760.71 0 
 51799.68 3.9257e-15  51880.02 0 
 51919.08 3.9037e-15  51999.61 0 
 52038.76 3.8819e-15  52119.47 0 
 52158.71 3.8691e-15  52239.61 0 
 52278.94 3.8386e-15  52360.03 0 
 52399.45 3.8259e-15  52480.72 0 
 52520.29 3.8133e-15  52601.75 0 
 52641.35 3.8095e-15  52723.00 0 
 52762.70 3.7969e-15  52844.53 0 
 52884.32 3.7670e-15  52966.34 0 
 53006.22 3.7374e-15  53088.43 0 
 53128.40 3.7251e-15  53210.80 0 
 53250.93 3.7128e-15  53333.52 0 
 53373.67 3.7006e-15  53456.46 0 
 53496.70 3.6884e-15  53579.68 0 
 53620.02 3.6679e-15  53703.18 0 
 53743.62 3.6558e-15  53826.97 0 
 53867.50 3.6438e-15  53951.05 0 
 53991.67 3.6318e-15  54075.41 0 
 54116.18 3.6116e-15  54200.11 0 
 54240.92 3.5915e-15  54325.05 0 
 54365.95 3.5715e-15  54450.27 0 
 54491.27 3.5680e-15  54575.79 0 
 54616.88 3.5481e-15  54701.59 0 
 54742.77 3.5283e-15  54827.68 0 
 54868.96 3.5168e-15  54954.06 0 
 54995.49 3.5053e-15  55080.79 0 
 55122.26 3.4858e-15  55207.76 0 
 55249.32 3.4824e-15  55335.02 0 
 55376.68 3.4870e-15  55462.57 0 
 55504.32 3.4517e-15  55590.41 0 
 55632.27 3.4404e-15  55718.55 0 
 55760.56 3.4371e-15  55847.05 0 
 55889.09 3.4259e-15  55975.78 0 
 56017.92 3.4147e-15  56104.81 0 
 56147.05 3.4036e-15  56234.13 0 
 56276.47 3.3847e-15  56363.76 0 
 56406.19 3.3814e-15  56493.68 0 
 56536.21 3.3782e-15  56623.90 0 
 56666.59 3.3750e-15  56754.48 0 
 56797.22 3.3640e-15  56885.31 0 
 56928.14 3.3453e-15  57016.43 0 
 57059.36 3.3498e-15  57147.86 0 
 57190.89 3.3467e-15  57279.59 0 
 57322.71 3.3435e-15  57411.62 0 
 57454.91 3.3403e-15  57544.02 0 
 57587.35 3.3371e-15  57676.67 0 
 57720.09 3.3340e-15  57809.62 0 
 57853.14 3.3385e-15  57942.87 0 
 57986.50 3.3430e-15  58076.43 0 
 58120.16 3.3399e-15  58210.30 0 
 58254.13 3.3444e-15  58344.48 0 
 58388.47 3.3490e-15  58479.04 0 
 58523.06 3.3613e-15  58613.83 0 
 58657.96 3.3658e-15  58748.94 0 
 58793.18 3.3782e-15  58884.36 0 
 58928.70 3.3906e-15  59020.09 0 
 59153.21 3.2243e-15  59244.95 3 
 59462.58 3.2870e-15  59554.81 3 
 59771.95 3.2662e-15  59864.66 3 
 60081.32 3.7713e-15  60174.51 3 
 60390.71 3.8335e-15  60484.37 3 
 60700.07 4.0295e-15  60794.22 3 
 61009.44 4.3814e-15  61104.07 3 
 61318.83 4.6863e-15  61413.93 3 
 61628.20 5.5825e-15  61723.78 3 
 61937.56 6.3735e-15  62033.63 3 
 62246.94 5.9342e-15  62343.49 3 
 62556.31 5.2507e-15  62653.34 3 
 62865.69 5.0633e-15  62963.19 3 
 63175.06 4.4165e-15  63273.05 3 
 63484.44 4.3516e-15  63582.90 3 
 63793.82 4.1540e-15  63892.76 3 
 64103.19 3.8311e-15  64202.61 3 
 64412.55 3.5651e-15  64512.46 3 
 64721.94 3.3284e-15  64822.32 3 
 65031.30 3.4647e-15  65132.17 3 
 65340.68 3.4606e-15  65442.02 3 
 65650.06 3.2775e-15  65751.88 3 
 65959.42 3.3311e-15  66061.73 3 
 66268.80 3.4377e-15  66371.58 3 
 66578.18 3.2324e-15  66681.45 3 
 66887.55 3.3853e-15  66991.29 3 
 67196.92 3.0549e-15  67301.14 3 
 67506.30 3.2809e-15  67611.00 3 
 67815.67 3.5172e-15  67920.85 3 
 68125.05 3.5360e-15  68230.71 3 
 68434.42 3.5680e-15  68540.56 3 
 68743.79 3.6376e-15  68850.41 3 
 69053.17 3.8078e-15  69160.27 3 
 69362.54 3.6664e-15  69470.12 3 
 69671.92 3.5183e-15  69779.98 3 
 69981.29 3.6059e-15  70089.83 3 
 70290.66 3.6869e-15  70399.68 3 
 70600.04 3.4700e-15  70709.54 3 
 70909.41 3.5540e-15  71019.39 3 
 71218.78 3.5930e-15  71329.24 3 
 71528.16 3.6227e-15  71639.10 3 
 71837.53 3.4139e-15  71948.95 3 
 72146.91 3.6207e-15  72258.81 3 
 72456.28 3.5801e-15  72568.66 3 
 72765.65 3.9283e-15  72878.51 3 
 73075.04 3.8402e-15  73188.38 3 
 73384.40 3.9288e-15  73498.22 3 
 73693.77 4.2393e-15  73808.07 3 
 74003.15 4.2815e-15  74117.93 3 
 74312.52 4.0476e-15  74427.78 3 
 74621.89 4.5939e-15  74737.63 3 
 74931.27 4.9549e-15  75047.48 3 
 75220.40 4.7759e-15  75337.06 3 
 75240.65 5.3313e-15  75357.34 3 
 75550.03 5.4036e-15  75667.20 3 
 75840.36 5.4190e-15  75957.99 3 
 75859.39 5.3599e-15  75977.05 3 
 76460.35 5.3643e-15  76578.94 3 
 77080.32 5.1407e-15  77199.88 3 
 77700.31 4.9522e-15  77820.82 3 
 78320.28 4.9236e-15  78441.76 3 
 78940.27 4.7042e-15  79062.71 3 
 79560.25 4.3049e-15  79683.65 3 
 80180.23 4.0033e-15  80304.59 3 
 80800.22 3.5470e-15  80925.54 3 
 81420.19 3.2490e-15  81546.48 3 
 82040.17 3.1324e-15  82167.41 3 
 82660.15 3.1626e-15  82788.36 3 
 83280.13 3.1332e-15  83409.30 3 
 83900.12 2.9484e-15  84030.25 3 
 84520.10 2.8324e-15  84651.19 3 
 85140.08 2.9250e-15  85272.13 3 
 85760.06 3.2846e-15  85893.07 3 
 86380.05 2.9485e-15  86514.02 3 
 87000.02 2.6608e-15  87134.95 3 
 87620.00 2.2823e-15  87755.90 3 
 88239.98 2.0001e-15  88376.84 3 
 88859.96 1.7679e-15  88997.78 3 
 89479.94 1.6254e-15  89618.72 3 
 90099.92 1.5769e-15  90239.66 3 
 90719.90 1.4507e-15  90860.60 3 
 91339.89 1.3689e-15  91481.55 3 
 91959.86 1.2766e-15  92102.49 3 
 92579.85 1.2741e-15  92723.44 3 
 93199.83 1.2469e-15  93344.38 3 
 93819.81 1.3538e-15  93965.32 3 
 94439.78 1.1921e-15  94586.26 3 
 95059.76 1.1939e-15  95207.20 3 
 95679.75 1.2122e-15  95828.15 3 
 96299.73 1.5556e-15  96449.09 3 
 96919.70 1.5866e-15  97070.02 3 
 97539.69 1.2599e-15  97690.98 3 
 98159.68 1.1087e-15  98311.92 3 
 98779.65 1.0804e-15  98932.86 3 
 99399.64 1.0471e-15  99553.80 3 
100019.57 1.1330e-15 100174.70 3 
100639.60 1.0287e-15 100795.70 3 
101259.54 1.0160e-15 101416.59 3 
101879.59 1.0270e-15 102037.60 3 
102499.52 1.0183e-15 102658.50 3 
103119.55 1.0537e-15 103279.49 3 
103739.51 9.9312e-16 103900.41 3 
104359.44 1.0787e-15 104521.30 3 
104979.47 1.1810e-15 105142.30 3 
105599.41 1.2425e-15 105763.20 3 
106219.46 1.2736e-15 106384.20 3 
106839.39 1.3302e-15 107005.10 3 
107459.33 1.4038e-15 107626.00 3 
108079.37 1.3413e-15 108247.00 3 
108699.31 1.3512e-15 108867.91 3 
109319.34 1.4818e-15 109488.90 3 
109939.28 1.6606e-15 110109.80 3 
110559.32 1.8778e-15 110730.80 3 
111179.26 2.5313e-15 111351.70 3 
111799.20 4.3431e-15 111972.60 3 
112419.24 5.8497e-15 112593.60 3 
113039.18 5.4366e-15 113214.50 3 
113659.21 4.5069e-15 113835.50 3 
114279.15 3.4992e-15 114456.40 3 
114899.19 2.9322e-15 115077.40 3 
115519.13 2.5402e-15 115698.30 3 
116139.06 2.1903e-15 116319.20 3 
116759.11 2.0772e-15 116940.20 3 
117379.05 1.9638e-15 117561.10 3 
117999.08 1.8935e-15 118182.09 3 
118619.01 2.0140e-15 118802.99 3 
119239.06 2.1338e-15 119424.00 3 
119859.00 2.2256e-15 120044.90 3 
120478.93 2.1819e-15 120665.80 3 
121098.98 2.0846e-15 121286.80 3 
121718.92 1.9971e-15 121907.70 3 
122338.95 2.0317e-15 122528.70 3 
122958.88 2.1752e-15 123149.59 3 
123578.84 2.1336e-15 123770.51 3 
124198.87 2.1824e-15 124391.50 3 
124818.80 2.2514e-15 125012.40 3 
125438.84 2.3512e-15 125633.40 3 
126058.79 2.4553e-15 126254.30 3 
126678.82 2.4727e-15 126875.30 3 
127298.76 2.6236e-15 127496.20 3 
127918.70 2.7696e-15 128117.10 3 
128538.74 2.4361e-15 128738.10 3 
129158.67 1.8960e-15 129359.00 3 
129778.71 1.6791e-15 129980.00 3 
130398.65 1.5854e-15 130600.90 3 
131018.59 1.5471e-15 131221.80 3 
131638.63 1.5524e-15 131842.80 3 
132258.57 1.5277e-15 132463.70 3 
132878.61 1.4742e-15 133084.70 3 
133498.54 1.4601e-15 133705.59 3 
134118.58 1.4333e-15 134326.59 3 
134738.52 1.4388e-15 134947.50 3 
135358.47 1.4166e-15 135568.41 3 
135978.50 1.4080e-15 136189.41 3 
136598.43 1.3493e-15 136810.30 3 
137218.47 1.2007e-15 137431.30 3 
137838.42 1.1689e-15 138052.20 3 
138458.45 1.1213e-15 138673.20 3 
139078.38 1.0655e-15 139294.09 3 
139698.33 1.0968e-15 139915.00 3 
140318.37 1.1118e-15 140536.00 3 
140938.31 1.1384e-15 141156.91 3 
141558.33 1.1061e-15 141777.89 3 
142178.28 1.1288e-15 142398.80 3 
142798.32 1.1587e-15 143019.80 3 
143418.26 1.0522e-15 143640.70 3 
144038.19 9.9169e-16 144261.59 3 
144658.24 9.2339e-16 144882.61 3 
145191.71 9.8237e-16 145416.91 3 
146107.18 9.3082e-16 146333.80 3 
147022.76 9.0981e-16 147250.80 3 
147938.25 9.0884e-16 148167.70 3 
148853.72 9.0108e-16 149084.59 3 
149769.21 8.8401e-16 150001.50 3 
150684.79 8.8066e-16 150918.50 3 
151600.27 8.9017e-16 151835.41 3 
152515.74 8.9907e-16 152752.30 3 
153431.32 9.0496e-16 153669.30 3 
154346.81 9.3711e-16 154586.20 3 
155262.28 1.0905e-15 155503.09 3 
156177.77 1.0793e-15 156420.00 3 
157093.35 9.6478e-16 157337.00 3 
158008.83 9.8676e-16 158253.91 3 
158924.31 1.0297e-15 159170.80 3 
159839.89 1.0200e-15 160087.80 3 
160755.37 1.0007e-15 161004.70 3 
161670.84 9.8732e-16 161921.59 3 
162586.42 1.0769e-15 162838.59 3 
163501.91 1.2705e-15 163755.50 3 
164417.38 1.4726e-15 164672.39 3 
165332.87 1.4264e-15 165589.30 3 
166248.46 1.2951e-15 166506.31 3 
167163.92 1.2844e-15 167423.19 3 
168079.40 1.3137e-15 168340.09 3 
168994.89 1.4279e-15 169257.00 3 
169910.47 1.9293e-15 170174.00 3 
170825.96 1.9911e-15 171090.91 3 
171741.44 1.4817e-15 172007.81 3 
172657.02 1.3413e-15 172924.81 3 
173572.49 1.2960e-15 173841.70 3 
174487.98 1.2154e-15 174758.61 3 
175403.56 1.1033e-15 175675.61 3 
176319.03 1.0572e-15 176592.50 3 
177234.52 1.0548e-15 177509.41 3 
178149.99 1.0454e-15 178426.30 3 
179065.57 9.5594e-16 179343.30 3 
179981.05 9.0343e-16 180260.20 3 
180896.52 8.7470e-16 181177.09 3 
181812.10 8.5741e-16 182094.09 3 
182727.59 8.5043e-16 183011.00 3 
183643.06 8.8969e-16 183927.89 3 
184558.64 8.6053e-16 184844.89 3 
185474.13 8.4564e-16 185761.80 3 
186389.61 9.1385e-16 186678.70 3 
187305.08 9.8621e-16 187595.59 3 
188220.66 8.9284e-16 188512.59 3 
189136.15 8.5150e-16 189429.50 3 
190051.62 8.3809e-16 190346.39 3 
190967.22 8.3411e-16 191263.41 3 
191882.70 7.9406e-16 192180.31 3 
192798.16 8.0718e-16 193097.19 3 
193713.64 8.1203e-16 194014.09 3 
194629.24 7.8125e-16 194931.11 3 
195544.71 7.9760e-16 195848.00 3 
196460.20 8.0732e-16 196764.91 3 
197375.78 8.1313e-16 197681.91 3 
198291.25 7.9152e-16 198598.80 3 
199206.73 7.7089e-16 199515.70 3 
200122.22 7.7466e-16 200432.61 3 
201037.80 7.8147e-16 201349.61 3 
201953.27 7.6947e-16 202266.50 3 
202868.76 7.5068e-16 203183.41 3 
203784.34 7.5660e-16 204100.41 3 
204882.73 7.2522e-16 205200.50 3 
206645.31 7.6393e-16 206965.81 3 
208408.96 7.5667e-16 208732.20 3 
210173.52 7.1842e-16 210499.50 3 
211939.17 7.5296e-16 212267.89 3 
213705.84 7.4979e-16 214037.30 3 
215473.60 7.1856e-16 215807.80 3 
217242.24 7.3706e-16 217579.19 3 
219012.00 7.7880e-16 219351.69 3 
220782.77 7.5042e-16 221125.20 3 
222554.61 7.2896e-16 222899.80 3 
224327.47 7.7001e-16 224675.41 3 
226101.32 7.8753e-16 226452.00 3 
227876.25 7.7343e-16 228229.69 3 
229652.20 7.7640e-16 230008.39 3 
231429.15 7.8903e-16 231788.09 3 
233207.19 7.9511e-16 233568.89 3 
234986.24 7.9841e-16 235350.70 3 
236766.37 7.9440e-16 237133.59 3 
238547.61 7.9165e-16 238917.59 3 
240329.84 8.0114e-16 240702.59 3 
242113.08 8.1228e-16 242488.59 3 
243897.42 8.0057e-16 244275.70 3 
245682.74 7.9515e-16 246063.80 3 
247469.28 8.0881e-16 247853.11 3 
249256.72 8.2310e-16 249643.31 3 
251045.22 8.3358e-16 251434.59 3 
252834.85 8.2713e-16 253227.00 3 
254625.58 8.1786e-16 255020.50 3 
256417.30 8.4999e-16 256815.00 3 
258210.11 8.8387e-16 258610.59 3 
260004.03 8.9404e-16 260407.30 3 
261799.04 8.5759e-16 262205.09 3 
263595.07 8.2935e-16 264003.91 3 
265392.16 8.1837e-16 265803.78 3 
267190.40 8.6308e-16 267604.81 3 
268989.58 8.6480e-16 269406.78 3 
270790.00 8.8762e-16 271210.00 3 
272591.40 8.8888e-16 273014.19 3 
274393.92 8.8248e-16 274819.50 3 
276197.52 8.8938e-16 276625.91 3 
278002.22 8.6203e-16 278433.41 3 
279808.02 8.8075e-16 280242.00 3 
281614.90 9.9534e-16 282051.69 3 
283422.91 9.9396e-16 283862.50 3 
285232.01 9.2474e-16 285674.41 3 
287042.20 9.0435e-16 287487.41 3 
288853.49 9.1745e-16 289301.50 3 
290665.86 9.2880e-16 291116.69 3 
292479.36 9.5717e-16 292933.00 3 
294293.96 9.5178e-16 294750.41 3 
296109.64 9.6197e-16 296568.91 3 
297926.51 9.6330e-16 298388.59 3 
299744.50 9.6097e-16 300209.41 3 
301563.46 9.6058e-16 302031.19 3 
303383.64 9.8637e-16 303854.19 3 
305204.91 9.9061e-16 305678.28 3 
307027.39 1.0068e-15 307503.59 3 
308850.88 1.0072e-15 309329.91 3 
310675.55 1.0251e-15 311157.41 3 
312501.40 1.0291e-15 312986.09 3 
314328.29 1.0232e-15 314815.81 3 
316156.36 1.0465e-15 316646.72 3 
317985.59 1.0670e-15 318478.78 3 
319815.84 1.0390e-15 320311.88 3 
321647.31 1.0914e-15 322146.19 3 
323480.00 1.1244e-15 323981.72 3 
325313.72 1.0643e-15 325818.28 3 
327148.56 1.1129e-15 327655.97 3 
328984.65 1.1346e-15 329494.91 3 
330821.90 1.1530e-15 331335.00 3 
332660.23 1.2094e-15 333176.19 3 
334499.69 1.2792e-15 335018.50 3 
336340.34 1.2278e-15 336862.00 3 
338182.20 1.1726e-15 338706.72 3 
340025.21 1.2312e-15 340552.59 3 
341869.35 1.1821e-15 342399.59 3 
343714.62 1.1723e-15 344247.72 3 
345561.13 1.2361e-15 346097.09 3 
347408.79 1.3537e-15 347947.62 3 
349257.61 1.4368e-15 349799.31 3 
