# An Atlas of Galaxy Spectral Energy Distributions from the Ultraviolet to the Mid-Infrared
# Brown et al. (2014)
# http://dx.doi.org/10.5072/03/529D3551F0117
# 
# Column 1 : Restframe Wavelength (Angstrom)
# Column 2 : Flux per unit wavelength (ergs/s/cm^2/Angstrom)
# Column 3 : Observed wavelength (Angstrom)
# Column 4 : Source (0 = model, 1 = Optical Spectrum, 2 = Akari, 3 = Spitzer IRS)
# 
   100.06 4.8778e-23    102.33 0 
   101.92 7.1817e-23    104.23 0 
   104.05 9.5990e-23    106.41 0 
   105.99 1.3068e-22    108.39 0 
   107.96 1.8081e-22    110.41 0 
   109.97 2.7940e-22    112.46 0 
   114.09 4.6798e-22    116.68 0 
   118.10 7.3152e-22    120.78 0 
   121.13 3.0285e-21    123.88 0 
   125.10 4.3373e-21    127.94 0 
   127.13 5.0029e-21    130.02 0 
   128.02 5.4730e-21    130.92 0 
   131.00 6.6715e-21    133.97 0 
   131.91 8.1325e-21    134.90 0 
   134.05 9.1669e-21    137.09 0 
   136.86 1.2683e-20    139.96 0 
   140.04 1.5039e-20    143.22 0 
   142.98 4.6262e-20    146.22 0 
   146.98 1.3250e-19    150.31 0 
   151.10 1.5640e-19    154.53 0 
   154.98 1.8588e-19    158.49 0 
   158.95 2.2142e-19    162.55 0 
   161.91 2.4959e-19    165.58 0 
   166.06 2.9595e-19    169.82 0 
   169.93 3.4216e-19    173.78 0 
   173.09 3.8214e-19    177.01 0 
   177.12 4.3674e-19    181.13 0 
   180.00 4.8220e-19    184.08 0 
   182.08 5.1431e-19    186.21 0 
   185.89 5.8240e-19    190.11 0 
   191.10 6.7643e-19    195.43 0 
   194.21 7.4340e-19    198.61 0 
   197.82 8.2647e-19    202.30 0 
   201.96 9.2518e-19    206.54 0 
   204.77 1.0005e-18    209.41 0 
   210.02 1.0845e-18    214.78 0 
   215.90 1.3099e-18    220.80 0 
   219.92 1.4462e-18    224.91 0 
   222.98 1.5284e-18    228.03 0 
   227.12 1.6835e-18    232.27 0 
   229.75 2.6682e-18    234.96 0 
   234.02 4.6156e-18    239.33 0 
   240.03 6.0565e-18    245.47 0 
   246.19 6.0985e-18    251.77 0 
   251.92 6.8901e-18    257.63 0 
   257.19 6.1550e-18    263.03 0 
   260.17 7.2648e-18    266.07 0 
   263.79 7.9657e-18    269.77 0 
   268.70 8.3603e-18    274.79 0 
   273.69 8.7544e-18    279.90 0 
   278.78 9.0829e-18    285.10 0 
   283.96 9.6433e-18    290.40 0 
   289.91 9.8226e-18    296.48 0 
   295.98 1.0477e-17    302.69 0 
   300.79 1.0820e-17    307.61 0 
   307.80 1.1837e-17    314.77 0 
   317.88 1.3250e-17    325.09 0 
   328.29 1.4799e-17    335.74 0 
   338.27 1.6152e-17    345.94 0 
   347.75 1.7548e-17    355.63 0 
   356.67 2.1788e-17    364.75 0 
   365.82 3.0706e-17    374.11 0 
   375.20 3.4612e-17    383.71 0 
   384.82 3.3980e-17    393.55 0 
   394.70 5.2267e-17    403.65 0 
   404.82 7.1982e-17    414.00 0 
   414.25 8.1889e-17    423.64 0 
   421.95 8.4377e-17    431.52 0 
   429.80 9.0620e-17    439.54 0 
   440.82 1.2029e-16    450.82 0 
   451.09 1.3907e-16    461.32 0 
   459.47 1.3811e-16    469.89 0 
   470.18 1.5857e-16    480.84 0 
   480.02 1.9871e-16    490.91 0 
   490.07 1.8977e-16    501.19 0 
   500.34 2.5777e-16    511.68 0 
   506.13 2.3726e-16    517.61 0 
   511.99 3.9014e-16    523.60 0 
   520.31 4.0200e-16    532.11 0 
   529.98 4.0853e-16    542.00 0 
   539.84 3.6747e-16    552.08 0 
   549.87 3.8925e-16    562.34 0 
   560.10 5.5109e-16    572.80 0 
   570.51 6.6715e-16    583.45 0 
   579.78 7.0344e-16    592.93 0 
   590.56 7.6953e-16    603.95 0 
   600.15 6.9219e-16    613.76 0 
   609.90 7.1322e-16    623.73 0 
   619.81 9.6211e-16    633.87 0 
   629.89 9.5990e-16    644.17 0 
   640.12 1.1226e-15    654.64 0 
   650.52 1.1408e-15    665.27 0 
   658.05 1.0920e-15    672.98 0 
   665.67 1.2800e-15    680.77 0 
   674.93 1.4100e-15    690.24 0 
   684.32 1.2683e-15    699.84 0 
   695.44 1.5461e-15    711.21 0 
   705.12 1.3068e-15    721.11 0 
   716.58 1.7508e-15    732.82 0 
   726.54 1.8417e-15    743.02 0 
   734.96 1.9152e-15    751.62 0 
   745.18 1.9285e-15    762.08 0 
   755.55 1.9871e-15    772.68 0 
   764.30 1.8502e-15    781.63 0 
   774.93 2.1440e-15    792.50 0 
   785.71 2.0287e-15    803.53 0 
   794.81 2.2606e-15    812.83 0 
   805.86 2.3946e-15    824.14 0 
   815.20 2.4730e-15    833.68 0 
   824.64 2.5955e-15    843.33 0 
   834.18 2.1195e-15    853.10 0 
   845.79 2.6867e-15    864.97 0 
   855.58 2.7116e-15    874.98 0 
   865.49 2.8855e-15    885.12 0 
   875.51 2.9732e-15    895.36 0 
   885.65 3.0565e-15    905.73 0 
   895.90 3.1349e-15    916.22 0 
   904.19 3.1421e-15    924.70 0 
   914.66 3.1421e-15    935.41 0 
   925.26 7.8745e-15    946.24 0 
   935.97 1.3250e-14    957.19 0 
   944.63 1.9374e-14    966.05 0 
   955.57 2.4167e-14    977.24 0 
   964.41 2.6499e-14    986.28 0 
   975.58 8.7745e-15    997.70 0 
   984.60 2.1539e-14   1006.93 0 
   996.01 2.1990e-14   1018.59 0 
  1005.22 2.9732e-14   1028.02 0 
  1014.52 3.0285e-14   1037.53 0 
  1023.91 1.8803e-14   1047.13 0 
  1035.77 2.5132e-14   1059.25 0 
  1045.35 3.9014e-14   1069.05 0 
  1055.02 3.8126e-14   1078.95 0 
  1064.78 3.1421e-14   1088.93 0 
  1074.64 3.5994e-14   1099.01 0 
  1084.58 3.0495e-14   1109.18 0 
  1094.62 3.7951e-14   1119.44 0 
  1104.74 3.6663e-14   1129.80 0 
  1114.97 3.5746e-14   1140.25 0 
  1125.28 3.1785e-14   1150.80 0 
  1135.70 3.9375e-14   1161.45 0 
  1146.20 3.6917e-14   1172.20 0 
  1154.15 3.8302e-14   1180.32 0 
  1164.83 3.8568e-14   1191.24 0 
  1175.61 2.6377e-14   1202.26 0 
  1183.76 3.7517e-14   1210.60 0 
  1194.71 2.9595e-14   1221.80 0 
  1205.76 2.4056e-14   1233.11 0 
  1214.12 1.9241e-14   1241.65 0 
  1225.36 2.9801e-14   1253.14 0 
  1233.85 3.9375e-14   1261.83 0 
  1245.27 4.1901e-14   1273.50 0 
  1253.90 4.0572e-14   1282.33 0 
  1265.50 3.7344e-14   1294.20 0 
  1274.27 4.4898e-14   1303.17 0 
  1286.06 4.6583e-14   1315.22 0 
  1294.98 3.8568e-14   1324.34 0 
  1303.95 3.8657e-14   1333.52 0 
  1316.02 4.6262e-14   1345.86 0 
  1325.14 4.4486e-14   1355.19 0 
  1334.33 4.0665e-14   1364.58 0 
  1343.58 4.6369e-14   1374.04 0 
  1356.01 4.5105e-14   1386.76 0 
  1365.41 4.1231e-14   1396.37 0 
  1374.87 4.2386e-14   1406.05 0 
  1384.40 4.2484e-14   1415.79 0 
  1394.00 3.4294e-14   1425.61 0 
  1403.66 3.4532e-14   1435.49 0 
  1413.39 4.0015e-14   1445.44 0 
  1426.47 4.0107e-14   1458.81 0 
  1436.36 4.0947e-14   1468.93 0 
  1442.99 4.2386e-14   1475.71 0 
  1446.31 4.2877e-14   1479.11 0 
  1456.34 4.1613e-14   1489.36 0 
  1466.43 3.8925e-14   1499.69 0 
  1476.60 3.9285e-14   1510.08 0 
  1483.41 4.0015e-14   1517.05 0 
  1493.70 4.0293e-14   1527.57 0 
  1504.05 3.8302e-14   1538.15 0 
  1510.99 3.4772e-14   1545.25 0 
  1517.97 3.6663e-14   1552.39 0 
  1524.97 3.5911e-14   1559.55 0 
  1535.54 3.1133e-14   1570.36 0 
  1546.19 3.1133e-14   1581.25 0 
  1553.32 3.0355e-14   1588.55 0 
  1564.09 3.2526e-14   1599.56 0 
  1574.93 3.4772e-14   1610.65 0 
  1585.85 3.6160e-14   1621.81 0 
  1593.17 3.6663e-14   1629.30 0 
  1604.21 3.5994e-14   1640.59 0 
  1615.33 3.5828e-14   1651.96 0 
  1626.53 3.4692e-14   1663.41 0 
  1634.04 3.6663e-14   1671.09 0 
  1645.36 3.7087e-14   1682.67 0 
  1656.77 3.5337e-14   1694.34 0 
  1664.42 3.7517e-14   1702.16 0 
  1672.10 3.3980e-14   1710.02 0 
  1675.95 3.8568e-14   1713.96 0 
  1683.69 3.9285e-14   1721.87 0 
  1695.36 3.7258e-14   1733.80 0 
  1703.19 3.6160e-14   1741.81 0 
  1714.99 3.4294e-14   1753.88 0 
  1726.88 3.3980e-14   1766.04 0 
  1734.85 3.6077e-14   1774.19 0 
  1746.88 3.5418e-14   1786.49 0 
  1754.94 3.7002e-14   1794.73 0 
  1763.04 3.4852e-14   1803.02 0 
  1775.26 3.4932e-14   1815.52 0 
  1783.45 3.5664e-14   1823.90 0 
  1795.82 3.7344e-14   1836.54 0 
  1804.11 3.7258e-14   1845.02 0 
  1816.61 3.4532e-14   1857.80 0 
  1825.00 3.5255e-14   1866.38 0 
  1833.42 3.4216e-14   1874.99 0 
  1846.13 3.1712e-14   1887.99 0 
  1854.65 3.1932e-14   1896.71 0 
  1863.21 3.2751e-14   1905.46 0 
  1876.13 3.4772e-14   1918.67 0 
  1884.79 3.2079e-14   1927.53 0 
  1893.49 3.0919e-14   1936.42 0 
  1906.61 3.2751e-14   1949.84 0 
  1915.41 3.1494e-14   1958.84 0 
  1924.25 3.0635e-14   1967.89 0 
  1933.13 3.1932e-14   1976.97 0 
  1946.53 3.2978e-14   1990.67 0 
  1955.52 3.0706e-14   1999.86 0 
  1969.07 3.3360e-14   2013.72 0 
  1978.16 3.4294e-14   2023.02 0 
  1982.72 3.2526e-14   2027.68 0 
  1996.47 3.1712e-14   2041.74 0 
  2005.68 3.2751e-14   2051.16 0 
  2014.94 3.1858e-14   2060.63 0 
  2024.24 3.3054e-14   2070.14 0 
  2033.58 3.1277e-14   2079.70 0 
  2042.97 3.2153e-14   2089.30 0 
  2057.13 2.9527e-14   2103.78 0 
  2066.63 3.0285e-14   2113.49 0 
  2076.16 3.3054e-14   2123.24 0 
  2085.75 3.2451e-14   2133.04 0 
  2095.38 3.0848e-14   2142.89 0 
  2105.05 3.1133e-14   2152.78 0 
  2114.76 3.1494e-14   2162.72 0 
  2124.52 3.1785e-14   2172.70 0 
  2134.33 3.0146e-14   2182.73 0 
  2144.18 3.0355e-14   2192.81 0 
  2154.08 3.1421e-14   2202.93 0 
  2164.02 3.0495e-14   2213.09 0 
  2174.01 3.0425e-14   2223.31 0 
  2184.05 2.9801e-14   2233.57 0 
  2194.13 3.0919e-14   2243.88 0 
  2204.26 3.0285e-14   2254.24 0 
  2214.43 2.9055e-14   2264.64 0 
  2224.65 2.8394e-14   2275.10 0 
  2234.92 2.9595e-14   2285.60 0 
  2245.24 2.8657e-14   2296.15 0 
  2255.60 2.7621e-14   2306.75 0 
  2266.01 2.8201e-14   2317.39 0 
  2276.47 2.8595e-14   2328.09 0 
  2286.98 2.8994e-14   2338.84 0 
  2297.53 2.7311e-14   2349.63 0 
  2302.83 2.7628e-14   2355.05 0 
  2313.46 2.6630e-14   2365.92 0 
  2324.14 2.2254e-14   2376.84 0 
  2334.87 2.5202e-14   2387.81 0 
  2345.64 2.4686e-14   2398.83 0 
  2356.47 2.5911e-14   2409.91 0 
  2367.35 2.4406e-14   2421.03 0 
  2372.80 2.4747e-14   2426.61 0 
  2383.76 2.3364e-14   2437.81 0 
  2394.76 2.4466e-14   2449.06 0 
  2405.81 2.3692e-14   2460.37 0 
  2416.92 2.4023e-14   2471.72 0 
  2422.49 2.4982e-14   2477.42 0 
  2433.67 2.4136e-14   2488.86 0 
  2444.90 2.5101e-14   2500.35 0 
  2456.19 2.4758e-14   2511.89 0 
  2467.53 2.4532e-14   2523.48 0 
  2473.22 2.3864e-14   2529.30 0 
  2484.63 2.4087e-14   2540.97 0 
  2496.10 2.1568e-14   2552.70 0 
  2507.62 2.4538e-14   2564.48 0 
  2513.40 2.2483e-14   2570.40 0 
  2519.20 2.3166e-14   2576.32 0 
  2525.00 2.2536e-14   2582.26 0 
  2536.66 2.2746e-14   2594.18 0 
  2542.51 2.2331e-14   2600.16 0 
  2554.24 2.3385e-14   2612.16 0 
  2566.03 2.2907e-14   2624.22 0 
  2577.88 2.3768e-14   2636.33 0 
  2583.82 2.3497e-14   2642.41 0 
  2595.74 2.3176e-14   2654.61 0 
  2607.73 2.2598e-14   2666.86 0 
  2613.74 2.2237e-14   2673.01 0 
  2625.80 2.2914e-14   2685.34 0 
  2637.92 2.3342e-14   2697.74 0 
  2644.00 2.4612e-14   2703.96 0 
  2656.21 2.4899e-14   2716.44 0 
  2662.33 2.3078e-14   2722.70 0 
  2674.62 2.3781e-14   2735.27 0 
  2686.96 2.3728e-14   2747.89 0 
  2693.16 2.2765e-14   2754.23 0 
  2705.59 2.3190e-14   2766.94 0 
  2718.08 2.2301e-14   2779.71 0 
  2724.34 2.2251e-14   2786.12 0 
  2736.92 2.2875e-14   2798.98 0 
  2743.23 2.0768e-14   2805.43 0 
  2755.89 2.1009e-14   2818.38 0 
  2762.24 2.1500e-14   2824.88 0 
  2774.99 2.2205e-14   2837.92 0 
  2787.80 2.1256e-14   2851.02 0 
  2794.23 1.8344e-14   2857.59 0 
  2807.13 1.9255e-14   2870.78 0 
  2813.60 2.1805e-14   2877.40 0 
  2826.58 2.2469e-14   2890.68 0 
  2833.10 2.1707e-14   2897.34 0 
  2846.18 2.1312e-14   2910.72 0 
  2852.74 2.0637e-14   2917.43 0 
  2865.91 2.2063e-14   2930.89 0 
  2872.51 2.2013e-14   2937.65 0 
  2885.77 2.1863e-14   2951.21 0 
  2892.42 2.1714e-14   2958.01 0 
  2912.47 2.2897e-14   2978.52 0 
  2932.66 2.2173e-14   2999.16 0 
  2952.99 2.1771e-14   3019.95 0 
  2966.62 2.1923e-14   3033.89 0 
  2987.18 2.1825e-14   3054.92 0 
  3007.89 2.1878e-14   3076.10 0 
  3028.74 2.1780e-14   3097.42 0 
  3049.73 2.1682e-14   3118.89 0 
  3070.87 2.1635e-14   3140.51 0 
  3092.16 2.1588e-14   3162.28 0 
  3106.43 2.1540e-14   3176.87 0 
  3127.97 2.1149e-14   3198.90 0 
  3149.65 2.1151e-14   3221.07 0 
  3171.48 2.1057e-14   3243.40 0 
  3193.46 2.0158e-14   3265.88 0 
  3208.20 2.0581e-14   3280.95 0 
  3230.44 1.9794e-14   3303.70 0 
  3252.83 2.0634e-14   3326.60 0 
  3267.85 2.1019e-14   3341.95 0 
  3290.50 2.0829e-14   3365.12 0 
  3313.31 2.0688e-14   3388.44 0 
  3320.95 2.1025e-14   3396.25 0 
  3328.60 2.1221e-14   3404.08 0 
  3336.28 2.1418e-14   3411.93 0 
  3343.97 2.0314e-14   3419.79 0 
  3351.68 2.0884e-14   3427.68 0 
  3359.40 2.0598e-14   3435.58 0 
  3367.15 2.0504e-14   3443.50 0 
  3374.91 1.9137e-14   3451.44 0 
  3382.69 1.9583e-14   3459.39 0 
  3390.49 2.0840e-14   3467.37 0 
  3398.30 2.0937e-14   3475.36 0 
  3406.14 2.0181e-14   3483.37 0 
  3413.99 2.0322e-14   3491.40 0 
  3421.86 2.0940e-14   3499.45 0 
  3429.75 2.0559e-14   3507.52 0 
  3437.65 2.0845e-14   3515.60 0 
  3445.58 1.8968e-14   3523.71 0 
  3453.52 2.0895e-14   3531.83 0 
  3461.48 1.9412e-14   3539.97 0 
  3469.46 1.9819e-14   3548.13 0 
  3477.46 1.9191e-14   3556.31 0 
  3485.48 1.9504e-14   3564.51 0 
  3493.51 1.9505e-14   3572.73 0 
  3501.56 1.9686e-14   3580.96 0 
  3509.64 1.9462e-14   3589.22 0 
  3517.73 1.9019e-14   3597.49 0 
  3525.83 1.9419e-14   3605.79 0 
  3533.96 2.0148e-14   3614.10 0 
  3542.11 2.0666e-14   3622.43 0 
  3550.27 2.0667e-14   3630.78 0 
  3558.46 2.0104e-14   3639.15 0 
  3566.66 2.0479e-14   3647.54 0 
  3574.88 1.8721e-14   3655.95 0 
  3583.12 1.8128e-14   3664.37 0 
  3591.39 1.7675e-14   3672.82 0 
  3592.51 1.8014e-14   3673.97 1 
  3595.20 2.7135e-14   3676.72 1 
  3597.88 1.7990e-14   3679.47 1 
  3600.57 1.4427e-14   3682.22 1 
  3603.26 2.2967e-14   3684.97 1 
  3605.95 1.7560e-14   3687.72 1 
  3608.64 2.3206e-14   3690.47 1 
  3611.33 2.0025e-14   3693.22 1 
  3614.02 1.9575e-14   3695.97 1 
  3616.71 1.7193e-14   3698.72 1 
  3619.40 2.0287e-14   3701.47 1 
  3622.09 1.7300e-14   3704.22 1 
  3624.77 1.9056e-14   3706.97 1 
  3627.46 1.9563e-14   3709.72 1 
  3630.15 1.9912e-14   3712.47 1 
  3632.84 1.7056e-14   3715.22 1 
  3635.53 2.0382e-14   3717.97 1 
  3638.22 1.7576e-14   3720.72 1 
  3640.91 2.2291e-14   3723.47 1 
  3643.60 2.2894e-14   3726.22 1 
  3646.29 2.3499e-14   3728.97 1 
  3648.98 2.2049e-14   3731.72 1 
  3651.66 1.9750e-14   3734.47 1 
  3654.35 2.0790e-14   3737.22 1 
  3657.04 1.5477e-14   3739.97 1 
  3659.73 1.3339e-14   3742.72 1 
  3662.42 2.2152e-14   3745.47 1 
  3665.11 2.1067e-14   3748.22 1 
  3667.80 2.0341e-14   3750.97 1 
  3670.49 2.0571e-14   3753.72 1 
  3673.18 1.7067e-14   3756.47 1 
  3675.87 1.4783e-14   3759.22 1 
  3678.56 1.8188e-14   3761.97 1 
  3681.24 1.3166e-14   3764.72 1 
  3683.93 1.9844e-14   3767.47 1 
  3686.62 2.2960e-14   3770.22 1 
  3689.31 1.9142e-14   3772.97 1 
  3692.00 2.2432e-14   3775.72 1 
  3694.69 1.7227e-14   3778.47 1 
  3697.38 2.0322e-14   3781.22 1 
  3700.07 2.4925e-14   3783.97 1 
  3702.76 1.7781e-14   3786.72 1 
  3705.45 2.0961e-14   3789.47 1 
  3708.13 1.4134e-14   3792.22 1 
  3710.82 1.8618e-14   3794.97 1 
  3713.51 1.5368e-14   3797.72 1 
  3716.20 1.9621e-14   3800.47 1 
  3718.89 1.9975e-14   3803.22 1 
  3721.58 2.4927e-14   3805.97 1 
  3724.27 3.7524e-14   3808.72 1 
  3726.96 5.5223e-14   3811.47 1 
  3729.65 6.8169e-14   3814.22 1 
  3732.34 6.6284e-14   3816.97 1 
  3735.02 5.4218e-14   3819.72 1 
  3737.71 3.3908e-14   3822.47 1 
  3740.40 2.4875e-14   3825.22 1 
  3743.09 1.8587e-14   3827.97 1 
  3745.78 2.5785e-14   3830.72 1 
  3748.47 2.3104e-14   3833.47 1 
  3751.16 1.9193e-14   3836.22 1 
  3753.85 2.0672e-14   3838.97 1 
  3756.54 2.1045e-14   3841.72 1 
  3759.23 2.4436e-14   3844.47 1 
  3761.91 2.3682e-14   3847.22 1 
  3764.60 2.3726e-14   3849.97 1 
  3767.29 2.2366e-14   3852.72 1 
  3769.98 2.2406e-14   3855.47 1 
  3772.67 2.3323e-14   3858.22 1 
  3775.36 2.4585e-14   3860.97 1 
  3778.05 2.2882e-14   3863.72 1 
  3780.74 2.5906e-14   3866.47 1 
  3783.43 2.3547e-14   3869.22 1 
  3786.12 2.6212e-14   3871.97 1 
  3788.81 2.4966e-14   3874.72 1 
  3791.49 2.3049e-14   3877.47 1 
  3794.18 2.6955e-14   3880.22 1 
  3796.87 2.6413e-14   3882.97 1 
  3799.56 2.3076e-14   3885.72 1 
  3802.25 1.9867e-14   3888.47 1 
  3804.94 2.3312e-14   3891.22 1 
  3807.63 2.3106e-14   3893.97 1 
  3810.32 2.3679e-14   3896.72 1 
  3813.01 2.8353e-14   3899.47 1 
  3815.70 2.6501e-14   3902.22 1 
  3818.38 2.8597e-14   3904.97 1 
  3821.07 2.5764e-14   3907.72 1 
  3823.76 2.8530e-14   3910.47 1 
  3826.45 2.6397e-14   3913.22 1 
  3829.14 2.3816e-14   3915.97 1 
  3831.83 1.9834e-14   3918.72 1 
  3834.52 2.3696e-14   3921.47 1 
  3837.21 2.1564e-14   3924.22 1 
  3839.90 2.0664e-14   3926.97 1 
  3842.59 2.2360e-14   3929.72 1 
  3845.27 2.3900e-14   3932.47 1 
  3847.96 2.2462e-14   3935.22 1 
  3850.65 2.4383e-14   3937.97 1 
  3853.34 2.5358e-14   3940.72 1 
  3856.03 2.5677e-14   3943.47 1 
  3858.72 2.5432e-14   3946.22 1 
  3861.41 2.6115e-14   3948.97 1 
  3864.10 2.6276e-14   3951.72 1 
  3866.79 2.8327e-14   3954.47 1 
  3869.48 2.7967e-14   3957.22 1 
  3872.16 2.8562e-14   3959.97 1 
  3874.85 3.1013e-14   3962.72 1 
  3877.54 2.9145e-14   3965.47 1 
  3880.23 2.6338e-14   3968.22 1 
  3882.92 2.4411e-14   3970.97 1 
  3885.61 2.6305e-14   3973.72 1 
  3888.30 2.7076e-14   3976.47 1 
  3890.99 2.2993e-14   3979.22 1 
  3893.68 2.4263e-14   3981.97 1 
  3896.37 2.4368e-14   3984.72 1 
  3899.05 2.3946e-14   3987.47 1 
  3901.74 2.4823e-14   3990.22 1 
  3904.43 2.6581e-14   3992.97 1 
  3907.12 2.4619e-14   3995.72 1 
  3909.81 2.4677e-14   3998.47 1 
  3912.50 2.8340e-14   4001.22 1 
  3915.19 2.9759e-14   4003.97 1 
  3917.88 2.8422e-14   4006.72 1 
  3920.57 2.5383e-14   4009.47 1 
  3923.26 2.4117e-14   4012.22 1 
  3925.95 2.5317e-14   4014.97 1 
  3928.63 2.6786e-14   4017.72 1 
  3931.32 2.6069e-14   4020.47 1 
  3934.01 2.3765e-14   4023.22 1 
  3936.70 2.5832e-14   4025.97 1 
  3939.39 2.4995e-14   4028.72 1 
  3942.08 2.6319e-14   4031.47 1 
  3944.77 2.7530e-14   4034.22 1 
  3947.46 2.8006e-14   4036.97 1 
  3950.15 3.0271e-14   4039.72 1 
  3952.84 2.7380e-14   4042.47 1 
  3955.52 2.6374e-14   4045.22 1 
  3958.21 2.7697e-14   4047.97 1 
  3960.90 2.7659e-14   4050.72 1 
  3963.59 2.1199e-14   4053.47 1 
  3966.28 2.1595e-14   4056.22 1 
  3968.97 2.1440e-14   4058.97 1 
  3971.66 2.0320e-14   4061.72 1 
  3974.35 2.2376e-14   4064.47 1 
  3977.04 2.2618e-14   4067.22 1 
  3979.73 1.9465e-14   4069.97 1 
  3982.41 2.3012e-14   4072.72 1 
  3985.10 2.8519e-14   4075.47 1 
  3987.79 2.7605e-14   4078.22 1 
  3990.48 3.0739e-14   4080.97 1 
  3993.17 3.0256e-14   4083.72 1 
  3995.86 3.1102e-14   4086.47 1 
  3998.55 3.0464e-14   4089.22 1 
  4001.24 2.7618e-14   4091.97 1 
  4003.93 2.9565e-14   4094.72 1 
  4006.62 2.7370e-14   4097.47 1 
  4009.31 3.2360e-14   4100.22 1 
  4011.99 3.0205e-14   4102.97 1 
  4014.68 2.8044e-14   4105.72 1 
  4017.37 3.0012e-14   4108.47 1 
  4020.06 3.1634e-14   4111.22 1 
  4022.75 3.0121e-14   4113.97 1 
  4025.44 2.9164e-14   4116.72 1 
  4028.13 3.1446e-14   4119.47 1 
  4030.82 3.2373e-14   4122.22 1 
  4033.51 3.0214e-14   4124.97 1 
  4036.20 3.1306e-14   4127.72 1 
  4038.88 3.1906e-14   4130.47 1 
  4041.57 2.9966e-14   4133.22 1 
  4044.26 3.0400e-14   4135.97 1 
  4046.95 2.5630e-14   4138.72 1 
  4049.64 3.0605e-14   4141.47 1 
  4052.33 3.2623e-14   4144.22 1 
  4055.02 2.8765e-14   4146.97 1 
  4057.71 3.0304e-14   4149.72 1 
  4060.40 2.9114e-14   4152.47 1 
  4063.09 3.0560e-14   4155.22 1 
  4065.77 3.3150e-14   4157.97 1 
  4068.46 3.0002e-14   4160.72 1 
  4071.15 2.8866e-14   4163.47 1 
  4073.84 3.2681e-14   4166.22 1 
  4076.53 2.9697e-14   4168.97 1 
  4079.22 3.2342e-14   4171.72 1 
  4081.91 2.7230e-14   4174.47 1 
  4084.60 2.8968e-14   4177.22 1 
  4087.29 2.7111e-14   4179.97 1 
  4089.98 2.9858e-14   4182.72 1 
  4092.66 2.5232e-14   4185.47 1 
  4095.35 2.6017e-14   4188.22 1 
  4098.04 2.7530e-14   4190.97 1 
  4100.73 2.5224e-14   4193.72 1 
  4103.42 2.6769e-14   4196.47 1 
  4106.11 2.6669e-14   4199.22 1 
  4108.80 2.8519e-14   4201.97 1 
  4111.49 2.6427e-14   4204.72 1 
  4114.18 2.7567e-14   4207.47 1 
  4116.87 2.7681e-14   4210.22 1 
  4119.56 2.4632e-14   4212.97 1 
  4122.24 2.9035e-14   4215.72 1 
  4124.93 3.1561e-14   4218.47 1 
  4127.62 2.8437e-14   4221.22 1 
  4130.31 2.6561e-14   4223.97 1 
  4133.00 2.6771e-14   4226.72 1 
  4135.69 2.7014e-14   4229.47 1 
  4138.38 2.8604e-14   4232.22 1 
  4141.07 2.9476e-14   4234.97 1 
  4143.76 3.0909e-14   4237.72 1 
  4146.45 2.8415e-14   4240.47 1 
  4149.13 2.8194e-14   4243.22 1 
  4151.82 3.1328e-14   4245.97 1 
  4154.51 2.7310e-14   4248.72 1 
  4157.20 2.8551e-14   4251.47 1 
  4159.89 2.8312e-14   4254.22 1 
  4162.58 2.6572e-14   4256.97 1 
  4165.27 2.8988e-14   4259.72 1 
  4167.96 3.0957e-14   4262.47 1 
  4170.65 2.9882e-14   4265.22 1 
  4173.34 2.9403e-14   4267.97 1 
  4176.02 2.9860e-14   4270.72 1 
  4178.71 2.7298e-14   4273.47 1 
  4181.40 3.1032e-14   4276.22 1 
  4184.09 2.8000e-14   4278.97 1 
  4186.78 2.7809e-14   4281.72 1 
  4189.47 2.8907e-14   4284.47 1 
  4192.16 2.6945e-14   4287.22 1 
  4194.85 2.7042e-14   4289.97 1 
  4197.54 2.8775e-14   4292.72 1 
  4200.23 2.9113e-14   4295.47 1 
  4202.91 2.9102e-14   4298.22 1 
  4205.60 2.9772e-14   4300.97 1 
  4208.29 2.9785e-14   4303.72 1 
  4210.98 2.7811e-14   4306.47 1 
  4213.67 3.0833e-14   4309.22 1 
  4216.36 3.2467e-14   4311.97 1 
  4219.05 2.9454e-14   4314.72 1 
  4221.74 3.0271e-14   4317.47 1 
  4224.43 3.1815e-14   4320.22 1 
  4227.12 3.1481e-14   4322.97 1 
  4229.81 2.9004e-14   4325.72 1 
  4232.49 3.0335e-14   4328.47 1 
  4235.18 2.8135e-14   4331.22 1 
  4237.87 2.5371e-14   4333.97 1 
  4240.56 3.0324e-14   4336.72 1 
  4243.25 3.0840e-14   4339.47 1 
  4245.94 3.0077e-14   4342.22 1 
  4248.63 2.6725e-14   4344.97 1 
  4251.32 2.7764e-14   4347.72 1 
  4254.01 2.9349e-14   4350.47 1 
  4256.70 2.9970e-14   4353.22 1 
  4259.38 2.8805e-14   4355.97 1 
  4262.07 2.7236e-14   4358.72 1 
  4264.76 2.6900e-14   4361.47 1 
  4267.45 2.9175e-14   4364.22 1 
  4270.14 2.9266e-14   4366.97 1 
  4272.83 2.7236e-14   4369.72 1 
  4275.52 2.6499e-14   4372.47 1 
  4278.21 2.7420e-14   4375.22 1 
  4280.90 2.9014e-14   4377.97 1 
  4283.59 2.8405e-14   4380.72 1 
  4286.27 2.8593e-14   4383.47 1 
  4288.96 2.9936e-14   4386.22 1 
  4291.65 2.8414e-14   4388.97 1 
  4294.34 2.7339e-14   4391.72 1 
  4297.03 2.8661e-14   4394.47 1 
  4299.72 2.6203e-14   4397.22 1 
  4302.41 2.6193e-14   4399.97 1 
  4305.10 2.8134e-14   4402.72 1 
  4307.79 2.6192e-14   4405.47 1 
  4310.48 2.4602e-14   4408.22 1 
  4313.16 2.5458e-14   4410.97 1 
  4315.85 2.6497e-14   4413.72 1 
  4318.54 2.6096e-14   4416.47 1 
  4321.23 2.9756e-14   4419.22 1 
  4323.92 2.8765e-14   4421.97 1 
  4326.61 2.5391e-14   4424.72 1 
  4329.30 2.5544e-14   4427.47 1 
  4331.99 2.7176e-14   4430.22 1 
  4334.68 2.8432e-14   4432.97 1 
  4337.37 2.8789e-14   4435.72 1 
  4340.06 2.9922e-14   4438.47 1 
  4342.74 3.2253e-14   4441.22 1 
  4345.43 3.1473e-14   4443.97 1 
  4348.12 2.7837e-14   4446.72 1 
  4350.81 2.6241e-14   4449.47 1 
  4353.50 2.7406e-14   4452.22 1 
  4356.19 2.7776e-14   4454.97 1 
  4358.88 2.7110e-14   4457.72 1 
  4361.57 2.6636e-14   4460.47 1 
  4364.26 2.7136e-14   4463.22 1 
  4366.95 2.7979e-14   4465.97 1 
  4369.63 2.8552e-14   4468.72 1 
  4372.32 2.9189e-14   4471.47 1 
  4375.01 2.8499e-14   4474.22 1 
  4377.70 2.7971e-14   4476.97 1 
  4380.39 2.7939e-14   4479.72 1 
  4383.08 2.5881e-14   4482.47 1 
  4385.77 2.6701e-14   4485.22 1 
  4388.46 2.6919e-14   4487.97 1 
  4391.15 2.5411e-14   4490.72 1 
  4393.84 2.7314e-14   4493.47 1 
  4396.52 2.8399e-14   4496.22 1 
  4399.21 2.9185e-14   4498.97 1 
  4401.90 2.7914e-14   4501.72 1 
  4404.59 2.5417e-14   4504.47 1 
  4407.28 3.0401e-14   4507.22 1 
  4409.97 2.9736e-14   4509.97 1 
  4412.66 2.7542e-14   4512.72 1 
  4415.35 2.7583e-14   4515.47 1 
  4418.04 2.8243e-14   4518.22 1 
  4420.73 2.7282e-14   4520.97 1 
  4423.41 2.7557e-14   4523.72 1 
  4426.10 2.8782e-14   4526.47 1 
  4428.79 2.9120e-14   4529.22 1 
  4431.48 2.8528e-14   4531.97 1 
  4434.17 2.9251e-14   4534.72 1 
  4436.86 2.8906e-14   4537.47 1 
  4439.55 2.8808e-14   4540.22 1 
  4442.24 2.7816e-14   4542.97 1 
  4444.93 2.7950e-14   4545.72 1 
  4447.62 2.9320e-14   4548.47 1 
  4450.31 2.8912e-14   4551.22 1 
  4452.99 2.9223e-14   4553.97 1 
  4455.68 2.9070e-14   4556.72 1 
  4458.37 2.8169e-14   4559.47 1 
  4461.06 2.6942e-14   4562.22 1 
  4463.75 2.8055e-14   4564.97 1 
  4466.44 2.6390e-14   4567.72 1 
  4469.13 2.6598e-14   4570.47 1 
  4471.82 2.7323e-14   4573.22 1 
  4474.51 3.0093e-14   4575.97 1 
  4477.20 3.0937e-14   4578.72 1 
  4479.88 3.1077e-14   4581.47 1 
  4482.57 3.1755e-14   4584.22 1 
  4485.26 2.9655e-14   4586.97 1 
  4487.95 2.9409e-14   4589.72 1 
  4490.64 2.9453e-14   4592.47 1 
  4493.33 2.8636e-14   4595.22 1 
  4496.02 2.7947e-14   4597.97 1 
  4498.71 2.8841e-14   4600.72 1 
  4501.40 2.9067e-14   4603.47 1 
  4504.09 3.1167e-14   4606.22 1 
  4506.77 3.0788e-14   4608.97 1 
  4509.46 2.8455e-14   4611.72 1 
  4512.15 2.8388e-14   4614.47 1 
  4514.84 2.8567e-14   4617.22 1 
  4517.53 3.0422e-14   4619.97 1 
  4520.22 2.9381e-14   4622.72 1 
  4522.91 3.0730e-14   4625.47 1 
  4525.60 2.7298e-14   4628.22 1 
  4528.29 2.5830e-14   4630.97 1 
  4530.98 3.0508e-14   4633.72 1 
  4533.66 2.8688e-14   4636.47 1 
  4536.35 2.7863e-14   4639.22 1 
  4539.04 2.8406e-14   4641.97 1 
  4541.73 2.9875e-14   4644.72 1 
  4544.42 3.1041e-14   4647.47 1 
  4547.11 3.0057e-14   4650.22 1 
  4549.80 2.8161e-14   4652.97 1 
  4552.49 2.8403e-14   4655.72 1 
  4555.18 2.6572e-14   4658.47 1 
  4557.87 2.8701e-14   4661.22 1 
  4560.56 2.8967e-14   4663.97 1 
  4563.24 2.9656e-14   4666.72 1 
  4565.93 2.9157e-14   4669.47 1 
  4568.62 2.9011e-14   4672.22 1 
  4571.31 2.9170e-14   4674.97 1 
  4574.00 2.8005e-14   4677.72 1 
  4576.69 2.4889e-14   4680.47 1 
  4579.38 2.8782e-14   4683.22 1 
  4582.07 2.8597e-14   4685.97 1 
  4584.76 3.0318e-14   4688.72 1 
  4587.45 2.8006e-14   4691.47 1 
  4590.13 2.8332e-14   4694.22 1 
  4592.82 2.7590e-14   4696.97 1 
  4595.51 2.8585e-14   4699.72 1 
  4598.20 2.9568e-14   4702.47 1 
  4600.89 2.8152e-14   4705.22 1 
  4603.58 3.0865e-14   4707.97 1 
  4606.27 3.0275e-14   4710.72 1 
  4608.96 2.9480e-14   4713.47 1 
  4611.65 2.9018e-14   4716.22 1 
  4614.34 2.9481e-14   4718.97 1 
  4617.02 2.8373e-14   4721.72 1 
  4619.71 3.1036e-14   4724.47 1 
  4622.40 2.9090e-14   4727.22 1 
  4625.09 2.9730e-14   4729.97 1 
  4627.78 2.7424e-14   4732.72 1 
  4630.47 2.8918e-14   4735.47 1 
  4633.16 2.8911e-14   4738.22 1 
  4635.85 2.7049e-14   4740.97 1 
  4638.54 2.6586e-14   4743.72 1 
  4641.23 2.7864e-14   4746.47 1 
  4643.91 3.0217e-14   4749.22 1 
  4646.60 2.7857e-14   4751.97 1 
  4649.29 2.8370e-14   4754.72 1 
  4651.98 2.7784e-14   4757.47 1 
  4654.67 2.8929e-14   4760.22 1 
  4657.36 2.9154e-14   4762.97 1 
  4660.05 3.0311e-14   4765.72 1 
  4662.74 3.0208e-14   4768.47 1 
  4665.43 3.1504e-14   4771.22 1 
  4668.12 2.9241e-14   4773.97 1 
  4670.81 2.8616e-14   4776.72 1 
  4673.49 2.6048e-14   4779.47 1 
  4676.18 3.0471e-14   4782.22 1 
  4678.87 2.6677e-14   4784.97 1 
  4681.56 2.8083e-14   4787.72 1 
  4684.25 2.7923e-14   4790.47 1 
  4686.94 2.8030e-14   4793.22 1 
  4689.63 2.8006e-14   4795.97 1 
  4692.32 2.7884e-14   4798.72 1 
  4695.01 2.8212e-14   4801.47 1 
  4697.70 2.8566e-14   4804.22 1 
  4700.38 3.0763e-14   4806.97 1 
  4703.07 2.6926e-14   4809.72 1 
  4705.76 2.8013e-14   4812.47 1 
  4708.45 2.8045e-14   4815.22 1 
  4711.14 2.7711e-14   4817.97 1 
  4713.83 2.8361e-14   4820.72 1 
  4716.52 2.7752e-14   4823.47 1 
  4719.21 3.0710e-14   4826.22 1 
  4721.90 2.9770e-14   4828.97 1 
  4724.59 2.9757e-14   4831.72 1 
  4727.27 3.1075e-14   4834.47 1 
  4729.96 2.8847e-14   4837.22 1 
  4732.65 2.8698e-14   4839.97 1 
  4735.34 2.8952e-14   4842.72 1 
  4738.03 2.6184e-14   4845.47 1 
  4740.72 2.9632e-14   4848.22 1 
  4743.41 3.0105e-14   4850.97 1 
  4746.10 3.0636e-14   4853.72 1 
  4748.79 2.9349e-14   4856.47 1 
  4751.48 3.1506e-14   4859.22 1 
  4754.16 3.0629e-14   4861.97 1 
  4756.85 2.8409e-14   4864.72 1 
  4759.54 2.7810e-14   4867.47 1 
  4762.23 2.8364e-14   4870.22 1 
  4764.92 2.8043e-14   4872.97 1 
  4767.61 3.0637e-14   4875.72 1 
  4770.30 2.7039e-14   4878.47 1 
  4772.99 2.7396e-14   4881.22 1 
  4775.68 2.6680e-14   4883.97 1 
  4778.37 2.7724e-14   4886.72 1 
  4781.06 3.0382e-14   4889.47 1 
  4783.74 2.8591e-14   4892.22 1 
  4786.43 2.5405e-14   4894.97 1 
  4789.12 2.8553e-14   4897.72 1 
  4791.81 2.7431e-14   4900.47 1 
  4794.50 2.9597e-14   4903.22 1 
  4797.19 2.5068e-14   4905.97 1 
  4799.88 2.7810e-14   4908.72 1 
  4802.57 2.9299e-14   4911.47 1 
  4805.26 2.9050e-14   4914.22 1 
  4807.95 2.6427e-14   4916.97 1 
  4810.63 2.5542e-14   4919.72 1 
  4813.32 2.8816e-14   4922.47 1 
  4816.01 2.9446e-14   4925.22 1 
  4818.70 2.8378e-14   4927.97 1 
  4821.39 2.5906e-14   4930.72 1 
  4824.08 2.7985e-14   4933.47 1 
  4826.77 2.7879e-14   4936.22 1 
  4829.46 2.8122e-14   4938.97 1 
  4832.15 2.9549e-14   4941.72 1 
  4834.84 2.8938e-14   4944.47 1 
  4837.52 2.5981e-14   4947.22 1 
  4840.21 2.7787e-14   4949.97 1 
  4842.90 2.8465e-14   4952.72 1 
  4845.59 2.6082e-14   4955.47 1 
  4848.28 2.7307e-14   4958.22 1 
  4850.97 2.8346e-14   4960.97 1 
  4853.66 2.8818e-14   4963.72 1 
  4856.35 3.2986e-14   4966.47 1 
  4859.04 4.0008e-14   4969.22 1 
  4861.73 4.5592e-14   4971.97 1 
  4864.41 4.6485e-14   4974.72 1 
  4867.10 3.8492e-14   4977.47 1 
  4869.79 3.5325e-14   4980.22 1 
  4872.48 2.7224e-14   4982.97 1 
  4875.17 2.2309e-14   4985.72 1 
  4877.86 2.4434e-14   4988.47 1 
  4880.55 2.5276e-14   4991.22 1 
  4883.24 2.6350e-14   4993.97 1 
  4885.93 2.4775e-14   4996.72 1 
  4888.62 2.5138e-14   4999.47 1 
  4891.30 2.5484e-14   5002.22 1 
  4893.99 2.6181e-14   5004.97 1 
  4896.68 2.7290e-14   5007.72 1 
  4899.37 2.7375e-14   5010.47 1 
  4902.06 2.8199e-14   5013.22 1 
  4904.75 2.5002e-14   5015.97 1 
  4907.44 2.5477e-14   5018.72 1 
  4910.13 2.7213e-14   5021.47 1 
  4912.82 2.5052e-14   5024.22 1 
  4915.51 2.7169e-14   5026.97 1 
  4918.20 2.6154e-14   5029.72 1 
  4920.88 2.7805e-14   5032.47 1 
  4923.57 2.6649e-14   5035.22 1 
  4926.26 2.5957e-14   5037.97 1 
  4928.95 2.6918e-14   5040.72 1 
  4931.64 2.8077e-14   5043.47 1 
  4934.33 2.7318e-14   5046.22 1 
  4937.02 2.5506e-14   5048.97 1 
  4939.71 2.7969e-14   5051.72 1 
  4942.40 2.8322e-14   5054.47 1 
  4945.09 2.7066e-14   5057.22 1 
  4947.77 2.7993e-14   5059.97 1 
  4950.46 2.6694e-14   5062.72 1 
  4953.15 2.8431e-14   5065.47 1 
  4955.84 3.2874e-14   5068.22 1 
  4958.53 3.3859e-14   5070.97 1 
  4961.22 3.4678e-14   5073.72 1 
  4963.91 3.4274e-14   5076.47 1 
  4966.60 3.1264e-14   5079.22 1 
  4969.29 2.7365e-14   5081.97 1 
  4971.98 2.7110e-14   5084.72 1 
  4974.66 2.8300e-14   5087.47 1 
  4977.35 2.7352e-14   5090.22 1 
  4980.04 2.9284e-14   5092.97 1 
  4982.73 2.5737e-14   5095.72 1 
  4985.42 2.6610e-14   5098.47 1 
  4988.11 2.7539e-14   5101.22 1 
  4990.80 2.6405e-14   5103.97 1 
  4993.49 2.6292e-14   5106.72 1 
  4996.18 2.4780e-14   5109.47 1 
  4998.87 2.7841e-14   5112.22 1 
  5001.55 3.1916e-14   5114.97 1 
  5004.24 3.8981e-14   5117.72 1 
  5006.93 4.4091e-14   5120.47 1 
  5009.62 4.2956e-14   5123.22 1 
  5012.31 4.2547e-14   5125.97 1 
  5015.00 3.3656e-14   5128.72 1 
  5017.69 2.9124e-14   5131.47 1 
  5020.38 2.6657e-14   5134.22 1 
  5023.07 2.4298e-14   5136.97 1 
  5025.76 2.5269e-14   5139.72 1 
  5028.45 2.7195e-14   5142.47 1 
  5031.13 2.7000e-14   5145.22 1 
  5033.82 2.4762e-14   5147.97 1 
  5036.51 2.7382e-14   5150.72 1 
  5039.20 2.5952e-14   5153.47 1 
  5041.89 2.5712e-14   5156.22 1 
  5044.58 2.6515e-14   5158.97 1 
  5047.27 2.6408e-14   5161.72 1 
  5049.96 2.6490e-14   5164.47 1 
  5052.65 2.6506e-14   5167.22 1 
  5055.34 2.6212e-14   5169.97 1 
  5058.02 2.5449e-14   5172.72 1 
  5060.71 2.8553e-14   5175.47 1 
  5063.40 2.7103e-14   5178.22 1 
  5066.09 2.6293e-14   5180.97 1 
  5068.78 2.5920e-14   5183.72 1 
  5071.47 2.5985e-14   5186.47 1 
  5074.16 2.6641e-14   5189.22 1 
  5076.85 2.6400e-14   5191.97 1 
  5079.54 2.4190e-14   5194.72 1 
  5082.23 2.7203e-14   5197.47 1 
  5084.91 2.7793e-14   5200.22 1 
  5087.60 2.6026e-14   5202.97 1 
  5090.29 2.6393e-14   5205.72 1 
  5092.98 2.5290e-14   5208.47 1 
  5095.67 2.6030e-14   5211.22 1 
  5098.36 2.6583e-14   5213.97 1 
  5101.05 2.4945e-14   5216.72 1 
  5103.74 2.5353e-14   5219.47 1 
  5106.43 2.6372e-14   5222.22 1 
  5109.12 2.5388e-14   5224.97 1 
  5111.80 2.5947e-14   5227.72 1 
  5114.49 2.7344e-14   5230.47 1 
  5117.18 2.9440e-14   5233.22 1 
  5119.87 2.7080e-14   5235.97 1 
  5122.56 2.6689e-14   5238.72 1 
  5125.25 2.2960e-14   5241.47 1 
  5127.94 2.6023e-14   5244.22 1 
  5130.63 2.5446e-14   5246.97 1 
  5133.32 2.7181e-14   5249.72 1 
  5136.01 2.5034e-14   5252.47 1 
  5138.70 2.5966e-14   5255.22 1 
  5141.38 2.4500e-14   5257.97 1 
  5144.07 2.5275e-14   5260.72 1 
  5146.76 2.5834e-14   5263.47 1 
  5149.45 2.6180e-14   5266.22 1 
  5152.14 2.6220e-14   5268.97 1 
  5154.83 2.5669e-14   5271.72 1 
  5157.52 2.5894e-14   5274.47 1 
  5160.21 2.5233e-14   5277.22 1 
  5162.90 2.3811e-14   5279.97 1 
  5165.59 2.4465e-14   5282.72 1 
  5168.27 2.3427e-14   5285.47 1 
  5170.96 2.2897e-14   5288.22 1 
  5173.65 2.3899e-14   5290.97 1 
  5176.34 2.1981e-14   5293.72 1 
  5179.03 2.3783e-14   5296.47 1 
  5181.72 2.4509e-14   5299.22 1 
  5184.41 2.5357e-14   5301.97 1 
  5187.10 2.3590e-14   5304.72 1 
  5189.79 2.5117e-14   5307.47 1 
  5192.48 2.5371e-14   5310.22 1 
  5195.16 2.6878e-14   5312.97 1 
  5197.85 2.5973e-14   5315.72 1 
  5200.54 2.8192e-14   5318.47 1 
  5203.23 2.9191e-14   5321.22 1 
  5205.92 2.6403e-14   5323.97 1 
  5208.61 2.4940e-14   5326.72 1 
  5211.30 2.4884e-14   5329.47 1 
  5213.99 2.6062e-14   5332.22 1 
  5216.68 2.7217e-14   5334.97 1 
  5219.37 2.6411e-14   5337.72 1 
  5222.05 2.4627e-14   5340.47 1 
  5224.74 2.6322e-14   5343.22 1 
  5227.43 2.7477e-14   5345.97 1 
  5230.12 2.4240e-14   5348.72 1 
  5232.81 2.4141e-14   5351.47 1 
  5235.50 2.4960e-14   5354.22 1 
  5238.19 2.7062e-14   5356.97 1 
  5240.88 2.7590e-14   5359.72 1 
  5243.57 2.6611e-14   5362.47 1 
  5246.26 2.4817e-14   5365.22 1 
  5248.95 2.5552e-14   5367.97 1 
  5251.63 2.4848e-14   5370.72 1 
  5254.32 2.4102e-14   5373.47 1 
  5257.01 2.6471e-14   5376.22 1 
  5259.70 2.7743e-14   5378.97 1 
  5262.39 2.6441e-14   5381.72 1 
  5265.08 2.5855e-14   5384.47 1 
  5267.77 2.4984e-14   5387.22 1 
  5270.46 2.3577e-14   5389.97 1 
  5273.15 2.5967e-14   5392.72 1 
  5275.84 2.6872e-14   5395.47 1 
  5278.52 2.5016e-14   5398.22 1 
  5281.21 2.7087e-14   5400.97 1 
  5283.90 2.5454e-14   5403.72 1 
  5286.59 2.5591e-14   5406.47 1 
  5289.28 2.4747e-14   5409.22 1 
  5291.97 2.6709e-14   5411.97 1 
  5294.66 2.5466e-14   5414.72 1 
  5297.35 2.5158e-14   5417.47 1 
  5300.04 2.5434e-14   5420.22 1 
  5302.73 2.3913e-14   5422.97 1 
  5305.41 2.7044e-14   5425.72 1 
  5308.10 2.5717e-14   5428.47 1 
  5310.79 2.5242e-14   5431.22 1 
  5313.48 2.5904e-14   5433.97 1 
  5316.17 2.7649e-14   5436.72 1 
  5318.86 2.6355e-14   5439.47 1 
  5321.55 2.6253e-14   5442.22 1 
  5324.24 2.5811e-14   5444.97 1 
  5326.93 2.5156e-14   5447.72 1 
  5329.62 2.6399e-14   5450.47 1 
  5332.30 2.4977e-14   5453.22 1 
  5334.99 2.4998e-14   5455.97 1 
  5337.68 2.5206e-14   5458.72 1 
  5340.37 2.7094e-14   5461.47 1 
  5343.06 2.5928e-14   5464.22 1 
  5345.75 2.4176e-14   5466.97 1 
  5348.44 2.4509e-14   5469.72 1 
  5351.13 2.7270e-14   5472.47 1 
  5353.82 2.5236e-14   5475.22 1 
  5356.51 2.5111e-14   5477.97 1 
  5359.20 2.7106e-14   5480.72 1 
  5361.88 2.7405e-14   5483.47 1 
  5364.57 2.7254e-14   5486.22 1 
  5367.26 2.7833e-14   5488.97 1 
  5369.95 2.5793e-14   5491.72 1 
  5372.64 2.4678e-14   5494.47 1 
  5375.33 2.4153e-14   5497.22 1 
  5378.02 2.5794e-14   5499.97 1 
  5380.71 2.5139e-14   5502.72 1 
  5383.40 2.7482e-14   5505.47 1 
  5386.09 2.7012e-14   5508.22 1 
  5388.77 2.7974e-14   5510.97 1 
  5391.46 2.6142e-14   5513.72 1 
  5394.15 2.5987e-14   5516.47 1 
  5396.84 2.6452e-14   5519.22 1 
  5399.53 2.5004e-14   5521.97 1 
  5402.22 2.4011e-14   5524.72 1 
  5404.91 2.6313e-14   5527.47 1 
  5407.60 2.5528e-14   5530.22 1 
  5410.29 2.5745e-14   5532.97 1 
  5412.98 2.5346e-14   5535.72 1 
  5415.66 2.6611e-14   5538.47 1 
  5418.35 2.6418e-14   5541.22 1 
  5421.04 2.5519e-14   5543.97 1 
  5423.73 2.6173e-14   5546.72 1 
  5426.42 2.4905e-14   5549.47 1 
  5429.11 2.5230e-14   5552.22 1 
  5431.80 2.6081e-14   5554.97 1 
  5434.49 2.6390e-14   5557.72 1 
  5437.18 2.6081e-14   5560.47 1 
  5439.87 2.4929e-14   5563.22 1 
  5442.55 2.3999e-14   5565.97 1 
  5445.24 2.4082e-14   5568.72 1 
  5447.93 2.5579e-14   5571.47 1 
  5450.62 2.5096e-14   5574.22 1 
  5453.31 2.7399e-14   5576.97 1 
  5456.00 2.5182e-14   5579.72 1 
  5458.69 2.5496e-14   5582.47 1 
  5461.38 2.6057e-14   5585.22 1 
  5464.07 2.4969e-14   5587.97 1 
  5466.76 2.6226e-14   5590.72 1 
  5469.45 2.4204e-14   5593.47 1 
  5472.13 2.5698e-14   5596.22 1 
  5474.82 2.4263e-14   5598.97 1 
  5477.51 2.5710e-14   5601.72 1 
  5480.20 2.3436e-14   5604.47 1 
  5482.89 2.5944e-14   5607.22 1 
  5485.58 2.5590e-14   5609.97 1 
  5488.27 2.3785e-14   5612.72 1 
  5490.96 2.5013e-14   5615.47 1 
  5493.65 2.6542e-14   5618.22 1 
  5496.34 2.5610e-14   5620.97 1 
  5499.02 2.7725e-14   5623.72 1 
  5501.71 2.7129e-14   5626.47 1 
  5504.40 2.7945e-14   5629.22 1 
  5507.09 2.5738e-14   5631.97 1 
  5509.78 2.6198e-14   5634.72 1 
  5512.47 2.5244e-14   5637.47 1 
  5515.16 2.5141e-14   5640.22 1 
  5517.85 2.6447e-14   5642.97 1 
  5520.54 2.6703e-14   5645.72 1 
  5523.23 2.5037e-14   5648.47 1 
  5525.91 2.5998e-14   5651.22 1 
  5528.60 2.6726e-14   5653.97 1 
  5531.29 2.4330e-14   5656.72 1 
  5533.98 2.4444e-14   5659.47 1 
  5536.67 2.5117e-14   5662.22 1 
  5539.36 2.7600e-14   5664.97 1 
  5542.05 2.5664e-14   5667.72 1 
  5544.74 2.5834e-14   5670.47 1 
  5547.43 2.5445e-14   5673.22 1 
  5550.12 2.6577e-14   5675.97 1 
  5552.80 2.3702e-14   5678.72 1 
  5555.49 2.4305e-14   5681.47 1 
  5558.18 2.6447e-14   5684.22 1 
  5560.87 2.6801e-14   5686.97 1 
  5563.56 2.8483e-14   5689.72 1 
  5566.25 2.6429e-14   5692.47 1 
  5568.94 2.6071e-14   5695.22 1 
  5571.63 2.5631e-14   5697.97 1 
  5574.32 2.6930e-14   5700.72 1 
  5577.01 2.6262e-14   5703.47 1 
  5579.70 2.6731e-14   5706.22 1 
  5582.38 2.6229e-14   5708.97 1 
  5585.07 2.5220e-14   5711.72 1 
  5587.76 2.3818e-14   5714.47 1 
  5590.45 2.3915e-14   5717.22 1 
  5593.14 2.5017e-14   5719.97 1 
  5595.83 2.4751e-14   5722.72 1 
  5598.52 2.5807e-14   5725.47 1 
  5601.21 2.5253e-14   5728.22 1 
  5603.90 2.5587e-14   5730.97 1 
  5606.59 2.5963e-14   5733.72 1 
  5609.27 2.5034e-14   5736.47 1 
  5611.96 2.6004e-14   5739.22 1 
  5614.65 2.6146e-14   5741.97 1 
  5617.34 2.6508e-14   5744.72 1 
  5620.03 2.2448e-14   5747.47 1 
  5622.72 2.3020e-14   5750.22 1 
  5625.41 2.5634e-14   5752.97 1 
  5628.10 2.6963e-14   5755.72 1 
  5630.79 2.5454e-14   5758.47 1 
  5633.48 2.4611e-14   5761.22 1 
  5636.16 2.5034e-14   5763.97 1 
  5638.85 2.5028e-14   5766.72 1 
  5641.54 2.4149e-14   5769.47 1 
  5644.23 2.3790e-14   5772.22 1 
  5646.92 2.2866e-14   5774.97 1 
  5649.61 2.3852e-14   5777.72 1 
  5652.30 2.3933e-14   5780.47 1 
  5654.99 2.6266e-14   5783.22 1 
  5657.68 2.6759e-14   5785.97 1 
  5660.37 2.5304e-14   5788.72 1 
  5663.05 2.5523e-14   5791.47 1 
  5665.74 2.5537e-14   5794.22 1 
  5668.43 2.4832e-14   5796.97 1 
  5671.12 2.6932e-14   5799.72 1 
  5673.81 2.7274e-14   5802.47 1 
  5676.50 2.4833e-14   5805.22 1 
  5679.19 2.6807e-14   5807.97 1 
  5681.88 2.4530e-14   5810.72 1 
  5684.57 2.6201e-14   5813.47 1 
  5687.26 2.5508e-14   5816.22 1 
  5689.95 2.4871e-14   5818.97 1 
  5692.63 2.5594e-14   5821.72 1 
  5695.32 2.4812e-14   5824.47 1 
  5698.01 2.5177e-14   5827.22 1 
  5700.70 2.4654e-14   5829.97 1 
  5703.39 2.4786e-14   5832.72 1 
  5706.08 2.3896e-14   5835.47 1 
  5708.77 2.6120e-14   5838.22 1 
  5711.46 2.5415e-14   5840.97 1 
  5714.15 2.3183e-14   5843.72 1 
  5716.84 2.3406e-14   5846.47 1 
  5719.52 2.4174e-14   5849.22 1 
  5722.21 2.7143e-14   5851.97 1 
  5724.90 2.6575e-14   5854.72 1 
  5727.59 2.7643e-14   5857.47 1 
  5730.28 2.5718e-14   5860.22 1 
  5732.97 2.5571e-14   5862.97 1 
  5735.66 2.5523e-14   5865.72 1 
  5738.35 2.5379e-14   5868.47 1 
  5741.04 2.6384e-14   5871.22 1 
  5743.73 2.3042e-14   5873.97 1 
  5746.41 2.4574e-14   5876.72 1 
  5749.10 2.6085e-14   5879.47 1 
  5751.79 2.5012e-14   5882.22 1 
  5754.48 2.5200e-14   5884.97 1 
  5757.17 2.3923e-14   5887.72 1 
  5759.86 2.4896e-14   5890.47 1 
  5762.55 2.3303e-14   5893.22 1 
  5765.24 2.5972e-14   5895.97 1 
  5767.93 2.4628e-14   5898.72 1 
  5770.62 2.6229e-14   5901.47 1 
  5773.30 2.3655e-14   5904.22 1 
  5775.99 2.7510e-14   5906.97 1 
  5778.68 2.3493e-14   5909.72 1 
  5781.37 2.5890e-14   5912.47 1 
  5784.06 2.4409e-14   5915.22 1 
  5786.75 2.4780e-14   5917.97 1 
  5789.44 2.4077e-14   5920.72 1 
  5792.13 2.3564e-14   5923.47 1 
  5794.82 2.3009e-14   5926.22 1 
  5797.51 2.3280e-14   5928.97 1 
  5800.19 3.0388e-14   5931.72 1 
  5802.88 2.5448e-14   5934.47 1 
  5805.57 2.5070e-14   5937.22 1 
  5808.26 2.5576e-14   5939.97 1 
  5810.95 2.3745e-14   5942.72 1 
  5813.64 2.4228e-14   5945.47 1 
  5816.33 2.7361e-14   5948.22 1 
  5819.02 2.6127e-14   5950.97 1 
  5821.71 2.5269e-14   5953.72 1 
  5824.40 2.5099e-14   5956.47 1 
  5827.09 2.0030e-14   5959.22 1 
  5829.77 2.5487e-14   5961.97 1 
  5832.46 2.5404e-14   5964.72 1 
  5835.15 2.4331e-14   5967.47 1 
  5837.84 2.5249e-14   5970.22 1 
  5840.53 2.5694e-14   5972.97 1 
  5843.22 2.5073e-14   5975.72 1 
  5845.91 2.7122e-14   5978.47 1 
  5848.60 2.4577e-14   5981.22 1 
  5851.29 2.4637e-14   5983.97 1 
  5853.98 2.4340e-14   5986.72 1 
  5856.66 2.3204e-14   5989.47 1 
  5859.35 2.3560e-14   5992.22 1 
  5862.04 2.4854e-14   5994.97 1 
  5864.73 2.2869e-14   5997.72 1 
  5867.42 2.3020e-14   6000.47 1 
  5870.11 2.6501e-14   6003.22 1 
  5872.80 2.6854e-14   6005.97 1 
  5875.49 2.7351e-14   6008.72 1 
  5878.18 2.9236e-14   6011.47 1 
  5880.87 2.7751e-14   6014.22 1 
  5883.55 2.6766e-14   6016.97 1 
  5886.24 2.5419e-14   6019.72 1 
  5888.93 2.3412e-14   6022.47 1 
  5891.62 2.2533e-14   6025.22 1 
  5894.31 2.1807e-14   6027.97 1 
  5897.00 2.2293e-14   6030.72 1 
  5899.69 2.1411e-14   6033.47 1 
  5902.38 2.3462e-14   6036.22 1 
  5905.07 2.3966e-14   6038.97 1 
  5907.76 2.6900e-14   6041.72 1 
  5910.44 2.5176e-14   6044.47 1 
  5913.13 2.4598e-14   6047.22 1 
  5915.82 2.4314e-14   6049.97 1 
  5918.51 2.3496e-14   6052.72 1 
  5921.20 2.4240e-14   6055.47 1 
  5923.89 2.5459e-14   6058.22 1 
  5926.58 2.3890e-14   6060.97 1 
  5929.27 2.1828e-14   6063.72 1 
  5931.96 2.1171e-14   6066.47 1 
  5934.65 2.2986e-14   6069.22 1 
  5937.34 2.5337e-14   6071.97 1 
  5940.02 2.3881e-14   6074.72 1 
  5942.71 2.3460e-14   6077.47 1 
  5945.40 2.3593e-14   6080.22 1 
  5948.09 2.3973e-14   6082.97 1 
  5950.78 2.3790e-14   6085.72 1 
  5953.47 2.2937e-14   6088.47 1 
  5956.16 2.3678e-14   6091.22 1 
  5958.85 2.3531e-14   6093.97 1 
  5961.54 2.4432e-14   6096.72 1 
  5964.23 2.6220e-14   6099.47 1 
  5966.91 2.5923e-14   6102.22 1 
  5969.60 2.7062e-14   6104.97 1 
  5972.29 2.6630e-14   6107.72 1 
  5974.98 2.3939e-14   6110.47 1 
  5977.67 2.3432e-14   6113.22 1 
  5980.36 2.4460e-14   6115.97 1 
  5983.05 2.5184e-14   6118.72 1 
  5985.74 2.5491e-14   6121.47 1 
  5988.43 2.5514e-14   6124.22 1 
  5991.12 2.2366e-14   6126.97 1 
  5993.80 2.2320e-14   6129.72 1 
  5996.49 2.5716e-14   6132.47 1 
  5999.18 2.5469e-14   6135.22 1 
  6001.87 2.5222e-14   6137.97 1 
  6004.56 2.4400e-14   6140.72 1 
  6007.25 2.3992e-14   6143.47 1 
  6009.94 2.5210e-14   6146.22 1 
  6012.63 2.2705e-14   6148.97 1 
  6015.32 2.4152e-14   6151.72 1 
  6018.01 2.4256e-14   6154.47 1 
  6020.69 2.2646e-14   6157.22 1 
  6023.38 2.5069e-14   6159.97 1 
  6026.07 2.3851e-14   6162.72 1 
  6028.76 2.0637e-14   6165.47 1 
  6031.45 2.3973e-14   6168.22 1 
  6034.14 2.6267e-14   6170.97 1 
  6036.83 2.5713e-14   6173.72 1 
  6039.52 2.4153e-14   6176.47 1 
  6042.21 2.3959e-14   6179.22 1 
  6044.90 2.3746e-14   6181.97 1 
  6047.59 2.4032e-14   6184.72 1 
  6050.27 2.4827e-14   6187.47 1 
  6052.96 2.5679e-14   6190.22 1 
  6055.65 2.6614e-14   6192.97 1 
  6058.34 2.2801e-14   6195.72 1 
  6061.03 2.2413e-14   6198.47 1 
  6063.72 2.5630e-14   6201.22 1 
  6066.41 2.6046e-14   6203.97 1 
  6069.10 2.4203e-14   6206.72 1 
  6071.79 2.3535e-14   6209.47 1 
  6074.48 2.4393e-14   6212.22 1 
  6077.16 2.6116e-14   6214.97 1 
  6079.85 2.4324e-14   6217.72 1 
  6082.54 2.5662e-14   6220.47 1 
  6085.23 2.2845e-14   6223.22 1 
  6087.92 2.3669e-14   6225.97 1 
  6090.61 2.2953e-14   6228.72 1 
  6093.30 2.4946e-14   6231.47 1 
  6095.99 2.6835e-14   6234.22 1 
  6098.68 2.7143e-14   6236.97 1 
  6101.37 2.4629e-14   6239.72 1 
  6104.05 2.0831e-14   6242.47 1 
  6106.74 2.5694e-14   6245.22 1 
  6109.43 2.3319e-14   6247.97 1 
  6112.12 2.2927e-14   6250.72 1 
  6114.81 2.3873e-14   6253.47 1 
  6117.50 2.2078e-14   6256.22 1 
  6120.19 2.6461e-14   6258.97 1 
  6122.88 2.2482e-14   6261.72 1 
  6125.57 2.0427e-14   6264.47 1 
  6128.26 2.3017e-14   6267.22 1 
  6130.94 2.2885e-14   6269.97 1 
  6133.63 2.4031e-14   6272.72 1 
  6136.32 2.4506e-14   6275.47 1 
  6139.01 2.6198e-14   6278.22 1 
  6141.70 2.4629e-14   6280.97 1 
  6144.39 2.4794e-14   6283.72 1 
  6147.08 2.4402e-14   6286.47 1 
  6149.77 2.3471e-14   6289.22 1 
  6152.46 2.4691e-14   6291.97 1 
  6155.15 2.3655e-14   6294.72 1 
  6157.84 2.4463e-14   6297.47 1 
  6160.52 2.3445e-14   6300.22 1 
  6163.21 2.1532e-14   6302.97 1 
  6165.90 2.4876e-14   6305.72 1 
  6168.59 2.3429e-14   6308.47 1 
  6171.28 2.2946e-14   6311.22 1 
  6173.97 2.4442e-14   6313.97 1 
  6176.66 2.2438e-14   6316.72 1 
  6179.35 2.4019e-14   6319.47 1 
  6182.04 2.3972e-14   6322.22 1 
  6184.73 2.1868e-14   6324.97 1 
  6187.41 2.3244e-14   6327.72 1 
  6190.10 2.5206e-14   6330.47 1 
  6192.79 2.4178e-14   6333.22 1 
  6195.48 2.2360e-14   6335.97 1 
  6198.17 2.4546e-14   6338.72 1 
  6200.86 2.3241e-14   6341.47 1 
  6203.55 2.2705e-14   6344.22 1 
  6206.24 2.3454e-14   6346.97 1 
  6208.93 2.2832e-14   6349.72 1 
  6211.62 2.2035e-14   6352.47 1 
  6214.30 2.3427e-14   6355.22 1 
  6216.99 2.2889e-14   6357.97 1 
  6219.68 2.3052e-14   6360.72 1 
  6222.37 2.1618e-14   6363.47 1 
  6225.06 2.4134e-14   6366.22 1 
  6227.75 2.2523e-14   6368.97 1 
  6230.44 2.3555e-14   6371.72 1 
  6233.13 2.3223e-14   6374.47 1 
  6235.82 2.1546e-14   6377.22 1 
  6238.51 2.2220e-14   6379.97 1 
  6241.19 2.2390e-14   6382.72 1 
  6243.88 2.0783e-14   6385.47 1 
  6246.57 2.3114e-14   6388.22 1 
  6249.26 2.3257e-14   6390.97 1 
  6251.95 2.2601e-14   6393.72 1 
  6254.64 2.2177e-14   6396.47 1 
  6257.33 2.1587e-14   6399.22 1 
  6260.02 1.9562e-14   6401.97 1 
  6262.71 2.1861e-14   6404.72 1 
  6265.40 2.2881e-14   6407.47 1 
  6268.09 2.1949e-14   6410.22 1 
  6270.77 2.3430e-14   6412.97 1 
  6273.46 2.2804e-14   6415.72 1 
  6276.15 2.3491e-14   6418.47 1 
  6278.84 2.4099e-14   6421.22 1 
  6281.53 2.2639e-14   6423.97 1 
  6284.22 2.1589e-14   6426.72 1 
  6286.91 2.0694e-14   6429.47 1 
  6289.60 2.1024e-14   6432.22 1 
  6292.29 2.1388e-14   6434.97 1 
  6294.98 2.2759e-14   6437.72 1 
  6297.66 2.3356e-14   6440.47 1 
  6300.35 2.4468e-14   6443.22 1 
  6303.04 2.7025e-14   6445.97 1 
  6305.73 2.6573e-14   6448.72 1 
  6308.42 2.3952e-14   6451.47 1 
  6311.11 2.3193e-14   6454.22 1 
  6313.80 2.3692e-14   6456.97 1 
  6316.49 2.3581e-14   6459.72 1 
  6319.18 2.2091e-14   6462.47 1 
  6321.87 2.4862e-14   6465.22 1 
  6324.55 2.2590e-14   6467.97 1 
  6327.24 2.3797e-14   6470.72 1 
  6329.93 2.5315e-14   6473.47 1 
  6332.62 2.5965e-14   6476.22 1 
  6335.31 2.3253e-14   6478.97 1 
  6338.00 2.3338e-14   6481.72 1 
  6340.69 2.0717e-14   6484.47 1 
  6343.38 2.2829e-14   6487.22 1 
  6346.07 1.9479e-14   6489.97 1 
  6348.76 2.1992e-14   6492.72 1 
  6351.44 2.1997e-14   6495.47 1 
  6354.13 2.3009e-14   6498.22 1 
  6356.82 2.4414e-14   6500.97 1 
  6359.51 2.5519e-14   6503.72 1 
  6362.20 2.4201e-14   6506.47 1 
  6364.89 2.4637e-14   6509.22 1 
  6367.58 2.3389e-14   6511.97 1 
  6370.27 2.4290e-14   6514.72 1 
  6372.96 2.3658e-14   6517.47 1 
  6375.65 2.4624e-14   6520.22 1 
  6378.34 2.4243e-14   6522.97 1 
  6381.02 2.2146e-14   6525.72 1 
  6383.71 1.9925e-14   6528.47 1 
  6386.40 2.3899e-14   6531.22 1 
  6389.09 2.8680e-14   6533.97 1 
  6391.78 2.4635e-14   6536.72 1 
  6394.47 2.1029e-14   6539.47 1 
  6397.16 2.2263e-14   6542.22 1 
  6399.85 2.6369e-14   6544.97 1 
  6402.54 2.3675e-14   6547.72 1 
  6405.23 2.0432e-14   6550.47 1 
  6407.91 2.3951e-14   6553.22 1 
  6410.60 2.5964e-14   6555.97 1 
  6413.29 2.0368e-14   6558.72 1 
  6415.98 2.2000e-14   6561.47 1 
  6418.67 2.3891e-14   6564.22 1 
  6421.36 2.1882e-14   6566.97 1 
  6424.05 2.3575e-14   6569.72 1 
  6426.74 2.2661e-14   6572.47 1 
  6429.43 2.4012e-14   6575.22 1 
  6432.12 2.4701e-14   6577.97 1 
  6434.80 2.3083e-14   6580.72 1 
  6437.49 2.2741e-14   6583.47 1 
  6440.18 2.2063e-14   6586.22 1 
  6442.87 2.1271e-14   6588.97 1 
  6445.56 2.2033e-14   6591.72 1 
  6448.25 2.1330e-14   6594.47 1 
  6450.94 2.2561e-14   6597.22 1 
  6453.63 2.3776e-14   6599.97 1 
  6456.32 2.1741e-14   6602.72 1 
  6459.01 2.1690e-14   6605.47 1 
  6461.69 2.3365e-14   6608.22 1 
  6464.38 2.1851e-14   6610.97 1 
  6467.07 2.2914e-14   6613.72 1 
  6469.76 2.3242e-14   6616.47 1 
  6472.45 2.1310e-14   6619.22 1 
  6475.14 2.2500e-14   6621.97 1 
  6477.83 2.2741e-14   6624.72 1 
  6480.52 2.3556e-14   6627.47 1 
  6483.21 2.1843e-14   6630.22 1 
  6485.90 2.3355e-14   6632.97 1 
  6488.59 2.2365e-14   6635.72 1 
  6491.27 2.2857e-14   6638.47 1 
  6493.96 2.1772e-14   6641.22 1 
  6496.65 1.8792e-14   6643.97 1 
  6499.34 2.0435e-14   6646.72 1 
  6502.03 2.0779e-14   6649.47 1 
  6504.72 1.9852e-14   6652.22 1 
  6507.41 2.3058e-14   6654.97 1 
  6510.10 1.9092e-14   6657.72 1 
  6512.79 2.1196e-14   6660.47 1 
  6515.48 2.3382e-14   6663.22 1 
  6518.16 1.9936e-14   6665.97 1 
  6520.85 2.4159e-14   6668.72 1 
  6523.54 2.1426e-14   6671.47 1 
  6526.23 2.4078e-14   6674.22 1 
  6528.92 2.3977e-14   6676.97 1 
  6531.61 2.2057e-14   6679.72 1 
  6534.30 2.4369e-14   6682.47 1 
  6536.99 2.2642e-14   6685.22 1 
  6539.68 2.2141e-14   6687.97 1 
  6542.37 2.3960e-14   6690.72 1 
  6545.05 2.9835e-14   6693.47 1 
  6547.74 3.2422e-14   6696.22 1 
  6550.43 3.3607e-14   6698.97 1 
  6553.12 3.1260e-14   6701.72 1 
  6555.81 4.0283e-14   6704.47 1 
  6558.50 6.1898e-14   6707.22 1 
  6561.19 9.7734e-14   6709.97 1 
  6563.88 1.1536e-13   6712.72 1 
  6566.57 1.1090e-13   6715.47 1 
  6569.26 9.1792e-14   6718.22 1 
  6571.94 6.4411e-14   6720.97 1 
  6574.63 4.2021e-14   6723.72 1 
  6577.32 3.3574e-14   6726.47 1 
  6580.01 4.0242e-14   6729.22 1 
  6582.70 4.9699e-14   6731.97 1 
  6585.39 5.3537e-14   6734.72 1 
  6588.08 5.0323e-14   6737.47 1 
  6590.77 4.3467e-14   6740.22 1 
  6593.46 3.4820e-14   6742.97 1 
  6596.15 2.6481e-14   6745.72 1 
  6598.84 2.2370e-14   6748.47 1 
  6601.52 2.1294e-14   6751.22 1 
  6604.21 2.2351e-14   6753.97 1 
  6606.90 2.3137e-14   6756.72 1 
  6609.59 2.0324e-14   6759.47 1 
  6612.28 2.0384e-14   6762.22 1 
  6614.97 2.1024e-14   6764.97 1 
  6617.66 2.2244e-14   6767.72 1 
  6620.35 2.4581e-14   6770.47 1 
  6623.04 2.2757e-14   6773.22 1 
  6625.73 2.0271e-14   6775.97 1 
  6628.41 2.1008e-14   6778.72 1 
  6631.10 2.2422e-14   6781.47 1 
  6633.79 2.1672e-14   6784.22 1 
  6636.48 2.1622e-14   6786.97 1 
  6639.17 2.2589e-14   6789.72 1 
  6641.86 2.4792e-14   6792.47 1 
  6644.55 2.3563e-14   6795.22 1 
  6647.24 2.1301e-14   6797.97 1 
  6649.93 1.9909e-14   6800.72 1 
  6652.62 2.1102e-14   6803.47 1 
  6655.30 2.2548e-14   6806.22 1 
  6657.99 2.2917e-14   6808.97 1 
  6660.68 2.3500e-14   6811.72 1 
  6663.37 2.1749e-14   6814.47 1 
  6666.06 2.0764e-14   6817.22 1 
  6668.75 2.0195e-14   6819.97 1 
  6671.44 1.9235e-14   6822.72 1 
  6674.13 1.7822e-14   6825.47 1 
  6676.82 2.3779e-14   6828.22 1 
  6687.47 2.2107e-14   6839.12 0 
  6702.89 2.2002e-14   6854.88 0 
  6718.34 2.2254e-14   6870.68 0 
  6733.83 2.2149e-14   6886.52 0 
  6749.35 2.1893e-14   6902.40 0 
  6764.91 2.2297e-14   6918.31 0 
  6780.50 2.2242e-14   6934.26 0 
  6796.13 2.2137e-14   6950.24 0 
  6811.80 2.2033e-14   6966.26 0 
  6827.51 2.2080e-14   6982.33 0 
  6843.24 2.2179e-14   6998.42 0 
  6859.02 2.1771e-14   7014.55 0 
  6874.83 2.1718e-14   7030.72 0 
  6890.68 2.1221e-14   7046.93 0 
  6906.56 2.1613e-14   7063.18 0 
  6922.48 2.1610e-14   7079.46 0 
  6938.44 2.2009e-14   7095.78 0 
  6954.44 2.1854e-14   7112.14 0 
  6970.47 2.2104e-14   7128.53 0 
  6986.54 2.0961e-14   7144.96 0 
  7002.64 2.1946e-14   7161.43 0 
  7018.78 2.1792e-14   7177.94 0 
  7034.97 2.1589e-14   7194.49 0 
  7051.18 2.2191e-14   7211.08 0 
  7067.44 2.0946e-14   7227.70 0 
  7083.73 2.1530e-14   7244.36 0 
  7100.06 2.0558e-14   7261.06 0 
  7116.43 2.0508e-14   7277.80 0 
  7132.83 2.0364e-14   7294.57 0 
  7149.28 2.0502e-14   7311.39 0 
  7165.75 2.0547e-14   7328.25 0 
  7182.27 1.9984e-14   7345.14 0 
  7198.83 1.9347e-14   7362.07 0 
  7215.43 1.9659e-14   7379.04 0 
  7232.06 2.0535e-14   7396.05 0 
  7248.73 2.0391e-14   7413.10 0 
  7265.44 2.0911e-14   7430.19 0 
  7282.19 2.0338e-14   7447.32 0 
  7298.97 1.9464e-14   7464.49 0 
  7315.80 2.0473e-14   7481.70 0 
  7332.67 2.0564e-14   7498.94 0 
  7349.57 2.1333e-14   7516.23 0 
  7366.51 2.1232e-14   7533.56 0 
  7383.49 2.1376e-14   7550.92 0 
  7400.51 2.1177e-14   7568.33 0 
  7417.58 2.0980e-14   7585.78 0 
  7434.67 2.1814e-14   7603.26 0 
  7451.81 2.0973e-14   7620.79 0 
  7468.99 2.0588e-14   7638.36 0 
  7486.21 2.1456e-14   7655.97 0 
  7503.47 2.0772e-14   7673.61 0 
  7520.76 2.1449e-14   7691.30 0 
  7538.10 2.1298e-14   7709.04 0 
  7555.48 2.1443e-14   7726.81 0 
  7572.89 2.1292e-14   7744.62 0 
  7590.35 2.1289e-14   7762.47 0 
  7607.85 2.0993e-14   7780.37 0 
  7625.39 2.0418e-14   7798.30 0 
  7642.96 2.0795e-14   7816.28 0 
  7660.59 2.0272e-14   7834.30 0 
  7678.24 1.9853e-14   7852.36 0 
  7695.94 2.0126e-14   7870.46 0 
  7713.69 1.9938e-14   7888.60 0 
  7731.47 1.9844e-14   7906.79 0 
  7749.29 1.9704e-14   7925.01 0 
  7767.16 1.9610e-14   7943.28 0 
  7785.06 1.9428e-14   7961.59 0 
  7803.00 1.9604e-14   7979.95 0 
  7821.00 1.9920e-14   7998.34 0 
  7839.02 1.9285e-14   8016.78 0 
  7857.09 1.9640e-14   8035.26 0 
  7875.20 2.0002e-14   8053.78 0 
  7893.36 1.9907e-14   8072.35 0 
  7911.56 1.9586e-14   8090.96 0 
  7929.79 1.9225e-14   8109.61 0 
  7948.08 1.8785e-14   8128.31 0 
  7966.40 1.9043e-14   8147.04 0 
  7984.76 1.9483e-14   8165.82 0 
  8003.17 1.8949e-14   8184.65 0 
  8021.62 1.9567e-14   8203.52 0 
  8040.11 1.9745e-14   8222.43 0 
  8058.64 1.9471e-14   8241.38 0 
  8077.22 1.9112e-14   8260.38 0 
  8095.84 1.9375e-14   8279.42 0 
  8114.50 1.9283e-14   8298.51 0 
  8133.21 1.9593e-14   8317.64 0 
  8151.96 1.9056e-14   8336.81 0 
  8170.75 1.7537e-14   8356.03 0 
  8189.59 1.8659e-14   8375.29 0 
  8208.47 1.8443e-14   8394.60 0 
  8227.39 1.9309e-14   8413.95 0 
  8246.36 1.9395e-14   8433.35 0 
  8265.36 1.8647e-14   8452.79 0 
  8284.42 1.8261e-14   8472.27 0 
  8303.51 1.8470e-14   8491.80 0 
  8322.66 1.8984e-14   8511.38 0 
  8341.84 1.8168e-14   8531.00 0 
  8361.07 1.9153e-14   8550.67 0 
  8380.35 1.8801e-14   8570.38 0 
  8399.66 1.8327e-14   8590.14 0 
  8419.03 1.8838e-14   8609.94 0 
  8438.44 1.9096e-14   8629.79 0 
  8457.89 1.8276e-14   8649.68 0 
  8477.38 1.7330e-14   8669.62 0 
  8496.93 1.8609e-14   8689.60 0 
  8516.52 1.8436e-14   8709.64 0 
  8536.15 1.8096e-14   8729.71 0 
  8555.82 1.5686e-14   8749.84 0 
  8575.55 1.8511e-14   8770.01 0 
  8595.32 1.8254e-14   8790.23 0 
  8615.13 1.7959e-14   8810.49 0 
  8634.99 1.8459e-14   8830.80 0 
  8654.90 1.8161e-14   8851.16 0 
  8674.85 1.4691e-14   8871.56 0 
  8694.84 1.7660e-14   8892.01 0 
  8714.89 1.7985e-14   8912.51 0 
  8734.98 1.8443e-14   8933.05 0 
  8755.11 1.7610e-14   8953.65 0 
  8775.30 1.7770e-14   8974.29 0 
  8795.53 1.8476e-14   8994.98 0 
  8815.80 1.6238e-14   9015.71 0 
  8836.13 1.7883e-14   9036.50 0 
  8856.50 1.7880e-14   9057.33 0 
  8876.91 1.6192e-14   9078.20 0 
  8897.38 1.7467e-14   9099.13 0 
  8917.89 1.7666e-14   9120.11 0 
  8938.44 1.7221e-14   9141.13 0 
  8959.05 1.7178e-14   9162.20 0 
  8979.70 1.6707e-14   9183.33 0 
  9000.40 1.4956e-14   9204.50 0 
  9021.15 1.5479e-14   9225.71 0 
  9041.95 1.7851e-14   9246.98 0 
  9062.79 1.8180e-14   9268.30 0 
  9083.68 1.7681e-14   9289.66 0 
  9104.62 1.7395e-14   9311.08 0 
  9125.61 1.6571e-14   9332.54 0 
  9146.65 1.6153e-14   9354.06 0 
  9167.73 1.7029e-14   9375.62 0 
  9188.87 1.7183e-14   9397.23 0 
  9210.05 1.7259e-14   9418.90 0 
  9231.28 1.6863e-14   9440.61 0 
  9252.56 1.6476e-14   9462.37 0 
  9273.89 1.7210e-14   9484.18 0 
  9295.27 1.6207e-14   9506.05 0 
  9316.70 1.7085e-14   9527.96 0 
  9338.17 1.7082e-14   9549.93 0 
  9359.70 1.7039e-14   9571.94 0 
  9381.28 1.6997e-14   9594.01 0 
  9402.90 1.6645e-14   9616.12 0 
  9424.58 1.7069e-14   9638.29 0 
  9446.30 1.6831e-14   9660.51 0 
  9468.08 1.7141e-14   9682.78 0 
  9489.91 1.7138e-14   9705.10 0 
  9511.78 1.6706e-14   9727.47 0 
  9533.71 1.6664e-14   9749.90 0 
  9555.69 1.5948e-14   9772.37 0 
  9577.71 1.6581e-14   9794.90 0 
  9599.80 1.6964e-14   9817.48 0 
  9621.92 1.6844e-14   9840.11 0 
  9644.10 1.6648e-14   9862.79 0 
  9666.33 1.6607e-14   9885.53 0 
  9688.62 1.6796e-14   9908.32 0 
  9710.95 1.6562e-14   9931.16 0 
  9733.34 1.6407e-14   9954.05 0 
  9755.78 1.6328e-14   9977.00 0 
  9778.27 1.6363e-14  10000.00 0 
  9800.81 1.6172e-14  10023.05 0 
  9823.40 1.6319e-14  10046.15 0 
  9846.04 1.6391e-14  10069.31 0 
  9868.75 1.6274e-14  10092.53 0 
  9891.50 1.6234e-14  10115.80 0 
  9914.30 1.6119e-14  10139.12 0 
  9937.15 1.6227e-14  10162.49 0 
  9960.06 1.6261e-14  10185.91 0 
  9983.02 1.6146e-14  10209.39 0 
 10029.10 1.6028e-14  10256.52 0 
 10075.39 1.5729e-14  10303.86 0 
 10121.89 1.6126e-14  10351.42 0 
 10168.62 1.5972e-14  10399.21 0 
 10215.56 1.6039e-14  10447.20 0 
 10286.36 1.6066e-14  10519.62 0 
 10310.07 1.5989e-14  10543.86 0 
 10501.76 1.5425e-14  10739.90 0 
 10697.00 1.4765e-14  10939.56 0 
 10895.87 1.4133e-14  11142.94 0 
 11098.44 1.3528e-14  11350.10 0 
 11304.78 1.3281e-14  11561.13 0 
 11488.47 1.3220e-14  11748.98 0 
 11702.05 1.2860e-14  11967.41 0 
 11892.19 1.2366e-14  12161.86 0 
 12113.28 1.2168e-14  12387.96 0 
 12310.11 1.1946e-14  12589.25 0 
 12510.13 1.1594e-14  12793.81 0 
 12713.40 1.1304e-14  13001.69 0 
 12890.26 1.1046e-14  13182.56 0 
 13099.71 1.0845e-14  13396.76 0 
 13312.57 1.0501e-14  13614.44 0 
 13497.76 1.0262e-14  13803.84 0 
 13685.54 1.0051e-14  13995.87 0 
 13907.91 9.6655e-15  14223.28 0 
 14101.39 9.2305e-15  14421.15 0 
 14297.56 9.0620e-15  14621.77 0 
 14496.46 9.1038e-15  14825.18 0 
 14698.13 8.7745e-15  15031.42 0 
 14902.60 8.8761e-15  15240.53 0 
 15109.92 8.8966e-15  15452.55 0 
 15284.87 9.0204e-15  15631.47 0 
 15497.50 8.9377e-15  15848.92 0 
 15713.10 8.7342e-15  16069.41 0 
 15895.05 8.3989e-15  16255.49 0 
 16116.17 8.3989e-15  16481.62 0 
 16302.79 8.3603e-15  16672.48 0 
 16491.58 8.2267e-15  16865.54 0 
 16682.53 8.1889e-15  17060.82 0 
 16914.60 8.0580e-15  17298.16 0 
 17110.47 7.9291e-15  17498.47 0 
 17308.61 7.6072e-15  17701.10 0 
 17509.01 7.3829e-15  17906.05 0 
 17711.76 7.0831e-15  18113.40 0 
 17916.86 6.8112e-15  18323.14 0 
 18082.65 6.4599e-15  18492.70 0 
 18292.02 6.2983e-15  18706.81 0 
 18503.84 6.0845e-15  18923.43 0 
 18718.11 5.7973e-15  19142.56 0 
 18891.29 5.6523e-15  19319.67 0 
 19110.05 5.5619e-15  19543.39 0 
 19286.88 5.3979e-15  19724.23 0 
 19510.22 5.1787e-15  19952.63 0 
 19690.73 5.0260e-15  20137.24 0 
 19918.74 4.8666e-15  20370.42 0 
 20103.06 4.7888e-15  20558.92 0 
 20289.06 4.6262e-15  20749.13 0 
 20476.80 4.5732e-15  20941.13 0 
 20713.91 4.4589e-15  21183.62 0 
 20905.56 4.3674e-15  21379.62 0 
 21099.01 4.2877e-15  21577.45 0 
 21294.22 4.1998e-15  21777.09 0 
 21491.26 4.1136e-15  21978.60 0 
 21690.13 3.9740e-15  22181.97 0 
 21890.81 3.9104e-15  22387.21 0 
 22093.37 3.8039e-15  22594.36 0 
 22297.79 3.7087e-15  22803.41 0 
 22504.11 3.6243e-15  23014.42 0 
 22712.35 3.5255e-15  23227.38 0 
 22922.49 3.1785e-15  23442.28 0 
 23081.40 3.1566e-15  23604.79 0 
 23294.95 2.7811e-15  23823.19 0 
 23510.51 2.6195e-15  24043.63 0 
 23673.46 2.6499e-15  24210.28 0 
 23892.52 2.4503e-15  24434.31 0 
 24113.60 2.3671e-15  24660.40 0 
 24280.74 2.3347e-15  24831.33 0 
 24505.42 2.1788e-15  25061.10 0 
 24675.27 2.1391e-15  25234.80 0 
 24903.60 1.8375e-15  25468.31 0 
 25076.21 1.8165e-15  25644.84 0 
 25308.25 1.8248e-15  25882.13 0 
 25483.66 1.8081e-15  26061.53 0 
 25719.47 1.8333e-15  26302.68 0 
 25897.74 1.7998e-15  26484.99 0 
 26077.27 1.7915e-15  26668.59 0 
 26318.54 1.7508e-15  26915.34 0 
 26500.99 1.7307e-15  27101.92 0 
 26684.67 1.6991e-15  27289.77 0 
 26869.65 1.6758e-15  27478.95 0 
 27118.26 1.6528e-15  27733.19 0 
 27306.25 1.6226e-15  27925.45 0 
 27495.51 1.5967e-15  28119.00 0 
 27686.12 1.5604e-15  28313.93 0 
 27878.02 1.5425e-15  28510.18 0 
 28071.27 1.5143e-15  28707.82 0 
 28331.00 1.4936e-15  28973.43 0 
 28527.39 1.4663e-15  29174.28 0 
 28725.12 1.4362e-15  29376.49 0 
 28924.25 1.4165e-15  29580.14 0 
 29124.73 1.3939e-15  29785.16 0 
 29326.63 1.3684e-15  29991.64 0 
 29529.90 1.3435e-15  30199.52 0 
 29666.19 1.3250e-15  30338.90 0 
 29871.85 1.3008e-15  30549.22 0 
 30078.89 1.2800e-15  30760.96 0 
 30287.41 1.2596e-15  30974.21 0 
 30497.34 1.2452e-15  31188.89 0 
 30708.75 1.2309e-15  31405.10 0 
 30921.60 1.2140e-15  31622.78 0 
 31064.32 1.2001e-15  31768.73 0 
 31279.66 1.1891e-15  31988.96 0 
 31496.47 1.1755e-15  32210.68 0 
 31714.81 1.1620e-15  32433.97 0 
 31934.63 1.1567e-15  32658.78 0 
 32082.02 1.1540e-15  32809.52 0 
 32304.42 1.1647e-15  33036.96 0 
 32528.33 1.2057e-15  33265.94 0 
 32678.50 1.3404e-15  33419.52 0 
 32905.00 1.7188e-15  33651.15 0 
 33133.11 1.6991e-15  33884.43 0 
 33286.03 1.2889e-15  34040.82 0 
 33516.74 1.1304e-15  34276.77 0 
 33671.47 1.0574e-15  34435.01 0 
 33904.86 1.0168e-15  34673.68 0 
 34061.34 9.8679e-16  34833.72 0 
 34297.47 9.6655e-16  35075.20 0 
 34535.18 9.4673e-16  35318.30 0 
 34694.62 9.2731e-16  35481.36 0 
 34935.09 9.1038e-16  35727.28 0 
 35096.34 8.9583e-16  35892.18 0 
 35339.63 8.7745e-16  36140.99 0 
 35502.74 8.6342e-16  36307.80 0 
 35666.60 8.4767e-16  36475.38 0 
 35913.85 8.3411e-16  36728.23 0 
 36079.61 8.2267e-16  36897.75 0 
 36329.73 8.0765e-16  37153.54 0 
 36497.40 7.9291e-16  37325.02 0 
 36665.85 7.8023e-16  37497.29 0 
 36920.03 7.6599e-16  37757.23 0 
 37090.44 7.5201e-16  37931.50 0 
 37261.63 7.4169e-16  38106.57 0 
 37519.93 7.2648e-16  38370.73 0 
 37693.10 7.1817e-16  38547.83 0 
 37867.08 7.0668e-16  38725.75 0 
 38129.58 6.9538e-16  38994.21 0 
 38305.57 6.8584e-16  39174.18 0 
 38482.36 6.7488e-16  39354.99 0 
 38660.02 6.6256e-16  39536.67 0 
 38927.98 6.5347e-16  39810.71 0 
 39107.69 6.4302e-16  39994.50 0 
 39288.19 6.3420e-16  40179.09 0 
 39469.52 6.2262e-16  40364.54 0 
 39743.14 6.1267e-16  40644.35 0 
 39926.57 6.0148e-16  40831.95 0 
 40110.85 5.9323e-16  41020.40 0 
 40295.98 5.8509e-16  41209.73 0 
 40482.01 5.7441e-16  41399.98 0 
 40668.85 5.6784e-16  41591.06 0 
 40856.56 5.6005e-16  41783.02 0 
 41139.78 5.5236e-16  42072.67 0 
 41329.66 5.4478e-16  42266.86 0 
 41520.42 5.3731e-16  42461.93 0 
 41712.10 5.2872e-16  42657.96 0 
 41904.62 5.2267e-16  42854.85 0 
 42098.03 5.1431e-16  43052.64 0 
 42292.38 5.0959e-16  43251.40 0 
 42487.58 5.0260e-16  43451.02 0 
 42683.68 4.9571e-16  43651.57 0 
 42880.73 4.8109e-16  43853.09 0 
 43078.64 4.6583e-16  44055.49 0 
 43277.47 4.6476e-16  44258.83 0 
 43477.21 4.5105e-16  44463.10 0 
 43677.93 4.4384e-16  44668.37 0 
 43879.52 4.3775e-16  44874.54 0 
 44082.04 4.2680e-16  45081.65 0 
 44285.55 4.2289e-16  45289.77 0 
 44489.95 4.1708e-16  45498.80 0 
 44695.29 4.0853e-16  45708.80 0 
 44901.63 4.0759e-16  45919.82 0 
 45108.87 4.0107e-16  46131.76 0 
 45317.07 3.9466e-16  46344.68 0 
 45526.28 3.9285e-16  46558.63 0 
 45736.40 3.8925e-16  46773.52 0 
 45947.50 3.8126e-16  46989.40 0 
 46053.41 3.8126e-16  47097.72 0 
 46266.02 3.7690e-16  47315.15 0 
 46479.56 3.7258e-16  47533.53 0 
 46694.08 3.7087e-16  47752.92 0 
 46909.65 3.6747e-16  47973.37 0 
 47126.16 3.6327e-16  48194.79 0 
 47343.67 3.6243e-16  48417.23 0 
 47452.80 3.5828e-16  48528.84 0 
 47671.86 3.5582e-16  48752.87 0 
 47891.89 3.5337e-16  48977.89 0 
 48112.94 3.4852e-16  49203.95 0 
 48335.00 3.4932e-16  49431.04 0 
 48446.47 3.4532e-16  49545.04 0 
 48670.07 3.4216e-16  49773.71 0 
 48894.71 3.3983e-16  50003.44 0 
 49120.43 3.3915e-16  50234.29 0 
 49347.14 3.3848e-16  50466.14 0 
 49460.89 3.3697e-16  50582.46 0 
 49689.17 3.3708e-16  50815.93 0 
 49918.57 3.3640e-16  51050.52 0 
 50148.97 3.3651e-16  51286.14 0 
 50264.56 3.3501e-16  51404.36 0 
 50496.56 3.3434e-16  51641.62 0 
 50729.68 3.3444e-16  51880.02 0 
 50846.61 3.3449e-16  51999.61 0 
 50963.82 3.3454e-16  52119.47 0 
 51081.29 3.3459e-16  52239.61 0 
 51199.04 3.3387e-16  52360.03 0 
 51317.05 3.3392e-16  52480.72 0 
 51435.40 3.3397e-16  52601.75 0 
 51553.96 3.3402e-16  52723.00 0 
 51672.80 3.3484e-16  52844.53 0 
 51791.91 3.3566e-16  52966.34 0 
 51911.29 3.3494e-16  53088.43 0 
 52030.95 3.3499e-16  53210.80 0 
 52150.94 3.3581e-16  53333.52 0 
 52271.16 3.3586e-16  53456.46 0 
 52391.64 3.3591e-16  53579.68 0 
 52512.41 3.3673e-16  53703.18 0 
 52633.46 3.3833e-16  53826.97 0 
 52754.78 3.3916e-16  53951.05 0 
 52876.38 3.3843e-16  54075.41 0 
 52998.32 3.3848e-16  54200.11 0 
 53120.49 3.3931e-16  54325.05 0 
 53242.94 3.4014e-16  54450.27 0 
 53365.67 3.4097e-16  54575.79 0 
 53488.68 3.4181e-16  54701.59 0 
 53611.97 3.4264e-16  54827.68 0 
 53735.55 3.4427e-16  54954.06 0 
 53859.48 3.4511e-16  55080.79 0 
 53983.63 3.4596e-16  55207.76 0 
 54108.06 3.4760e-16  55335.02 0 
 54232.78 3.4845e-16  55462.57 0 
 54357.79 3.4931e-16  55590.41 0 
 54483.09 3.5097e-16  55718.55 0 
 54608.74 3.5264e-16  55847.05 0 
 54734.62 3.5431e-16  55975.78 0 
 54860.79 3.5600e-16  56104.81 0 
 54987.24 3.5769e-16  56234.13 0 
 55113.99 3.5939e-16  56363.76 0 
 55241.03 3.6193e-16  56493.68 0 
 55368.37 3.6449e-16  56623.90 0 
 55496.06 3.6622e-16  56754.48 0 
 55623.98 3.6796e-16  56885.31 0 
 55752.20 3.7142e-16  57016.43 0 
 55880.71 3.7404e-16  57147.86 0 
 56009.52 3.7669e-16  57279.59 0 
 56138.62 3.8110e-16  57411.62 0 
 56268.09 3.8380e-16  57544.02 0 
 56397.79 3.8651e-16  57676.67 0 
 56527.79 3.9104e-16  57809.62 0 
 56658.09 3.9562e-16  57942.87 0 
 56788.69 3.9933e-16  58076.43 0 
 56919.60 4.0401e-16  58210.30 0 
 57050.80 4.0874e-16  58344.48 0 
 57182.37 4.1544e-16  58479.04 0 
 57314.18 4.2127e-16  58613.83 0 
 57446.29 4.2719e-16  58748.94 0 
 57578.71 4.3419e-16  58884.36 0 
 57711.43 4.4028e-16  59020.09 0 
 57844.46 4.4853e-16  59156.14 0 
 57977.80 4.5798e-16  59292.50 0 
 58111.50 4.6656e-16  59429.24 0 
 58245.45 4.7529e-16  59566.23 0 
 58379.71 4.8755e-16  59703.53 0 
 58514.28 4.9897e-16  59841.15 0 
 58649.16 5.1066e-16  59979.09 0 
 58784.35 5.2503e-16  60117.35 0 
 58919.92 5.3981e-16  60255.99 0 
 59143.24 5.4097e-16  60484.37 3 
 59446.22 5.4708e-16  60794.22 3 
 59749.20 6.6684e-16  61104.07 3 
 60052.19 7.6446e-16  61413.93 3 
 60355.17 8.3656e-16  61723.78 3 
 60658.14 8.4651e-16  62033.63 3 
 60961.13 9.3892e-16  62343.49 3 
 61264.11 1.2168e-15  62653.34 3 
 61567.10 1.8115e-15  62963.19 3 
 61870.08 2.5135e-15  63273.05 3 
 62173.07 2.7845e-15  63582.90 3 
 62476.05 2.5285e-15  63892.76 3 
 62779.03 2.0291e-15  64202.61 3 
 63082.01 1.6226e-15  64512.46 3 
 63385.00 1.3853e-15  64822.32 3 
 63687.98 1.1936e-15  65132.17 3 
 63990.96 1.0666e-15  65442.02 3 
 64293.95 9.8468e-16  65751.88 3 
 64596.93 8.8663e-16  66061.73 3 
 64899.91 8.2788e-16  66371.58 3 
 65202.90 7.9240e-16  66681.45 3 
 65505.88 7.6056e-16  66991.29 3 
 65808.86 7.5993e-16  67301.14 3 
 66111.85 7.5871e-16  67611.00 3 
 66414.83 7.7915e-16  67920.85 3 
 66717.82 7.5827e-16  68230.71 3 
 67020.80 7.8400e-16  68540.56 3 
 67323.78 7.7952e-16  68850.41 3 
 67626.77 7.6279e-16  69160.27 3 
 67929.74 7.3685e-16  69470.12 3 
 68232.73 7.8344e-16  69779.98 3 
 68535.71 7.5941e-16  70089.83 3 
 68838.69 7.8374e-16  70399.68 3 
 69141.68 8.2196e-16  70709.54 3 
 69444.66 8.9595e-16  71019.39 3 
 69747.64 1.1690e-15  71329.24 3 
 70050.63 1.1766e-15  71639.10 3 
 70353.61 1.0675e-15  71948.95 3 
 70656.60 1.0014e-15  72258.81 3 
 70959.58 1.0527e-15  72568.66 3 
 71262.56 1.0811e-15  72878.51 3 
 71565.55 1.1047e-15  73188.38 3 
 71868.53 1.0930e-15  73498.22 3 
 72171.51 1.1284e-15  73808.07 3 
 72474.50 1.1634e-15  74117.93 3 
 72777.48 1.2825e-15  74427.78 3 
 73080.46 1.3895e-15  74737.63 3 
 73383.44 1.4116e-15  75047.48 3 
 73666.60 1.3535e-15  75337.06 3 
 73686.43 1.5122e-15  75357.34 3 
 73989.42 1.6942e-15  75667.20 3 
 74273.76 1.7006e-15  75957.99 3 
 74292.39 1.8783e-15  75977.05 3 
 74880.94 2.0649e-15  76578.94 3 
 75488.11 2.4489e-15  77199.88 3 
 76095.28 2.6848e-15  77820.82 3 
 76702.45 2.5405e-15  78441.76 3 
 77309.64 2.4102e-15  79062.71 3 
 77916.81 2.3286e-15  79683.65 3 
 78523.98 2.1580e-15  80304.59 3 
 79131.16 1.9085e-15  80925.54 3 
 79738.33 1.6266e-15  81546.48 3 
 80345.50 1.4116e-15  82167.41 3 
 80952.68 1.2260e-15  82788.36 3 
 81559.85 1.1173e-15  83409.30 3 
 82167.03 1.0550e-15  84030.25 3 
 82774.20 1.0544e-15  84651.19 3 
 83381.38 1.0806e-15  85272.13 3 
 83988.55 1.0984e-15  85893.07 3 
 84595.73 1.1536e-15  86514.02 3 
 85202.89 1.2772e-15  87134.95 3 
 85810.07 1.3124e-15  87755.90 3 
 86417.25 1.2343e-15  88376.84 3 
 87024.42 1.0534e-15  88997.78 3 
 87631.58 8.4739e-16  89618.72 3 
 88238.76 6.7490e-16  90239.66 3 
 88845.93 5.6071e-16  90860.60 3 
 89453.12 5.0604e-16  91481.55 3 
 90060.29 4.8592e-16  92102.49 3 
 90667.46 4.1801e-16  92723.44 3 
 91274.64 3.7295e-16  93344.38 3 
 91881.81 3.6186e-16  93965.32 3 
 92488.98 3.4935e-16  94586.26 3 
 93096.15 3.4063e-16  95207.20 3 
 93703.33 3.2217e-16  95828.15 3 
 94310.50 3.2270e-16  96449.09 3 
 94917.67 3.2761e-16  97070.02 3 
 95524.85 3.3144e-16  97690.98 3 
 96132.03 3.3902e-16  98311.92 3 
 96739.20 3.5062e-16  98932.86 3 
 97346.38 3.1535e-16  99553.80 3 
 97953.51 3.0831e-16 100174.70 3 
 98560.73 2.8664e-16 100795.70 3 
 99167.86 2.8254e-16 101416.59 3 
 99775.10 2.8117e-16 102037.60 3 
100382.23 2.7964e-16 102658.50 3 
100989.46 2.8753e-16 103279.49 3 
101596.60 2.7326e-16 103900.41 3 
102203.73 2.6613e-16 104521.30 3 
102810.96 2.6584e-16 105142.30 3 
103418.09 2.8115e-16 105763.20 3 
104025.32 3.0258e-16 106384.20 3 
104632.46 3.3128e-16 107005.10 3 
105239.59 3.7974e-16 107626.00 3 
105846.82 3.8557e-16 108247.00 3 
106453.96 3.7029e-16 108867.91 3 
107061.18 3.7857e-16 109488.90 3 
107668.31 3.6751e-16 110109.80 3 
108275.54 3.8450e-16 110730.80 3 
108882.68 4.1999e-16 111351.70 3 
109489.81 4.9637e-16 111972.60 3 
110097.04 6.0309e-16 112593.60 3 
110704.17 6.5251e-16 113214.50 3 
111311.40 8.9969e-16 113835.50 3 
111918.53 1.4084e-15 114456.40 3 
112525.76 1.6044e-15 115077.40 3 
113132.90 1.3885e-15 115698.30 3 
113740.03 1.0642e-15 116319.20 3 
114347.26 8.5053e-16 116940.20 3 
114954.40 7.1157e-16 117561.10 3 
115561.62 6.1156e-16 118182.09 3 
116168.75 5.4804e-16 118802.99 3 
116775.99 5.1807e-16 119424.00 3 
117383.12 4.9841e-16 120044.90 3 
117990.25 5.1021e-16 120665.80 3 
118597.49 5.3379e-16 121286.80 3 
119204.62 5.6334e-16 121907.70 3 
119811.84 5.5465e-16 122528.70 3 
120418.97 5.4804e-16 123149.59 3 
121026.12 5.2089e-16 123770.51 3 
121633.34 5.1011e-16 124391.50 3 
122240.47 5.4144e-16 125012.40 3 
122847.70 5.8353e-16 125633.40 3 
123454.84 5.7781e-16 126254.30 3 
124062.07 5.8188e-16 126875.30 3 
124669.20 6.1228e-16 127496.20 3 
125276.34 6.5874e-16 128117.10 3 
125883.57 6.9276e-16 128738.10 3 
126490.70 7.3385e-16 129359.00 3 
127097.93 8.0079e-16 129980.00 3 
127705.06 1.1225e-15 130600.90 3 
128312.19 1.1558e-15 131221.80 3 
128919.42 6.7985e-16 131842.80 3 
129526.56 4.5331e-16 132463.70 3 
130133.79 4.0689e-16 133084.70 3 
130740.91 4.0131e-16 133705.59 3 
131348.14 4.0207e-16 134326.59 3 
131955.28 3.9591e-16 134947.50 3 
132562.42 3.8820e-16 135568.41 3 
133169.65 3.8536e-16 136189.41 3 
133776.77 3.8206e-16 136810.30 3 
134384.01 3.8615e-16 137431.30 3 
134991.14 3.8478e-16 138052.20 3 
135598.37 3.7471e-16 138673.20 3 
136205.50 3.6825e-16 139294.09 3 
136812.64 3.5989e-16 139915.00 3 
137419.87 3.4568e-16 140536.00 3 
138027.01 3.4052e-16 141156.91 3 
138634.22 3.3576e-16 141777.89 3 
139241.36 3.3742e-16 142398.80 3 
139848.59 3.4068e-16 143019.80 3 
140455.73 3.2407e-16 143640.70 3 
141062.85 3.2325e-16 144261.59 3 
141670.10 3.2279e-16 144882.61 3 
142192.55 3.2794e-16 145416.91 3 
143089.11 3.1240e-16 146333.80 3 
143985.78 3.0271e-16 147250.80 3 
144882.35 2.8427e-16 148167.70 3 
145778.91 2.7121e-16 149084.59 3 
146675.49 2.7305e-16 150001.50 3 
147572.15 2.7674e-16 150918.50 3 
148468.73 2.7317e-16 151835.41 3 
149365.29 2.5499e-16 152752.30 3 
150261.96 2.5916e-16 153669.30 3 
151158.53 2.6105e-16 154586.20 3 
152055.09 2.8550e-16 155503.09 3 
152951.67 2.6322e-16 156420.00 3 
153848.34 2.7717e-16 157337.00 3 
154744.91 3.4298e-16 158253.91 3 
155641.47 4.5215e-16 159170.80 3 
156538.14 3.6194e-16 160087.80 3 
157434.71 2.7797e-16 161004.70 3 
158331.27 2.7453e-16 161921.59 3 
159227.94 2.8987e-16 162838.59 3 
160124.52 2.8608e-16 163755.50 3 
161021.08 2.9076e-16 164672.39 3 
161917.65 3.0451e-16 165589.30 3 
162814.33 3.4497e-16 166506.31 3 
163710.88 4.0207e-16 167423.19 3 
164607.46 4.3860e-16 168340.09 3 
165504.03 4.1106e-16 169257.00 3 
166400.70 3.6960e-16 170174.00 3 
167297.27 3.8757e-16 171090.91 3 
168193.85 3.8478e-16 172007.81 3 
169090.52 4.0018e-16 172924.81 3 
169987.08 4.7206e-16 173841.70 3 
170883.65 4.7637e-16 174758.61 3 
171780.32 4.0728e-16 175675.61 3 
172676.88 4.0795e-16 176592.50 3 
173573.45 4.1224e-16 177509.41 3 
174470.01 3.9104e-16 178426.30 3 
175366.68 3.4911e-16 179343.30 3 
176263.26 3.1903e-16 180260.20 3 
177159.82 2.8631e-16 181177.09 3 
178056.48 3.1497e-16 182094.09 3 
178953.06 3.2509e-16 183011.00 3 
179849.62 3.1195e-16 183927.89 3 
180746.29 2.8457e-16 184844.89 3 
181642.86 2.9323e-16 185761.80 3 
182539.44 2.9132e-16 186678.70 3 
183436.00 2.9554e-16 187595.59 3 
184332.67 3.0043e-16 188512.59 3 
185229.24 3.0165e-16 189429.50 3 
186125.80 3.3545e-16 190346.39 3 
187022.48 5.5595e-16 191263.41 3 
187919.06 4.5981e-16 192180.31 3 
188815.60 3.3596e-16 193097.19 3 
189712.18 3.0097e-16 194014.09 3 
190608.86 2.7027e-16 194931.11 3 
191505.42 2.9044e-16 195848.00 3 
192402.00 2.7144e-16 196764.91 3 
193298.67 2.9569e-16 197681.91 3 
194195.23 2.6891e-16 198598.80 3 
195091.80 2.7435e-16 199515.70 3 
195988.38 3.0147e-16 200432.61 3 
196885.04 2.7957e-16 201349.61 3 
197781.60 3.1574e-16 202266.50 3 
198678.18 2.7719e-16 203183.41 3 
199574.85 2.9552e-16 204100.41 3 
200994.65 2.6501e-16 205552.41 3 
202710.72 3.1301e-16 207307.39 3 
204427.79 3.0948e-16 209063.39 3 
206145.84 2.7701e-16 210820.41 3 
207864.76 3.1597e-16 212578.30 3 
209584.55 3.1049e-16 214337.09 3 
211305.33 2.8534e-16 216096.89 3 
213027.01 3.1022e-16 217857.61 3 
214749.63 3.3280e-16 219619.30 3 
216473.25 3.1735e-16 221382.00 3 
218197.74 2.9945e-16 223145.59 3 
219923.22 3.1882e-16 224910.20 3 
221649.58 3.2871e-16 226675.70 3 
223376.89 3.1252e-16 228442.19 3 
225105.20 3.0873e-16 230209.69 3 
226834.40 3.1262e-16 231978.09 3 
228564.57 3.3499e-16 233747.50 3 
230295.72 3.3223e-16 235517.91 3 
232027.74 3.1735e-16 237289.20 3 
233760.85 3.1680e-16 239061.61 3 
235494.73 3.3316e-16 240834.81 3 
237229.67 3.4124e-16 242609.09 3 
238965.62 3.3516e-16 244384.41 3 
240702.44 3.2695e-16 246160.61 3 
242440.22 3.3633e-16 247937.80 3 
244179.00 3.4598e-16 249716.00 3 
245918.64 3.4508e-16 251495.09 3 
247659.37 3.4098e-16 253275.30 3 
249400.99 3.3952e-16 255056.41 3 
251143.68 3.4464e-16 256838.61 3 
252887.22 3.4819e-16 258621.69 3 
254631.78 3.5208e-16 260405.81 3 
256377.29 3.4946e-16 262190.91 3 
258123.79 3.5909e-16 263977.00 3 
259871.25 3.7012e-16 265764.09 3 
261619.73 3.6645e-16 267552.22 3 
263369.15 3.5279e-16 269341.31 3 
265119.56 3.5651e-16 271131.41 3 
266870.93 3.5761e-16 272922.50 3 
268623.29 3.5678e-16 274714.59 3 
270376.75 3.7115e-16 276507.81 3 
272131.06 3.5699e-16 278301.91 3 
273886.35 3.6539e-16 280097.00 3 
275642.71 3.7462e-16 281893.19 3 
277400.08 3.6922e-16 283690.41 3 
279158.31 3.6669e-16 285488.50 3 
280917.60 3.6824e-16 287287.69 3 
282677.90 3.7985e-16 289087.91 3 
284439.27 3.7332e-16 290889.22 3 
286201.59 3.7395e-16 292691.50 3 
287964.83 3.6117e-16 294494.72 3 
289729.19 3.7799e-16 296299.09 3 
291494.48 3.6019e-16 298104.41 3 
293260.80 3.7412e-16 299910.78 3 
295028.13 3.6551e-16 301718.19 3 
296796.44 3.8592e-16 303526.59 3 
298565.82 3.8822e-16 305336.09 3 
300336.17 3.8323e-16 307146.59 3 
302107.50 3.7745e-16 308958.09 3 
303879.91 3.8566e-16 310770.69 3 
305653.41 3.8280e-16 312584.41 3 
307427.86 3.7987e-16 314399.09 3 
309203.32 3.9007e-16 316214.81 3 
310979.72 3.9782e-16 318031.50 3 
312757.32 3.9858e-16 319849.41 3 
314535.80 3.9287e-16 321668.22 3 
316315.42 4.0199e-16 323488.19 3 
318095.95 3.9067e-16 325309.09 3 
319877.64 4.0412e-16 327131.19 3 
321660.34 3.9911e-16 328954.31 3 
323443.96 4.0000e-16 330778.38 3 
325228.71 4.0725e-16 332603.59 3 
327014.52 4.0136e-16 334429.91 3 
328801.38 4.1888e-16 336257.28 3 
330589.28 4.0111e-16 338085.72 3 
332378.18 4.7896e-16 339915.19 3 
334168.09 6.3815e-16 341745.69 3 
335959.10 5.0544e-16 343577.31 3 
337751.28 4.1110e-16 345410.12 3 
339544.31 4.2686e-16 347243.81 3 
341338.53 4.1390e-16 349078.72 3 
