# An Atlas of Galaxy Spectral Energy Distributions from the Ultraviolet to the Mid-Infrared
# Brown et al. (2014)
# http://dx.doi.org/10.5072/03/529D3551F0117
# 
# Column 1 : Restframe Wavelength (Angstrom)
# Column 2 : Flux per unit wavelength (ergs/s/cm^2/Angstrom)
# Column 3 : Observed wavelength (Angstrom)
# Column 4 : Source (0 = model, 1 = Optical Spectrum, 2 = Akari, 3 = Spitzer IRS)
# 
   102.07 8.8293e-34    105.93 0 
   103.97 1.6425e-33    107.89 0 
   105.90 3.0910e-33    109.90 0 
   108.12 5.8696e-33    112.20 0 
   109.87 1.2509e-32    114.02 0 
   114.00 3.7267e-32    118.30 0 
   118.00 9.9874e-32    122.46 0 
   121.03 6.6038e-31    125.60 0 
   125.00 1.5486e-30    129.72 0 
   127.03 2.2567e-30    131.83 0 
   127.91 2.7688e-30    132.74 0 
   130.89 4.7058e-30    135.83 0 
   132.10 6.4323e-30    137.09 0 
   133.94 8.9323e-30    139.00 0 
   137.05 1.7033e-29    142.23 0 
   139.92 2.7205e-29    145.21 0 
   142.85 1.0839e-28    148.25 0 
   146.86 3.9822e-28    152.41 0 
   150.97 6.7954e-28    156.68 0 
   154.84 1.1438e-27    160.69 0 
   159.18 1.8985e-27    165.20 0 
   162.14 2.7211e-27    168.27 0 
   165.92 4.3743e-27    172.19 0 
   170.17 6.7915e-27    176.60 0 
   172.94 9.4049e-27    179.47 0 
   176.97 1.4173e-26    183.65 0 
   179.84 1.9047e-26    186.64 0 
   181.93 2.3086e-26    188.80 0 
   186.16 3.3606e-26    193.20 0 
   190.94 5.2765e-26    198.15 0 
   194.04 6.9128e-26    201.37 0 
   198.10 9.6326e-26    205.59 0 
   201.79 1.3364e-25    209.41 0 
   205.07 1.6951e-25    212.81 0 
   209.84 2.3720e-25    217.77 0 
   216.22 3.8254e-25    224.39 0 
   220.24 5.0907e-25    228.56 0 
   222.79 6.1688e-25    231.21 0 
   226.93 8.0959e-25    235.50 0 
   230.09 1.3352e-24    238.78 0 
   233.83 2.4362e-24    242.66 0 
   239.83 4.1433e-24    248.89 0 
   245.98 5.2596e-24    255.27 0 
   252.29 7.4907e-24    261.82 0 
   256.98 7.9699e-24    266.69 0 
   259.95 1.0538e-23    269.77 0 
   264.18 1.3207e-23    274.16 0 
   269.09 1.6357e-23    279.25 0 
   274.09 1.9978e-23    284.45 0 
   279.19 2.4231e-23    289.73 0 
   283.72 2.9535e-23    294.44 0 
   290.33 3.5222e-23    301.30 0 
   295.73 4.4114e-23    306.90 0 
   301.23 5.1204e-23    312.61 0 
   308.24 6.5567e-23    319.89 0 
   318.34 9.1273e-23    330.37 0 
   328.02 1.2249e-22    340.41 0 
   337.98 1.5987e-22    350.75 0 
   348.25 2.0529e-22    361.41 0 
   357.19 2.5839e-22    370.68 0 
   366.35 3.2743e-22    380.19 0 
   374.88 3.9820e-22    389.05 0 
   385.38 4.7056e-22    399.94 0 
   395.27 6.0431e-22    410.20 0 
   405.41 7.4963e-22    420.73 0 
   413.90 8.7663e-22    429.54 0 
   421.59 9.9077e-22    437.52 0 
   430.42 1.1216e-21    446.68 0 
   441.46 1.3652e-21    458.14 0 
   450.71 1.5847e-21    467.74 0 
   460.14 1.7687e-21    477.53 0 
   469.78 2.0432e-21    487.53 0 
   479.62 2.3873e-21    497.74 0 
   489.66 2.6452e-21    508.16 0 
   499.91 3.1112e-21    518.80 0 
   505.70 3.6941e-21    524.81 0 
   511.56 8.7108e-21    530.88 0 
   519.87 1.0023e-20    539.51 0 
   529.54 1.1792e-20    549.54 0 
   539.38 1.2652e-20    559.76 0 
   549.41 2.0307e-20    570.16 0 
   559.62 2.7044e-20    580.76 0 
   570.03 3.4313e-20    591.56 0 
   580.62 3.5956e-20    602.56 0 
   590.06 5.0394e-20    612.35 0 
   599.65 5.8337e-20    622.30 0 
   609.39 7.6816e-20    632.41 0 
   619.29 9.6142e-20    642.69 0 
   629.35 1.1517e-19    653.13 0 
   639.58 1.2551e-19    663.74 0 
   649.97 1.5812e-19    674.53 0 
   657.50 1.8283e-19    682.34 0 
   665.11 2.0373e-19    690.24 0 
   674.36 2.2011e-19    699.84 0 
   685.32 2.3483e-19    711.21 0 
   694.86 3.3671e-19    721.11 0 
   704.52 3.4411e-19    731.14 0 
   715.97 4.4736e-19    743.02 0 
   725.93 4.9889e-19    753.36 0 
   734.34 5.5050e-19    762.08 0 
   744.55 6.7300e-19    772.68 0 
   754.91 7.6777e-19    783.43 0 
   765.41 8.6974e-19    794.33 0 
   774.27 1.0092e-18    803.53 0 
   785.05 1.1562e-18    814.70 0 
   794.14 1.2752e-18    824.14 0 
   805.18 1.4045e-18    835.60 0 
   814.51 1.5345e-18    845.28 0 
   825.84 1.7858e-18    857.04 0 
   835.40 1.5037e-18    866.96 0 
   845.07 2.0677e-18    877.00 0 
   854.86 2.2322e-18    887.16 0 
   864.76 2.5290e-18    897.43 0 
   874.77 2.8519e-18    907.82 0 
   884.90 3.2679e-18    918.33 0 
   895.15 3.6087e-18    928.97 0 
   905.51 3.7358e-18    939.72 0 
   916.00 6.3443e-18    950.60 0 
   924.47 5.0576e-17    959.40 0 
   935.18 1.1718e-16    970.51 0 
   946.01 2.3589e-16    981.75 0 
   954.76 3.5412e-16    990.83 0 
   965.82 4.0079e-16   1002.31 0 
   974.75 5.9743e-17   1011.58 0 
   986.04 3.3959e-16   1023.29 0 
   995.16 3.8838e-16   1032.76 0 
  1004.37 6.1874e-16   1042.32 0 
  1016.00 6.2235e-16   1054.39 0 
  1025.40 2.7556e-16   1064.14 0 
  1034.89 4.4193e-16   1073.99 0 
  1044.47 9.2566e-16   1083.93 0 
  1054.13 9.3220e-16   1093.96 0 
  1063.89 7.3204e-16   1104.08 0 
  1076.20 9.1570e-16   1116.86 0 
  1086.16 7.1727e-16   1127.20 0 
  1096.21 1.0223e-15   1137.63 0 
  1103.81 1.0074e-15   1145.51 0 
  1114.02 9.8178e-16   1156.11 0 
  1124.33 8.9286e-16   1166.81 0 
  1134.74 1.2092e-15   1177.61 0 
  1145.24 1.1122e-15   1188.50 0 
  1155.83 1.2241e-15   1199.50 0 
  1163.84 1.2949e-15   1207.81 0 
  1174.61 8.8265e-16   1218.99 0 
  1185.48 1.3100e-15   1230.27 0 
  1193.70 8.7019e-16   1238.80 0 
  1204.74 6.0956e-16   1250.26 0 
  1215.89 4.4093e-16   1261.83 0 
  1224.32 9.4972e-16   1270.57 0 
  1235.65 1.5271e-15   1282.33 0 
  1244.21 1.7219e-15   1291.22 0 
  1255.73 1.6564e-15   1303.17 0 
  1264.43 1.4199e-15   1312.20 0 
  1276.13 1.9333e-15   1324.34 0 
  1284.98 2.0812e-15   1333.52 0 
  1293.88 1.6043e-15   1342.77 0 
  1305.85 1.6039e-15   1355.19 0 
  1314.91 2.1187e-15   1364.58 0 
  1324.02 2.0508e-15   1374.04 0 
  1336.27 1.7975e-15   1386.76 0 
  1345.53 2.2461e-15   1396.37 0 
  1354.86 2.2037e-15   1406.05 0 
  1364.25 1.9626e-15   1415.79 0 
  1373.71 2.1158e-15   1425.61 0 
  1386.42 2.1624e-15   1438.80 0 
  1396.03 1.8989e-15   1448.77 0 
  1405.71 2.0045e-15   1458.81 0 
  1415.45 2.0581e-15   1468.93 0 
  1425.26 2.1622e-15   1479.11 0 
  1435.14 2.1641e-15   1489.36 0 
  1441.77 2.3218e-15   1496.24 0 
  1448.42 2.3789e-15   1503.14 0 
  1455.11 2.3222e-15   1510.08 0 
  1465.19 2.1436e-15   1520.55 0 
  1475.35 2.1643e-15   1531.09 0 
  1485.58 2.2411e-15   1541.70 0 
  1495.87 2.3097e-15   1552.39 0 
  1506.24 2.1908e-15   1563.15 0 
  1513.19 1.9317e-15   1570.36 0 
  1516.68 2.1067e-15   1573.98 0 
  1523.68 2.0413e-15   1581.25 0 
  1534.24 1.7612e-15   1592.21 0 
  1544.88 1.9982e-15   1603.25 0 
  1555.59 1.8899e-15   1614.36 0 
  1566.37 1.9328e-15   1625.55 0 
  1573.60 2.0908e-15   1633.05 0 
  1584.51 2.2230e-15   1644.37 0 
  1595.49 2.2831e-15   1655.77 0 
  1606.55 2.2596e-15   1667.25 0 
  1613.97 2.2962e-15   1674.94 0 
  1625.15 2.1698e-15   1686.55 0 
  1636.42 2.3376e-15   1698.24 0 
  1643.97 2.3913e-15   1706.08 0 
  1655.37 2.2074e-15   1717.91 0 
  1666.84 2.4380e-15   1729.82 0 
  1670.69 2.1598e-15   1733.80 0 
  1678.40 2.4442e-15   1741.81 0 
  1686.14 2.5872e-15   1749.85 0 
  1693.93 2.4349e-15   1757.92 0 
  1705.67 2.3303e-15   1770.11 0 
  1713.54 2.1978e-15   1778.28 0 
  1725.42 2.1917e-15   1790.61 0 
  1733.38 2.3619e-15   1798.87 0 
  1745.40 2.3117e-15   1811.34 0 
  1753.46 2.4964e-15   1819.70 0 
  1765.61 2.2743e-15   1832.31 0 
  1773.76 2.3396e-15   1840.77 0 
  1786.05 2.3907e-15   1853.53 0 
  1794.30 2.5687e-15   1862.09 0 
  1806.74 2.5583e-15   1874.99 0 
  1815.08 2.3391e-15   1883.65 0 
  1823.45 2.4105e-15   1892.34 0 
  1836.09 2.3073e-15   1905.46 0 
  1844.57 2.1137e-15   1914.26 0 
  1853.08 2.1132e-15   1923.09 0 
  1865.93 2.1762e-15   1936.42 0 
  1874.54 2.3960e-15   1945.36 0 
  1883.19 2.1889e-15   1954.34 0 
  1896.25 2.0784e-15   1967.89 0 
  1905.00 2.2301e-15   1976.97 0 
  1913.79 2.1325e-15   1986.10 0 
  1927.06 2.0898e-15   1999.86 0 
  1935.95 2.1804e-15   2009.09 0 
  1944.89 2.2537e-15   2018.37 0 
  1953.87 2.0951e-15   2027.68 0 
  1967.41 2.3070e-15   2041.74 0 
  1976.49 2.3780e-15   2051.16 0 
  1985.61 2.2248e-15   2060.63 0 
  1994.78 2.1544e-15   2070.14 0 
  2003.99 2.2351e-15   2079.70 0 
  2013.24 2.1389e-15   2089.30 0 
  2027.19 2.2461e-15   2103.78 0 
  2036.55 2.0997e-15   2113.49 0 
  2045.95 2.1818e-15   2123.24 0 
  2055.39 2.0816e-15   2133.04 0 
  2064.88 2.0840e-15   2142.89 0 
  2074.41 2.2199e-15   2152.78 0 
  2079.19 2.0774e-15   2157.74 0 
  2083.99 2.1612e-15   2162.72 0 
  2093.60 2.0322e-15   2172.70 0 
  2103.27 2.0519e-15   2182.73 0 
  2112.98 2.0571e-15   2192.81 0 
  2122.73 2.0858e-15   2202.93 0 
  2137.44 1.9148e-15   2218.20 0 
  2147.31 1.9405e-15   2228.44 0 
  2157.22 2.0119e-15   2238.72 0 
  2167.18 1.9462e-15   2249.05 0 
  2177.18 1.9128e-15   2259.44 0 
  2187.23 1.8538e-15   2269.86 0 
  2197.33 1.9290e-15   2280.34 0 
  2207.47 1.8643e-15   2290.87 0 
  2212.56 1.7826e-15   2296.15 0 
  2222.77 1.7063e-15   2306.75 0 
  2233.03 1.8069e-15   2317.39 0 
  2243.34 1.7488e-15   2328.09 0 
  2253.69 1.7043e-15   2338.84 0 
  2264.10 1.7756e-15   2349.63 0 
  2274.55 1.8373e-15   2360.48 0 
  2285.04 1.9010e-15   2371.37 0 
  2295.59 1.8231e-15   2382.32 0 
  2306.19 1.8308e-15   2393.32 0 
  2316.83 1.7679e-15   2404.36 0 
  2327.53 1.4006e-15   2415.46 0 
  2332.89 1.6952e-15   2421.03 0 
  2343.66 1.6829e-15   2432.20 0 
  2354.48 1.8109e-15   2443.43 0 
  2365.35 1.7051e-15   2454.71 0 
  2376.26 1.7644e-15   2466.04 0 
  2387.23 1.6806e-15   2477.42 0 
  2392.74 1.8088e-15   2483.13 0 
  2403.78 1.7468e-15   2494.60 0 
  2414.87 1.8035e-15   2506.11 0 
  2426.02 1.9010e-15   2517.68 0 
  2437.22 1.8402e-15   2529.30 0 
  2442.84 1.9625e-15   2535.13 0 
  2454.11 1.9440e-15   2546.83 0 
  2465.44 1.9614e-15   2558.59 0 
  2476.82 1.9163e-15   2570.40 0 
  2482.53 2.0064e-15   2576.32 0 
  2493.99 1.9068e-15   2588.21 0 
  2505.50 2.1096e-15   2600.16 0 
  2511.28 1.9461e-15   2606.15 0 
  2517.07 2.0329e-15   2612.16 0 
  2522.87 1.9456e-15   2618.18 0 
  2534.51 1.9768e-15   2630.27 0 
  2546.21 1.9538e-15   2642.41 0 
  2552.08 2.0742e-15   2648.50 0 
  2563.86 2.0690e-15   2660.72 0 
  2575.70 2.1963e-15   2673.01 0 
  2587.58 2.2010e-15   2685.34 0 
  2593.55 2.2008e-15   2691.54 0 
  2605.52 2.1554e-15   2703.96 0 
  2617.55 2.1600e-15   2716.44 0 
  2623.58 2.2409e-15   2722.70 0 
  2635.69 2.2823e-15   2735.27 0 
  2647.86 2.4396e-15   2747.89 0 
  2653.96 2.4507e-15   2754.23 0 
  2666.21 2.3187e-15   2766.94 0 
  2672.36 2.4223e-15   2773.32 0 
  2684.69 2.4221e-15   2786.12 0 
  2697.09 2.3722e-15   2798.98 0 
  2703.30 2.4274e-15   2805.43 0 
  2715.78 2.3720e-15   2818.38 0 
  2722.04 2.3994e-15   2824.88 0 
  2734.61 2.5240e-15   2837.92 0 
  2747.23 2.2965e-15   2851.02 0 
  2753.56 2.3284e-15   2857.59 0 
  2766.27 2.4046e-15   2870.78 0 
  2772.65 2.5179e-15   2877.40 0 
  2785.45 2.4891e-15   2890.68 0 
  2791.87 2.1136e-15   2897.34 0 
  2804.75 2.2753e-15   2910.72 0 
  2817.70 2.6064e-15   2924.15 0 
  2824.20 2.6549e-15   2930.89 0 
  2837.23 2.5648e-15   2944.42 0 
  2843.77 2.5472e-15   2951.21 0 
  2856.90 2.5590e-15   2964.83 0 
  2863.48 2.6921e-15   2971.67 0 
  2876.70 2.6675e-15   2985.38 0 
  2883.33 2.6985e-15   2992.27 0 
  2896.64 2.6863e-15   3006.08 0 
  2910.01 2.8457e-15   3019.95 0 
  2930.18 2.8200e-15   3040.89 0 
  2950.49 2.8334e-15   3061.96 0 
  2970.95 2.8933e-15   3083.19 0 
  2991.54 2.9273e-15   3104.56 0 
  3012.27 2.9893e-15   3126.08 0 
  3033.15 3.0246e-15   3147.75 0 
  3047.16 3.0391e-15   3162.28 0 
  3068.28 3.0610e-15   3184.20 0 
  3089.55 3.1117e-15   3206.27 0 
  3110.96 3.1199e-15   3228.49 0 
  3132.53 3.1353e-15   3250.87 0 
  3146.98 3.1797e-15   3265.88 0 
  3168.80 3.1956e-15   3288.52 0 
  3190.76 3.1457e-15   3311.31 0 
  3212.88 3.2352e-15   3334.26 0 
  3227.71 3.2213e-15   3349.66 0 
  3250.09 3.2978e-15   3372.87 0 
  3272.61 3.3607e-15   3396.25 0 
  3287.72 3.3774e-15   3411.93 0 
  3310.51 3.4261e-15   3435.58 0 
  3325.79 3.4830e-15   3451.44 0 
  3333.46 3.5158e-15   3459.39 0 
  3341.14 3.3971e-15   3467.37 0 
  3348.84 3.5252e-15   3475.36 0 
  3356.56 3.4298e-15   3483.37 0 
  3364.30 3.3756e-15   3491.40 0 
  3372.05 3.3376e-15   3499.45 0 
  3379.83 3.4875e-15   3507.52 0 
  3387.62 3.6025e-15   3515.60 0 
  3395.43 3.5867e-15   3523.71 0 
  3403.26 3.5300e-15   3531.83 0 
  3411.10 3.4903e-15   3539.97 0 
  3418.97 3.5724e-15   3548.13 0 
  3426.85 3.6395e-15   3556.31 0 
  3434.75 3.6701e-15   3564.51 0 
  3442.66 3.6032e-15   3572.73 0 
  3450.60 3.6450e-15   3580.96 0 
  3458.56 3.5132e-15   3589.22 0 
  3466.53 3.5376e-15   3597.49 0 
  3474.52 3.6201e-15   3605.79 0 
  3482.53 3.5623e-15   3614.10 0 
  3490.56 3.6706e-15   3622.43 0 
  3498.60 3.5624e-15   3630.78 0 
  3506.67 3.5789e-15   3639.15 0 
  3514.75 3.5462e-15   3647.54 0 
  3522.85 3.6372e-15   3655.95 0 
  3530.97 3.6123e-15   3664.37 0 
  3539.12 3.6626e-15   3672.82 0 
  3544.44 3.5256e-15   3678.35 1 
  3547.09 2.5979e-15   3681.10 1 
  3549.74 4.4224e-15   3683.85 1 
  3552.39 3.2811e-15   3686.60 1 
  3555.04 3.0429e-15   3689.35 1 
  3557.69 4.4472e-15   3692.10 1 
  3560.34 4.1042e-15   3694.85 1 
  3562.99 4.0965e-15   3697.60 1 
  3565.64 3.4534e-15   3700.35 1 
  3568.29 3.3225e-15   3703.10 1 
  3570.94 3.2330e-15   3705.85 1 
  3573.59 3.2010e-15   3708.60 1 
  3576.24 2.9073e-15   3711.35 1 
  3578.89 3.0771e-15   3714.10 1 
  3581.54 2.5469e-15   3716.85 1 
  3584.19 4.8689e-15   3719.60 1 
  3586.84 4.8795e-15   3722.35 1 
  3589.49 4.0064e-15   3725.10 1 
  3592.14 3.5034e-15   3727.85 1 
  3594.79 3.6914e-15   3730.60 1 
  3597.44 3.5590e-15   3733.35 1 
  3600.09 3.9565e-15   3736.10 1 
  3602.74 3.1487e-15   3738.85 1 
  3605.39 2.8131e-15   3741.60 1 
  3608.04 3.0182e-15   3744.35 1 
  3610.69 2.0183e-15   3747.10 1 
  3613.34 3.3902e-15   3749.85 1 
  3615.99 3.0784e-15   3752.60 1 
  3618.64 2.4788e-15   3755.35 1 
  3621.29 3.8201e-15   3758.10 1 
  3623.94 3.3804e-15   3760.85 1 
  3626.59 3.8897e-15   3763.60 1 
  3629.24 3.0576e-15   3766.35 1 
  3631.89 3.3555e-15   3769.10 1 
  3634.54 3.7389e-15   3771.85 1 
  3637.19 3.6598e-15   3774.60 1 
  3639.84 3.2316e-15   3777.35 1 
  3642.49 3.5660e-15   3780.10 1 
  3645.14 3.4761e-15   3782.85 1 
  3647.79 3.7480e-15   3785.60 1 
  3650.44 3.2930e-15   3788.35 1 
  3653.09 3.9417e-15   3791.10 1 
  3655.74 3.1895e-15   3793.85 1 
  3658.39 3.2937e-15   3796.60 1 
  3661.04 3.7872e-15   3799.35 1 
  3663.69 3.7033e-15   3802.10 1 
  3666.34 3.6056e-15   3804.85 1 
  3668.99 3.4401e-15   3807.60 1 
  3671.64 4.0453e-15   3810.35 1 
  3674.29 3.2200e-15   3813.10 1 
  3676.94 3.7011e-15   3815.85 1 
  3679.59 3.8073e-15   3818.60 1 
  3682.24 4.2785e-15   3821.35 1 
  3684.89 4.3719e-15   3824.10 1 
  3687.54 3.6289e-15   3826.85 1 
  3690.18 3.9051e-15   3829.60 1 
  3692.83 3.5591e-15   3832.35 1 
  3695.48 4.0949e-15   3835.10 1 
  3698.13 3.3418e-15   3837.85 1 
  3700.78 3.3820e-15   3840.60 1 
  3703.43 3.3929e-15   3843.35 1 
  3706.08 3.8823e-15   3846.10 1 
  3708.73 4.4080e-15   3848.85 1 
  3711.38 4.8012e-15   3851.60 1 
  3714.03 4.3351e-15   3854.35 1 
  3716.68 4.6308e-15   3857.10 1 
  3719.33 5.3194e-15   3859.85 1 
  3721.98 7.4010e-15   3862.60 1 
  3724.63 1.0168e-14   3865.35 1 
  3727.28 1.3287e-14   3868.10 1 
  3729.93 1.5756e-14   3870.85 1 
  3732.58 1.4811e-14   3873.60 1 
  3735.23 1.1736e-14   3876.35 1 
  3737.88 8.2482e-15   3879.10 1 
  3740.53 5.6895e-15   3881.85 1 
  3743.18 4.5480e-15   3884.60 1 
  3745.83 3.9324e-15   3887.35 1 
  3748.48 3.4232e-15   3890.10 1 
  3751.13 3.4445e-15   3892.85 1 
  3753.78 3.7978e-15   3895.60 1 
  3756.43 3.2445e-15   3898.35 1 
  3759.08 3.2142e-15   3901.10 1 
  3761.73 3.9581e-15   3903.85 1 
  3764.38 4.2304e-15   3906.60 1 
  3767.03 4.2154e-15   3909.35 1 
  3769.68 3.6828e-15   3912.10 1 
  3772.33 3.5201e-15   3914.85 1 
  3774.98 4.4842e-15   3917.60 1 
  3777.63 4.3924e-15   3920.35 1 
  3780.28 4.5972e-15   3923.10 1 
  3782.93 4.6670e-15   3925.85 1 
  3785.58 4.9961e-15   3928.60 1 
  3788.23 4.6198e-15   3931.35 1 
  3790.88 4.6892e-15   3934.10 1 
  3793.53 4.4579e-15   3936.85 1 
  3796.18 3.8977e-15   3939.60 1 
  3798.83 4.6619e-15   3942.35 1 
  3801.48 4.3934e-15   3945.10 1 
  3804.13 4.7658e-15   3947.85 1 
  3806.78 4.6723e-15   3950.60 1 
  3809.43 4.5100e-15   3953.35 1 
  3812.08 5.3050e-15   3956.10 1 
  3814.73 5.2527e-15   3958.85 1 
  3817.38 5.3519e-15   3961.60 1 
  3820.03 4.8684e-15   3964.35 1 
  3822.68 4.3622e-15   3967.10 1 
  3825.33 4.5446e-15   3969.85 1 
  3827.98 4.2988e-15   3972.60 1 
  3830.63 4.1306e-15   3975.35 1 
  3833.28 3.8061e-15   3978.10 1 
  3835.93 3.2615e-15   3980.85 1 
  3838.58 3.3650e-15   3983.60 1 
  3841.23 4.0341e-15   3986.35 1 
  3843.88 4.1184e-15   3989.10 1 
  3846.53 4.3391e-15   3991.85 1 
  3849.18 4.6633e-15   3994.60 1 
  3851.83 4.9397e-15   3997.35 1 
  3854.48 5.0274e-15   4000.10 1 
  3857.13 5.5928e-15   4002.85 1 
  3859.78 5.7532e-15   4005.60 1 
  3862.43 5.6434e-15   4008.35 1 
  3865.08 6.4090e-15   4011.10 1 
  3867.73 6.9851e-15   4013.85 1 
  3870.38 7.3660e-15   4016.60 1 
  3873.03 6.9730e-15   4019.35 1 
  3875.68 6.1201e-15   4022.10 1 
  3878.33 5.4573e-15   4024.85 1 
  3880.98 5.1603e-15   4027.60 1 
  3883.63 5.2232e-15   4030.35 1 
  3886.28 4.3456e-15   4033.10 1 
  3888.93 4.1001e-15   4035.85 1 
  3891.58 4.5571e-15   4038.60 1 
  3894.23 3.9450e-15   4041.35 1 
  3896.88 4.5714e-15   4044.10 1 
  3899.53 5.0516e-15   4046.85 1 
  3902.18 5.5608e-15   4049.60 1 
  3904.83 4.7123e-15   4052.35 1 
  3907.48 4.9844e-15   4055.10 1 
  3910.13 5.4066e-15   4057.85 1 
  3912.78 5.6423e-15   4060.60 1 
  3915.43 5.9983e-15   4063.35 1 
  3918.08 6.5171e-15   4066.10 1 
  3920.73 5.0982e-15   4068.85 1 
  3923.37 5.6078e-15   4071.60 1 
  3926.02 5.0898e-15   4074.35 1 
  3928.67 4.8556e-15   4077.10 1 
  3931.32 4.4413e-15   4079.85 1 
  3933.97 4.3644e-15   4082.60 1 
  3936.62 3.9730e-15   4085.35 1 
  3939.27 4.3789e-15   4088.10 1 
  3941.92 4.4777e-15   4090.85 1 
  3944.57 4.4234e-15   4093.60 1 
  3947.22 5.0605e-15   4096.35 1 
  3949.87 5.3310e-15   4099.10 1 
  3952.52 5.4439e-15   4101.85 1 
  3955.17 5.4524e-15   4104.60 1 
  3957.82 5.7015e-15   4107.35 1 
  3960.47 5.3741e-15   4110.10 1 
  3963.12 5.0711e-15   4112.85 1 
  3965.77 4.6549e-15   4115.60 1 
  3968.42 4.6290e-15   4118.35 1 
  3971.07 4.4095e-15   4121.10 1 
  3973.72 4.5777e-15   4123.85 1 
  3976.37 4.4043e-15   4126.60 1 
  3979.02 4.2525e-15   4129.35 1 
  3981.67 4.6974e-15   4132.10 1 
  3984.32 4.8109e-15   4134.85 1 
  3986.97 5.5733e-15   4137.60 1 
  3989.62 5.1692e-15   4140.35 1 
  3992.27 5.8722e-15   4143.10 1 
  3994.92 5.5412e-15   4145.85 1 
  3997.57 6.8045e-15   4148.60 1 
  4000.22 6.2414e-15   4151.35 1 
  4002.87 6.0704e-15   4154.10 1 
  4005.52 6.1905e-15   4156.85 1 
  4008.17 5.9043e-15   4159.60 1 
  4010.82 6.2359e-15   4162.35 1 
  4013.47 6.1776e-15   4165.10 1 
  4016.12 5.9974e-15   4167.85 1 
  4018.77 6.6292e-15   4170.60 1 
  4021.42 6.6322e-15   4173.35 1 
  4024.07 6.3394e-15   4176.10 1 
  4026.72 6.2293e-15   4178.85 1 
  4029.37 6.3789e-15   4181.60 1 
  4032.02 6.0460e-15   4184.35 1 
  4034.67 6.2154e-15   4187.10 1 
  4037.32 6.1688e-15   4189.85 1 
  4039.97 6.4157e-15   4192.60 1 
  4042.62 5.9974e-15   4195.35 1 
  4045.27 6.3268e-15   4198.10 1 
  4047.92 6.7174e-15   4200.85 1 
  4050.57 6.2308e-15   4203.60 1 
  4053.22 6.1438e-15   4206.35 1 
  4055.87 6.1705e-15   4209.10 1 
  4058.52 6.2482e-15   4211.85 1 
  4061.17 6.5633e-15   4214.60 1 
  4063.82 6.2271e-15   4217.35 1 
  4066.47 6.1822e-15   4220.10 1 
  4069.12 5.9686e-15   4222.85 1 
  4071.77 6.3965e-15   4225.60 1 
  4074.42 5.8885e-15   4228.35 1 
  4077.07 6.3969e-15   4231.10 1 
  4079.72 5.9618e-15   4233.85 1 
  4082.37 5.7084e-15   4236.60 1 
  4085.02 5.8654e-15   4239.35 1 
  4087.67 6.0790e-15   4242.10 1 
  4090.32 6.1489e-15   4244.85 1 
  4092.97 5.7999e-15   4247.60 1 
  4095.62 5.6495e-15   4250.35 1 
  4098.27 5.7110e-15   4253.10 1 
  4100.92 5.5049e-15   4255.85 1 
  4103.57 5.4107e-15   4258.60 1 
  4106.22 5.4355e-15   4261.35 1 
  4108.87 4.8069e-15   4264.10 1 
  4111.52 5.4425e-15   4266.85 1 
  4114.17 5.4642e-15   4269.60 1 
  4116.82 5.5081e-15   4272.35 1 
  4119.47 5.9529e-15   4275.10 1 
  4122.12 5.7609e-15   4277.85 1 
  4124.77 6.0059e-15   4280.60 1 
  4127.42 6.3871e-15   4283.35 1 
  4130.07 5.6650e-15   4286.10 1 
  4132.72 6.0151e-15   4288.85 1 
  4135.37 6.0578e-15   4291.60 1 
  4138.02 5.8515e-15   4294.35 1 
  4140.67 6.0357e-15   4297.10 1 
  4143.32 6.1002e-15   4299.85 1 
  4145.97 6.4467e-15   4302.60 1 
  4148.62 6.0293e-15   4305.35 1 
  4151.27 6.1604e-15   4308.10 1 
  4153.92 5.8384e-15   4310.85 1 
  4156.57 6.2010e-15   4313.60 1 
  4159.21 6.0372e-15   4316.35 1 
  4161.86 5.8680e-15   4319.10 1 
  4164.51 5.9407e-15   4321.85 1 
  4167.16 6.0215e-15   4324.60 1 
  4169.81 6.0088e-15   4327.35 1 
  4172.46 6.3587e-15   4330.10 1 
  4175.11 6.2518e-15   4332.85 1 
  4177.76 6.0608e-15   4335.60 1 
  4180.41 6.1186e-15   4338.35 1 
  4183.06 5.5433e-15   4341.10 1 
  4185.71 5.9780e-15   4343.85 1 
  4188.36 6.1836e-15   4346.60 1 
  4191.01 6.4325e-15   4349.35 1 
  4193.66 6.3945e-15   4352.10 1 
  4196.31 6.0461e-15   4354.85 1 
  4198.96 6.1493e-15   4357.60 1 
  4201.61 6.3190e-15   4360.35 1 
  4204.26 6.4181e-15   4363.10 1 
  4206.91 5.9324e-15   4365.85 1 
  4209.56 5.9660e-15   4368.60 1 
  4212.21 6.1976e-15   4371.35 1 
  4214.86 6.0940e-15   4374.10 1 
  4217.51 6.1044e-15   4376.85 1 
  4220.16 6.2256e-15   4379.60 1 
  4222.81 6.2087e-15   4382.35 1 
  4225.46 6.0793e-15   4385.10 1 
  4228.11 5.9203e-15   4387.85 1 
  4230.76 6.4792e-15   4390.60 1 
  4233.41 6.2859e-15   4393.35 1 
  4236.06 6.1958e-15   4396.10 1 
  4238.71 6.2496e-15   4398.85 1 
  4241.36 6.3306e-15   4401.60 1 
  4244.01 6.3887e-15   4404.35 1 
  4246.66 6.0644e-15   4407.10 1 
  4249.31 6.4592e-15   4409.85 1 
  4251.96 6.2798e-15   4412.60 1 
  4254.61 6.1177e-15   4415.35 1 
  4257.26 6.1375e-15   4418.10 1 
  4259.91 6.0314e-15   4420.85 1 
  4262.56 6.1685e-15   4423.60 1 
  4265.21 6.2567e-15   4426.35 1 
  4267.86 6.0021e-15   4429.10 1 
  4270.51 6.1566e-15   4431.85 1 
  4273.16 5.9941e-15   4434.60 1 
  4275.81 5.9005e-15   4437.35 1 
  4278.46 6.2369e-15   4440.10 1 
  4281.11 6.1716e-15   4442.85 1 
  4283.76 5.8813e-15   4445.60 1 
  4286.41 5.9063e-15   4448.35 1 
  4289.06 6.4156e-15   4451.10 1 
  4291.71 6.1793e-15   4453.85 1 
  4294.36 6.0261e-15   4456.60 1 
  4297.01 5.6947e-15   4459.35 1 
  4299.66 5.7377e-15   4462.10 1 
  4302.31 5.8480e-15   4464.85 1 
  4304.96 5.5912e-15   4467.60 1 
  4307.61 5.3500e-15   4470.35 1 
  4310.26 5.5145e-15   4473.10 1 
  4312.91 5.6322e-15   4475.85 1 
  4315.56 5.6025e-15   4478.60 1 
  4318.21 5.6973e-15   4481.35 1 
  4320.86 6.3147e-15   4484.10 1 
  4323.51 6.0661e-15   4486.85 1 
  4326.16 5.7792e-15   4489.60 1 
  4328.81 6.1269e-15   4492.35 1 
  4331.46 5.8635e-15   4495.10 1 
  4334.11 5.7279e-15   4497.85 1 
  4336.76 5.9883e-15   4500.60 1 
  4339.41 6.3209e-15   4503.35 1 
  4342.06 6.2309e-15   4506.10 1 
  4344.71 5.9774e-15   4508.85 1 
  4347.36 5.9965e-15   4511.60 1 
  4350.01 5.5569e-15   4514.35 1 
  4352.66 5.3636e-15   4517.10 1 
  4355.31 5.9907e-15   4519.85 1 
  4357.96 6.0451e-15   4522.60 1 
  4360.61 6.4743e-15   4525.35 1 
  4363.26 7.0025e-15   4528.10 1 
  4365.91 6.6148e-15   4530.85 1 
  4368.56 6.8970e-15   4533.60 1 
  4371.21 6.6249e-15   4536.35 1 
  4373.86 6.4782e-15   4539.10 1 
  4376.51 6.4308e-15   4541.85 1 
  4379.16 6.1978e-15   4544.60 1 
  4381.81 5.9972e-15   4547.35 1 
  4384.46 6.2635e-15   4550.10 1 
  4387.11 6.1374e-15   4552.85 1 
  4389.76 6.0410e-15   4555.60 1 
  4392.41 5.7331e-15   4558.35 1 
  4395.05 6.1878e-15   4561.10 1 
  4397.70 6.0628e-15   4563.85 1 
  4400.35 6.2866e-15   4566.60 1 
  4403.00 5.9188e-15   4569.35 1 
  4405.65 6.0956e-15   4572.10 1 
  4408.30 6.3418e-15   4574.85 1 
  4410.95 6.3414e-15   4577.60 1 
  4413.60 6.3171e-15   4580.35 1 
  4416.25 6.4839e-15   4583.10 1 
  4418.90 6.6420e-15   4585.85 1 
  4421.55 6.3621e-15   4588.60 1 
  4424.20 6.1854e-15   4591.35 1 
  4426.85 6.4183e-15   4594.10 1 
  4429.50 6.3330e-15   4596.85 1 
  4432.15 6.5968e-15   4599.60 1 
  4434.80 6.7570e-15   4602.35 1 
  4437.45 6.4497e-15   4605.10 1 
  4440.10 6.2833e-15   4607.85 1 
  4442.75 6.7051e-15   4610.60 1 
  4445.40 6.4362e-15   4613.35 1 
  4448.05 6.5900e-15   4616.10 1 
  4450.70 6.5659e-15   4618.85 1 
  4453.35 6.8240e-15   4621.60 1 
  4456.00 6.6754e-15   4624.35 1 
  4458.65 6.2727e-15   4627.10 1 
  4461.30 6.1484e-15   4629.85 1 
  4463.95 6.4975e-15   4632.60 1 
  4466.60 6.3685e-15   4635.35 1 
  4469.25 6.1998e-15   4638.10 1 
  4471.90 7.0797e-15   4640.85 1 
  4474.55 6.6270e-15   4643.60 1 
  4477.20 6.6555e-15   4646.35 1 
  4479.85 6.5187e-15   4649.10 1 
  4482.50 6.6555e-15   4651.85 1 
  4485.15 6.4929e-15   4654.60 1 
  4487.80 6.6302e-15   4657.35 1 
  4490.45 6.6688e-15   4660.10 1 
  4493.10 6.7525e-15   4662.85 1 
  4495.75 6.7014e-15   4665.60 1 
  4498.40 6.9614e-15   4668.35 1 
  4501.05 6.9015e-15   4671.10 1 
  4503.70 6.9356e-15   4673.85 1 
  4506.35 6.7656e-15   4676.60 1 
  4509.00 7.3485e-15   4679.35 1 
  4511.65 6.5194e-15   4682.10 1 
  4514.30 6.7708e-15   4684.85 1 
  4516.95 6.6785e-15   4687.60 1 
  4519.60 6.7649e-15   4690.35 1 
  4522.25 6.3013e-15   4693.10 1 
  4524.90 6.5790e-15   4695.85 1 
  4527.55 6.3496e-15   4698.60 1 
  4530.20 6.4007e-15   4701.35 1 
  4532.85 6.3476e-15   4704.10 1 
  4535.50 6.4809e-15   4706.85 1 
  4538.15 6.0949e-15   4709.60 1 
  4540.80 6.4827e-15   4712.35 1 
  4543.45 6.5257e-15   4715.10 1 
  4546.10 6.8328e-15   4717.85 1 
  4548.75 6.7577e-15   4720.60 1 
  4551.40 6.6451e-15   4723.35 1 
  4554.05 6.6098e-15   4726.10 1 
  4556.70 6.2400e-15   4728.85 1 
  4559.35 6.4032e-15   4731.60 1 
  4562.00 6.5306e-15   4734.35 1 
  4564.65 6.5265e-15   4737.10 1 
  4567.30 6.5833e-15   4739.85 1 
  4569.95 6.9670e-15   4742.60 1 
  4572.60 6.8314e-15   4745.35 1 
  4575.25 6.5169e-15   4748.10 1 
  4577.90 6.7999e-15   4750.85 1 
  4580.55 6.5045e-15   4753.60 1 
  4583.20 6.5498e-15   4756.35 1 
  4585.85 6.6000e-15   4759.10 1 
  4588.50 6.5534e-15   4761.85 1 
  4591.15 6.5830e-15   4764.60 1 
  4593.80 6.6858e-15   4767.35 1 
  4596.45 6.7351e-15   4770.10 1 
  4599.10 6.6390e-15   4772.85 1 
  4601.75 6.6052e-15   4775.60 1 
  4604.40 6.5987e-15   4778.35 1 
  4607.05 6.6275e-15   4781.10 1 
  4609.70 6.8111e-15   4783.85 1 
  4612.35 6.5454e-15   4786.60 1 
  4615.00 6.9243e-15   4789.35 1 
  4617.65 6.4181e-15   4792.10 1 
  4620.30 6.7865e-15   4794.85 1 
  4622.95 6.9810e-15   4797.60 1 
  4625.60 7.0380e-15   4800.35 1 
  4628.25 6.5580e-15   4803.10 1 
  4630.89 6.8228e-15   4805.85 1 
  4633.54 7.0744e-15   4808.60 1 
  4636.19 6.7376e-15   4811.35 1 
  4638.84 6.6043e-15   4814.10 1 
  4641.49 7.0361e-15   4816.85 1 
  4644.14 6.5089e-15   4819.60 1 
  4646.79 6.5404e-15   4822.35 1 
  4649.44 6.9446e-15   4825.10 1 
  4652.09 6.5502e-15   4827.85 1 
  4654.74 6.6701e-15   4830.60 1 
  4657.39 6.8839e-15   4833.35 1 
  4660.04 6.9002e-15   4836.10 1 
  4662.69 7.2068e-15   4838.85 1 
  4665.34 7.0344e-15   4841.60 1 
  4667.99 6.5409e-15   4844.35 1 
  4670.64 6.3742e-15   4847.10 1 
  4673.29 6.1005e-15   4849.85 1 
  4675.94 6.6844e-15   4852.60 1 
  4678.59 7.0522e-15   4855.35 1 
  4681.24 6.7587e-15   4858.10 1 
  4683.89 7.1481e-15   4860.85 1 
  4686.54 7.3742e-15   4863.60 1 
  4689.19 6.9804e-15   4866.35 1 
  4691.84 7.1207e-15   4869.10 1 
  4694.49 7.0402e-15   4871.85 1 
  4697.14 6.7413e-15   4874.60 1 
  4699.79 6.5893e-15   4877.35 1 
  4702.44 6.8385e-15   4880.10 1 
  4705.09 6.6326e-15   4882.85 1 
  4707.74 6.7146e-15   4885.60 1 
  4710.39 6.6240e-15   4888.35 1 
  4713.04 6.9339e-15   4891.10 1 
  4715.69 7.0110e-15   4893.85 1 
  4718.34 6.7966e-15   4896.60 1 
  4720.99 6.7761e-15   4899.35 1 
  4723.64 6.9667e-15   4902.10 1 
  4726.29 7.1039e-15   4904.85 1 
  4728.94 6.7518e-15   4907.60 1 
  4731.59 6.6752e-15   4910.35 1 
  4734.24 6.6272e-15   4913.10 1 
  4736.89 6.4994e-15   4915.85 1 
  4739.54 6.7296e-15   4918.60 1 
  4742.19 6.9730e-15   4921.35 1 
  4744.84 6.8833e-15   4924.10 1 
  4747.49 6.7192e-15   4926.85 1 
  4750.14 6.5226e-15   4929.60 1 
  4752.79 6.6773e-15   4932.35 1 
  4755.44 6.7435e-15   4935.10 1 
  4758.09 6.8626e-15   4937.85 1 
  4760.74 6.6276e-15   4940.60 1 
  4763.39 6.3752e-15   4943.35 1 
  4766.04 6.5230e-15   4946.10 1 
  4768.69 6.4063e-15   4948.85 1 
  4771.34 6.6477e-15   4951.60 1 
  4773.99 6.3387e-15   4954.35 1 
  4776.64 6.7076e-15   4957.10 1 
  4779.29 6.6534e-15   4959.85 1 
  4781.94 6.4911e-15   4962.60 1 
  4784.59 6.6616e-15   4965.35 1 
  4787.24 6.9794e-15   4968.10 1 
  4789.89 6.6695e-15   4970.85 1 
  4792.54 6.6558e-15   4973.60 1 
  4795.19 7.0731e-15   4976.35 1 
  4797.84 6.7331e-15   4979.10 1 
  4800.49 6.6173e-15   4981.85 1 
  4803.14 6.5665e-15   4984.60 1 
  4805.79 6.8365e-15   4987.35 1 
  4808.44 6.6905e-15   4990.10 1 
  4811.09 6.8955e-15   4992.85 1 
  4813.74 6.6549e-15   4995.60 1 
  4816.39 6.4392e-15   4998.35 1 
  4819.04 6.7844e-15   5001.10 1 
  4821.69 6.7647e-15   5003.85 1 
  4824.34 6.5472e-15   5006.60 1 
  4826.99 6.8297e-15   5009.35 1 
  4829.64 6.5554e-15   5012.10 1 
  4832.29 6.4960e-15   5014.85 1 
  4834.94 6.4817e-15   5017.60 1 
  4837.59 6.2738e-15   5020.35 1 
  4840.24 6.4786e-15   5023.10 1 
  4842.89 6.5308e-15   5025.85 1 
  4845.54 6.5235e-15   5028.60 1 
  4848.19 6.5548e-15   5031.35 1 
  4850.84 6.0823e-15   5034.10 1 
  4853.49 6.1782e-15   5036.85 1 
  4856.14 6.8578e-15   5039.60 1 
  4858.79 7.6957e-15   5042.35 1 
  4861.44 8.2978e-15   5045.10 1 
  4864.08 8.7156e-15   5047.85 1 
  4866.73 8.1264e-15   5050.60 1 
  4869.38 7.4761e-15   5053.35 1 
  4872.03 6.7709e-15   5056.10 1 
  4874.68 6.1750e-15   5058.85 1 
  4877.33 6.2265e-15   5061.60 1 
  4879.98 6.5754e-15   5064.35 1 
  4882.63 5.9844e-15   5067.10 1 
  4885.28 5.7312e-15   5069.85 1 
  4887.93 6.0697e-15   5072.60 1 
  4890.58 6.2680e-15   5075.35 1 
  4893.23 6.5284e-15   5078.10 1 
  4895.88 6.0769e-15   5080.85 1 
  4898.53 6.7157e-15   5083.60 1 
  4901.18 6.6715e-15   5086.35 1 
  4903.83 6.3716e-15   5089.10 1 
  4906.48 6.2068e-15   5091.85 1 
  4909.13 6.5240e-15   5094.60 1 
  4911.78 6.6999e-15   5097.35 1 
  4914.43 6.5800e-15   5100.10 1 
  4917.08 6.4163e-15   5102.85 1 
  4919.73 6.3010e-15   5105.60 1 
  4922.38 6.3983e-15   5108.35 1 
  4925.03 6.2649e-15   5111.10 1 
  4927.68 6.2415e-15   5113.85 1 
  4930.33 6.4118e-15   5116.60 1 
  4932.98 6.5285e-15   5119.35 1 
  4935.63 6.5753e-15   5122.10 1 
  4938.28 6.4062e-15   5124.85 1 
  4940.93 6.4644e-15   5127.60 1 
  4943.58 6.5774e-15   5130.35 1 
  4946.23 6.8719e-15   5133.10 1 
  4948.88 6.9278e-15   5135.85 1 
  4951.53 7.5756e-15   5138.60 1 
  4954.18 9.0927e-15   5141.35 1 
  4956.83 1.0652e-14   5144.10 1 
  4959.48 1.2270e-14   5146.85 1 
  4962.13 1.2650e-14   5149.60 1 
  4964.78 1.1602e-14   5152.35 1 
  4967.43 1.0015e-14   5155.10 1 
  4970.08 8.4675e-15   5157.85 1 
  4972.73 7.3624e-15   5160.60 1 
  4975.38 7.0681e-15   5163.35 1 
  4978.03 6.6685e-15   5166.10 1 
  4980.68 6.7924e-15   5168.85 1 
  4983.33 6.6901e-15   5171.60 1 
  4985.98 6.7191e-15   5174.35 1 
  4988.63 6.9071e-15   5177.10 1 
  4991.28 7.4154e-15   5179.85 1 
  4993.93 7.6784e-15   5182.60 1 
  4996.58 7.9877e-15   5185.35 1 
  4999.23 9.4772e-15   5188.10 1 
  5001.88 1.2594e-14   5190.85 1 
  5004.53 1.7632e-14   5193.60 1 
  5007.18 2.2661e-14   5196.35 1 
  5009.83 2.4862e-14   5199.10 1 
  5012.48 2.2248e-14   5201.85 1 
  5015.13 1.6722e-14   5204.60 1 
  5017.78 1.1676e-14   5207.35 1 
  5020.43 8.6918e-15   5210.10 1 
  5023.08 7.4330e-15   5212.85 1 
  5025.73 6.8782e-15   5215.60 1 
  5028.38 6.5411e-15   5218.35 1 
  5031.03 6.5239e-15   5221.10 1 
  5033.68 6.5747e-15   5223.85 1 
  5036.33 6.5149e-15   5226.60 1 
  5038.98 6.2388e-15   5229.35 1 
  5041.63 6.2468e-15   5232.10 1 
  5044.28 6.2018e-15   5234.85 1 
  5046.93 6.3626e-15   5237.60 1 
  5049.58 6.6424e-15   5240.35 1 
  5052.23 6.4106e-15   5243.10 1 
  5054.88 6.3998e-15   5245.85 1 
  5057.53 6.4224e-15   5248.60 1 
  5060.18 6.4123e-15   5251.35 1 
  5062.83 6.1905e-15   5254.10 1 
  5065.48 6.2902e-15   5256.85 1 
  5068.13 6.4453e-15   5259.60 1 
  5070.78 6.1473e-15   5262.35 1 
  5073.43 6.3363e-15   5265.10 1 
  5076.08 6.3920e-15   5267.85 1 
  5078.73 6.1817e-15   5270.60 1 
  5081.38 6.0777e-15   5273.35 1 
  5084.03 6.1340e-15   5276.10 1 
  5086.68 6.3336e-15   5278.85 1 
  5089.33 6.4266e-15   5281.60 1 
  5091.98 6.0679e-15   5284.35 1 
  5094.63 6.1188e-15   5287.10 1 
  5097.28 6.6174e-15   5289.85 1 
  5099.92 6.4288e-15   5292.60 1 
  5102.57 6.1894e-15   5295.35 1 
  5105.22 6.2309e-15   5298.10 1 
  5107.87 6.4410e-15   5300.85 1 
  5110.52 6.2853e-15   5303.60 1 
  5113.17 6.3114e-15   5306.35 1 
  5115.82 6.3289e-15   5309.10 1 
  5118.47 6.1401e-15   5311.85 1 
  5121.12 6.7281e-15   5314.60 1 
  5123.77 6.4603e-15   5317.35 1 
  5126.42 6.1753e-15   5320.10 1 
  5129.07 6.1179e-15   5322.85 1 
  5131.72 6.1867e-15   5325.60 1 
  5134.37 6.1109e-15   5328.35 1 
  5137.02 6.2728e-15   5331.10 1 
  5139.67 6.0113e-15   5333.85 1 
  5142.32 6.1997e-15   5336.60 1 
  5144.97 6.0444e-15   5339.35 1 
  5147.62 6.3691e-15   5342.10 1 
  5150.27 6.0791e-15   5344.85 1 
  5152.92 6.1288e-15   5347.60 1 
  5155.57 6.3724e-15   5350.35 1 
  5158.22 6.3704e-15   5353.10 1 
  5160.87 6.3508e-15   5355.85 1 
  5163.52 6.2243e-15   5358.60 1 
  5166.17 6.1812e-15   5361.35 1 
  5168.82 6.0530e-15   5364.10 1 
  5171.47 5.5970e-15   5366.85 1 
  5174.12 5.1468e-15   5369.60 1 
  5176.77 5.6171e-15   5372.35 1 
  5179.42 5.9701e-15   5375.10 1 
  5182.07 5.9613e-15   5377.85 1 
  5184.72 5.7232e-15   5380.60 1 
  5187.37 5.7122e-15   5383.35 1 
  5190.02 6.1248e-15   5386.10 1 
  5192.67 6.4076e-15   5388.85 1 
  5195.32 6.5789e-15   5391.60 1 
  5197.97 6.7056e-15   5394.35 1 
  5200.62 6.8035e-15   5397.10 1 
  5203.27 6.9111e-15   5399.85 1 
  5205.92 6.4339e-15   5402.60 1 
  5208.57 6.2610e-15   5405.35 1 
  5211.22 6.5683e-15   5408.10 1 
  5213.87 6.3082e-15   5410.85 1 
  5216.52 6.3387e-15   5413.60 1 
  5219.17 6.5032e-15   5416.35 1 
  5221.82 6.3355e-15   5419.10 1 
  5224.47 6.2116e-15   5421.85 1 
  5227.12 6.1388e-15   5424.60 1 
  5229.77 5.9590e-15   5427.35 1 
  5232.42 6.2429e-15   5430.10 1 
  5235.07 6.3199e-15   5432.85 1 
  5237.72 6.1913e-15   5435.60 1 
  5240.37 6.1852e-15   5438.35 1 
  5243.02 6.4513e-15   5441.10 1 
  5245.67 6.6334e-15   5443.85 1 
  5248.32 6.6050e-15   5446.60 1 
  5250.97 6.9188e-15   5449.35 1 
  5253.62 6.5443e-15   5452.10 1 
  5256.27 6.3009e-15   5454.85 1 
  5258.92 6.1705e-15   5457.60 1 
  5261.57 6.2334e-15   5460.35 1 
  5264.22 6.1822e-15   5463.10 1 
  5266.87 6.3685e-15   5465.85 1 
  5269.52 5.7578e-15   5468.60 1 
  5272.17 5.6250e-15   5471.35 1 
  5274.82 6.2770e-15   5474.10 1 
  5277.47 6.4146e-15   5476.85 1 
  5280.12 6.4992e-15   5479.60 1 
  5282.77 6.9451e-15   5482.35 1 
  5285.42 6.5248e-15   5485.10 1 
  5288.07 6.5851e-15   5487.85 1 
  5290.72 6.8751e-15   5490.60 1 
  5293.37 6.8482e-15   5493.35 1 
  5296.02 6.9177e-15   5496.10 1 
  5298.67 6.6891e-15   5498.85 1 
  5301.32 6.4103e-15   5501.60 1 
  5303.97 6.5877e-15   5504.35 1 
  5306.62 6.6616e-15   5507.10 1 
  5309.27 6.9449e-15   5509.85 1 
  5311.92 7.0309e-15   5512.60 1 
  5314.57 6.9193e-15   5515.35 1 
  5317.22 7.0424e-15   5518.10 1 
  5319.87 6.7860e-15   5520.85 1 
  5322.52 6.8772e-15   5523.60 1 
  5325.17 6.6394e-15   5526.35 1 
  5327.82 6.6325e-15   5529.10 1 
  5330.47 6.4391e-15   5531.85 1 
  5333.12 6.4694e-15   5534.60 1 
  5335.76 6.3580e-15   5537.35 1 
  5338.41 6.4064e-15   5540.10 1 
  5341.06 6.0737e-15   5542.85 1 
  5343.71 6.5174e-15   5545.60 1 
  5346.36 6.5605e-15   5548.35 1 
  5349.01 6.4199e-15   5551.10 1 
  5351.66 6.7078e-15   5553.85 1 
  5354.31 6.2666e-15   5556.60 1 
  5356.96 6.4506e-15   5559.35 1 
  5359.61 6.8891e-15   5562.10 1 
  5362.26 6.9556e-15   5564.85 1 
  5364.91 6.5617e-15   5567.60 1 
  5367.56 6.6474e-15   5570.35 1 
  5370.21 6.4551e-15   5573.10 1 
  5372.86 6.4969e-15   5575.85 1 
  5375.51 6.6725e-15   5578.60 1 
  5378.16 6.4511e-15   5581.35 1 
  5380.81 6.5272e-15   5584.10 1 
  5383.46 6.2638e-15   5586.85 1 
  5386.11 6.8629e-15   5589.60 1 
  5388.76 6.4723e-15   5592.35 1 
  5391.41 6.5949e-15   5595.10 1 
  5394.06 6.6933e-15   5597.85 1 
  5396.71 6.9907e-15   5600.60 1 
  5399.36 6.1987e-15   5603.35 1 
  5402.01 6.4607e-15   5606.10 1 
  5404.66 6.4793e-15   5608.85 1 
  5407.31 6.2544e-15   5611.60 1 
  5409.96 6.2183e-15   5614.35 1 
  5412.61 6.5974e-15   5617.10 1 
  5415.26 6.3686e-15   5619.85 1 
  5417.91 6.5607e-15   5622.60 1 
  5420.56 6.7784e-15   5625.35 1 
  5423.21 6.8185e-15   5628.10 1 
  5425.86 6.2980e-15   5630.85 1 
  5428.51 6.4271e-15   5633.60 1 
  5431.16 6.4376e-15   5636.35 1 
  5433.81 6.0995e-15   5639.10 1 
  5436.46 6.3632e-15   5641.85 1 
  5439.11 6.3810e-15   5644.60 1 
  5441.76 6.5589e-15   5647.35 1 
  5444.41 6.0532e-15   5650.10 1 
  5447.06 6.5732e-15   5652.85 1 
  5449.71 6.2927e-15   5655.60 1 
  5452.36 6.7002e-15   5658.35 1 
  5455.01 6.4828e-15   5661.10 1 
  5457.66 6.6498e-15   5663.85 1 
  5460.31 6.4408e-15   5666.60 1 
  5462.96 6.7154e-15   5669.35 1 
  5465.61 6.6466e-15   5672.10 1 
  5468.26 6.5937e-15   5674.85 1 
  5470.91 6.7903e-15   5677.60 1 
  5473.56 6.6434e-15   5680.35 1 
  5476.21 6.6127e-15   5683.10 1 
  5478.86 6.4360e-15   5685.85 1 
  5481.51 6.1069e-15   5688.60 1 
  5484.16 6.0919e-15   5691.35 1 
  5486.81 6.0098e-15   5694.10 1 
  5489.46 6.3646e-15   5696.85 1 
  5492.11 6.9043e-15   5699.60 1 
  5494.76 6.2710e-15   5702.35 1 
  5497.41 6.4978e-15   5705.10 1 
  5500.06 6.1204e-15   5707.85 1 
  5502.71 6.6317e-15   5710.60 1 
  5505.36 6.2029e-15   5713.35 1 
  5508.01 6.6685e-15   5716.10 1 
  5510.66 6.2248e-15   5718.85 1 
  5513.31 7.0506e-15   5721.60 1 
  5515.96 6.4379e-15   5724.35 1 
  5518.61 6.7073e-15   5727.10 1 
  5521.26 6.2703e-15   5729.85 1 
  5523.91 6.6654e-15   5732.60 1 
  5526.56 6.4373e-15   5735.35 1 
  5529.21 6.5782e-15   5738.10 1 
  5531.86 6.6047e-15   5740.85 1 
  5534.51 6.3636e-15   5743.60 1 
  5537.16 6.1720e-15   5746.35 1 
  5539.81 6.1776e-15   5749.10 1 
  5542.46 6.5251e-15   5751.85 1 
  5545.11 6.7284e-15   5754.60 1 
  5547.76 6.8510e-15   5757.35 1 
  5550.41 6.6507e-15   5760.10 1 
  5553.06 6.5247e-15   5762.85 1 
  5555.71 6.4054e-15   5765.60 1 
  5558.36 6.3933e-15   5768.35 1 
  5561.01 6.5468e-15   5771.10 1 
  5563.66 6.5626e-15   5773.85 1 
  5566.31 6.6644e-15   5776.60 1 
  5568.95 6.2235e-15   5779.35 1 
  5571.60 6.2659e-15   5782.10 1 
  5574.25 6.3448e-15   5784.85 1 
  5576.90 6.2333e-15   5787.60 1 
  5579.55 6.7920e-15   5790.35 1 
  5582.20 6.5909e-15   5793.10 1 
  5584.85 6.4209e-15   5795.85 1 
  5587.50 6.5238e-15   5798.60 1 
  5590.15 6.3057e-15   5801.35 1 
  5592.80 6.3516e-15   5804.10 1 
  5595.45 6.2724e-15   5806.85 1 
  5598.10 6.0196e-15   5809.60 1 
  5600.75 5.9290e-15   5812.35 1 
  5603.40 6.1643e-15   5815.10 1 
  5606.05 6.6226e-15   5817.85 1 
  5608.70 6.5956e-15   5820.60 1 
  5611.35 6.8012e-15   5823.35 1 
  5614.00 6.5889e-15   5826.10 1 
  5616.65 6.4838e-15   5828.85 1 
  5619.30 6.6233e-15   5831.60 1 
  5621.95 6.4435e-15   5834.35 1 
  5624.60 6.4300e-15   5837.10 1 
  5627.25 6.4972e-15   5839.85 1 
  5629.90 6.4900e-15   5842.60 1 
  5632.55 6.2021e-15   5845.35 1 
  5635.20 6.0342e-15   5848.10 1 
  5637.85 6.2974e-15   5850.85 1 
  5640.50 6.4727e-15   5853.60 1 
  5643.15 6.4461e-15   5856.35 1 
  5645.80 6.2250e-15   5859.10 1 
  5648.45 6.4928e-15   5861.85 1 
  5651.10 6.3996e-15   5864.60 1 
  5653.75 6.6968e-15   5867.35 1 
  5656.40 6.5665e-15   5870.10 1 
  5659.05 6.4426e-15   5872.85 1 
  5661.70 6.3576e-15   5875.60 1 
  5664.35 6.2555e-15   5878.35 1 
  5667.00 6.2699e-15   5881.10 1 
  5669.65 6.0933e-15   5883.85 1 
  5672.30 6.5025e-15   5886.60 1 
  5674.95 6.3118e-15   5889.35 1 
  5677.60 6.2444e-15   5892.10 1 
  5680.25 6.3435e-15   5894.85 1 
  5682.90 6.3787e-15   5897.60 1 
  5685.55 6.1740e-15   5900.35 1 
  5688.20 6.5418e-15   5903.10 1 
  5690.85 6.1513e-15   5905.85 1 
  5693.50 6.5381e-15   5908.60 1 
  5696.15 6.0376e-15   5911.35 1 
  5698.80 6.3143e-15   5914.10 1 
  5701.45 6.7603e-15   5916.85 1 
  5704.10 6.2859e-15   5919.60 1 
  5706.75 6.5833e-15   5922.35 1 
  5709.40 6.5572e-15   5925.10 1 
  5712.05 6.0909e-15   5927.85 1 
  5714.70 6.1338e-15   5930.60 1 
  5717.35 6.3365e-15   5933.35 1 
  5720.00 6.6255e-15   5936.10 1 
  5722.65 6.3145e-15   5938.85 1 
  5725.30 6.3846e-15   5941.60 1 
  5727.95 6.2634e-15   5944.35 1 
  5730.60 6.5129e-15   5947.10 1 
  5733.25 6.6420e-15   5949.85 1 
  5735.90 6.7284e-15   5952.60 1 
  5738.55 6.5998e-15   5955.35 1 
  5741.20 6.2490e-15   5958.10 1 
  5743.85 6.0943e-15   5960.85 1 
  5746.50 6.4944e-15   5963.60 1 
  5749.15 6.8991e-15   5966.35 1 
  5751.80 6.6505e-15   5969.10 1 
  5754.45 6.9747e-15   5971.85 1 
  5757.10 6.6965e-15   5974.60 1 
  5759.75 6.5518e-15   5977.35 1 
  5762.40 6.6554e-15   5980.10 1 
  5765.05 6.7833e-15   5982.85 1 
  5767.70 6.7488e-15   5985.60 1 
  5770.35 6.2944e-15   5988.35 1 
  5773.00 6.5307e-15   5991.10 1 
  5775.65 6.7555e-15   5993.85 1 
  5778.30 6.4285e-15   5996.60 1 
  5780.95 6.1419e-15   5999.35 1 
  5783.60 6.3213e-15   6002.10 1 
  5786.25 6.2648e-15   6004.85 1 
  5788.90 6.4896e-15   6007.60 1 
  5791.55 6.2681e-15   6010.35 1 
  5794.20 6.3683e-15   6013.10 1 
  5796.85 6.6933e-15   6015.85 1 
  5799.50 6.5441e-15   6018.60 1 
  5802.15 6.7355e-15   6021.35 1 
  5804.79 6.4218e-15   6024.10 1 
  5807.44 6.1948e-15   6026.85 1 
  5810.09 6.3532e-15   6029.60 1 
  5812.74 6.5159e-15   6032.35 1 
  5815.39 6.9304e-15   6035.10 1 
  5818.04 6.5459e-15   6037.85 1 
  5820.69 6.4529e-15   6040.60 1 
  5823.34 6.6187e-15   6043.35 1 
  5825.99 6.6324e-15   6046.10 1 
  5828.64 6.4705e-15   6048.85 1 
  5831.29 6.7824e-15   6051.60 1 
  5833.94 6.5446e-15   6054.35 1 
  5836.59 6.6206e-15   6057.10 1 
  5839.24 6.6308e-15   6059.85 1 
  5841.89 6.4851e-15   6062.60 1 
  5844.54 6.6806e-15   6065.35 1 
  5847.19 6.7618e-15   6068.10 1 
  5849.84 5.9560e-15   6070.85 1 
  5852.49 6.6896e-15   6073.60 1 
  5855.14 6.4869e-15   6076.35 1 
  5857.79 6.5803e-15   6079.10 1 
  5860.44 5.7763e-15   6081.85 1 
  5863.09 6.4023e-15   6084.60 1 
  5865.74 6.0800e-15   6087.35 1 
  5868.39 6.6623e-15   6090.10 1 
  5871.04 6.8098e-15   6092.85 1 
  5873.69 7.0361e-15   6095.60 1 
  5876.34 6.7398e-15   6098.35 1 
  5878.99 6.7107e-15   6101.10 1 
  5881.64 6.3790e-15   6103.85 1 
  5884.29 6.4825e-15   6106.60 1 
  5886.94 5.8232e-15   6109.35 1 
  5889.59 5.6531e-15   6112.10 1 
  5892.24 5.6623e-15   6114.85 1 
  5894.89 5.7353e-15   6117.60 1 
  5897.54 5.6808e-15   6120.35 1 
  5900.19 5.3946e-15   6123.10 1 
  5902.84 5.6540e-15   6125.85 1 
  5905.49 6.1180e-15   6128.60 1 
  5908.14 6.2179e-15   6131.35 1 
  5910.79 5.9502e-15   6134.10 1 
  5913.44 6.3267e-15   6136.85 1 
  5916.09 6.5699e-15   6139.60 1 
  5918.74 6.4986e-15   6142.35 1 
  5921.39 6.3722e-15   6145.10 1 
  5924.04 6.6183e-15   6147.85 1 
  5926.69 6.3612e-15   6150.60 1 
  5929.34 5.9982e-15   6153.35 1 
  5931.99 6.3209e-15   6156.10 1 
  5934.64 6.1758e-15   6158.85 1 
  5937.29 6.2717e-15   6161.60 1 
  5939.94 6.2073e-15   6164.35 1 
  5942.59 5.7841e-15   6167.10 1 
  5945.24 6.4660e-15   6169.85 1 
  5947.89 6.4659e-15   6172.60 1 
  5950.54 6.2150e-15   6175.35 1 
  5953.19 6.2866e-15   6178.10 1 
  5955.84 6.0866e-15   6180.85 1 
  5958.49 6.0904e-15   6183.60 1 
  5961.14 6.3739e-15   6186.35 1 
  5963.79 6.2818e-15   6189.10 1 
  5966.44 6.2755e-15   6191.85 1 
  5969.09 6.5926e-15   6194.60 1 
  5971.74 6.3502e-15   6197.35 1 
  5974.39 6.2079e-15   6200.10 1 
  5977.04 6.3286e-15   6202.85 1 
  5979.69 6.5897e-15   6205.60 1 
  5982.34 6.5390e-15   6208.35 1 
  5984.99 6.7378e-15   6211.10 1 
  5987.64 6.4826e-15   6213.85 1 
  5990.29 6.6113e-15   6216.60 1 
  5992.94 6.5841e-15   6219.35 1 
  5995.59 6.5450e-15   6222.10 1 
  5998.24 6.4766e-15   6224.85 1 
  6000.89 6.8075e-15   6227.60 1 
  6003.54 6.6306e-15   6230.35 1 
  6006.19 6.4473e-15   6233.10 1 
  6008.84 6.3837e-15   6235.85 1 
  6011.49 6.3954e-15   6238.60 1 
  6014.14 6.3941e-15   6241.35 1 
  6016.79 6.1237e-15   6244.10 1 
  6019.44 5.9764e-15   6246.85 1 
  6022.09 6.3105e-15   6249.60 1 
  6024.74 5.8022e-15   6252.35 1 
  6027.39 6.2181e-15   6255.10 1 
  6030.04 6.5956e-15   6257.85 1 
  6032.69 6.3246e-15   6260.60 1 
  6035.34 5.9624e-15   6263.35 1 
  6037.99 6.2227e-15   6266.10 1 
  6040.63 6.4342e-15   6268.85 1 
  6043.28 6.5573e-15   6271.60 1 
  6045.93 6.2978e-15   6274.35 1 
  6048.58 6.1637e-15   6277.10 1 
  6051.23 6.2547e-15   6279.85 1 
  6053.88 6.5120e-15   6282.60 1 
  6056.53 6.8184e-15   6285.35 1 
  6059.18 6.1690e-15   6288.10 1 
  6061.83 6.6811e-15   6290.85 1 
  6064.48 6.5332e-15   6293.60 1 
  6067.13 6.1258e-15   6296.35 1 
  6069.78 6.7438e-15   6299.10 1 
  6072.43 6.4911e-15   6301.85 1 
  6075.08 6.4811e-15   6304.60 1 
  6077.73 6.5115e-15   6307.35 1 
  6080.38 6.5235e-15   6310.10 1 
  6083.03 6.3712e-15   6312.85 1 
  6085.68 6.5380e-15   6315.60 1 
  6088.33 6.6443e-15   6318.35 1 
  6090.98 6.5254e-15   6321.10 1 
  6093.63 6.2896e-15   6323.85 1 
  6096.28 6.2844e-15   6326.60 1 
  6098.93 6.3275e-15   6329.35 1 
  6101.58 6.5707e-15   6332.10 1 
  6104.23 6.5554e-15   6334.85 1 
  6106.88 6.3075e-15   6337.60 1 
  6109.53 6.6615e-15   6340.35 1 
  6112.18 6.3389e-15   6343.10 1 
  6114.83 6.5388e-15   6345.85 1 
  6117.48 6.3739e-15   6348.60 1 
  6120.13 6.5489e-15   6351.35 1 
  6122.78 6.3061e-15   6354.10 1 
  6125.43 6.5951e-15   6356.85 1 
  6128.08 6.2247e-15   6359.60 1 
  6130.73 6.4359e-15   6362.35 1 
  6133.38 6.2612e-15   6365.10 1 
  6136.03 6.5478e-15   6367.85 1 
  6138.68 6.2595e-15   6370.60 1 
  6141.33 6.6900e-15   6373.35 1 
  6143.98 6.2136e-15   6376.10 1 
  6146.63 6.2102e-15   6378.85 1 
  6149.28 6.2307e-15   6381.60 1 
  6151.93 6.4187e-15   6384.35 1 
  6154.58 6.5171e-15   6387.10 1 
  6157.23 6.5962e-15   6389.85 1 
  6159.88 6.2765e-15   6392.60 1 
  6162.53 6.0253e-15   6395.35 1 
  6165.18 5.7704e-15   6398.10 1 
  6167.83 5.6270e-15   6400.85 1 
  6170.48 5.7958e-15   6403.60 1 
  6173.13 5.7869e-15   6406.35 1 
  6175.78 6.0428e-15   6409.10 1 
  6178.43 6.3663e-15   6411.85 1 
  6181.08 5.9745e-15   6414.60 1 
  6183.73 5.7937e-15   6417.35 1 
  6186.38 6.0736e-15   6420.10 1 
  6189.03 5.9628e-15   6422.85 1 
  6191.68 5.9907e-15   6425.60 1 
  6194.33 6.0833e-15   6428.35 1 
  6196.98 6.1825e-15   6431.10 1 
  6199.63 6.1902e-15   6433.85 1 
  6202.28 6.0999e-15   6436.60 1 
  6204.93 6.1566e-15   6439.35 1 
  6207.58 6.2982e-15   6442.10 1 
  6210.23 6.4201e-15   6444.85 1 
  6212.88 6.1597e-15   6447.60 1 
  6215.53 6.0834e-15   6450.35 1 
  6218.18 6.0174e-15   6453.10 1 
  6220.83 5.9497e-15   6455.85 1 
  6223.48 6.1051e-15   6458.60 1 
  6226.13 6.1825e-15   6461.35 1 
  6228.78 6.0365e-15   6464.10 1 
  6231.43 5.9421e-15   6466.85 1 
  6234.08 5.9433e-15   6469.60 1 
  6236.73 5.5259e-15   6472.35 1 
  6239.38 5.9026e-15   6475.10 1 
  6242.03 5.9944e-15   6477.85 1 
  6244.68 5.3409e-15   6480.60 1 
  6247.33 5.6138e-15   6483.35 1 
  6249.98 5.9279e-15   6486.10 1 
  6252.63 5.8359e-15   6488.85 1 
  6255.28 5.5700e-15   6491.60 1 
  6257.93 5.5357e-15   6494.35 1 
  6260.58 5.4954e-15   6497.10 1 
  6263.23 5.7130e-15   6499.85 1 
  6265.88 6.2835e-15   6502.60 1 
  6268.53 6.0603e-15   6505.35 1 
  6271.18 6.2144e-15   6508.10 1 
  6273.82 5.9240e-15   6510.85 1 
  6276.47 5.8192e-15   6513.60 1 
  6279.12 6.0911e-15   6516.35 1 
  6281.77 6.1617e-15   6519.10 1 
  6284.42 5.9898e-15   6521.85 1 
  6287.07 5.7638e-15   6524.60 1 
  6289.72 6.1049e-15   6527.35 1 
  6292.37 6.7611e-15   6530.10 1 
  6295.02 6.9801e-15   6532.85 1 
  6297.67 7.8965e-15   6535.60 1 
  6300.32 7.4032e-15   6538.35 1 
  6302.97 7.3452e-15   6541.10 1 
  6305.62 7.9004e-15   6543.85 1 
  6308.27 7.6361e-15   6546.60 1 
  6310.92 6.7872e-15   6549.35 1 
  6313.57 6.5053e-15   6552.10 1 
  6316.22 6.1685e-15   6554.85 1 
  6318.87 6.4799e-15   6557.60 1 
  6321.52 5.9760e-15   6560.35 1 
  6324.17 5.9028e-15   6563.10 1 
  6326.82 6.4361e-15   6565.85 1 
  6329.47 6.0662e-15   6568.60 1 
  6332.12 5.7936e-15   6571.35 1 
  6334.77 6.2068e-15   6574.10 1 
  6337.42 6.2593e-15   6576.85 1 
  6340.07 6.1562e-15   6579.60 1 
  6342.72 5.8540e-15   6582.35 1 
  6345.37 6.3053e-15   6585.10 1 
  6348.02 5.7379e-15   6587.85 1 
  6350.67 6.3887e-15   6590.60 1 
  6353.32 5.6399e-15   6593.35 1 
  6355.97 6.5451e-15   6596.10 1 
  6358.62 6.3932e-15   6598.85 1 
  6361.27 6.7164e-15   6601.60 1 
  6363.92 6.6699e-15   6604.35 1 
  6366.57 6.9764e-15   6607.10 1 
  6369.22 6.6177e-15   6609.85 1 
  6371.87 6.1452e-15   6612.60 1 
  6374.52 6.2294e-15   6615.35 1 
  6377.17 6.4211e-15   6618.10 1 
  6379.82 6.5266e-15   6620.85 1 
  6382.47 6.0936e-15   6623.60 1 
  6385.12 5.9901e-15   6626.35 1 
  6387.77 6.5472e-15   6629.10 1 
  6390.42 6.2943e-15   6631.85 1 
  6393.07 6.1103e-15   6634.60 1 
  6395.72 6.0114e-15   6637.35 1 
  6398.37 6.0411e-15   6640.10 1 
  6401.02 6.1244e-15   6642.85 1 
  6403.67 6.5125e-15   6645.60 1 
  6406.32 6.5821e-15   6648.35 1 
  6408.97 6.2278e-15   6651.10 1 
  6411.62 5.9850e-15   6653.85 1 
  6414.27 6.1173e-15   6656.60 1 
  6416.92 6.2909e-15   6659.35 1 
  6419.57 6.2596e-15   6662.10 1 
  6422.22 5.9651e-15   6664.85 1 
  6424.87 5.9116e-15   6667.60 1 
  6427.52 6.1827e-15   6670.35 1 
  6430.17 6.2552e-15   6673.10 1 
  6432.82 6.2470e-15   6675.85 1 
  6435.47 6.1140e-15   6678.60 1 
  6438.12 6.2024e-15   6681.35 1 
  6440.77 6.3149e-15   6684.10 1 
  6443.42 5.9086e-15   6686.85 1 
  6446.07 5.8222e-15   6689.60 1 
  6448.72 5.8443e-15   6692.35 1 
  6451.37 6.1059e-15   6695.10 1 
  6454.02 6.0385e-15   6697.85 1 
  6456.67 6.0754e-15   6700.60 1 
  6459.32 6.5355e-15   6703.35 1 
  6461.97 6.3897e-15   6706.10 1 
  6464.62 6.2727e-15   6708.85 1 
  6467.27 6.1926e-15   6711.60 1 
  6469.92 6.1027e-15   6714.35 1 
  6472.57 5.8318e-15   6717.10 1 
  6475.22 5.8645e-15   6719.85 1 
  6477.87 5.9248e-15   6722.60 1 
  6480.52 6.0289e-15   6725.35 1 
  6483.17 5.7560e-15   6728.10 1 
  6485.82 6.3587e-15   6730.85 1 
  6488.47 5.8689e-15   6733.60 1 
  6491.12 5.7619e-15   6736.35 1 
  6493.77 5.9422e-15   6739.10 1 
  6496.42 6.1645e-15   6741.85 1 
  6499.07 5.8561e-15   6744.60 1 
  6501.72 5.6501e-15   6747.35 1 
  6504.37 6.0195e-15   6750.10 1 
  6507.02 5.9925e-15   6752.85 1 
  6509.66 6.1718e-15   6755.60 1 
  6512.31 5.9954e-15   6758.35 1 
  6514.96 6.8264e-15   6761.10 1 
  6517.61 6.8568e-15   6763.85 1 
  6520.26 6.7531e-15   6766.60 1 
  6522.91 6.7808e-15   6769.35 1 
  6525.56 6.3379e-15   6772.10 1 
  6528.21 6.0187e-15   6774.85 1 
  6530.86 6.2711e-15   6777.60 1 
  6533.51 6.5250e-15   6780.35 1 
  6536.16 6.8447e-15   6783.10 1 
  6538.81 7.4337e-15   6785.85 1 
  6541.46 8.5558e-15   6788.60 1 
  6544.11 9.4876e-15   6791.35 1 
  6546.76 1.0709e-14   6794.10 1 
  6549.41 1.1953e-14   6796.85 1 
  6552.06 1.2885e-14   6799.60 1 
  6554.71 1.3502e-14   6802.35 1 
  6557.36 1.5087e-14   6805.10 1 
  6560.01 1.8533e-14   6807.85 1 
  6562.66 2.1530e-14   6810.60 1 
  6565.31 2.2451e-14   6813.35 1 
  6567.96 2.0624e-14   6816.10 1 
  6570.61 1.7281e-14   6818.85 1 
  6573.26 1.5163e-14   6821.60 1 
  6575.91 1.4306e-14   6824.35 1 
  6578.56 1.5677e-14   6827.10 1 
  6581.21 1.8450e-14   6829.85 1 
  6590.14 6.0652e-15   6839.12 0 
  6605.33 6.1059e-15   6854.88 0 
  6620.56 6.1610e-15   6870.68 0 
  6635.82 6.1313e-15   6886.52 0 
  6651.12 6.0737e-15   6902.40 0 
  6666.45 6.1004e-15   6918.31 0 
  6681.82 6.0570e-15   6934.26 0 
  6697.22 6.0976e-15   6950.24 0 
  6712.66 6.0543e-15   6966.26 0 
  6728.14 6.0251e-15   6982.33 0 
  6743.65 6.0237e-15   6998.42 0 
  6759.19 5.8988e-15   7014.55 0 
  6774.77 5.9383e-15   7030.72 0 
  6790.39 5.8960e-15   7046.93 0 
  6806.04 6.0181e-15   7063.18 0 
  6821.73 5.9891e-15   7079.46 0 
  6837.46 6.0431e-15   7095.78 0 
  6853.22 6.0556e-15   7112.14 0 
  6869.02 5.8756e-15   7128.53 0 
  6884.86 5.9286e-15   7144.96 0 
  6900.73 5.9546e-15   7161.43 0 
  6916.63 5.9669e-15   7177.94 0 
  6932.58 5.9792e-15   7194.49 0 
  6948.56 6.0470e-15   7211.08 0 
  6964.58 6.0317e-15   7227.70 0 
  6980.63 6.1001e-15   7244.36 0 
  6996.72 6.0011e-15   7261.06 0 
  7012.85 5.9174e-15   7277.80 0 
  7029.02 6.0677e-15   7294.57 0 
  7045.22 5.9692e-15   7311.39 0 
  7061.46 5.9131e-15   7328.25 0 
  7077.74 5.9253e-15   7345.14 0 
  7094.06 5.8157e-15   7362.07 0 
  7110.41 5.7876e-15   7379.04 0 
  7126.80 5.7995e-15   7396.05 0 
  7143.23 5.7317e-15   7413.10 0 
  7159.70 5.7833e-15   7430.19 0 
  7176.20 5.7026e-15   7447.32 0 
  7192.74 5.3699e-15   7464.49 0 
  7209.33 5.5317e-15   7481.70 0 
  7225.95 5.8715e-15   7498.94 0 
  7242.60 5.6839e-15   7516.23 0 
  7259.30 5.6563e-15   7533.56 0 
  7276.03 5.9625e-15   7550.92 0 
  7292.81 5.8792e-15   7568.33 0 
  7309.62 5.8104e-15   7585.78 0 
  7326.47 5.9306e-15   7603.26 0 
  7343.36 6.0394e-15   7620.79 0 
  7360.28 5.9825e-15   7638.36 0 
  7377.25 6.0502e-15   7655.97 0 
  7394.26 5.9110e-15   7673.61 0 
  7411.30 6.1454e-15   7691.30 0 
  7428.39 5.9902e-15   7709.04 0 
  7445.51 6.1140e-15   7726.81 0 
  7462.68 6.1407e-15   7744.62 0 
  7479.88 6.0270e-15   7762.47 0 
  7497.12 6.0673e-15   7780.37 0 
  7514.41 6.0657e-15   7798.30 0 
  7531.73 6.0921e-15   7816.28 0 
  7549.09 6.1469e-15   7834.30 0 
  7566.49 6.0610e-15   7852.36 0 
  7583.93 6.1014e-15   7870.46 0 
  7601.42 5.9609e-15   7888.60 0 
  7618.94 5.8776e-15   7906.79 0 
  7636.51 6.0268e-15   7925.01 0 
  7654.11 5.9152e-15   7943.28 0 
  7671.75 5.6345e-15   7961.59 0 
  7689.44 5.7908e-15   7979.95 0 
  7707.17 5.5928e-15   7998.34 0 
  7724.93 5.7215e-15   8016.78 0 
  7742.74 5.7995e-15   8035.26 0 
  7760.59 5.7053e-15   8053.78 0 
  7778.48 5.6125e-15   8072.35 0 
  7796.41 5.6110e-15   8090.96 0 
  7814.38 5.7667e-15   8109.61 0 
  7832.40 5.8858e-15   8128.31 0 
  7850.45 5.8707e-15   8147.04 0 
  7868.55 5.9234e-15   8165.82 0 
  7886.69 5.8137e-15   8184.65 0 
  7904.87 5.6537e-15   8203.52 0 
  7923.09 5.6004e-15   8222.43 0 
  7941.35 5.6117e-15   8241.38 0 
  7959.66 5.6621e-15   8260.38 0 
  7978.01 5.7393e-15   8279.42 0 
  7996.40 5.6851e-15   8298.51 0 
  8014.84 5.7493e-15   8317.64 0 
  8033.31 5.6039e-15   8336.81 0 
  8051.83 5.7593e-15   8356.03 0 
  8070.40 5.7976e-15   8375.29 0 
  8089.00 5.6771e-15   8394.60 0 
  8107.64 5.6495e-15   8413.95 0 
  8126.34 5.6870e-15   8433.35 0 
  8145.07 5.7248e-15   8452.79 0 
  8163.84 5.6058e-15   8472.27 0 
  8182.66 5.8279e-15   8491.80 0 
  8201.53 5.5385e-15   8511.38 0 
  8220.43 5.7315e-15   8531.00 0 
  8239.38 5.1185e-15   8550.67 0 
  8258.38 5.9022e-15   8570.38 0 
  8277.42 5.9005e-15   8590.14 0 
  8296.49 5.5305e-15   8609.94 0 
  8315.62 5.5544e-15   8629.79 0 
  8334.79 5.5785e-15   8649.68 0 
  8354.00 5.6675e-15   8669.62 0 
  8373.26 5.5752e-15   8689.60 0 
  8392.57 5.4342e-15   8709.64 0 
  8411.91 5.7017e-15   8729.71 0 
  8431.30 5.6739e-15   8749.84 0 
  8450.74 5.5559e-15   8770.01 0 
  8470.22 5.6575e-15   8790.23 0 
  8489.74 5.6428e-15   8810.49 0 
  8509.32 4.9359e-15   8830.80 0 
  8528.93 5.6265e-15   8851.16 0 
  8548.59 4.5615e-15   8871.56 0 
  8568.30 5.6490e-15   8892.01 0 
  8588.05 5.7127e-15   8912.51 0 
  8607.85 5.2085e-15   8933.05 0 
  8627.69 5.6700e-15   8953.65 0 
  8647.58 5.7207e-15   8974.29 0 
  8667.52 4.8789e-15   8994.98 0 
  8687.50 5.3357e-15   9015.71 0 
  8707.53 5.5088e-15   9036.50 0 
  8727.60 5.6875e-15   9057.33 0 
  8747.72 5.5054e-15   9078.20 0 
  8767.88 5.4033e-15   9099.13 0 
  8788.10 5.6823e-15   9120.11 0 
  8808.35 5.7595e-15   9141.13 0 
  8828.66 5.6787e-15   9162.20 0 
  8849.01 5.4843e-15   9183.33 0 
  8869.41 4.9429e-15   9204.50 0 
  8889.85 5.3684e-15   9225.71 0 
  8910.35 5.5810e-15   9246.98 0 
  8930.89 5.5664e-15   9268.30 0 
  8951.48 5.5136e-15   9289.66 0 
  8972.11 5.2759e-15   9311.08 0 
  8992.80 5.5739e-15   9332.54 0 
  9013.52 5.0936e-15   9354.06 0 
  9034.30 4.8965e-15   9375.62 0 
  9055.13 5.8043e-15   9397.23 0 
  9076.00 5.7360e-15   9418.90 0 
  9096.92 5.0405e-15   9440.61 0 
  9117.90 5.4241e-15   9462.37 0 
  9138.92 5.2022e-15   9484.18 0 
  9159.98 5.3095e-15   9506.05 0 
  9181.10 5.1275e-15   9527.96 0 
  9202.27 5.3675e-15   9549.93 0 
  9223.48 5.1124e-15   9571.94 0 
  9244.74 5.0523e-15   9594.01 0 
  9266.05 5.3376e-15   9616.12 0 
  9287.41 5.2143e-15   9638.29 0 
  9308.82 4.9551e-15   9660.51 0 
  9330.28 5.5070e-15   9682.78 0 
  9351.79 5.5179e-15   9705.10 0 
  9373.35 5.4403e-15   9727.47 0 
  9394.96 5.4888e-15   9749.90 0 
  9416.61 5.3869e-15   9772.37 0 
  9438.32 5.5232e-15   9794.90 0 
  9460.08 5.4581e-15   9817.48 0 
  9481.89 5.5322e-15   9840.11 0 
  9503.74 5.4045e-15   9862.79 0 
  9525.65 5.3285e-15   9885.53 0 
  9547.61 5.0056e-15   9908.32 0 
  9569.62 5.3249e-15   9931.16 0 
  9591.68 5.4975e-15   9954.05 0 
  9613.79 5.4578e-15   9977.00 0 
  9635.95 5.4811e-15  10000.00 0 
  9658.17 5.4415e-15  10023.05 0 
  9680.43 5.4271e-15  10046.15 0 
  9702.74 5.4252e-15  10069.31 0 
  9725.12 5.3860e-15  10092.53 0 
  9747.54 5.3594e-15  10115.80 0 
  9770.00 5.3823e-15  10139.12 0 
  9792.52 5.3311e-15  10162.49 0 
  9815.10 5.4158e-15  10185.91 0 
  9837.72 5.3766e-15  10209.39 0 
  9860.41 5.3995e-15  10232.94 0 
  9883.14 5.3605e-15  10256.52 0 
  9905.92 5.3463e-15  10280.17 0 
  9928.75 5.3814e-15  10303.86 0 
  9951.64 5.3919e-15  10327.61 0 
  9974.58 5.3900e-15  10351.42 0 
  9997.57 5.3633e-15  10375.28 0 
 10020.63 5.2635e-15  10399.21 0 
 10066.88 5.1756e-15  10447.20 0 
 10136.65 5.3764e-15  10519.62 0 
 10183.45 5.3478e-15  10568.18 0 
 10230.45 5.3809e-15  10616.96 0 
 10277.67 5.4018e-15  10665.96 0 
 10301.36 5.3874e-15  10690.54 0 
 10492.88 5.2519e-15  10889.31 0 
 10687.96 5.0736e-15  11091.75 0 
 10911.75 4.8452e-15  11324.00 0 
 11089.06 4.7023e-15  11508.00 0 
 11295.21 4.6700e-15  11721.95 0 
 11505.22 4.7023e-15  11939.88 0 
 11692.16 4.6272e-15  12133.89 0 
 11909.53 4.4907e-15  12359.47 0 
 12103.05 4.4598e-15  12560.30 0 
 12299.70 4.4189e-15  12764.39 0 
 12499.56 4.3283e-15  12971.79 0 
 12702.66 4.2493e-15  13182.56 0 
 12909.06 4.1910e-15  13396.76 0 
 13088.64 4.1525e-15  13583.13 0 
 13301.32 4.0487e-15  13803.84 0 
 13486.36 3.9840e-15  13995.87 0 
 13705.49 3.9203e-15  14223.28 0 
 13896.15 3.8046e-15  14421.15 0 
 14089.47 3.6502e-15  14621.77 0 
 14285.48 3.6001e-15  14825.18 0 
 14484.21 3.6251e-15  15031.42 0 
 14685.70 3.5344e-15  15240.53 0 
 14890.00 3.5918e-15  15452.55 0 
 15097.15 3.6167e-15  15667.52 0 
 15307.17 3.6755e-15  15885.48 0 
 15484.41 3.6840e-15  16069.41 0 
 15699.82 3.6001e-15  16292.96 0 
 15918.22 3.4619e-15  16519.62 0 
 16102.55 3.4859e-15  16710.91 0 
 16289.02 3.4939e-15  16904.42 0 
 16515.62 3.4539e-15  17139.58 0 
 16706.85 3.4699e-15  17338.03 0 
 16900.31 3.4381e-15  17538.80 0 
 17096.01 3.4223e-15  17741.90 0 
 17293.98 3.2985e-15  17947.34 0 
 17494.22 3.2308e-15  18155.15 0 
 17696.80 3.1140e-15  18365.38 0 
 17901.72 3.0083e-15  18578.05 0 
 18109.02 2.8729e-15  18793.18 0 
 18318.69 2.8075e-15  19010.77 0 
 18488.20 2.7310e-15  19186.69 0 
 18702.29 2.6020e-15  19408.86 0 
 18918.86 2.5604e-15  19633.61 0 
 19093.90 2.5370e-15  19815.27 0 
 19315.00 2.4792e-15  20044.72 0 
 19493.73 2.3950e-15  20230.20 0 
 19719.44 2.3298e-15  20464.44 0 
 19901.91 2.2715e-15  20653.80 0 
 20086.05 2.2455e-15  20844.90 0 
 20318.64 2.1793e-15  21086.28 0 
 20506.65 2.1643e-15  21281.39 0 
 20696.38 2.1248e-15  21478.29 0 
 20887.89 2.0908e-15  21677.04 0 
 21081.18 2.0621e-15  21877.62 0 
 21276.23 2.0292e-15  22080.04 0 
 21522.60 1.9967e-15  22335.72 0 
 21721.75 1.9378e-15  22542.40 0 
 21922.73 1.9156e-15  22750.97 0 
 22074.70 1.8720e-15  22908.68 0 
 22278.94 1.8286e-15  23120.64 0 
 22485.10 1.7895e-15  23334.58 0 
 22693.16 1.7513e-15  23550.50 0 
 22903.12 1.5849e-15  23768.40 0 
 23115.05 1.5798e-15  23988.34 0 
 23275.26 1.4006e-15  24154.60 0 
 23490.64 1.3150e-15  24378.11 0 
 23707.98 1.3383e-15  24603.66 0 
 23927.35 1.2392e-15  24831.33 0 
 24093.20 1.1991e-15  25003.44 0 
 24316.14 1.1897e-15  25234.80 0 
 24396.50 1.0057e-15  25318.20 2 
 24489.68 1.0455e-15  25414.90 2 
 24582.96 1.0575e-15  25511.70 2 
 24676.23 1.0020e-15  25608.50 2 
 24769.41 9.1146e-16  25705.20 2 
 24862.69 1.0206e-15  25802.00 2 
 24955.87 1.0492e-15  25898.70 2 
 25049.14 9.4886e-16  25995.50 2 
 25142.42 9.6996e-16  26092.30 2 
 25235.60 9.6257e-16  26189.00 2 
 25328.88 9.0217e-16  26285.80 2 
 25422.15 9.9256e-16  26382.60 2 
 25515.33 9.6897e-16  26479.30 2 
 25608.61 1.0497e-15  26576.10 2 
 25701.79 9.4733e-16  26672.80 2 
 25795.06 9.1633e-16  26769.60 2 
 25888.34 9.5319e-16  26866.40 2 
 25981.52 1.1021e-15  26963.10 2 
 26074.79 1.0192e-15  27059.90 2 
 26168.07 1.0554e-15  27156.70 2 
 26261.25 1.0152e-15  27253.40 2 
 26354.53 1.0149e-15  27350.20 2 
 26447.70 1.0001e-15  27446.90 2 
 26540.98 9.2918e-16  27543.70 2 
 26634.26 8.5085e-16  27640.50 2 
 26727.44 8.9725e-16  27737.20 2 
 26820.71 8.9700e-16  27834.00 2 
 26913.99 8.8577e-16  27930.80 2 
 27007.17 8.5299e-16  28027.50 2 
 27100.44 8.6627e-16  28124.30 2 
 27193.62 8.8818e-16  28221.00 2 
 27286.90 8.0597e-16  28317.80 2 
 27380.18 8.7452e-16  28414.60 2 
 27473.36 8.8574e-16  28511.30 2 
 27566.63 8.8712e-16  28608.10 2 
 27659.91 8.6618e-16  28704.90 2 
 27753.09 7.5496e-16  28801.60 2 
 27846.36 7.8298e-16  28898.40 2 
 27939.54 8.3118e-16  28995.10 2 
 28032.82 7.9793e-16  29091.90 2 
 28126.10 7.6119e-16  29188.70 2 
 28219.28 7.5713e-16  29285.40 2 
 28312.55 7.6911e-16  29382.20 2 
 28405.83 7.0158e-16  29479.00 2 
 28499.01 7.5386e-16  29575.70 2 
 28592.29 7.8196e-16  29672.50 2 
 28685.46 7.7432e-16  29769.20 2 
 28778.74 7.3233e-16  29866.00 2 
 28872.01 7.1564e-16  29962.80 2 
 28965.19 7.0864e-16  30059.50 2 
 29058.47 6.8979e-16  30156.30 2 
 29151.75 6.6068e-16  30253.10 2 
 29244.93 6.1263e-16  30349.80 2 
 29338.20 6.1371e-16  30446.60 2 
 29431.38 6.6544e-16  30543.30 2 
 29524.66 6.3890e-16  30640.10 2 
 29617.93 7.1154e-16  30736.90 2 
 29711.11 6.4834e-16  30833.60 2 
 29804.39 6.7298e-16  30930.40 2 
 29897.67 6.1797e-16  31027.20 2 
 29990.85 6.3681e-16  31123.90 2 
 30084.12 6.1699e-16  31220.70 2 
 30177.30 6.5621e-16  31317.40 2 
 30270.58 6.2141e-16  31414.20 2 
 30363.85 6.6385e-16  31511.00 2 
 30457.03 7.2516e-16  31607.70 2 
 30550.31 5.8621e-16  31704.50 2 
 30643.59 5.7899e-16  31801.30 2 
 30736.77 5.7595e-16  31898.00 2 
 30830.04 5.7721e-16  31994.80 2 
 30923.22 7.6034e-16  32091.50 2 
 31016.50 6.5065e-16  32188.30 2 
 31109.77 6.5159e-16  32285.10 2 
 31202.95 6.8314e-16  32381.80 2 
 31296.23 6.2074e-16  32478.60 2 
 31389.50 5.8225e-16  32575.40 2 
 31482.68 5.6408e-16  32672.10 2 
 31575.96 5.5958e-16  32768.90 2 
 31669.14 5.5438e-16  32865.60 2 
 31762.42 5.7066e-16  32962.40 2 
 31855.69 5.9123e-16  33059.20 2 
 31948.87 6.1071e-16  33155.90 2 
 32042.15 6.7459e-16  33252.70 2 
 32135.42 6.6647e-16  33349.50 2 
 32228.60 6.6821e-16  33446.20 2 
 32321.88 6.9484e-16  33543.00 2 
 32415.06 7.6366e-16  33639.70 2 
 32508.34 8.0136e-16  33736.50 2 
 32601.61 8.8997e-16  33833.30 2 
 32694.79 1.0600e-15  33930.00 2 
 32788.07 1.0817e-15  34026.80 2 
 32881.34 1.0056e-15  34123.60 2 
 32974.52 8.2715e-16  34220.30 2 
 33067.80 8.1387e-16  34317.10 2 
 33160.98 6.8638e-16  34413.80 2 
 33254.26 6.3375e-16  34510.60 2 
 33347.53 6.5009e-16  34607.40 2 
 33440.71 6.9070e-16  34704.10 2 
 33533.98 6.1456e-16  34800.90 2 
 33627.26 5.3968e-16  34897.70 2 
 33720.44 5.7654e-16  34994.40 2 
 33813.72 5.5670e-16  35091.20 2 
 33906.90 5.8267e-16  35187.90 2 
 34000.17 6.0680e-16  35284.70 2 
 34093.45 6.1905e-16  35381.50 2 
 34186.63 5.9923e-16  35478.20 2 
 34279.91 6.1943e-16  35575.00 2 
 34373.18 5.7452e-16  35671.80 2 
 34466.36 5.7288e-16  35768.50 2 
 34559.64 5.6794e-16  35865.30 2 
 34652.82 6.0227e-16  35962.00 2 
 34746.09 5.5300e-16  36058.80 2 
 34839.37 5.7331e-16  36155.60 2 
 34932.55 5.7565e-16  36252.30 2 
 35025.83 5.9268e-16  36349.10 2 
 35119.10 5.5993e-16  36445.90 2 
 35212.28 5.3145e-16  36542.60 2 
 35305.55 5.4602e-16  36639.40 2 
 35398.74 5.8620e-16  36736.10 2 
 35492.01 5.4324e-16  36832.90 2 
 35585.29 5.6116e-16  36929.70 2 
 35678.47 5.3246e-16  37026.40 2 
 35771.74 6.0579e-16  37123.20 2 
 35865.02 5.7550e-16  37220.00 2 
 35958.20 5.6356e-16  37316.70 2 
 36051.48 5.5925e-16  37413.50 2 
 36144.65 5.2588e-16  37510.20 2 
 36237.93 5.7068e-16  37607.00 2 
 36331.21 5.5402e-16  37703.80 2 
 36424.39 5.7702e-16  37800.50 2 
 36517.66 5.7011e-16  37897.30 2 
 36610.94 4.9855e-16  37994.10 2 
 36704.12 5.5493e-16  38090.80 2 
 36797.39 5.1469e-16  38187.60 2 
 36890.57 5.5467e-16  38284.30 2 
 36983.85 5.4756e-16  38381.10 2 
 37077.12 5.2903e-16  38477.90 2 
 37170.31 5.4604e-16  38574.60 2 
 37263.58 5.5527e-16  38671.40 2 
 37356.86 5.4332e-16  38768.20 2 
 37450.04 5.4193e-16  38864.90 2 
 37543.31 5.0964e-16  38961.70 2 
 37636.49 5.7198e-16  39058.40 2 
 37729.77 5.4496e-16  39155.20 2 
 37823.05 5.4935e-16  39252.00 2 
 37916.22 5.3689e-16  39348.70 2 
 38009.50 5.6403e-16  39445.50 2 
 38102.78 5.0445e-16  39542.30 2 
 38195.96 5.5280e-16  39639.00 2 
 38289.23 5.3769e-16  39735.80 2 
 38382.41 5.6248e-16  39832.50 2 
 38475.69 5.2113e-16  39929.30 2 
 38568.97 5.1712e-16  40026.10 2 
 38662.14 5.0897e-16  40122.80 2 
 38755.42 5.8542e-16  40219.60 2 
 38848.70 5.6504e-16  40316.40 2 
 38941.87 5.4450e-16  40413.10 2 
 39035.15 5.4333e-16  40509.90 2 
 39128.33 5.1535e-16  40606.60 2 
 39221.61 5.5135e-16  40703.40 2 
 39314.88 4.9635e-16  40800.20 2 
 39408.07 5.2093e-16  40896.90 2 
 39501.34 5.2177e-16  40993.70 2 
 39594.61 5.0168e-16  41090.50 2 
 39687.79 4.8433e-16  41187.20 2 
 39781.07 5.2278e-16  41284.00 2 
 39874.25 5.0973e-16  41380.70 2 
 39967.53 5.2539e-16  41477.50 2 
 40060.80 5.4856e-16  41574.30 2 
 40153.98 5.6260e-16  41671.00 2 
 40247.26 6.2607e-16  41767.80 2 
 40340.54 6.2225e-16  41864.60 2 
 40433.71 5.9666e-16  41961.30 2 
 40526.99 5.4829e-16  42058.10 2 
 40620.17 5.4197e-16  42154.80 2 
 40713.45 5.6156e-16  42251.60 2 
 40806.72 5.1638e-16  42348.40 2 
 40899.90 5.1431e-16  42445.10 2 
 40993.18 5.1581e-16  42541.90 2 
 41086.45 5.1217e-16  42638.70 2 
 41179.63 5.1778e-16  42735.40 2 
 41272.91 5.1811e-16  42832.20 2 
 41366.09 5.2879e-16  42928.90 2 
 41459.36 5.6878e-16  43025.70 2 
 41552.64 5.7790e-16  43122.50 2 
 41645.82 5.7694e-16  43219.20 2 
 41739.10 5.6400e-16  43316.00 2 
 41832.37 5.2880e-16  43412.80 2 
 41925.55 5.2306e-16  43509.50 2 
 42018.83 4.6924e-16  43606.30 2 
 42112.01 4.6855e-16  43703.00 2 
 42205.29 4.8015e-16  43799.80 2 
 42298.56 4.5741e-16  43896.60 2 
 42391.74 4.2881e-16  43993.30 2 
 42485.01 4.2274e-16  44090.10 2 
 42578.29 4.1763e-16  44186.90 2 
 42671.47 4.5745e-16  44283.60 2 
 42764.75 4.8911e-16  44380.40 2 
 42857.93 5.0794e-16  44477.10 2 
 42951.20 4.9837e-16  44573.90 2 
 43044.48 5.0002e-16  44670.70 2 
 43137.66 5.0941e-16  44767.40 2 
 43230.94 5.0786e-16  44864.20 2 
 43324.21 5.0754e-16  44961.00 2 
 43417.39 5.6076e-16  45057.70 2 
 43510.67 5.1785e-16  45154.50 2 
 43603.85 5.7066e-16  45251.20 2 
 43697.12 4.7824e-16  45348.00 2 
 43790.40 5.7325e-16  45444.80 2 
 43883.58 5.6399e-16  45541.50 2 
 43976.86 5.7125e-16  45638.30 2 
 44070.13 5.2877e-16  45735.10 2 
 44163.31 5.3408e-16  45831.80 2 
 44256.59 5.4337e-16  45928.60 2 
 44349.77 5.4233e-16  46025.30 2 
 44443.04 4.8711e-16  46122.10 2 
 44536.32 5.4863e-16  46218.90 2 
 44629.50 5.4718e-16  46315.60 2 
 44722.78 5.1987e-16  46412.40 2 
 44816.05 5.1471e-16  46509.20 2 
 44909.23 5.4957e-16  46605.90 2 
 45002.50 5.0740e-16  46702.70 2 
 45095.69 5.1318e-16  46799.40 2 
 45188.96 5.1163e-16  46896.20 2 
 45282.24 4.9831e-16  46993.00 2 
 45375.42 4.8385e-16  47089.70 2 
 45468.69 4.8169e-16  47186.50 2 
 45561.97 4.9526e-16  47283.30 2 
 45655.15 4.8680e-16  47380.00 2 
 45748.43 4.3880e-16  47476.80 2 
 45841.60 4.4370e-16  47573.50 2 
 45934.88 4.3764e-16  47670.30 2 
 46028.16 4.6347e-16  47767.10 2 
 46121.33 4.8812e-16  47863.80 2 
 46214.61 5.1235e-16  47960.60 2 
 46307.89 5.0447e-16  48057.40 2 
 46401.07 5.2553e-16  48154.10 2 
 46494.34 5.0945e-16  48250.90 2 
 46587.52 6.0206e-16  48347.60 2 
 46680.80 6.2605e-16  48444.40 2 
 46774.07 6.5441e-16  48541.20 2 
 46867.25 5.6580e-16  48637.90 2 
 46960.53 5.0638e-16  48734.70 2 
 47053.81 4.9683e-16  48831.50 2 
 47146.99 5.1930e-16  48928.20 2 
 47240.26 4.8630e-16  49025.00 2 
 47333.44 5.2496e-16  49121.70 2 
 47426.72 5.3341e-16  49218.50 2 
 47520.00 5.1380e-16  49315.30 2 
 47613.17 5.8571e-16  49412.00 2 
 47707.41 4.6153e-16  49509.80 2 
 48184.49 4.8275e-16  50004.90 0 
 48666.34 5.0417e-16  50504.95 0 
 49153.00 5.2581e-16  51010.00 0 
 49644.53 5.4767e-16  51520.10 0 
 50140.97 5.6974e-16  52035.30 0 
 50273.18 5.7562e-16  52172.50 3 
 50564.57 5.8753e-16  52474.90 3 
 50855.96 5.9207e-16  52777.30 3 
 51147.35 5.9388e-16  53079.70 3 
 51438.75 6.1819e-16  53382.10 3 
 51730.23 6.6441e-16  53684.60 3 
 52021.63 7.1247e-16  53987.00 3 
 52313.01 7.5703e-16  54289.40 3 
 52604.40 7.3296e-16  54591.80 3 
 52895.80 7.2075e-16  54894.20 3 
 53187.28 8.0317e-16  55196.70 3 
 53478.68 7.6746e-16  55499.10 3 
 53770.07 7.0975e-16  55801.50 3 
 54061.46 7.0005e-16  56103.90 3 
 54352.85 7.4689e-16  56406.30 3 
 54644.33 7.5644e-16  56708.80 3 
 54935.73 8.6728e-16  57011.20 3 
 55227.12 8.2020e-16  57313.60 3 
 55518.51 7.7225e-16  57616.00 3 
 55809.90 8.1964e-16  57918.40 3 
 56101.39 8.7458e-16  58220.90 3 
 56392.78 8.5813e-16  58523.30 3 
 56684.17 8.3413e-16  58825.70 3 
 56975.56 7.9965e-16  59128.10 3 
 57266.95 7.5472e-16  59430.50 3 
 57558.44 6.7621e-16  59733.00 3 
 57849.83 6.3223e-16  60035.40 3 
 58141.23 6.0165e-16  60337.80 3 
 58432.62 5.7986e-16  60640.20 3 
 58724.01 5.6558e-16  60942.60 3 
 59015.49 5.5798e-16  61245.10 3 
 59306.89 5.5358e-16  61547.50 3 
 59598.28 5.6958e-16  61849.90 3 
 59889.67 6.0692e-16  62152.30 3 
 60181.06 6.2116e-16  62454.70 3 
 60472.55 6.1597e-16  62757.20 3 
 60763.94 6.4862e-16  63059.60 3 
 61055.33 7.2235e-16  63362.00 3 
 61346.72 8.3549e-16  63664.40 3 
 61638.11 1.0750e-15  63966.80 3 
 61929.60 1.1960e-15  64269.30 3 
 62220.99 1.1658e-15  64571.70 3 
 62512.38 1.0455e-15  64874.10 3 
 62803.77 9.4504e-16  65176.50 3 
 63095.17 8.5861e-16  65478.90 3 
 63386.65 8.0128e-16  65781.40 3 
 63678.04 7.9411e-16  66083.80 3 
 63969.43 7.5143e-16  66386.20 3 
 64260.83 7.4407e-16  66688.60 3 
 64552.22 7.1240e-16  66991.00 3 
 64843.70 7.0501e-16  67293.50 3 
 65135.09 6.8834e-16  67595.90 3 
 65426.49 7.1322e-16  67898.30 3 
 65717.87 7.3052e-16  68200.70 3 
 66009.27 7.5308e-16  68503.10 3 
 66300.76 7.6780e-16  68805.60 3 
 66592.15 7.7478e-16  69108.00 3 
 66883.54 7.5558e-16  69410.40 3 
 67174.94 7.3776e-16  69712.80 3 
 67466.33 6.9590e-16  70015.20 3 
 67757.81 6.4641e-16  70317.70 3 
 68049.20 5.7993e-16  70620.10 3 
 68340.59 5.7077e-16  70922.50 3 
 68631.98 6.1656e-16  71224.90 3 
 68923.37 7.6274e-16  71527.30 3 
 69214.86 7.8221e-16  71829.80 3 
 69506.26 8.1354e-16  72132.20 3 
 69797.65 9.3331e-16  72434.60 3 
 70089.04 8.5065e-16  72737.00 3 
 70380.43 7.9648e-16  73039.40 3 
 70671.91 8.1710e-16  73341.90 3 
 70963.30 8.0981e-16  73644.30 3 
 71254.70 8.0345e-16  73946.70 3 
 71546.09 7.9545e-16  74249.10 3 
 71837.48 7.9630e-16  74551.50 3 
 72128.97 7.9242e-16  74854.00 3 
 72420.36 7.6946e-16  75156.40 3 
 72711.75 7.9529e-16  75458.80 3 
 73003.14 8.5743e-16  75761.20 3 
 73585.92 1.0110e-15  76366.00 3 
 74168.80 1.1840e-15  76970.90 3 
 74751.58 1.3223e-15  77575.70 3 
 75334.37 1.4558e-15  78180.50 3 
 75917.24 1.5831e-15  78785.40 3 
 76500.03 1.6079e-15  79390.20 3 
 77082.91 1.5462e-15  79995.10 3 
 77665.69 1.5076e-15  80599.90 3 
 78248.48 1.4584e-15  81204.70 3 
 78831.35 1.3773e-15  81809.59 3 
 79414.13 1.2773e-15  82414.40 3 
 79996.92 1.1891e-15  83019.20 3 
 80579.79 1.0747e-15  83624.09 3 
 81162.58 9.4402e-16  84228.90 3 
 81745.36 8.8187e-16  84833.70 3 
 82328.24 8.3279e-16  85438.60 3 
 82911.02 7.7929e-16  86043.40 3 
 83493.90 7.2463e-16  86648.30 3 
 84076.68 6.6939e-16  87253.10 3 
 84659.47 6.4295e-16  87857.91 3 
 85242.35 6.1808e-16  88462.80 3 
 85825.13 5.7788e-16  89067.60 3 
 86407.92 5.2071e-16  89672.41 3 
 86990.79 4.4883e-16  90277.30 3 
 87573.57 3.7576e-16  90882.10 3 
 88156.35 3.1216e-16  91486.90 3 
 88739.23 2.6597e-16  92091.80 3 
 89322.02 2.5098e-16  92696.60 3 
 89904.89 2.4327e-16  93301.50 3 
 90487.67 2.0809e-16  93906.30 3 
 91070.46 1.7375e-16  94511.10 3 
 91653.33 1.6707e-16  95115.99 3 
 92236.12 1.5229e-16  95720.80 3 
 92818.90 1.4457e-16  96325.60 3 
 93401.78 1.3633e-16  96930.50 3 
 93984.56 1.2714e-16  97535.30 3 
 94567.34 1.2910e-16  98140.09 3 
 95150.22 1.2087e-16  98745.00 3 
 95733.01 1.2421e-16  99349.80 3 
 96315.89 1.7487e-16  99954.70 3 
 96898.67 1.6353e-16 100559.50 3 
 97481.46 1.1674e-16 101164.30 3 
 98064.33 1.0711e-16 101769.20 3 
 98647.11 1.0597e-16 102374.00 3 
 99229.90 1.0783e-16 102978.80 3 
 99812.77 1.0754e-16 103583.70 3 
100395.56 1.1154e-16 104188.50 3 
100978.34 1.1554e-16 104793.30 3 
101561.21 1.1507e-16 105398.20 3 
102144.00 1.2186e-16 106003.00 3 
102726.88 1.2237e-16 106607.91 3 
103309.66 1.2575e-16 107212.70 3 
103892.44 1.3441e-16 107817.50 3 
104475.33 1.6929e-16 108422.41 3 
105058.11 2.1483e-16 109027.20 3 
105640.89 1.9492e-16 109632.00 3 
106223.76 1.5992e-16 110236.90 3 
106806.55 1.5919e-16 110841.70 3 
107389.34 1.5950e-16 111446.51 3 
107972.21 1.6696e-16 112051.40 3 
108555.00 1.7193e-16 112656.20 3 
109137.87 1.7898e-16 113261.10 3 
109720.65 1.9735e-16 113865.90 3 
110303.44 2.1716e-16 114470.70 3 
110886.32 2.4153e-16 115075.60 3 
111469.10 3.3863e-16 115680.40 3 
112051.88 4.6620e-16 116285.20 3 
112634.75 4.8615e-16 116890.09 3 
113217.54 4.3505e-16 117494.90 3 
113800.32 3.8658e-16 118099.70 3 
114383.20 3.5495e-16 118704.59 3 
114965.98 3.4207e-16 119309.40 3 
115548.87 3.3279e-16 119914.30 3 
116131.65 3.3297e-16 120519.10 3 
116714.43 3.3538e-16 121123.90 3 
117297.31 3.3994e-16 121728.80 3 
117880.09 3.5173e-16 122333.60 3 
118462.88 3.7061e-16 122938.41 3 
119045.75 3.9233e-16 123543.30 3 
119628.54 4.1842e-16 124148.10 3 
120211.32 4.3793e-16 124752.91 3 
120794.19 4.5351e-16 125357.80 3 
121376.98 4.6905e-16 125962.60 3 
121959.86 4.9961e-16 126567.50 3 
122542.64 5.4778e-16 127172.30 3 
123125.42 5.7591e-16 127777.10 3 
123708.30 5.8311e-16 128382.00 3 
124291.08 6.0915e-16 128986.80 3 
124873.87 6.3979e-16 129591.60 3 
125456.75 6.7100e-16 130196.51 3 
126039.52 7.0053e-16 130801.30 3 
126622.30 7.3007e-16 131406.09 3 
127205.19 7.8804e-16 132011.00 3 
127787.97 9.9204e-16 132615.80 3 
128370.75 1.0196e-15 133220.59 3 
128953.63 7.4000e-16 133825.50 3 
129536.41 6.7391e-16 134430.30 3 
130119.30 6.6194e-16 135035.20 3 
130702.08 6.6630e-16 135640.00 3 
131284.86 6.6439e-16 136244.80 3 
131867.74 6.5697e-16 136849.70 3 
132450.52 6.5888e-16 137454.50 3 
133033.30 6.5927e-16 138059.30 3 
133616.18 6.5622e-16 138664.20 3 
134198.96 6.5603e-16 139269.00 3 
134781.74 6.6453e-16 139873.80 3 
135364.63 6.5428e-16 140478.70 3 
135947.41 6.5426e-16 141083.50 3 
136530.29 6.4996e-16 141688.41 3 
137113.07 6.3371e-16 142293.20 3 
137695.85 6.2084e-16 142898.00 3 
138278.74 5.9338e-16 143502.91 3 
138861.52 5.7130e-16 144107.70 3 
139444.29 5.5855e-16 144712.50 3 
140467.24 6.4594e-16 145774.09 3 
141283.23 6.6035e-16 146620.91 3 
142099.20 6.8251e-16 147467.70 3 
142915.17 7.4386e-16 148314.50 3 
143731.04 7.1669e-16 149161.20 3 
144547.01 6.6944e-16 150008.00 3 
145362.98 6.5535e-16 150854.80 3 
146178.86 6.5910e-16 151701.50 3 
146994.83 6.6207e-16 152548.30 3 
147810.80 6.5604e-16 153395.09 3 
148626.68 6.4501e-16 154241.80 3 
149442.65 6.3188e-16 155088.59 3 
150258.64 6.1806e-16 155935.41 3 
151074.51 6.0536e-16 156782.11 3 
151890.48 5.9619e-16 157628.91 3 
152706.45 5.9138e-16 158475.70 3 
153522.32 5.9077e-16 159322.39 3 
154338.30 5.9745e-16 160169.20 3 
155154.27 7.9919e-16 161016.00 3 
155970.24 7.0703e-16 161862.80 3 
156786.12 5.5650e-16 162709.50 3 
157602.10 5.2653e-16 163556.31 3 
158418.06 5.2094e-16 164403.09 3 
159233.95 5.1175e-16 165249.81 3 
160049.91 4.9480e-16 166096.59 3 
160865.88 4.8399e-16 166943.39 3 
161681.77 4.8562e-16 167790.11 3 
162497.73 4.9123e-16 168636.89 3 
163313.71 4.9977e-16 169483.70 3 
164129.58 5.0674e-16 170330.39 3 
164945.56 4.9709e-16 171177.20 3 
165761.53 4.9415e-16 172024.00 3 
166577.39 4.8677e-16 172870.69 3 
167393.38 4.9034e-16 173717.50 3 
168209.35 4.8848e-16 174564.30 3 
169025.32 4.9847e-16 175411.09 3 
169841.20 5.4898e-16 176257.80 3 
170657.18 5.5315e-16 177104.61 3 
171473.14 4.9602e-16 177951.39 3 
172289.03 4.9275e-16 178798.11 3 
173105.00 4.9064e-16 179644.91 3 
173920.97 4.8669e-16 180491.70 3 
174736.85 4.8197e-16 181338.41 3 
175552.80 4.7340e-16 182185.19 3 
176368.79 4.7109e-16 183032.00 3 
177184.67 4.7774e-16 183878.70 3 
178000.64 4.7748e-16 184725.50 3 
178816.61 4.7553e-16 185572.30 3 
179632.47 4.7281e-16 186418.98 3 
180448.45 4.6452e-16 187265.80 3 
181264.44 4.6629e-16 188112.61 3 
182080.41 4.6790e-16 188959.41 3 
182896.27 4.6114e-16 189806.09 3 
183712.26 4.6589e-16 190652.91 3 
184528.21 4.7263e-16 191499.69 3 
185344.11 4.8558e-16 192346.41 3 
186160.08 5.2543e-16 193193.20 3 
186976.05 5.9359e-16 194040.00 3 
187791.92 5.3910e-16 194886.70 3 
188607.91 5.2128e-16 195733.52 3 
189423.86 5.2471e-16 196580.30 3 
190239.74 5.3383e-16 197427.00 3 
191055.71 5.3760e-16 198273.80 3 
191871.68 5.5408e-16 199120.59 3 
192687.58 5.5883e-16 199967.31 3 
193503.53 5.6739e-16 200814.09 3 
194319.51 5.7988e-16 201660.91 3 
195135.48 5.8877e-16 202507.70 3 
195951.35 5.9342e-16 203354.39 3 
196767.33 6.0581e-16 204201.20 3 
198399.18 6.0421e-16 205894.70 3 
200031.12 6.3280e-16 207588.30 3 
201662.98 6.7843e-16 209281.81 3 
203294.82 6.6947e-16 210975.30 3 
204926.76 6.7411e-16 212668.89 3 
206558.61 7.1723e-16 214362.39 3 
208190.56 7.2743e-16 216056.00 3 
209822.41 7.2517e-16 217749.50 3 
211454.26 7.6329e-16 219443.00 3 
213086.21 7.9974e-16 221136.61 3 
214718.06 8.0237e-16 222830.11 3 
216349.89 8.0691e-16 224523.59 3 
217981.83 8.3666e-16 226217.19 3 
219613.70 8.5453e-16 227910.70 3 
221245.64 8.6748e-16 229604.30 3 
222877.49 8.8386e-16 231297.80 3 
224509.33 9.0129e-16 232991.30 3 
226141.29 9.1878e-16 234684.91 3 
227773.14 9.3993e-16 236378.41 3 
229404.99 9.5163e-16 238071.91 3 
231036.91 9.6599e-16 239765.48 3 
232668.77 9.9654e-16 241459.00 3 
234300.71 1.0280e-15 243152.59 3 
235932.56 1.0423e-15 244846.09 3 
237564.41 1.0652e-15 246539.59 3 
239196.36 1.1094e-15 248233.20 3 
240828.21 1.1451e-15 249926.70 3 
242460.06 1.1847e-15 251620.20 3 
244092.02 1.1995e-15 253313.81 3 
245723.86 1.2067e-15 255007.31 3 
247355.79 1.2406e-15 256700.89 3 
248987.64 1.2666e-15 258394.39 3 
250619.49 1.2976e-15 260087.89 3 
252251.44 1.3207e-15 261781.50 3 
253883.29 1.3398e-15 263475.00 3 
255515.14 1.3583e-15 265168.50 3 
257147.08 1.4732e-15 266862.09 3 
258778.93 1.5635e-15 268555.59 3 
260410.87 1.4913e-15 270249.19 3 
262042.71 1.4546e-15 271942.69 3 
263674.59 1.4901e-15 273636.22 3 
265306.53 1.5229e-15 275329.81 3 
266938.35 1.5259e-15 277023.28 3 
268570.20 1.5237e-15 278716.78 3 
270202.17 1.5301e-15 280410.41 3 
271834.02 1.5633e-15 282103.91 3 
273465.96 1.5800e-15 283797.50 3 
275097.80 1.6161e-15 285491.00 3 
276729.65 1.6449e-15 287184.50 3 
278361.59 1.6549e-15 288878.09 3 
279993.44 1.6843e-15 290571.59 3 
281625.29 1.7055e-15 292265.09 3 
283257.23 1.7233e-15 293958.69 3 
284889.08 1.7509e-15 295652.19 3 
286521.02 1.7685e-15 297345.78 3 
288152.90 1.8130e-15 299039.31 3 
289784.74 1.8428e-15 300732.81 3 
291416.68 1.8624e-15 302426.41 3 
293048.53 1.8659e-15 304119.91 3 
294680.38 1.8567e-15 305813.41 3 
296312.32 1.8854e-15 307507.00 3 
297944.17 1.9127e-15 309200.50 3 
299576.11 1.9222e-15 310894.09 3 
301207.96 1.9508e-15 312587.59 3 
302839.81 1.9521e-15 314281.09 3 
304471.74 1.9787e-15 315974.69 3 
306103.62 1.9945e-15 317668.22 3 
307735.47 2.0120e-15 319361.72 3 
309367.41 2.0264e-15 321055.31 3 
310999.23 2.0529e-15 322748.78 3 
312631.20 2.0747e-15 324442.41 3 
314263.05 2.0889e-15 326135.91 3 
315894.90 2.0693e-15 327829.41 3 
317526.84 2.0826e-15 329523.00 3 
319158.68 2.1247e-15 331216.50 3 
320790.53 2.1934e-15 332910.00 3 
322422.50 2.1707e-15 334603.62 3 
324054.35 2.1420e-15 336297.12 3 
325686.26 2.2059e-15 337990.69 3 
327318.11 2.2860e-15 339684.19 3 
328949.99 2.1988e-15 341377.72 3 
330581.90 2.2051e-15 343071.28 3 
332213.75 2.2600e-15 344764.78 3 
333845.59 2.2814e-15 346458.28 3 
335477.56 2.3190e-15 348151.91 3 
337109.38 2.2851e-15 349845.38 3 
