# An Atlas of Galaxy Spectral Energy Distributions from the Ultraviolet to the Mid-Infrared
# Brown et al. (2014)
# http://dx.doi.org/10.5072/03/529D3551F0117
# 
# Column 1 : Restframe Wavelength (Angstrom)
# Column 2 : Flux per unit wavelength (ergs/s/cm^2/Angstrom)
# Column 3 : Observed wavelength (Angstrom)
# Column 4 : Source (0 = model, 1 = Optical Spectrum, 2 = Akari, 3 = Spitzer IRS)
# 
   102.05 1.8394e-30    105.20 0 
   103.95 3.0018e-30    107.15 0 
   105.88 4.9670e-30    109.14 0 
   108.10 8.3513e-30    111.43 0 
   110.11 1.5865e-29    113.50 0 
   113.98 3.7746e-29    117.49 0 
   117.98 8.1895e-29    121.62 0 
   121.01 4.6644e-28    124.74 0 
   124.97 8.9991e-28    128.82 0 
   127.00 1.1992e-27    130.92 0 
   127.88 1.4085e-27    131.83 0 
   130.86 2.0956e-27    134.90 0 
   132.07 2.7423e-27    136.14 0 
   133.91 3.5143e-27    138.04 0 
   137.03 5.9343e-27    141.25 0 
   139.90 8.4514e-27    144.21 0 
   143.16 3.0230e-26    147.57 0 
   147.17 9.4803e-26    151.71 0 
   150.94 1.4101e-25    155.60 0 
   155.17 2.0826e-25    159.96 0 
   159.15 3.0478e-25    164.06 0 
   162.11 3.9768e-25    167.11 0 
   165.89 5.7011e-25    171.00 0 
   170.14 7.8942e-25    175.39 0 
   172.91 1.0090e-24    178.24 0 
   176.93 1.3717e-24    182.39 0 
   179.81 1.7093e-24    185.35 0 
   181.89 1.9747e-24    187.50 0 
   186.13 2.6173e-24    191.87 0 
   190.90 3.6654e-24    196.79 0 
   194.00 4.4940e-24    199.99 0 
   198.07 5.7545e-24    204.17 0 
   202.21 7.3514e-24    208.45 0 
   205.03 8.7889e-24    211.35 0 
   209.80 1.1174e-23    216.27 0 
   216.18 1.6151e-23    222.84 0 
   220.20 2.0026e-23    226.99 0 
   222.75 2.3024e-23    229.61 0 
   226.89 2.8284e-23    233.88 0 
   230.04 4.4265e-23    237.14 0 
   233.78 7.6643e-23    240.99 0 
   239.78 1.1818e-22    247.17 0 
   245.93 1.3759e-22    253.51 0 
   252.24 1.8013e-22    260.02 0 
   256.93 1.7942e-22    264.85 0 
   259.90 2.2772e-22    267.92 0 
   264.13 2.7023e-22    272.27 0 
   269.04 3.1402e-22    277.33 0 
   274.04 3.6156e-22    282.49 0 
   279.13 4.1340e-22    287.74 0 
   284.32 4.7595e-22    293.09 0 
   290.28 5.3164e-22    299.23 0 
   295.67 6.2628e-22    304.79 0 
   301.17 6.9167e-22    310.46 0 
   308.19 8.2563e-22    317.69 0 
   318.28 1.0452e-21    328.10 0 
   327.95 1.2842e-21    338.06 0 
   337.92 1.5419e-21    348.34 0 
   348.19 1.8256e-21    358.92 0 
   357.12 2.1428e-21    368.13 0 
   366.28 2.5440e-21    377.57 0 
   374.81 2.9050e-21    386.37 0 
   385.31 3.2170e-21    397.19 0 
   395.20 3.8712e-21    407.38 0 
   405.33 4.5207e-21    417.83 0 
   413.82 5.0214e-21    426.58 0 
   421.51 5.4271e-21    434.51 0 
   430.34 5.8902e-21    443.61 0 
   441.38 6.7815e-21    454.99 0 
   450.62 7.4956e-21    464.52 0 
   460.06 8.0585e-21    474.24 0 
   469.69 8.9057e-21    484.17 0 
   479.53 1.0001e-20    494.31 0 
   489.57 1.0725e-20    504.66 0 
   499.82 1.2209e-20    515.23 0 
   505.61 1.5985e-20    521.19 0 
   511.46 5.1255e-20    527.23 0 
   519.77 5.8257e-20    535.80 0 
   529.43 6.7567e-20    545.76 0 
   540.52 7.0125e-20    557.19 0 
   550.57 1.1673e-19    567.54 0 
   559.52 1.5299e-19    576.77 0 
   569.92 1.9051e-19    587.49 0 
   580.51 1.9325e-19    598.41 0 
   589.95 2.6947e-19    608.13 0 
   599.53 3.0681e-19    618.02 0 
   610.68 3.9992e-19    629.51 0 
   620.60 4.8559e-19    639.73 0 
   630.68 5.7086e-19    650.13 0 
   639.46 6.0537e-19    659.17 0 
   649.85 7.5028e-19    669.88 0 
   657.37 8.5886e-19    677.64 0 
   664.99 9.4102e-19    685.49 0 
   674.24 9.9309e-19    695.02 0 
   685.19 1.0401e-18    706.32 0 
   694.72 1.4636e-18    716.14 0 
   704.39 1.4713e-18    726.11 0 
   715.83 1.8694e-18    737.90 0 
   725.79 2.0462e-18    748.17 0 
   734.20 2.2205e-18    756.83 0 
   744.41 2.6708e-18    767.36 0 
   754.77 2.9978e-18    778.04 0 
   765.27 3.3414e-18    788.86 0 
   774.13 3.8136e-18    797.99 0 
   784.90 4.2994e-18    809.10 0 
   795.82 4.6606e-18    820.35 0 
   805.03 5.0557e-18    829.85 0 
   814.35 5.4337e-18    839.46 0 
   825.68 6.2379e-18    851.14 0 
   835.24 5.2035e-18    860.99 0 
   844.91 7.0231e-18    870.96 0 
   854.70 7.4772e-18    881.05 0 
   864.59 8.3545e-18    891.25 0 
   874.61 9.2913e-18    901.57 0 
   884.73 1.0525e-17    912.01 0 
   894.98 1.1463e-17    922.57 0 
   905.34 1.1705e-17    933.25 0 
   915.82 1.9653e-17    944.06 0 
   924.30 1.5554e-16    952.80 0 
   935.00 3.5878e-16    963.83 0 
   945.83 7.1911e-16    974.99 0 
   954.58 1.0694e-15    984.01 0 
   965.63 1.2080e-15    995.41 0 
   974.57 1.7757e-16   1004.62 0 
   985.85 1.0121e-15   1016.25 0 
   994.98 1.1389e-15   1025.65 0 
  1004.18 1.7853e-15   1035.14 0 
  1015.81 1.7720e-15   1047.13 0 
  1025.21 7.6499e-16   1056.82 0 
  1034.70 1.2326e-15   1066.60 0 
  1044.27 2.5584e-15   1076.47 0 
  1053.93 2.5591e-15   1086.43 0 
  1066.14 1.9893e-15   1099.01 0 
  1076.00 2.4704e-15   1109.18 0 
  1085.96 1.9223e-15   1119.44 0 
  1096.00 2.7029e-15   1129.80 0 
  1106.15 2.6414e-15   1140.25 0 
  1113.81 2.5486e-15   1148.15 0 
  1124.12 2.3081e-15   1158.78 0 
  1134.52 3.0916e-15   1169.50 0 
  1145.02 2.8189e-15   1180.32 0 
  1155.61 3.0828e-15   1191.24 0 
  1166.31 3.2344e-15   1202.26 0 
  1174.39 2.1987e-15   1210.60 0 
  1185.26 3.2281e-15   1221.80 0 
  1196.22 2.1317e-15   1233.11 0 
  1204.52 1.4860e-15   1241.65 0 
  1215.66 1.0538e-15   1253.14 0 
  1224.09 2.2699e-15   1261.83 0 
  1235.41 3.6280e-15   1273.50 0 
  1243.98 4.0635e-15   1282.33 0 
  1255.49 3.8860e-15   1294.20 0 
  1264.19 3.3089e-15   1303.17 0 
  1275.89 4.4591e-15   1315.22 0 
  1284.73 4.7466e-15   1324.34 0 
  1293.64 3.6434e-15   1333.52 0 
  1305.61 3.6474e-15   1345.86 0 
  1314.66 4.7431e-15   1355.19 0 
  1323.77 4.5616e-15   1364.58 0 
  1336.02 3.9857e-15   1377.21 0 
  1345.28 4.9376e-15   1386.76 0 
  1354.60 4.8141e-15   1396.37 0 
  1363.99 4.2706e-15   1406.05 0 
  1373.45 4.5649e-15   1415.79 0 
  1386.16 4.6631e-15   1428.89 0 
  1395.77 4.0604e-15   1438.80 0 
  1405.44 4.2703e-15   1448.77 0 
  1415.18 4.3784e-15   1458.81 0 
  1424.99 4.5619e-15   1468.93 0 
  1434.87 4.5599e-15   1479.11 0 
  1441.49 4.8695e-15   1485.94 0 
  1448.15 4.9660e-15   1492.79 0 
  1454.83 4.8363e-15   1499.69 0 
  1464.92 4.4489e-15   1510.08 0 
  1475.07 4.4768e-15   1520.55 0 
  1485.29 4.5990e-15   1531.09 0 
  1495.59 4.7242e-15   1541.70 0 
  1505.96 4.4460e-15   1552.39 0 
  1512.91 3.9299e-15   1559.55 0 
  1516.40 4.2617e-15   1563.15 0 
  1523.40 4.1398e-15   1570.36 0 
  1533.95 3.5691e-15   1581.25 0 
  1544.59 3.9820e-15   1592.21 0 
  1555.29 3.7811e-15   1603.25 0 
  1566.07 3.8735e-15   1614.36 0 
  1573.30 4.1535e-15   1621.81 0 
  1584.21 4.4041e-15   1633.05 0 
  1595.19 4.4903e-15   1644.37 0 
  1606.25 4.4428e-15   1655.77 0 
  1613.66 4.5175e-15   1663.41 0 
  1624.85 4.2779e-15   1674.94 0 
  1636.11 4.5870e-15   1686.55 0 
  1643.66 4.6743e-15   1694.34 0 
  1655.06 4.3348e-15   1706.08 0 
  1666.53 4.7554e-15   1717.91 0 
  1670.37 4.2683e-15   1721.87 0 
  1678.08 4.7465e-15   1729.82 0 
  1685.83 4.9943e-15   1737.80 0 
  1693.61 4.7160e-15   1745.82 0 
  1705.35 4.5152e-15   1757.92 0 
  1713.22 4.2338e-15   1766.04 0 
  1725.09 4.2245e-15   1778.28 0 
  1733.06 4.5372e-15   1786.49 0 
  1745.07 4.4339e-15   1798.87 0 
  1753.12 4.7507e-15   1807.17 0 
  1765.28 4.3620e-15   1819.70 0 
  1773.42 4.4526e-15   1828.10 0 
  1785.72 4.5654e-15   1840.77 0 
  1793.96 4.8794e-15   1849.27 0 
  1806.39 4.8659e-15   1862.09 0 
  1814.73 4.4362e-15   1870.68 0 
  1823.11 4.5903e-15   1879.32 0 
  1835.75 4.4009e-15   1892.34 0 
  1844.22 4.0394e-15   1901.08 0 
  1857.00 3.9990e-15   1914.26 0 
  1865.57 4.1275e-15   1923.09 0 
  1874.19 4.5646e-15   1931.97 0 
  1882.84 4.1504e-15   1940.89 0 
  1895.89 3.9318e-15   1954.34 0 
  1904.64 4.2485e-15   1963.36 0 
  1913.43 4.0444e-15   1972.42 0 
  1926.69 3.9651e-15   1986.10 0 
  1935.59 4.1766e-15   1995.26 0 
  1944.52 4.2891e-15   2004.47 0 
  1953.50 3.9801e-15   2013.72 0 
  1967.04 4.3968e-15   2027.68 0 
  1976.12 4.5457e-15   2037.04 0 
  1985.24 4.2565e-15   2046.45 0 
  1994.40 4.1350e-15   2055.89 0 
  2003.61 4.3040e-15   2065.38 0 
  2012.85 4.1328e-15   2074.91 0 
  2026.81 4.3778e-15   2089.30 0 
  2036.16 4.0698e-15   2098.94 0 
  2045.56 4.2253e-15   2108.63 0 
  2055.00 4.0469e-15   2118.36 0 
  2064.49 4.0771e-15   2128.14 0 
  2074.02 4.3407e-15   2137.96 0 
  2078.80 4.0379e-15   2142.89 0 
  2083.59 4.2242e-15   2147.83 0 
  2093.21 3.9801e-15   2157.74 0 
  2102.87 4.0460e-15   2167.70 0 
  2112.58 4.0750e-15   2177.71 0 
  2127.22 4.1278e-15   2192.81 0 
  2137.04 3.8614e-15   2202.93 0 
  2146.90 3.8971e-15   2213.09 0 
  2156.81 4.0617e-15   2223.31 0 
  2166.77 3.9504e-15   2233.57 0 
  2176.77 3.9043e-15   2243.88 0 
  2186.82 3.7881e-15   2254.24 0 
  2196.91 3.9560e-15   2264.64 0 
  2207.05 3.8465e-15   2275.10 0 
  2217.24 3.6884e-15   2285.60 0 
  2227.47 3.5365e-15   2296.15 0 
  2232.61 3.7488e-15   2301.44 0 
  2242.91 3.5830e-15   2312.07 0 
  2253.27 3.4689e-15   2322.74 0 
  2263.67 3.5821e-15   2333.46 0 
  2274.12 3.6735e-15   2344.23 0 
  2284.61 3.7585e-15   2355.05 0 
  2295.16 3.5806e-15   2365.92 0 
  2305.75 3.5719e-15   2376.84 0 
  2316.39 3.4264e-15   2387.81 0 
  2327.09 2.7213e-15   2398.83 0 
  2332.45 3.2639e-15   2404.36 0 
  2343.22 3.2336e-15   2415.46 0 
  2354.03 3.4089e-15   2426.61 0 
  2364.90 3.2252e-15   2437.81 0 
  2375.81 3.2922e-15   2449.06 0 
  2386.78 3.1436e-15   2460.37 0 
  2392.28 3.3449e-15   2466.04 0 
  2403.33 3.2086e-15   2477.42 0 
  2414.42 3.2904e-15   2488.86 0 
  2425.56 3.4134e-15   2500.35 0 
  2436.76 3.2818e-15   2511.89 0 
  2442.38 3.4680e-15   2517.68 0 
  2453.65 3.4120e-15   2529.30 0 
  2464.98 3.4193e-15   2540.97 0 
  2476.35 3.3179e-15   2552.70 0 
  2487.78 3.4657e-15   2564.48 0 
  2493.52 3.2566e-15   2570.40 0 
  2505.03 3.5537e-15   2582.26 0 
  2510.80 3.2934e-15   2588.21 0 
  2516.59 3.4404e-15   2594.18 0 
  2522.39 3.2853e-15   2600.16 0 
  2534.03 3.3151e-15   2612.16 0 
  2545.73 3.2465e-15   2624.22 0 
  2557.48 3.4146e-15   2636.33 0 
  2563.38 3.3830e-15   2642.41 0 
  2575.21 3.5500e-15   2654.61 0 
  2587.10 3.5330e-15   2666.86 0 
  2593.06 3.5245e-15   2673.01 0 
  2605.03 3.4278e-15   2685.34 0 
  2617.05 3.4193e-15   2697.74 0 
  2623.09 3.4986e-15   2703.96 0 
  2635.19 3.5303e-15   2716.44 0 
  2647.36 3.7130e-15   2728.98 0 
  2653.46 3.7041e-15   2735.27 0 
  2665.71 3.5124e-15   2747.89 0 
  2678.01 3.6351e-15   2760.58 0 
  2684.19 3.6097e-15   2766.94 0 
  2696.58 3.5187e-15   2779.71 0 
  2702.79 3.5673e-15   2786.12 0 
  2715.27 3.4854e-15   2798.98 0 
  2727.80 3.5007e-15   2811.90 0 
  2734.09 3.6401e-15   2818.38 0 
  2746.71 3.3344e-15   2831.39 0 
  2753.04 3.3572e-15   2837.92 0 
  2765.75 3.4346e-15   2851.02 0 
  2772.12 3.5549e-15   2857.59 0 
  2784.92 3.5216e-15   2870.78 0 
  2797.77 3.0594e-15   2884.03 0 
  2804.22 3.2478e-15   2890.68 0 
  2817.17 3.5850e-15   2904.02 0 
  2823.66 3.6095e-15   2910.72 0 
  2836.69 3.4621e-15   2924.15 0 
  2843.23 3.4300e-15   2930.89 0 
  2856.36 3.4371e-15   2944.42 0 
  2862.94 3.5657e-15   2951.21 0 
  2876.16 3.5159e-15   2964.83 0 
  2882.79 3.5399e-15   2971.67 0 
  2896.09 3.4985e-15   2985.38 0 
  2909.46 3.6373e-15   2999.16 0 
  2929.63 3.5778e-15   3019.95 0 
  2949.94 3.5436e-15   3040.89 0 
  2970.38 3.5668e-15   3061.96 0 
  2990.97 3.5654e-15   3083.19 0 
  3011.71 3.5887e-15   3104.56 0 
  3032.58 3.5956e-15   3126.08 0 
  3046.58 3.5698e-15   3140.51 0 
  3067.70 3.5520e-15   3162.28 0 
  3088.96 3.5587e-15   3184.20 0 
  3110.37 3.5245e-15   3206.27 0 
  3131.93 3.5068e-15   3228.49 0 
  3146.39 3.5139e-15   3243.40 0 
  3168.20 3.4881e-15   3265.88 0 
  3190.16 3.3993e-15   3288.52 0 
  3212.27 3.4530e-15   3311.31 0 
  3227.10 3.4124e-15   3326.60 0 
  3249.47 3.4344e-15   3349.66 0 
  3272.00 3.4407e-15   3372.87 0 
  3287.10 3.4316e-15   3388.44 0 
  3309.88 3.4299e-15   3411.93 0 
  3325.16 3.4845e-15   3427.68 0 
  3332.83 3.4599e-15   3435.58 0 
  3340.51 3.3342e-15   3443.50 0 
  3348.21 3.4587e-15   3451.44 0 
  3355.93 3.3484e-15   3459.39 0 
  3363.66 3.3402e-15   3467.37 0 
  3371.42 3.2486e-15   3475.36 0 
  3379.19 3.3777e-15   3483.37 0 
  3386.98 3.4877e-15   3491.40 0 
  3394.79 3.4551e-15   3499.45 0 
  3402.61 3.4071e-15   3507.52 0 
  3410.46 3.2985e-15   3515.60 0 
  3418.32 3.3903e-15   3523.71 0 
  3426.20 3.4368e-15   3531.83 0 
  3434.10 3.4283e-15   3539.97 0 
  3442.01 3.3806e-15   3548.13 0 
  3449.95 3.3722e-15   3556.31 0 
  3457.90 3.2715e-15   3564.51 0 
  3465.87 3.2769e-15   3572.73 0 
  3473.86 3.3357e-15   3580.96 0 
  3481.87 3.3029e-15   3589.22 0 
  3489.90 3.3699e-15   3597.49 0 
  3497.94 3.3522e-15   3605.79 0 
  3506.01 3.2888e-15   3614.10 0 
  3514.09 3.2640e-15   3622.43 0 
  3522.19 3.3301e-15   3630.78 0 
  3530.31 3.3050e-15   3639.15 0 
  3538.45 3.3410e-15   3647.54 0 
  3546.60 3.3619e-15   3655.95 0 
  3554.78 3.3829e-15   3664.37 0 
  3562.97 3.3807e-15   3672.82 0 
  3568.73 2.3917e-15   3678.76 1 
  3571.40 1.9716e-15   3681.51 1 
  3574.07 3.2022e-15   3684.26 1 
  3576.74 4.7550e-15   3687.01 1 
  3579.40 3.2578e-15   3689.76 1 
  3582.07 8.2295e-16   3692.51 1 
  3584.74 3.6781e-17   3695.26 1 
  3587.41 2.0677e-15   3698.01 1 
  3590.07 1.8604e-15   3700.76 1 
  3592.74 5.9264e-15   3703.51 1 
  3595.41 5.9176e-15   3706.26 1 
  3598.08 3.9876e-15   3709.01 1 
  3600.75 1.1767e-15   3711.76 1 
  3603.41 7.0915e-16   3714.51 1 
  3606.08 1.9259e-15   3717.26 1 
  3608.75 2.7547e-15   3720.01 1 
  3611.42 4.8346e-15   3722.76 1 
  3614.08 9.1356e-16   3725.51 1 
  3616.75 1.5861e-15   3728.26 1 
  3619.42 9.3102e-16   3731.01 1 
  3622.09 1.6115e-15   3733.76 1 
  3624.76 2.3426e-15   3736.51 1 
  3627.42 4.7698e-16   3739.26 1 
  3630.09 2.8470e-15   3742.01 1 
  3632.76 1.2118e-15   3744.76 1 
  3635.43 1.8691e-16   3747.51 1 
  3638.09 9.8222e-16   3750.26 1 
  3640.76 3.8632e-15   3753.01 1 
  3643.43 5.8862e-15   3755.76 1 
  3646.10 2.7529e-15   3758.51 1 
  3648.76 1.7114e-15   3761.26 1 
  3651.43 1.2269e-15   3764.01 1 
  3654.10 2.9427e-15   3766.76 1 
  3656.77 4.8219e-15   3769.51 1 
  3659.44 4.1112e-15   3772.26 1 
  3662.10 3.4025e-15   3775.01 1 
  3664.77 1.4149e-15   3777.76 1 
  3667.44 5.2919e-15   3780.51 1 
  3670.11 4.7566e-15   3783.26 1 
  3672.77 2.5105e-15   3786.01 1 
  3675.44 3.5431e-15   3788.76 1 
  3678.11 4.7077e-15   3791.51 1 
  3680.78 5.1999e-15   3794.26 1 
  3683.45 1.2645e-15   3797.01 1 
  3686.11 3.4120e-15   3799.76 1 
  3688.78 2.8018e-15   3802.51 1 
  3691.45 2.1158e-15   3805.26 1 
  3694.12 3.7443e-15   3808.01 1 
  3696.78 4.6619e-15   3810.76 1 
  3699.45 1.9584e-15   3813.51 1 
  3702.12 2.7624e-15   3816.26 1 
  3704.79 2.4579e-15   3819.01 1 
  3707.46 2.2663e-15   3821.76 1 
  3710.12 2.8724e-15   3824.51 1 
  3712.79 3.7725e-15   3827.26 1 
  3715.46 4.4609e-15   3830.01 1 
  3718.13 2.0701e-15   3832.76 1 
  3720.79 3.6358e-15   3835.51 1 
  3723.46 5.8640e-15   3838.26 1 
  3726.13 6.6167e-15   3841.01 1 
  3728.80 9.6825e-15   3843.76 1 
  3731.47 8.4448e-15   3846.51 1 
  3734.13 7.2564e-15   3849.26 1 
  3736.80 4.1660e-15   3852.01 1 
  3739.47 3.0148e-15   3854.76 1 
  3742.14 3.2964e-15   3857.51 1 
  3744.80 3.5077e-15   3860.26 1 
  3747.47 4.6028e-15   3863.01 1 
  3750.14 4.5707e-15   3865.76 1 
  3752.81 3.3953e-15   3868.51 1 
  3755.47 2.5764e-15   3871.26 1 
  3758.14 4.4059e-15   3874.01 1 
  3760.81 4.8670e-15   3876.76 1 
  3763.48 4.2728e-15   3879.51 1 
  3766.15 4.5196e-15   3882.26 1 
  3768.81 3.1082e-15   3885.01 1 
  3771.48 2.1303e-15   3887.76 1 
  3774.15 3.6110e-15   3890.51 1 
  3776.82 4.4052e-15   3893.26 1 
  3779.48 3.0150e-15   3896.01 1 
  3782.15 4.1986e-15   3898.76 1 
  3784.82 4.8777e-15   3901.51 1 
  3787.49 4.1252e-15   3904.26 1 
  3790.16 3.3582e-15   3907.01 1 
  3792.82 9.8454e-16   3909.76 1 
  3795.49 3.3828e-15   3912.51 1 
  3798.16 5.0233e-15   3915.26 1 
  3800.83 2.4713e-15   3918.01 1 
  3803.49 1.8946e-15   3920.76 1 
  3806.16 4.3464e-15   3923.51 1 
  3808.83 4.8468e-15   3926.26 1 
  3811.50 5.1303e-15   3929.01 1 
  3814.17 5.3684e-15   3931.76 1 
  3816.83 4.5330e-15   3934.51 1 
  3819.50 5.2168e-15   3937.26 1 
  3822.17 5.8720e-15   3940.01 1 
  3824.84 2.5751e-15   3942.76 1 
  3827.50 3.5810e-15   3945.51 1 
  3830.17 3.4042e-15   3948.26 1 
  3832.84 3.9805e-15   3951.01 1 
  3835.51 3.1750e-15   3953.76 1 
  3838.18 2.8130e-15   3956.51 1 
  3840.84 4.0576e-15   3959.26 1 
  3843.51 4.9148e-15   3962.01 1 
  3846.18 1.8497e-15   3964.76 1 
  3848.85 3.5588e-15   3967.51 1 
  3851.51 5.5375e-15   3970.26 1 
  3854.18 6.3133e-15   3973.01 1 
  3856.85 5.2462e-15   3975.76 1 
  3859.52 3.7867e-15   3978.51 1 
  3862.18 5.0768e-15   3981.26 1 
  3864.85 4.1812e-15   3984.01 1 
  3867.52 6.3144e-15   3986.76 1 
  3870.19 6.0420e-15   3989.51 1 
  3872.86 5.6695e-15   3992.26 1 
  3875.52 5.8337e-15   3995.01 1 
  3878.19 3.9613e-15   3997.76 1 
  3880.86 5.8785e-15   4000.51 1 
  3883.53 5.3809e-15   4003.26 1 
  3886.19 5.4100e-15   4006.01 1 
  3888.86 3.6496e-15   4008.76 1 
  3891.53 1.5646e-15   4011.51 1 
  3894.20 1.3641e-15   4014.26 1 
  3896.87 5.3924e-15   4017.01 1 
  3899.53 4.6736e-15   4019.76 1 
  3902.20 5.0580e-15   4022.51 1 
  3904.87 2.3795e-15   4025.26 1 
  3907.54 4.1704e-15   4028.01 1 
  3910.20 4.4813e-15   4030.76 1 
  3912.87 6.5949e-15   4033.51 1 
  3915.54 5.8727e-15   4036.26 1 
  3918.21 5.6597e-15   4039.01 1 
  3920.88 5.3210e-15   4041.76 1 
  3923.54 4.8529e-15   4044.51 1 
  3926.21 6.0796e-15   4047.26 1 
  3928.88 6.7240e-15   4050.01 1 
  3931.55 3.4642e-15   4052.76 1 
  3934.21 2.3404e-15   4055.51 1 
  3936.88 5.3771e-15   4058.26 1 
  3939.55 2.6159e-15   4061.01 1 
  3942.22 3.5011e-15   4063.76 1 
  3944.89 4.0011e-15   4066.51 1 
  3947.55 3.8644e-15   4069.26 1 
  3950.22 6.0086e-15   4072.01 1 
  3952.89 5.4858e-15   4074.76 1 
  3955.56 5.8519e-15   4077.51 1 
  3958.22 4.0831e-15   4080.26 1 
  3960.89 5.8162e-15   4083.01 1 
  3963.56 5.6728e-15   4085.76 1 
  3966.23 3.8968e-15   4088.51 1 
  3968.90 4.3556e-15   4091.26 1 
  3971.56 2.1444e-15   4094.01 1 
  3974.23 3.2188e-15   4096.76 1 
  3976.90 3.3089e-15   4099.51 1 
  3979.57 2.8019e-15   4102.26 1 
  3982.23 5.4555e-15   4105.01 1 
  3984.90 5.1796e-15   4107.76 1 
  3987.57 4.0272e-15   4110.51 1 
  3990.24 4.4818e-15   4113.26 1 
  3992.90 5.8300e-15   4116.01 1 
  3995.57 5.4459e-15   4118.76 1 
  3998.24 8.5615e-15   4121.51 1 
  4000.91 5.1408e-15   4124.26 1 
  4003.58 4.9329e-15   4127.01 1 
  4006.24 4.9480e-15   4129.76 1 
  4008.91 5.5362e-15   4132.51 1 
  4011.58 4.9502e-15   4135.26 1 
  4014.25 6.9464e-15   4138.01 1 
  4016.91 6.4307e-15   4140.76 1 
  4019.58 5.3820e-15   4143.51 1 
  4022.25 6.5361e-15   4146.26 1 
  4024.92 6.8594e-15   4149.01 1 
  4027.59 5.4428e-15   4151.76 1 
  4030.25 4.7065e-15   4154.51 1 
  4032.92 5.1772e-15   4157.26 1 
  4035.59 6.5325e-15   4160.01 1 
  4038.26 5.5938e-15   4162.76 1 
  4040.92 5.4173e-15   4165.51 1 
  4043.59 6.2460e-15   4168.26 1 
  4046.26 5.8198e-15   4171.01 1 
  4048.93 5.5254e-15   4173.76 1 
  4051.60 5.2206e-15   4176.51 1 
  4054.26 3.4817e-15   4179.26 1 
  4056.93 3.9201e-15   4182.01 1 
  4059.60 5.8379e-15   4184.76 1 
  4062.27 6.0969e-15   4187.51 1 
  4064.93 6.2279e-15   4190.26 1 
  4067.60 7.6546e-15   4193.01 1 
  4070.27 5.1068e-15   4195.76 1 
  4072.94 4.5615e-15   4198.51 1 
  4075.60 4.0568e-15   4201.26 1 
  4078.27 5.6295e-15   4204.01 1 
  4080.94 6.3930e-15   4206.76 1 
  4083.61 5.2173e-15   4209.51 1 
  4086.28 5.1085e-15   4212.26 1 
  4088.94 6.2167e-15   4215.01 1 
  4091.61 5.1774e-15   4217.76 1 
  4094.28 5.1470e-15   4220.51 1 
  4096.95 5.5730e-15   4223.26 1 
  4099.61 5.4620e-15   4226.01 1 
  4102.28 4.8005e-15   4228.76 1 
  4104.95 4.3750e-15   4231.51 1 
  4107.62 3.6969e-15   4234.26 1 
  4110.29 3.4055e-15   4237.01 1 
  4112.95 4.4138e-15   4239.76 1 
  4115.62 4.6036e-15   4242.51 1 
  4118.29 5.4724e-15   4245.26 1 
  4120.96 6.4379e-15   4248.01 1 
  4123.62 6.1783e-15   4250.76 1 
  4126.29 4.8263e-15   4253.51 1 
  4128.96 4.9148e-15   4256.26 1 
  4131.63 5.0521e-15   4259.01 1 
  4134.30 6.3017e-15   4261.76 1 
  4136.96 6.1725e-15   4264.51 1 
  4139.63 5.5960e-15   4267.26 1 
  4142.30 4.1170e-15   4270.01 1 
  4144.97 5.4968e-15   4272.76 1 
  4147.63 5.1124e-15   4275.51 1 
  4150.30 5.8332e-15   4278.26 1 
  4152.97 6.4821e-15   4281.01 1 
  4155.64 5.8896e-15   4283.76 1 
  4158.31 5.1690e-15   4286.51 1 
  4160.97 4.7079e-15   4289.26 1 
  4163.64 5.2363e-15   4292.01 1 
  4166.31 5.8920e-15   4294.76 1 
  4168.98 5.7280e-15   4297.51 1 
  4171.64 4.4467e-15   4300.26 1 
  4174.31 4.4139e-15   4303.01 1 
  4176.98 4.5674e-15   4305.76 1 
  4179.65 5.0539e-15   4308.51 1 
  4182.31 5.2866e-15   4311.26 1 
  4184.98 6.4330e-15   4314.01 1 
  4187.65 5.8747e-15   4316.76 1 
  4190.32 4.4956e-15   4319.51 1 
  4192.99 4.2307e-15   4322.26 1 
  4195.65 4.5792e-15   4325.01 1 
  4198.32 4.9573e-15   4327.76 1 
  4200.99 5.6798e-15   4330.51 1 
  4203.66 5.6977e-15   4333.26 1 
  4206.32 5.2782e-15   4336.01 1 
  4208.99 5.5685e-15   4338.76 1 
  4211.66 5.5831e-15   4341.51 1 
  4214.33 5.6929e-15   4344.26 1 
  4217.00 6.0412e-15   4347.01 1 
  4219.66 5.4549e-15   4349.76 1 
  4222.33 5.0591e-15   4352.51 1 
  4225.00 5.2901e-15   4355.26 1 
  4227.67 5.9861e-15   4358.01 1 
  4230.33 5.3574e-15   4360.76 1 
  4233.00 4.6189e-15   4363.51 1 
  4235.67 4.9764e-15   4366.26 1 
  4238.34 5.2813e-15   4369.01 1 
  4241.01 5.3327e-15   4371.76 1 
  4243.67 5.1000e-15   4374.51 1 
  4246.34 5.2334e-15   4377.26 1 
  4249.01 3.5700e-15   4380.01 1 
  4251.68 4.3417e-15   4382.76 1 
  4254.34 4.4219e-15   4385.51 1 
  4257.01 5.8041e-15   4388.26 1 
  4259.68 4.6787e-15   4391.01 1 
  4262.35 5.6609e-15   4393.76 1 
  4265.02 5.8679e-15   4396.51 1 
  4267.68 7.0835e-15   4399.26 1 
  4270.35 5.4676e-15   4402.01 1 
  4273.02 5.6455e-15   4404.76 1 
  4275.69 5.3689e-15   4407.51 1 
  4278.35 4.6986e-15   4410.26 1 
  4281.02 4.8556e-15   4413.01 1 
  4283.69 4.0074e-15   4415.76 1 
  4286.36 4.9984e-15   4418.51 1 
  4289.02 6.0887e-15   4421.26 1 
  4291.69 4.1336e-15   4424.01 1 
  4294.36 4.7718e-15   4426.76 1 
  4297.03 4.6923e-15   4429.51 1 
  4299.70 5.1608e-15   4432.26 1 
  4302.36 4.8661e-15   4435.01 1 
  4305.03 5.3659e-15   4437.76 1 
  4307.70 4.1010e-15   4440.51 1 
  4310.37 3.9096e-15   4443.26 1 
  4313.03 4.2685e-15   4446.01 1 
  4315.70 4.9472e-15   4448.76 1 
  4318.37 5.5079e-15   4451.51 1 
  4321.04 5.4086e-15   4454.26 1 
  4323.71 4.9724e-15   4457.01 1 
  4326.37 4.7866e-15   4459.76 1 
  4329.04 4.9894e-15   4462.51 1 
  4331.71 4.5182e-15   4465.26 1 
  4334.38 4.5767e-15   4468.01 1 
  4337.04 4.0264e-15   4470.76 1 
  4339.71 4.5006e-15   4473.51 1 
  4342.38 5.1035e-15   4476.26 1 
  4345.05 4.3613e-15   4479.01 1 
  4347.72 3.9229e-15   4481.76 1 
  4350.38 3.5203e-15   4484.51 1 
  4353.05 6.1384e-15   4487.26 1 
  4355.72 4.8565e-15   4490.01 1 
  4358.39 5.7145e-15   4492.76 1 
  4361.05 6.8121e-15   4495.51 1 
  4363.72 5.6252e-15   4498.26 1 
  4366.39 4.4425e-15   4501.01 1 
  4369.06 3.7618e-15   4503.76 1 
  4371.73 4.6930e-15   4506.51 1 
  4374.39 5.4402e-15   4509.26 1 
  4377.06 5.5125e-15   4512.01 1 
  4379.73 5.6566e-15   4514.76 1 
  4382.40 4.0006e-15   4517.51 1 
  4385.06 5.4436e-15   4520.26 1 
  4387.73 4.6188e-15   4523.01 1 
  4390.40 4.5890e-15   4525.76 1 
  4393.07 4.4918e-15   4528.51 1 
  4395.73 4.7602e-15   4531.26 1 
  4398.40 5.9969e-15   4534.01 1 
  4401.07 5.8394e-15   4536.76 1 
  4403.74 5.0436e-15   4539.51 1 
  4406.41 4.1853e-15   4542.26 1 
  4409.07 6.9330e-15   4545.01 1 
  4411.74 5.7556e-15   4547.76 1 
  4414.41 4.9450e-15   4550.51 1 
  4417.08 4.7590e-15   4553.26 1 
  4419.74 5.8322e-15   4556.01 1 
  4422.41 6.8023e-15   4558.76 1 
  4425.08 5.5209e-15   4561.51 1 
  4427.75 5.0169e-15   4564.26 1 
  4430.42 6.4240e-15   4567.01 1 
  4433.08 4.0600e-15   4569.76 1 
  4435.75 5.0870e-15   4572.51 1 
  4438.42 5.0387e-15   4575.26 1 
  4441.09 5.2071e-15   4578.01 1 
  4443.75 6.3362e-15   4580.76 1 
  4446.42 4.1012e-15   4583.51 1 
  4449.09 6.2444e-15   4586.26 1 
  4451.76 4.3739e-15   4589.01 1 
  4454.43 4.5950e-15   4591.76 1 
  4457.09 5.4861e-15   4594.51 1 
  4459.76 5.5760e-15   4597.26 1 
  4462.43 5.0233e-15   4600.01 1 
  4465.10 5.7570e-15   4602.76 1 
  4467.76 5.4180e-15   4605.51 1 
  4470.43 5.0623e-15   4608.26 1 
  4473.10 4.3556e-15   4611.01 1 
  4475.77 4.9210e-15   4613.76 1 
  4478.44 2.7700e-15   4616.51 1 
  4481.10 6.3899e-15   4619.26 1 
  4483.77 3.9962e-15   4622.01 1 
  4486.44 5.7498e-15   4624.76 1 
  4489.11 5.5105e-15   4627.51 1 
  4491.77 6.3189e-15   4630.26 1 
  4494.44 5.4249e-15   4633.01 1 
  4497.11 4.6689e-15   4635.76 1 
  4499.78 6.4861e-15   4638.51 1 
  4502.44 5.0244e-15   4641.26 1 
  4505.11 5.1239e-15   4644.01 1 
  4507.78 5.6704e-15   4646.76 1 
  4510.45 5.3739e-15   4649.51 1 
  4513.12 5.5305e-15   4652.26 1 
  4515.78 5.3039e-15   4655.01 1 
  4518.45 5.9844e-15   4657.76 1 
  4521.12 5.9781e-15   4660.51 1 
  4523.79 5.5360e-15   4663.26 1 
  4526.45 4.6256e-15   4666.01 1 
  4529.12 4.5755e-15   4668.76 1 
  4531.79 5.1278e-15   4671.51 1 
  4534.46 5.5720e-15   4674.26 1 
  4537.13 3.4421e-15   4677.01 1 
  4539.79 5.3292e-15   4679.76 1 
  4542.46 5.8387e-15   4682.51 1 
  4545.13 5.4964e-15   4685.26 1 
  4547.80 4.8210e-15   4688.01 1 
  4550.46 6.3810e-15   4690.76 1 
  4553.13 5.2266e-15   4693.51 1 
  4555.80 3.9297e-15   4696.26 1 
  4558.47 5.3471e-15   4699.01 1 
  4561.14 5.5649e-15   4701.76 1 
  4563.80 6.1520e-15   4704.51 1 
  4566.47 5.4469e-15   4707.26 1 
  4569.14 6.2643e-15   4710.01 1 
  4571.81 6.3343e-15   4712.76 1 
  4574.47 5.1474e-15   4715.51 1 
  4577.14 4.6729e-15   4718.26 1 
  4579.81 5.7489e-15   4721.01 1 
  4582.48 5.8079e-15   4723.76 1 
  4585.15 5.1757e-15   4726.51 1 
  4587.81 5.3118e-15   4729.26 1 
  4590.48 4.9948e-15   4732.01 1 
  4593.15 4.9036e-15   4734.76 1 
  4595.82 4.8097e-15   4737.51 1 
  4598.48 5.9557e-15   4740.26 1 
  4601.15 5.5611e-15   4743.01 1 
  4603.82 6.4107e-15   4745.76 1 
  4606.49 6.0661e-15   4748.51 1 
  4609.15 5.6996e-15   4751.26 1 
  4611.82 4.7173e-15   4754.01 1 
  4614.49 5.7282e-15   4756.76 1 
  4617.16 6.0699e-15   4759.51 1 
  4619.83 6.0955e-15   4762.26 1 
  4622.49 5.8324e-15   4765.01 1 
  4625.16 5.9161e-15   4767.76 1 
  4627.83 5.6312e-15   4770.51 1 
  4630.50 6.0656e-15   4773.26 1 
  4633.16 5.7523e-15   4776.01 1 
  4635.83 5.8088e-15   4778.76 1 
  4638.50 4.8587e-15   4781.51 1 
  4641.17 5.9625e-15   4784.26 1 
  4643.84 5.3604e-15   4787.01 1 
  4646.50 5.7891e-15   4789.76 1 
  4649.17 5.5369e-15   4792.51 1 
  4651.84 4.8999e-15   4795.26 1 
  4654.51 6.2383e-15   4798.01 1 
  4657.17 6.3012e-15   4800.76 1 
  4659.84 5.9213e-15   4803.51 1 
  4662.51 4.8089e-15   4806.26 1 
  4665.18 4.6871e-15   4809.01 1 
  4667.85 5.4224e-15   4811.76 1 
  4670.51 5.5423e-15   4814.51 1 
  4673.18 5.6143e-15   4817.26 1 
  4675.85 5.5516e-15   4820.01 1 
  4678.52 4.5552e-15   4822.76 1 
  4681.18 4.3662e-15   4825.51 1 
  4683.85 5.0992e-15   4828.26 1 
  4686.52 5.7173e-15   4831.01 1 
  4689.19 4.1416e-15   4833.76 1 
  4691.86 5.3269e-15   4836.51 1 
  4694.52 6.2288e-15   4839.26 1 
  4697.19 6.7618e-15   4842.01 1 
  4699.86 4.5882e-15   4844.76 1 
  4702.53 5.0018e-15   4847.51 1 
  4705.19 5.2652e-15   4850.26 1 
  4707.86 4.5596e-15   4853.01 1 
  4710.53 5.1067e-15   4855.76 1 
  4713.20 5.4521e-15   4858.51 1 
  4715.86 5.0065e-15   4861.26 1 
  4718.53 6.1542e-15   4864.01 1 
  4721.20 5.1652e-15   4866.76 1 
  4723.87 6.0704e-15   4869.51 1 
  4726.54 6.3927e-15   4872.26 1 
  4729.20 5.8759e-15   4875.01 1 
  4731.87 5.6607e-15   4877.76 1 
  4734.54 5.4569e-15   4880.51 1 
  4737.21 5.7844e-15   4883.26 1 
  4739.87 6.6464e-15   4886.01 1 
  4742.54 4.8519e-15   4888.76 1 
  4745.21 5.5502e-15   4891.51 1 
  4747.88 5.4883e-15   4894.26 1 
  4750.55 5.5200e-15   4897.01 1 
  4753.21 5.4443e-15   4899.76 1 
  4755.88 5.3259e-15   4902.51 1 
  4758.55 5.4186e-15   4905.26 1 
  4761.22 5.3076e-15   4908.01 1 
  4763.88 6.3156e-15   4910.76 1 
  4766.55 4.7757e-15   4913.51 1 
  4769.22 4.8458e-15   4916.26 1 
  4771.89 5.1240e-15   4919.01 1 
  4774.56 5.6296e-15   4921.76 1 
  4777.22 5.2385e-15   4924.51 1 
  4779.89 4.3574e-15   4927.26 1 
  4782.56 5.5438e-15   4930.01 1 
  4785.23 6.4001e-15   4932.76 1 
  4787.89 5.3138e-15   4935.51 1 
  4790.56 4.8294e-15   4938.26 1 
  4793.23 4.8762e-15   4941.01 1 
  4795.90 5.4470e-15   4943.76 1 
  4798.57 4.7936e-15   4946.51 1 
  4801.23 4.9271e-15   4949.26 1 
  4803.90 5.5138e-15   4952.01 1 
  4806.57 4.9790e-15   4954.76 1 
  4809.24 4.8248e-15   4957.51 1 
  4811.90 5.1245e-15   4960.26 1 
  4814.57 4.8114e-15   4963.01 1 
  4817.24 4.3835e-15   4965.76 1 
  4819.91 4.5534e-15   4968.51 1 
  4822.57 5.3371e-15   4971.26 1 
  4825.24 5.6500e-15   4974.01 1 
  4827.91 5.5400e-15   4976.76 1 
  4830.58 5.5693e-15   4979.51 1 
  4833.25 5.2118e-15   4982.26 1 
  4835.91 4.5377e-15   4985.01 1 
  4838.58 4.9573e-15   4987.76 1 
  4841.25 5.5037e-15   4990.51 1 
  4843.92 4.6121e-15   4993.26 1 
  4846.58 4.5322e-15   4996.01 1 
  4849.25 4.6148e-15   4998.76 1 
  4851.92 3.8646e-15   5001.51 1 
  4854.59 4.3111e-15   5004.26 1 
  4857.26 4.7798e-15   5007.01 1 
  4859.92 4.5996e-15   5009.76 1 
  4862.59 5.5417e-15   5012.51 1 
  4865.26 6.1968e-15   5015.26 1 
  4867.93 5.9861e-15   5018.01 1 
  4870.59 5.1051e-15   5020.76 1 
  4873.26 4.8710e-15   5023.51 1 
  4875.93 3.3655e-15   5026.26 1 
  4878.60 3.7201e-15   5029.01 1 
  4881.27 4.5612e-15   5031.76 1 
  4883.93 4.3452e-15   5034.51 1 
  4886.60 4.7319e-15   5037.26 1 
  4889.27 4.8517e-15   5040.01 1 
  4891.94 5.2195e-15   5042.76 1 
  4894.60 4.3608e-15   5045.51 1 
  4897.27 4.5857e-15   5048.26 1 
  4899.94 4.1809e-15   5051.01 1 
  4902.61 4.7502e-15   5053.76 1 
  4905.28 5.2084e-15   5056.51 1 
  4907.94 4.8466e-15   5059.26 1 
  4910.61 5.3269e-15   5062.01 1 
  4913.28 4.2538e-15   5064.76 1 
  4915.95 4.2868e-15   5067.51 1 
  4918.61 4.6332e-15   5070.26 1 
  4921.28 5.1347e-15   5073.01 1 
  4923.95 4.8965e-15   5075.76 1 
  4926.62 4.5739e-15   5078.51 1 
  4929.28 4.8283e-15   5081.26 1 
  4931.95 5.3063e-15   5084.01 1 
  4934.62 5.3591e-15   5086.76 1 
  4937.29 4.7362e-15   5089.51 1 
  4939.96 4.6086e-15   5092.26 1 
  4942.62 5.3740e-15   5095.01 1 
  4945.29 4.9119e-15   5097.76 1 
  4947.96 4.9071e-15   5100.51 1 
  4950.63 4.9701e-15   5103.26 1 
  4953.29 5.3026e-15   5106.01 1 
  4955.96 5.6618e-15   5108.76 1 
  4958.63 6.0076e-15   5111.51 1 
  4961.30 6.3166e-15   5114.26 1 
  4963.97 5.9628e-15   5117.01 1 
  4966.63 6.2187e-15   5119.76 1 
  4969.30 5.2505e-15   5122.51 1 
  4971.97 4.9761e-15   5125.26 1 
  4974.64 4.8549e-15   5128.01 1 
  4977.30 4.7655e-15   5130.76 1 
  4979.97 5.8283e-15   5133.51 1 
  4982.64 5.9096e-15   5136.26 1 
  4985.31 5.8076e-15   5139.01 1 
  4987.98 5.3016e-15   5141.76 1 
  4990.64 4.9371e-15   5144.51 1 
  4993.31 4.8286e-15   5147.26 1 
  4995.98 4.8807e-15   5150.01 1 
  4998.65 4.8768e-15   5152.76 1 
  5001.31 5.6820e-15   5155.51 1 
  5003.98 5.8671e-15   5158.26 1 
  5006.65 6.5906e-15   5161.01 1 
  5009.32 6.8094e-15   5163.76 1 
  5011.99 6.9606e-15   5166.51 1 
  5014.65 6.5046e-15   5169.26 1 
  5017.32 6.2760e-15   5172.01 1 
  5019.99 5.7621e-15   5174.76 1 
  5022.66 4.8905e-15   5177.51 1 
  5025.32 4.3994e-15   5180.26 1 
  5027.99 4.4796e-15   5183.01 1 
  5030.66 5.3795e-15   5185.76 1 
  5033.33 5.2583e-15   5188.51 1 
  5036.00 5.2047e-15   5191.26 1 
  5038.66 4.0589e-15   5194.01 1 
  5041.33 3.9868e-15   5196.76 1 
  5044.00 4.2318e-15   5199.51 1 
  5046.67 4.2434e-15   5202.26 1 
  5049.33 3.8905e-15   5205.01 1 
  5052.00 4.2919e-15   5207.76 1 
  5054.67 4.8263e-15   5210.51 1 
  5057.34 4.5733e-15   5213.26 1 
  5060.00 4.8067e-15   5216.01 1 
  5062.67 5.3393e-15   5218.76 1 
  5065.34 4.9491e-15   5221.51 1 
  5068.01 4.6733e-15   5224.26 1 
  5070.68 4.3626e-15   5227.01 1 
  5073.34 4.8705e-15   5229.76 1 
  5076.01 5.5177e-15   5232.51 1 
  5078.68 5.9050e-15   5235.26 1 
  5081.35 5.2560e-15   5238.01 1 
  5084.01 4.7405e-15   5240.76 1 
  5086.68 5.0650e-15   5243.51 1 
  5089.35 4.7331e-15   5246.26 1 
  5092.02 4.5645e-15   5249.01 1 
  5094.69 4.7094e-15   5251.76 1 
  5097.35 5.2593e-15   5254.51 1 
  5100.02 4.8837e-15   5257.26 1 
  5102.69 3.9502e-15   5260.01 1 
  5105.36 4.5564e-15   5262.76 1 
  5108.02 4.9690e-15   5265.51 1 
  5110.69 4.7541e-15   5268.26 1 
  5113.36 4.9794e-15   5271.01 1 
  5116.03 4.8076e-15   5273.76 1 
  5118.70 4.7975e-15   5276.51 1 
  5121.36 4.9639e-15   5279.26 1 
  5124.03 4.2389e-15   5282.01 1 
  5126.70 4.5129e-15   5284.76 1 
  5129.37 5.2192e-15   5287.51 1 
  5132.03 5.6985e-15   5290.26 1 
  5134.70 4.7904e-15   5293.01 1 
  5137.37 4.2528e-15   5295.76 1 
  5140.04 4.7845e-15   5298.51 1 
  5142.71 4.7764e-15   5301.26 1 
  5145.37 4.6846e-15   5304.01 1 
  5148.04 5.0832e-15   5306.76 1 
  5150.71 4.7952e-15   5309.51 1 
  5153.38 4.6944e-15   5312.26 1 
  5156.04 4.7742e-15   5315.01 1 
  5158.71 4.3688e-15   5317.76 1 
  5161.38 5.0262e-15   5320.51 1 
  5164.05 4.8523e-15   5323.26 1 
  5166.71 4.4297e-15   5326.01 1 
  5169.38 4.7954e-15   5328.76 1 
  5172.05 5.2373e-15   5331.51 1 
  5174.72 5.6138e-15   5334.26 1 
  5177.39 4.8963e-15   5337.01 1 
  5180.05 4.5243e-15   5339.76 1 
  5182.72 5.0821e-15   5342.51 1 
  5185.39 5.0864e-15   5345.26 1 
  5188.06 3.9595e-15   5348.01 1 
  5190.72 3.8400e-15   5350.76 1 
  5193.39 4.7272e-15   5353.51 1 
  5196.06 5.0507e-15   5356.26 1 
  5198.73 4.8517e-15   5359.01 1 
  5201.40 4.6541e-15   5361.76 1 
  5204.06 5.0138e-15   5364.51 1 
  5206.73 5.4126e-15   5367.26 1 
  5209.40 4.6185e-15   5370.01 1 
  5212.07 4.5133e-15   5372.76 1 
  5214.73 4.9648e-15   5375.51 1 
  5217.40 4.8627e-15   5378.26 1 
  5220.07 4.3104e-15   5381.01 1 
  5222.74 4.3149e-15   5383.76 1 
  5225.41 4.5559e-15   5386.51 1 
  5228.07 4.5756e-15   5389.26 1 
  5230.74 4.6268e-15   5392.01 1 
  5233.41 4.2335e-15   5394.76 1 
  5236.08 4.4988e-15   5397.51 1 
  5238.74 5.3476e-15   5400.26 1 
  5241.41 5.1921e-15   5403.01 1 
  5244.08 4.9920e-15   5405.76 1 
  5246.75 4.4131e-15   5408.51 1 
  5249.42 4.5158e-15   5411.26 1 
  5252.08 4.7398e-15   5414.01 1 
  5254.75 4.7662e-15   5416.76 1 
  5257.42 4.8301e-15   5419.51 1 
  5260.09 4.6380e-15   5422.26 1 
  5262.75 4.0043e-15   5425.01 1 
  5265.42 4.1998e-15   5427.76 1 
  5268.09 4.2613e-15   5430.51 1 
  5270.76 4.2578e-15   5433.26 1 
  5273.42 4.3995e-15   5436.01 1 
  5276.09 3.8886e-15   5438.76 1 
  5278.76 4.5593e-15   5441.51 1 
  5281.43 4.7118e-15   5444.26 1 
  5284.10 4.5769e-15   5447.01 1 
  5286.76 4.5473e-15   5449.76 1 
  5289.43 4.7898e-15   5452.51 1 
  5292.10 4.8677e-15   5455.26 1 
  5294.77 5.2016e-15   5458.01 1 
  5297.43 5.2504e-15   5460.76 1 
  5300.10 4.5741e-15   5463.51 1 
  5302.77 3.9961e-15   5466.26 1 
  5305.44 4.5265e-15   5469.01 1 
  5308.11 5.0085e-15   5471.76 1 
  5310.77 4.2964e-15   5474.51 1 
  5313.44 4.5629e-15   5477.26 1 
  5316.11 4.9370e-15   5480.01 1 
  5318.78 4.4302e-15   5482.76 1 
  5321.44 5.1813e-15   5485.51 1 
  5324.11 5.4043e-15   5488.26 1 
  5326.78 4.7614e-15   5491.01 1 
  5329.45 4.3921e-15   5493.76 1 
  5332.12 4.5561e-15   5496.51 1 
  5334.78 4.2493e-15   5499.26 1 
  5337.45 4.1476e-15   5502.01 1 
  5340.12 4.8864e-15   5504.76 1 
  5342.79 5.7076e-15   5507.51 1 
  5345.45 4.2871e-15   5510.26 1 
  5348.12 4.3437e-15   5513.01 1 
  5350.79 4.5580e-15   5515.76 1 
  5353.46 4.9176e-15   5518.51 1 
  5356.13 5.0872e-15   5521.26 1 
  5358.79 5.0311e-15   5524.01 1 
  5361.46 4.1925e-15   5526.76 1 
  5364.13 4.7689e-15   5529.51 1 
  5366.80 4.6870e-15   5532.26 1 
  5369.46 5.2004e-15   5535.01 1 
  5372.13 4.7739e-15   5537.76 1 
  5374.80 4.1538e-15   5540.51 1 
  5377.47 4.9158e-15   5543.26 1 
  5380.13 5.1295e-15   5546.01 1 
  5382.80 4.3046e-15   5548.76 1 
  5385.47 4.3781e-15   5551.51 1 
  5388.14 4.2466e-15   5554.26 1 
  5390.81 5.2432e-15   5557.01 1 
  5393.47 5.6603e-15   5559.76 1 
  5396.14 5.0060e-15   5562.51 1 
  5398.81 4.9811e-15   5565.26 1 
  5401.48 4.6083e-15   5568.01 1 
  5404.14 5.4529e-15   5570.76 1 
  5406.81 4.9233e-15   5573.51 1 
  5409.48 5.0133e-15   5576.26 1 
  5412.15 4.5971e-15   5579.01 1 
  5414.82 5.1338e-15   5581.76 1 
  5417.48 4.7083e-15   5584.51 1 
  5420.15 4.7861e-15   5587.26 1 
  5422.82 5.0916e-15   5590.01 1 
  5425.49 4.5982e-15   5592.76 1 
  5428.15 5.4862e-15   5595.51 1 
  5430.82 5.5133e-15   5598.26 1 
  5433.49 4.4715e-15   5601.01 1 
  5436.16 5.6517e-15   5603.76 1 
  5438.83 4.7840e-15   5606.51 1 
  5441.49 5.1460e-15   5609.26 1 
  5444.16 4.6306e-15   5612.01 1 
  5446.83 4.6942e-15   5614.76 1 
  5449.50 4.6696e-15   5617.51 1 
  5452.16 5.0761e-15   5620.26 1 
  5454.83 3.9721e-15   5623.01 1 
  5457.50 4.6879e-15   5625.76 1 
  5460.17 4.6984e-15   5628.51 1 
  5462.84 5.0043e-15   5631.26 1 
  5465.50 5.1656e-15   5634.01 1 
  5468.17 4.7878e-15   5636.76 1 
  5470.84 4.6154e-15   5639.51 1 
  5473.51 5.0849e-15   5642.26 1 
  5476.17 5.8374e-15   5645.01 1 
  5478.84 3.8145e-15   5647.76 1 
  5481.51 4.0415e-15   5650.51 1 
  5484.18 4.0811e-15   5653.26 1 
  5486.84 5.0793e-15   5656.01 1 
  5489.51 4.7245e-15   5658.76 1 
  5492.18 4.5945e-15   5661.51 1 
  5494.85 4.4720e-15   5664.26 1 
  5497.52 4.6373e-15   5667.01 1 
  5500.18 4.8681e-15   5669.76 1 
  5502.85 4.9715e-15   5672.51 1 
  5505.52 3.9139e-15   5675.26 1 
  5508.19 4.3386e-15   5678.01 1 
  5510.85 4.1668e-15   5680.76 1 
  5513.52 4.8240e-15   5683.51 1 
  5516.19 5.0336e-15   5686.26 1 
  5518.86 5.3036e-15   5689.01 1 
  5521.53 4.3473e-15   5691.76 1 
  5524.19 4.5454e-15   5694.51 1 
  5526.86 4.1626e-15   5697.26 1 
  5529.53 4.9656e-15   5700.01 1 
  5532.20 3.6721e-15   5702.76 1 
  5534.86 4.9094e-15   5705.51 1 
  5537.53 3.5654e-15   5708.26 1 
  5540.20 5.8307e-15   5711.01 1 
  5542.87 2.8091e-15   5713.76 1 
  5545.54 6.0182e-15   5716.51 1 
  5548.20 2.9128e-15   5719.26 1 
  5550.87 5.6016e-15   5722.01 1 
  5553.54 3.5275e-15   5724.76 1 
  5556.21 5.5376e-15   5727.51 1 
  5558.87 3.6724e-15   5730.26 1 
  5561.54 5.6073e-15   5733.01 1 
  5564.21 2.8732e-15   5735.76 1 
  5566.88 5.9231e-15   5738.51 1 
  5569.55 5.3396e-15   5741.26 1 
  5572.21 4.3930e-15   5744.01 1 
  5574.88 4.6722e-15   5746.76 1 
  5577.55 6.2137e-15   5749.51 1 
  5580.22 4.3720e-15   5752.26 1 
  5582.88 5.1948e-15   5755.01 1 
  5585.55 5.4850e-15   5757.76 1 
  5588.22 6.1193e-15   5760.51 1 
  5590.89 3.7756e-15   5763.26 1 
  5593.55 4.6595e-15   5766.01 1 
  5596.22 5.0456e-15   5768.76 1 
  5598.89 4.5896e-15   5771.51 1 
  5601.56 4.0282e-15   5774.26 1 
  5604.23 4.4397e-15   5777.01 1 
  5606.89 4.4176e-15   5779.76 1 
  5609.56 4.7446e-15   5782.51 1 
  5612.23 4.2329e-15   5785.26 1 
  5614.90 4.2283e-15   5788.01 1 
  5617.56 6.1389e-15   5790.76 1 
  5620.23 4.2586e-15   5793.51 1 
  5622.90 4.6019e-15   5796.26 1 
  5625.57 3.5344e-15   5799.01 1 
  5628.24 4.3704e-15   5801.76 1 
  5630.90 3.4072e-15   5804.51 1 
  5633.57 4.4582e-15   5807.26 1 
  5636.24 4.1689e-15   5810.01 1 
  5638.91 4.9548e-15   5812.76 1 
  5641.57 5.8015e-15   5815.51 1 
  5644.24 5.0314e-15   5818.26 1 
  5646.91 4.6174e-15   5821.01 1 
  5649.58 4.4398e-15   5823.76 1 
  5652.25 4.8931e-15   5826.51 1 
  5654.91 5.5100e-15   5829.26 1 
  5657.58 5.8789e-15   5832.01 1 
  5660.25 5.1223e-15   5834.76 1 
  5662.92 4.9807e-15   5837.51 1 
  5665.58 4.3151e-15   5840.26 1 
  5668.25 4.3283e-15   5843.01 1 
  5670.92 4.2271e-15   5845.76 1 
  5673.59 4.0913e-15   5848.51 1 
  5676.26 4.8623e-15   5851.26 1 
  5678.92 5.3180e-15   5854.01 1 
  5681.59 5.1719e-15   5856.76 1 
  5684.26 5.4422e-15   5859.51 1 
  5686.93 4.6904e-15   5862.26 1 
  5689.59 4.6560e-15   5865.01 1 
  5692.26 4.2820e-15   5867.76 1 
  5694.93 3.5210e-15   5870.51 1 
  5697.60 4.4609e-15   5873.26 1 
  5700.26 4.7763e-15   5876.01 1 
  5702.93 5.8141e-15   5878.76 1 
  5705.60 5.2093e-15   5881.51 1 
  5708.27 5.8009e-15   5884.26 1 
  5710.94 8.1517e-15   5887.01 1 
  5713.60 7.5430e-15   5889.76 1 
  5716.27 5.7443e-15   5892.51 1 
  5718.94 3.7657e-15   5895.26 1 
  5721.61 1.8190e-15   5898.01 1 
  5724.27 4.3752e-16   5900.76 1 
  5726.94 2.1219e-15   5903.51 1 
  5729.61 4.3410e-15   5906.26 1 
  5732.28 4.8964e-15   5909.01 1 
  5734.95 4.2033e-15   5911.76 1 
  5737.61 4.2826e-15   5914.51 1 
  5740.28 4.0175e-15   5917.26 1 
  5742.95 4.5848e-15   5920.01 1 
  5745.62 4.9422e-15   5922.76 1 
  5748.28 4.4094e-15   5925.51 1 
  5750.95 4.7764e-15   5928.26 1 
  5753.62 5.4467e-15   5931.01 1 
  5756.29 5.4672e-15   5933.76 1 
  5758.96 5.0866e-15   5936.51 1 
  5761.62 4.1035e-15   5939.26 1 
  5764.29 3.9482e-15   5942.01 1 
  5766.96 4.3250e-15   5944.76 1 
  5769.63 5.2604e-15   5947.51 1 
  5772.29 6.0795e-15   5950.26 1 
  5774.96 5.9065e-15   5953.01 1 
  5777.63 4.8382e-15   5955.76 1 
  5780.30 3.7654e-15   5958.51 1 
  5782.97 4.0005e-15   5961.26 1 
  5785.63 4.7568e-15   5964.01 1 
  5788.30 4.4926e-15   5966.76 1 
  5790.97 4.4311e-15   5969.51 1 
  5793.64 4.4821e-15   5972.26 1 
  5796.30 4.7792e-15   5975.01 1 
  5798.97 4.7401e-15   5977.76 1 
  5801.64 4.4986e-15   5980.51 1 
  5804.31 4.3900e-15   5983.26 1 
  5806.97 4.2931e-15   5986.01 1 
  5809.64 4.4770e-15   5988.76 1 
  5812.31 5.0337e-15   5991.51 1 
  5814.98 4.9253e-15   5994.26 1 
  5817.65 4.5499e-15   5997.01 1 
  5820.31 5.0713e-15   5999.76 1 
  5822.98 5.1058e-15   6002.51 1 
  5825.65 4.6432e-15   6005.26 1 
  5828.32 4.0641e-15   6008.01 1 
  5830.98 4.2554e-15   6010.76 1 
  5833.65 4.5042e-15   6013.51 1 
  5836.32 4.7003e-15   6016.26 1 
  5838.99 4.1801e-15   6019.01 1 
  5841.66 4.7306e-15   6021.76 1 
  5844.32 4.3455e-15   6024.51 1 
  5846.99 4.6616e-15   6027.26 1 
  5849.66 5.0263e-15   6030.01 1 
  5852.33 4.7375e-15   6032.76 1 
  5854.99 4.3673e-15   6035.51 1 
  5857.66 4.6027e-15   6038.26 1 
  5860.33 4.3512e-15   6041.01 1 
  5863.00 4.7101e-15   6043.76 1 
  5865.67 4.2221e-15   6046.51 1 
  5868.33 4.5454e-15   6049.26 1 
  5871.00 4.7767e-15   6052.01 1 
  5873.67 4.8699e-15   6054.76 1 
  5876.34 4.2522e-15   6057.51 1 
  5879.00 4.6695e-15   6060.26 1 
  5881.67 4.9970e-15   6063.01 1 
  5884.34 5.2429e-15   6065.76 1 
  5887.01 4.6256e-15   6068.51 1 
  5889.68 4.2800e-15   6071.26 1 
  5892.34 3.6270e-15   6074.01 1 
  5895.01 4.4119e-15   6076.76 1 
  5897.68 3.6699e-15   6079.51 1 
  5900.35 5.2825e-15   6082.26 1 
  5903.01 4.5394e-15   6085.01 1 
  5905.68 4.9221e-15   6087.76 1 
  5908.35 4.6818e-15   6090.51 1 
  5911.02 3.5503e-15   6093.26 1 
  5913.68 3.9328e-15   6096.01 1 
  5916.35 4.9148e-15   6098.76 1 
  5919.02 4.2102e-15   6101.51 1 
  5921.69 5.0483e-15   6104.26 1 
  5924.36 4.1539e-15   6107.01 1 
  5927.02 4.3335e-15   6109.76 1 
  5929.69 5.8726e-15   6112.51 1 
  5932.36 5.3914e-15   6115.26 1 
  5935.03 4.8684e-15   6118.01 1 
  5937.69 4.4607e-15   6120.76 1 
  5940.36 5.7590e-15   6123.51 1 
  5943.03 4.8599e-15   6126.26 1 
  5945.70 5.3492e-15   6129.01 1 
  5948.37 4.9106e-15   6131.76 1 
  5951.03 5.4782e-15   6134.51 1 
  5953.70 4.2210e-15   6137.26 1 
  5956.37 4.5912e-15   6140.01 1 
  5959.04 4.9747e-15   6142.76 1 
  5961.70 4.4609e-15   6145.51 1 
  5964.37 4.0158e-15   6148.26 1 
  5967.04 4.8281e-15   6151.01 1 
  5969.71 4.7435e-15   6153.76 1 
  5972.38 4.4901e-15   6156.51 1 
  5975.04 5.0259e-15   6159.26 1 
  5977.71 4.0849e-15   6162.01 1 
  5980.38 3.5719e-15   6164.76 1 
  5983.05 5.2812e-15   6167.51 1 
  5985.71 4.5679e-15   6170.26 1 
  5988.38 5.2586e-15   6173.01 1 
  5991.05 4.2042e-15   6175.76 1 
  5993.72 4.6617e-15   6178.51 1 
  5996.39 4.0470e-15   6181.26 1 
  5999.05 3.5561e-15   6184.01 1 
  6001.72 4.3929e-15   6186.76 1 
  6004.39 4.7437e-15   6189.51 1 
  6007.06 3.5736e-15   6192.26 1 
  6009.72 4.0785e-15   6195.01 1 
  6012.39 3.2970e-15   6197.76 1 
  6015.06 4.2536e-15   6200.51 1 
  6017.73 4.2593e-15   6203.26 1 
  6020.39 4.6277e-15   6206.01 1 
  6023.06 4.4047e-15   6208.76 1 
  6025.73 3.9400e-15   6211.51 1 
  6028.40 4.6380e-15   6214.26 1 
  6031.07 4.7082e-15   6217.01 1 
  6033.73 4.8547e-15   6219.76 1 
  6036.40 4.7192e-15   6222.51 1 
  6039.07 4.7594e-15   6225.26 1 
  6041.74 4.8995e-15   6228.01 1 
  6044.40 4.6628e-15   6230.76 1 
  6047.07 5.6459e-15   6233.51 1 
  6049.74 5.4690e-15   6236.26 1 
  6052.41 5.4351e-15   6239.01 1 
  6055.08 4.3289e-15   6241.76 1 
  6057.74 4.5517e-15   6244.51 1 
  6060.41 4.8921e-15   6247.26 1 
  6063.08 4.3528e-15   6250.01 1 
  6065.75 5.2609e-15   6252.76 1 
  6068.41 6.1313e-15   6255.51 1 
  6071.08 6.2584e-15   6258.26 1 
  6073.75 3.6791e-15   6261.01 1 
  6076.42 3.7109e-15   6263.76 1 
  6079.09 3.7869e-15   6266.51 1 
  6081.75 3.7782e-15   6269.26 1 
  6084.42 4.4229e-15   6272.01 1 
  6087.09 4.0588e-15   6274.76 1 
  6089.76 4.5817e-15   6277.51 1 
  6092.42 5.4230e-15   6280.26 1 
  6095.09 3.9541e-15   6283.01 1 
  6097.76 5.8789e-15   6285.76 1 
  6100.43 4.0829e-15   6288.51 1 
  6103.10 3.0049e-15   6291.26 1 
  6105.76 4.9807e-15   6294.01 1 
  6108.43 1.1834e-14   6296.76 1 
  6111.10 1.6376e-14   6299.51 1 
  6113.77 6.2335e-15   6302.26 1 
  6116.43 2.1766e-15   6305.01 1 
  6119.10 5.1484e-15   6307.76 1 
  6121.77 1.9233e-15   6310.51 1 
  6124.44 2.5011e-15   6313.26 1 
  6127.10 5.4165e-15   6316.01 1 
  6129.77 5.2784e-15   6318.76 1 
  6132.44 4.1547e-15   6321.51 1 
  6135.11 4.1228e-15   6324.26 1 
  6137.78 4.6427e-15   6327.01 1 
  6140.44 5.3296e-15   6329.76 1 
  6143.11 4.0904e-15   6332.51 1 
  6145.78 4.5048e-15   6335.26 1 
  6148.45 4.4151e-15   6338.01 1 
  6151.11 3.7027e-15   6340.76 1 
  6153.78 4.8261e-15   6343.51 1 
  6156.45 4.9731e-15   6346.26 1 
  6159.12 4.5200e-15   6349.01 1 
  6161.79 4.4813e-15   6351.76 1 
  6164.45 4.7518e-15   6354.51 1 
  6167.12 4.5760e-15   6357.26 1 
  6169.79 3.5719e-15   6360.01 1 
  6172.46 4.4484e-15   6362.76 1 
  6175.12 4.6542e-15   6365.51 1 
  6177.79 4.9874e-15   6368.26 1 
  6180.46 5.0384e-15   6371.01 1 
  6183.13 4.2378e-15   6373.76 1 
  6185.80 4.5037e-15   6376.51 1 
  6188.46 5.4860e-15   6379.26 1 
  6191.13 4.4949e-15   6382.01 1 
  6193.80 5.5720e-15   6384.76 1 
  6196.47 3.1848e-15   6387.51 1 
  6199.13 4.9272e-15   6390.26 1 
  6201.80 4.5169e-15   6393.01 1 
  6204.47 4.5167e-15   6395.76 1 
  6207.14 3.5965e-15   6398.51 1 
  6209.81 4.3988e-15   6401.26 1 
  6212.47 4.9469e-15   6404.01 1 
  6215.14 3.9855e-15   6406.76 1 
  6217.81 4.6025e-15   6409.51 1 
  6220.48 3.9232e-15   6412.26 1 
  6223.14 3.7584e-15   6415.01 1 
  6225.81 3.9610e-15   6417.76 1 
  6228.48 4.3493e-15   6420.51 1 
  6231.15 3.4343e-15   6423.26 1 
  6233.82 3.5001e-15   6426.01 1 
  6236.48 3.4978e-15   6428.76 1 
  6239.15 4.1752e-15   6431.51 1 
  6241.82 4.0004e-15   6434.26 1 
  6244.49 4.3078e-15   6437.01 1 
  6247.15 4.5177e-15   6439.76 1 
  6249.82 3.4685e-15   6442.51 1 
  6252.49 4.1019e-15   6445.26 1 
  6255.16 3.8965e-15   6448.01 1 
  6257.82 3.8567e-15   6450.76 1 
  6260.49 3.1386e-15   6453.51 1 
  6263.16 3.7427e-15   6456.26 1 
  6265.83 4.4209e-15   6459.01 1 
  6268.50 5.3761e-15   6461.76 1 
  6271.16 4.7956e-15   6464.51 1 
  6273.83 5.3338e-15   6467.26 1 
  6276.50 4.2379e-15   6470.01 1 
  6279.17 4.1516e-15   6472.76 1 
  6281.83 4.7841e-15   6475.51 1 
  6284.50 5.0913e-15   6478.26 1 
  6287.17 4.7507e-15   6481.01 1 
  6289.84 4.2322e-15   6483.76 1 
  6292.51 4.3483e-15   6486.51 1 
  6295.17 3.8924e-15   6489.26 1 
  6297.84 4.1323e-15   6492.01 1 
  6300.51 5.7933e-15   6494.76 1 
  6303.18 5.9210e-15   6497.51 1 
  6305.84 4.8359e-15   6500.26 1 
  6308.51 3.6048e-15   6503.01 1 
  6311.18 3.2396e-15   6505.76 1 
  6313.85 4.2297e-15   6508.51 1 
  6316.52 4.1934e-15   6511.26 1 
  6319.18 3.6724e-15   6514.01 1 
  6321.85 3.8742e-15   6516.76 1 
  6324.52 4.5900e-15   6519.51 1 
  6327.19 4.4233e-15   6522.26 1 
  6329.85 3.6863e-15   6525.01 1 
  6332.52 4.6676e-15   6527.76 1 
  6335.19 5.1279e-15   6530.51 1 
  6337.86 3.9252e-15   6533.26 1 
  6340.53 3.5127e-15   6536.01 1 
  6343.19 3.2034e-15   6538.76 1 
  6345.86 3.9148e-15   6541.51 1 
  6348.53 5.6305e-15   6544.26 1 
  6351.20 4.8807e-15   6547.01 1 
  6353.86 3.4728e-15   6549.76 1 
  6356.53 4.9380e-15   6552.51 1 
  6359.20 4.8531e-15   6555.26 1 
  6361.87 4.4407e-15   6558.01 1 
  6364.53 4.6019e-15   6560.76 1 
  6367.20 4.6865e-15   6563.51 1 
  6369.87 4.5798e-15   6566.26 1 
  6372.54 3.5517e-15   6569.01 1 
  6375.21 4.9115e-15   6571.76 1 
  6377.87 4.7647e-15   6574.51 1 
  6380.54 5.0935e-15   6577.26 1 
  6383.21 4.6995e-15   6580.01 1 
  6385.88 3.7130e-15   6582.76 1 
  6388.54 4.1614e-15   6585.51 1 
  6391.21 4.1778e-15   6588.26 1 
  6393.88 3.7939e-15   6591.01 1 
  6396.55 6.0243e-15   6593.76 1 
  6399.22 5.2434e-15   6596.51 1 
  6401.88 3.6561e-15   6599.26 1 
  6404.55 5.7345e-15   6602.01 1 
  6407.22 3.8909e-15   6604.76 1 
  6409.89 3.7621e-15   6607.51 1 
  6412.55 2.9442e-15   6610.26 1 
  6415.22 5.2367e-15   6613.01 1 
  6417.89 3.8508e-15   6615.76 1 
  6420.56 4.9635e-15   6618.51 1 
  6423.23 4.3463e-15   6621.26 1 
  6425.89 4.6585e-15   6624.01 1 
  6428.56 3.7656e-15   6626.76 1 
  6431.23 3.8019e-15   6629.51 1 
  6433.90 3.4510e-15   6632.26 1 
  6436.56 4.2844e-15   6635.01 1 
  6439.23 3.5520e-15   6637.76 1 
  6441.90 3.6328e-15   6640.51 1 
  6444.57 3.9633e-15   6643.26 1 
  6447.24 3.5396e-15   6646.01 1 
  6449.90 4.2589e-15   6648.76 1 
  6452.57 5.1820e-15   6651.51 1 
  6455.24 3.7506e-15   6654.26 1 
  6457.91 3.5594e-15   6657.01 1 
  6460.57 4.6581e-15   6659.76 1 
  6463.24 4.4451e-15   6662.51 1 
  6465.91 4.0087e-15   6665.26 1 
  6468.58 4.7362e-15   6668.01 1 
  6471.24 4.1824e-15   6670.76 1 
  6473.91 4.5016e-15   6673.51 1 
  6476.58 4.1900e-15   6676.26 1 
  6479.25 4.2767e-15   6679.01 1 
  6481.92 4.5373e-15   6681.76 1 
  6484.58 5.0788e-15   6684.51 1 
  6487.25 4.4142e-15   6687.26 1 
  6489.92 4.9113e-15   6690.01 1 
  6492.59 5.0398e-15   6692.76 1 
  6495.25 4.9145e-15   6695.51 1 
  6497.92 4.6657e-15   6698.26 1 
  6500.59 4.2759e-15   6701.01 1 
  6503.26 3.5361e-15   6703.76 1 
  6505.93 3.5357e-15   6706.51 1 
  6508.59 3.8742e-15   6709.26 1 
  6511.26 3.9360e-15   6712.01 1 
  6513.93 4.5389e-15   6714.76 1 
  6516.60 5.0296e-15   6717.51 1 
  6519.26 4.2188e-15   6720.26 1 
  6521.93 3.8332e-15   6723.01 1 
  6524.60 3.8591e-15   6725.76 1 
  6527.27 4.3894e-15   6728.51 1 
  6529.94 5.0498e-15   6731.26 1 
  6532.60 4.8735e-15   6734.01 1 
  6535.27 3.8871e-15   6736.76 1 
  6537.94 3.9444e-15   6739.51 1 
  6540.61 3.8992e-15   6742.26 1 
  6543.27 3.8219e-15   6745.01 1 
  6545.94 4.7190e-15   6747.76 1 
  6548.61 5.4560e-15   6750.51 1 
  6551.28 5.5728e-15   6753.26 1 
  6553.95 5.1230e-15   6756.01 1 
  6556.61 6.2861e-15   6758.76 1 
  6559.28 6.5173e-15   6761.51 1 
  6561.95 7.9899e-15   6764.26 1 
  6564.62 1.0716e-14   6767.01 1 
  6567.28 1.2767e-14   6769.76 1 
  6569.95 1.1596e-14   6772.51 1 
  6572.62 8.6166e-15   6775.26 1 
  6575.29 5.5997e-15   6778.01 1 
  6577.95 4.9052e-15   6780.76 1 
  6580.62 5.3622e-15   6783.51 1 
  6583.29 6.8311e-15   6786.26 1 
  6585.96 7.8155e-15   6789.01 1 
  6588.63 9.5301e-15   6791.76 1 
  6591.29 7.8512e-15   6794.51 1 
  6593.96 7.2402e-15   6797.26 1 
  6596.63 5.0529e-15   6800.01 1 
  6599.30 4.8824e-15   6802.76 1 
  6601.96 4.5768e-15   6805.51 1 
  6604.63 5.0543e-15   6808.26 1 
  6607.30 3.9353e-15   6811.01 1 
  6609.97 5.4452e-15   6813.76 1 
  6612.64 4.4349e-15   6816.51 1 
  6615.30 4.2374e-15   6819.26 1 
  6617.97 3.4060e-15   6822.01 1 
  6620.64 5.5650e-15   6824.76 1 
  6623.31 6.4478e-15   6827.51 1 
  6634.57 4.4339e-15   6839.12 0 
  6649.86 4.3707e-15   6854.88 0 
  6665.19 4.3885e-15   6870.68 0 
  6680.56 4.4063e-15   6886.52 0 
  6695.95 4.3636e-15   6902.40 0 
  6711.39 4.3312e-15   6918.31 0 
  6726.86 4.2990e-15   6934.26 0 
  6742.37 4.3264e-15   6950.24 0 
  6757.91 4.2159e-15   6966.26 0 
  6773.49 4.2428e-15   6982.33 0 
  6789.11 4.2404e-15   6998.42 0 
  6804.75 4.2674e-15   7014.55 0 
  6820.44 4.2651e-15   7030.72 0 
  6836.17 4.2725e-15   7046.93 0 
  6851.92 4.2898e-15   7063.18 0 
  6867.72 4.1610e-15   7079.46 0 
  6883.55 4.1779e-15   7095.78 0 
  6899.42 4.2141e-15   7112.14 0 
  6915.32 4.2117e-15   7128.53 0 
  6931.27 4.2288e-15   7144.96 0 
  6947.24 4.2753e-15   7161.43 0 
  6963.26 4.2435e-15   7177.94 0 
  6979.31 4.3099e-15   7194.49 0 
  6995.40 4.2484e-15   7211.08 0 
  7011.52 4.1780e-15   7227.70 0 
  7027.69 4.2926e-15   7244.36 0 
  7043.89 4.2606e-15   7261.06 0 
  7060.13 4.1516e-15   7277.80 0 
  7076.40 4.0923e-15   7294.57 0 
  7092.72 4.0524e-15   7311.39 0 
  7109.07 4.0221e-15   7328.25 0 
  7125.45 4.0476e-15   7345.14 0 
  7141.88 3.9532e-15   7362.07 0 
  7158.34 3.9966e-15   7379.04 0 
  7174.84 3.9576e-15   7396.05 0 
  7191.38 3.7946e-15   7413.10 0 
  7207.96 3.8011e-15   7430.19 0 
  7224.58 4.0518e-15   7447.32 0 
  7241.23 3.9300e-15   7464.49 0 
  7257.93 3.9731e-15   7481.70 0 
  7274.66 4.1103e-15   7498.94 0 
  7291.43 4.0514e-15   7516.23 0 
  7308.24 4.0396e-15   7533.56 0 
  7325.08 4.0186e-15   7550.92 0 
  7341.97 4.1192e-15   7568.33 0 
  7358.90 4.1167e-15   7585.78 0 
  7375.86 4.1522e-15   7603.26 0 
  7392.86 4.0927e-15   7620.79 0 
  7409.90 4.1951e-15   7638.36 0 
  7426.99 4.1350e-15   7655.97 0 
  7444.11 4.2093e-15   7673.61 0 
  7461.26 4.2358e-15   7691.30 0 
  7478.47 4.1083e-15   7709.04 0 
  7495.71 4.1725e-15   7726.81 0 
  7512.98 4.1411e-15   7744.62 0 
  7530.31 4.1481e-15   7762.47 0 
  7547.66 4.1742e-15   7780.37 0 
  7565.06 4.1238e-15   7798.30 0 
  7582.50 4.1497e-15   7816.28 0 
  7599.98 4.0248e-15   7834.30 0 
  7617.50 4.0130e-15   7852.36 0 
  7635.06 4.0944e-15   7870.46 0 
  7652.66 4.0356e-15   7888.60 0 
  7670.30 3.8338e-15   7906.79 0 
  7687.98 3.8935e-15   7925.01 0 
  7705.71 3.8910e-15   7943.28 0 
  7723.47 3.8528e-15   7961.59 0 
  7741.27 3.8859e-15   7979.95 0 
  7759.12 3.8125e-15   7998.34 0 
  7777.01 3.7925e-15   8016.78 0 
  7794.94 3.8075e-15   8035.26 0 
  7812.90 3.8847e-15   8053.78 0 
  7830.92 3.9361e-15   8072.35 0 
  7848.97 3.9064e-15   8090.96 0 
  7867.06 3.9764e-15   8109.61 0 
  7885.20 3.8922e-15   8128.31 0 
  7903.37 3.7662e-15   8147.04 0 
  7921.59 3.7121e-15   8165.82 0 
  7939.86 3.7439e-15   8184.65 0 
  7958.16 3.7327e-15   8203.52 0 
  7976.50 3.8171e-15   8222.43 0 
  7994.89 3.7622e-15   8241.38 0 
  8013.32 3.8119e-15   8260.38 0 
  8031.79 3.8093e-15   8279.42 0 
  8050.31 3.8419e-15   8298.51 0 
  8068.87 3.8481e-15   8317.64 0 
  8087.47 3.7666e-15   8336.81 0 
  8106.11 3.6953e-15   8356.03 0 
  8124.80 3.7097e-15   8375.29 0 
  8143.53 3.7328e-15   8394.60 0 
  8162.30 3.6622e-15   8413.95 0 
  8181.12 3.8145e-15   8433.35 0 
  8199.98 3.7595e-15   8452.79 0 
  8218.88 3.7655e-15   8472.27 0 
  8237.82 3.2773e-15   8491.80 0 
  8256.82 3.8300e-15   8511.38 0 
  8275.85 3.8273e-15   8531.00 0 
  8294.93 3.6778e-15   8550.67 0 
  8314.05 3.5422e-15   8570.38 0 
  8333.21 3.7065e-15   8590.14 0 
  8352.42 3.7038e-15   8609.94 0 
  8371.68 3.6336e-15   8629.79 0 
  8390.98 3.5320e-15   8649.68 0 
  8410.32 3.6619e-15   8669.62 0 
  8429.71 3.6761e-15   8689.60 0 
  8449.14 3.5324e-15   8709.64 0 
  8468.62 3.6204e-15   8729.71 0 
  8488.14 3.6596e-15   8749.84 0 
  8507.71 2.8517e-15   8770.01 0 
  8527.32 3.5710e-15   8790.23 0 
  8546.98 3.1079e-15   8810.49 0 
  8566.68 3.5821e-15   8830.80 0 
  8586.43 3.6628e-15   8851.16 0 
  8606.22 3.3535e-15   8871.56 0 
  8626.06 3.6155e-15   8892.01 0 
  8645.95 3.6462e-15   8912.51 0 
  8665.88 3.3152e-15   8933.05 0 
  8685.85 3.3280e-15   8953.65 0 
  8705.88 3.5469e-15   8974.29 0 
  8725.95 3.6268e-15   8994.98 0 
  8746.06 3.4609e-15   9015.71 0 
  8766.23 3.3640e-15   9036.50 0 
  8786.43 3.6018e-15   9057.33 0 
  8806.69 3.6073e-15   9078.20 0 
  8826.99 3.6211e-15   9099.13 0 
  8847.34 3.4396e-15   9120.11 0 
  8867.73 3.2747e-15   9141.13 0 
  8888.17 3.3253e-15   9162.20 0 
  8908.66 3.4793e-15   9183.33 0 
  8929.20 3.4526e-15   9204.50 0 
  8949.78 3.4738e-15   9225.71 0 
  8970.42 3.3609e-15   9246.98 0 
  8991.09 3.3737e-15   9268.30 0 
  9011.82 3.1388e-15   9289.66 0 
  9032.60 3.0508e-15   9311.08 0 
  9053.42 3.5898e-15   9332.54 0 
  9074.29 3.5214e-15   9354.06 0 
  9095.20 3.3294e-15   9375.62 0 
  9116.17 3.2735e-15   9397.23 0 
  9137.19 3.4172e-15   9418.90 0 
  9158.25 3.3753e-15   9440.61 0 
  9179.36 3.2208e-15   9462.37 0 
  9200.52 3.3775e-15   9484.18 0 
  9221.73 3.1713e-15   9506.05 0 
  9242.99 3.0753e-15   9527.96 0 
  9264.30 3.3077e-15   9549.93 0 
  9285.65 3.3975e-15   9571.94 0 
  9307.06 3.0395e-15   9594.01 0 
  9328.52 3.3531e-15   9616.12 0 
  9350.02 3.3425e-15   9638.29 0 
  9371.57 3.3015e-15   9660.51 0 
  9393.18 3.3292e-15   9682.78 0 
  9414.83 3.2582e-15   9705.10 0 
  9436.53 3.3313e-15   9727.47 0 
  9458.29 3.2828e-15   9749.90 0 
  9480.09 3.3256e-15   9772.37 0 
  9501.94 3.2546e-15   9794.90 0 
  9523.85 3.2146e-15   9817.48 0 
  9545.80 3.0252e-15   9840.11 0 
  9567.81 3.2016e-15   9862.79 0 
  9589.86 3.2885e-15   9885.53 0 
  9611.97 3.2555e-15   9908.32 0 
  9634.13 3.2602e-15   9931.16 0 
  9656.34 3.2423e-15   9954.05 0 
  9678.60 3.2246e-15   9977.00 0 
  9700.91 3.2591e-15  10000.00 0 
  9723.27 3.2041e-15  10023.05 0 
  9745.69 3.1866e-15  10046.15 0 
  9768.15 3.1911e-15  10069.31 0 
  9790.68 3.1590e-15  10092.53 0 
  9813.24 3.2075e-15  10115.80 0 
  9835.87 3.1825e-15  10139.12 0 
  9858.54 3.1870e-15  10162.49 0 
  9881.26 3.1695e-15  10185.91 0 
  9904.04 3.1521e-15  10209.39 0 
  9926.88 3.1637e-15  10232.94 0 
  9949.76 3.1608e-15  10256.52 0 
  9972.70 3.1579e-15  10280.17 0 
  9995.68 3.1405e-15  10303.86 0 
 10018.72 3.0804e-15  10327.61 0 
 10064.97 3.0186e-15  10375.28 0 
 10134.74 3.1087e-15  10447.20 0 
 10181.52 3.0886e-15  10495.42 0 
 10228.51 3.0970e-15  10543.86 0 
 10275.73 3.0911e-15  10592.54 0 
 10299.41 3.0810e-15  10616.96 0 
 10490.89 2.9873e-15  10814.34 0 
 10710.57 2.8792e-15  11040.79 0 
 10909.70 2.7307e-15  11246.05 0 
 11112.52 2.6319e-15  11455.13 0 
 11293.08 2.6018e-15  11641.26 0 
 11503.03 2.6078e-15  11857.68 0 
 11689.94 2.5602e-15  12050.36 0 
 11907.28 2.4847e-15  12274.40 0 
 12100.76 2.4563e-15  12473.84 0 
 12297.38 2.4226e-15  12676.52 0 
 12497.20 2.3674e-15  12882.50 0 
 12700.26 2.3189e-15  13091.82 0 
 12906.62 2.2766e-15  13304.55 0 
 13086.17 2.2453e-15  13489.63 0 
 13298.80 2.1892e-15  13708.82 0 
 13514.89 2.1542e-15  13931.57 0 
 13702.90 2.1148e-15  14125.38 0 
 13893.53 2.0572e-15  14321.88 0 
 14086.81 1.9737e-15  14521.12 0 
 14315.70 1.9332e-15  14757.07 0 
 14514.86 1.9377e-15  14962.36 0 
 14716.78 1.8936e-15  15170.51 0 
 14887.18 1.9155e-15  15346.17 0 
 15094.28 1.9155e-15  15559.65 0 
 15304.27 1.9421e-15  15776.11 0 
 15517.17 1.9421e-15  15995.58 0 
 15696.85 1.8979e-15  16180.80 0 
 15915.22 1.8209e-15  16405.90 0 
 16099.50 1.8293e-15  16595.86 0 
 16285.93 1.8293e-15  16788.04 0 
 16512.49 1.8000e-15  17021.58 0 
 16703.70 1.8000e-15  17218.69 0 
 16897.12 1.7794e-15  17418.08 0 
 17092.76 1.7590e-15  17619.75 0 
 17290.70 1.6993e-15  17823.79 0 
 17490.92 1.6645e-15  18030.18 0 
 17693.46 1.6117e-15  18238.96 0 
 17898.32 1.5605e-15  18450.14 0 
 18105.58 1.4972e-15  18663.79 0 
 18315.24 1.4631e-15  18879.91 0 
 18484.71 1.4200e-15  19054.62 0 
 18698.74 1.3623e-15  19275.24 0 
 18915.27 1.3344e-15  19498.44 0 
 19090.30 1.3221e-15  19678.87 0 
 19311.33 1.2891e-15  19906.72 0 
 19490.03 1.2453e-15  20090.93 0 
 19715.72 1.2142e-15  20323.57 0 
 19898.13 1.1838e-15  20511.61 0 
 20082.26 1.1676e-15  20701.41 0 
 20314.80 1.1331e-15  20941.13 0 
 20502.76 1.1227e-15  21134.88 0 
 20692.48 1.0997e-15  21330.45 0 
 20883.95 1.0796e-15  21527.83 0 
 21077.18 1.0648e-15  21727.01 0 
 21321.24 1.0454e-15  21978.60 0 
 21518.54 1.0263e-15  22181.97 0 
 21717.63 9.9834e-16  22387.21 0 
 21918.59 9.8464e-16  22594.36 0 
 22121.39 9.6445e-16  22803.41 0 
 22274.74 9.4249e-16  22961.49 0 
 22480.83 9.2347e-16  23173.93 0 
 22688.85 9.0233e-16  23388.37 0 
 22898.80 8.1902e-16  23604.79 0 
 23110.66 8.1699e-16  23823.19 0 
 23324.51 7.2798e-16  24043.63 0 
 23486.18 6.8595e-16  24210.28 0 
 23703.50 6.9691e-16  24434.31 0 
 23922.84 6.4870e-16  24660.40 0 
 24088.65 6.2978e-16  24831.33 0 
 24311.55 6.2811e-16  25061.10 0 
 24480.06 5.9314e-16  25234.80 0 
 24706.58 5.8882e-16  25468.31 0 
 24776.03 5.4394e-16  25539.90 2 
 24869.84 4.8954e-16  25636.60 2 
 24963.74 4.8135e-16  25733.40 2 
 25057.65 5.1256e-16  25830.20 2 
 25151.46 5.4324e-16  25926.90 2 
 25245.36 5.4514e-16  26023.70 2 
 25339.17 5.4081e-16  26120.40 2 
 25433.07 5.1699e-16  26217.20 2 
 25526.98 5.3656e-16  26314.00 2 
 25620.78 5.3431e-16  26410.70 2 
 25714.69 5.2235e-16  26507.50 2 
 25808.59 4.8419e-16  26604.30 2 
 25902.40 5.4732e-16  26701.00 2 
 25996.31 5.8661e-16  26797.80 2 
 26090.12 6.2166e-16  26894.50 2 
 26184.02 6.5405e-16  26991.30 2 
 26277.93 5.9141e-16  27088.10 2 
 26371.73 5.3270e-16  27184.80 2 
 26465.64 5.0154e-16  27281.60 2 
 26559.54 4.8719e-16  27378.40 2 
 26653.35 4.6018e-16  27475.10 2 
 26747.26 4.6973e-16  27571.90 2 
 26841.06 4.4250e-16  27668.60 2 
 26934.97 4.3016e-16  27765.40 2 
 27028.87 4.6428e-16  27862.20 2 
 27122.68 4.9011e-16  27958.90 2 
 27216.58 4.5094e-16  28055.70 2 
 27310.49 4.1949e-16  28152.50 2 
 27404.30 4.6831e-16  28249.20 2 
 27498.20 4.7871e-16  28346.00 2 
 27592.01 4.4988e-16  28442.70 2 
 27685.92 4.3369e-16  28539.50 2 
 27779.82 4.4571e-16  28636.30 2 
 27873.63 4.4599e-16  28733.00 2 
 27967.53 4.5879e-16  28829.80 2 
 28061.44 4.3217e-16  28926.60 2 
 28155.24 4.1969e-16  29023.30 2 
 28249.15 4.2113e-16  29120.10 2 
 28342.96 3.9815e-16  29216.80 2 
 28436.86 3.7370e-16  29313.60 2 
 28530.77 4.0636e-16  29410.40 2 
 28624.58 4.2010e-16  29507.10 2 
 28718.48 3.8568e-16  29603.90 2 
 28812.38 3.9250e-16  29700.70 2 
 28906.19 3.9269e-16  29797.40 2 
 29000.10 3.6639e-16  29894.20 2 
 29093.91 3.5177e-16  29990.90 2 
 29187.81 3.6875e-16  30087.70 2 
 29281.72 3.7817e-16  30184.50 2 
 29375.52 3.4896e-16  30281.20 2 
 29469.43 3.6138e-16  30378.00 2 
 29563.33 3.3570e-16  30474.80 2 
 29657.14 3.2214e-16  30571.50 2 
 29751.04 3.0982e-16  30668.30 2 
 29844.85 3.8117e-16  30765.00 2 
 29938.76 3.1953e-16  30861.80 2 
 30032.66 3.1676e-16  30958.60 2 
 30126.47 3.0399e-16  31055.30 2 
 30220.38 3.2624e-16  31152.10 2 
 30314.28 3.4266e-16  31248.90 2 
 30408.09 3.4282e-16  31345.60 2 
 30501.99 3.1850e-16  31442.40 2 
 30595.80 2.8696e-16  31539.10 2 
 30689.71 3.1197e-16  31635.90 2 
 30783.61 3.0779e-16  31732.70 2 
 30877.42 3.0117e-16  31829.40 2 
 30971.32 2.9522e-16  31926.20 2 
 31065.23 2.7503e-16  32023.00 2 
 31159.04 2.8956e-16  32119.70 2 
 31252.94 3.4014e-16  32216.50 2 
 31346.75 3.3690e-16  32313.20 2 
 31440.65 3.2016e-16  32410.00 2 
 31534.56 3.3946e-16  32506.80 2 
 31628.37 3.2128e-16  32603.50 2 
 31722.27 3.1139e-16  32700.30 2 
 31816.18 3.1124e-16  32797.10 2 
 31909.98 3.1715e-16  32893.80 2 
 32003.89 3.4475e-16  32990.60 2 
 32097.70 4.0079e-16  33087.30 2 
 32191.60 3.8946e-16  33184.10 2 
 32285.50 4.6032e-16  33280.90 2 
 32379.31 5.2036e-16  33377.60 2 
 32473.22 6.2396e-16  33474.40 2 
 32567.12 7.7565e-16  33571.20 2 
 32660.93 8.8812e-16  33667.90 2 
 32754.83 9.8875e-16  33764.70 2 
 32848.65 9.9281e-16  33861.40 2 
 32942.55 9.2787e-16  33958.20 2 
 33036.45 7.9518e-16  34055.00 2 
 33130.26 6.4572e-16  34151.70 2 
 33224.17 5.4939e-16  34248.50 2 
 33318.07 4.8822e-16  34345.30 2 
 33411.88 4.7324e-16  34442.00 2 
 33505.78 4.1648e-16  34538.80 2 
 33599.59 4.3326e-16  34635.50 2 
 33693.50 4.2497e-16  34732.30 2 
 33787.40 4.3733e-16  34829.10 2 
 33881.21 4.6140e-16  34925.80 2 
 33975.11 5.0349e-16  35022.60 2 
 34069.02 4.8269e-16  35119.40 2 
 34162.83 4.6945e-16  35216.10 2 
 34256.73 4.5296e-16  35312.90 2 
 34350.54 4.5677e-16  35409.60 2 
 34444.45 4.1241e-16  35506.40 2 
 34538.35 4.2655e-16  35603.20 2 
 34632.15 4.2009e-16  35699.90 2 
 34726.06 4.2635e-16  35796.70 2 
 34819.97 3.6207e-16  35893.50 2 
 34913.77 3.5685e-16  35990.20 2 
 35007.68 3.5891e-16  36087.00 2 
 35101.49 3.9262e-16  36183.70 2 
 35195.39 3.6258e-16  36280.50 2 
 35289.30 3.6736e-16  36377.30 2 
 35383.10 3.3948e-16  36474.00 2 
 35477.01 3.5033e-16  36570.80 2 
 35570.91 3.2295e-16  36667.60 2 
 35664.72 3.0766e-16  36764.30 2 
 35758.63 3.3679e-16  36861.10 2 
 35852.43 3.3465e-16  36957.80 2 
 35946.34 3.1885e-16  37054.60 2 
 36040.25 3.2856e-16  37151.40 2 
 36134.05 3.1314e-16  37248.10 2 
 36227.95 3.0685e-16  37344.90 2 
 36321.86 3.0881e-16  37441.70 2 
 36415.67 3.1488e-16  37538.40 2 
 36509.57 3.2376e-16  37635.20 2 
 36603.38 3.2097e-16  37731.90 2 
 36697.29 3.1203e-16  37828.70 2 
 36791.19 3.1732e-16  37925.50 2 
 36885.00 2.9676e-16  38022.20 2 
 36978.90 3.0376e-16  38119.00 2 
 37072.81 3.1364e-16  38215.80 2 
 37166.62 3.2105e-16  38312.50 2 
 37260.52 3.2971e-16  38409.30 2 
 37354.33 3.5545e-16  38506.00 2 
 37448.23 3.1924e-16  38602.80 2 
 37542.14 3.0162e-16  38699.60 2 
 37635.95 2.8435e-16  38796.30 2 
 37729.85 2.9767e-16  38893.10 2 
 37823.75 2.9971e-16  38989.90 2 
 37917.56 3.1341e-16  39086.60 2 
 38011.47 3.1020e-16  39183.40 2 
 38105.28 3.1355e-16  39280.10 2 
 38199.18 3.1508e-16  39376.90 2 
 38293.09 2.8512e-16  39473.70 2 
 38386.90 2.9129e-16  39570.40 2 
 38480.80 2.8331e-16  39667.20 2 
 38574.70 2.8914e-16  39764.00 2 
 38668.51 2.8670e-16  39860.70 2 
 38762.42 2.7547e-16  39957.50 2 
 38856.23 2.7531e-16  40054.20 2 
 38950.13 2.4829e-16  40151.00 2 
 39044.03 2.9723e-16  40247.80 2 
 39137.84 3.0179e-16  40344.50 2 
 39231.74 3.2575e-16  40441.30 2 
 39325.65 3.1240e-16  40538.10 2 
 39419.46 3.1277e-16  40634.80 2 
 39513.37 2.8044e-16  40731.60 2 
 39607.17 2.9431e-16  40828.30 2 
 39701.08 2.9508e-16  40925.10 2 
 39794.98 2.8589e-16  41021.90 2 
 39888.79 2.9389e-16  41118.60 2 
 39982.70 2.8098e-16  41215.40 2 
 40076.60 3.0476e-16  41312.20 2 
 40170.41 3.1085e-16  41408.90 2 
 40264.31 4.0004e-16  41505.70 2 
 40358.12 5.0785e-16  41602.40 2 
 40452.02 5.1961e-16  41699.20 2 
 40545.92 4.9433e-16  41796.00 2 
 40639.74 4.0338e-16  41892.70 2 
 40733.64 3.2466e-16  41989.50 2 
 40827.55 2.8754e-16  42086.30 2 
 40921.35 2.9113e-16  42183.00 2 
 41015.26 2.6124e-16  42279.80 2 
 41109.07 2.5275e-16  42376.50 2 
 41202.97 2.5532e-16  42473.30 2 
 41296.88 2.7769e-16  42570.10 2 
 41390.68 2.6470e-16  42666.80 2 
 41484.59 2.8032e-16  42763.60 2 
 41578.49 2.7021e-16  42860.40 2 
 41672.30 2.5443e-16  42957.10 2 
 41766.20 2.5398e-16  43053.90 2 
 41860.02 2.6844e-16  43150.60 2 
 41953.92 2.5727e-16  43247.40 2 
 42047.83 2.5655e-16  43344.20 2 
 42141.63 2.4718e-16  43440.90 2 
 42235.54 2.5361e-16  43537.70 2 
 42329.44 2.3667e-16  43634.50 2 
 42423.25 2.1529e-16  43731.20 2 
 42517.15 2.1660e-16  43828.00 2 
 42610.96 2.0959e-16  43924.70 2 
 42704.87 2.2096e-16  44021.50 2 
 42798.77 2.2594e-16  44118.30 2 
 42892.58 2.6022e-16  44215.00 2 
 42986.48 2.5911e-16  44311.80 2 
 43080.39 2.1916e-16  44408.60 2 
 43174.20 2.2587e-16  44505.30 2 
 43268.10 2.3935e-16  44602.10 2 
 43361.91 2.8511e-16  44698.80 2 
 43455.81 2.6552e-16  44795.60 2 
 43549.72 2.2034e-16  44892.40 2 
 43643.52 2.1892e-16  44989.10 2 
 43737.43 2.1723e-16  45085.90 2 
 43831.34 2.3004e-16  45182.70 2 
 43925.14 2.4581e-16  45279.40 2 
 44019.05 2.3529e-16  45376.20 2 
 44112.86 2.2231e-16  45472.90 2 
 44206.76 2.2348e-16  45569.70 2 
 44300.67 2.0048e-16  45666.50 2 
 44394.48 1.9231e-16  45763.20 2 
 44488.38 2.0893e-16  45860.00 2 
 44582.28 1.9838e-16  45956.80 2 
 44676.09 2.0313e-16  46053.50 2 
 44769.99 1.9692e-16  46150.30 2 
 44863.80 1.9261e-16  46247.00 2 
 44957.71 2.2497e-16  46343.80 2 
 45051.62 2.0146e-16  46440.60 2 
 45145.42 1.8616e-16  46537.30 2 
 45239.33 2.0089e-16  46634.10 2 
 45333.23 1.9030e-16  46730.90 2 
 45427.04 1.9127e-16  46827.60 2 
 45520.94 2.0107e-16  46924.40 2 
 45614.75 2.1580e-16  47021.10 2 
 45708.66 1.8927e-16  47117.90 2 
 45802.56 2.2173e-16  47214.70 2 
 45896.37 1.8207e-16  47311.40 2 
 45990.27 2.2400e-16  47408.20 2 
 46084.18 2.0452e-16  47505.00 2 
 46177.99 2.2509e-16  47601.70 2 
 46271.89 2.4721e-16  47698.50 2 
 46365.70 2.8323e-16  47795.20 2 
 46459.60 2.6719e-16  47892.00 2 
 46553.51 2.5148e-16  47988.80 2 
 46647.32 2.8556e-16  48085.50 2 
 46741.22 2.3589e-16  48182.30 2 
 46835.12 2.1734e-16  48279.10 2 
 46928.93 2.2961e-16  48375.80 2 
 47022.84 2.0664e-16  48472.60 2 
 47116.74 1.9715e-16  48569.40 2 
 47210.55 2.2754e-16  48666.10 2 
 47304.45 2.3454e-16  48762.90 2 
 47398.27 1.9261e-16  48859.60 2 
 47492.17 2.0592e-16  48956.40 2 
 47586.08 1.7042e-16  49053.20 2 
 47679.88 2.0622e-16  49149.90 2 
 47773.79 1.9998e-16  49246.70 2 
 47867.59 2.0869e-16  49343.40 2 
 47962.47 1.8229e-16  49441.20 2 
 48442.09 1.9959e-16  49935.61 0 
 48926.51 2.1707e-16  50434.96 0 
 49415.78 2.3471e-16  50939.32 0 
 49909.94 2.5254e-16  51448.71 0 
 50409.04 2.7054e-16  51963.20 0 
 50913.13 2.8873e-16  52482.83 0 
 51422.26 3.0709e-16  53007.66 0 
 51761.86 3.1934e-16  53357.73 3 
 52062.44 3.5243e-16  53667.58 3 
 52363.04 3.8491e-16  53977.44 3 
 52663.62 4.1365e-16  54287.29 3 
 52964.20 3.8040e-16  54597.14 3 
 53264.79 4.0503e-16  54907.00 3 
 53565.38 3.7417e-16  55216.85 3 
 53865.96 2.9664e-16  55526.70 3 
 54166.55 2.7469e-16  55836.56 3 
 54467.13 2.9838e-16  56146.41 3 
 54767.73 3.1860e-16  56456.27 3 
 55068.31 3.7206e-16  56766.12 3 
 55368.90 3.6450e-16  57075.98 3 
 55669.49 3.3751e-16  57385.83 3 
 55970.07 4.1626e-16  57695.68 3 
 56270.65 4.9984e-16  58005.53 3 
 56571.24 5.3150e-16  58315.39 3 
 56871.83 5.3908e-16  58625.25 3 
 57172.41 5.1113e-16  58935.10 3 
 57473.00 5.2267e-16  59244.95 3 
 57773.59 4.7329e-16  59554.81 3 
 58074.18 4.5338e-16  59864.66 3 
 58374.76 4.5283e-16  60174.51 3 
 58675.35 4.8740e-16  60484.37 3 
 58975.93 4.7357e-16  60794.22 3 
 59276.52 4.6982e-16  61104.07 3 
 59577.11 5.0584e-16  61413.93 3 
 59877.69 5.9039e-16  61723.78 3 
 60178.27 6.7278e-16  62033.63 3 
 60478.86 7.0111e-16  62343.49 3 
 60779.45 7.4448e-16  62653.34 3 
 61080.03 8.7219e-16  62963.19 3 
 61380.62 1.2194e-15  63273.05 3 
 61681.21 1.7387e-15  63582.90 3 
 61981.80 2.1139e-15  63892.76 3 
 62282.38 2.1684e-15  64202.61 3 
 62582.96 1.8371e-15  64512.46 3 
 62883.56 1.5193e-15  64822.32 3 
 63184.14 1.2141e-15  65132.17 3 
 63484.72 1.0494e-15  65442.02 3 
 63785.32 9.3319e-16  65751.88 3 
 64085.89 8.4556e-16  66061.73 3 
 64386.48 7.5181e-16  66371.58 3 
 64687.08 7.0018e-16  66681.45 3 
 64987.65 6.3268e-16  66991.29 3 
 65288.24 6.2189e-16  67301.14 3 
 65588.83 6.2999e-16  67611.00 3 
 65889.42 6.4996e-16  67920.85 3 
 66190.01 6.8223e-16  68230.71 3 
 66490.59 6.8344e-16  68540.56 3 
 66791.18 6.6180e-16  68850.41 3 
 67091.77 6.6063e-16  69160.27 3 
 67392.34 6.5097e-16  69470.12 3 
 67692.94 6.5187e-16  69779.98 3 
 67993.52 6.4022e-16  70089.83 3 
 68294.10 6.4125e-16  70399.68 3 
 68594.70 6.5661e-16  70709.54 3 
 68895.28 7.7051e-16  71019.39 3 
 69195.86 8.0918e-16  71329.24 3 
 69496.46 9.1236e-16  71639.10 3 
 69797.03 1.0640e-15  71948.95 3 
 70097.63 1.0045e-15  72258.81 3 
 70398.21 8.5680e-16  72568.66 3 
 70698.79 8.5473e-16  72878.51 3 
 70999.39 8.5633e-16  73188.38 3 
 71299.97 9.0707e-16  73498.22 3 
 71600.55 8.7607e-16  73808.07 3 
 71901.15 8.8853e-16  74117.93 3 
 72201.73 9.3119e-16  74427.78 3 
 72502.31 9.5520e-16  74737.63 3 
 72802.90 1.0085e-15  75047.48 3 
 73083.82 8.7435e-16  75337.06 3 
 73103.49 1.0901e-15  75357.34 3 
 73404.08 1.1636e-15  75667.20 3 
 73686.17 1.0478e-15  75957.99 3 
 73704.66 1.2099e-15  75977.05 3 
 74288.55 1.2906e-15  76578.94 3 
 74890.91 1.4429e-15  77199.88 3 
 75493.29 1.8189e-15  77820.82 3 
 76095.65 2.0288e-15  78441.76 3 
 76698.03 1.9003e-15  79062.71 3 
 77300.40 1.7993e-15  79683.65 3 
 77902.77 1.7520e-15  80304.59 3 
 78505.15 1.6810e-15  80925.54 3 
 79107.51 1.4755e-15  81546.48 3 
 79709.88 1.2708e-15  82167.41 3 
 80312.25 1.0942e-15  82788.36 3 
 80914.62 9.6947e-16  83409.30 3 
 81517.00 8.7761e-16  84030.25 3 
 82119.37 8.4959e-16  84651.19 3 
 82721.74 8.5338e-16  85272.13 3 
 83324.10 8.6337e-16  85893.07 3 
 83926.49 8.6628e-16  86514.02 3 
 84528.84 8.9493e-16  87134.95 3 
 85131.22 9.4427e-16  87755.90 3 
 85733.59 9.7352e-16  88376.84 3 
 86335.96 9.4498e-16  88997.78 3 
 86938.32 8.0555e-16  89618.72 3 
 87540.70 6.7724e-16  90239.66 3 
 88143.06 5.6438e-16  90860.60 3 
 88745.44 4.8520e-16  91481.55 3 
 89347.81 4.4357e-16  92102.49 3 
 89950.18 4.2084e-16  92723.44 3 
 90552.56 3.6141e-16  93344.38 3 
 91154.92 3.2876e-16  93965.32 3 
 91757.29 3.0467e-16  94586.26 3 
 92359.65 2.8857e-16  95207.20 3 
 92962.04 2.7446e-16  95828.15 3 
 93564.40 2.6075e-16  96449.09 3 
 94166.77 2.7249e-16  97070.02 3 
 94769.15 2.5421e-16  97690.98 3 
 95371.52 2.3680e-16  98311.92 3 
 95973.89 2.4835e-16  98932.86 3 
 96576.26 2.5579e-16  99553.80 3 
 97178.59 2.3205e-16 100174.70 3 
 97781.01 2.1257e-16 100795.70 3 
 98383.34 2.0902e-16 101416.59 3 
 98985.77 2.0636e-16 102037.60 3 
 99588.10 2.1519e-16 102658.50 3 
100190.52 2.1108e-16 103279.49 3 
100792.86 2.1141e-16 103900.41 3 
101395.19 2.0020e-16 104521.30 3 
101997.61 2.1140e-16 105142.30 3 
102599.94 2.2962e-16 105763.20 3 
103202.37 2.2894e-16 106384.20 3 
103804.70 2.3268e-16 107005.10 3 
104407.03 2.5988e-16 107626.00 3 
105009.45 3.0797e-16 108247.00 3 
105611.79 2.6934e-16 108867.91 3 
106214.21 2.8321e-16 109488.90 3 
106816.54 2.8753e-16 110109.80 3 
107418.96 2.8793e-16 110730.80 3 
108021.30 3.0786e-16 111351.70 3 
108623.63 3.0089e-16 111972.60 3 
109226.05 3.2495e-16 112593.60 3 
109828.38 3.7364e-16 113214.50 3 
110430.81 4.1314e-16 113835.50 3 
111033.14 4.4077e-16 114456.40 3 
111635.56 7.7438e-16 115077.40 3 
112237.89 9.7390e-16 115698.30 3 
112840.22 9.5159e-16 116319.20 3 
113442.65 8.1690e-16 116940.20 3 
114044.98 6.9892e-16 117561.10 3 
114647.40 6.1427e-16 118182.09 3 
115249.73 5.6794e-16 118802.99 3 
115852.16 5.3868e-16 119424.00 3 
116454.49 5.1974e-16 120044.90 3 
117056.82 4.7529e-16 120665.80 3 
117659.25 5.0130e-16 121286.80 3 
118261.58 5.3710e-16 121907.70 3 
118864.00 5.4911e-16 122528.70 3 
119466.33 5.6225e-16 123149.59 3 
120068.67 5.8760e-16 123770.51 3 
120671.09 5.8542e-16 124391.50 3 
121273.42 5.7750e-16 125012.40 3 
121875.84 5.8219e-16 125633.40 3 
122478.18 6.1529e-16 126254.30 3 
123080.60 6.3767e-16 126875.30 3 
123682.93 6.4366e-16 127496.20 3 
124285.26 6.7506e-16 128117.10 3 
124887.69 7.0346e-16 128738.10 3 
125490.02 7.3786e-16 129359.00 3 
126092.44 7.8345e-16 129980.00 3 
126694.77 8.2814e-16 130600.90 3 
127297.10 1.0273e-15 131221.80 3 
127899.53 1.2902e-15 131842.80 3 
128501.86 1.1812e-15 132463.70 3 
129104.29 8.7563e-16 133084.70 3 
129706.61 6.1109e-16 133705.59 3 
130309.04 5.9635e-16 134326.59 3 
130911.37 5.8473e-16 134947.50 3 
131513.71 5.8193e-16 135568.41 3 
132116.13 5.7428e-16 136189.41 3 
132718.45 5.7392e-16 136810.30 3 
133320.88 5.8351e-16 137431.30 3 
133923.22 5.7964e-16 138052.20 3 
134525.64 5.8299e-16 138673.20 3 
135127.96 6.0605e-16 139294.09 3 
135730.30 5.9457e-16 139915.00 3 
136332.73 5.7994e-16 140536.00 3 
136935.06 5.3179e-16 141156.91 3 
137537.47 5.7456e-16 141777.89 3 
138139.81 5.3009e-16 142398.80 3 
138742.24 5.3167e-16 143019.80 3 
139344.57 5.1461e-16 143640.70 3 
139946.89 4.9793e-16 144261.59 3 
140549.33 4.8650e-16 144882.61 3 
141067.65 5.3235e-16 145416.91 3 
141957.12 5.9520e-16 146333.80 3 
142846.69 7.2276e-16 147250.80 3 
143736.17 5.7706e-16 148167.70 3 
144625.64 5.7166e-16 149084.59 3 
145515.12 5.7151e-16 150001.50 3 
146404.70 5.6448e-16 150918.50 3 
147294.18 5.6314e-16 151835.41 3 
148183.65 5.6945e-16 152752.30 3 
149073.22 4.7609e-16 153669.30 3 
149962.70 5.4293e-16 154586.20 3 
150852.17 5.5375e-16 155503.09 3 
151741.65 4.6076e-16 156420.00 3 
152631.23 5.4128e-16 157337.00 3 
153520.71 5.5255e-16 158253.91 3 
154410.18 6.0168e-16 159170.80 3 
155299.75 7.5937e-16 160087.80 3 
156189.23 7.2234e-16 161004.70 3 
157078.70 6.8681e-16 161921.59 3 
157968.27 5.6597e-16 162838.59 3 
158857.76 5.6294e-16 163755.50 3 
159747.22 5.5790e-16 164672.39 3 
160636.71 7.4792e-16 165589.30 3 
161526.30 5.9956e-16 166506.31 3 
162415.75 5.6964e-16 167423.19 3 
163305.23 6.0735e-16 168340.09 3 
164194.71 6.4771e-16 169257.00 3 
165084.29 7.9077e-16 170174.00 3 
165973.77 6.2242e-16 171090.91 3 
166863.25 6.3064e-16 172007.81 3 
167752.83 6.3661e-16 172924.81 3 
168642.29 6.7166e-16 173841.70 3 
169531.78 6.6221e-16 174758.61 3 
170421.35 6.9718e-16 175675.61 3 
171310.82 6.6736e-16 176592.50 3 
172200.30 5.8907e-16 177509.41 3 
173089.77 6.5163e-16 178426.30 3 
173979.34 6.5244e-16 179343.30 3 
174868.82 6.3984e-16 180260.20 3 
175758.29 6.1913e-16 181177.09 3 
176647.86 6.1193e-16 182094.09 3 
177537.35 6.1530e-16 183011.00 3 
178426.81 6.1365e-16 183927.89 3 
179316.39 6.1247e-16 184844.89 3 
180205.87 6.0142e-16 185761.80 3 
181095.35 5.9468e-16 186678.70 3 
181984.82 5.9284e-16 187595.59 3 
182874.39 5.9509e-16 188512.59 3 
183763.88 6.0184e-16 189429.50 3 
184653.34 6.2503e-16 190346.39 3 
185542.93 6.2170e-16 191263.41 3 
186432.41 7.2771e-16 192180.31 3 
187321.87 8.2423e-16 193097.19 3 
188211.35 6.9202e-16 194014.09 3 
189100.94 5.6167e-16 194931.11 3 
189990.41 6.2896e-16 195848.00 3 
190879.89 6.1320e-16 196764.91 3 
191769.46 6.2844e-16 197681.91 3 
192658.93 5.6205e-16 198598.80 3 
193548.41 6.4991e-16 199515.70 3 
194437.89 7.6803e-16 200432.61 3 
195327.47 6.5323e-16 201349.61 3 
196216.94 6.6990e-16 202266.50 3 
197106.42 6.6013e-16 203183.41 3 
197995.99 5.8947e-16 204100.41 3 
199404.56 6.1327e-16 205552.41 3 
201107.06 6.8872e-16 207307.39 3 
202810.54 6.7095e-16 209063.39 3 
204515.00 6.4793e-16 210820.41 3 
206220.32 7.2299e-16 212578.30 3 
207926.51 7.1187e-16 214337.09 3 
209633.67 6.6826e-16 216096.89 3 
211341.73 7.0816e-16 217857.61 3 
213050.73 7.4778e-16 219619.30 3 
214760.71 7.2132e-16 221382.00 3 
216471.56 7.1327e-16 223145.59 3 
218183.39 7.3740e-16 224910.20 3 
219896.09 7.4528e-16 226675.70 3 
221609.74 7.4364e-16 228442.19 3 
223324.37 7.1338e-16 230209.69 3 
225039.89 7.2994e-16 231978.09 3 
226756.37 6.3900e-16 233747.50 3 
228473.83 7.7618e-16 235517.91 3 
230192.15 7.6414e-16 237289.20 3 
231911.54 8.7937e-16 239061.61 3 
233631.71 8.6406e-16 240834.81 3 
235352.93 7.9306e-16 242609.09 3 
237075.14 7.9989e-16 244384.41 3 
238798.22 9.1887e-16 246160.61 3 
240522.26 9.1299e-16 247937.80 3 
242247.27 8.2171e-16 249716.00 3 
243973.16 8.4778e-16 251495.09 3 
245700.12 8.3133e-16 253275.30 3 
247427.95 8.8989e-16 255056.41 3 
249156.85 8.4302e-16 256838.61 3 
250886.60 8.4080e-16 258621.69 3 
252617.37 8.4778e-16 260405.81 3 
254349.07 8.3289e-16 262190.91 3 
256081.74 8.5431e-16 263977.00 3 
257815.39 8.6340e-16 265764.09 3 
259550.03 8.8319e-16 267552.22 3 
261285.62 8.8859e-16 269341.31 3 
263022.17 8.7082e-16 271131.41 3 
264759.69 8.8322e-16 272922.50 3 
266498.19 8.7865e-16 274714.59 3 
268237.77 7.5070e-16 276507.81 3 
269978.21 8.8500e-16 278301.91 3 
271719.61 9.1518e-16 280097.00 3 
273462.08 9.3434e-16 281893.19 3 
275205.54 9.2094e-16 283690.41 3 
276949.86 9.2590e-16 285488.50 3 
278695.23 9.2028e-16 287287.69 3 
280441.61 9.2813e-16 289087.91 3 
282189.05 9.1800e-16 290889.22 3 
283937.43 9.6672e-16 292691.50 3 
285686.71 9.4153e-16 294494.72 3 
287437.12 9.3339e-16 296299.09 3 
289188.44 9.2879e-16 298104.41 3 
290940.79 9.5056e-16 299910.78 3 
292694.13 9.3943e-16 301718.19 3 
294448.45 9.2558e-16 303526.59 3 
296203.83 9.5162e-16 305336.09 3 
297960.18 9.5851e-16 307146.59 3 
299717.50 9.6552e-16 308958.09 3 
301475.88 9.6235e-16 310770.69 3 
303235.36 9.7103e-16 312584.41 3 
304995.77 9.5595e-16 314399.09 3 
306757.18 1.0455e-15 316214.81 3 
308519.53 1.0028e-15 318031.50 3 
310283.07 9.8990e-16 319849.41 3 
312047.48 9.9187e-16 321668.22 3 
313813.02 1.0203e-15 323488.19 3 
315579.46 9.8665e-16 325309.09 3 
317347.06 1.0047e-15 327131.19 3 
319115.66 1.1794e-15 328954.31 3 
320885.16 1.0199e-15 330778.38 3 
322655.79 9.9968e-16 332603.59 3 
324427.48 9.4877e-16 334429.91 3 
326200.20 1.0246e-15 336257.28 3 
327973.95 1.0376e-15 338085.72 3 
329748.71 1.0642e-15 339915.19 3 
331524.46 1.0540e-15 341745.69 3 
333301.30 1.1001e-15 343577.31 3 
335079.30 1.1807e-15 345410.12 3 
336858.14 1.2385e-15 347243.81 3 
338638.17 1.0369e-15 349078.72 3 
