# An Atlas of Galaxy Spectral Energy Distributions from the Ultraviolet to the Mid-Infrared
# Brown et al. (2014)
# http://dx.doi.org/10.5072/03/529D3551F0117
# 
# Column 1 : Restframe Wavelength (Angstrom)
# Column 2 : Flux per unit wavelength (ergs/s/cm^2/Angstrom)
# Column 3 : Observed wavelength (Angstrom)
# Column 4 : Source (0 = model, 1 = Optical Spectrum, 2 = Akari, 3 = Spitzer IRS)
# 
   102.00 4.6845e-22    105.44 0 
   103.90 5.9932e-22    107.40 0 
   106.07 7.7922e-22    109.65 0 
   108.05 1.0343e-21    111.69 0 
   110.05 1.5334e-21    113.76 0 
   113.92 2.3695e-21    117.76 0 
   117.92 3.4329e-21    121.90 0 
   120.95 1.3541e-20    125.03 0 
   124.91 1.8099e-20    129.12 0 
   126.94 2.0214e-20    131.22 0 
   128.12 2.1760e-20    132.43 0 
   131.10 2.5273e-20    135.52 0 
   132.01 3.0385e-20    136.46 0 
   133.85 3.3163e-20    138.36 0 
   136.96 4.4021e-20    141.58 0 
   140.15 4.9964e-20    144.88 0 
   143.09 1.4678e-19    147.91 0 
   147.10 3.9688e-19    152.05 0 
   150.87 4.4633e-19    155.96 0 
   155.10 5.0659e-19    160.32 0 
   159.08 5.7764e-19    164.44 0 
   162.03 6.3046e-19    167.49 0 
   166.19 7.1723e-19    171.79 0 
   170.06 7.9554e-19    175.79 0 
   172.82 8.6429e-19    178.65 0 
   176.85 9.5205e-19    182.81 0 
   180.14 1.0225e-18    186.21 0 
   181.80 1.0707e-18    187.93 0 
   186.04 1.1713e-18    192.31 0 
   190.81 1.3051e-18    197.24 0 
   193.91 1.3985e-18    200.45 0 
   197.97 1.5089e-18    204.64 0 
   202.12 1.6355e-18    208.93 0 
   204.93 1.7324e-18    211.84 0 
   210.19 1.8099e-18    217.27 0 
   216.08 2.0973e-18    223.36 0 
   220.09 2.2525e-18    227.51 0 
   223.15 2.3370e-18    230.67 0 
   226.78 2.5099e-18    234.42 0 
   229.94 3.8785e-18    237.68 0 
   234.21 6.4664e-18    242.10 0 
   240.22 8.2160e-18    248.31 0 
   245.81 7.9737e-18    254.10 0 
   252.12 8.7229e-18    260.62 0 
   256.81 7.5277e-18    265.46 0 
   259.78 8.7833e-18    268.53 0 
   264.00 9.3683e-18    272.90 0 
   268.91 9.5205e-18    277.97 0 
   273.91 9.6530e-18    283.14 0 
   279.00 9.7872e-18    288.40 0 
   284.19 9.9463e-18    293.76 0 
   290.14 9.6530e-18    299.92 0 
   296.21 9.9692e-18    306.20 0 
   301.03 9.9463e-18    311.17 0 
   308.04 1.0225e-17    318.42 0 
   318.13 1.0658e-17    328.85 0 
   327.80 1.0831e-17    338.84 0 
   337.76 1.0881e-17    349.14 0 
   348.02 1.0906e-17    359.75 0 
   356.95 1.0981e-17    368.98 0 
   366.10 1.1134e-17    378.44 0 
   374.63 1.1109e-17    387.26 0 
   385.13 1.0731e-17    398.11 0 
   395.01 1.1058e-17    408.32 0 
   405.14 1.1134e-17    418.79 0 
   413.62 1.1032e-17    427.56 0 
   422.28 1.0881e-17    436.52 0 
   430.14 1.0756e-17    444.63 0 
   441.17 1.0756e-17    456.04 0 
   451.45 1.0584e-17    466.66 0 
   459.84 1.0391e-17    475.34 0 
   469.47 1.0272e-17    485.29 0 
   480.40 1.0248e-17    496.59 0 
   490.46 9.9463e-18    506.99 0 
   499.58 9.9922e-18    516.42 0 
   506.53 9.8551e-18    523.60 0 
   512.40 1.0906e-17    529.66 0 
   519.52 1.0856e-17    537.03 0 
   530.40 1.0682e-17    548.28 0 
   540.26 1.0272e-17    558.47 0 
   550.31 1.0682e-17    568.85 0 
   560.54 1.1237e-17    579.43 0 
   569.65 1.1686e-17    588.84 0 
   580.24 1.1367e-17    599.79 0 
   589.67 1.2069e-17    609.54 0 
   600.63 1.1876e-17    620.87 0 
   610.39 1.1632e-17    630.96 0 
   620.31 1.3448e-17    641.21 0 
   630.38 1.3730e-17    651.63 0 
   640.63 1.4049e-17    662.22 0 
   649.54 1.4814e-17    671.43 0 
   658.58 1.5124e-17    680.77 0 
   664.67 1.5910e-17    687.07 0 
   675.47 1.6243e-17    698.23 0 
   684.87 1.5764e-17    707.95 0 
   694.39 1.8778e-17    717.79 0 
   705.68 1.7687e-17    729.46 0 
   715.49 2.0877e-17    739.61 0 
   725.45 2.1710e-17    749.89 0 
   735.54 2.2577e-17    760.33 0 
   745.77 2.4415e-17    770.90 0 
   754.41 2.5743e-17    779.83 0 
   764.90 2.5981e-17    790.68 0 
   775.54 2.9151e-17    801.68 0 
   784.52 3.0245e-17    810.96 0 
   795.44 3.2334e-17    822.24 0 
   804.65 3.4093e-17    831.76 0 
   815.84 3.5617e-17    843.33 0 
   825.29 3.8695e-17    853.10 0 
   834.84 3.2409e-17    862.98 0 
   844.51 4.1272e-17    872.97 0 
   854.29 4.2625e-17    883.08 0 
   864.18 4.6096e-17    893.31 0 
   874.19 4.9279e-17    903.65 0 
   884.31 5.3047e-17    914.11 0 
   894.55 5.6061e-17    924.70 0 
   904.91 5.6710e-17    935.41 0 
   915.39 7.6324e-17    946.24 0 
   925.99 4.3019e-16    957.19 0 
   934.56 9.2185e-16    966.05 0 
   945.38 1.7205e-15    977.24 0 
   954.13 2.4359e-15    986.28 0 
   965.17 2.6894e-15    997.70 0 
   974.10 4.4531e-16   1006.93 0 
   985.38 2.1710e-15   1018.59 0 
   994.50 2.3478e-15   1028.02 0 
  1006.02 3.5291e-15   1039.92 0 
  1015.33 3.4408e-15   1049.54 0 
  1024.72 1.5440e-15   1059.25 0 
  1034.20 2.3859e-15   1069.05 0 
  1046.18 4.6308e-15   1081.43 0 
  1055.86 4.5254e-15   1091.44 0 
  1065.63 3.5129e-15   1101.54 0 
  1075.49 4.2234e-15   1111.73 0 
  1085.44 3.2935e-15   1122.02 0 
  1095.48 4.4531e-15   1132.40 0 
  1105.62 4.2723e-15   1142.88 0 
  1115.85 4.0800e-15   1153.45 0 
  1126.17 3.6279e-15   1164.13 0 
  1133.98 4.7061e-15   1172.20 0 
  1144.47 4.2625e-15   1183.04 0 
  1155.06 4.5463e-15   1193.99 0 
  1165.75 4.6737e-15   1205.04 0 
  1173.83 3.1453e-15   1213.39 0 
  1184.69 4.5254e-15   1224.62 0 
  1195.65 3.0879e-15   1235.95 0 
  1203.94 2.2063e-15   1244.51 0 
  1215.08 1.5873e-15   1256.03 0 
  1226.32 3.1236e-15   1267.65 0 
  1234.82 4.7278e-15   1276.44 0 
  1246.25 5.1839e-15   1288.25 0 
  1254.89 4.9279e-15   1297.18 0 
  1263.59 4.2331e-15   1306.17 0 
  1275.28 5.5165e-15   1318.26 0 
  1284.12 5.7898e-15   1327.39 0 
  1296.00 4.4943e-15   1339.68 0 
  1304.99 4.4531e-15   1348.96 0 
  1314.03 5.6450e-15   1358.31 0 
  1326.19 5.3785e-15   1370.88 0 
  1335.38 4.7387e-15   1380.38 0 
  1344.64 5.6972e-15   1389.95 0 
  1353.96 5.5038e-15   1399.59 0 
  1366.49 4.8827e-15   1412.54 0 
  1375.96 5.1364e-15   1422.33 0 
  1385.50 5.1839e-15   1432.19 0 
  1395.10 4.4224e-15   1442.12 0 
  1404.77 4.5778e-15   1452.11 0 
  1414.51 4.7826e-15   1462.18 0 
  1424.31 4.9052e-15   1472.31 0 
  1434.19 4.8940e-15   1482.52 0 
  1440.81 5.1720e-15   1489.36 0 
  1447.46 5.2682e-15   1496.24 0 
  1454.14 5.1011e-15   1503.14 0 
  1464.22 4.6845e-15   1513.56 0 
  1474.37 4.6953e-15   1524.05 0 
  1484.59 4.7936e-15   1534.62 0 
  1494.88 4.8827e-15   1545.25 0 
  1505.24 4.5990e-15   1555.97 0 
  1512.19 4.0800e-15   1563.15 0 
  1515.67 4.3718e-15   1566.75 0 
  1526.18 4.2723e-15   1577.61 0 
  1536.76 3.6954e-15   1588.55 0 
  1543.85 4.0613e-15   1595.88 0 
  1554.55 3.8341e-15   1606.94 0 
  1565.33 3.9324e-15   1618.08 0 
  1576.18 4.2625e-15   1629.30 0 
  1583.45 4.4943e-15   1636.82 0 
  1594.43 4.6202e-15   1648.16 0 
  1605.48 4.5150e-15   1659.59 0 
  1616.61 4.5046e-15   1671.09 0 
  1624.07 4.2331e-15   1678.80 0 
  1635.33 4.5463e-15   1690.44 0 
  1646.67 4.6737e-15   1702.16 0 
  1654.27 4.2429e-15   1710.02 0 
  1665.73 4.7169e-15   1721.87 0 
  1673.42 4.0894e-15   1729.82 0 
  1677.28 4.9392e-15   1733.80 0 
  1685.02 5.1601e-15   1741.81 0 
  1696.70 4.7606e-15   1753.88 0 
  1704.53 4.5884e-15   1761.98 0 
  1716.35 4.4326e-15   1774.19 0 
  1724.27 4.4224e-15   1782.38 0 
  1736.22 4.7716e-15   1794.73 0 
  1744.24 4.6522e-15   1803.02 0 
  1756.33 5.0311e-15   1815.52 0 
  1764.43 4.5046e-15   1823.90 0 
  1776.66 4.7061e-15   1836.54 0 
  1784.87 4.7606e-15   1845.02 0 
  1793.10 5.2079e-15   1853.53 0 
  1805.53 5.1011e-15   1866.38 0 
  1813.87 4.7716e-15   1874.99 0 
  1826.44 4.8046e-15   1887.99 0 
  1834.87 4.5778e-15   1896.71 0 
  1843.34 4.1750e-15   1905.46 0 
  1856.12 4.2821e-15   1918.67 0 
  1864.69 4.4839e-15   1927.53 0 
  1873.29 4.7496e-15   1936.42 0 
  1886.28 4.4326e-15   1949.84 0 
  1894.98 4.3417e-15   1958.84 0 
  1903.73 4.5046e-15   1967.89 0 
  1916.93 4.4122e-15   1981.53 0 
  1925.77 4.3019e-15   1990.67 0 
  1934.66 4.2331e-15   1999.86 0 
  1943.59 4.6522e-15   2009.09 0 
  1957.07 4.4021e-15   2023.02 0 
  1966.10 4.8491e-15   2032.36 0 
  1975.17 4.9279e-15   2041.74 0 
  1984.29 4.6845e-15   2051.16 0 
  1993.45 4.5568e-15   2060.63 0 
  2007.27 4.6096e-15   2074.91 0 
  2016.53 4.4633e-15   2084.49 0 
  2025.84 4.5884e-15   2094.11 0 
  2035.19 4.4736e-15   2103.78 0 
  2044.59 4.6953e-15   2113.49 0 
  2054.02 4.4122e-15   2123.24 0 
  2063.50 4.4122e-15   2133.04 0 
  2073.03 4.8603e-15   2142.89 0 
  2077.81 4.7496e-15   2147.83 0 
  2087.40 4.8715e-15   2157.74 0 
  2097.03 4.5990e-15   2167.70 0 
  2106.71 4.5359e-15   2177.71 0 
  2116.44 4.5990e-15   2187.76 0 
  2126.21 4.6737e-15   2197.86 0 
  2136.02 4.2429e-15   2208.01 0 
  2145.88 4.4633e-15   2218.20 0 
  2155.79 4.6096e-15   2228.44 0 
  2165.74 4.4021e-15   2238.72 0 
  2175.73 4.3819e-15   2249.05 0 
  2185.78 4.3718e-15   2259.44 0 
  2195.86 4.5990e-15   2269.86 0 
  2206.00 4.4531e-15   2280.34 0 
  2216.18 4.1654e-15   2290.87 0 
  2226.41 4.0526e-15   2301.44 0 
  2236.69 4.4288e-15   2312.07 0 
  2247.01 4.2056e-15   2322.74 0 
  2257.38 3.9754e-15   2333.46 0 
  2262.59 4.0519e-15   2338.84 0 
  2273.03 4.1996e-15   2349.63 0 
  2283.52 4.3628e-15   2360.48 0 
  2294.06 4.0675e-15   2371.37 0 
  2304.65 4.1484e-15   2382.32 0 
  2315.29 3.9486e-15   2393.32 0 
  2325.98 3.0550e-15   2404.36 0 
  2336.71 3.5775e-15   2415.46 0 
  2347.50 3.3740e-15   2426.61 0 
  2352.91 3.8320e-15   2432.20 0 
  2363.77 3.3806e-15   2443.43 0 
  2374.68 3.5692e-15   2454.71 0 
  2385.64 3.1779e-15   2466.04 0 
  2396.66 3.4412e-15   2477.42 0 
  2407.72 3.3212e-15   2488.86 0 
  2413.27 3.4244e-15   2494.60 0 
  2424.41 3.7684e-15   2506.11 0 
  2435.60 3.6370e-15   2517.68 0 
  2446.84 3.8666e-15   2529.30 0 
  2452.48 3.8337e-15   2535.13 0 
  2463.80 3.7950e-15   2546.83 0 
  2475.17 3.6207e-15   2558.59 0 
  2486.60 3.6676e-15   2570.40 0 
  2492.33 3.3938e-15   2576.32 0 
  2503.83 3.9653e-15   2588.21 0 
  2515.39 3.3796e-15   2600.16 0 
  2527.00 3.2769e-15   2612.16 0 
  2532.83 3.3556e-15   2618.18 0 
  2544.52 3.3294e-15   2630.27 0 
  2556.26 3.6641e-15   2642.41 0 
  2562.16 3.5178e-15   2648.50 0 
  2573.98 3.7746e-15   2660.72 0 
  2585.86 3.7195e-15   2673.01 0 
  2597.80 3.6399e-15   2685.34 0 
  2603.79 3.4946e-15   2691.54 0 
  2615.81 3.4041e-15   2703.96 0 
  2627.88 3.6951e-15   2716.44 0 
  2633.94 3.8809e-15   2722.70 0 
  2646.10 4.3506e-15   2735.27 0 
  2652.20 4.5067e-15   2741.57 0 
  2664.44 3.9580e-15   2754.23 0 
  2676.74 4.1985e-15   2766.94 0 
  2682.91 4.2112e-15   2773.32 0 
  2695.29 3.9449e-15   2786.12 0 
  2707.73 4.1177e-15   2798.98 0 
  2713.97 3.8368e-15   2805.43 0 
  2726.50 3.8248e-15   2818.38 0 
  2732.79 4.0543e-15   2824.88 0 
  2745.40 3.3539e-15   2837.92 0 
  2758.07 3.5090e-15   2851.02 0 
  2764.43 3.6941e-15   2857.59 0 
  2777.19 3.9097e-15   2870.78 0 
  2783.59 3.5356e-15   2877.40 0 
  2796.44 2.6613e-15   2890.68 0 
  2802.89 2.8868e-15   2897.34 0 
  2815.82 3.8465e-15   2910.72 0 
  2822.31 4.2013e-15   2917.43 0 
  2835.34 4.0648e-15   2930.89 0 
  2841.88 3.9207e-15   2937.65 0 
  2855.00 3.6899e-15   2951.21 0 
  2868.17 4.2040e-15   2964.83 0 
  2874.79 4.2363e-15   2971.67 0 
  2888.05 4.2038e-15   2985.38 0 
  2894.71 4.1780e-15   2992.27 0 
  2908.07 4.6626e-15   3006.08 0 
  2928.23 4.4424e-15   3026.91 0 
  2948.53 4.3713e-15   3047.89 0 
  2968.97 4.4938e-15   3069.02 0 
  2989.55 4.5250e-15   3090.30 0 
  3010.27 4.5986e-15   3111.72 0 
  3031.14 4.5987e-15   3133.29 0 
  3052.15 4.6202e-15   3155.01 0 
  3073.30 4.6847e-15   3176.87 0 
  3087.49 4.7355e-15   3191.54 0 
  3108.89 4.7467e-15   3213.66 0 
  3130.44 4.6712e-15   3235.94 0 
  3152.14 4.7257e-15   3258.37 0 
  3166.69 4.7552e-15   3273.41 0 
  3188.64 4.4793e-15   3296.10 0 
  3210.74 4.6802e-15   3318.94 0 
  3233.00 4.4190e-15   3341.95 0 
  3247.92 4.7866e-15   3357.38 0 
  3270.44 5.0014e-15   3380.65 0 
  3293.10 4.9793e-15   3404.08 0 
  3308.30 4.9760e-15   3419.79 0 
  3323.58 5.0303e-15   3435.58 0 
  3331.24 5.0345e-15   3443.50 0 
  3338.92 4.7788e-15   3451.44 0 
  3346.61 5.0778e-15   3459.39 0 
  3354.33 4.8645e-15   3467.37 0 
  3362.06 4.7250e-15   3475.36 0 
  3369.81 4.9518e-15   3483.37 0 
  3377.58 4.7438e-15   3491.40 0 
  3385.36 4.8249e-15   3499.45 0 
  3393.17 5.1387e-15   3507.52 0 
  3400.99 5.4729e-15   3515.60 0 
  3408.83 4.9612e-15   3523.71 0 
  3416.69 4.9998e-15   3531.83 0 
  3424.57 5.3250e-15   3539.97 0 
  3432.46 5.5041e-15   3548.13 0 
  3440.37 5.2246e-15   3556.31 0 
  3448.30 4.8130e-15   3564.51 0 
  3456.25 4.9521e-15   3572.73 0 
  3464.22 4.6898e-15   3580.96 0 
  3472.21 5.1585e-15   3589.22 0 
  3480.21 4.7631e-15   3597.49 0 
  3488.23 5.0381e-15   3605.79 0 
  3496.27 4.9276e-15   3614.10 0 
  3504.33 5.1642e-15   3622.43 0 
  3512.41 5.0162e-15   3630.78 0 
  3520.51 5.2330e-15   3639.15 0 
  3528.63 4.7657e-15   3647.54 0 
  3536.76 5.1582e-15   3655.95 0 
  3544.91 5.3441e-15   3664.37 0 
  3553.08 5.4106e-15   3672.82 0 
  3560.40 5.4965e-15   3680.39 1 
  3563.06 6.2873e-15   3683.14 1 
  3565.72 6.1448e-15   3685.89 1 
  3568.39 4.8480e-15   3688.64 1 
  3571.05 4.8843e-15   3691.39 1 
  3573.71 5.8540e-15   3694.14 1 
  3576.37 5.7698e-15   3696.89 1 
  3579.03 4.3718e-15   3699.64 1 
  3581.69 3.8014e-15   3702.39 1 
  3584.35 4.5327e-15   3705.14 1 
  3587.01 4.5351e-15   3707.89 1 
  3589.67 5.3242e-15   3710.64 1 
  3592.33 4.9153e-15   3713.39 1 
  3594.99 5.4839e-15   3716.14 1 
  3597.65 5.0580e-15   3718.89 1 
  3600.31 5.0284e-15   3721.64 1 
  3602.97 5.1471e-15   3724.39 1 
  3605.63 4.9777e-15   3727.14 1 
  3608.29 4.1930e-15   3729.89 1 
  3610.95 4.9630e-15   3732.64 1 
  3613.61 4.7803e-15   3735.39 1 
  3616.27 5.5804e-15   3738.14 1 
  3618.93 4.2194e-15   3740.89 1 
  3621.59 4.2836e-15   3743.64 1 
  3624.25 4.5888e-15   3746.39 1 
  3626.91 5.1828e-15   3749.14 1 
  3629.57 5.0804e-15   3751.89 1 
  3632.23 5.4008e-15   3754.64 1 
  3634.89 4.9222e-15   3757.39 1 
  3637.55 5.2066e-15   3760.14 1 
  3640.21 5.4938e-15   3762.89 1 
  3642.88 5.3904e-15   3765.64 1 
  3645.54 4.5113e-15   3768.39 1 
  3648.20 5.5806e-15   3771.14 1 
  3650.86 5.6606e-15   3773.89 1 
  3653.52 5.2319e-15   3776.64 1 
  3656.18 5.2844e-15   3779.39 1 
  3658.84 5.2217e-15   3782.14 1 
  3661.50 5.5567e-15   3784.89 1 
  3664.16 5.5334e-15   3787.64 1 
  3666.82 4.5985e-15   3790.39 1 
  3669.48 5.4386e-15   3793.14 1 
  3672.14 5.7179e-15   3795.89 1 
  3674.80 5.8722e-15   3798.64 1 
  3677.46 5.7757e-15   3801.39 1 
  3680.12 5.5956e-15   3804.14 1 
  3682.78 5.5270e-15   3806.89 1 
  3685.44 5.2426e-15   3809.64 1 
  3688.10 6.0341e-15   3812.39 1 
  3690.76 5.0359e-15   3815.14 1 
  3693.42 5.3201e-15   3817.89 1 
  3696.08 5.2423e-15   3820.64 1 
  3698.74 5.1290e-15   3823.39 1 
  3701.40 4.7012e-15   3826.14 1 
  3704.06 4.7884e-15   3828.89 1 
  3706.72 5.2328e-15   3831.64 1 
  3709.38 4.9882e-15   3834.39 1 
  3712.04 5.5406e-15   3837.14 1 
  3714.70 6.1863e-15   3839.89 1 
  3717.36 9.1281e-15   3842.64 1 
  3720.03 1.2694e-14   3845.39 1 
  3722.69 1.5299e-14   3848.14 1 
  3725.35 1.4295e-14   3850.89 1 
  3728.01 1.0828e-14   3853.64 1 
  3730.67 7.5564e-15   3856.39 1 
  3733.33 5.8585e-15   3859.14 1 
  3735.99 5.6167e-15   3861.89 1 
  3738.65 5.4976e-15   3864.64 1 
  3741.31 5.6016e-15   3867.39 1 
  3743.97 5.2988e-15   3870.14 1 
  3746.63 5.7751e-15   3872.89 1 
  3749.29 6.0969e-15   3875.64 1 
  3751.95 6.2007e-15   3878.39 1 
  3754.61 5.8956e-15   3881.14 1 
  3757.27 5.9733e-15   3883.89 1 
  3759.93 6.3973e-15   3886.64 1 
  3762.59 5.4253e-15   3889.39 1 
  3765.25 5.8494e-15   3892.14 1 
  3767.91 6.0849e-15   3894.89 1 
  3770.57 5.8403e-15   3897.64 1 
  3773.23 6.7054e-15   3900.39 1 
  3775.89 7.2964e-15   3903.14 1 
  3778.55 7.2158e-15   3905.89 1 
  3781.21 7.3197e-15   3908.64 1 
  3783.87 6.9363e-15   3911.39 1 
  3786.53 6.6344e-15   3914.14 1 
  3789.19 5.4436e-15   3916.89 1 
  3791.85 4.9808e-15   3919.64 1 
  3794.51 5.4912e-15   3922.39 1 
  3797.18 5.9509e-15   3925.14 1 
  3799.84 5.8637e-15   3927.89 1 
  3802.50 6.9263e-15   3930.64 1 
  3805.16 7.7816e-15   3933.39 1 
  3807.82 7.0567e-15   3936.14 1 
  3810.48 7.2314e-15   3938.89 1 
  3813.14 7.1504e-15   3941.64 1 
  3815.80 7.0508e-15   3944.39 1 
  3818.46 7.3319e-15   3947.14 1 
  3821.12 6.9104e-15   3949.89 1 
  3823.78 5.6659e-15   3952.64 1 
  3826.44 5.5932e-15   3955.39 1 
  3829.10 5.2038e-15   3958.14 1 
  3831.76 4.8983e-15   3960.89 1 
  3834.42 5.2517e-15   3963.64 1 
  3837.08 6.4798e-15   3966.39 1 
  3839.74 6.6321e-15   3969.14 1 
  3842.40 6.6106e-15   3971.89 1 
  3845.06 7.9450e-15   3974.64 1 
  3847.72 7.5901e-15   3977.39 1 
  3850.38 7.5493e-15   3980.14 1 
  3853.04 7.3030e-15   3982.89 1 
  3855.70 7.9037e-15   3985.64 1 
  3858.36 7.6386e-15   3988.39 1 
  3861.02 7.8671e-15   3991.14 1 
  3863.68 7.4475e-15   3993.89 1 
  3866.34 8.2960e-15   3996.64 1 
  3869.00 7.5684e-15   3999.39 1 
  3871.66 6.8714e-15   4002.14 1 
  3874.33 6.7632e-15   4004.89 1 
  3876.99 6.4888e-15   4007.64 1 
  3879.65 6.1765e-15   4010.39 1 
  3882.31 5.6379e-15   4013.14 1 
  3884.97 5.2834e-15   4015.89 1 
  3887.63 5.4851e-15   4018.64 1 
  3890.29 6.8468e-15   4021.39 1 
  3892.95 7.0410e-15   4024.14 1 
  3895.61 7.6645e-15   4026.89 1 
  3898.27 8.2304e-15   4029.64 1 
  3900.93 8.2717e-15   4032.39 1 
  3903.59 8.2001e-15   4035.14 1 
  3906.25 7.6003e-15   4037.89 1 
  3908.91 8.0000e-15   4040.64 1 
  3911.57 8.3824e-15   4043.39 1 
  3914.23 7.6219e-15   4046.14 1 
  3916.89 7.7950e-15   4048.89 1 
  3919.55 7.6076e-15   4051.64 1 
  3922.21 7.8167e-15   4054.39 1 
  3924.87 6.6035e-15   4057.14 1 
  3927.53 5.7736e-15   4059.89 1 
  3930.19 6.4238e-15   4062.64 1 
  3932.85 6.3922e-15   4065.39 1 
  3935.51 6.2969e-15   4068.14 1 
  3938.17 6.7494e-15   4070.89 1 
  3940.83 8.0081e-15   4073.64 1 
  3943.49 8.4991e-15   4076.39 1 
  3946.15 8.4639e-15   4079.14 1 
  3948.81 8.2778e-15   4081.89 1 
  3951.48 8.0801e-15   4084.64 1 
  3954.14 7.8403e-15   4087.39 1 
  3956.80 6.6489e-15   4090.14 1 
  3959.46 5.7508e-15   4092.89 1 
  3962.12 5.5866e-15   4095.64 1 
  3964.78 5.3892e-15   4098.39 1 
  3967.44 5.1062e-15   4101.14 1 
  3970.10 5.4656e-15   4103.89 1 
  3972.76 6.2658e-15   4106.64 1 
  3975.42 7.2188e-15   4109.39 1 
  3978.08 7.3831e-15   4112.14 1 
  3980.74 7.5101e-15   4114.89 1 
  3983.40 8.0392e-15   4117.64 1 
  3986.06 8.5444e-15   4120.39 1 
  3988.72 8.2981e-15   4123.14 1 
  3991.38 8.0308e-15   4125.89 1 
  3994.04 8.3930e-15   4128.64 1 
  3996.70 8.5164e-15   4131.39 1 
  3999.36 8.4457e-15   4134.14 1 
  4002.02 8.4283e-15   4136.89 1 
  4004.68 8.0193e-15   4139.64 1 
  4007.34 8.2672e-15   4142.39 1 
  4010.00 9.0148e-15   4145.14 1 
  4012.66 8.7240e-15   4147.89 1 
  4015.32 8.6111e-15   4150.64 1 
  4017.98 8.5419e-15   4153.39 1 
  4020.64 8.7292e-15   4156.14 1 
  4023.30 8.6953e-15   4158.89 1 
  4025.97 8.0806e-15   4161.64 1 
  4028.63 8.1504e-15   4164.39 1 
  4031.29 8.0717e-15   4167.14 1 
  4033.95 8.5620e-15   4169.89 1 
  4036.61 8.5698e-15   4172.64 1 
  4039.27 8.5501e-15   4175.39 1 
  4041.93 8.4169e-15   4178.14 1 
  4044.59 8.9210e-15   4180.89 1 
  4047.25 8.8999e-15   4183.64 1 
  4049.91 8.4994e-15   4186.39 1 
  4052.57 8.1602e-15   4189.14 1 
  4055.23 8.1726e-15   4191.89 1 
  4057.89 8.2221e-15   4194.64 1 
  4060.55 8.7040e-15   4197.39 1 
  4063.21 8.5850e-15   4200.14 1 
  4065.87 8.0775e-15   4202.89 1 
  4068.53 7.9555e-15   4205.64 1 
  4071.19 8.5242e-15   4208.39 1 
  4073.85 8.2520e-15   4211.14 1 
  4076.51 8.2351e-15   4213.89 1 
  4079.17 7.7483e-15   4216.64 1 
  4081.83 7.6015e-15   4219.39 1 
  4084.49 7.3438e-15   4222.14 1 
  4087.15 7.2647e-15   4224.89 1 
  4089.81 6.9191e-15   4227.64 1 
  4092.47 7.0510e-15   4230.39 1 
  4095.13 6.7713e-15   4233.14 1 
  4097.79 6.6222e-15   4235.89 1 
  4100.45 6.3034e-15   4238.64 1 
  4103.12 6.4951e-15   4241.39 1 
  4105.78 7.4086e-15   4244.14 1 
  4108.44 7.2417e-15   4246.89 1 
  4111.10 7.1441e-15   4249.64 1 
  4113.76 7.7849e-15   4252.39 1 
  4116.42 7.8619e-15   4255.14 1 
  4119.08 8.1919e-15   4257.89 1 
  4121.74 8.0682e-15   4260.64 1 
  4124.40 7.6717e-15   4263.39 1 
  4127.06 7.6466e-15   4266.14 1 
  4129.72 8.1867e-15   4268.89 1 
  4132.38 8.0395e-15   4271.64 1 
  4135.04 8.3523e-15   4274.39 1 
  4137.70 8.6493e-15   4277.14 1 
  4140.36 8.5295e-15   4279.89 1 
  4143.02 8.4671e-15   4282.64 1 
  4145.68 8.6862e-15   4285.39 1 
  4148.34 8.4421e-15   4288.14 1 
  4151.00 7.9479e-15   4290.89 1 
  4153.66 8.3912e-15   4293.64 1 
  4156.32 8.8727e-15   4296.39 1 
  4158.98 8.4616e-15   4299.14 1 
  4161.64 8.4577e-15   4301.89 1 
  4164.30 8.4701e-15   4304.64 1 
  4166.96 8.5046e-15   4307.39 1 
  4169.62 8.5305e-15   4310.14 1 
  4172.28 7.9959e-15   4312.89 1 
  4174.94 8.6122e-15   4315.64 1 
  4177.60 8.1410e-15   4318.39 1 
  4180.27 8.1024e-15   4321.14 1 
  4182.93 8.5363e-15   4323.89 1 
  4185.59 8.2818e-15   4326.64 1 
  4188.25 7.9969e-15   4329.39 1 
  4190.91 7.9363e-15   4332.14 1 
  4193.57 7.9688e-15   4334.89 1 
  4196.23 8.1930e-15   4337.64 1 
  4198.89 8.2029e-15   4340.39 1 
  4201.55 8.3708e-15   4343.14 1 
  4204.21 8.4607e-15   4345.89 1 
  4206.87 8.6172e-15   4348.64 1 
  4209.53 8.7953e-15   4351.39 1 
  4212.19 8.1804e-15   4354.14 1 
  4214.85 8.3365e-15   4356.89 1 
  4217.51 8.0196e-15   4359.64 1 
  4220.17 7.7482e-15   4362.39 1 
  4222.83 7.7296e-15   4365.14 1 
  4225.49 8.1552e-15   4367.89 1 
  4228.15 8.4156e-15   4370.64 1 
  4230.81 8.1775e-15   4373.39 1 
  4233.47 7.9789e-15   4376.14 1 
  4236.13 7.9005e-15   4378.89 1 
  4238.79 8.4671e-15   4381.64 1 
  4241.45 8.2857e-15   4384.39 1 
  4244.11 8.3583e-15   4387.14 1 
  4246.77 8.0298e-15   4389.89 1 
  4249.43 7.7501e-15   4392.64 1 
  4252.09 7.9260e-15   4395.39 1 
  4254.75 8.0085e-15   4398.14 1 
  4257.42 7.8602e-15   4400.89 1 
  4260.08 8.1646e-15   4403.64 1 
  4262.74 7.7624e-15   4406.39 1 
  4265.40 7.7697e-15   4409.14 1 
  4268.06 7.8794e-15   4411.89 1 
  4270.72 7.8681e-15   4414.64 1 
  4273.38 7.6716e-15   4417.39 1 
  4276.04 8.4936e-15   4420.14 1 
  4278.70 7.8579e-15   4422.89 1 
  4281.36 7.6458e-15   4425.64 1 
  4284.02 7.4992e-15   4428.39 1 
  4286.68 7.4434e-15   4431.14 1 
  4289.34 7.6949e-15   4433.89 1 
  4292.00 7.4100e-15   4436.64 1 
  4294.66 7.3446e-15   4439.39 1 
  4297.32 6.9583e-15   4442.14 1 
  4299.98 7.1794e-15   4444.89 1 
  4302.64 7.4137e-15   4447.64 1 
  4305.30 7.5186e-15   4450.39 1 
  4307.96 7.4166e-15   4453.14 1 
  4310.62 7.8243e-15   4455.89 1 
  4313.28 7.5037e-15   4458.64 1 
  4315.94 7.6686e-15   4461.39 1 
  4318.60 7.4459e-15   4464.14 1 
  4321.26 7.4531e-15   4466.89 1 
  4323.92 7.2833e-15   4469.64 1 
  4326.58 7.1926e-15   4472.39 1 
  4329.24 7.4987e-15   4475.14 1 
  4331.90 7.6735e-15   4477.89 1 
  4334.57 7.9706e-15   4480.64 1 
  4337.23 8.1359e-15   4483.39 1 
  4339.89 7.4420e-15   4486.14 1 
  4342.55 7.0800e-15   4488.89 1 
  4345.21 7.0936e-15   4491.64 1 
  4347.87 7.5811e-15   4494.39 1 
  4350.53 7.2789e-15   4497.14 1 
  4353.19 7.9986e-15   4499.89 1 
  4355.85 7.9304e-15   4502.64 1 
  4358.51 7.9294e-15   4505.39 1 
  4361.17 7.7103e-15   4508.14 1 
  4363.83 7.9307e-15   4510.89 1 
  4366.49 7.9537e-15   4513.64 1 
  4369.15 8.0511e-15   4516.39 1 
  4371.81 7.9096e-15   4519.14 1 
  4374.47 8.0408e-15   4521.89 1 
  4377.13 7.5671e-15   4524.64 1 
  4379.79 7.8796e-15   4527.39 1 
  4382.45 7.7200e-15   4530.14 1 
  4385.11 8.0654e-15   4532.89 1 
  4387.77 8.0043e-15   4535.64 1 
  4390.43 7.9834e-15   4538.39 1 
  4393.09 8.3611e-15   4541.14 1 
  4395.75 7.8747e-15   4543.89 1 
  4398.41 7.8316e-15   4546.64 1 
  4401.07 8.3404e-15   4549.39 1 
  4403.73 7.7060e-15   4552.14 1 
  4406.39 7.7258e-15   4554.89 1 
  4409.05 8.2633e-15   4557.64 1 
  4411.72 8.2529e-15   4560.39 1 
  4414.38 7.9406e-15   4563.14 1 
  4417.04 7.9498e-15   4565.89 1 
  4419.70 8.1101e-15   4568.64 1 
  4422.36 8.3502e-15   4571.39 1 
  4425.02 8.4205e-15   4574.14 1 
  4427.68 7.9460e-15   4576.89 1 
  4430.34 7.8149e-15   4579.64 1 
  4433.00 7.9233e-15   4582.39 1 
  4435.66 8.4028e-15   4585.14 1 
  4438.32 8.0203e-15   4587.89 1 
  4440.98 7.8880e-15   4590.64 1 
  4443.64 7.8843e-15   4593.39 1 
  4446.30 8.0928e-15   4596.14 1 
  4448.96 8.4162e-15   4598.89 1 
  4451.62 8.2310e-15   4601.64 1 
  4454.28 8.1685e-15   4604.39 1 
  4456.94 8.0631e-15   4607.14 1 
  4459.60 8.0410e-15   4609.89 1 
  4462.26 8.6833e-15   4612.64 1 
  4464.92 8.6548e-15   4615.39 1 
  4467.58 8.4427e-15   4618.14 1 
  4470.24 8.2789e-15   4620.89 1 
  4472.90 8.7043e-15   4623.64 1 
  4475.56 8.9685e-15   4626.39 1 
  4478.22 8.5453e-15   4629.14 1 
  4480.88 8.1656e-15   4631.89 1 
  4483.54 8.6110e-15   4634.64 1 
  4486.21 8.5557e-15   4637.39 1 
  4488.87 8.1817e-15   4640.14 1 
  4491.53 8.5342e-15   4642.89 1 
  4494.19 9.0514e-15   4645.64 1 
  4496.85 9.0859e-15   4648.39 1 
  4499.51 8.3203e-15   4651.14 1 
  4502.17 8.7964e-15   4653.89 1 
  4504.83 8.3530e-15   4656.64 1 
  4507.49 8.1658e-15   4659.39 1 
  4510.15 8.1283e-15   4662.14 1 
  4512.81 8.7233e-15   4664.89 1 
  4515.47 7.9665e-15   4667.64 1 
  4518.13 7.6510e-15   4670.39 1 
  4520.79 7.6099e-15   4673.14 1 
  4523.45 7.7395e-15   4675.89 1 
  4526.11 8.0003e-15   4678.64 1 
  4528.77 7.9450e-15   4681.39 1 
  4531.43 8.0257e-15   4684.14 1 
  4534.09 7.7256e-15   4686.89 1 
  4536.75 7.7982e-15   4689.64 1 
  4539.41 7.7935e-15   4692.39 1 
  4542.07 7.8262e-15   4695.14 1 
  4544.73 7.9583e-15   4697.89 1 
  4547.39 7.9412e-15   4700.64 1 
  4550.05 7.8349e-15   4703.39 1 
  4552.71 8.1694e-15   4706.14 1 
  4555.37 7.9165e-15   4708.89 1 
  4558.03 8.0362e-15   4711.64 1 
  4560.69 8.1585e-15   4714.39 1 
  4563.36 8.0660e-15   4717.14 1 
  4566.02 8.3793e-15   4719.89 1 
  4568.68 8.6179e-15   4722.64 1 
  4571.34 8.4213e-15   4725.39 1 
  4574.00 8.1296e-15   4728.14 1 
  4576.66 8.0500e-15   4730.89 1 
  4579.32 8.1319e-15   4733.64 1 
  4581.98 7.7444e-15   4736.39 1 
  4584.64 8.0510e-15   4739.14 1 
  4587.30 8.4062e-15   4741.89 1 
  4589.96 8.0572e-15   4744.64 1 
  4592.62 8.1853e-15   4747.39 1 
  4595.28 7.9765e-15   4750.14 1 
  4597.94 8.1078e-15   4752.89 1 
  4600.60 7.9880e-15   4755.64 1 
  4603.26 7.7303e-15   4758.39 1 
  4605.92 7.7529e-15   4761.14 1 
  4608.58 7.8768e-15   4763.89 1 
  4611.24 7.8666e-15   4766.64 1 
  4613.90 7.9849e-15   4769.39 1 
  4616.56 8.3512e-15   4772.14 1 
  4619.22 8.4945e-15   4774.89 1 
  4621.88 7.7334e-15   4777.64 1 
  4624.54 8.4450e-15   4780.39 1 
  4627.20 8.0145e-15   4783.14 1 
  4629.86 7.9170e-15   4785.89 1 
  4632.52 8.3178e-15   4788.64 1 
  4635.18 7.8207e-15   4791.39 1 
  4637.84 7.9457e-15   4794.14 1 
  4640.51 8.1757e-15   4796.89 1 
  4643.17 8.0426e-15   4799.64 1 
  4645.83 7.9186e-15   4802.39 1 
  4648.49 8.3059e-15   4805.14 1 
  4651.15 8.0448e-15   4807.89 1 
  4653.81 8.3357e-15   4810.64 1 
  4656.47 8.2810e-15   4813.39 1 
  4659.13 8.1375e-15   4816.14 1 
  4661.79 8.0074e-15   4818.89 1 
  4664.45 7.9201e-15   4821.64 1 
  4667.11 8.1573e-15   4824.39 1 
  4669.77 8.0169e-15   4827.14 1 
  4672.43 8.1975e-15   4829.89 1 
  4675.09 8.1499e-15   4832.64 1 
  4677.75 8.0113e-15   4835.39 1 
  4680.41 8.4180e-15   4838.14 1 
  4683.07 8.1202e-15   4840.89 1 
  4685.73 7.7752e-15   4843.64 1 
  4688.39 7.8869e-15   4846.39 1 
  4691.05 7.8968e-15   4849.14 1 
  4693.71 8.0854e-15   4851.89 1 
  4696.37 8.2718e-15   4854.64 1 
  4699.03 8.0601e-15   4857.39 1 
  4701.69 7.7153e-15   4860.14 1 
  4704.35 7.8808e-15   4862.89 1 
  4707.01 8.1457e-15   4865.64 1 
  4709.67 8.2155e-15   4868.39 1 
  4712.33 8.3117e-15   4871.14 1 
  4714.99 8.7057e-15   4873.89 1 
  4717.66 8.3198e-15   4876.64 1 
  4720.32 8.1699e-15   4879.39 1 
  4722.98 8.1385e-15   4882.14 1 
  4725.64 7.8503e-15   4884.89 1 
  4728.30 7.9725e-15   4887.64 1 
  4730.96 7.8916e-15   4890.39 1 
  4733.62 8.2392e-15   4893.14 1 
  4736.28 8.4640e-15   4895.89 1 
  4738.94 8.1306e-15   4898.64 1 
  4741.60 7.6880e-15   4901.39 1 
  4744.26 7.9401e-15   4904.14 1 
  4746.92 8.0771e-15   4906.89 1 
  4749.58 7.8275e-15   4909.64 1 
  4752.24 8.0252e-15   4912.39 1 
  4754.90 8.1208e-15   4915.14 1 
  4757.56 8.1124e-15   4917.89 1 
  4760.22 8.0102e-15   4920.64 1 
  4762.88 8.5347e-15   4923.39 1 
  4765.54 8.1221e-15   4926.14 1 
  4768.20 7.9058e-15   4928.89 1 
  4770.86 8.0792e-15   4931.64 1 
  4773.52 7.8750e-15   4934.39 1 
  4776.18 7.9531e-15   4937.14 1 
  4778.84 7.6999e-15   4939.89 1 
  4781.50 7.5658e-15   4942.64 1 
  4784.16 7.3525e-15   4945.39 1 
  4786.82 7.8434e-15   4948.14 1 
  4789.48 7.9927e-15   4950.89 1 
  4792.14 7.7566e-15   4953.64 1 
  4794.81 7.2594e-15   4956.39 1 
  4797.47 7.5102e-15   4959.14 1 
  4800.13 7.4529e-15   4961.89 1 
  4802.79 7.8431e-15   4964.64 1 
  4805.45 7.9370e-15   4967.39 1 
  4808.11 7.9687e-15   4970.14 1 
  4810.77 7.9538e-15   4972.89 1 
  4813.43 7.7002e-15   4975.64 1 
  4816.09 7.5642e-15   4978.39 1 
  4818.75 7.7055e-15   4981.14 1 
  4821.41 7.4158e-15   4983.89 1 
  4824.07 7.7317e-15   4986.64 1 
  4826.73 7.6207e-15   4989.39 1 
  4829.39 7.3313e-15   4992.14 1 
  4832.05 7.4504e-15   4994.89 1 
  4834.71 7.5028e-15   4997.64 1 
  4837.37 7.4706e-15   5000.39 1 
  4840.03 7.4325e-15   5003.14 1 
  4842.69 7.3257e-15   5005.89 1 
  4845.35 7.2047e-15   5008.64 1 
  4848.01 7.4003e-15   5011.39 1 
  4850.67 8.4867e-15   5014.14 1 
  4853.33 1.0422e-14   5016.89 1 
  4855.99 1.1628e-14   5019.64 1 
  4858.65 1.0475e-14   5022.39 1 
  4861.31 8.2152e-15   5025.14 1 
  4863.97 6.9320e-15   5027.89 1 
  4866.63 6.9858e-15   5030.64 1 
  4869.29 7.3290e-15   5033.39 1 
  4871.96 7.3301e-15   5036.14 1 
  4874.62 7.0850e-15   5038.89 1 
  4877.28 7.3395e-15   5041.64 1 
  4879.94 7.6031e-15   5044.39 1 
  4882.60 7.4815e-15   5047.14 1 
  4885.26 7.4896e-15   5049.89 1 
  4887.92 7.5891e-15   5052.64 1 
  4890.58 7.8826e-15   5055.39 1 
  4893.24 7.5461e-15   5058.14 1 
  4895.90 7.5427e-15   5060.89 1 
  4898.56 7.7534e-15   5063.64 1 
  4901.22 7.8032e-15   5066.39 1 
  4903.88 7.6785e-15   5069.14 1 
  4906.54 7.6568e-15   5071.89 1 
  4909.20 7.3330e-15   5074.64 1 
  4911.86 6.9180e-15   5077.39 1 
  4914.52 7.2931e-15   5080.14 1 
  4917.18 7.4704e-15   5082.89 1 
  4919.84 7.5835e-15   5085.64 1 
  4922.50 7.5263e-15   5088.39 1 
  4925.16 7.5705e-15   5091.14 1 
  4927.82 7.5755e-15   5093.89 1 
  4930.48 7.4318e-15   5096.64 1 
  4933.14 7.3316e-15   5099.39 1 
  4935.80 7.3036e-15   5102.14 1 
  4938.46 7.6199e-15   5104.89 1 
  4941.12 7.9955e-15   5107.64 1 
  4943.78 7.8019e-15   5110.39 1 
  4946.44 7.9012e-15   5113.14 1 
  4949.11 8.0905e-15   5115.89 1 
  4951.77 8.5938e-15   5118.64 1 
  4954.43 8.4933e-15   5121.39 1 
  4957.09 8.5892e-15   5124.14 1 
  4959.75 8.1122e-15   5126.89 1 
  4962.41 7.6906e-15   5129.64 1 
  4965.07 7.5767e-15   5132.39 1 
  4967.73 7.2848e-15   5135.14 1 
  4970.39 6.9124e-15   5137.89 1 
  4973.05 7.0212e-15   5140.64 1 
  4975.71 7.2311e-15   5143.39 1 
  4978.37 7.0906e-15   5146.14 1 
  4981.03 7.3035e-15   5148.89 1 
  4983.69 7.6039e-15   5151.64 1 
  4986.35 7.6043e-15   5154.39 1 
  4989.01 7.6129e-15   5157.14 1 
  4991.67 7.7684e-15   5159.89 1 
  4994.33 8.1356e-15   5162.64 1 
  4996.99 9.2613e-15   5165.39 1 
  4999.65 1.0347e-14   5168.14 1 
  5002.31 1.0369e-14   5170.89 1 
  5004.97 9.5108e-15   5173.64 1 
  5007.63 8.2284e-15   5176.39 1 
  5010.29 7.5487e-15   5179.14 1 
  5012.95 7.5267e-15   5181.89 1 
  5015.61 7.6365e-15   5184.64 1 
  5018.27 7.6561e-15   5187.39 1 
  5020.93 7.4802e-15   5190.14 1 
  5023.59 7.5095e-15   5192.89 1 
  5026.26 7.3442e-15   5195.64 1 
  5028.92 7.3317e-15   5198.39 1 
  5031.58 7.2501e-15   5201.14 1 
  5034.24 7.0647e-15   5203.89 1 
  5036.90 7.0796e-15   5206.64 1 
  5039.56 7.2090e-15   5209.39 1 
  5042.22 7.4769e-15   5212.14 1 
  5044.88 7.5523e-15   5214.89 1 
  5047.54 7.3372e-15   5217.64 1 
  5050.20 7.4736e-15   5220.39 1 
  5052.86 7.6533e-15   5223.14 1 
  5055.52 7.5287e-15   5225.89 1 
  5058.18 7.4163e-15   5228.64 1 
  5060.84 7.4003e-15   5231.39 1 
  5063.50 7.5015e-15   5234.14 1 
  5066.16 7.1487e-15   5236.89 1 
  5068.82 7.0681e-15   5239.64 1 
  5071.48 7.0084e-15   5242.39 1 
  5074.14 7.1398e-15   5245.14 1 
  5076.80 7.2455e-15   5247.89 1 
  5079.46 7.1249e-15   5250.64 1 
  5082.12 7.3636e-15   5253.39 1 
  5084.78 7.5226e-15   5256.14 1 
  5087.44 7.5628e-15   5258.89 1 
  5090.10 7.4173e-15   5261.64 1 
  5092.76 7.3976e-15   5264.39 1 
  5095.42 7.4361e-15   5267.14 1 
  5098.08 7.3186e-15   5269.89 1 
  5100.75 7.2607e-15   5272.64 1 
  5103.41 7.2905e-15   5275.39 1 
  5106.07 7.3233e-15   5278.14 1 
  5108.73 7.2016e-15   5280.89 1 
  5111.39 7.0105e-15   5283.64 1 
  5114.05 7.1982e-15   5286.39 1 
  5116.71 7.0085e-15   5289.14 1 
  5119.37 7.1257e-15   5291.89 1 
  5122.03 7.3068e-15   5294.64 1 
  5124.69 7.4652e-15   5297.39 1 
  5127.35 7.2980e-15   5300.14 1 
  5130.01 7.2774e-15   5302.89 1 
  5132.67 7.3711e-15   5305.64 1 
  5135.33 7.3315e-15   5308.39 1 
  5137.99 7.2593e-15   5311.14 1 
  5140.65 7.1438e-15   5313.89 1 
  5143.31 7.1304e-15   5316.64 1 
  5145.97 7.1352e-15   5319.39 1 
  5148.63 7.1688e-15   5322.14 1 
  5151.29 7.1858e-15   5324.89 1 
  5153.95 7.1711e-15   5327.64 1 
  5156.61 7.1012e-15   5330.39 1 
  5159.27 6.7818e-15   5333.14 1 
  5161.93 6.4294e-15   5335.89 1 
  5164.59 6.6486e-15   5338.64 1 
  5167.25 6.7061e-15   5341.39 1 
  5169.91 6.9086e-15   5344.14 1 
  5172.57 6.9467e-15   5346.89 1 
  5175.23 6.7119e-15   5349.64 1 
  5177.90 6.9261e-15   5352.39 1 
  5180.56 7.0017e-15   5355.14 1 
  5183.22 7.2265e-15   5357.89 1 
  5185.88 7.4151e-15   5360.64 1 
  5188.54 7.5601e-15   5363.39 1 
  5191.20 7.7125e-15   5366.14 1 
  5193.86 7.3470e-15   5368.89 1 
  5196.52 7.2330e-15   5371.64 1 
  5199.18 7.1232e-15   5374.39 1 
  5201.84 6.9382e-15   5377.14 1 
  5204.50 7.0666e-15   5379.89 1 
  5207.16 7.1971e-15   5382.64 1 
  5209.82 7.1149e-15   5385.39 1 
  5212.48 6.9369e-15   5388.14 1 
  5215.14 6.9336e-15   5390.89 1 
  5217.80 6.9077e-15   5393.64 1 
  5220.46 6.9373e-15   5396.39 1 
  5223.12 6.8503e-15   5399.14 1 
  5225.78 6.9094e-15   5401.89 1 
  5228.44 7.2375e-15   5404.64 1 
  5231.10 7.2058e-15   5407.39 1 
  5233.76 7.4279e-15   5410.14 1 
  5236.42 7.2896e-15   5412.89 1 
  5239.08 7.1469e-15   5415.64 1 
  5241.74 7.1897e-15   5418.39 1 
  5244.40 7.1862e-15   5421.14 1 
  5247.06 7.3283e-15   5423.89 1 
  5249.72 7.2877e-15   5426.64 1 
  5252.38 7.1928e-15   5429.39 1 
  5255.05 7.1070e-15   5432.14 1 
  5257.71 6.8067e-15   5434.89 1 
  5260.37 6.8617e-15   5437.64 1 
  5263.03 6.5982e-15   5440.39 1 
  5265.69 6.7231e-15   5443.14 1 
  5268.35 6.7501e-15   5445.89 1 
  5271.01 6.9297e-15   5448.64 1 
  5273.67 7.1613e-15   5451.39 1 
  5276.33 7.2520e-15   5454.14 1 
  5278.99 7.6710e-15   5456.89 1 
  5281.65 7.3338e-15   5459.64 1 
  5284.31 7.1090e-15   5462.39 1 
  5286.97 7.5735e-15   5465.14 1 
  5289.63 7.3404e-15   5467.89 1 
  5292.29 7.6012e-15   5470.64 1 
  5294.95 7.3238e-15   5473.39 1 
  5297.61 7.4700e-15   5476.14 1 
  5300.27 7.2260e-15   5478.89 1 
  5302.93 7.4709e-15   5481.64 1 
  5305.59 7.7163e-15   5484.39 1 
  5308.25 7.5652e-15   5487.14 1 
  5310.91 7.6345e-15   5489.89 1 
  5313.57 7.4497e-15   5492.64 1 
  5316.23 7.4688e-15   5495.39 1 
  5318.89 7.5559e-15   5498.14 1 
  5321.55 7.2459e-15   5500.89 1 
  5324.21 7.0777e-15   5503.64 1 
  5326.87 6.9151e-15   5506.39 1 
  5329.53 7.0193e-15   5509.14 1 
  5332.20 7.1151e-15   5511.89 1 
  5334.86 7.0623e-15   5514.64 1 
  5337.52 7.1855e-15   5517.39 1 
  5340.18 7.3804e-15   5520.14 1 
  5342.84 7.5131e-15   5522.89 1 
  5345.50 7.5711e-15   5525.64 1 
  5348.16 7.4590e-15   5528.39 1 
  5350.82 7.5289e-15   5531.14 1 
  5353.48 7.4755e-15   5533.89 1 
  5356.14 7.7833e-15   5536.64 1 
  5358.80 7.6788e-15   5539.39 1 
  5361.46 7.4053e-15   5542.14 1 
  5364.12 7.2942e-15   5544.89 1 
  5366.78 6.9821e-15   5547.64 1 
  5369.44 7.5599e-15   5550.39 1 
  5372.10 6.9918e-15   5553.14 1 
  5374.76 7.6442e-15   5555.89 1 
  5377.42 7.6901e-15   5558.64 1 
  5380.08 6.9957e-15   5561.39 1 
  5382.74 7.2624e-15   5564.14 1 
  5385.40 7.4398e-15   5566.89 1 
  5388.06 7.2390e-15   5569.64 1 
  5390.72 7.5279e-15   5572.39 1 
  5393.38 7.5759e-15   5575.14 1 
  5396.04 7.3686e-15   5577.89 1 
  5398.70 7.0786e-15   5580.64 1 
  5401.36 7.3313e-15   5583.39 1 
  5404.02 7.2404e-15   5586.14 1 
  5406.68 6.9658e-15   5588.89 1 
  5409.35 7.1925e-15   5591.64 1 
  5412.01 7.5848e-15   5594.39 1 
  5414.67 7.0248e-15   5597.14 1 
  5417.33 7.3646e-15   5599.89 1 
  5419.99 7.4887e-15   5602.64 1 
  5422.65 7.3471e-15   5605.39 1 
  5425.31 7.4389e-15   5608.14 1 
  5427.97 7.1603e-15   5610.89 1 
  5430.63 7.5901e-15   5613.64 1 
  5433.29 7.5281e-15   5616.39 1 
  5435.95 7.1155e-15   5619.14 1 
  5438.61 7.0948e-15   5621.89 1 
  5441.27 7.3787e-15   5624.64 1 
  5443.93 7.2893e-15   5627.39 1 
  5446.59 6.7233e-15   5630.14 1 
  5449.25 6.8927e-15   5632.89 1 
  5451.91 6.8819e-15   5635.64 1 
  5454.57 7.2026e-15   5638.39 1 
  5457.23 7.3648e-15   5641.14 1 
  5459.89 7.3680e-15   5643.89 1 
  5462.55 7.2747e-15   5646.64 1 
  5465.21 7.0369e-15   5649.39 1 
  5467.87 7.1640e-15   5652.14 1 
  5470.53 7.1043e-15   5654.89 1 
  5473.19 6.9067e-15   5657.64 1 
  5475.85 7.1179e-15   5660.39 1 
  5478.51 7.0755e-15   5663.14 1 
  5481.17 7.1797e-15   5665.89 1 
  5483.83 7.0838e-15   5668.64 1 
  5486.50 7.0441e-15   5671.39 1 
  5489.16 6.7349e-15   5674.14 1 
  5491.82 6.9829e-15   5676.89 1 
  5494.48 7.1927e-15   5679.64 1 
  5497.14 7.4859e-15   5682.39 1 
  5499.80 6.8225e-15   5685.14 1 
  5502.46 7.2183e-15   5687.89 1 
  5505.12 7.3781e-15   5690.64 1 
  5507.78 7.2655e-15   5693.39 1 
  5510.44 7.1400e-15   5696.14 1 
  5513.10 7.2563e-15   5698.89 1 
  5515.76 7.3253e-15   5701.64 1 
  5518.42 7.3551e-15   5704.39 1 
  5521.08 7.2438e-15   5707.14 1 
  5523.74 6.9241e-15   5709.89 1 
  5526.40 6.7734e-15   5712.64 1 
  5529.06 6.9639e-15   5715.39 1 
  5531.72 7.1457e-15   5718.14 1 
  5534.38 7.0492e-15   5720.89 1 
  5537.04 7.1731e-15   5723.64 1 
  5539.70 7.4441e-15   5726.39 1 
  5542.36 7.7831e-15   5729.14 1 
  5545.02 7.4329e-15   5731.89 1 
  5547.68 7.2686e-15   5734.64 1 
  5550.34 6.8933e-15   5737.39 1 
  5553.00 7.4244e-15   5740.14 1 
  5555.66 7.0124e-15   5742.89 1 
  5558.32 7.3154e-15   5745.64 1 
  5560.98 7.1279e-15   5748.39 1 
  5563.65 6.8982e-15   5751.14 1 
  5566.31 6.8677e-15   5753.89 1 
  5568.97 6.9324e-15   5756.64 1 
  5571.63 6.8657e-15   5759.39 1 
  5574.29 7.3241e-15   5762.14 1 
  5576.95 7.2517e-15   5764.89 1 
  5579.61 7.2193e-15   5767.64 1 
  5582.27 6.8610e-15   5770.39 1 
  5584.93 6.7796e-15   5773.14 1 
  5587.59 6.9345e-15   5775.89 1 
  5590.25 6.7223e-15   5778.64 1 
  5592.91 7.0994e-15   5781.39 1 
  5595.57 6.6217e-15   5784.14 1 
  5598.23 7.1327e-15   5786.89 1 
  5600.89 7.4438e-15   5789.64 1 
  5603.55 7.2256e-15   5792.39 1 
  5606.21 7.0705e-15   5795.14 1 
  5608.87 6.8006e-15   5797.89 1 
  5611.53 7.1174e-15   5800.64 1 
  5614.19 6.9998e-15   5803.39 1 
  5616.85 6.8116e-15   5806.14 1 
  5619.51 6.9780e-15   5808.89 1 
  5622.17 7.1348e-15   5811.64 1 
  5624.83 7.0409e-15   5814.39 1 
  5627.49 7.1793e-15   5817.14 1 
  5630.15 7.0291e-15   5819.89 1 
  5632.81 7.1917e-15   5822.64 1 
  5635.47 6.9892e-15   5825.39 1 
  5638.13 7.3478e-15   5828.14 1 
  5640.80 7.3364e-15   5830.89 1 
  5643.46 6.7891e-15   5833.64 1 
  5646.12 6.5843e-15   5836.39 1 
  5648.78 6.8611e-15   5839.14 1 
  5651.44 6.9649e-15   5841.89 1 
  5654.10 6.9481e-15   5844.64 1 
  5656.76 6.6477e-15   5847.39 1 
  5659.42 6.6977e-15   5850.14 1 
  5662.08 7.0769e-15   5852.89 1 
  5664.74 7.2608e-15   5855.64 1 
  5667.40 7.2699e-15   5858.39 1 
  5670.06 7.3663e-15   5861.14 1 
  5672.72 7.3829e-15   5863.89 1 
  5675.38 7.1992e-15   5866.64 1 
  5678.04 6.8983e-15   5869.39 1 
  5680.70 6.8311e-15   5872.14 1 
  5683.36 7.0657e-15   5874.89 1 
  5686.02 7.3399e-15   5877.64 1 
  5688.68 7.3731e-15   5880.39 1 
  5691.34 7.6601e-15   5883.14 1 
  5694.00 7.9478e-15   5885.89 1 
  5696.66 7.5135e-15   5888.64 1 
  5699.32 6.6125e-15   5891.39 1 
  5701.98 6.0674e-15   5894.14 1 
  5704.64 5.8065e-15   5896.89 1 
  5707.30 6.0883e-15   5899.64 1 
  5709.96 6.4618e-15   5902.39 1 
  5712.62 6.7951e-15   5905.14 1 
  5715.29 6.8521e-15   5907.89 1 
  5717.95 7.1294e-15   5910.64 1 
  5720.61 6.8433e-15   5913.39 1 
  5723.27 6.6599e-15   5916.14 1 
  5725.93 6.8983e-15   5918.89 1 
  5728.59 6.9558e-15   5921.64 1 
  5731.25 7.1286e-15   5924.39 1 
  5733.91 7.0737e-15   5927.14 1 
  5736.57 6.8714e-15   5929.89 1 
  5739.23 6.9484e-15   5932.64 1 
  5741.89 7.1153e-15   5935.39 1 
  5744.55 7.1905e-15   5938.14 1 
  5747.21 7.2848e-15   5940.89 1 
  5749.87 7.1953e-15   5943.64 1 
  5752.53 7.0306e-15   5946.39 1 
  5755.19 7.0600e-15   5949.14 1 
  5757.85 7.0295e-15   5951.89 1 
  5760.51 6.9104e-15   5954.64 1 
  5763.17 6.9455e-15   5957.39 1 
  5765.83 6.9291e-15   5960.14 1 
  5768.49 7.1404e-15   5962.89 1 
  5771.15 7.0496e-15   5965.64 1 
  5773.81 6.8387e-15   5968.39 1 
  5776.47 6.8125e-15   5971.14 1 
  5779.13 6.5807e-15   5973.89 1 
  5781.79 6.4224e-15   5976.64 1 
  5784.45 6.6051e-15   5979.39 1 
  5787.11 6.4683e-15   5982.14 1 
  5789.77 6.5835e-15   5984.89 1 
  5792.44 6.8857e-15   5987.64 1 
  5795.10 6.7917e-15   5990.39 1 
  5797.76 6.6685e-15   5993.14 1 
  5800.42 7.0795e-15   5995.89 1 
  5803.08 7.0391e-15   5998.64 1 
  5805.74 7.0326e-15   6001.39 1 
  5808.40 7.1407e-15   6004.14 1 
  5811.06 6.9282e-15   6006.89 1 
  5813.72 6.9750e-15   6009.64 1 
  5816.38 6.9906e-15   6012.39 1 
  5819.04 6.8812e-15   6015.14 1 
  5821.70 6.7367e-15   6017.89 1 
  5824.36 6.7087e-15   6020.64 1 
  5827.02 6.9362e-15   6023.39 1 
  5829.68 7.2776e-15   6026.14 1 
  5832.34 7.2594e-15   6028.89 1 
  5835.00 6.6910e-15   6031.64 1 
  5837.66 6.7081e-15   6034.39 1 
  5840.32 7.2546e-15   6037.14 1 
  5842.98 6.9909e-15   6039.89 1 
  5845.64 6.7366e-15   6042.64 1 
  5848.30 6.8250e-15   6045.39 1 
  5850.96 6.9338e-15   6048.14 1 
  5853.62 6.8728e-15   6050.89 1 
  5856.28 6.8953e-15   6053.64 1 
  5858.94 7.1297e-15   6056.39 1 
  5861.60 7.2968e-15   6059.14 1 
  5864.26 7.0211e-15   6061.89 1 
  5866.92 6.9065e-15   6064.64 1 
  5869.59 7.3850e-15   6067.39 1 
  5872.25 7.1226e-15   6070.14 1 
  5874.91 6.8650e-15   6072.89 1 
  5877.57 6.6691e-15   6075.64 1 
  5880.23 6.6509e-15   6078.39 1 
  5882.89 6.2510e-15   6081.14 1 
  5885.55 6.3159e-15   6083.89 1 
  5888.21 6.3611e-15   6086.64 1 
  5890.87 5.7532e-15   6089.39 1 
  5893.53 5.9445e-15   6092.14 1 
  5896.19 6.1955e-15   6094.89 1 
  5898.85 6.1782e-15   6097.64 1 
  5901.51 6.1449e-15   6100.39 1 
  5904.17 6.3616e-15   6103.14 1 
  5906.83 6.7260e-15   6105.89 1 
  5909.49 6.1883e-15   6108.64 1 
  5912.15 6.7337e-15   6111.39 1 
  5914.81 6.9990e-15   6114.14 1 
  5917.47 6.4707e-15   6116.89 1 
  5920.13 6.7306e-15   6119.64 1 
  5922.79 7.0852e-15   6122.39 1 
  5925.45 6.5723e-15   6125.14 1 
  5928.11 6.7592e-15   6127.89 1 
  5930.77 6.4976e-15   6130.64 1 
  5933.43 6.5070e-15   6133.39 1 
  5936.09 6.7219e-15   6136.14 1 
  5938.75 6.7616e-15   6138.89 1 
  5941.41 6.4882e-15   6141.64 1 
  5944.07 6.4869e-15   6144.39 1 
  5946.74 6.6445e-15   6147.14 1 
  5949.40 7.1508e-15   6149.89 1 
  5952.06 6.8243e-15   6152.64 1 
  5954.72 6.8135e-15   6155.39 1 
  5957.38 6.9778e-15   6158.14 1 
  5960.04 6.7706e-15   6160.89 1 
  5962.70 6.8847e-15   6163.64 1 
  5965.36 6.5454e-15   6166.39 1 
  5968.02 6.7268e-15   6169.14 1 
  5970.68 6.9655e-15   6171.89 1 
  5973.34 6.8988e-15   6174.64 1 
  5976.00 6.5214e-15   6177.39 1 
  5978.66 6.4889e-15   6180.14 1 
  5981.32 6.8985e-15   6182.89 1 
  5983.98 7.0212e-15   6185.64 1 
  5986.64 7.0292e-15   6188.39 1 
  5989.30 6.6660e-15   6191.14 1 
  5991.96 6.4893e-15   6193.89 1 
  5994.62 6.3518e-15   6196.64 1 
  5997.28 6.8251e-15   6199.39 1 
  5999.94 6.4238e-15   6202.14 1 
  6002.60 6.5940e-15   6204.89 1 
  6005.26 6.5652e-15   6207.64 1 
  6007.92 6.3977e-15   6210.39 1 
  6010.58 6.4871e-15   6213.14 1 
  6013.24 6.6942e-15   6215.89 1 
  6015.90 6.7109e-15   6218.64 1 
  6018.56 6.2792e-15   6221.39 1 
  6021.22 6.4775e-15   6224.14 1 
  6023.89 6.7225e-15   6226.89 1 
  6026.55 6.9478e-15   6229.64 1 
  6029.21 7.3306e-15   6232.39 1 
  6031.87 6.9634e-15   6235.14 1 
  6034.53 6.4401e-15   6237.89 1 
  6037.19 6.3369e-15   6240.64 1 
  6039.85 6.8349e-15   6243.39 1 
  6042.51 6.9907e-15   6246.14 1 
  6045.17 6.9308e-15   6248.89 1 
  6047.83 7.1029e-15   6251.64 1 
  6050.49 7.0134e-15   6254.39 1 
  6053.15 7.1513e-15   6257.14 1 
  6055.81 6.8956e-15   6259.89 1 
  6058.47 6.4264e-15   6262.64 1 
  6061.13 6.5716e-15   6265.39 1 
  6063.79 6.6957e-15   6268.14 1 
  6066.45 6.6990e-15   6270.89 1 
  6069.11 7.0408e-15   6273.64 1 
  6071.77 6.8963e-15   6276.39 1 
  6074.43 6.7177e-15   6279.14 1 
  6077.09 6.2092e-15   6281.89 1 
  6079.75 6.6654e-15   6284.64 1 
  6082.41 6.8801e-15   6287.39 1 
  6085.07 6.3810e-15   6290.14 1 
  6087.73 6.4921e-15   6292.89 1 
  6090.39 7.7518e-15   6295.64 1 
  6093.05 8.8329e-15   6298.39 1 
  6095.71 6.4195e-15   6301.14 1 
  6098.37 5.6270e-15   6303.89 1 
  6101.04 4.9438e-15   6306.64 1 
  6103.70 6.0202e-15   6309.39 1 
  6106.36 5.9356e-15   6312.14 1 
  6109.02 5.8963e-15   6314.89 1 
  6111.68 7.0179e-15   6317.64 1 
  6114.34 6.8725e-15   6320.39 1 
  6117.00 7.0404e-15   6323.14 1 
  6119.66 7.1678e-15   6325.89 1 
  6122.32 6.6384e-15   6328.64 1 
  6124.98 6.1426e-15   6331.39 1 
  6127.64 6.0288e-15   6334.14 1 
  6130.30 6.6790e-15   6336.89 1 
  6132.96 6.5896e-15   6339.64 1 
  6135.62 6.9761e-15   6342.39 1 
  6138.28 6.8498e-15   6345.14 1 
  6140.94 6.6413e-15   6347.89 1 
  6143.60 6.9663e-15   6350.64 1 
  6146.26 7.0721e-15   6353.39 1 
  6148.92 7.1904e-15   6356.14 1 
  6151.58 7.3046e-15   6358.89 1 
  6154.24 7.0508e-15   6361.64 1 
  6156.90 7.0429e-15   6364.39 1 
  6159.56 6.9173e-15   6367.14 1 
  6162.22 6.9204e-15   6369.89 1 
  6164.88 7.0705e-15   6372.64 1 
  6167.54 7.1641e-15   6375.39 1 
  6170.20 6.9744e-15   6378.14 1 
  6172.86 7.1562e-15   6380.89 1 
  6175.52 6.7222e-15   6383.64 1 
  6178.19 7.2289e-15   6386.39 1 
  6180.85 7.0551e-15   6389.14 1 
  6183.51 7.2395e-15   6391.89 1 
  6186.17 6.1213e-15   6394.64 1 
  6188.83 6.0979e-15   6397.39 1 
  6191.49 6.3964e-15   6400.14 1 
  6194.15 6.4167e-15   6402.89 1 
  6196.81 6.6017e-15   6405.64 1 
  6199.47 6.8291e-15   6408.39 1 
  6202.13 6.6091e-15   6411.14 1 
  6204.79 6.8029e-15   6413.89 1 
  6207.45 6.8818e-15   6416.64 1 
  6210.11 6.3996e-15   6419.39 1 
  6212.77 6.3992e-15   6422.14 1 
  6215.43 6.3405e-15   6424.89 1 
  6218.09 6.3873e-15   6427.64 1 
  6220.75 6.0433e-15   6430.39 1 
  6223.41 6.2486e-15   6433.14 1 
  6226.07 6.5448e-15   6435.89 1 
  6228.73 6.3998e-15   6438.64 1 
  6231.39 6.4968e-15   6441.39 1 
  6234.05 6.3414e-15   6444.14 1 
  6236.71 6.2288e-15   6446.89 1 
  6239.37 6.0524e-15   6449.64 1 
  6242.03 6.1912e-15   6452.39 1 
  6244.69 6.0936e-15   6455.14 1 
  6247.35 6.0812e-15   6457.89 1 
  6250.01 6.2738e-15   6460.64 1 
  6252.67 6.3203e-15   6463.39 1 
  6255.34 6.4657e-15   6466.14 1 
  6258.00 5.9364e-15   6468.89 1 
  6260.66 5.9499e-15   6471.64 1 
  6263.32 6.2509e-15   6474.39 1 
  6265.98 6.8167e-15   6477.14 1 
  6268.64 6.4712e-15   6479.89 1 
  6271.30 6.3600e-15   6482.64 1 
  6273.96 6.4926e-15   6485.39 1 
  6276.62 6.2440e-15   6488.14 1 
  6279.28 6.2701e-15   6490.89 1 
  6281.94 6.5301e-15   6493.64 1 
  6284.60 6.6879e-15   6496.39 1 
  6287.26 6.8743e-15   6499.14 1 
  6289.92 6.7156e-15   6501.89 1 
  6292.58 6.6259e-15   6504.64 1 
  6295.24 7.0226e-15   6507.39 1 
  6297.90 6.8520e-15   6510.14 1 
  6300.56 6.8458e-15   6512.89 1 
  6303.22 6.3977e-15   6515.64 1 
  6305.88 6.5525e-15   6518.39 1 
  6308.54 6.1285e-15   6521.14 1 
  6311.20 6.2848e-15   6523.89 1 
  6313.86 6.3308e-15   6526.64 1 
  6316.52 6.6688e-15   6529.39 1 
  6319.18 6.8553e-15   6532.14 1 
  6321.84 6.3113e-15   6534.89 1 
  6324.50 6.2498e-15   6537.64 1 
  6327.16 6.7960e-15   6540.39 1 
  6329.83 6.3100e-15   6543.14 1 
  6332.49 6.0551e-15   6545.89 1 
  6335.15 6.3149e-15   6548.64 1 
  6337.81 6.3813e-15   6551.39 1 
  6340.47 6.4153e-15   6554.14 1 
  6343.13 6.2702e-15   6556.89 1 
  6345.79 6.3502e-15   6559.64 1 
  6348.45 6.2558e-15   6562.39 1 
  6351.11 6.1084e-15   6565.14 1 
  6353.77 6.3402e-15   6567.89 1 
  6356.43 6.6408e-15   6570.64 1 
  6359.09 6.0783e-15   6573.39 1 
  6361.75 6.6793e-15   6576.14 1 
  6364.41 6.0567e-15   6578.89 1 
  6367.07 5.8792e-15   6581.64 1 
  6369.73 6.3737e-15   6584.39 1 
  6372.39 6.2586e-15   6587.14 1 
  6375.05 6.3664e-15   6589.89 1 
  6377.71 5.9098e-15   6592.64 1 
  6380.37 6.8543e-15   6595.39 1 
  6383.03 6.6221e-15   6598.14 1 
  6385.69 7.0572e-15   6600.89 1 
  6388.35 6.4109e-15   6603.64 1 
  6391.01 6.1939e-15   6606.39 1 
  6393.67 5.9389e-15   6609.14 1 
  6396.33 6.0457e-15   6611.89 1 
  6398.99 6.4020e-15   6614.64 1 
  6401.65 6.7295e-15   6617.39 1 
  6404.31 6.9844e-15   6620.14 1 
  6406.98 6.6672e-15   6622.89 1 
  6409.64 6.6848e-15   6625.64 1 
  6412.30 6.5174e-15   6628.39 1 
  6414.96 6.3340e-15   6631.14 1 
  6417.62 6.0972e-15   6633.89 1 
  6420.28 6.4089e-15   6636.64 1 
  6422.94 6.4514e-15   6639.39 1 
  6425.60 6.3311e-15   6642.14 1 
  6428.26 6.3404e-15   6644.89 1 
  6430.92 6.4494e-15   6647.64 1 
  6433.58 6.3449e-15   6650.39 1 
  6436.24 6.5043e-15   6653.14 1 
  6438.90 6.3891e-15   6655.89 1 
  6441.56 6.0897e-15   6658.64 1 
  6444.22 6.4615e-15   6661.39 1 
  6446.88 6.3721e-15   6664.14 1 
  6449.54 6.4346e-15   6666.89 1 
  6452.20 6.3057e-15   6669.64 1 
  6454.86 6.1092e-15   6672.39 1 
  6457.52 6.2185e-15   6675.14 1 
  6460.18 6.5616e-15   6677.89 1 
  6462.84 6.2308e-15   6680.64 1 
  6465.50 6.3600e-15   6683.39 1 
  6468.16 6.1224e-15   6686.14 1 
  6470.82 5.7696e-15   6688.89 1 
  6473.48 5.8477e-15   6691.64 1 
  6476.14 6.0208e-15   6694.39 1 
  6478.80 6.3618e-15   6697.14 1 
  6481.46 6.0658e-15   6699.89 1 
  6484.13 5.9781e-15   6702.64 1 
  6486.79 5.9176e-15   6705.39 1 
  6489.45 6.0206e-15   6708.14 1 
  6492.11 6.2994e-15   6710.89 1 
  6494.77 6.4813e-15   6713.64 1 
  6497.43 6.5022e-15   6716.39 1 
  6500.09 6.4824e-15   6719.14 1 
  6502.75 6.5996e-15   6721.89 1 
  6505.41 6.4109e-15   6724.64 1 
  6508.07 5.9122e-15   6727.39 1 
  6510.73 6.2439e-15   6730.14 1 
  6513.39 6.7180e-15   6732.89 1 
  6516.05 6.6223e-15   6735.64 1 
  6518.71 6.2688e-15   6738.39 1 
  6521.37 6.2709e-15   6741.14 1 
  6524.03 6.2242e-15   6743.89 1 
  6526.69 6.1261e-15   6746.64 1 
  6529.35 6.5418e-15   6749.39 1 
  6532.01 6.3110e-15   6752.14 1 
  6534.67 6.4527e-15   6754.89 1 
  6537.33 7.6300e-15   6757.64 1 
  6539.99 8.5693e-15   6760.39 1 
  6542.65 9.2262e-15   6763.14 1 
  6545.31 8.0113e-15   6765.89 1 
  6547.97 8.6974e-15   6768.64 1 
  6550.63 1.4649e-14   6771.39 1 
  6553.29 2.5531e-14   6774.14 1 
  6555.95 3.1031e-14   6776.89 1 
  6558.61 2.4573e-14   6779.64 1 
  6561.28 1.3875e-14   6782.39 1 
  6563.94 1.0108e-14   6785.14 1 
  6566.60 7.1834e-15   6787.89 1 
  6569.26 7.1923e-15   6790.64 1 
  6571.92 9.6772e-15   6793.39 1 
  6574.58 1.3526e-14   6796.14 1 
  6577.24 1.3983e-14   6798.89 1 
  6579.90 1.1223e-14   6801.64 1 
  6582.56 8.0263e-15   6804.39 1 
  6585.22 6.6462e-15   6807.14 1 
  6587.88 6.3498e-15   6809.89 1 
  6590.54 6.0743e-15   6812.64 1 
  6593.20 5.8616e-15   6815.39 1 
  6595.86 5.9957e-15   6818.14 1 
  6598.52 5.9095e-15   6820.89 1 
  6601.18 6.6728e-15   6823.64 1 
  6603.84 6.5088e-15   6826.39 1 
  6606.50 6.4423e-15   6829.14 1 
  6616.15 6.0215e-15   6839.12 0 
  6631.40 6.1195e-15   6854.88 0 
  6646.69 6.1621e-15   6870.68 0 
  6662.01 6.1481e-15   6886.52 0 
  6677.37 6.1483e-15   6902.40 0 
  6692.76 6.1061e-15   6918.31 0 
  6708.19 6.0922e-15   6934.26 0 
  6723.66 5.8182e-15   6950.24 0 
  6739.15 6.0367e-15   6966.26 0 
  6754.69 5.9131e-15   6982.33 0 
  6770.26 6.0510e-15   6998.42 0 
  6785.87 6.0931e-15   7014.55 0 
  6801.51 5.9136e-15   7030.72 0 
  6817.19 5.9685e-15   7046.93 0 
  6832.91 5.9962e-15   7063.18 0 
  6848.66 5.7397e-15   7079.46 0 
  6864.45 5.7664e-15   7095.78 0 
  6880.27 5.8333e-15   7112.14 0 
  6896.13 5.8604e-15   7128.53 0 
  6912.03 5.8741e-15   7144.96 0 
  6927.96 5.8070e-15   7161.43 0 
  6943.93 5.8880e-15   7177.94 0 
  6959.94 5.8073e-15   7194.49 0 
  6975.98 6.0255e-15   7211.08 0 
  6992.06 5.9704e-15   7227.70 0 
  7008.18 5.8212e-15   7244.36 0 
  7024.34 5.7152e-15   7261.06 0 
  7040.53 5.8755e-15   7277.80 0 
  7056.76 6.0542e-15   7294.57 0 
  7073.03 5.6372e-15   7311.39 0 
  7089.34 5.6896e-15   7328.25 0 
  7105.68 5.6376e-15   7345.14 0 
  7122.06 5.5349e-15   7362.07 0 
  7138.48 5.3718e-15   7379.04 0 
  7154.93 5.3843e-15   7396.05 0 
  7171.42 5.2984e-15   7413.10 0 
  7187.96 5.2742e-15   7430.19 0 
  7204.53 5.3601e-15   7447.32 0 
  7221.13 5.5231e-15   7464.49 0 
  7237.78 5.5872e-15   7481.70 0 
  7254.47 5.6651e-15   7498.94 0 
  7271.19 5.4856e-15   7516.23 0 
  7287.95 5.4984e-15   7533.56 0 
  7304.75 5.6787e-15   7550.92 0 
  7321.59 5.6528e-15   7568.33 0 
  7338.47 5.6270e-15   7585.78 0 
  7355.39 5.7318e-15   7603.26 0 
  7372.34 5.6144e-15   7620.79 0 
  7389.34 5.7322e-15   7638.36 0 
  7406.37 5.7192e-15   7655.97 0 
  7423.44 5.5252e-15   7673.61 0 
  7440.56 5.7195e-15   7691.30 0 
  7457.71 5.7726e-15   7709.04 0 
  7474.90 5.7994e-15   7726.81 0 
  7492.13 5.7597e-15   7744.62 0 
  7509.41 5.7998e-15   7762.47 0 
  7526.72 5.8671e-15   7780.37 0 
  7544.07 5.8538e-15   7798.30 0 
  7561.45 5.7208e-15   7816.28 0 
  7578.89 5.6036e-15   7834.30 0 
  7596.36 5.5396e-15   7852.36 0 
  7613.87 5.4764e-15   7870.46 0 
  7631.42 5.4640e-15   7888.60 0 
  7649.01 5.5147e-15   7906.79 0 
  7666.65 5.3032e-15   7925.01 0 
  7684.32 5.4144e-15   7943.28 0 
  7702.04 5.3158e-15   7961.59 0 
  7719.79 5.2672e-15   7979.95 0 
  7737.59 5.2795e-15   7998.34 0 
  7755.42 5.0189e-15   8016.78 0 
  7773.30 5.2677e-15   8035.26 0 
  7791.22 5.2437e-15   8053.78 0 
  7809.18 5.2439e-15   8072.35 0 
  7827.18 5.3538e-15   8090.96 0 
  7845.22 5.2805e-15   8109.61 0 
  7863.31 5.2929e-15   8128.31 0 
  7881.44 5.2205e-15   8147.04 0 
  7899.61 5.2689e-15   8165.82 0 
  7917.82 5.1020e-15   8184.65 0 
  7936.07 5.1021e-15   8203.52 0 
  7954.36 4.9404e-15   8222.43 0 
  7972.70 5.1025e-15   8241.38 0 
  7991.08 5.2095e-15   8260.38 0 
  8009.50 5.0911e-15   8279.42 0 
  8027.96 5.2702e-15   8298.51 0 
  8046.47 5.3560e-15   8317.64 0 
  8065.02 5.3315e-15   8336.81 0 
  8083.61 5.1389e-15   8356.03 0 
  8102.25 4.9304e-15   8375.29 0 
  8120.93 5.2107e-15   8394.60 0 
  8139.64 5.1158e-15   8413.95 0 
  8158.41 5.0807e-15   8433.35 0 
  8177.22 5.0459e-15   8452.79 0 
  8196.07 4.9426e-15   8472.27 0 
  8214.96 5.1996e-15   8491.80 0 
  8233.90 4.9887e-15   8511.38 0 
  8252.88 5.1880e-15   8531.00 0 
  8271.90 5.2968e-15   8550.67 0 
  8290.97 5.0470e-15   8570.38 0 
  8310.09 5.0588e-15   8590.14 0 
  8329.24 4.9211e-15   8609.94 0 
  8348.45 4.9213e-15   8629.79 0 
  8367.69 5.1061e-15   8649.68 0 
  8386.98 4.9557e-15   8669.62 0 
  8406.31 4.9673e-15   8689.60 0 
  8425.69 5.0715e-15   8709.64 0 
  8445.11 4.6790e-15   8729.71 0 
  8464.58 4.8772e-15   8749.84 0 
  8484.10 4.9680e-15   8770.01 0 
  8503.65 4.7775e-15   8790.23 0 
  8523.25 4.6582e-15   8810.49 0 
  8542.90 4.7449e-15   8830.80 0 
  8562.60 4.8445e-15   8851.16 0 
  8582.33 4.8895e-15   8871.56 0 
  8602.12 4.7345e-15   8892.01 0 
  8621.95 4.7456e-15   8912.51 0 
  8641.83 4.8900e-15   8933.05 0 
  8661.74 4.7133e-15   8953.65 0 
  8681.72 4.5430e-15   8974.29 0 
  8701.73 4.7354e-15   8994.98 0 
  8721.79 4.8125e-15   9015.71 0 
  8741.90 4.9022e-15   9036.50 0 
  8762.05 4.5332e-15   9057.33 0 
  8782.24 4.7143e-15   9078.20 0 
  8802.49 4.8132e-15   9099.13 0 
  8822.78 4.9597e-15   9120.11 0 
  8843.12 4.8918e-15   9141.13 0 
  8863.50 4.7696e-15   9162.20 0 
  8883.94 4.4823e-15   9183.33 0 
  8904.42 4.6722e-15   9204.50 0 
  8924.94 4.7156e-15   9225.71 0 
  8945.52 4.7813e-15   9246.98 0 
  8966.14 4.6192e-15   9268.30 0 
  8986.81 4.6087e-15   9289.66 0 
  9007.53 4.4833e-15   9311.08 0 
  9028.29 4.2132e-15   9332.54 0 
  9049.10 4.8936e-15   9354.06 0 
  9069.96 4.6307e-15   9375.62 0 
  9090.87 4.4634e-15   9397.23 0 
  9111.83 4.7389e-15   9418.90 0 
  9132.83 4.8495e-15   9440.61 0 
  9153.89 4.5995e-15   9462.37 0 
  9174.99 4.6316e-15   9484.18 0 
  9196.14 4.6318e-15   9506.05 0 
  9217.34 4.4954e-15   9527.96 0 
  9238.59 4.2052e-15   9549.93 0 
  9259.88 4.5269e-15   9571.94 0 
  9281.23 4.6861e-15   9594.01 0 
  9302.63 4.5168e-15   9616.12 0 
  9324.07 4.6010e-15   9638.29 0 
  9345.56 4.5906e-15   9660.51 0 
  9367.11 4.5173e-15   9682.78 0 
  9388.70 4.5698e-15   9705.10 0 
  9410.34 4.4660e-15   9727.47 0 
  9432.04 4.5913e-15   9749.90 0 
  9453.78 4.5285e-15   9772.37 0 
  9475.57 4.6128e-15   9794.90 0 
  9497.42 4.6024e-15   9817.48 0 
  9519.31 4.4875e-15   9840.11 0 
  9541.25 4.2464e-15   9862.79 0 
  9563.25 4.4467e-15   9885.53 0 
  9585.30 4.5610e-15   9908.32 0 
  9607.39 4.5193e-15   9931.16 0 
  9629.54 4.5299e-15   9954.05 0 
  9651.74 4.4886e-15   9977.00 0 
  9673.99 4.4784e-15  10000.00 0 
  9696.29 4.5201e-15  10023.05 0 
  9718.64 4.4582e-15  10046.15 0 
  9741.04 4.4175e-15  10069.31 0 
  9763.50 4.4075e-15  10092.53 0 
  9786.01 4.3573e-15  10115.80 0 
  9808.57 4.4283e-15  10139.12 0 
  9831.18 4.3878e-15  10162.49 0 
  9853.84 4.3981e-15  10185.91 0 
  9876.55 4.3680e-15  10209.39 0 
  9899.33 4.3582e-15  10232.94 0 
  9922.15 4.3684e-15  10256.52 0 
  9945.02 4.3686e-15  10280.17 0 
  9967.94 4.3688e-15  10303.86 0 
  9990.92 4.3389e-15  10327.61 0 
 10013.95 4.2993e-15  10351.42 0 
 10083.37 4.2213e-15  10423.18 0 
 10129.91 4.3400e-15  10471.29 0 
 10176.66 4.3104e-15  10519.62 0 
 10223.64 4.3208e-15  10568.18 0 
 10270.83 4.3311e-15  10616.96 0 
 10294.50 4.3114e-15  10641.43 0 
 10510.06 4.1559e-15  10864.25 0 
 10705.47 3.9688e-15  11066.24 0 
 10904.49 3.7815e-15  11271.98 0 
 11107.22 3.6279e-15  11481.54 0 
 11287.70 3.5617e-15  11668.09 0 
 11497.55 3.5372e-15  11885.02 0 
 11711.32 3.4329e-15  12105.99 0 
 11901.61 3.2859e-15  12302.69 0 
 12094.99 3.2334e-15  12502.59 0 
 12291.52 3.1744e-15  12705.74 0 
 12491.24 3.0737e-15  12912.19 0 
 12694.21 2.9899e-15  13122.00 0 
 12900.47 2.9151e-15  13335.21 0 
 13110.08 2.8619e-15  13551.89 0 
 13292.46 2.7648e-15  13740.42 0 
 13508.45 2.6956e-15  13963.68 0 
 13696.37 2.6403e-15  14157.94 0 
 13886.91 2.5273e-15  14354.90 0 
 14112.55 2.4080e-15  14588.14 0 
 14308.88 2.3695e-15  14791.09 0 
 14507.94 2.3750e-15  14996.85 0 
 14709.76 2.2838e-15  15205.48 0 
 14914.40 2.3103e-15  15417.01 0 
 15087.08 2.3156e-15  15595.52 0 
 15296.97 2.3424e-15  15812.48 0 
 15509.77 2.3156e-15  16032.45 0 
 15689.37 2.2629e-15  16218.10 0 
 15907.63 2.1710e-15  16443.72 0 
 16091.84 2.1660e-15  16634.13 0 
 16315.70 2.1561e-15  16865.54 0 
 16504.61 2.1216e-15  17060.82 0 
 16695.73 2.1167e-15  17258.38 0 
 16889.07 2.0829e-15  17458.23 0 
 17084.63 2.0496e-15  17660.39 0 
 17282.45 1.9663e-15  17864.87 0 
 17482.58 1.9084e-15  18071.74 0 
 17685.02 1.8309e-15  18281.01 0 
 17889.81 1.7565e-15  18492.70 0 
 18096.95 1.6659e-15  18706.81 0 
 18306.50 1.6243e-15  18923.43 0 
 18518.49 1.5691e-15  19142.56 0 
 18689.83 1.4916e-15  19319.67 0 
 18906.25 1.4543e-15  19543.39 0 
 19081.19 1.4311e-15  19724.23 0 
 19302.15 1.3857e-15  19952.63 0 
 19480.74 1.3294e-15  20137.24 0 
 19706.32 1.2872e-15  20370.42 0 
 19888.67 1.2464e-15  20558.92 0 
 20118.95 1.2237e-15  20796.96 0 
 20305.12 1.1848e-15  20989.40 0 
 20493.01 1.1686e-15  21183.62 0 
 20682.61 1.1420e-15  21379.62 0 
 20922.11 1.1160e-15  21627.19 0 
 21115.71 1.0981e-15  21827.31 0 
 21311.08 1.0731e-15  22029.26 0 
 21508.28 1.0511e-15  22233.11 0 
 21707.28 1.0131e-15  22438.81 0 
 21908.14 9.9922e-16  22646.44 0 
 22110.86 9.6975e-16  22856.00 0 
 22315.44 9.4550e-16  23067.47 0 
 22521.93 9.2185e-16  23280.92 0 
 22678.03 8.9673e-16  23442.28 0 
 22887.88 8.1033e-16  23659.20 0 
 23099.64 8.0105e-16  23878.10 0 
 23313.39 7.0739e-16  24099.05 0 
 23475.01 6.6628e-16  24266.11 0 
 23692.20 6.7400e-16  24490.63 0 
 23911.43 6.2325e-16  24717.25 0 
 24077.17 6.0070e-16  24888.57 0 
 24299.96 5.9110e-16  25118.87 0 
 24524.79 5.5165e-16  25351.28 0 
 24694.80 5.3909e-16  25527.02 0 
 24923.28 4.5778e-16  25763.20 0 
 25096.06 4.5046e-16  25941.79 0 
 25328.28 4.5150e-16  26181.84 0 
 25503.84 4.4839e-16  26363.31 0 
 25680.61 4.5463e-16  26546.04 0 
 25918.24 4.4736e-16  26791.68 0 
 26097.91 4.4428e-16  26977.41 0 
 26278.80 4.3317e-16  27164.39 0 
 26521.96 4.3019e-16  27415.75 0 
 26705.79 4.2137e-16  27605.78 0 
 26890.89 4.1654e-16  27797.12 0 
 27077.31 4.1083e-16  27989.81 0 
 27327.87 4.0240e-16  28248.81 0 
 27517.28 3.9597e-16  28444.61 0 
 27708.01 3.8785e-16  28641.77 0 
 27900.09 3.8341e-16  28840.32 0 
 28093.47 3.7641e-16  29040.21 0 
 28288.22 3.7124e-16  29241.53 0 
 28484.29 3.6447e-16  29444.21 0 
 28681.75 3.5617e-16  29648.32 0 
 28880.55 3.5210e-16  29853.82 0 
 29080.75 3.4647e-16  30060.77 0 
 29282.32 3.4014e-16  30269.13 0 
 29485.31 3.3470e-16  30478.96 0 
 29689.68 3.2935e-16  30690.22 0 
 29895.46 3.2334e-16  30902.94 0 
 30102.70 3.1890e-16  31117.17 0 
 30311.35 3.1308e-16  31332.84 0 
 30521.48 3.1021e-16  31550.05 0 
 30733.03 3.0666e-16  31768.73 0 
 30874.91 3.0245e-16  31915.39 0 
 31088.91 2.9968e-16  32136.60 0 
 31304.42 2.9625e-16  32359.38 0 
 31521.40 2.9286e-16  32583.67 0 
 31666.88 2.8951e-16  32734.06 0 
 31886.41 2.8818e-16  32960.98 0 
 32107.42 2.8751e-16  33189.44 0 
 32329.99 2.8951e-16  33419.52 0 
 32479.21 2.9899e-16  33573.76 0 
 32704.33 3.3011e-16  33806.47 0 
 32931.05 4.1847e-16  34040.82 0 
 33083.04 4.1463e-16  34197.94 0 
 33312.38 3.1744e-16  34435.01 0 
 33466.13 2.7968e-16  34593.94 0 
 33698.09 2.6282e-16  34833.72 0 
 33931.70 2.5273e-16  35075.20 0 
 34088.31 2.4528e-16  35237.08 0 
 34324.62 2.3970e-16  35481.36 0 
 34483.04 2.3478e-16  35645.12 0 
 34722.05 2.3049e-16  35892.18 0 
 34882.34 2.2629e-16  36057.88 0 
 35124.12 2.2216e-16  36307.80 0 
 35286.23 2.1810e-16  36475.38 0 
 35530.84 2.1412e-16  36728.23 0 
 35694.84 2.1070e-16  36897.75 0 
 35859.58 2.0685e-16  37068.05 0 
 36108.17 2.0354e-16  37325.02 0 
 36274.83 2.0029e-16  37497.29 0 
 36526.29 1.9663e-16  37757.23 0 
 36694.88 1.9349e-16  37931.50 0 
 36864.25 1.8952e-16  38106.57 0 
 37119.80 1.8649e-16  38370.73 0 
 37291.12 1.8351e-16  38547.83 0 
 37463.24 1.7975e-16  38725.75 0 
 37722.94 1.7769e-16  38994.21 0 
 37897.05 1.7485e-16  39174.18 0 
 38071.96 1.7205e-16  39354.99 0 
 38335.89 1.6930e-16  39627.81 0 
 38512.82 1.6698e-16  39810.71 0 
 38690.62 1.6393e-16  39994.50 0 
 38869.20 1.6131e-16  40179.09 0 
 39138.61 1.5873e-16  40457.58 0 
 39319.29 1.5619e-16  40644.35 0 
 39500.77 1.5334e-16  40831.95 0 
 39683.08 1.5124e-16  41020.40 0 
 39866.24 1.4848e-16  41209.73 0 
 40142.60 1.4610e-16  41495.41 0 
 40327.88 1.4410e-16  41686.93 0 
 40514.06 1.4147e-16  41879.38 0 
 40701.04 1.3985e-16  42072.67 0 
 40888.90 1.3793e-16  42266.86 0 
 41077.62 1.3604e-16  42461.93 0 
 41267.26 1.3417e-16  42657.96 0 
 41457.72 1.3203e-16  42854.85 0 
 41745.12 1.3021e-16  43151.93 0 
 41937.79 1.2843e-16  43351.10 0 
 42131.35 1.2667e-16  43551.18 0 
 42325.81 1.2522e-16  43752.19 0 
 42521.21 1.2350e-16  43954.18 0 
 42717.46 1.2180e-16  44157.04 0 
 42914.62 1.1821e-16  44360.85 0 
 43112.74 1.1499e-16  44565.64 0 
 43311.73 1.1446e-16  44771.33 0 
 43511.63 1.1134e-16  44977.97 0 
 43712.51 1.0931e-16  45185.62 0 
 43914.26 1.0806e-16  45394.17 0 
 44116.94 1.0536e-16  45603.68 0 
 44320.56 1.0415e-16  45814.16 0 
 44525.17 1.0296e-16  46025.67 0 
 44730.67 1.0085e-16  46238.10 0 
 44937.13 1.0038e-16  46451.51 0 
 45144.58 9.9006e-17  46665.95 0 
 45248.64 9.7423e-17  46773.52 0 
 45457.49 9.6752e-17  46989.40 0 
 45667.29 9.5865e-17  47206.28 0 
 45878.12 9.4115e-17  47424.21 0 
 46089.87 9.3899e-17  47643.10 0 
 46302.59 9.2610e-17  47862.99 0 
 46516.35 9.1761e-17  48083.95 0 
 46731.05 9.1130e-17  48305.88 0 
 46946.73 9.0294e-17  48528.84 0 
 47054.95 8.9261e-17  48640.70 0 
 47272.18 8.9055e-17  48865.25 0 
 47490.36 8.8036e-17  49090.79 0 
 47709.55 8.7430e-17  49317.36 0 
 47929.80 8.6628e-17  49545.04 0 
 48151.02 8.5637e-17  49773.71 0 
 48262.02 8.5637e-17  49888.45 0 
 48484.77 8.4891e-17  50118.70 0 
 48708.60 8.4565e-17  50350.08 0 
 48933.41 8.4434e-17  50582.46 0 
 49046.21 8.4078e-17  50699.06 0 
 49272.58 8.3947e-17  50933.06 0 
 49500.04 8.3624e-17  51168.20 0 
 49728.51 8.3879e-17  51404.36 0 
 49843.14 8.3332e-17  51522.85 0 
 50073.24 8.3394e-17  51760.71 0 
 50304.35 8.3455e-17  51999.61 0 
 50536.53 8.3132e-17  52239.61 0 
 50653.02 8.2970e-17  52360.03 0 
 50769.78 8.3000e-17  52480.72 0 
 50886.86 8.3222e-17  52601.75 0 
 51004.16 8.3060e-17  52723.00 0 
 51121.73 8.3090e-17  52844.53 0 
 51239.57 8.2928e-17  52966.34 0 
 51357.68 8.2958e-17  53088.43 0 
 51476.06 8.2987e-17  53210.80 0 
 51594.78 8.3208e-17  53333.52 0 
 51713.71 8.3430e-17  53456.46 0 
 51832.91 8.3459e-17  53579.68 0 
 51952.39 8.3296e-17  53703.18 0 
 52072.14 8.3326e-17  53826.97 0 
 52192.17 8.3355e-17  53951.05 0 
 52312.48 8.3384e-17  54075.41 0 
 52433.12 8.3605e-17  54200.11 0 
 52553.98 8.3827e-17  54325.05 0 
 52675.12 8.4049e-17  54450.27 0 
 52796.54 8.4272e-17  54575.79 0 
 52918.24 8.4107e-17  54701.59 0 
 53040.22 8.4136e-17  54827.68 0 
 53162.48 8.4359e-17  54954.06 0 
 53285.09 8.4583e-17  55080.79 0 
 53407.91 8.4806e-17  55207.76 0 
 53531.02 8.5031e-17  55335.02 0 
 53654.41 8.5256e-17  55462.57 0 
 53778.09 8.5481e-17  55590.41 0 
 53902.05 8.5905e-17  55718.55 0 
 54026.36 8.6132e-17  55847.05 0 
 54150.89 8.6359e-17  55975.78 0 
 54275.72 8.6587e-17  56104.81 0 
 54400.83 8.6816e-17  56234.13 0 
 54526.22 8.7447e-17  56363.76 0 
 54651.91 8.7677e-17  56493.68 0 
 54777.89 8.8111e-17  56623.90 0 
 54904.21 8.8547e-17  56754.48 0 
 55030.77 8.8985e-17  56885.31 0 
 55157.62 8.9425e-17  57016.43 0 
 55284.76 9.0075e-17  57147.86 0 
 55412.20 9.0729e-17  57279.59 0 
 55539.93 9.0968e-17  57411.62 0 
 55668.01 9.1839e-17  57544.02 0 
 55796.33 9.2506e-17  57676.67 0 
 55924.95 9.2963e-17  57809.62 0 
 56053.86 9.3853e-17  57942.87 0 
 56183.06 9.4534e-17  58076.43 0 
 56312.57 9.5439e-17  58210.30 0 
 56442.38 9.6353e-17  58344.48 0 
 56572.54 9.7276e-17  58479.04 0 
 56702.94 9.8434e-17  58613.83 0 
 56833.65 9.9376e-17  58748.94 0 
 56964.65 1.0056e-16  58884.36 0 
 57095.96 1.0199e-16  59020.09 0 
 57227.57 1.0320e-16  59156.14 0 
 57359.49 1.0467e-16  59292.50 0 
 57491.77 1.0616e-16  59429.24 0 
 57624.29 1.0792e-16  59566.23 0 
 57757.12 1.0971e-16  59703.53 0 
 57890.25 1.1152e-16  59841.15 0 
 58023.69 1.1390e-16  59979.09 0 
 58157.44 1.1605e-16  60117.35 0 
 58291.56 1.1852e-16  60255.99 0 
 58425.93 1.2103e-16  60394.88 0 
 58560.61 1.2418e-16  60534.10 0 
 58695.59 1.2740e-16  60673.63 0 
 58830.89 1.3071e-16  60813.49 0 
 58966.50 1.3472e-16  60953.67 0 
 59112.00 1.3161e-16  61104.07 3 
 59411.76 1.2859e-16  61413.93 3 
 59711.50 1.5875e-16  61723.78 3 
 60011.25 1.8337e-16  62033.63 3 
 60311.01 2.1492e-16  62343.49 3 
 60610.76 2.1563e-16  62653.34 3 
 60910.51 2.2284e-16  62963.19 3 
 61210.26 3.0180e-16  63273.05 3 
 61510.01 4.2417e-16  63582.90 3 
 61809.77 5.7631e-16  63892.76 3 
 62109.52 6.1813e-16  64202.61 3 
 62409.26 5.4923e-16  64512.46 3 
 62709.03 4.0655e-16  64822.32 3 
 63008.77 3.7830e-16  65132.17 3 
 63308.52 3.2049e-16  65442.02 3 
 63608.28 2.6009e-16  65751.88 3 
 63908.03 2.2477e-16  66061.73 3 
 64207.78 2.1780e-16  66371.58 3 
 64507.54 1.9887e-16  66681.45 3 
 64807.28 1.9336e-16  66991.29 3 
 65107.03 1.8303e-16  67301.14 3 
 65406.79 1.7573e-16  67611.00 3 
 65706.54 1.6247e-16  67920.85 3 
 66006.30 1.7321e-16  68230.71 3 
 66306.05 1.7295e-16  68540.56 3 
 66605.80 1.6699e-16  68850.41 3 
 66905.56 1.7144e-16  69160.27 3 
 67205.30 1.5648e-16  69470.12 3 
 67505.06 1.5419e-16  69779.98 3 
 67804.81 1.6492e-16  70089.83 3 
 68104.56 1.5956e-16  70399.68 3 
 68404.31 1.7056e-16  70709.54 3 
 68704.06 1.8220e-16  71019.39 3 
 69003.81 1.8678e-16  71329.24 3 
 69303.57 2.0830e-16  71639.10 3 
 69603.31 2.3794e-16  71948.95 3 
 69903.08 2.3781e-16  72258.81 3 
 70202.82 2.1644e-16  72568.66 3 
 70502.57 2.1322e-16  72878.51 3 
 70802.34 1.9501e-16  73188.38 3 
 71102.08 1.9397e-16  73498.22 3 
 71401.83 2.1604e-16  73808.07 3 
 71701.59 2.0989e-16  74117.93 3 
 72001.34 2.1363e-16  74427.78 3 
 72301.09 2.3605e-16  74737.63 3 
 72600.84 2.5314e-16  75047.48 3 
 72880.97 2.9180e-16  75337.06 3 
 72900.59 2.6221e-16  75357.34 3 
 73200.35 2.7296e-16  75667.20 3 
 73481.66 3.5487e-16  75957.99 3 
 73500.09 2.7966e-16  75977.05 3 
 74082.36 4.1769e-16  76578.94 3 
 74683.06 5.4296e-16  77199.88 3 
 75283.76 6.4685e-16  77820.82 3 
 75884.45 7.2627e-16  78441.76 3 
 76485.16 7.1066e-16  79062.71 3 
 77085.86 6.7783e-16  79683.65 3 
 77686.55 6.4899e-16  80304.59 3 
 78287.26 5.9909e-16  80925.54 3 
 78887.95 5.4658e-16  81546.48 3 
 79488.65 4.5909e-16  82167.41 3 
 80089.35 4.0247e-16  82788.36 3 
 80690.04 3.5247e-16  83409.30 3 
 81290.75 3.1685e-16  84030.25 3 
 81891.45 3.0587e-16  84651.19 3 
 82492.15 2.8244e-16  85272.13 3 
 83092.84 3.0227e-16  85893.07 3 
 83693.55 3.0846e-16  86514.02 3 
 84294.24 3.1973e-16  87134.95 3 
 84894.94 3.3922e-16  87755.90 3 
 85495.64 3.6639e-16  88376.84 3 
 86096.33 3.5176e-16  88997.78 3 
 86697.03 3.2141e-16  89618.72 3 
 87297.73 2.4462e-16  90239.66 3 
 87898.42 1.9591e-16  90860.60 3 
 88499.13 1.6762e-16  91481.55 3 
 89099.83 1.3256e-16  92102.49 3 
 89700.53 1.2162e-16  92723.44 3 
 90301.23 1.0471e-16  93344.38 3 
 90901.93 9.8441e-17  93965.32 3 
 91502.62 9.2812e-17  94586.26 3 
 92103.31 8.4061e-17  95207.20 3 
 92704.02 8.2665e-17  95828.15 3 
 93304.72 7.7863e-17  96449.09 3 
 93905.41 8.6015e-17  97070.02 3 
 94506.12 9.1177e-17  97690.98 3 
 95106.82 8.1392e-17  98311.92 3 
 95707.52 8.2302e-17  98932.86 3 
 96308.22 8.7693e-17  99553.80 3 
 96908.87 8.5310e-17 100174.70 3 
 97509.62 7.2841e-17 100795.70 3 
 98110.28 7.3541e-17 101416.59 3 
 98711.04 7.4950e-17 102037.60 3 
 99311.70 6.6773e-17 102658.50 3 
 99912.44 6.8397e-17 103279.49 3 
100513.11 6.8440e-17 103900.41 3 
101113.77 6.7512e-17 104521.30 3 
101714.52 6.1200e-17 105142.30 3 
102315.17 6.1088e-17 105763.20 3 
102915.94 6.0474e-17 106384.20 3 
103516.59 6.5142e-17 107005.10 3 
104117.25 7.3035e-17 107626.00 3 
104718.00 8.4388e-17 108247.00 3 
105318.67 9.2656e-17 108867.91 3 
105919.41 9.6380e-17 109488.90 3 
106520.07 9.1186e-17 110109.80 3 
107120.83 9.0074e-17 110730.80 3 
107721.49 9.0825e-17 111351.70 3 
108322.15 9.5129e-17 111972.60 3 
108922.90 1.0747e-16 112593.60 3 
109523.56 1.3229e-16 113214.50 3 
110124.31 1.6269e-16 113835.50 3 
110724.97 1.7911e-16 114456.40 3 
111325.72 2.6401e-16 115077.40 3 
111926.38 4.1085e-16 115698.30 3 
112527.03 4.3867e-16 116319.20 3 
113127.80 3.5226e-16 116940.20 3 
113728.45 2.7376e-16 117561.10 3 
114329.20 2.1793e-16 118182.09 3 
114929.86 1.7691e-16 118802.99 3 
115530.62 1.5926e-16 119424.00 3 
116131.27 1.3895e-16 120044.90 3 
116731.93 1.3011e-16 120665.80 3 
117332.69 1.2771e-16 121286.80 3 
117933.35 1.2644e-16 121907.70 3 
118534.10 1.3183e-16 122528.70 3 
119134.75 1.3913e-16 123149.59 3 
119735.42 1.4177e-16 123770.51 3 
120336.17 1.3355e-16 124391.50 3 
120936.83 1.2660e-16 125012.40 3 
121537.58 1.2660e-16 125633.40 3 
122138.25 1.3291e-16 126254.30 3 
122738.99 1.4089e-16 126875.30 3 
123339.66 1.4559e-16 127496.20 3 
123940.31 1.4157e-16 128117.10 3 
124541.07 1.5024e-16 128738.10 3 
125141.72 1.6158e-16 129359.00 3 
125742.48 1.7376e-16 129980.00 3 
126343.13 1.8369e-16 130600.90 3 
126943.79 1.8938e-16 131221.80 3 
127544.55 2.3968e-16 131842.80 3 
128145.21 2.6372e-16 132463.70 3 
128745.96 1.6425e-16 133084.70 3 
129346.61 1.1273e-16 133705.59 3 
129947.37 1.0438e-16 134326.59 3 
130548.03 9.5388e-17 134947.50 3 
131148.70 9.4120e-17 135568.41 3 
131749.45 8.9485e-17 136189.41 3 
132350.10 9.0416e-17 136810.30 3 
132950.85 9.2249e-17 137431.30 3 
133551.52 8.6907e-17 138052.20 3 
134152.27 8.6883e-17 138673.20 3 
134752.92 8.9192e-17 139294.09 3 
135353.58 9.3372e-17 139915.00 3 
135954.34 8.6130e-17 140536.00 3 
136555.00 8.3787e-17 141156.91 3 
137155.74 7.6834e-17 141777.89 3 
137756.41 7.0464e-17 142398.80 3 
138357.16 7.3296e-17 143019.80 3 
138957.82 7.2082e-17 143640.70 3 
139558.47 7.0374e-17 144261.59 3 
140159.24 6.9841e-17 144882.61 3 
140676.12 7.0236e-17 145416.91 3 
141563.12 7.4656e-17 146333.80 3 
142450.22 7.4626e-17 147250.80 3 
143337.24 6.6968e-17 148167.70 3 
144224.24 6.7075e-17 149084.59 3 
145111.25 6.0014e-17 150001.50 3 
145998.36 5.3545e-17 150918.50 3 
146885.37 4.7026e-17 151835.41 3 
147772.37 5.6398e-17 152752.30 3 
148659.47 3.9413e-17 153669.30 3 
149546.49 4.9230e-17 154586.20 3 
150433.49 5.1012e-17 155503.09 3 
151320.50 5.0432e-17 156420.00 3 
152207.60 5.0159e-17 157337.00 3 
153094.62 5.2686e-17 158253.91 3 
153981.62 5.2010e-17 159170.80 3 
154868.72 6.7701e-17 160087.80 3 
155755.73 7.6324e-17 161004.70 3 
156642.73 5.9225e-17 161921.59 3 
157529.84 5.8756e-17 162838.59 3 
158416.85 5.4231e-17 163755.50 3 
159303.85 5.4735e-17 164672.39 3 
160190.86 5.5363e-17 165589.30 3 
161077.98 5.7571e-17 166506.31 3 
161964.97 7.0364e-17 167423.19 3 
162851.98 7.2586e-17 168340.09 3 
163739.00 9.6880e-17 169257.00 3 
164626.10 9.9935e-17 170174.00 3 
165513.11 9.8429e-17 171090.91 3 
166400.13 8.1756e-17 172007.81 3 
167287.23 8.3345e-17 172924.81 3 
168174.23 8.1542e-17 173841.70 3 
169061.25 7.7642e-17 174758.61 3 
169948.35 1.1210e-16 175675.61 3 
170835.35 1.0841e-16 176592.50 3 
171722.36 8.4080e-17 177509.41 3 
172609.36 8.9091e-17 178426.30 3 
173496.47 9.0284e-17 179343.30 3 
174383.48 8.1842e-17 180260.20 3 
175270.48 6.0203e-17 181177.09 3 
176157.58 6.0331e-17 182094.09 3 
177044.60 6.7396e-17 183011.00 3 
177931.60 5.9146e-17 183927.89 3 
178818.70 5.8062e-17 184844.89 3 
179705.71 5.3569e-17 185761.80 3 
180592.73 5.3590e-17 186678.70 3 
181479.73 4.9087e-17 187595.59 3 
182366.83 5.1645e-17 188512.59 3 
183253.85 4.9553e-17 189429.50 3 
184140.84 5.0428e-17 190346.39 3 
185027.96 4.6530e-17 191263.41 3 
185914.98 5.9960e-17 192180.31 3 
186801.96 9.8425e-17 193097.19 3 
187688.98 1.0418e-16 194014.09 3 
188576.09 5.1775e-17 194931.11 3 
189463.09 6.3996e-17 195848.00 3 
190350.11 4.6076e-17 196764.91 3 
191237.21 4.9649e-17 197681.91 3 
192124.21 5.2195e-17 198598.80 3 
193011.22 4.7738e-17 199515.70 3 
193898.24 5.3291e-17 200432.61 3 
194785.34 5.3016e-17 201349.61 3 
195672.34 5.1168e-17 202266.50 3 
196559.36 4.6095e-17 203183.41 3 
197446.46 4.7095e-17 204100.41 3 
198851.12 4.0887e-17 205552.41 3 
200548.89 5.1304e-17 207307.39 3 
202247.64 4.7514e-17 209063.39 3 
203947.38 4.2548e-17 210820.41 3 
205647.96 4.8085e-17 212578.30 3 
207349.42 4.8989e-17 214337.09 3 
209051.84 4.4873e-17 216096.89 3 
210755.16 4.6641e-17 217857.61 3 
212459.41 4.8988e-17 219619.30 3 
214164.65 4.7801e-17 221382.00 3 
215870.75 4.3643e-17 223145.59 3 
217577.83 4.7253e-17 224910.20 3 
219285.77 4.8136e-17 226675.70 3 
220994.67 4.7223e-17 228442.19 3 
222704.54 4.3742e-17 230209.69 3 
224415.30 4.5893e-17 231978.09 3 
226127.02 4.7814e-17 233747.50 3 
227839.71 4.8441e-17 235517.91 3 
229553.26 4.5661e-17 237289.20 3 
231267.88 4.5830e-17 239061.61 3 
232983.28 4.8465e-17 240834.81 3 
234699.71 5.0368e-17 242609.09 3 
236417.15 5.0236e-17 244384.41 3 
238135.44 4.8687e-17 246160.61 3 
239854.69 4.8536e-17 247937.80 3 
241574.93 5.0429e-17 249716.00 3 
243296.02 5.0951e-17 251495.09 3 
245018.18 4.7524e-17 253275.30 3 
246741.23 4.6325e-17 255056.41 3 
248465.33 4.8609e-17 256838.61 3 
250190.28 4.9946e-17 258621.69 3 
251916.24 4.9003e-17 260405.81 3 
253643.13 5.0463e-17 262190.91 3 
255371.00 4.9108e-17 263977.00 3 
257099.83 5.1776e-17 265764.09 3 
258829.66 5.6510e-17 267552.22 3 
260560.43 5.3003e-17 269341.31 3 
262292.16 5.0269e-17 271131.41 3 
264024.86 4.8942e-17 272922.50 3 
265758.53 4.9099e-17 274714.59 3 
267493.29 4.8306e-17 276507.81 3 
269228.89 4.9065e-17 278301.91 3 
270965.46 4.9084e-17 280097.00 3 
272703.09 4.9484e-17 281893.19 3 
274441.72 4.8405e-17 283690.41 3 
276181.19 4.9974e-17 285488.50 3 
277921.73 4.9991e-17 287287.69 3 
279663.25 5.0921e-17 289087.91 3 
281405.84 5.4733e-17 290889.22 3 
283149.37 5.2178e-17 292691.50 3 
284893.80 5.5588e-17 294494.72 3 
286639.35 4.9437e-17 296299.09 3 
288385.80 5.4328e-17 298104.41 3 
290133.29 4.9705e-17 299910.78 3 
291881.77 4.9280e-17 301718.19 3 
293631.22 5.1493e-17 303526.59 3 
295381.73 5.0506e-17 305336.09 3 
297133.20 4.9989e-17 307146.59 3 
298885.65 5.0380e-17 308958.09 3 
300639.15 5.1817e-17 310770.69 3 
302393.74 5.1458e-17 312584.41 3 
304149.26 5.0109e-17 314399.09 3 
305905.79 5.2325e-17 316214.81 3 
307663.25 5.4498e-17 318031.50 3 
309421.89 5.4697e-17 319849.41 3 
311181.41 5.2304e-17 321668.22 3 
312942.04 5.4043e-17 323488.19 3 
314703.58 5.7022e-17 325309.09 3 
316466.27 5.4809e-17 327131.19 3 
318229.96 5.3593e-17 328954.31 3 
319994.56 5.4038e-17 330778.38 3 
321760.27 5.5494e-17 332603.59 3 
323527.04 5.8134e-17 334429.91 3 
325294.84 6.1511e-17 336257.28 3 
327063.67 5.5379e-17 338085.72 3 
328833.50 7.9699e-17 339915.19 3 
330604.32 7.6012e-17 341745.69 3 
332376.23 7.0508e-17 343577.31 3 
334149.29 9.3183e-17 345410.12 3 
335923.20 7.3364e-17 347243.81 3 
337698.29 6.0716e-17 349078.72 3 
