# An Atlas of Galaxy Spectral Energy Distributions from the Ultraviolet to the Mid-Infrared
# Brown et al. (2014)
# http://dx.doi.org/10.5072/03/529D3551F0117
# 
# Column 1 : Restframe Wavelength (Angstrom)
# Column 2 : Flux per unit wavelength (ergs/s/cm^2/Angstrom)
# Column 3 : Observed wavelength (Angstrom)
# Column 4 : Source (0 = model, 1 = Optical Spectrum, 2 = Akari, 3 = Spitzer IRS)
# 
   102.05 2.9810e-26    104.23 0 
   103.95 4.3588e-26    106.17 0 
   105.88 6.4769e-26    108.14 0 
   108.10 9.7581e-26    110.41 0 
   110.11 1.6687e-25    112.46 0 
   113.97 3.2913e-25    116.41 0 
   117.98 5.9892e-25    120.50 0 
   121.01 2.6264e-24    123.59 0 
   124.97 4.3890e-24    127.64 0 
   127.00 5.4748e-24    129.72 0 
   127.88 6.2139e-24    130.62 0 
   130.86 8.4599e-24    133.66 0 
   132.07 1.0577e-23    134.90 0 
   133.91 1.2805e-23    136.77 0 
   137.03 1.9381e-23    139.96 0 
   139.90 2.5490e-23    142.89 0 
   143.16 7.7333e-23    146.22 0 
   147.17 2.3140e-22    150.31 0 
   150.94 3.1000e-22    154.17 0 
   155.17 4.1530e-22    158.49 0 
   159.15 5.5509e-22    162.55 0 
   162.11 6.8134e-22    165.58 0 
   165.89 8.9819e-22    169.43 0 
   170.14 1.1491e-21    173.78 0 
   172.91 1.3815e-21    176.60 0 
   176.93 1.7393e-21    180.72 0 
   179.81 2.0576e-21    183.65 0 
   181.89 2.2981e-21    185.78 0 
   186.13 2.8403e-21    190.11 0 
   190.90 3.6590e-21    194.98 0 
   194.00 4.2694e-21    198.15 0 
   198.07 5.1448e-21    202.30 0 
   202.21 6.1996e-21    206.54 0 
   205.03 7.0854e-21    209.41 0 
   209.80 8.4017e-21    214.29 0 
   216.18 1.1204e-20    220.80 0 
   220.20 1.3194e-20    224.91 0 
   222.75 1.4634e-20    227.51 0 
   226.89 1.7154e-20    231.74 0 
   230.04 2.8666e-20    234.96 0 
   233.78 5.1924e-20    238.78 0 
   239.78 7.4023e-20    244.91 0 
   245.93 8.0792e-20    251.19 0 
   252.24 9.8258e-20    257.63 0 
   256.93 9.2548e-20    262.42 0 
   259.90 1.1334e-19    265.46 0 
   264.12 1.2893e-19    269.77 0 
   269.03 1.4235e-19    274.79 0 
   274.04 1.5609e-19    279.90 0 
   279.13 1.7075e-19    285.10 0 
   284.32 1.8680e-19    290.40 0 
   290.27 1.9786e-19    296.48 0 
   295.67 2.2150e-19    302.00 0 
   301.17 2.3570e-19    307.61 0 
   308.18 2.6568e-19    314.77 0 
   318.28 3.1072e-19    325.09 0 
   327.95 3.5511e-19    334.97 0 
   337.92 3.9844e-19    345.14 0 
   348.18 4.4296e-19    355.63 0 
   357.11 4.8794e-19    364.75 0 
   366.28 5.3997e-19    374.11 0 
   374.81 5.8528e-19    382.82 0 
   385.31 6.1711e-19    393.55 0 
   395.19 6.9241e-19    403.65 0 
   405.33 7.5573e-19    414.00 0 
   413.82 8.0420e-19    422.67 0 
   422.48 8.4017e-19    431.52 0 
   430.34 8.7976e-19    439.54 0 
   441.38 9.5141e-19    450.82 0 
   450.62 1.0008e-18    460.26 0 
   460.05 1.0432e-18    469.89 0 
   469.69 1.0949e-18    479.73 0 
   479.52 1.1571e-18    489.78 0 
   489.56 1.1922e-18    500.03 0 
   499.81 1.2658e-18    510.50 0 
   505.60 1.2805e-18    516.42 0 
   511.46 1.3752e-18    522.40 0 
   519.77 1.4137e-18    530.88 0 
   529.43 1.4500e-18    540.75 0 
   540.52 1.4600e-18    552.08 0 
   550.56 1.5114e-18    562.34 0 
   559.51 1.6083e-18    571.48 0 
   569.91 1.6880e-18    582.10 0 
   580.51 1.7154e-18    592.93 0 
   589.94 1.7839e-18    602.56 0 
   599.53 1.7921e-18    612.35 0 
   610.67 1.6802e-18    623.73 0 
   620.59 1.9470e-18    633.87 0 
   630.68 1.9741e-18    644.17 0 
   639.45 2.0482e-18    653.13 0 
   649.84 2.0959e-18    663.74 0 
   657.37 2.1153e-18    671.43 0 
   664.98 2.1896e-18    679.20 0 
   674.23 2.2406e-18    688.65 0 
   685.19 2.2201e-18    699.84 0 
   694.72 2.3734e-18    709.58 0 
   704.38 2.3301e-18    719.45 0 
   715.83 2.5025e-18    731.14 0 
   725.78 2.5549e-18    741.31 0 
   734.19 2.6084e-18    749.89 0 
   744.40 2.6876e-18    760.33 0 
   754.76 2.7502e-18    770.90 0 
   765.26 2.6568e-18    781.63 0 
   774.12 2.9065e-18    790.68 0 
   784.89 2.9469e-18    801.68 0 
   795.81 3.0434e-18    812.83 0 
   805.02 3.1359e-18    822.24 0 
   814.34 3.2016e-18    831.76 0 
   825.67 3.3371e-18    843.33 0 
   835.23 3.0645e-18    853.10 0 
   844.91 3.4464e-18    862.98 0 
   854.69 3.5024e-18    872.97 0 
   864.59 3.6422e-18    883.08 0 
   874.60 3.7876e-18    893.31 0 
   884.72 3.9570e-18    903.65 0 
   894.97 4.0866e-18    914.11 0 
   905.33 4.1150e-18    924.70 0 
   915.82 5.5509e-18    935.41 0 
   924.29 2.4910e-17    944.06 0 
   934.99 5.2889e-17    954.99 0 
   945.82 1.0078e-16    966.05 0 
   954.57 1.4400e-16    974.99 0 
   965.62 1.6610e-16    986.28 0 
   974.56 3.0434e-17    995.41 0 
   985.84 1.4804e-16   1006.93 0 
   994.97 1.5789e-16   1016.25 0 
  1004.17 2.3140e-16   1025.65 0 
  1015.80 2.2406e-16   1037.53 0 
  1025.20 9.6909e-17   1047.13 0 
  1034.68 1.6232e-16   1056.82 0 
  1044.26 3.1359e-16   1066.60 0 
  1053.92 3.1215e-16   1076.47 0 
  1066.12 2.5082e-16   1088.93 0 
  1075.99 3.0225e-16   1099.01 0 
  1085.95 2.4231e-16   1109.18 0 
  1095.99 3.2461e-16   1119.44 0 
  1106.13 3.1649e-16   1129.80 0 
  1113.80 3.0787e-16   1137.63 0 
  1124.11 2.8013e-16   1148.15 0 
  1134.51 3.5922e-16   1158.78 0 
  1145.01 3.2913e-16   1169.50 0 
  1155.60 3.5430e-16   1180.32 0 
  1166.29 3.7014e-16   1191.24 0 
  1174.38 2.6083e-16   1199.50 0 
  1185.24 3.6590e-16   1210.60 0 
  1196.21 2.5314e-16   1221.80 0 
  1204.50 1.8423e-16   1230.27 0 
  1215.65 1.2005e-16   1241.65 0 
  1224.07 2.5431e-16   1250.26 0 
  1235.40 3.9207e-16   1261.83 0 
  1243.96 4.3688e-16   1270.57 0 
  1255.47 4.2205e-16   1282.33 0 
  1264.18 3.6506e-16   1291.22 0 
  1275.87 4.7793e-16   1303.17 0 
  1284.72 5.0625e-16   1312.20 0 
  1293.62 4.0492e-16   1321.30 0 
  1305.59 4.0213e-16   1333.52 0 
  1314.64 5.0859e-16   1342.77 0 
  1323.76 4.9132e-16   1352.07 0 
  1336.00 4.3789e-16   1364.58 0 
  1345.27 5.2646e-16   1374.04 0 
  1354.59 5.1329e-16   1383.57 0 
  1363.98 4.6277e-16   1393.16 0 
  1373.43 4.9019e-16   1402.81 0 
  1386.14 5.0046e-16   1415.79 0 
  1395.75 4.4093e-16   1425.61 0 
  1405.43 4.6171e-16   1435.49 0 
  1415.17 4.7355e-16   1445.44 0 
  1424.98 4.9019e-16   1455.46 0 
  1434.85 4.9019e-16   1465.55 0 
  1441.48 5.2043e-16   1472.31 0 
  1448.13 5.3133e-16   1479.11 0 
  1454.82 5.1924e-16   1485.94 0 
  1464.90 4.8235e-16   1496.24 0 
  1475.05 4.8458e-16   1506.61 0 
  1485.28 4.9701e-16   1517.05 0 
  1495.57 5.0859e-16   1527.57 0 
  1505.94 4.8570e-16   1538.15 0 
  1512.89 4.3488e-16   1545.25 0 
  1516.38 4.6705e-16   1548.82 0 
  1523.38 4.5537e-16   1555.97 0 
  1533.94 4.0028e-16   1566.75 0 
  1544.57 4.4501e-16   1577.61 0 
  1555.28 4.2205e-16   1588.55 0 
  1566.06 4.3188e-16   1599.56 0 
  1573.29 4.6491e-16   1606.94 0 
  1584.19 4.9132e-16   1618.08 0 
  1595.17 5.0625e-16   1629.30 0 
  1606.23 4.9701e-16   1640.59 0 
  1613.64 5.0161e-16   1648.16 0 
  1624.83 4.7683e-16   1659.59 0 
  1636.09 5.1094e-16   1671.09 0 
  1643.64 5.2404e-16   1678.80 0 
  1655.04 4.8347e-16   1690.44 0 
  1666.51 5.3501e-16   1702.16 0 
  1670.35 4.7574e-16   1706.08 0 
  1678.06 5.6411e-16   1713.96 0 
  1685.81 5.9070e-16   1721.87 0 
  1693.59 5.5254e-16   1729.82 0 
  1705.33 5.3748e-16   1741.81 0 
  1713.20 5.3133e-16   1749.85 0 
  1725.08 5.3748e-16   1761.98 0 
  1733.04 5.8528e-16   1770.11 0 
  1745.05 5.7196e-16   1782.38 0 
  1753.11 6.2859e-16   1790.61 0 
  1765.26 5.6152e-16   1803.02 0 
  1773.40 5.9892e-16   1811.34 0 
  1785.70 6.1146e-16   1823.90 0 
  1793.94 6.8607e-16   1832.31 0 
  1806.38 6.6737e-16   1845.02 0 
  1814.71 6.3733e-16   1853.53 0 
  1823.09 6.4471e-16   1862.09 0 
  1835.73 6.1854e-16   1874.99 0 
  1844.20 5.6152e-16   1883.65 0 
  1856.98 5.9479e-16   1896.71 0 
  1865.55 6.4323e-16   1905.46 0 
  1874.17 6.7510e-16   1914.26 0 
  1887.16 6.4323e-16   1927.53 0 
  1895.87 6.4918e-16   1936.42 0 
  1904.62 6.7045e-16   1945.36 0 
  1913.41 6.6737e-16   1954.34 0 
  1926.67 6.4027e-16   1967.89 0 
  1935.57 5.9206e-16   1976.97 0 
  1944.50 7.2338e-16   1986.10 0 
  1953.48 7.0205e-16   1995.26 0 
  1967.02 7.8771e-16   2009.09 0 
  1976.10 7.8771e-16   2018.37 0 
  1985.22 7.7869e-16   2027.68 0 
  1994.38 7.6801e-16   2037.04 0 
  2003.59 7.6272e-16   2046.45 0 
  2012.83 7.5053e-16   2055.89 0 
  2026.79 7.4880e-16   2070.14 0 
  2036.14 7.8049e-16   2079.70 0 
  2045.54 8.3438e-16   2089.30 0 
  2054.98 7.9500e-16   2098.94 0 
  2064.47 7.8590e-16   2108.63 0 
  2074.00 8.8382e-16   2118.36 0 
  2078.78 9.6464e-16   2123.24 0 
  2083.57 1.0148e-15   2128.14 0 
  2093.19 9.5580e-16   2137.96 0 
  2102.85 9.2335e-16   2147.83 0 
  2117.42 9.6242e-16   2162.72 0 
  2127.20 9.5580e-16   2172.70 0 
  2137.02 8.6371e-16   2182.73 0 
  2146.88 9.6687e-16   2192.81 0 
  2156.79 9.9854e-16   2202.93 0 
  2166.75 9.3404e-16   2213.09 0 
  2176.75 9.4486e-16   2223.31 0 
  2186.79 9.9854e-16   2233.57 0 
  2196.89 1.0553e-15   2243.88 0 
  2207.03 1.0171e-15   2254.24 0 
  2217.22 9.0859e-16   2264.64 0 
  2227.45 9.1278e-16   2275.10 0 
  2232.59 1.0675e-15   2280.34 0 
  2242.89 1.0124e-15   2290.87 0 
  2253.24 9.0223e-16   2301.44 0 
  2263.64 9.1614e-16   2312.07 0 
  2274.09 9.8085e-16   2322.74 0 
  2284.59 1.0796e-15   2333.46 0 
  2295.13 9.8148e-16   2344.23 0 
  2305.73 1.0508e-15   2355.05 0 
  2316.37 9.8209e-16   2365.92 0 
  2327.06 7.4608e-16   2376.84 0 
  2332.43 8.1583e-16   2382.32 0 
  2343.19 7.0669e-16   2393.32 0 
  2354.01 9.3725e-16   2404.36 0 
  2364.87 7.2859e-16   2415.46 0 
  2375.79 8.3005e-16   2426.61 0 
  2386.76 6.5422e-16   2437.81 0 
  2392.26 7.4394e-16   2443.43 0 
  2403.30 7.2636e-16   2454.71 0 
  2414.39 7.8482e-16   2466.04 0 
  2425.54 9.9400e-16   2477.42 0 
  2436.73 9.7274e-16   2488.86 0 
  2442.35 1.0760e-15   2494.60 0 
  2453.62 1.0900e-15   2506.11 0 
  2464.95 1.0544e-15   2517.68 0 
  2476.33 9.8089e-16   2529.30 0 
  2487.76 9.2092e-16   2540.97 0 
  2493.49 8.9541e-16   2546.83 0 
  2505.00 1.1524e-15   2558.59 0 
  2510.78 8.0615e-16   2564.48 0 
  2516.56 7.5373e-16   2570.40 0 
  2522.37 7.6035e-16   2576.32 0 
  2534.01 8.5233e-16   2588.21 0 
  2545.70 8.7740e-16   2600.16 0 
  2557.46 1.0859e-15   2612.16 0 
  2563.35 9.7405e-16   2618.18 0 
  2575.18 1.1020e-15   2630.27 0 
  2587.07 1.0611e-15   2642.41 0 
  2593.03 1.0128e-15   2648.50 0 
  2605.00 9.4431e-16   2660.72 0 
  2617.03 8.9473e-16   2673.01 0 
  2623.06 1.0678e-15   2679.17 0 
  2635.17 1.2854e-15   2691.54 0 
  2647.33 1.5872e-15   2703.96 0 
  2653.43 1.7964e-15   2710.19 0 
  2665.68 1.4060e-15   2722.70 0 
  2677.98 1.5579e-15   2735.27 0 
  2684.16 1.6230e-15   2741.57 0 
  2696.55 1.4154e-15   2754.23 0 
  2702.76 1.5728e-15   2760.58 0 
  2715.24 1.3496e-15   2773.32 0 
  2727.77 1.3176e-15   2786.12 0 
  2734.06 1.4607e-15   2792.54 0 
  2746.68 1.0188e-15   2805.43 0 
  2753.01 1.1638e-15   2811.90 0 
  2765.72 1.3226e-15   2824.88 0 
  2772.09 1.4428e-15   2831.39 0 
  2784.89 1.1239e-15   2844.46 0 
  2797.74 6.8910e-16   2857.59 0 
  2804.19 7.7992e-16   2864.18 0 
  2817.14 1.3918e-15   2877.40 0 
  2823.63 1.7352e-15   2884.03 0 
  2836.66 1.6900e-15   2897.34 0 
  2843.20 1.5727e-15   2904.02 0 
  2856.33 1.2977e-15   2917.43 0 
  2862.91 1.8028e-15   2924.15 0 
  2876.13 1.9252e-15   2937.65 0 
  2882.76 1.8545e-15   2944.42 0 
  2896.06 1.9220e-15   2958.01 0 
  2909.43 2.3349e-15   2971.67 0 
  2929.60 2.1605e-15   2992.27 0 
  2949.91 2.1029e-15   3013.01 0 
  2970.35 2.2339e-15   3033.89 0 
  2990.94 2.2663e-15   3054.92 0 
  3011.67 2.3527e-15   3076.10 0 
  3032.55 2.3868e-15   3097.42 0 
  3046.55 2.4508e-15   3111.72 0 
  3067.67 2.5499e-15   3133.29 0 
  3088.93 2.6107e-15   3155.01 0 
  3110.34 2.7037e-15   3176.87 0 
  3131.90 2.6374e-15   3198.90 0 
  3153.61 2.6753e-15   3221.07 0 
  3168.17 2.7787e-15   3235.94 0 
  3190.13 2.5353e-15   3258.37 0 
  3212.24 2.7429e-15   3280.95 0 
  3227.07 2.4755e-15   3296.10 0 
  3249.44 2.9365e-15   3318.94 0 
  3271.96 3.2210e-15   3341.95 0 
  3287.06 3.1947e-15   3357.38 0 
  3309.85 3.1885e-15   3380.65 0 
  3325.12 3.1406e-15   3396.25 0 
  3332.79 3.2339e-15   3404.08 0 
  3340.47 3.0161e-15   3411.93 0 
  3348.17 3.5331e-15   3419.79 0 
  3355.89 3.3796e-15   3427.68 0 
  3363.63 2.6827e-15   3435.58 0 
  3371.38 2.8463e-15   3443.50 0 
  3379.15 3.4119e-15   3451.44 0 
  3386.94 3.3167e-15   3459.39 0 
  3394.75 3.2464e-15   3467.37 0 
  3402.58 3.7421e-15   3475.36 0 
  3410.42 3.1537e-15   3483.37 0 
  3418.28 3.1370e-15   3491.40 0 
  3426.16 3.3054e-15   3499.45 0 
  3434.06 3.6807e-15   3507.52 0 
  3441.98 3.1451e-15   3515.60 0 
  3449.91 3.2013e-15   3523.71 0 
  3457.87 3.3422e-15   3531.83 0 
  3465.84 3.1169e-15   3539.97 0 
  3473.82 3.5680e-15   3548.13 0 
  3481.83 3.2220e-15   3556.31 0 
  3489.86 3.4980e-15   3564.51 0 
  3497.90 3.1953e-15   3572.73 0 
  3505.97 3.6158e-15   3580.96 0 
  3514.05 3.2802e-15   3589.22 0 
  3522.15 3.6190e-15   3597.49 0 
  3530.27 3.2158e-15   3605.79 0 
  3538.41 3.6642e-15   3614.10 0 
  3546.57 3.7815e-15   3622.43 0 
  3554.74 3.7875e-15   3630.78 0 
  3562.94 3.6061e-15   3639.15 0 
  3571.15 3.1676e-15   3647.54 0 
  3579.38 3.2841e-15   3655.95 0 
  3587.63 2.8385e-15   3664.37 0 
  3593.31 4.0764e-15   3670.17 1 
  3596.00 3.4718e-15   3672.92 1 
  3598.69 2.9336e-15   3675.67 1 
  3601.38 3.0383e-15   3678.42 1 
  3604.08 3.6414e-15   3681.17 1 
  3606.77 3.5758e-15   3683.92 1 
  3609.46 3.6492e-15   3686.67 1 
  3612.15 3.7783e-15   3689.42 1 
  3614.84 3.7800e-15   3692.17 1 
  3617.54 3.4600e-15   3694.92 1 
  3620.23 4.0652e-15   3697.67 1 
  3622.92 4.2908e-15   3700.42 1 
  3625.61 4.5038e-15   3703.17 1 
  3628.31 3.9464e-15   3705.92 1 
  3631.00 2.9837e-15   3708.67 1 
  3633.69 3.0755e-15   3711.42 1 
  3636.38 3.6237e-15   3714.17 1 
  3639.08 3.9475e-15   3716.92 1 
  3641.77 3.9808e-15   3719.67 1 
  3644.46 3.8406e-15   3722.42 1 
  3647.15 3.8723e-15   3725.17 1 
  3649.85 4.2793e-15   3727.92 1 
  3652.54 4.3687e-15   3730.67 1 
  3655.23 2.8936e-15   3733.42 1 
  3657.92 2.5156e-15   3736.17 1 
  3660.62 4.2357e-15   3738.92 1 
  3663.31 4.1857e-15   3741.67 1 
  3666.00 5.0168e-15   3744.42 1 
  3668.69 4.0374e-15   3747.17 1 
  3671.39 3.9615e-15   3749.92 1 
  3674.08 4.5496e-15   3752.67 1 
  3676.77 3.7262e-15   3755.42 1 
  3679.46 3.9048e-15   3758.17 1 
  3682.15 4.6834e-15   3760.92 1 
  3684.85 3.8324e-15   3763.67 1 
  3687.54 3.9800e-15   3766.42 1 
  3690.23 3.8019e-15   3769.17 1 
  3692.92 3.5044e-15   3771.92 1 
  3695.62 4.6182e-15   3774.67 1 
  3698.31 4.8769e-15   3777.42 1 
  3701.00 3.4606e-15   3780.17 1 
  3703.69 3.1216e-15   3782.92 1 
  3706.39 3.2531e-15   3785.67 1 
  3709.08 4.3220e-15   3788.42 1 
  3711.77 4.3886e-15   3791.17 1 
  3714.46 4.4106e-15   3793.92 1 
  3717.16 4.9812e-15   3796.67 1 
  3719.85 5.3876e-15   3799.42 1 
  3722.54 6.1151e-15   3802.17 1 
  3725.23 7.6045e-15   3804.92 1 
  3727.93 7.0706e-15   3807.67 1 
  3730.62 6.2423e-15   3810.42 1 
  3733.31 4.6021e-15   3813.17 1 
  3736.00 4.0864e-15   3815.92 1 
  3738.70 4.4123e-15   3818.67 1 
  3741.39 3.6890e-15   3821.42 1 
  3744.08 3.6971e-15   3824.17 1 
  3746.77 3.9707e-15   3826.92 1 
  3749.47 3.6219e-15   3829.67 1 
  3752.16 4.0619e-15   3832.42 1 
  3754.85 4.7756e-15   3835.17 1 
  3757.54 4.9514e-15   3837.92 1 
  3760.23 5.0645e-15   3840.67 1 
  3762.93 4.6242e-15   3843.42 1 
  3765.62 3.9357e-15   3846.17 1 
  3768.31 3.7702e-15   3848.92 1 
  3771.00 4.0154e-15   3851.67 1 
  3773.70 4.7632e-15   3854.42 1 
  3776.39 5.1227e-15   3857.17 1 
  3779.08 5.1919e-15   3859.92 1 
  3781.77 5.0607e-15   3862.67 1 
  3784.47 6.4279e-15   3865.42 1 
  3787.16 6.4802e-15   3868.17 1 
  3789.85 5.4117e-15   3870.92 1 
  3792.54 5.1975e-15   3873.67 1 
  3795.24 4.7399e-15   3876.42 1 
  3797.93 4.5576e-15   3879.17 1 
  3800.62 4.8388e-15   3881.92 1 
  3803.31 5.3691e-15   3884.67 1 
  3806.01 5.7758e-15   3887.42 1 
  3808.70 5.0032e-15   3890.17 1 
  3811.39 4.9131e-15   3892.92 1 
  3814.08 5.5482e-15   3895.67 1 
  3816.78 4.7505e-15   3898.42 1 
  3819.47 4.6912e-15   3901.17 1 
  3822.16 4.8152e-15   3903.92 1 
  3824.85 4.2444e-15   3906.67 1 
  3827.54 5.1819e-15   3909.42 1 
  3830.24 3.1081e-15   3912.17 1 
  3832.93 3.8602e-15   3914.92 1 
  3835.62 3.3000e-15   3917.67 1 
  3838.31 3.4108e-15   3920.42 1 
  3841.01 4.3149e-15   3923.17 1 
  3843.70 5.7701e-15   3925.92 1 
  3846.39 5.5880e-15   3928.67 1 
  3849.08 5.2470e-15   3931.42 1 
  3851.78 5.6622e-15   3934.17 1 
  3854.47 4.5161e-15   3936.92 1 
  3857.16 5.4302e-15   3939.67 1 
  3859.85 5.5143e-15   3942.42 1 
  3862.55 5.7119e-15   3945.17 1 
  3865.24 5.3647e-15   3947.92 1 
  3867.93 6.0893e-15   3950.67 1 
  3870.62 5.2678e-15   3953.42 1 
  3873.32 5.6024e-15   3956.17 1 
  3876.01 5.6299e-15   3958.92 1 
  3878.70 5.0280e-15   3961.67 1 
  3881.39 4.8767e-15   3964.42 1 
  3884.09 4.9063e-15   3967.17 1 
  3886.78 4.6486e-15   3969.92 1 
  3889.47 4.9811e-15   3972.67 1 
  3892.16 4.8059e-15   3975.42 1 
  3894.86 5.4288e-15   3978.17 1 
  3897.55 6.2115e-15   3980.92 1 
  3900.24 5.7738e-15   3983.67 1 
  3902.93 5.9210e-15   3986.42 1 
  3905.62 6.6939e-15   3989.17 1 
  3908.32 6.5191e-15   3991.92 1 
  3911.01 6.2891e-15   3994.67 1 
  3913.70 6.3424e-15   3997.42 1 
  3916.39 6.9437e-15   4000.17 1 
  3919.09 6.5991e-15   4002.92 1 
  3921.78 6.6892e-15   4005.67 1 
  3924.47 5.6414e-15   4008.42 1 
  3927.16 4.2690e-15   4011.17 1 
  3929.86 3.4291e-15   4013.92 1 
  3932.55 3.2243e-15   4016.67 1 
  3935.24 4.1761e-15   4019.42 1 
  3937.93 4.4022e-15   4022.17 1 
  3940.63 4.9360e-15   4024.92 1 
  3943.32 5.5616e-15   4027.67 1 
  3946.01 5.4636e-15   4030.42 1 
  3948.70 6.0535e-15   4033.17 1 
  3951.40 5.7571e-15   4035.92 1 
  3954.09 5.9457e-15   4038.67 1 
  3956.78 5.0252e-15   4041.42 1 
  3959.47 5.2774e-15   4044.17 1 
  3962.17 5.2029e-15   4046.92 1 
  3964.86 4.2287e-15   4049.67 1 
  3967.55 3.8501e-15   4052.42 1 
  3970.24 3.4191e-15   4055.17 1 
  3972.93 3.5885e-15   4057.92 1 
  3975.63 5.0962e-15   4060.67 1 
  3978.32 5.4605e-15   4063.42 1 
  3981.01 6.1601e-15   4066.17 1 
  3983.70 6.9901e-15   4068.92 1 
  3986.40 6.8458e-15   4071.67 1 
  3989.09 6.6682e-15   4074.42 1 
  3991.78 6.9717e-15   4077.17 1 
  3994.47 7.1309e-15   4079.92 1 
  3997.17 7.7268e-15   4082.67 1 
  3999.86 8.1494e-15   4085.42 1 
  4002.55 7.4449e-15   4088.17 1 
  4005.24 7.5047e-15   4090.92 1 
  4007.94 7.2117e-15   4093.67 1 
  4010.63 7.9972e-15   4096.42 1 
  4013.32 7.6692e-15   4099.17 1 
  4016.01 7.2664e-15   4101.92 1 
  4018.71 8.0277e-15   4104.67 1 
  4021.40 8.3168e-15   4107.42 1 
  4024.09 7.5918e-15   4110.17 1 
  4026.78 7.9303e-15   4112.92 1 
  4029.48 8.2729e-15   4115.67 1 
  4032.17 7.8200e-15   4118.42 1 
  4034.86 7.8075e-15   4121.17 1 
  4037.55 7.8784e-15   4123.92 1 
  4040.25 8.6628e-15   4126.67 1 
  4042.94 7.5183e-15   4129.42 1 
  4045.63 7.9938e-15   4132.17 1 
  4048.32 7.2804e-15   4134.92 1 
  4051.01 7.8448e-15   4137.67 1 
  4053.71 7.4516e-15   4140.42 1 
  4056.40 8.0442e-15   4143.17 1 
  4059.09 7.6720e-15   4145.92 1 
  4061.78 7.4564e-15   4148.67 1 
  4064.48 7.6824e-15   4151.42 1 
  4067.17 7.4944e-15   4154.17 1 
  4069.86 7.2824e-15   4156.92 1 
  4072.55 7.8307e-15   4159.67 1 
  4075.25 7.2600e-15   4162.42 1 
  4077.94 7.2422e-15   4165.17 1 
  4080.63 7.0068e-15   4167.92 1 
  4083.32 6.9093e-15   4170.67 1 
  4086.02 6.5935e-15   4173.42 1 
  4088.71 7.1987e-15   4176.17 1 
  4091.40 7.3705e-15   4178.92 1 
  4094.09 6.3918e-15   4181.67 1 
  4096.79 5.9480e-15   4184.42 1 
  4099.48 5.7235e-15   4187.17 1 
  4102.17 6.1554e-15   4189.92 1 
  4104.86 6.0823e-15   4192.67 1 
  4107.56 6.3746e-15   4195.42 1 
  4110.25 6.5025e-15   4198.17 1 
  4112.94 7.2303e-15   4200.92 1 
  4115.63 7.2919e-15   4203.67 1 
  4118.32 7.7532e-15   4206.42 1 
  4121.02 7.1201e-15   4209.17 1 
  4123.71 6.8045e-15   4211.92 1 
  4126.40 7.2936e-15   4214.67 1 
  4129.09 7.3979e-15   4217.42 1 
  4131.79 7.8126e-15   4220.17 1 
  4134.48 8.0533e-15   4222.92 1 
  4137.17 7.8748e-15   4225.67 1 
  4139.86 7.9822e-15   4228.42 1 
  4142.56 7.5777e-15   4231.17 1 
  4145.25 8.0634e-15   4233.92 1 
  4147.94 8.0362e-15   4236.67 1 
  4150.63 7.7471e-15   4239.42 1 
  4153.33 7.4447e-15   4242.17 1 
  4156.02 7.4018e-15   4244.92 1 
  4158.71 7.3495e-15   4247.67 1 
  4161.40 8.0317e-15   4250.42 1 
  4164.10 8.2352e-15   4253.17 1 
  4166.79 7.4788e-15   4255.92 1 
  4169.48 7.3231e-15   4258.67 1 
  4172.17 7.2720e-15   4261.42 1 
  4174.87 7.4392e-15   4264.17 1 
  4177.56 7.6228e-15   4266.92 1 
  4180.25 7.3408e-15   4269.67 1 
  4182.94 7.4123e-15   4272.42 1 
  4185.64 7.4931e-15   4275.17 1 
  4188.33 7.8238e-15   4277.92 1 
  4191.02 7.9347e-15   4280.67 1 
  4193.71 7.6095e-15   4283.42 1 
  4196.40 7.6375e-15   4286.17 1 
  4199.10 7.9396e-15   4288.92 1 
  4201.79 7.7965e-15   4291.67 1 
  4204.48 8.0224e-15   4294.42 1 
  4207.17 8.1470e-15   4297.17 1 
  4209.87 8.1043e-15   4299.92 1 
  4212.56 7.9855e-15   4302.67 1 
  4215.25 7.9432e-15   4305.42 1 
  4217.94 8.4914e-15   4308.17 1 
  4220.64 8.1324e-15   4310.92 1 
  4223.33 7.5572e-15   4313.67 1 
  4226.02 8.0093e-15   4316.42 1 
  4228.71 8.3561e-15   4319.17 1 
  4231.41 8.5859e-15   4321.92 1 
  4234.10 8.5214e-15   4324.67 1 
  4236.79 8.3018e-15   4327.42 1 
  4239.48 7.8127e-15   4330.17 1 
  4242.18 8.2381e-15   4332.92 1 
  4244.87 8.7997e-15   4335.67 1 
  4247.56 9.0210e-15   4338.42 1 
  4250.25 8.1624e-15   4341.17 1 
  4252.95 8.1762e-15   4343.92 1 
  4255.64 7.9771e-15   4346.67 1 
  4258.33 8.4531e-15   4349.42 1 
  4261.02 8.2847e-15   4352.17 1 
  4263.71 7.5916e-15   4354.92 1 
  4266.41 7.8752e-15   4357.67 1 
  4269.10 8.3315e-15   4360.42 1 
  4271.79 8.3064e-15   4363.17 1 
  4274.48 7.9707e-15   4365.92 1 
  4277.18 7.8596e-15   4368.67 1 
  4279.87 7.4474e-15   4371.42 1 
  4282.56 8.0314e-15   4374.17 1 
  4285.25 8.1529e-15   4376.92 1 
  4287.95 7.7784e-15   4379.67 1 
  4290.64 7.7265e-15   4382.42 1 
  4293.33 7.8774e-15   4385.17 1 
  4296.02 7.9888e-15   4387.92 1 
  4298.72 7.6844e-15   4390.67 1 
  4301.41 7.3496e-15   4393.42 1 
  4304.10 7.0285e-15   4396.17 1 
  4306.79 7.3026e-15   4398.92 1 
  4309.49 7.3592e-15   4401.67 1 
  4312.18 7.5937e-15   4404.42 1 
  4314.87 7.8133e-15   4407.17 1 
  4317.56 8.0900e-15   4409.92 1 
  4320.26 8.1633e-15   4412.67 1 
  4322.95 7.5243e-15   4415.42 1 
  4325.64 7.9011e-15   4418.17 1 
  4328.33 8.2124e-15   4420.92 1 
  4331.02 7.9517e-15   4423.67 1 
  4333.72 7.8188e-15   4426.42 1 
  4336.41 7.3125e-15   4429.17 1 
  4339.10 7.0786e-15   4431.92 1 
  4341.79 6.9954e-15   4434.67 1 
  4344.49 7.5614e-15   4437.42 1 
  4347.18 7.7433e-15   4440.17 1 
  4349.87 7.8111e-15   4442.92 1 
  4352.56 7.9726e-15   4445.67 1 
  4355.26 8.3838e-15   4448.42 1 
  4357.95 8.4084e-15   4451.17 1 
  4360.64 8.5389e-15   4453.92 1 
  4363.33 8.6993e-15   4456.67 1 
  4366.03 8.9346e-15   4459.42 1 
  4368.72 8.8876e-15   4462.17 1 
  4371.41 8.5872e-15   4464.92 1 
  4374.10 8.9199e-15   4467.67 1 
  4376.80 8.8981e-15   4470.42 1 
  4379.49 8.8497e-15   4473.17 1 
  4382.18 8.0337e-15   4475.92 1 
  4384.87 7.8301e-15   4478.67 1 
  4387.57 8.4480e-15   4481.42 1 
  4390.26 7.9487e-15   4484.17 1 
  4392.95 8.2612e-15   4486.92 1 
  4395.64 8.4779e-15   4489.67 1 
  4398.34 8.4944e-15   4492.42 1 
  4401.03 8.8156e-15   4495.17 1 
  4403.72 8.8907e-15   4497.92 1 
  4406.41 8.6207e-15   4500.67 1 
  4409.10 8.8192e-15   4503.42 1 
  4411.80 8.4090e-15   4506.17 1 
  4414.49 8.3595e-15   4508.92 1 
  4417.18 9.0219e-15   4511.67 1 
  4419.87 8.8669e-15   4514.42 1 
  4422.57 9.6309e-15   4517.17 1 
  4425.26 9.5217e-15   4519.92 1 
  4427.95 8.7207e-15   4522.67 1 
  4430.64 8.6559e-15   4525.42 1 
  4433.34 1.0180e-14   4528.17 1 
  4436.03 9.6891e-15   4530.92 1 
  4438.72 8.5570e-15   4533.67 1 
  4441.41 9.2783e-15   4536.42 1 
  4444.11 8.9807e-15   4539.17 1 
  4446.80 9.1848e-15   4541.92 1 
  4449.49 9.5132e-15   4544.67 1 
  4452.18 9.3593e-15   4547.42 1 
  4454.88 9.4824e-15   4550.17 1 
  4457.57 8.8015e-15   4552.92 1 
  4460.26 9.0009e-15   4555.67 1 
  4462.95 9.0324e-15   4558.42 1 
  4465.65 8.9130e-15   4561.17 1 
  4468.34 9.0503e-15   4563.92 1 
  4471.03 9.2727e-15   4566.67 1 
  4473.72 9.5943e-15   4569.42 1 
  4476.41 9.7108e-15   4572.17 1 
  4479.11 9.5034e-15   4574.92 1 
  4481.80 9.5297e-15   4577.67 1 
  4484.49 9.3804e-15   4580.42 1 
  4487.18 9.1867e-15   4583.17 1 
  4489.88 9.9809e-15   4585.92 1 
  4492.57 9.0911e-15   4588.67 1 
  4495.26 9.4713e-15   4591.42 1 
  4497.95 9.5308e-15   4594.17 1 
  4500.65 1.0443e-14   4596.92 1 
  4503.34 9.7347e-15   4599.67 1 
  4506.03 9.7397e-15   4602.42 1 
  4508.72 9.9585e-15   4605.17 1 
  4511.42 1.0226e-14   4607.92 1 
  4514.11 1.0098e-14   4610.67 1 
  4516.80 9.6326e-15   4613.42 1 
  4519.49 9.8564e-15   4616.17 1 
  4522.19 9.6167e-15   4618.92 1 
  4524.88 9.3389e-15   4621.67 1 
  4527.57 9.1952e-15   4624.42 1 
  4530.26 9.0154e-15   4627.17 1 
  4532.96 9.2501e-15   4629.92 1 
  4535.65 9.7402e-15   4632.67 1 
  4538.34 9.6519e-15   4635.42 1 
  4541.03 1.0152e-14   4638.17 1 
  4543.73 9.6293e-15   4640.92 1 
  4546.42 9.6585e-15   4643.67 1 
  4549.11 9.6148e-15   4646.42 1 
  4551.80 9.8202e-15   4649.17 1 
  4554.49 9.9211e-15   4651.92 1 
  4557.19 9.6927e-15   4654.67 1 
  4559.88 1.0119e-14   4657.42 1 
  4562.57 1.0376e-14   4660.17 1 
  4565.26 9.9760e-15   4662.92 1 
  4567.96 9.9958e-15   4665.67 1 
  4570.65 1.0126e-14   4668.42 1 
  4573.34 1.0233e-14   4671.17 1 
  4576.03 1.0126e-14   4673.92 1 
  4578.73 1.0035e-14   4676.67 1 
  4581.42 1.0071e-14   4679.42 1 
  4584.11 9.7576e-15   4682.17 1 
  4586.80 9.7299e-15   4684.92 1 
  4589.50 9.9129e-15   4687.67 1 
  4592.19 9.7145e-15   4690.42 1 
  4594.88 1.0119e-14   4693.17 1 
  4597.57 1.0040e-14   4695.92 1 
  4600.27 9.9949e-15   4698.67 1 
  4602.96 9.7392e-15   4701.42 1 
  4605.65 9.6735e-15   4704.17 1 
  4608.34 9.9878e-15   4706.92 1 
  4611.04 1.0029e-14   4709.67 1 
  4613.73 1.0200e-14   4712.42 1 
  4616.42 1.0483e-14   4715.17 1 
  4619.11 1.0400e-14   4717.92 1 
  4621.80 1.0513e-14   4720.67 1 
  4624.50 1.0146e-14   4723.42 1 
  4627.19 1.0279e-14   4726.17 1 
  4629.88 1.0553e-14   4728.92 1 
  4632.57 9.9008e-15   4731.67 1 
  4635.27 1.0203e-14   4734.42 1 
  4637.96 1.0332e-14   4737.17 1 
  4640.65 1.0314e-14   4739.92 1 
  4643.34 1.0330e-14   4742.67 1 
  4646.04 9.3246e-15   4745.42 1 
  4648.73 9.5836e-15   4748.17 1 
  4651.42 9.8747e-15   4750.92 1 
  4654.11 9.7510e-15   4753.67 1 
  4656.81 1.0333e-14   4756.42 1 
  4659.50 1.0343e-14   4759.17 1 
  4662.19 1.0038e-14   4761.92 1 
  4664.88 9.8168e-15   4764.67 1 
  4667.58 9.6229e-15   4767.42 1 
  4670.27 9.6668e-15   4770.17 1 
  4672.96 1.0027e-14   4772.92 1 
  4675.65 9.8494e-15   4775.67 1 
  4678.35 9.9803e-15   4778.42 1 
  4681.04 1.0018e-14   4781.17 1 
  4683.73 9.8749e-15   4783.92 1 
  4686.42 1.0171e-14   4786.67 1 
  4689.12 1.0154e-14   4789.42 1 
  4691.81 1.0250e-14   4792.17 1 
  4694.50 1.0150e-14   4794.92 1 
  4697.19 1.0147e-14   4797.67 1 
  4699.88 1.0286e-14   4800.42 1 
  4702.58 9.9556e-15   4803.17 1 
  4705.27 9.8756e-15   4805.92 1 
  4707.96 9.8971e-15   4808.67 1 
  4710.65 1.0083e-14   4811.42 1 
  4713.35 1.0384e-14   4814.17 1 
  4716.04 1.0348e-14   4816.92 1 
  4718.73 1.0176e-14   4819.67 1 
  4721.42 1.0400e-14   4822.42 1 
  4724.12 1.0424e-14   4825.17 1 
  4726.81 9.8559e-15   4827.92 1 
  4729.50 1.0078e-14   4830.67 1 
  4732.19 1.0082e-14   4833.42 1 
  4734.89 1.0700e-14   4836.17 1 
  4737.58 1.0791e-14   4838.92 1 
  4740.27 1.0693e-14   4841.67 1 
  4742.96 1.0728e-14   4844.42 1 
  4745.66 1.0536e-14   4847.17 1 
  4748.35 1.0573e-14   4849.92 1 
  4751.04 1.0467e-14   4852.67 1 
  4753.73 1.0642e-14   4855.42 1 
  4756.43 1.0201e-14   4858.17 1 
  4759.12 9.9302e-15   4860.92 1 
  4761.81 9.9084e-15   4863.67 1 
  4764.50 9.9101e-15   4866.42 1 
  4767.19 1.0025e-14   4869.17 1 
  4769.89 1.0266e-14   4871.92 1 
  4772.58 1.0289e-14   4874.67 1 
  4775.27 1.0451e-14   4877.42 1 
  4777.96 1.0645e-14   4880.17 1 
  4780.66 1.0611e-14   4882.92 1 
  4783.35 1.0303e-14   4885.67 1 
  4786.04 9.9859e-15   4888.42 1 
  4788.73 9.8659e-15   4891.17 1 
  4791.43 1.0023e-14   4893.92 1 
  4794.12 9.9870e-15   4896.67 1 
  4796.81 1.0717e-14   4899.42 1 
  4799.50 1.0647e-14   4902.17 1 
  4802.20 1.0125e-14   4904.92 1 
  4804.89 1.0066e-14   4907.67 1 
  4807.58 1.0464e-14   4910.42 1 
  4810.27 1.0544e-14   4913.17 1 
  4812.97 1.0703e-14   4915.92 1 
  4815.66 1.0743e-14   4918.67 1 
  4818.35 1.0530e-14   4921.42 1 
  4821.04 1.0479e-14   4924.17 1 
  4823.74 1.0261e-14   4926.92 1 
  4826.43 1.0416e-14   4929.67 1 
  4829.12 1.0485e-14   4932.42 1 
  4831.81 9.9518e-15   4935.17 1 
  4834.51 1.0028e-14   4937.92 1 
  4837.20 1.0163e-14   4940.67 1 
  4839.89 1.0199e-14   4943.42 1 
  4842.58 9.4833e-15   4946.17 1 
  4845.27 9.6488e-15   4948.92 1 
  4847.97 9.9079e-15   4951.67 1 
  4850.66 9.4208e-15   4954.42 1 
  4853.35 9.2667e-15   4957.17 1 
  4856.04 9.4205e-15   4959.92 1 
  4858.74 1.0005e-14   4962.67 1 
  4861.43 9.6245e-15   4965.42 1 
  4864.12 9.4239e-15   4968.17 1 
  4866.81 9.1431e-15   4970.92 1 
  4869.51 9.4451e-15   4973.67 1 
  4872.20 9.1148e-15   4976.42 1 
  4874.89 8.7551e-15   4979.17 1 
  4877.58 9.4791e-15   4981.92 1 
  4880.28 9.6178e-15   4984.67 1 
  4882.97 9.9537e-15   4987.42 1 
  4885.66 9.9790e-15   4990.17 1 
  4888.35 9.6441e-15   4992.92 1 
  4891.05 9.8596e-15   4995.67 1 
  4893.74 1.0236e-14   4998.42 1 
  4896.43 1.0466e-14   5001.17 1 
  4899.12 1.0276e-14   5003.92 1 
  4901.82 1.0426e-14   5006.67 1 
  4904.51 1.0108e-14   5009.42 1 
  4907.20 1.0282e-14   5012.17 1 
  4909.89 1.0096e-14   5014.92 1 
  4912.58 9.9782e-15   5017.67 1 
  4915.28 9.7107e-15   5020.42 1 
  4917.97 9.6233e-15   5023.17 1 
  4920.66 9.6761e-15   5025.92 1 
  4923.35 9.8500e-15   5028.67 1 
  4926.05 1.0061e-14   5031.42 1 
  4928.74 1.0342e-14   5034.17 1 
  4931.43 1.0225e-14   5036.92 1 
  4934.12 1.0170e-14   5039.67 1 
  4936.82 1.0290e-14   5042.42 1 
  4939.51 1.0178e-14   5045.17 1 
  4942.20 1.0221e-14   5047.92 1 
  4944.89 1.0676e-14   5050.67 1 
  4947.59 1.0793e-14   5053.42 1 
  4950.28 1.1093e-14   5056.17 1 
  4952.97 1.0652e-14   5058.92 1 
  4955.66 1.0285e-14   5061.67 1 
  4958.36 1.0370e-14   5064.42 1 
  4961.05 1.0706e-14   5067.17 1 
  4963.74 1.0772e-14   5069.92 1 
  4966.43 1.0645e-14   5072.67 1 
  4969.13 1.0740e-14   5075.42 1 
  4971.82 1.0405e-14   5078.17 1 
  4974.51 1.0345e-14   5080.92 1 
  4977.20 1.0447e-14   5083.67 1 
  4979.89 1.0027e-14   5086.42 1 
  4982.59 9.6420e-15   5089.17 1 
  4985.28 9.7988e-15   5091.92 1 
  4987.97 1.0195e-14   5094.67 1 
  4990.66 1.0142e-14   5097.42 1 
  4993.36 1.0349e-14   5100.17 1 
  4996.05 1.0217e-14   5102.92 1 
  4998.74 1.0416e-14   5105.67 1 
  5001.43 1.0541e-14   5108.42 1 
  5004.13 1.0832e-14   5111.17 1 
  5006.82 1.0707e-14   5113.92 1 
  5009.51 1.0497e-14   5116.67 1 
  5012.20 1.0152e-14   5119.42 1 
  5014.90 9.9000e-15   5122.17 1 
  5017.59 1.0009e-14   5124.92 1 
  5020.28 9.8882e-15   5127.67 1 
  5022.97 9.9915e-15   5130.42 1 
  5025.67 1.0088e-14   5133.17 1 
  5028.36 1.0426e-14   5135.92 1 
  5031.05 1.0235e-14   5138.67 1 
  5033.74 1.0312e-14   5141.42 1 
  5036.44 1.0237e-14   5144.17 1 
  5039.13 1.0098e-14   5146.92 1 
  5041.82 1.0261e-14   5149.67 1 
  5044.51 1.0052e-14   5152.42 1 
  5047.21 1.0200e-14   5155.17 1 
  5049.90 1.0287e-14   5157.92 1 
  5052.59 1.0108e-14   5160.67 1 
  5055.28 1.0191e-14   5163.42 1 
  5057.97 1.0414e-14   5166.17 1 
  5060.67 1.0813e-14   5168.92 1 
  5063.36 1.0430e-14   5171.67 1 
  5066.05 1.0140e-14   5174.42 1 
  5068.74 1.0501e-14   5177.17 1 
  5071.44 1.0889e-14   5179.92 1 
  5074.13 1.0445e-14   5182.67 1 
  5076.82 1.0321e-14   5185.42 1 
  5079.51 1.0263e-14   5188.17 1 
  5082.21 1.0395e-14   5190.92 1 
  5084.90 1.0316e-14   5193.67 1 
  5087.59 1.0614e-14   5196.42 1 
  5090.28 1.0570e-14   5199.17 1 
  5092.98 1.0491e-14   5201.92 1 
  5095.67 1.0255e-14   5204.67 1 
  5098.36 9.9524e-15   5207.42 1 
  5101.05 1.0069e-14   5210.17 1 
  5103.75 1.0228e-14   5212.92 1 
  5106.44 1.0172e-14   5215.67 1 
  5109.13 1.0408e-14   5218.42 1 
  5111.82 1.0241e-14   5221.17 1 
  5114.52 1.0325e-14   5223.92 1 
  5117.21 1.0750e-14   5226.67 1 
  5119.90 1.0547e-14   5229.42 1 
  5122.59 1.0130e-14   5232.17 1 
  5125.28 9.7969e-15   5234.92 1 
  5127.98 1.0217e-14   5237.67 1 
  5130.67 1.0195e-14   5240.42 1 
  5133.36 1.0077e-14   5243.17 1 
  5136.05 1.0336e-14   5245.92 1 
  5138.75 1.0382e-14   5248.67 1 
  5141.44 9.8586e-15   5251.42 1 
  5144.13 1.0279e-14   5254.17 1 
  5146.82 1.0395e-14   5256.92 1 
  5149.52 1.0095e-14   5259.67 1 
  5152.21 9.9313e-15   5262.42 1 
  5154.90 1.0148e-14   5265.17 1 
  5157.59 1.0257e-14   5267.92 1 
  5160.29 1.0112e-14   5270.67 1 
  5162.98 1.0064e-14   5273.42 1 
  5165.67 9.5175e-15   5276.17 1 
  5168.36 9.0010e-15   5278.92 1 
  5171.06 8.9614e-15   5281.67 1 
  5173.75 9.0272e-15   5284.42 1 
  5176.44 9.4288e-15   5287.17 1 
  5179.13 9.6362e-15   5289.92 1 
  5181.83 9.4154e-15   5292.67 1 
  5184.52 9.4618e-15   5295.42 1 
  5187.21 9.7969e-15   5298.17 1 
  5189.90 9.8896e-15   5300.92 1 
  5192.60 9.9153e-15   5303.67 1 
  5195.29 1.0192e-14   5306.42 1 
  5197.98 1.0485e-14   5309.17 1 
  5200.67 1.0514e-14   5311.92 1 
  5203.36 1.0360e-14   5314.67 1 
  5206.06 1.0212e-14   5317.42 1 
  5208.75 1.0097e-14   5320.17 1 
  5211.44 1.0305e-14   5322.92 1 
  5214.13 1.0270e-14   5325.67 1 
  5216.83 1.0251e-14   5328.42 1 
  5219.52 1.0675e-14   5331.17 1 
  5222.21 1.1037e-14   5333.92 1 
  5224.90 1.0925e-14   5336.67 1 
  5227.60 1.0480e-14   5339.42 1 
  5230.29 1.0384e-14   5342.17 1 
  5232.98 1.0872e-14   5344.92 1 
  5235.67 1.1230e-14   5347.67 1 
  5238.37 1.0932e-14   5350.42 1 
  5241.06 1.0768e-14   5353.17 1 
  5243.75 1.0982e-14   5355.92 1 
  5246.44 1.0859e-14   5358.67 1 
  5249.14 1.0621e-14   5361.42 1 
  5251.83 1.0732e-14   5364.17 1 
  5254.52 1.0693e-14   5366.92 1 
  5257.21 1.0630e-14   5369.67 1 
  5259.91 1.0577e-14   5372.42 1 
  5262.60 1.0231e-14   5375.17 1 
  5265.29 9.9132e-15   5377.92 1 
  5267.98 9.9408e-15   5380.67 1 
  5270.67 1.0133e-14   5383.42 1 
  5273.37 1.0295e-14   5386.17 1 
  5276.06 1.0414e-14   5388.92 1 
  5278.75 1.0723e-14   5391.67 1 
  5281.44 1.0899e-14   5394.42 1 
  5284.14 1.1022e-14   5397.17 1 
  5286.83 1.1335e-14   5399.92 1 
  5289.52 1.1435e-14   5402.67 1 
  5292.21 1.1051e-14   5405.42 1 
  5294.91 1.1116e-14   5408.17 1 
  5297.60 1.1053e-14   5410.92 1 
  5300.29 1.0713e-14   5413.67 1 
  5302.98 1.0897e-14   5416.42 1 
  5305.68 1.1620e-14   5419.17 1 
  5308.37 1.1847e-14   5421.92 1 
  5311.06 1.1537e-14   5424.67 1 
  5313.75 1.1528e-14   5427.42 1 
  5316.45 1.1512e-14   5430.17 1 
  5319.14 1.1272e-14   5432.92 1 
  5321.83 1.1282e-14   5435.67 1 
  5324.52 1.1134e-14   5438.42 1 
  5327.22 1.0555e-14   5441.17 1 
  5329.91 1.0558e-14   5443.92 1 
  5332.60 1.0940e-14   5446.67 1 
  5335.29 1.1150e-14   5449.42 1 
  5337.99 1.1318e-14   5452.17 1 
  5340.68 1.1110e-14   5454.92 1 
  5343.37 1.1087e-14   5457.67 1 
  5346.06 1.1067e-14   5460.42 1 
  5348.75 1.1068e-14   5463.17 1 
  5351.45 1.1306e-14   5465.92 1 
  5354.14 1.1252e-14   5468.67 1 
  5356.83 1.1322e-14   5471.42 1 
  5359.52 1.1195e-14   5474.17 1 
  5362.22 1.1224e-14   5476.92 1 
  5364.91 1.1185e-14   5479.67 1 
  5367.60 1.0933e-14   5482.42 1 
  5370.29 1.0874e-14   5485.17 1 
  5372.99 1.0706e-14   5487.92 1 
  5375.68 1.0989e-14   5490.67 1 
  5378.37 1.1333e-14   5493.42 1 
  5381.06 1.1359e-14   5496.17 1 
  5383.76 1.1483e-14   5498.92 1 
  5386.45 1.1560e-14   5501.67 1 
  5389.14 1.1510e-14   5504.42 1 
  5391.83 1.1052e-14   5507.17 1 
  5394.53 1.0995e-14   5509.92 1 
  5397.22 1.0848e-14   5512.67 1 
  5399.91 1.0899e-14   5515.42 1 
  5402.60 1.0846e-14   5518.17 1 
  5405.30 1.0523e-14   5520.92 1 
  5407.99 1.0669e-14   5523.67 1 
  5410.68 1.0676e-14   5526.42 1 
  5413.37 1.1057e-14   5529.17 1 
  5416.06 1.1305e-14   5531.92 1 
  5418.76 1.1186e-14   5534.67 1 
  5421.45 1.1292e-14   5537.42 1 
  5424.14 1.1339e-14   5540.17 1 
  5426.83 1.1054e-14   5542.92 1 
  5429.53 1.0951e-14   5545.67 1 
  5432.22 1.1013e-14   5548.42 1 
  5434.91 1.1597e-14   5551.17 1 
  5437.60 1.1377e-14   5553.92 1 
  5440.30 1.1345e-14   5556.67 1 
  5442.99 1.0959e-14   5559.42 1 
  5445.68 1.1497e-14   5562.17 1 
  5448.37 1.0935e-14   5564.92 1 
  5451.07 1.0859e-14   5567.67 1 
  5453.76 1.1186e-14   5570.42 1 
  5456.45 1.0966e-14   5573.17 1 
  5459.14 1.1458e-14   5575.92 1 
  5461.84 1.1514e-14   5578.67 1 
  5464.53 1.1111e-14   5581.42 1 
  5467.22 1.0885e-14   5584.17 1 
  5469.91 1.1176e-14   5586.92 1 
  5472.61 1.1018e-14   5589.67 1 
  5475.30 1.0729e-14   5592.42 1 
  5477.99 1.1143e-14   5595.17 1 
  5480.68 1.0968e-14   5597.92 1 
  5483.38 1.1274e-14   5600.67 1 
  5486.07 1.0850e-14   5603.42 1 
  5488.76 1.1343e-14   5606.17 1 
  5491.45 1.1606e-14   5608.92 1 
  5494.14 1.1217e-14   5611.67 1 
  5496.84 1.1381e-14   5614.42 1 
  5499.53 1.1283e-14   5617.17 1 
  5502.22 1.1242e-14   5619.92 1 
  5504.91 1.1358e-14   5622.67 1 
  5507.61 1.1226e-14   5625.42 1 
  5510.30 1.1292e-14   5628.17 1 
  5512.99 1.1365e-14   5630.92 1 
  5515.68 1.1578e-14   5633.67 1 
  5518.38 1.1909e-14   5636.42 1 
  5521.07 1.1706e-14   5639.17 1 
  5523.76 1.1315e-14   5641.92 1 
  5526.45 1.1264e-14   5644.67 1 
  5529.15 1.1395e-14   5647.42 1 
  5531.84 1.1187e-14   5650.17 1 
  5534.53 1.1624e-14   5652.92 1 
  5537.22 1.1564e-14   5655.67 1 
  5539.92 1.1567e-14   5658.42 1 
  5542.61 1.1774e-14   5661.17 1 
  5545.30 1.1816e-14   5663.92 1 
  5547.99 1.1933e-14   5666.67 1 
  5550.69 1.1562e-14   5669.42 1 
  5553.38 1.1365e-14   5672.17 1 
  5556.07 1.1776e-14   5674.92 1 
  5558.76 1.1885e-14   5677.67 1 
  5561.45 1.1675e-14   5680.42 1 
  5564.15 1.2239e-14   5683.17 1 
  5566.84 1.1674e-14   5685.92 1 
  5569.53 1.1202e-14   5688.67 1 
  5572.22 1.1152e-14   5691.42 1 
  5574.92 1.1320e-14   5694.17 1 
  5577.61 1.1194e-14   5696.92 1 
  5580.30 1.1126e-14   5699.67 1 
  5582.99 1.1689e-14   5702.42 1 
  5585.69 1.1736e-14   5705.17 1 
  5588.38 1.1235e-14   5707.92 1 
  5591.07 1.1409e-14   5710.67 1 
  5593.76 1.0612e-14   5713.42 1 
  5596.46 1.0845e-14   5716.17 1 
  5599.15 1.0799e-14   5718.92 1 
  5601.84 1.1243e-14   5721.67 1 
  5604.53 1.1108e-14   5724.42 1 
  5607.23 1.1727e-14   5727.17 1 
  5609.92 1.1883e-14   5729.92 1 
  5612.61 1.1040e-14   5732.67 1 
  5615.30 1.1849e-14   5735.42 1 
  5618.00 1.1275e-14   5738.17 1 
  5620.69 1.1281e-14   5740.92 1 
  5623.38 1.1061e-14   5743.67 1 
  5626.07 1.1416e-14   5746.42 1 
  5628.77 1.1451e-14   5749.17 1 
  5631.46 1.1225e-14   5751.92 1 
  5634.15 1.1429e-14   5754.67 1 
  5636.84 1.0847e-14   5757.42 1 
  5639.53 1.1664e-14   5760.17 1 
  5642.23 1.2055e-14   5762.92 1 
  5644.92 1.1891e-14   5765.67 1 
  5647.61 1.1768e-14   5768.42 1 
  5650.30 1.1529e-14   5771.17 1 
  5653.00 1.1227e-14   5773.92 1 
  5655.69 1.1302e-14   5776.67 1 
  5658.38 1.0931e-14   5779.42 1 
  5661.07 1.1067e-14   5782.17 1 
  5663.77 1.0933e-14   5784.92 1 
  5666.46 1.0803e-14   5787.67 1 
  5669.15 1.0728e-14   5790.42 1 
  5671.84 1.1350e-14   5793.17 1 
  5674.54 1.1152e-14   5795.92 1 
  5677.23 1.2246e-14   5798.67 1 
  5679.92 1.1537e-14   5801.42 1 
  5682.61 1.1477e-14   5804.17 1 
  5685.31 1.2220e-14   5806.92 1 
  5688.00 1.1921e-14   5809.67 1 
  5690.69 1.1788e-14   5812.42 1 
  5693.38 1.1823e-14   5815.17 1 
  5696.08 1.1437e-14   5817.92 1 
  5698.77 1.1076e-14   5820.67 1 
  5701.46 1.1645e-14   5823.42 1 
  5704.15 1.1197e-14   5826.17 1 
  5706.84 1.1324e-14   5828.92 1 
  5709.54 1.1233e-14   5831.67 1 
  5712.23 1.1549e-14   5834.42 1 
  5714.92 1.1465e-14   5837.17 1 
  5717.61 1.2068e-14   5839.92 1 
  5720.31 1.2147e-14   5842.67 1 
  5723.00 1.1917e-14   5845.42 1 
  5725.69 1.2170e-14   5848.17 1 
  5728.38 1.1939e-14   5850.92 1 
  5731.08 1.1585e-14   5853.67 1 
  5733.77 1.2022e-14   5856.42 1 
  5736.46 1.2310e-14   5859.17 1 
  5739.15 1.2138e-14   5861.92 1 
  5741.85 1.1841e-14   5864.67 1 
  5744.54 1.1649e-14   5867.42 1 
  5747.23 1.1954e-14   5870.17 1 
  5749.92 1.1774e-14   5872.92 1 
  5752.62 1.2191e-14   5875.67 1 
  5755.31 1.1451e-14   5878.42 1 
  5758.00 1.1808e-14   5881.17 1 
  5760.69 1.0821e-14   5883.92 1 
  5763.39 1.1961e-14   5886.67 1 
  5766.08 1.2326e-14   5889.42 1 
  5768.77 1.1697e-14   5892.17 1 
  5771.46 1.1409e-14   5894.92 1 
  5774.15 1.1601e-14   5897.67 1 
  5776.85 1.1913e-14   5900.42 1 
  5779.54 1.1593e-14   5903.17 1 
  5782.23 1.1466e-14   5905.92 1 
  5784.92 1.1424e-14   5908.67 1 
  5787.62 1.1394e-14   5911.42 1 
  5790.31 1.2080e-14   5914.17 1 
  5793.00 1.0685e-14   5916.92 1 
  5795.69 1.1594e-14   5919.67 1 
  5798.39 1.1667e-14   5922.42 1 
  5801.08 1.2236e-14   5925.17 1 
  5803.77 1.2430e-14   5927.92 1 
  5806.46 1.2046e-14   5930.67 1 
  5809.16 1.1643e-14   5933.42 1 
  5811.85 1.1955e-14   5936.17 1 
  5814.54 1.1575e-14   5938.92 1 
  5817.23 1.1352e-14   5941.67 1 
  5819.93 1.1830e-14   5944.42 1 
  5822.62 1.2269e-14   5947.17 1 
  5825.31 1.2461e-14   5949.92 1 
  5828.00 1.2166e-14   5952.67 1 
  5830.70 1.1790e-14   5955.42 1 
  5833.39 1.1873e-14   5958.17 1 
  5836.08 1.2052e-14   5960.92 1 
  5838.77 1.1937e-14   5963.67 1 
  5841.47 1.2225e-14   5966.42 1 
  5844.16 1.1670e-14   5969.17 1 
  5846.85 1.1673e-14   5971.92 1 
  5849.54 1.1945e-14   5974.67 1 
  5852.23 1.1358e-14   5977.42 1 
  5854.93 1.1291e-14   5980.17 1 
  5857.62 1.1261e-14   5982.92 1 
  5860.31 1.1316e-14   5985.67 1 
  5863.00 1.1498e-14   5988.42 1 
  5865.70 1.1355e-14   5991.17 1 
  5868.39 1.1750e-14   5993.92 1 
  5871.08 1.1807e-14   5996.67 1 
  5873.77 1.1866e-14   5999.42 1 
  5876.47 1.2099e-14   6002.17 1 
  5879.16 1.1998e-14   6004.92 1 
  5881.85 1.1495e-14   6007.67 1 
  5884.54 1.0780e-14   6010.42 1 
  5887.24 9.3607e-15   6013.17 1 
  5889.93 8.9434e-15   6015.92 1 
  5892.62 8.7624e-15   6018.67 1 
  5895.31 9.2862e-15   6021.42 1 
  5898.01 1.0101e-14   6024.17 1 
  5900.70 1.0703e-14   6026.92 1 
  5903.39 1.0993e-14   6029.67 1 
  5906.08 1.1408e-14   6032.42 1 
  5908.78 1.1341e-14   6035.17 1 
  5911.47 1.1808e-14   6037.92 1 
  5914.16 1.1858e-14   6040.67 1 
  5916.85 1.1210e-14   6043.42 1 
  5919.54 1.1714e-14   6046.17 1 
  5922.24 1.1596e-14   6048.92 1 
  5924.93 1.1470e-14   6051.67 1 
  5927.62 1.1417e-14   6054.42 1 
  5930.31 1.1681e-14   6057.17 1 
  5933.01 1.1680e-14   6059.92 1 
  5935.70 1.2003e-14   6062.67 1 
  5938.39 1.2240e-14   6065.42 1 
  5941.08 1.1734e-14   6068.17 1 
  5943.78 1.1334e-14   6070.92 1 
  5946.47 1.1716e-14   6073.67 1 
  5949.16 1.1688e-14   6076.42 1 
  5951.85 1.1568e-14   6079.17 1 
  5954.55 1.1887e-14   6081.92 1 
  5957.24 1.2044e-14   6084.67 1 
  5959.93 1.1574e-14   6087.42 1 
  5962.62 1.1794e-14   6090.17 1 
  5965.32 1.1955e-14   6092.92 1 
  5968.01 1.1665e-14   6095.67 1 
  5970.70 1.2531e-14   6098.42 1 
  5973.39 1.2265e-14   6101.17 1 
  5976.09 1.1767e-14   6103.92 1 
  5978.78 1.1362e-14   6106.67 1 
  5981.47 1.2073e-14   6109.42 1 
  5984.16 1.2093e-14   6112.17 1 
  5986.86 1.1460e-14   6114.92 1 
  5989.55 1.1507e-14   6117.67 1 
  5992.24 1.1666e-14   6120.42 1 
  5994.93 1.1893e-14   6123.17 1 
  5997.62 1.1915e-14   6125.92 1 
  6000.32 1.1939e-14   6128.67 1 
  6003.01 1.1300e-14   6131.42 1 
  6005.70 1.1865e-14   6134.17 1 
  6008.39 1.1514e-14   6136.92 1 
  6011.09 1.2140e-14   6139.67 1 
  6013.78 1.1823e-14   6142.42 1 
  6016.47 1.1591e-14   6145.17 1 
  6019.16 1.1943e-14   6147.92 1 
  6021.86 1.1748e-14   6150.67 1 
  6024.55 1.1551e-14   6153.42 1 
  6027.24 1.1897e-14   6156.17 1 
  6029.93 1.2320e-14   6158.92 1 
  6032.63 1.1835e-14   6161.67 1 
  6035.32 1.2055e-14   6164.42 1 
  6038.01 1.1814e-14   6167.17 1 
  6040.70 1.1995e-14   6169.92 1 
  6043.40 1.2397e-14   6172.67 1 
  6046.09 1.2080e-14   6175.42 1 
  6048.78 1.2180e-14   6178.17 1 
  6051.47 1.1743e-14   6180.92 1 
  6054.17 1.1882e-14   6183.67 1 
  6056.86 1.2166e-14   6186.42 1 
  6059.55 1.2175e-14   6189.17 1 
  6062.24 1.1930e-14   6191.92 1 
  6064.93 1.2432e-14   6194.67 1 
  6067.63 1.2035e-14   6197.42 1 
  6070.32 1.1470e-14   6200.17 1 
  6073.01 1.2177e-14   6202.92 1 
  6075.70 1.2051e-14   6205.67 1 
  6078.40 1.1684e-14   6208.42 1 
  6081.09 1.1807e-14   6211.17 1 
  6083.78 1.1771e-14   6213.92 1 
  6086.47 1.1868e-14   6216.67 1 
  6089.17 1.1993e-14   6219.42 1 
  6091.86 1.1633e-14   6222.17 1 
  6094.55 1.1664e-14   6224.92 1 
  6097.24 1.2088e-14   6227.67 1 
  6099.94 1.2418e-14   6230.42 1 
  6102.63 1.1947e-14   6233.17 1 
  6105.32 1.1665e-14   6235.92 1 
  6108.01 1.1412e-14   6238.67 1 
  6110.71 1.1606e-14   6241.42 1 
  6113.40 1.1494e-14   6244.17 1 
  6116.09 1.1416e-14   6246.92 1 
  6118.78 1.2125e-14   6249.67 1 
  6121.48 1.2799e-14   6252.42 1 
  6124.17 1.1819e-14   6255.17 1 
  6126.86 1.1570e-14   6257.92 1 
  6129.55 1.1495e-14   6260.67 1 
  6132.25 1.1456e-14   6263.42 1 
  6134.94 1.1162e-14   6266.17 1 
  6137.63 1.1093e-14   6268.92 1 
  6140.32 1.1600e-14   6271.67 1 
  6143.01 1.1660e-14   6274.42 1 
  6145.71 1.1412e-14   6277.17 1 
  6148.40 1.1931e-14   6279.92 1 
  6151.09 1.1930e-14   6282.67 1 
  6153.78 1.1855e-14   6285.42 1 
  6156.48 1.1499e-14   6288.17 1 
  6159.17 1.1568e-14   6290.92 1 
  6161.86 1.0825e-14   6293.67 1 
  6164.55 1.1411e-14   6296.42 1 
  6167.25 1.1177e-14   6299.17 1 
  6169.94 1.1767e-14   6301.92 1 
  6172.63 1.1635e-14   6304.67 1 
  6175.32 1.1412e-14   6307.42 1 
  6178.02 1.1597e-14   6310.17 1 
  6180.71 1.1164e-14   6312.92 1 
  6183.40 1.1198e-14   6315.67 1 
  6186.09 1.1941e-14   6318.42 1 
  6188.79 1.1480e-14   6321.17 1 
  6191.48 1.1537e-14   6323.92 1 
  6194.17 1.1497e-14   6326.67 1 
  6196.86 1.1172e-14   6329.42 1 
  6199.56 1.1079e-14   6332.17 1 
  6202.25 1.1341e-14   6334.92 1 
  6204.94 1.1730e-14   6337.67 1 
  6207.63 1.2047e-14   6340.42 1 
  6210.32 1.1841e-14   6343.17 1 
  6213.02 1.0862e-14   6345.92 1 
  6215.71 1.1842e-14   6348.67 1 
  6218.40 1.1441e-14   6351.42 1 
  6221.09 1.1174e-14   6354.17 1 
  6223.79 1.1524e-14   6356.92 1 
  6226.48 1.1407e-14   6359.67 1 
  6229.17 1.1126e-14   6362.42 1 
  6231.86 1.1530e-14   6365.17 1 
  6234.56 1.1471e-14   6367.92 1 
  6237.25 1.1379e-14   6370.67 1 
  6239.94 1.1241e-14   6373.42 1 
  6242.63 1.1279e-14   6376.17 1 
  6245.33 1.0995e-14   6378.92 1 
  6248.02 1.0921e-14   6381.67 1 
  6250.71 1.0995e-14   6384.42 1 
  6253.40 1.0713e-14   6387.17 1 
  6256.10 1.1265e-14   6389.92 1 
  6258.79 1.1123e-14   6392.67 1 
  6261.48 1.1002e-14   6395.42 1 
  6264.17 1.1451e-14   6398.17 1 
  6266.87 1.1595e-14   6400.92 1 
  6269.56 1.1066e-14   6403.67 1 
  6272.25 1.1779e-14   6406.42 1 
  6274.94 1.1692e-14   6409.17 1 
  6277.64 1.1319e-14   6411.92 1 
  6280.33 1.1326e-14   6414.67 1 
  6283.02 1.0587e-14   6417.42 1 
  6285.71 1.1659e-14   6420.17 1 
  6288.40 1.1067e-14   6422.92 1 
  6291.10 1.2167e-14   6425.67 1 
  6293.79 1.2434e-14   6428.42 1 
  6296.48 1.1434e-14   6431.17 1 
  6299.17 1.2181e-14   6433.92 1 
  6301.87 1.1457e-14   6436.67 1 
  6304.56 1.1508e-14   6439.42 1 
  6307.25 1.1965e-14   6442.17 1 
  6309.94 1.0952e-14   6444.92 1 
  6312.64 1.1346e-14   6447.67 1 
  6315.33 1.1531e-14   6450.42 1 
  6318.02 1.0851e-14   6453.17 1 
  6320.71 1.1553e-14   6455.92 1 
  6323.41 1.1023e-14   6458.67 1 
  6326.10 1.2177e-14   6461.42 1 
  6328.79 1.2008e-14   6464.17 1 
  6331.48 1.2121e-14   6466.92 1 
  6334.18 1.0729e-14   6469.67 1 
  6336.87 1.0522e-14   6472.42 1 
  6339.56 1.1182e-14   6475.17 1 
  6342.25 1.1627e-14   6477.92 1 
  6344.95 1.1541e-14   6480.67 1 
  6347.64 1.1299e-14   6483.42 1 
  6350.33 1.1360e-14   6486.17 1 
  6353.02 1.1331e-14   6488.92 1 
  6355.71 1.1391e-14   6491.67 1 
  6358.41 1.2563e-14   6494.42 1 
  6361.10 1.2957e-14   6497.17 1 
  6363.79 1.2106e-14   6499.92 1 
  6366.48 1.1309e-14   6502.67 1 
  6369.18 1.1323e-14   6505.42 1 
  6371.87 1.1595e-14   6508.17 1 
  6374.56 1.1732e-14   6510.92 1 
  6377.25 1.1309e-14   6513.67 1 
  6379.95 1.1462e-14   6516.42 1 
  6382.64 1.1713e-14   6519.17 1 
  6385.33 1.1776e-14   6521.92 1 
  6388.02 1.1740e-14   6524.67 1 
  6390.72 1.2331e-14   6527.42 1 
  6393.41 1.2422e-14   6530.17 1 
  6396.10 1.1842e-14   6532.92 1 
  6398.79 1.1269e-14   6535.67 1 
  6401.49 1.1284e-14   6538.42 1 
  6404.18 1.1723e-14   6541.17 1 
  6406.87 1.1467e-14   6543.92 1 
  6409.56 1.1853e-14   6546.67 1 
  6412.26 1.2130e-14   6549.42 1 
  6414.95 1.1670e-14   6552.17 1 
  6417.64 1.1722e-14   6554.92 1 
  6420.33 1.1299e-14   6557.67 1 
  6423.02 1.1701e-14   6560.42 1 
  6425.72 1.2472e-14   6563.17 1 
  6428.41 1.2536e-14   6565.92 1 
  6431.10 1.1677e-14   6568.67 1 
  6433.79 1.1352e-14   6571.42 1 
  6436.49 1.1896e-14   6574.17 1 
  6439.18 1.1379e-14   6576.92 1 
  6441.87 1.1638e-14   6579.67 1 
  6444.56 1.2222e-14   6582.42 1 
  6447.26 1.1541e-14   6585.17 1 
  6449.95 1.1384e-14   6587.92 1 
  6452.64 1.1077e-14   6590.67 1 
  6455.33 1.1503e-14   6593.42 1 
  6458.03 1.1817e-14   6596.17 1 
  6460.72 1.1665e-14   6598.92 1 
  6463.41 1.2149e-14   6601.67 1 
  6466.10 1.2090e-14   6604.42 1 
  6468.80 1.1898e-14   6607.17 1 
  6471.49 1.1728e-14   6609.92 1 
  6474.18 1.1370e-14   6612.67 1 
  6476.87 1.2037e-14   6615.42 1 
  6479.57 1.2175e-14   6618.17 1 
  6482.26 1.2129e-14   6620.92 1 
  6484.95 1.2317e-14   6623.67 1 
  6487.64 1.1803e-14   6626.42 1 
  6490.34 1.1420e-14   6629.17 1 
  6493.03 1.1780e-14   6631.92 1 
  6495.72 1.1057e-14   6634.67 1 
  6498.41 1.0792e-14   6637.42 1 
  6501.10 1.1764e-14   6640.17 1 
  6503.80 1.1555e-14   6642.92 1 
  6506.49 1.1586e-14   6645.67 1 
  6509.18 1.1903e-14   6648.42 1 
  6511.87 1.1940e-14   6651.17 1 
  6514.57 1.1859e-14   6653.92 1 
  6517.26 1.2695e-14   6656.67 1 
  6519.95 1.2009e-14   6659.42 1 
  6522.64 1.2018e-14   6662.17 1 
  6525.34 1.1685e-14   6664.92 1 
  6528.03 1.1812e-14   6667.67 1 
  6530.72 1.2099e-14   6670.42 1 
  6533.41 1.2081e-14   6673.17 1 
  6536.11 1.2408e-14   6675.92 1 
  6538.80 1.2626e-14   6678.67 1 
  6541.49 1.3315e-14   6681.42 1 
  6544.18 1.3787e-14   6684.17 1 
  6546.88 1.4029e-14   6686.92 1 
  6549.57 1.4566e-14   6689.67 1 
  6552.26 1.4382e-14   6692.42 1 
  6554.95 1.5441e-14   6695.17 1 
  6557.65 1.7411e-14   6697.92 1 
  6560.34 2.0346e-14   6700.67 1 
  6563.03 2.1932e-14   6703.42 1 
  6565.72 2.1224e-14   6706.17 1 
  6568.41 1.8266e-14   6708.92 1 
  6571.11 1.4703e-14   6711.67 1 
  6573.80 1.2907e-14   6714.42 1 
  6576.49 1.4154e-14   6717.17 1 
  6579.18 1.6609e-14   6719.92 1 
  6581.88 1.8300e-14   6722.67 1 
  6584.57 1.8633e-14   6725.42 1 
  6587.26 1.6995e-14   6728.17 1 
  6589.95 1.4940e-14   6730.92 1 
  6592.65 1.2644e-14   6733.67 1 
  6595.34 1.1880e-14   6736.42 1 
  6598.03 1.2012e-14   6739.17 1 
  6600.72 1.1712e-14   6741.92 1 
  6603.42 1.2067e-14   6744.67 1 
  6606.11 1.1682e-14   6747.42 1 
  6608.80 1.1590e-14   6750.17 1 
  6611.49 1.1792e-14   6752.92 1 
  6614.19 1.1930e-14   6755.67 1 
  6616.88 1.1828e-14   6758.42 1 
  6619.57 1.2121e-14   6761.17 1 
  6622.26 1.2328e-14   6763.92 1 
  6624.96 1.2032e-14   6766.67 1 
  6627.65 1.1463e-14   6769.42 1 
  6630.34 1.1498e-14   6772.17 1 
  6633.03 1.1266e-14   6774.92 1 
  6635.73 1.1596e-14   6777.67 1 
  6638.42 1.1428e-14   6780.42 1 
  6641.11 1.1812e-14   6783.17 1 
  6643.80 1.1880e-14   6785.92 1 
  6646.49 1.1898e-14   6788.67 1 
  6649.19 1.1690e-14   6791.42 1 
  6651.88 1.1807e-14   6794.17 1 
  6654.57 1.1538e-14   6796.92 1 
  6657.26 1.1854e-14   6799.67 1 
  6659.96 1.1756e-14   6802.42 1 
  6662.65 1.1084e-14   6805.17 1 
  6665.34 1.1195e-14   6807.92 1 
  6668.03 1.1827e-14   6810.67 1 
  6670.73 1.1838e-14   6813.42 1 
  6673.42 1.1848e-14   6816.17 1 
  6676.11 1.1741e-14   6818.92 1 
  6678.80 1.2048e-14   6821.67 1 
  6681.50 1.2072e-14   6824.42 1 
  6684.19 1.1929e-14   6827.17 1 
  6686.88 1.2815e-14   6829.92 1 
  6695.89 1.1712e-14   6839.12 0 
  6711.32 1.1473e-14   6854.88 0 
  6726.79 1.1474e-14   6870.68 0 
  6742.30 1.1609e-14   6886.52 0 
  6757.84 1.1320e-14   6902.40 0 
  6773.42 1.1400e-14   6918.31 0 
  6789.04 1.1427e-14   6934.26 0 
  6804.68 1.1534e-14   6950.24 0 
  6820.37 1.1536e-14   6966.26 0 
  6836.09 1.1591e-14   6982.33 0 
  6851.85 1.1539e-14   6998.42 0 
  6867.65 1.1174e-14   7014.55 0 
  6883.48 1.1409e-14   7030.72 0 
  6899.35 1.1543e-14   7046.93 0 
  6915.25 1.1518e-14   7063.18 0 
  6931.19 1.1573e-14   7079.46 0 
  6947.17 1.1735e-14   7095.78 0 
  6963.19 1.1683e-14   7112.14 0 
  6979.24 1.1847e-14   7128.53 0 
  6995.33 1.1685e-14   7144.96 0 
  7011.45 1.1421e-14   7161.43 0 
  7027.61 1.1851e-14   7177.94 0 
  7043.82 1.1690e-14   7194.49 0 
  7060.05 1.1611e-14   7211.08 0 
  7076.33 1.1296e-14   7227.70 0 
  7092.64 1.1142e-14   7244.36 0 
  7108.99 1.1195e-14   7261.06 0 
  7125.38 1.1145e-14   7277.80 0 
  7141.80 1.1095e-14   7294.57 0 
  7158.27 1.1148e-14   7311.39 0 
  7174.77 1.1073e-14   7328.25 0 
  7191.31 1.0723e-14   7345.14 0 
  7207.89 1.0724e-14   7362.07 0 
  7224.50 1.1361e-14   7379.04 0 
  7241.16 1.1181e-14   7396.05 0 
  7257.85 1.1183e-14   7413.10 0 
  7274.58 1.1657e-14   7430.19 0 
  7291.35 1.1160e-14   7447.32 0 
  7308.16 1.1421e-14   7464.49 0 
  7325.01 1.1475e-14   7481.70 0 
  7341.89 1.1799e-14   7498.94 0 
  7358.82 1.1692e-14   7516.23 0 
  7375.78 1.1911e-14   7533.56 0 
  7392.78 1.1615e-14   7550.92 0 
  7409.82 1.2136e-14   7568.33 0 
  7426.91 1.1916e-14   7585.78 0 
  7444.03 1.2223e-14   7603.26 0 
  7461.19 1.2309e-14   7620.79 0 
  7478.39 1.2058e-14   7638.36 0 
  7495.63 1.2200e-14   7655.97 0 
  7512.91 1.2090e-14   7673.61 0 
  7530.22 1.2119e-14   7691.30 0 
  7547.59 1.2346e-14   7709.04 0 
  7564.98 1.2067e-14   7726.81 0 
  7582.42 1.2180e-14   7744.62 0 
  7599.90 1.1822e-14   7762.47 0 
  7617.42 1.1824e-14   7780.37 0 
  7634.98 1.2101e-14   7798.30 0 
  7652.58 1.1882e-14   7816.28 0 
  7670.22 1.1014e-14   7834.30 0 
  7687.90 1.1508e-14   7852.36 0 
  7705.63 1.1536e-14   7870.46 0 
  7723.39 1.1275e-14   7888.60 0 
  7741.19 1.1460e-14   7906.79 0 
  7759.04 1.1227e-14   7925.01 0 
  7776.93 1.1437e-14   7943.28 0 
  7794.85 1.1281e-14   7961.59 0 
  7812.82 1.1546e-14   7979.95 0 
  7830.84 1.1708e-14   7998.34 0 
  7848.89 1.1629e-14   8016.78 0 
  7866.98 1.1793e-14   8035.26 0 
  7885.11 1.1526e-14   8053.78 0 
  7903.29 1.1136e-14   8072.35 0 
  7921.51 1.1010e-14   8090.96 0 
  7939.77 1.1063e-14   8109.61 0 
  7958.08 1.1192e-14   8128.31 0 
  7976.42 1.1481e-14   8147.04 0 
  7994.81 1.1273e-14   8165.82 0 
  8013.24 1.1511e-14   8184.65 0 
  8031.71 1.1566e-14   8203.52 0 
  8050.22 1.1810e-14   8222.43 0 
  8068.78 1.1838e-14   8241.38 0 
  8087.38 1.1571e-14   8260.38 0 
  8106.02 1.1283e-14   8279.42 0 
  8124.71 1.1442e-14   8298.51 0 
  8143.44 1.1549e-14   8317.64 0 
  8162.21 1.1392e-14   8336.81 0 
  8181.03 1.1822e-14   8356.03 0 
  8199.89 1.1742e-14   8375.29 0 
  8218.79 1.1798e-14   8394.60 0 
  8237.74 1.0183e-14   8413.95 0 
  8256.73 1.2021e-14   8433.35 0 
  8275.76 1.2078e-14   8452.79 0 
  8294.84 1.1563e-14   8472.27 0 
  8313.96 1.0993e-14   8491.80 0 
  8333.13 1.1593e-14   8511.38 0 
  8352.34 1.1648e-14   8531.00 0 
  8371.59 1.1570e-14   8550.67 0 
  8390.89 1.1076e-14   8570.38 0 
  8410.23 1.1520e-14   8590.14 0 
  8429.62 1.1548e-14   8609.94 0 
  8449.05 1.1158e-14   8629.79 0 
  8468.53 1.1315e-14   8649.68 0 
  8488.05 1.1343e-14   8669.62 0 
  8507.62 8.4290e-15   8689.60 0 
  8527.23 1.1037e-14   8709.64 0 
  8546.89 9.4386e-15   8729.71 0 
  8566.59 1.1168e-14   8749.84 0 
  8586.34 1.1404e-14   8770.01 0 
  8606.13 1.0892e-14   8790.23 0 
  8625.97 1.1329e-14   8810.49 0 
  8645.86 1.1409e-14   8830.80 0 
  8665.79 1.0674e-14   8851.16 0 
  8685.76 1.0700e-14   8871.56 0 
  8705.78 1.1206e-14   8892.01 0 
  8725.86 1.1442e-14   8912.51 0 
  8745.97 1.1081e-14   8933.05 0 
  8766.13 1.1134e-14   8953.65 0 
  8786.34 1.1580e-14   8974.29 0 
  8806.59 1.1529e-14   8994.98 0 
  8826.89 1.1611e-14   9015.71 0 
  8847.25 1.1064e-14   9036.50 0 
  8867.64 1.1117e-14   9057.33 0 
  8888.08 1.0618e-14   9078.20 0 
  8908.57 1.0968e-14   9099.13 0 
  8929.11 1.0919e-14   9120.11 0 
  8949.69 1.0997e-14   9141.13 0 
  8970.32 1.0948e-14   9162.20 0 
  8991.00 1.0824e-14   9183.33 0 
  9011.73 1.0339e-14   9204.50 0 
  9032.50 1.0105e-14   9225.71 0 
  9053.32 1.1658e-14   9246.98 0 
  9074.19 1.1342e-14   9268.30 0 
  9095.11 1.0808e-14   9289.66 0 
  9116.08 1.0613e-14   9311.08 0 
  9137.09 1.1217e-14   9332.54 0 
  9158.15 1.1091e-14   9354.06 0 
  9179.26 1.0545e-14   9375.62 0 
  9200.43 1.1120e-14   9397.23 0 
  9221.64 1.0524e-14   9418.90 0 
  9242.89 1.0574e-14   9440.61 0 
  9264.20 1.0847e-14   9462.37 0 
  9285.56 1.1230e-14   9484.18 0 
  9306.96 9.9647e-15   9506.05 0 
  9328.42 1.1182e-14   9527.96 0 
  9349.92 1.1184e-14   9549.93 0 
  9371.47 1.1007e-14   9571.94 0 
  9393.08 1.1162e-14   9594.01 0 
  9414.73 1.0986e-14   9616.12 0 
  9436.43 1.1269e-14   9638.29 0 
  9458.19 1.1142e-14   9660.51 0 
  9479.99 1.1377e-14   9682.78 0 
  9501.85 1.1120e-14   9705.10 0 
  9523.75 1.1174e-14   9727.47 0 
  9545.71 1.0821e-14   9749.90 0 
  9567.71 1.1152e-14   9772.37 0 
  9589.76 1.1361e-14   9794.90 0 
  9611.87 1.1259e-14   9817.48 0 
  9634.03 1.1313e-14   9840.11 0 
  9656.24 1.1211e-14   9862.79 0 
  9678.50 1.1187e-14   9885.53 0 
  9700.81 1.1318e-14   9908.32 0 
  9723.17 1.1037e-14   9931.16 0 
  9745.58 1.0988e-14   9954.05 0 
  9768.05 1.1041e-14   9977.00 0 
  9790.57 1.0942e-14  10000.00 0 
  9813.14 1.1121e-14  10023.05 0 
  9835.76 1.1047e-14  10046.15 0 
  9858.43 1.1074e-14  10069.31 0 
  9881.17 1.1000e-14  10092.53 0 
  9903.94 1.0951e-14  10115.80 0 
  9926.77 1.1029e-14  10139.12 0 
  9949.65 1.1056e-14  10162.49 0 
  9972.59 1.1058e-14  10185.91 0 
  9995.58 1.1009e-14  10209.39 0 
 10018.63 1.1011e-14  10232.94 0 
 10064.87 1.0864e-14  10280.17 0 
 10134.63 1.1072e-14  10351.42 0 
 10181.42 1.0975e-14  10399.21 0 
 10228.41 1.1055e-14  10447.20 0 
 10275.62 1.1084e-14  10495.42 0 
 10299.30 1.1035e-14  10519.62 0 
 10490.79 1.0749e-14  10715.20 0 
 10710.46 1.0360e-14  10939.56 0 
 10909.58 1.0008e-14  11142.94 0 
 11112.40 9.6242e-15  11350.10 0 
 11292.96 9.4704e-15  11534.53 0 
 11502.92 9.4486e-15  11748.98 0 
 11689.83 9.2335e-15  11939.88 0 
 11907.16 8.9200e-15  12161.86 0 
 12100.63 8.7774e-15  12359.47 0 
 12297.25 8.6570e-15  12560.30 0 
 12497.06 8.4405e-15  12764.39 0 
 12700.12 8.2864e-15  12971.79 0 
 12906.48 8.1164e-15  13182.56 0 
 13086.03 7.9867e-15  13365.95 0 
 13298.66 7.7690e-15  13583.13 0 
 13514.74 7.6272e-15  13803.84 0 
 13702.75 7.5053e-15  13995.87 0 
 13893.38 7.2505e-15  14190.57 0 
 14086.66 6.9401e-15  14387.99 0 
 14315.55 6.8765e-15  14621.77 0 
 14514.70 6.9401e-15  14825.18 0 
 14716.62 6.7045e-15  15031.42 0 
 14887.03 6.8134e-15  15205.48 0 
 15094.13 6.8765e-15  15417.01 0 
 15304.10 6.9882e-15  15631.47 0 
 15517.00 6.9401e-15  15848.92 0 
 15696.68 6.8449e-15  16032.45 0 
 15915.05 6.6277e-15  16255.49 0 
 16099.34 6.6430e-15  16443.72 0 
 16285.77 6.6277e-15  16634.13 0 
 16512.32 6.5519e-15  16865.54 0 
 16703.51 6.5368e-15  17060.82 0 
 16896.94 6.4471e-15  17258.38 0 
 17092.60 6.3440e-15  17458.23 0 
 17290.53 6.1005e-15  17660.39 0 
 17490.73 5.9343e-15  17864.87 0 
 17693.26 5.7064e-15  18071.74 0 
 17898.15 5.4874e-15  18281.01 0 
 18105.40 5.2404e-15  18492.70 0 
 18315.04 5.1211e-15  18706.81 0 
 18484.51 4.9701e-15  18879.91 0 
 18698.56 4.7574e-15  19098.54 0 
 18915.06 4.6491e-15  19319.67 0 
 19090.09 4.5747e-15  19498.44 0 
 19311.15 4.4398e-15  19724.23 0 
 19489.82 4.2694e-15  19906.72 0 
 19715.50 4.1435e-15  20137.24 0 
 19897.94 4.0213e-15  20323.57 0 
 20082.04 3.9661e-15  20511.61 0 
 20314.58 3.8403e-15  20749.13 0 
 20502.56 3.8051e-15  20941.13 0 
 20692.25 3.7185e-15  21134.88 0 
 20883.73 3.6422e-15  21330.45 0 
 21076.97 3.5922e-15  21527.83 0 
 21321.01 3.5186e-15  21777.09 0 
 21518.30 3.4464e-15  21978.60 0 
 21717.42 3.3448e-15  22181.97 0 
 21918.35 3.2913e-15  22387.21 0 
 22121.17 3.2090e-15  22594.36 0 
 22274.49 3.1287e-15  22750.97 0 
 22480.61 3.0575e-15  22961.49 0 
 22688.60 2.9880e-15  23173.93 0 
 22898.55 2.7078e-15  23388.37 0 
 23110.44 2.6970e-15  23604.79 0 
 23324.26 2.3831e-15  23823.19 0 
 23485.95 2.2547e-15  23988.34 0 
 23703.25 2.2928e-15  24210.28 0 
 23922.58 2.1264e-15  24434.31 0 
 24088.39 2.0635e-15  24603.66 0 
 24311.29 2.0366e-15  24831.33 0 
 24479.79 1.9049e-15  25003.44 0 
 24706.31 1.8715e-15  25234.80 0 
 24877.58 1.5929e-15  25409.74 0 
 25018.24 1.5780e-15  25553.40 2 
 25113.01 1.5757e-15  25650.20 2 
 25207.68 1.6493e-15  25746.90 2 
 25302.45 1.5815e-15  25843.70 2 
 25397.13 1.6166e-15  25940.40 2 
 25491.90 1.5496e-15  26037.20 2 
 25586.68 1.6401e-15  26134.00 2 
 25681.35 1.5950e-15  26230.70 2 
 25776.12 1.6836e-15  26327.50 2 
 25870.90 1.5755e-15  26424.30 2 
 25965.57 1.5327e-15  26521.00 2 
 26060.34 1.5538e-15  26617.80 2 
 26155.02 1.5824e-15  26714.50 2 
 26249.79 1.5076e-15  26811.30 2 
 26344.56 1.5569e-15  26908.10 2 
 26439.24 1.4612e-15  27004.80 2 
 26534.01 1.5204e-15  27101.60 2 
 26628.78 1.4256e-15  27198.40 2 
 26723.46 1.4710e-15  27295.10 2 
 26818.23 1.4624e-15  27391.90 2 
 26912.91 1.4556e-15  27488.60 2 
 27007.68 1.3406e-15  27585.40 2 
 27102.45 1.4003e-15  27682.20 2 
 27197.13 1.3700e-15  27778.90 2 
 27291.90 1.4223e-15  27875.70 2 
 27386.67 1.3730e-15  27972.50 2 
 27481.35 1.3124e-15  28069.20 2 
 27576.12 1.2771e-15  28166.00 2 
 27670.80 1.3522e-15  28262.70 2 
 27765.56 1.3090e-15  28359.50 2 
 27860.34 1.3047e-15  28456.30 2 
 27955.01 1.3021e-15  28553.00 2 
 28049.79 1.2551e-15  28649.80 2 
 28144.56 1.2196e-15  28746.60 2 
 28239.24 1.2135e-15  28843.30 2 
 28334.01 1.1599e-15  28940.10 2 
 28428.68 1.1903e-15  29036.80 2 
 28523.46 1.1499e-15  29133.60 2 
 28618.23 1.1230e-15  29230.40 2 
 28712.90 1.1055e-15  29327.10 2 
 28807.68 1.1146e-15  29423.90 2 
 28902.45 1.1119e-15  29520.70 2 
 28997.12 1.1382e-15  29617.40 2 
 29091.90 1.0904e-15  29714.20 2 
 29186.57 1.0748e-15  29810.90 2 
 29281.34 1.0319e-15  29907.70 2 
 29376.11 1.0984e-15  30004.50 2 
 29470.79 1.0142e-15  30101.20 2 
 29565.56 1.0642e-15  30198.00 2 
 29660.34 1.0440e-15  30294.80 2 
 29755.01 1.0752e-15  30391.50 2 
 29849.78 1.0179e-15  30488.30 2 
 29944.46 9.9646e-16  30585.00 2 
 30039.23 9.3092e-16  30681.80 2 
 30134.01 9.8181e-16  30778.60 2 
 30228.68 9.4309e-16  30875.30 2 
 30323.45 9.6082e-16  30972.10 2 
 30418.22 9.4759e-16  31068.90 2 
 30512.90 9.4868e-16  31165.60 2 
 30607.67 9.3057e-16  31262.40 2 
 30702.35 9.3852e-16  31359.10 2 
 30797.12 9.0375e-16  31455.90 2 
 30891.89 9.4282e-16  31552.70 2 
 30986.57 9.0034e-16  31649.40 2 
 31081.34 9.3804e-16  31746.20 2 
 31176.11 8.8784e-16  31843.00 2 
 31270.79 8.4722e-16  31939.70 2 
 31365.56 8.0923e-16  32036.50 2 
 31460.23 8.8332e-16  32133.20 2 
 31555.01 8.3918e-16  32230.00 2 
 31649.78 8.4936e-16  32326.80 2 
 31744.46 8.8378e-16  32423.50 2 
 31839.23 9.1114e-16  32520.30 2 
 31934.00 9.0664e-16  32617.10 2 
 32028.67 8.7429e-16  32713.80 2 
 32123.45 9.8238e-16  32810.60 2 
 32218.12 1.0737e-15  32907.30 2 
 32312.90 1.1313e-15  33004.10 2 
 32407.67 1.1764e-15  33100.90 2 
 32502.34 1.2797e-15  33197.60 2 
 32597.12 1.4326e-15  33294.40 2 
 32691.89 1.5112e-15  33391.20 2 
 32786.56 1.4633e-15  33487.90 2 
 32881.33 1.3864e-15  33584.70 2 
 32976.01 1.2890e-15  33681.40 2 
 33070.78 1.1354e-15  33778.20 2 
 33165.56 1.1253e-15  33875.00 2 
 33260.23 1.0050e-15  33971.70 2 
 33355.00 9.4368e-16  34068.50 2 
 33449.78 9.5512e-16  34165.30 2 
 33544.45 9.4459e-16  34262.00 2 
 33639.22 9.1031e-16  34358.80 2 
 33733.90 9.8000e-16  34455.50 2 
 33828.67 9.5467e-16  34552.30 2 
 33923.45 9.8220e-16  34649.10 2 
 34018.12 9.5849e-16  34745.80 2 
 34112.89 9.4315e-16  34842.60 2 
 34207.67 9.2327e-16  34939.40 2 
 34302.34 9.3430e-16  35036.10 2 
 34397.11 8.9099e-16  35132.90 2 
 34491.78 8.9527e-16  35229.60 2 
 34586.56 8.5168e-16  35326.40 2 
 34681.33 8.3433e-16  35423.20 2 
 34776.00 8.1100e-16  35519.90 2 
 34870.78 7.8067e-16  35616.70 2 
 34965.55 7.7057e-16  35713.50 2 
 35060.23 8.1650e-16  35810.20 2 
 35155.00 7.5367e-16  35907.00 2 
 35249.67 7.8752e-16  36003.70 2 
 35344.45 7.8779e-16  36100.50 2 
 35439.22 7.9436e-16  36197.30 2 
 35533.89 7.8144e-16  36294.00 2 
 35628.67 7.6050e-16  36390.80 2 
 35723.44 7.6233e-16  36487.60 2 
 35818.12 7.9646e-16  36584.30 2 
 35912.89 7.5694e-16  36681.10 2 
 36007.56 7.8182e-16  36777.80 2 
 36102.33 7.5820e-16  36874.60 2 
 36197.11 7.5605e-16  36971.40 2 
 36291.78 7.4054e-16  37068.10 2 
 36386.55 7.5826e-16  37164.90 2 
 36481.33 7.0825e-16  37261.70 2 
 36576.01 7.0154e-16  37358.40 2 
 36670.77 6.8713e-16  37455.20 2 
 36765.45 6.8737e-16  37551.90 2 
 36860.22 6.9881e-16  37648.70 2 
 36955.00 6.8787e-16  37745.50 2 
 37049.67 6.6510e-16  37842.20 2 
 37144.44 6.5014e-16  37939.00 2 
 37239.22 6.3692e-16  38035.80 2 
 37333.89 6.7236e-16  38132.50 2 
 37428.66 6.7577e-16  38229.30 2 
 37523.34 6.7381e-16  38326.00 2 
 37618.11 6.5827e-16  38422.80 2 
 37712.88 6.7404e-16  38519.60 2 
 37807.56 6.6634e-16  38616.30 2 
 37902.33 6.2377e-16  38713.10 2 
 37997.10 6.5011e-16  38809.90 2 
 38091.78 6.6611e-16  38906.60 2 
 38186.55 6.4615e-16  39003.40 2 
 38281.23 6.2360e-16  39100.10 2 
 38376.00 6.3139e-16  39196.90 2 
 38470.77 6.1517e-16  39293.70 2 
 38565.45 5.9433e-16  39390.40 2 
 38660.22 6.2562e-16  39487.20 2 
 38754.99 5.9781e-16  39584.00 2 
 38849.67 6.0501e-16  39680.70 2 
 38944.44 5.9884e-16  39777.50 2 
 39039.11 5.9633e-16  39874.20 2 
 39133.89 5.7630e-16  39971.00 2 
 39228.66 6.0054e-16  40067.80 2 
 39323.33 5.9597e-16  40164.50 2 
 39418.11 6.1261e-16  40261.30 2 
 39512.88 5.6468e-16  40358.10 2 
 39607.55 5.7997e-16  40454.80 2 
 39702.33 5.6444e-16  40551.60 2 
 39797.00 5.5949e-16  40648.30 2 
 39891.78 5.9456e-16  40745.10 2 
 39986.55 6.1011e-16  40841.90 2 
 40081.22 6.1633e-16  40938.60 2 
 40175.99 6.1900e-16  41035.40 2 
 40270.67 6.2696e-16  41132.10 2 
 40365.44 6.3172e-16  41228.90 2 
 40460.21 6.2107e-16  41325.70 2 
 40554.89 6.2175e-16  41422.40 2 
 40649.66 5.8422e-16  41519.20 2 
 40744.44 5.3778e-16  41616.00 2 
 40839.11 5.2709e-16  41712.70 2 
 40933.88 5.3095e-16  41809.50 2 
 41028.66 5.4740e-16  41906.30 2 
 41123.33 5.2927e-16  42003.00 2 
 41218.10 4.9169e-16  42099.80 2 
 41312.77 5.1947e-16  42196.50 2 
 41407.55 4.8558e-16  42293.30 2 
 41502.32 5.0464e-16  42390.10 2 
 41597.00 5.1253e-16  42486.80 2 
 41691.77 5.0951e-16  42583.60 2 
 41786.55 4.6026e-16  42680.40 2 
 41881.22 4.8020e-16  42777.10 2 
 41975.99 4.5872e-16  42873.90 2 
 42070.67 4.4591e-16  42970.60 2 
 42165.44 4.1894e-16  43067.40 2 
 42260.21 4.2971e-16  43164.20 2 
 42354.89 4.1701e-16  43260.90 2 
 42449.66 4.0320e-16  43357.70 2 
 42544.43 3.9683e-16  43454.50 2 
 42639.11 4.1311e-16  43551.20 2 
 42733.88 4.6045e-16  43648.00 2 
 42828.56 4.5757e-16  43744.70 2 
 42923.33 4.3266e-16  43841.50 2 
 43018.10 4.5153e-16  43938.30 2 
 43112.77 4.6621e-16  44035.00 2 
 43207.54 4.2461e-16  44131.80 2 
 43302.22 4.2944e-16  44228.50 2 
 43397.00 4.4593e-16  44325.30 2 
 43491.77 4.2347e-16  44422.10 2 
 43586.44 4.1377e-16  44518.80 2 
 43681.21 4.2369e-16  44615.60 2 
 43775.99 4.3732e-16  44712.40 2 
 43870.66 4.1708e-16  44809.10 2 
 43965.44 3.9625e-16  44905.90 2 
 44060.21 3.5838e-16  45002.70 2 
 44154.89 3.7195e-16  45099.40 2 
 44249.65 3.4001e-16  45196.20 2 
 44344.33 3.6511e-16  45292.90 2 
 44439.10 3.4922e-16  45389.70 2 
 44533.87 3.5749e-16  45486.50 2 
 44628.55 3.5764e-16  45583.20 2 
 44723.32 3.5817e-16  45680.00 2 
 44818.10 3.7245e-16  45776.80 2 
 44912.77 3.6600e-16  45873.50 2 
 45007.54 3.7412e-16  45970.30 2 
 45102.22 3.7970e-16  46067.00 2 
 45196.99 3.7843e-16  46163.80 2 
 45291.77 3.1761e-16  46260.60 2 
 45386.44 3.4253e-16  46357.30 2 
 45481.21 3.2664e-16  46454.10 2 
 45575.98 3.4384e-16  46550.90 2 
 45670.66 3.3321e-16  46647.60 2 
 45765.43 3.3370e-16  46744.40 2 
 45860.11 3.2363e-16  46841.10 2 
 45954.88 3.1060e-16  46937.90 2 
 46049.65 3.0487e-16  47034.70 2 
 46144.33 3.3973e-16  47131.40 2 
 46239.10 3.6523e-16  47228.20 2 
 46333.78 3.7276e-16  47324.90 2 
 46428.55 3.4422e-16  47421.70 2 
 46523.32 3.6663e-16  47518.50 2 
 46617.99 3.6968e-16  47615.20 2 
 46712.77 3.3931e-16  47712.00 2 
 46807.54 3.7191e-16  47808.80 2 
 46902.22 4.1140e-16  47905.50 2 
 46996.99 3.7765e-16  48002.30 2 
 47091.76 3.8185e-16  48099.10 2 
 47186.44 3.8637e-16  48195.80 2 
 47281.21 3.6520e-16  48292.60 2 
 47375.88 3.3828e-16  48389.30 2 
 47470.65 3.4907e-16  48486.10 2 
 47565.43 3.5269e-16  48582.90 2 
 47660.10 3.2083e-16  48679.60 2 
 47754.87 3.0330e-16  48776.40 2 
 47849.65 2.9409e-16  48873.20 2 
 47944.32 3.0860e-16  48969.90 2 
 48039.09 2.8413e-16  49066.70 2 
 48133.77 2.9346e-16  49163.40 2 
 48228.55 2.7103e-16  49260.20 2 
 48323.32 2.8419e-16  49357.00 2 
 48418.97 3.1590e-16  49454.70 2 
 48903.16 3.1126e-16  49949.25 0 
 49392.19 3.0658e-16  50448.74 0 
 49886.12 3.0185e-16  50953.23 0 
 50384.98 2.9707e-16  51462.76 0 
 50888.83 2.9224e-16  51977.39 0 
 51079.85 2.9042e-16  52172.50 3 
 51375.92 2.9627e-16  52474.90 3 
 51671.99 3.2474e-16  52777.30 3 
 51968.05 3.5679e-16  53079.70 3 
 52264.12 4.5824e-16  53382.10 3 
 52560.28 4.3639e-16  53684.60 3 
 52856.35 4.0323e-16  53987.00 3 
 53152.42 4.0975e-16  54289.40 3 
 53448.48 4.0145e-16  54591.80 3 
 53744.55 3.2667e-16  54894.20 3 
 54040.71 2.9880e-16  55196.70 3 
 54336.78 2.9881e-16  55499.10 3 
 54632.85 3.1177e-16  55801.50 3 
 54928.92 3.4151e-16  56103.90 3 
 55224.98 3.4629e-16  56406.30 3 
 55521.14 3.5802e-16  56708.80 3 
 55817.21 3.6450e-16  57011.20 3 
 56113.28 4.4412e-16  57313.60 3 
 56409.35 5.1079e-16  57616.00 3 
 56705.42 5.4240e-16  57918.40 3 
 57001.58 5.5302e-16  58220.90 3 
 57297.65 5.3557e-16  58523.30 3 
 57593.71 4.9371e-16  58825.70 3 
 57889.78 4.6298e-16  59128.10 3 
 58185.85 4.5211e-16  59430.50 3 
 58482.01 4.8610e-16  59733.00 3 
 58778.08 5.0286e-16  60035.40 3 
 59074.15 4.8163e-16  60337.80 3 
 59370.21 4.8453e-16  60640.20 3 
 59666.28 5.3955e-16  60942.60 3 
 59962.44 6.3965e-16  61245.10 3 
 60258.51 6.9717e-16  61547.50 3 
 60554.58 7.1642e-16  61849.90 3 
 60850.64 7.6377e-16  62152.30 3 
 61146.71 9.2352e-16  62454.70 3 
 61442.88 1.2372e-15  62757.20 3 
 61738.94 1.7116e-15  63059.60 3 
 62035.01 2.0230e-15  63362.00 3 
 62331.07 1.9331e-15  63664.40 3 
 62627.14 1.6735e-15  63966.80 3 
 62923.31 1.4018e-15  64269.30 3 
 63219.37 1.1776e-15  64571.70 3 
 63515.44 1.0175e-15  64874.10 3 
 63811.51 9.0908e-16  65176.50 3 
 64107.58 8.3992e-16  65478.90 3 
 64403.74 7.8247e-16  65781.40 3 
 64699.80 7.2395e-16  66083.80 3 
 64995.87 6.9202e-16  66386.20 3 
 65291.94 6.5945e-16  66688.60 3 
 65588.01 6.4978e-16  66991.00 3 
 65884.17 6.6258e-16  67293.50 3 
 66180.24 6.8564e-16  67595.90 3 
 66476.31 7.0135e-16  67898.30 3 
 66772.37 6.9363e-16  68200.70 3 
 67068.44 6.8451e-16  68503.10 3 
 67364.61 6.8279e-16  68805.60 3 
 67660.67 6.8501e-16  69108.00 3 
 67956.74 6.7974e-16  69410.40 3 
 68252.81 6.8113e-16  69712.80 3 
 68548.87 7.0264e-16  70015.20 3 
 68845.04 7.4465e-16  70317.70 3 
 69141.10 7.8278e-16  70620.10 3 
 69437.17 8.8036e-16  70922.50 3 
 69733.23 1.1360e-15  71224.90 3 
 70029.30 1.1251e-15  71527.30 3 
 70325.46 9.3220e-16  71829.80 3 
 70621.54 8.9789e-16  72132.20 3 
 70917.60 9.0077e-16  72434.60 3 
 71213.67 9.2838e-16  72737.00 3 
 71509.73 9.3978e-16  73039.40 3 
 71805.90 9.4684e-16  73341.90 3 
 72101.96 9.8990e-16  73644.30 3 
 72398.04 1.0004e-15  73946.70 3 
 72694.10 1.0389e-15  74249.10 3 
 72990.17 1.0903e-15  74551.50 3 
 73286.33 1.1625e-15  74854.00 3 
 73582.40 1.2513e-15  75156.40 3 
 73878.46 1.3615e-15  75458.80 3 
 74174.53 1.4195e-15  75761.20 3 
 74766.67 1.6967e-15  76366.00 3 
 75358.90 1.9817e-15  76970.90 3 
 75951.03 2.1615e-15  77575.70 3 
 76543.17 2.1206e-15  78180.50 3 
 77135.40 2.0479e-15  78785.40 3 
 77727.53 2.0036e-15  79390.20 3 
 78319.76 1.9347e-15  79995.10 3 
 78911.89 1.7657e-15  80599.90 3 
 79504.03 1.5456e-15  81204.70 3 
 80096.25 1.3490e-15  81809.59 3 
 80688.39 1.1726e-15  82414.40 3 
 81280.53 1.0505e-15  83019.20 3 
 81872.75 9.8941e-16  83624.09 3 
 82464.89 9.5825e-16  84228.90 3 
 83057.02 9.7897e-16  84833.70 3 
 83649.26 9.3432e-16  85438.60 3 
 84241.39 9.4074e-16  86043.40 3 
 84833.63 9.7718e-16  86648.30 3 
 85425.76 1.0116e-15  87253.10 3 
 86017.90 9.7821e-16  87857.91 3 
 86610.13 8.7127e-16  88462.80 3 
 87202.26 7.3339e-16  89067.60 3 
 87794.40 5.9430e-16  89672.41 3 
 88386.62 4.8110e-16  90277.30 3 
 88978.76 4.0880e-16  90882.10 3 
 89570.89 3.6043e-16  91486.90 3 
 90163.12 3.1713e-16  92091.80 3 
 90755.26 2.8591e-16  92696.60 3 
 91347.49 2.6055e-16  93301.50 3 
 91939.62 2.4701e-16  93906.30 3 
 92531.75 2.3863e-16  94511.10 3 
 93123.98 2.2594e-16  95115.99 3 
 93716.12 2.1501e-16  95720.80 3 
 94308.25 2.0955e-16  96325.60 3 
 94900.48 2.0051e-16  96930.50 3 
 95492.61 2.0232e-16  97535.30 3 
 96084.74 2.0359e-16  98140.09 3 
 96676.98 2.1631e-16  98745.00 3 
 97269.12 1.9365e-16  99349.80 3 
 97861.35 1.7748e-16  99954.70 3 
 98453.48 1.7155e-16 100559.50 3 
 99045.62 1.6658e-16 101164.30 3 
 99637.85 1.6705e-16 101769.20 3 
100229.98 1.6938e-16 102374.00 3 
100822.12 1.7083e-16 102978.80 3 
101414.34 1.6798e-16 103583.70 3 
102006.48 1.6664e-16 104188.50 3 
102598.61 1.7043e-16 104793.30 3 
103190.84 1.7368e-16 105398.20 3 
103782.98 1.8113e-16 106003.00 3 
104375.22 1.9275e-16 106607.91 3 
104967.34 2.0732e-16 107212.70 3 
105559.48 2.2529e-16 107817.50 3 
106151.71 2.3847e-16 108422.41 3 
106743.85 2.3810e-16 109027.20 3 
107335.98 2.4133e-16 109632.00 3 
107928.21 2.4364e-16 110236.90 3 
108520.34 2.4895e-16 110841.70 3 
109112.48 2.7781e-16 111446.51 3 
109704.71 3.2587e-16 112051.40 3 
110296.84 3.7111e-16 112656.20 3 
110889.07 4.3314e-16 113261.10 3 
111481.20 6.5895e-16 113865.90 3 
112073.34 9.7080e-16 114470.70 3 
112665.57 1.0363e-15 115075.60 3 
113257.70 8.8485e-16 115680.40 3 
113849.84 7.2190e-16 116285.20 3 
114442.06 6.1281e-16 116890.09 3 
115034.20 5.2802e-16 117494.90 3 
115626.33 4.7479e-16 118099.70 3 
116218.56 4.4018e-16 118704.59 3 
116810.70 4.1863e-16 119309.40 3 
117402.94 4.0725e-16 119914.30 3 
117995.07 4.1089e-16 120519.10 3 
118587.20 4.3449e-16 121123.90 3 
119179.44 4.5741e-16 121728.80 3 
119771.57 4.7053e-16 122333.60 3 
120363.71 4.6567e-16 122938.41 3 
120955.93 4.5111e-16 123543.30 3 
121548.07 4.4236e-16 124148.10 3 
122140.21 4.5463e-16 124752.91 3 
122732.43 4.8333e-16 125357.80 3 
123324.57 4.9986e-16 125962.60 3 
123916.80 5.0947e-16 126567.50 3 
124508.93 5.3075e-16 127172.30 3 
125101.06 5.5602e-16 127777.10 3 
125693.29 5.8696e-16 128382.00 3 
126285.43 6.1262e-16 128986.80 3 
126877.56 6.3481e-16 129591.60 3 
127469.80 7.7542e-16 130196.51 3 
128061.92 9.8933e-16 130801.30 3 
128654.05 7.7651e-16 131406.09 3 
129246.29 4.5743e-16 132011.00 3 
129838.42 3.8975e-16 132615.80 3 
130430.55 3.6997e-16 133220.59 3 
131022.79 3.5951e-16 133825.50 3 
131614.92 3.6418e-16 134430.30 3 
132207.16 3.5956e-16 135035.20 3 
132799.29 3.5342e-16 135640.00 3 
133391.42 3.4998e-16 136244.80 3 
133983.66 3.4576e-16 136849.70 3 
134575.79 3.4285e-16 137454.50 3 
135167.92 3.4608e-16 138059.30 3 
135760.16 3.4526e-16 138664.20 3 
136352.29 3.3351e-16 139269.00 3 
136944.42 3.2421e-16 139873.80 3 
137536.66 3.1622e-16 140478.70 3 
138128.79 3.0936e-16 141083.50 3 
138721.02 3.0680e-16 141688.41 3 
139313.16 3.0238e-16 142293.20 3 
139905.29 3.0060e-16 142898.00 3 
140497.52 2.9635e-16 143502.91 3 
141089.65 2.9222e-16 144107.70 3 
141681.78 2.8890e-16 144712.50 3 
142721.15 3.1659e-16 145774.09 3 
143550.22 3.0633e-16 146620.91 3 
144379.29 2.8834e-16 147467.70 3 
145208.35 2.7088e-16 148314.50 3 
146037.32 2.6824e-16 149161.20 3 
146866.38 2.6150e-16 150008.00 3 
147695.44 2.5948e-16 150854.80 3 
148524.41 2.6269e-16 151701.50 3 
149353.48 2.6146e-16 152548.30 3 
150182.54 2.5672e-16 153395.09 3 
151011.51 2.5531e-16 154241.80 3 
151840.57 2.5906e-16 155088.59 3 
152669.65 2.6075e-16 155935.41 3 
153498.62 2.5454e-16 156782.11 3 
154327.68 2.6059e-16 157628.91 3 
155156.75 2.7779e-16 158475.70 3 
155985.70 3.0133e-16 159322.39 3 
156814.78 2.7281e-16 160169.20 3 
157643.84 2.6936e-16 161016.00 3 
158472.90 2.7458e-16 161862.80 3 
159301.87 2.7709e-16 162709.50 3 
160130.95 2.7371e-16 163556.31 3 
160960.00 2.7259e-16 164403.09 3 
161788.98 2.7804e-16 165249.81 3 
162618.03 2.9554e-16 166096.59 3 
163447.09 3.3227e-16 166943.39 3 
164276.08 3.6753e-16 167790.11 3 
165105.13 3.7079e-16 168636.89 3 
165934.20 3.4316e-16 169483.70 3 
166763.16 3.3685e-16 170330.39 3 
167592.24 3.4541e-16 171177.20 3 
168421.30 3.4136e-16 172024.00 3 
169250.26 3.5558e-16 172870.69 3 
170079.33 4.0567e-16 173717.50 3 
170908.40 3.9957e-16 174564.30 3 
171737.46 3.5997e-16 175411.09 3 
172566.43 3.5053e-16 176257.80 3 
173395.51 3.4900e-16 177104.61 3 
174224.55 3.3978e-16 177951.39 3 
175053.54 3.1904e-16 178798.11 3 
175882.60 3.0327e-16 179644.91 3 
176711.66 2.9675e-16 180491.70 3 
177540.63 2.9383e-16 181338.41 3 
178369.68 2.9147e-16 182185.19 3 
179198.76 2.8833e-16 183032.00 3 
180027.73 2.8261e-16 183878.70 3 
180856.79 2.7754e-16 184725.50 3 
181685.85 2.7514e-16 185572.30 3 
182514.81 2.7340e-16 186418.98 3 
183343.89 2.7341e-16 187265.80 3 
184172.97 2.7644e-16 188112.61 3 
185002.03 2.8305e-16 188959.41 3 
185830.98 2.9253e-16 189806.09 3 
186660.06 3.1285e-16 190652.91 3 
187489.11 3.5964e-16 191499.69 3 
188318.09 3.0575e-16 192346.41 3 
189147.16 2.9052e-16 193193.20 3 
189976.22 2.8776e-16 194040.00 3 
190805.19 2.8803e-16 194886.70 3 
191634.27 2.9391e-16 195733.52 3 
192463.31 2.9418e-16 196580.30 3 
193292.28 2.9045e-16 197427.00 3 
194121.35 2.8802e-16 198273.80 3 
194950.41 2.9016e-16 199120.59 3 
195779.40 2.9440e-16 199967.31 3 
196608.44 2.9724e-16 200814.09 3 
197437.52 2.9934e-16 201660.91 3 
198266.58 3.0378e-16 202507.70 3 
199095.54 3.0552e-16 203354.39 3 
199924.62 3.0511e-16 204201.20 3 
201582.65 3.1307e-16 205894.70 3 
203240.77 3.2021e-16 207588.30 3 
204898.82 3.1634e-16 209281.81 3 
206556.84 3.2390e-16 210975.30 3 
208214.96 3.3101e-16 212668.89 3 
209873.00 3.3510e-16 214362.39 3 
211531.14 3.3917e-16 216056.00 3 
213189.17 3.4251e-16 217749.50 3 
214847.20 3.4525e-16 219443.00 3 
216505.34 3.4537e-16 221136.61 3 
218163.38 3.5064e-16 222830.11 3 
219821.39 3.5631e-16 224523.59 3 
221479.52 3.5978e-16 226217.19 3 
223137.57 3.6053e-16 227910.70 3 
224795.69 3.6798e-16 229604.30 3 
226453.73 3.7069e-16 231297.80 3 
228111.76 3.7301e-16 232991.30 3 
229769.90 3.8250e-16 234684.91 3 
231427.93 3.8921e-16 236378.41 3 
233085.96 3.8670e-16 238071.91 3 
234744.07 3.8879e-16 239765.48 3 
236402.12 3.9936e-16 241459.00 3 
238060.25 4.0352e-16 243152.59 3 
239718.28 4.0260e-16 244846.09 3 
241376.31 4.0690e-16 246539.59 3 
243034.45 4.1008e-16 248233.20 3 
244692.49 4.1238e-16 249926.70 3 
246350.52 4.1238e-16 251620.20 3 
248008.66 4.1697e-16 253313.81 3 
249666.69 4.2301e-16 255007.31 3 
251324.80 4.2789e-16 256700.89 3 
252982.83 4.3060e-16 258394.39 3 
254640.87 4.3548e-16 260087.89 3 
256299.01 4.3509e-16 261781.50 3 
257957.04 4.4019e-16 263475.00 3 
259615.07 4.5200e-16 265168.50 3 
261273.20 4.5137e-16 266862.09 3 
262931.23 4.5069e-16 268555.59 3 
264589.36 4.5204e-16 270249.19 3 
266247.39 4.5374e-16 271942.69 3 
267905.45 4.6003e-16 273636.22 3 
269563.58 4.6602e-16 275329.81 3 
271221.58 4.6514e-16 277023.28 3 
272879.61 4.6810e-16 278716.78 3 
274537.77 4.6790e-16 280410.41 3 
276195.80 4.7388e-16 282103.91 3 
277853.93 4.7851e-16 283797.50 3 
279511.96 4.8288e-16 285491.00 3 
281169.99 4.9109e-16 287184.50 3 
282828.12 4.9325e-16 288878.09 3 
284486.15 4.9476e-16 290571.59 3 
286144.18 4.9500e-16 292265.09 3 
287802.31 5.0038e-16 293958.69 3 
289460.34 5.0064e-16 295652.19 3 
291118.47 5.0223e-16 297345.78 3 
292776.53 5.0320e-16 299039.31 3 
294434.56 5.0647e-16 300732.81 3 
296092.69 5.1253e-16 302426.41 3 
297750.72 5.1485e-16 304119.91 3 
299408.75 5.1392e-16 305813.41 3 
301066.88 5.2317e-16 307507.00 3 
302724.91 5.2887e-16 309200.50 3 
304383.04 5.2698e-16 310894.09 3 
306041.07 5.2759e-16 312587.59 3 
307699.10 5.2947e-16 314281.09 3 
309357.23 5.4359e-16 315974.69 3 
311015.29 5.3710e-16 317668.22 3 
312673.32 5.3476e-16 319361.72 3 
314331.45 5.3852e-16 321055.31 3 
315989.45 5.4910e-16 322748.78 3 
317647.61 5.5860e-16 324442.41 3 
319305.64 5.5803e-16 326135.91 3 
320963.67 5.5819e-16 327829.41 3 
322621.80 5.6421e-16 329523.00 3 
324279.83 5.7838e-16 331216.50 3 
325937.86 5.9738e-16 332910.00 3 
327596.02 6.1574e-16 334603.62 3 
329254.05 5.8560e-16 336297.12 3 
330912.15 6.0488e-16 337990.69 3 
332570.18 6.3891e-16 339684.19 3 
334228.24 6.5002e-16 341377.72 3 
335886.34 6.1855e-16 343071.28 3 
337544.37 5.9474e-16 344764.78 3 
339202.40 6.0458e-16 346458.28 3 
340860.56 6.2315e-16 348151.91 3 
342518.56 6.1492e-16 349845.38 3 
