# An Atlas of Galaxy Spectral Energy Distributions from the Ultraviolet to the Mid-Infrared
# Brown et al. (2014)
# http://dx.doi.org/10.5072/03/529D3551F0117
# 
# Column 1 : Restframe Wavelength (Angstrom)
# Column 2 : Flux per unit wavelength (ergs/s/cm^2/Angstrom)
# Column 3 : Observed wavelength (Angstrom)
# Column 4 : Source (0 = model, 1 = Optical Spectrum, 2 = Akari, 3 = Spitzer IRS)
# 
   102.00 1.3125e-19    102.57 0 
   103.90 1.4491e-19    104.47 0 
   106.07 1.6485e-19    106.66 0 
   108.05 1.9103e-19    108.64 0 
   110.06 2.6430e-19    110.66 0 
   113.92 3.2516e-19    114.55 0 
   117.93 3.8027e-19    118.58 0 
   120.95 1.1379e-18    121.62 0 
   124.91 1.3035e-18    125.60 0 
   126.94 1.3680e-18    127.64 0 
   128.12 1.4194e-18    128.82 0 
   131.10 1.5104e-18    131.83 0 
   132.01 1.7104e-18    132.74 0 
   133.85 1.7705e-18    134.59 0 
   136.97 2.0898e-18    137.72 0 
   140.16 2.2085e-18    140.93 0 
   143.09 4.5824e-18    143.88 0 
   147.10 8.8735e-18    147.91 0 
   150.87 9.2917e-18    151.71 0 
   155.10 9.8196e-18    155.96 0 
   159.08 1.0425e-17    159.96 0 
   162.04 1.0842e-17    162.93 0 
   165.81 1.1537e-17    166.72 0 
   170.06 1.2081e-17    171.00 0 
   172.83 1.2534e-17    173.78 0 
   176.85 1.3095e-17    177.83 0 
   180.14 1.3524e-17    181.13 0 
   181.81 1.3839e-17    182.81 0 
   186.04 1.4391e-17    187.07 0 
   190.81 1.5104e-17    191.87 0 
   193.91 1.5599e-17    194.98 0 
   197.98 1.6147e-17    199.07 0 
   202.12 1.6753e-17    203.24 0 
   204.93 1.7183e-17    206.06 0 
   210.19 1.7222e-17    211.35 0 
   216.08 1.8711e-17    217.27 0 
   220.10 1.9368e-17    221.31 0 
   223.16 1.9593e-17    224.39 0 
   226.78 2.0281e-17    228.03 0 
   229.94 3.0346e-17    231.21 0 
   234.21 4.9785e-17    235.50 0 
   240.22 5.9854e-17    241.55 0 
   245.82 5.6246e-17    247.17 0 
   252.12 5.8089e-17    253.51 0 
   256.81 4.8205e-17    258.23 0 
   259.78 5.5093e-17    261.22 0 
   264.00 5.6898e-17    265.46 0 
   268.91 5.5988e-17    270.40 0 
   273.91 5.4966e-17    275.42 0 
   279.00 5.3963e-17    280.54 0 
   284.19 5.3100e-17    285.76 0 
   290.14 4.9785e-17    291.74 0 
   296.22 4.9785e-17    297.85 0 
   301.03 4.7984e-17    302.69 0 
   308.04 4.7653e-17    309.74 0 
   318.14 4.7217e-17    319.89 0 
   327.80 4.5719e-17    329.61 0 
   337.76 4.4065e-17    339.63 0 
   348.03 4.2374e-17    349.95 0 
   356.95 4.1600e-17    358.92 0 
   366.11 4.1600e-17    368.13 0 
   374.64 4.0747e-17    376.70 0 
   385.13 3.8468e-17    387.26 0 
   395.01 4.0373e-17    397.19 0 
   405.15 4.1888e-17    407.38 0 
   413.63 4.2179e-17    415.91 0 
   422.29 4.1888e-17    424.62 0 
   430.14 4.1985e-17    432.51 0 
   441.18 4.5404e-17    443.61 0 
   451.45 4.7544e-17    453.94 0 
   459.84 4.7325e-17    462.38 0 
   469.47 5.0014e-17    472.06 0 
   480.41 5.5603e-17    483.06 0 
   490.47 5.4713e-17    493.17 0 
   499.59 6.4579e-17    502.34 0 
   506.54 6.3547e-17    509.33 0 
   512.40 9.3346e-17    515.23 0 
   519.53 9.5961e-17    522.40 0 
   530.41 9.8423e-17    533.33 0 
   540.27 9.3131e-17    543.25 0 
   550.32 1.0095e-16    553.35 0 
   560.55 1.3005e-16    563.64 0 
   569.65 1.5035e-16    572.80 0 
   580.25 1.5635e-16    583.45 0 
   589.67 1.7222e-16    592.93 0 
   600.64 1.6372e-16    603.95 0 
   610.40 1.6869e-16    613.76 0 
   620.31 2.1732e-16    623.73 0 
   630.39 2.2136e-16    633.87 0 
   640.64 2.4951e-16    644.17 0 
   649.55 2.5828e-16    653.13 0 
   658.58 2.5474e-16    662.22 0 
   664.68 2.8780e-16    668.34 0 
   675.48 3.1196e-16    679.20 0 
   684.88 2.9181e-16    688.65 0 
   694.40 3.4681e-16    698.23 0 
   705.69 3.0981e-16    709.58 0 
   715.50 3.9183e-16    719.45 0 
   725.46 4.1124e-16    729.46 0 
   735.55 4.2766e-16    739.61 0 
   745.78 4.3762e-16    749.89 0 
   754.42 4.5300e-16    758.58 0 
   764.91 4.3261e-16    769.13 0 
   775.55 4.9101e-16    779.83 0 
   784.53 4.8094e-16    788.86 0 
   795.45 5.2251e-16    799.83 0 
   804.66 5.4840e-16    809.10 0 
   815.85 5.6767e-16    820.35 0 
   825.30 5.9442e-16    829.85 0 
   834.86 5.0593e-16    839.46 0 
   844.52 6.1958e-16    849.18 0 
   854.30 6.2819e-16    859.01 0 
   864.19 6.6389e-16    868.96 0 
   874.20 6.8564e-16    879.02 0 
   884.32 7.0647e-16    889.20 0 
   894.56 7.2626e-16    899.50 0 
   904.92 7.2962e-16    909.91 0 
   915.40 7.7642e-16    920.45 0 
   926.00 2.3938e-15    931.11 0 
   934.57 4.3762e-15    939.72 0 
   945.39 7.1961e-15    950.60 0 
   954.14 9.3561e-15    959.40 0 
   965.19 1.0619e-14    970.51 0 
   974.12 2.8913e-15    979.49 0 
   985.40 9.3777e-15    990.83 0 
   994.52 9.3777e-15   1000.00 0 
  1006.03 1.2419e-14   1011.58 0 
  1015.34 1.1942e-14   1020.94 0 
  1024.73 6.0687e-15   1030.39 0 
  1034.22 9.2703e-15   1039.92 0 
  1046.19 1.5139e-14   1051.96 0 
  1055.87 1.4794e-14   1061.70 0 
  1065.64 1.2249e-14   1071.52 0 
  1075.50 1.3967e-14   1081.43 0 
  1085.45 1.1617e-14   1091.44 0 
  1095.50 1.4358e-14   1101.54 0 
  1105.63 1.3775e-14   1111.73 0 
  1115.86 1.3369e-14   1122.02 0 
  1126.19 1.2025e-14   1132.40 0 
  1134.00 1.4458e-14   1140.25 0 
  1144.49 1.3338e-14   1150.80 0 
  1155.08 1.3775e-14   1161.45 0 
  1165.77 1.3999e-14   1172.20 0 
  1173.85 1.0025e-14   1180.32 0 
  1184.71 1.3369e-14   1191.24 0 
  1195.67 1.0188e-14   1202.26 0 
  1203.96 8.0555e-15   1210.60 0 
  1215.10 5.5093e-15   1221.80 0 
  1226.34 9.5961e-15   1233.11 0 
  1234.84 1.3065e-14   1241.65 0 
  1246.27 1.4031e-14   1253.14 0 
  1254.91 1.3555e-14   1261.83 0 
  1263.61 1.2165e-14   1270.57 0 
  1275.30 1.4591e-14   1282.33 0 
  1284.14 1.5035e-14   1291.22 0 
  1296.02 1.2563e-14   1303.17 0 
  1305.00 1.2419e-14   1312.20 0 
  1314.05 1.4625e-14   1321.30 0 
  1326.21 1.3999e-14   1333.52 0 
  1335.40 1.2767e-14   1342.77 0 
  1344.66 1.4358e-14   1352.07 0 
  1353.98 1.3935e-14   1361.44 0 
  1366.51 1.2738e-14   1374.04 0 
  1375.98 1.3034e-14   1383.57 0 
  1385.52 1.3065e-14   1393.16 0 
  1395.12 1.1069e-14   1402.81 0 
  1404.79 1.1197e-14   1412.54 0 
  1414.53 1.2137e-14   1422.33 0 
  1424.33 1.2137e-14   1432.19 0 
  1434.21 1.2165e-14   1442.12 0 
  1440.83 1.2592e-14   1448.77 0 
  1447.48 1.2679e-14   1455.46 0 
  1454.16 1.2305e-14   1462.18 0 
  1464.24 1.1537e-14   1472.31 0 
  1474.39 1.1484e-14   1482.52 0 
  1484.61 1.1564e-14   1492.79 0 
  1494.90 1.1617e-14   1503.14 0 
  1505.26 1.1069e-14   1513.56 0 
  1512.21 1.0095e-14   1520.55 0 
  1515.69 1.0570e-14   1524.05 0 
  1526.20 1.0330e-14   1534.62 0 
  1533.24 9.1011e-15   1541.70 0 
  1543.87 9.2917e-15   1552.39 0 
  1554.57 8.9144e-15   1563.15 0 
  1565.35 9.2917e-15   1573.98 0 
  1576.20 9.7970e-15   1584.89 0 
  1583.48 1.0095e-14   1592.21 0 
  1594.45 1.0212e-14   1603.25 0 
  1605.50 9.9105e-15   1614.36 0 
  1616.63 9.8423e-15   1625.55 0 
  1624.10 9.4644e-15   1633.05 0 
  1635.35 9.8877e-15   1644.37 0 
  1646.69 9.9105e-15   1655.77 0 
  1654.29 9.3993e-15   1663.41 0 
  1665.76 9.9562e-15   1674.94 0 
  1673.45 9.0593e-15   1682.67 0 
  1677.30 1.0048e-14   1686.55 0 
  1685.05 1.0212e-14   1694.34 0 
  1696.73 9.6849e-15   1706.08 0 
  1704.56 9.3561e-15   1713.96 0 
  1716.37 8.9144e-15   1725.84 0 
  1724.29 8.8124e-15   1733.80 0 
  1736.25 9.2490e-15   1745.82 0 
  1744.26 9.0177e-15   1753.88 0 
  1756.35 9.3777e-15   1766.04 0 
  1764.46 8.7719e-15   1774.19 0 
  1776.69 8.8531e-15   1786.49 0 
  1784.89 8.9350e-15   1794.73 0 
  1793.13 9.2917e-15   1803.02 0 
  1805.56 9.2065e-15   1815.52 0 
  1813.89 8.6118e-15   1823.90 0 
  1826.47 8.7115e-15   1836.54 0 
  1834.90 8.4352e-15   1845.02 0 
  1843.36 7.8360e-15   1853.53 0 
  1856.14 7.8360e-15   1866.38 0 
  1864.71 7.9817e-15   1874.99 0 
  1873.32 8.3964e-15   1883.65 0 
  1886.30 7.8000e-15   1896.71 0 
  1895.01 7.4833e-15   1905.46 0 
  1903.76 7.8541e-15   1914.26 0 
  1916.95 7.5700e-15   1927.53 0 
  1925.80 7.3467e-15   1936.42 0 
  1934.69 7.5526e-15   1945.36 0 
  1943.62 7.8000e-15   1954.34 0 
  1957.09 7.2962e-15   1967.89 0 
  1966.13 7.8000e-15   1976.97 0 
  1975.20 7.9633e-15   1986.10 0 
  1984.32 7.5700e-15   1995.26 0 
  1993.48 7.3637e-15   2004.47 0 
  2007.30 7.5006e-15   2018.37 0 
  2016.56 7.3130e-15   2027.68 0 
  2025.87 7.5179e-15   2037.04 0 
  2035.22 7.1630e-15   2046.45 0 
  2044.61 7.3130e-15   2055.89 0 
  2054.05 6.7779e-15   2065.38 0 
  2063.53 6.9039e-15   2074.91 0 
  2073.06 7.3977e-15   2084.49 0 
  2077.84 7.0810e-15   2089.30 0 
  2082.63 7.2626e-15   2094.11 0 
  2097.06 6.9198e-15   2108.63 0 
  2106.74 6.9678e-15   2118.36 0 
  2116.47 6.9999e-15   2128.14 0 
  2126.24 7.0323e-15   2137.96 0 
  2136.05 6.6695e-15   2147.83 0 
  2145.91 6.7158e-15   2157.74 0 
  2155.81 6.8880e-15   2167.70 0 
  2165.77 6.6695e-15   2177.71 0 
  2175.76 6.6236e-15   2187.76 0 
  2185.81 6.5027e-15   2197.86 0 
  2195.89 6.7003e-15   2208.01 0 
  2206.03 6.5327e-15   2218.20 0 
  2216.21 6.2819e-15   2228.44 0 
  2226.44 6.1248e-15   2238.72 0 
  2236.72 6.3693e-15   2249.05 0 
  2247.04 6.1531e-15   2259.44 0 
  2257.41 5.9442e-15   2269.86 0 
  2262.62 6.0130e-15   2275.10 0 
  2273.06 6.0827e-15   2285.60 0 
  2283.56 6.1531e-15   2296.15 0 
  2294.09 5.8397e-15   2306.75 0 
  2304.68 5.8731e-15   2317.39 0 
  2315.32 5.6799e-15   2328.09 0 
  2326.01 4.8063e-15   2338.84 0 
  2336.75 5.3739e-15   2349.63 0 
  2347.53 5.2332e-15   2360.48 0 
  2352.94 5.4829e-15   2365.92 0 
  2363.80 5.1700e-15   2376.84 0 
  2374.71 5.2478e-15   2387.81 0 
  2385.68 4.9483e-15   2398.83 0 
  2396.69 5.1516e-15   2409.91 0 
  2407.75 5.0053e-15   2421.03 0 
  2413.30 5.0545e-15   2426.61 0 
  2424.44 5.2380e-15   2437.81 0 
  2435.63 5.0660e-15   2449.06 0 
  2446.87 5.2379e-15   2460.37 0 
  2452.51 5.1690e-15   2466.04 0 
  2463.83 5.1156e-15   2477.42 0 
  2475.21 4.9705e-15   2488.86 0 
  2486.63 5.0107e-15   2500.35 0 
  2492.36 4.6041e-15   2506.11 0 
  2503.87 5.1127e-15   2517.68 0 
  2515.43 4.6898e-15   2529.30 0 
  2527.04 4.6630e-15   2540.97 0 
  2532.86 4.6872e-15   2546.83 0 
  2544.55 4.6177e-15   2558.59 0 
  2556.30 4.8299e-15   2570.40 0 
  2562.19 4.7227e-15   2576.32 0 
  2574.02 4.8945e-15   2588.21 0 
  2585.90 4.8330e-15   2600.16 0 
  2597.83 4.7724e-15   2612.16 0 
  2603.82 4.6344e-15   2618.18 0 
  2615.84 4.5763e-15   2630.27 0 
  2627.92 4.6993e-15   2642.41 0 
  2633.97 4.7896e-15   2648.50 0 
  2646.13 5.0445e-15   2660.72 0 
  2652.23 5.1060e-15   2666.86 0 
  2664.47 4.7491e-15   2679.17 0 
  2676.77 4.8768e-15   2691.54 0 
  2682.94 4.8798e-15   2697.74 0 
  2695.33 4.6766e-15   2710.19 0 
  2707.77 4.7475e-15   2722.70 0 
  2714.01 4.5576e-15   2728.98 0 
  2726.54 4.5213e-15   2741.57 0 
  2732.82 4.6509e-15   2747.89 0 
  2745.44 4.2274e-15   2760.58 0 
  2758.11 4.2915e-15   2773.32 0 
  2764.47 4.3942e-15   2779.71 0 
  2777.23 4.5126e-15   2792.54 0 
  2783.63 4.3122e-15   2798.98 0 
  2796.48 3.7260e-15   2811.90 0 
  2802.93 3.8951e-15   2818.38 0 
  2815.86 4.4164e-15   2831.39 0 
  2822.35 4.5430e-15   2837.92 0 
  2835.38 4.3943e-15   2851.02 0 
  2841.92 4.2970e-15   2857.59 0 
  2855.03 4.1564e-15   2870.78 0 
  2868.21 4.4389e-15   2884.03 0 
  2874.83 4.4418e-15   2890.68 0 
  2888.10 4.4169e-15   2904.02 0 
  2894.75 4.3994e-15   2910.72 0 
  2908.11 4.6340e-15   2924.15 0 
  2928.27 4.4751e-15   2944.42 0 
  2948.57 4.3818e-15   2964.83 0 
  2969.01 4.4106e-15   2985.38 0 
  2989.59 4.3788e-15   3006.08 0 
  3010.31 4.3774e-15   3026.91 0 
  3031.18 4.3660e-15   3047.89 0 
  3052.19 4.3447e-15   3069.02 0 
  3073.35 4.3334e-15   3090.30 0 
  3087.53 4.3094e-15   3104.56 0 
  3108.93 4.3082e-15   3126.08 0 
  3130.48 4.2285e-15   3147.75 0 
  3152.18 4.2177e-15   3169.57 0 
  3166.73 4.2138e-15   3184.20 0 
  3188.68 4.0232e-15   3206.27 0 
  3210.79 4.1065e-15   3228.49 0 
  3233.04 3.9480e-15   3250.87 0 
  3247.97 4.1303e-15   3265.88 0 
  3270.48 4.2257e-15   3288.52 0 
  3293.15 4.1862e-15   3311.31 0 
  3308.35 4.1346e-15   3326.60 0 
  3323.62 4.1404e-15   3341.95 0 
  3331.28 4.1625e-15   3349.66 0 
  3338.96 3.9506e-15   3357.38 0 
  3346.66 4.1493e-15   3365.12 0 
  3354.37 4.0021e-15   3372.87 0 
  3362.11 3.8868e-15   3380.65 0 
  3369.86 3.9802e-15   3388.44 0 
  3377.62 3.8656e-15   3396.25 0 
  3385.41 3.9676e-15   3404.08 0 
  3393.22 4.1100e-15   3411.93 0 
  3401.04 4.2871e-15   3419.79 0 
  3408.88 3.9671e-15   3427.68 0 
  3416.74 3.9791e-15   3435.58 0 
  3424.61 4.1697e-15   3443.50 0 
  3432.51 4.2699e-15   3451.44 0 
  3440.42 4.1090e-15   3459.39 0 
  3448.35 3.8730e-15   3467.37 0 
  3456.30 3.8937e-15   3475.36 0 
  3464.27 3.7470e-15   3483.37 0 
  3472.25 4.0179e-15   3491.40 0 
  3480.26 3.7785e-15   3499.45 0 
  3488.28 3.9322e-15   3507.52 0 
  3496.32 3.8811e-15   3515.60 0 
  3504.38 3.9562e-15   3523.71 0 
  3512.46 3.8779e-15   3531.83 0 
  3520.56 3.9987e-15   3539.97 0 
  3528.67 3.7089e-15   3548.13 0 
  3536.81 3.9679e-15   3556.31 0 
  3544.96 4.0540e-15   3564.51 0 
  3553.13 4.0852e-15   3572.73 0 
  3561.32 4.0136e-15   3580.96 0 
  3569.53 3.7313e-15   3589.22 0 
  3577.76 3.6828e-15   3597.49 0 
  3586.01 3.5116e-15   3605.79 0 
  3594.28 3.7310e-15   3614.10 0 
  3602.56 3.9917e-15   3622.43 0 
  3610.87 3.7539e-15   3630.78 0 
  3619.19 3.8977e-15   3639.15 0 
  3627.53 4.0284e-15   3647.54 0 
  3635.90 3.7451e-15   3655.95 0 
  3644.28 4.0719e-15   3664.37 0 
  3652.68 3.8293e-15   3672.82 0 
  3661.10 4.2020e-15   3681.29 0 
  3669.54 4.1000e-15   3689.78 0 
  3669.76 4.1981e-15   3690.00 1 
  3672.50 3.6040e-15   3692.75 1 
  3675.23 4.3502e-15   3695.50 1 
  3677.97 3.7204e-15   3698.25 1 
  3680.70 3.4370e-15   3701.00 1 
  3683.44 3.4226e-15   3703.75 1 
  3686.17 3.6961e-15   3706.50 1 
  3688.91 3.7090e-15   3709.25 1 
  3691.64 3.0323e-15   3712.00 1 
  3694.38 2.7940e-15   3714.75 1 
  3697.11 3.7005e-15   3717.50 1 
  3699.85 3.7026e-15   3720.25 1 
  3702.58 4.0767e-15   3723.00 1 
  3705.32 4.4593e-15   3725.75 1 
  3708.05 4.2789e-15   3728.50 1 
  3710.79 4.6857e-15   3731.25 1 
  3713.52 4.7846e-15   3734.00 1 
  3716.25 4.5117e-15   3736.75 1 
  3718.99 6.9918e-15   3739.50 1 
  3721.72 1.4507e-14   3742.25 1 
  3724.46 2.4877e-14   3745.00 1 
  3727.19 3.2166e-14   3747.75 1 
  3729.93 2.7489e-14   3750.50 1 
  3732.66 1.7084e-14   3753.25 1 
  3735.40 7.9745e-15   3756.00 1 
  3738.13 4.8507e-15   3758.75 1 
  3740.87 3.7480e-15   3761.50 1 
  3743.60 4.1595e-15   3764.25 1 
  3746.34 3.2071e-15   3767.00 1 
  3749.07 3.7279e-15   3769.75 1 
  3751.81 3.4922e-15   3772.50 1 
  3754.54 4.0786e-15   3775.25 1 
  3757.28 4.4384e-15   3778.00 1 
  3760.01 4.5381e-15   3780.75 1 
  3762.75 3.6078e-15   3783.50 1 
  3765.48 4.0044e-15   3786.25 1 
  3768.22 3.7388e-15   3789.00 1 
  3770.95 4.3050e-15   3791.75 1 
  3773.69 4.4193e-15   3794.50 1 
  3776.42 3.8019e-15   3797.25 1 
  3779.16 4.5111e-15   3800.00 1 
  3781.89 4.0359e-15   3802.75 1 
  3784.63 4.5718e-15   3805.50 1 
  3787.36 5.1397e-15   3808.25 1 
  3790.10 5.1437e-15   3811.00 1 
  3792.83 4.4716e-15   3813.75 1 
  3795.57 4.5884e-15   3816.50 1 
  3798.30 4.5347e-15   3819.25 1 
  3801.04 4.1292e-15   3822.00 1 
  3803.77 4.4045e-15   3824.75 1 
  3806.51 5.4198e-15   3827.50 1 
  3809.24 4.7647e-15   3830.25 1 
  3811.98 5.0251e-15   3833.00 1 
  3814.71 4.4633e-15   3835.75 1 
  3817.45 4.2398e-15   3838.50 1 
  3820.18 4.7126e-15   3841.25 1 
  3822.92 5.1301e-15   3844.00 1 
  3825.65 4.6260e-15   3846.75 1 
  3828.39 4.0732e-15   3849.50 1 
  3831.12 4.0259e-15   3852.25 1 
  3833.86 4.0906e-15   3855.00 1 
  3836.59 4.2463e-15   3857.75 1 
  3839.33 3.5870e-15   3860.50 1 
  3842.06 3.6645e-15   3863.25 1 
  3844.80 4.7020e-15   3866.00 1 
  3847.53 4.7135e-15   3868.75 1 
  3850.27 5.2318e-15   3871.50 1 
  3853.00 4.4619e-15   3874.25 1 
  3855.74 4.9020e-15   3877.00 1 
  3858.47 5.8332e-15   3879.75 1 
  3861.21 6.3584e-15   3882.50 1 
  3863.94 5.3471e-15   3885.25 1 
  3866.68 6.1972e-15   3888.00 1 
  3869.41 6.3860e-15   3890.75 1 
  3872.15 5.9315e-15   3893.50 1 
  3874.88 5.2946e-15   3896.25 1 
  3877.61 4.8937e-15   3899.00 1 
  3880.35 3.9097e-15   3901.75 1 
  3883.08 3.9724e-15   3904.50 1 
  3885.82 4.7723e-15   3907.25 1 
  3888.55 4.8000e-15   3910.00 1 
  3891.29 4.1620e-15   3912.75 1 
  3894.02 3.9752e-15   3915.50 1 
  3896.76 4.1735e-15   3918.25 1 
  3899.49 3.9591e-15   3921.00 1 
  3902.23 4.8050e-15   3923.75 1 
  3904.96 4.9132e-15   3926.50 1 
  3907.70 4.8267e-15   3929.25 1 
  3910.43 4.7072e-15   3932.00 1 
  3913.17 5.1552e-15   3934.75 1 
  3915.90 5.0037e-15   3937.50 1 
  3918.64 4.3702e-15   3940.25 1 
  3921.37 4.7383e-15   3943.00 1 
  3924.11 4.2790e-15   3945.75 1 
  3926.84 4.2552e-15   3948.50 1 
  3929.58 3.7960e-15   3951.25 1 
  3932.31 3.2370e-15   3954.00 1 
  3935.05 3.3893e-15   3956.75 1 
  3937.78 4.0863e-15   3959.50 1 
  3940.52 4.3126e-15   3962.25 1 
  3943.25 3.6424e-15   3965.00 1 
  3945.99 4.7730e-15   3967.75 1 
  3948.72 5.6916e-15   3970.50 1 
  3951.46 4.9476e-15   3973.25 1 
  3954.19 4.9740e-15   3976.00 1 
  3956.93 4.9897e-15   3978.75 1 
  3959.66 3.8691e-15   3981.50 1 
  3962.40 4.7344e-15   3984.25 1 
  3965.13 4.1542e-15   3987.00 1 
  3967.87 4.6178e-15   3989.75 1 
  3970.60 4.5575e-15   3992.50 1 
  3973.34 4.3678e-15   3995.25 1 
  3976.07 4.0475e-15   3998.00 1 
  3978.81 4.2203e-15   4000.75 1 
  3981.54 4.4014e-15   4003.50 1 
  3984.28 4.3759e-15   4006.25 1 
  3987.01 4.6940e-15   4009.00 1 
  3989.75 4.2057e-15   4011.75 1 
  3992.48 5.2550e-15   4014.50 1 
  3995.22 5.3009e-15   4017.25 1 
  3997.95 4.9757e-15   4020.00 1 
  4000.69 5.3930e-15   4022.75 1 
  4003.42 5.0968e-15   4025.50 1 
  4006.16 4.4853e-15   4028.25 1 
  4008.89 5.0564e-15   4031.00 1 
  4011.63 5.5684e-15   4033.75 1 
  4014.36 5.4227e-15   4036.50 1 
  4017.10 4.7990e-15   4039.25 1 
  4019.83 4.8293e-15   4042.00 1 
  4022.57 5.2105e-15   4044.75 1 
  4025.30 5.6041e-15   4047.50 1 
  4028.04 4.9990e-15   4050.25 1 
  4030.77 4.4780e-15   4053.00 1 
  4033.51 4.7787e-15   4055.75 1 
  4036.24 4.8961e-15   4058.50 1 
  4038.98 5.2749e-15   4061.25 1 
  4041.71 5.0657e-15   4064.00 1 
  4044.44 5.3671e-15   4066.75 1 
  4047.18 5.0956e-15   4069.50 1 
  4049.91 4.7923e-15   4072.25 1 
  4052.65 4.9169e-15   4075.00 1 
  4055.38 4.6154e-15   4077.75 1 
  4058.12 4.3268e-15   4080.50 1 
  4060.85 4.8508e-15   4083.25 1 
  4063.59 5.3728e-15   4086.00 1 
  4066.32 5.2849e-15   4088.75 1 
  4069.06 5.1522e-15   4091.50 1 
  4071.79 5.0654e-15   4094.25 1 
  4074.53 5.0648e-15   4097.00 1 
  4077.26 5.0908e-15   4099.75 1 
  4080.00 5.2316e-15   4102.50 1 
  4082.73 5.1693e-15   4105.25 1 
  4085.47 5.1797e-15   4108.00 1 
  4088.20 4.8304e-15   4110.75 1 
  4090.94 4.6249e-15   4113.50 1 
  4093.67 4.7158e-15   4116.25 1 
  4096.41 5.0179e-15   4119.00 1 
  4099.14 5.5794e-15   4121.75 1 
  4101.88 6.1585e-15   4124.50 1 
  4104.61 5.6983e-15   4127.25 1 
  4107.35 4.8289e-15   4130.00 1 
  4110.08 4.4765e-15   4132.75 1 
  4112.82 4.6754e-15   4135.50 1 
  4115.55 5.1544e-15   4138.25 1 
  4118.29 5.2298e-15   4141.00 1 
  4121.02 4.4573e-15   4143.75 1 
  4123.76 4.3444e-15   4146.50 1 
  4126.49 4.6525e-15   4149.25 1 
  4129.23 5.4325e-15   4152.00 1 
  4131.96 4.9841e-15   4154.75 1 
  4134.70 4.7336e-15   4157.50 1 
  4137.43 4.6859e-15   4160.25 1 
  4140.17 4.4158e-15   4163.00 1 
  4142.90 4.4628e-15   4165.75 1 
  4145.64 4.8587e-15   4168.50 1 
  4148.37 4.9612e-15   4171.25 1 
  4151.11 4.8452e-15   4174.00 1 
  4153.84 4.8710e-15   4176.75 1 
  4156.58 4.8732e-15   4179.50 1 
  4159.31 5.1318e-15   4182.25 1 
  4162.05 5.0343e-15   4185.00 1 
  4164.78 4.9878e-15   4187.75 1 
  4167.52 4.9103e-15   4190.50 1 
  4170.25 4.8378e-15   4193.25 1 
  4172.99 4.7249e-15   4196.00 1 
  4175.72 4.8288e-15   4198.75 1 
  4178.46 5.0691e-15   4201.50 1 
  4181.19 5.0176e-15   4204.25 1 
  4183.93 4.7183e-15   4207.00 1 
  4186.66 4.7186e-15   4209.75 1 
  4189.40 4.8471e-15   4212.50 1 
  4192.13 4.9523e-15   4215.25 1 
  4194.87 5.2924e-15   4218.00 1 
  4197.60 5.2855e-15   4220.75 1 
  4200.34 5.1190e-15   4223.50 1 
  4203.07 5.1522e-15   4226.25 1 
  4205.80 4.8937e-15   4229.00 1 
  4208.54 4.9418e-15   4231.75 1 
  4211.27 4.7351e-15   4234.50 1 
  4214.01 4.7489e-15   4237.25 1 
  4216.74 5.0053e-15   4240.00 1 
  4219.48 4.8225e-15   4242.75 1 
  4222.21 4.6985e-15   4245.50 1 
  4224.95 4.6463e-15   4248.25 1 
  4227.68 4.9617e-15   4251.00 1 
  4230.42 4.8161e-15   4253.75 1 
  4233.15 4.7594e-15   4256.50 1 
  4235.89 5.0440e-15   4259.25 1 
  4238.62 4.7977e-15   4262.00 1 
  4241.36 4.8794e-15   4264.75 1 
  4244.09 5.1183e-15   4267.50 1 
  4246.83 4.7990e-15   4270.25 1 
  4249.56 4.7884e-15   4273.00 1 
  4252.30 4.9756e-15   4275.75 1 
  4255.03 5.0318e-15   4278.50 1 
  4257.77 4.7696e-15   4281.25 1 
  4260.50 4.5504e-15   4284.00 1 
  4263.24 4.4031e-15   4286.75 1 
  4265.97 4.4446e-15   4289.50 1 
  4268.71 4.6418e-15   4292.25 1 
  4271.44 4.7722e-15   4295.00 1 
  4274.18 4.8647e-15   4297.75 1 
  4276.91 4.5287e-15   4300.50 1 
  4279.65 4.9285e-15   4303.25 1 
  4282.38 4.8838e-15   4306.00 1 
  4285.12 4.5048e-15   4308.75 1 
  4287.85 4.6567e-15   4311.50 1 
  4290.59 4.4400e-15   4314.25 1 
  4293.32 4.1083e-15   4317.00 1 
  4296.06 4.2852e-15   4319.75 1 
  4298.79 4.2445e-15   4322.50 1 
  4301.53 3.8643e-15   4325.25 1 
  4304.26 4.1728e-15   4328.00 1 
  4307.00 4.4402e-15   4330.75 1 
  4309.73 3.9667e-15   4333.50 1 
  4312.47 4.1646e-15   4336.25 1 
  4315.20 4.4175e-15   4339.00 1 
  4317.94 4.5471e-15   4341.75 1 
  4320.67 4.5748e-15   4344.50 1 
  4323.41 4.0329e-15   4347.25 1 
  4326.14 4.2834e-15   4350.00 1 
  4328.88 3.4727e-15   4352.75 1 
  4331.61 4.1482e-15   4355.50 1 
  4334.35 5.0188e-15   4358.25 1 
  4337.08 6.3590e-15   4361.00 1 
  4339.82 7.3438e-15   4363.75 1 
  4342.55 7.2505e-15   4366.50 1 
  4345.29 6.0862e-15   4369.25 1 
  4348.02 5.1694e-15   4372.00 1 
  4350.76 4.5764e-15   4374.75 1 
  4353.49 4.6232e-15   4377.50 1 
  4356.23 4.4765e-15   4380.25 1 
  4358.96 4.5221e-15   4383.00 1 
  4361.70 4.8459e-15   4385.75 1 
  4364.43 4.9823e-15   4388.50 1 
  4367.17 4.5287e-15   4391.25 1 
  4369.90 4.5786e-15   4394.00 1 
  4372.63 4.7045e-15   4396.75 1 
  4375.37 4.4580e-15   4399.50 1 
  4378.10 4.3924e-15   4402.25 1 
  4380.84 4.3740e-15   4405.00 1 
  4383.57 4.2069e-15   4407.75 1 
  4386.31 4.2092e-15   4410.50 1 
  4389.04 4.5374e-15   4413.25 1 
  4391.78 4.3172e-15   4416.00 1 
  4394.51 4.2226e-15   4418.75 1 
  4397.25 3.8691e-15   4421.50 1 
  4399.98 4.6391e-15   4424.25 1 
  4402.72 4.4473e-15   4427.00 1 
  4405.45 3.9826e-15   4429.75 1 
  4408.19 4.6048e-15   4432.50 1 
  4410.92 4.5591e-15   4435.25 1 
  4413.66 4.8035e-15   4438.00 1 
  4416.39 4.3220e-15   4440.75 1 
  4419.13 4.6071e-15   4443.50 1 
  4421.86 4.6967e-15   4446.25 1 
  4424.60 4.7401e-15   4449.00 1 
  4427.33 4.3419e-15   4451.75 1 
  4430.07 4.3109e-15   4454.50 1 
  4432.80 4.2725e-15   4457.25 1 
  4435.54 4.2580e-15   4460.00 1 
  4438.27 4.6917e-15   4462.75 1 
  4441.01 4.2902e-15   4465.50 1 
  4443.74 4.7070e-15   4468.25 1 
  4446.48 4.3738e-15   4471.00 1 
  4449.21 4.4440e-15   4473.75 1 
  4451.95 5.0442e-15   4476.50 1 
  4454.68 4.4919e-15   4479.25 1 
  4457.42 4.3542e-15   4482.00 1 
  4460.15 4.4442e-15   4484.75 1 
  4462.89 4.7370e-15   4487.50 1 
  4465.62 4.6070e-15   4490.25 1 
  4468.36 5.1675e-15   4493.00 1 
  4471.09 4.9189e-15   4495.75 1 
  4473.83 4.8891e-15   4498.50 1 
  4476.56 5.0668e-15   4501.25 1 
  4479.30 4.1893e-15   4504.00 1 
  4482.03 4.8888e-15   4506.75 1 
  4484.77 4.4775e-15   4509.50 1 
  4487.50 4.8288e-15   4512.25 1 
  4490.24 4.7258e-15   4515.00 1 
  4492.97 4.8689e-15   4517.75 1 
  4495.71 5.0673e-15   4520.50 1 
  4498.44 5.1020e-15   4523.25 1 
  4501.18 4.5223e-15   4526.00 1 
  4503.91 4.8536e-15   4528.75 1 
  4506.65 4.8118e-15   4531.50 1 
  4509.38 4.8572e-15   4534.25 1 
  4512.12 4.6149e-15   4537.00 1 
  4514.85 4.8030e-15   4539.75 1 
  4517.59 4.4629e-15   4542.50 1 
  4520.32 4.9003e-15   4545.25 1 
  4523.06 4.5577e-15   4548.00 1 
  4525.79 4.6275e-15   4550.75 1 
  4528.53 4.6706e-15   4553.50 1 
  4531.26 4.4139e-15   4556.25 1 
  4534.00 4.2031e-15   4559.00 1 
  4536.73 4.3814e-15   4561.75 1 
  4539.46 4.2838e-15   4564.50 1 
  4542.20 4.3111e-15   4567.25 1 
  4544.93 4.6197e-15   4570.00 1 
  4547.67 4.1021e-15   4572.75 1 
  4550.40 4.5273e-15   4575.50 1 
  4553.14 4.3426e-15   4578.25 1 
  4555.87 4.8434e-15   4581.00 1 
  4558.61 4.7897e-15   4583.75 1 
  4561.34 4.4913e-15   4586.50 1 
  4564.08 4.1119e-15   4589.25 1 
  4566.81 4.8128e-15   4592.00 1 
  4569.55 4.4535e-15   4594.75 1 
  4572.28 4.4111e-15   4597.50 1 
  4575.02 4.5520e-15   4600.25 1 
  4577.75 4.2926e-15   4603.00 1 
  4580.49 4.4068e-15   4605.75 1 
  4583.22 4.2597e-15   4608.50 1 
  4585.96 4.7292e-15   4611.25 1 
  4588.69 4.3252e-15   4614.00 1 
  4591.43 4.7916e-15   4616.75 1 
  4594.16 5.0681e-15   4619.50 1 
  4596.90 4.7612e-15   4622.25 1 
  4599.63 4.3602e-15   4625.00 1 
  4602.37 4.6676e-15   4627.75 1 
  4605.10 4.7619e-15   4630.50 1 
  4607.84 4.5048e-15   4633.25 1 
  4610.57 4.6337e-15   4636.00 1 
  4613.31 5.0848e-15   4638.75 1 
  4616.04 4.6362e-15   4641.50 1 
  4618.78 4.3118e-15   4644.25 1 
  4621.51 4.6844e-15   4647.00 1 
  4624.25 4.6297e-15   4649.75 1 
  4626.98 4.7510e-15   4652.50 1 
  4629.72 4.7757e-15   4655.25 1 
  4632.45 4.4589e-15   4658.00 1 
  4635.19 4.2639e-15   4660.75 1 
  4637.92 4.5283e-15   4663.50 1 
  4640.66 4.6842e-15   4666.25 1 
  4643.39 4.5560e-15   4669.00 1 
  4646.13 4.6375e-15   4671.75 1 
  4648.86 4.5480e-15   4674.50 1 
  4651.60 4.8656e-15   4677.25 1 
  4654.33 4.3518e-15   4680.00 1 
  4657.07 4.6244e-15   4682.75 1 
  4659.80 4.7203e-15   4685.50 1 
  4662.54 4.6547e-15   4688.25 1 
  4665.27 4.5266e-15   4691.00 1 
  4668.01 4.2738e-15   4693.75 1 
  4670.74 4.2278e-15   4696.50 1 
  4673.48 4.4865e-15   4699.25 1 
  4676.21 4.6417e-15   4702.00 1 
  4678.95 4.4264e-15   4704.75 1 
  4681.68 4.2456e-15   4707.50 1 
  4684.42 4.3789e-15   4710.25 1 
  4687.15 4.3288e-15   4713.00 1 
  4689.89 4.2781e-15   4715.75 1 
  4692.62 4.2991e-15   4718.50 1 
  4695.36 4.3983e-15   4721.25 1 
  4698.09 4.6856e-15   4724.00 1 
  4700.82 4.4955e-15   4726.75 1 
  4703.56 4.4724e-15   4729.50 1 
  4706.29 4.3539e-15   4732.25 1 
  4709.03 4.4090e-15   4735.00 1 
  4711.76 4.6644e-15   4737.75 1 
  4714.50 4.4030e-15   4740.50 1 
  4717.23 4.4751e-15   4743.25 1 
  4719.97 4.5715e-15   4746.00 1 
  4722.70 4.7801e-15   4748.75 1 
  4725.44 4.8260e-15   4751.50 1 
  4728.17 4.5820e-15   4754.25 1 
  4730.91 4.7263e-15   4757.00 1 
  4733.64 4.3149e-15   4759.75 1 
  4736.38 4.5156e-15   4762.50 1 
  4739.11 4.5030e-15   4765.25 1 
  4741.85 4.5945e-15   4768.00 1 
  4744.58 4.6231e-15   4770.75 1 
  4747.32 4.3553e-15   4773.50 1 
  4750.05 4.4197e-15   4776.25 1 
  4752.79 4.4817e-15   4779.00 1 
  4755.52 4.5540e-15   4781.75 1 
  4758.26 4.5017e-15   4784.50 1 
  4760.99 4.3870e-15   4787.25 1 
  4763.73 4.2129e-15   4790.00 1 
  4766.46 4.5265e-15   4792.75 1 
  4769.20 4.1693e-15   4795.50 1 
  4771.93 4.3936e-15   4798.25 1 
  4774.67 4.4356e-15   4801.00 1 
  4777.40 4.6684e-15   4803.75 1 
  4780.14 4.6559e-15   4806.50 1 
  4782.87 4.4781e-15   4809.25 1 
  4785.61 4.0684e-15   4812.00 1 
  4788.34 4.2747e-15   4814.75 1 
  4791.08 4.2876e-15   4817.50 1 
  4793.81 4.6609e-15   4820.25 1 
  4796.55 4.5508e-15   4823.00 1 
  4799.28 4.5044e-15   4825.75 1 
  4802.02 4.4785e-15   4828.50 1 
  4804.75 4.1695e-15   4831.25 1 
  4807.49 4.4306e-15   4834.00 1 
  4810.22 4.5478e-15   4836.75 1 
  4812.96 4.7774e-15   4839.50 1 
  4815.69 4.7122e-15   4842.25 1 
  4818.43 4.3756e-15   4845.00 1 
  4821.16 4.3135e-15   4847.75 1 
  4823.90 4.6477e-15   4850.50 1 
  4826.63 4.6250e-15   4853.25 1 
  4829.37 4.4235e-15   4856.00 1 
  4832.10 4.4779e-15   4858.75 1 
  4834.84 4.4912e-15   4861.50 1 
  4837.57 4.4878e-15   4864.25 1 
  4840.31 4.2410e-15   4867.00 1 
  4843.04 4.4470e-15   4869.75 1 
  4845.78 4.2730e-15   4872.50 1 
  4848.51 4.6335e-15   4875.25 1 
  4851.25 4.2645e-15   4878.00 1 
  4853.98 4.9172e-15   4880.75 1 
  4856.72 8.0998e-15   4883.50 1 
  4859.45 1.1746e-14   4886.25 1 
  4862.19 1.3299e-14   4889.00 1 
  4864.92 1.0389e-14   4891.75 1 
  4867.65 6.7769e-15   4894.50 1 
  4870.39 4.7688e-15   4897.25 1 
  4873.12 4.2071e-15   4900.00 1 
  4875.86 3.8931e-15   4902.75 1 
  4878.59 4.0292e-15   4905.50 1 
  4881.33 4.3764e-15   4908.25 1 
  4884.06 3.9078e-15   4911.00 1 
  4886.80 4.2981e-15   4913.75 1 
  4889.53 4.2721e-15   4916.50 1 
  4892.27 4.0598e-15   4919.25 1 
  4895.00 4.1436e-15   4922.00 1 
  4897.74 4.1961e-15   4924.75 1 
  4900.47 4.2252e-15   4927.50 1 
  4903.21 4.5175e-15   4930.25 1 
  4905.94 4.6116e-15   4933.00 1 
  4908.68 4.5198e-15   4935.75 1 
  4911.41 4.7761e-15   4938.50 1 
  4914.15 4.2419e-15   4941.25 1 
  4916.88 4.2178e-15   4944.00 1 
  4919.62 4.2426e-15   4946.75 1 
  4922.35 4.0299e-15   4949.50 1 
  4925.09 3.8231e-15   4952.25 1 
  4927.82 3.9564e-15   4955.00 1 
  4930.56 4.1591e-15   4957.75 1 
  4933.29 4.1318e-15   4960.50 1 
  4936.03 4.3780e-15   4963.25 1 
  4938.76 4.2887e-15   4966.00 1 
  4941.50 4.1821e-15   4968.75 1 
  4944.23 4.1608e-15   4971.50 1 
  4946.97 4.6326e-15   4974.25 1 
  4949.70 4.9556e-15   4977.00 1 
  4952.44 6.1086e-15   4979.75 1 
  4955.17 9.2755e-15   4982.50 1 
  4957.91 1.2415e-14   4985.25 1 
  4960.64 1.2354e-14   4988.00 1 
  4963.38 9.2392e-15   4990.75 1 
  4966.11 6.0158e-15   4993.50 1 
  4968.85 4.8617e-15   4996.25 1 
  4971.58 4.5073e-15   4999.00 1 
  4974.32 4.2911e-15   5001.75 1 
  4977.05 4.2656e-15   5004.50 1 
  4979.79 4.1215e-15   5007.25 1 
  4982.52 4.2996e-15   5010.00 1 
  4985.26 4.5146e-15   5012.75 1 
  4987.99 4.5425e-15   5015.50 1 
  4990.73 4.4915e-15   5018.25 1 
  4993.46 4.6471e-15   5021.00 1 
  4996.20 4.6517e-15   5023.75 1 
  4998.93 6.3649e-15   5026.50 1 
  5001.67 1.3071e-14   5029.25 1 
  5004.40 2.3884e-14   5032.00 1 
  5007.14 2.9790e-14   5034.75 1 
  5009.87 2.4481e-14   5037.50 1 
  5012.61 1.3943e-14   5040.25 1 
  5015.34 7.1887e-15   5043.00 1 
  5018.08 4.8283e-15   5045.75 1 
  5020.81 4.2785e-15   5048.50 1 
  5023.55 4.1069e-15   5051.25 1 
  5026.28 4.1802e-15   5054.00 1 
  5029.01 4.2433e-15   5056.75 1 
  5031.75 4.2052e-15   5059.50 1 
  5034.48 4.2814e-15   5062.25 1 
  5037.22 4.0522e-15   5065.00 1 
  5039.95 4.1038e-15   5067.75 1 
  5042.69 3.9554e-15   5070.50 1 
  5045.42 4.0139e-15   5073.25 1 
  5048.16 4.2009e-15   5076.00 1 
  5050.89 4.2651e-15   5078.75 1 
  5053.63 4.2501e-15   5081.50 1 
  5056.36 4.0190e-15   5084.25 1 
  5059.10 3.9804e-15   5087.00 1 
  5061.83 4.3087e-15   5089.75 1 
  5064.57 4.0259e-15   5092.50 1 
  5067.30 3.8613e-15   5095.25 1 
  5070.04 4.2540e-15   5098.00 1 
  5072.77 4.1820e-15   5100.75 1 
  5075.51 4.0737e-15   5103.50 1 
  5078.24 3.7490e-15   5106.25 1 
  5080.98 3.7724e-15   5109.00 1 
  5083.71 4.0915e-15   5111.75 1 
  5086.45 4.3091e-15   5114.50 1 
  5089.18 4.4327e-15   5117.25 1 
  5091.92 4.0951e-15   5120.00 1 
  5094.65 3.9119e-15   5122.75 1 
  5097.39 3.9699e-15   5125.50 1 
  5100.12 4.1640e-15   5128.25 1 
  5102.86 3.8505e-15   5131.00 1 
  5105.59 3.7427e-15   5133.75 1 
  5108.33 3.7921e-15   5136.50 1 
  5111.06 3.9780e-15   5139.25 1 
  5113.80 4.0056e-15   5142.00 1 
  5116.53 3.8985e-15   5144.75 1 
  5119.27 3.9511e-15   5147.50 1 
  5122.00 4.0767e-15   5150.25 1 
  5124.74 4.0759e-15   5153.00 1 
  5127.47 4.0562e-15   5155.75 1 
  5130.21 4.1222e-15   5158.50 1 
  5132.94 4.1465e-15   5161.25 1 
  5135.68 3.8262e-15   5164.00 1 
  5138.41 3.9364e-15   5166.75 1 
  5141.15 4.0515e-15   5169.50 1 
  5143.88 3.9403e-15   5172.25 1 
  5146.62 3.9894e-15   5175.00 1 
  5149.35 3.8844e-15   5177.75 1 
  5152.09 4.0287e-15   5180.50 1 
  5154.82 4.0880e-15   5183.25 1 
  5157.56 3.8863e-15   5186.00 1 
  5160.29 3.9759e-15   5188.75 1 
  5163.03 3.9332e-15   5191.50 1 
  5165.76 3.6988e-15   5194.25 1 
  5168.50 3.5948e-15   5197.00 1 
  5171.23 3.4406e-15   5199.75 1 
  5173.97 3.7239e-15   5202.50 1 
  5176.70 3.9383e-15   5205.25 1 
  5179.44 3.8507e-15   5208.00 1 
  5182.17 3.7502e-15   5210.75 1 
  5184.91 3.7712e-15   5213.50 1 
  5187.64 3.8064e-15   5216.25 1 
  5190.38 3.8313e-15   5219.00 1 
  5193.11 3.7130e-15   5221.75 1 
  5195.84 3.7193e-15   5224.50 1 
  5198.58 3.8549e-15   5227.25 1 
  5201.31 3.7891e-15   5230.00 1 
  5204.05 3.8535e-15   5232.75 1 
  5206.78 3.8682e-15   5235.50 1 
  5209.52 3.7976e-15   5238.25 1 
  5212.25 3.6471e-15   5241.00 1 
  5214.99 3.7903e-15   5243.75 1 
  5217.72 3.8598e-15   5246.50 1 
  5220.46 4.1188e-15   5249.25 1 
  5223.19 3.9524e-15   5252.00 1 
  5225.93 3.6195e-15   5254.75 1 
  5228.66 3.7472e-15   5257.50 1 
  5231.40 3.7441e-15   5260.25 1 
  5234.13 3.8078e-15   5263.00 1 
  5236.87 4.0077e-15   5265.75 1 
  5239.60 3.7195e-15   5268.50 1 
  5242.34 3.7355e-15   5271.25 1 
  5245.07 3.9896e-15   5274.00 1 
  5247.81 4.0335e-15   5276.75 1 
  5250.54 4.0253e-15   5279.50 1 
  5253.28 3.9705e-15   5282.25 1 
  5256.01 3.7534e-15   5285.00 1 
  5258.75 3.7725e-15   5287.75 1 
  5261.48 3.8369e-15   5290.50 1 
  5264.22 3.7326e-15   5293.25 1 
  5266.95 3.6904e-15   5296.00 1 
  5269.69 3.7195e-15   5298.75 1 
  5272.42 3.5727e-15   5301.50 1 
  5275.16 3.9044e-15   5304.25 1 
  5277.89 4.0633e-15   5307.00 1 
  5280.63 3.8260e-15   5309.75 1 
  5283.36 3.9868e-15   5312.50 1 
  5286.10 4.1217e-15   5315.25 1 
  5288.83 3.8989e-15   5318.00 1 
  5291.57 3.9683e-15   5320.75 1 
  5294.30 4.0101e-15   5323.50 1 
  5297.04 3.8257e-15   5326.25 1 
  5299.77 3.9294e-15   5329.00 1 
  5302.51 4.0928e-15   5331.75 1 
  5305.24 4.0836e-15   5334.50 1 
  5307.98 4.0644e-15   5337.25 1 
  5310.71 4.0864e-15   5340.00 1 
  5313.45 4.1260e-15   5342.75 1 
  5316.18 3.9753e-15   5345.50 1 
  5318.92 3.9259e-15   5348.25 1 
  5321.65 3.9719e-15   5351.00 1 
  5324.39 4.0477e-15   5353.75 1 
  5327.12 3.8489e-15   5356.50 1 
  5329.86 3.9552e-15   5359.25 1 
  5332.59 4.0289e-15   5362.00 1 
  5335.33 4.1732e-15   5364.75 1 
  5338.06 4.2137e-15   5367.50 1 
  5340.80 4.0730e-15   5370.25 1 
  5343.53 3.9059e-15   5373.00 1 
  5346.27 4.0035e-15   5375.75 1 
  5349.00 3.9879e-15   5378.50 1 
  5351.74 4.0212e-15   5381.25 1 
  5354.47 4.2324e-15   5384.00 1 
  5357.21 4.2357e-15   5386.75 1 
  5359.94 3.8515e-15   5389.50 1 
  5362.67 3.6035e-15   5392.25 1 
  5365.41 3.8577e-15   5395.00 1 
  5368.14 3.8526e-15   5397.75 1 
  5370.88 3.8220e-15   5400.50 1 
  5373.61 4.0976e-15   5403.25 1 
  5376.35 3.8661e-15   5406.00 1 
  5379.08 3.8055e-15   5408.75 1 
  5381.82 3.7564e-15   5411.50 1 
  5384.55 3.8016e-15   5414.25 1 
  5387.29 3.8746e-15   5417.00 1 
  5390.02 3.9889e-15   5419.75 1 
  5392.76 3.9510e-15   5422.50 1 
  5395.49 3.5840e-15   5425.25 1 
  5398.23 3.5884e-15   5428.00 1 
  5400.96 3.6490e-15   5430.75 1 
  5403.70 3.7710e-15   5433.50 1 
  5406.43 3.8599e-15   5436.25 1 
  5409.17 3.8573e-15   5439.00 1 
  5411.90 3.9459e-15   5441.75 1 
  5414.64 3.9487e-15   5444.50 1 
  5417.37 4.0394e-15   5447.25 1 
  5420.11 3.9802e-15   5450.00 1 
  5422.84 3.8694e-15   5452.75 1 
  5425.58 3.6083e-15   5455.50 1 
  5428.31 3.7936e-15   5458.25 1 
  5431.05 3.7656e-15   5461.00 1 
  5433.78 3.6822e-15   5463.75 1 
  5436.52 3.6703e-15   5466.50 1 
  5439.25 3.8092e-15   5469.25 1 
  5441.99 3.9038e-15   5472.00 1 
  5444.72 3.6810e-15   5474.75 1 
  5447.46 3.7442e-15   5477.50 1 
  5450.19 3.9042e-15   5480.25 1 
  5452.93 3.7975e-15   5483.00 1 
  5455.66 3.7306e-15   5485.75 1 
  5458.40 3.7869e-15   5488.50 1 
  5461.13 3.8255e-15   5491.25 1 
  5463.87 3.8234e-15   5494.00 1 
  5466.60 4.0065e-15   5496.75 1 
  5469.34 3.8246e-15   5499.50 1 
  5472.07 3.8218e-15   5502.25 1 
  5474.81 3.8523e-15   5505.00 1 
  5477.54 3.6992e-15   5507.75 1 
  5480.28 3.5192e-15   5510.50 1 
  5483.01 3.7526e-15   5513.25 1 
  5485.75 3.9433e-15   5516.00 1 
  5488.48 3.6488e-15   5518.75 1 
  5491.22 3.9060e-15   5521.50 1 
  5493.95 4.0196e-15   5524.25 1 
  5496.69 3.8341e-15   5527.00 1 
  5499.42 3.6924e-15   5529.75 1 
  5502.16 3.8369e-15   5532.50 1 
  5504.89 3.7843e-15   5535.25 1 
  5507.63 3.9309e-15   5538.00 1 
  5510.36 3.8978e-15   5540.75 1 
  5513.10 3.7568e-15   5543.50 1 
  5515.83 3.8698e-15   5546.25 1 
  5518.57 3.8375e-15   5549.00 1 
  5521.30 3.9924e-15   5551.75 1 
  5524.03 3.5679e-15   5554.50 1 
  5526.77 3.6239e-15   5557.25 1 
  5529.50 3.7070e-15   5560.00 1 
  5532.24 3.7021e-15   5562.75 1 
  5534.97 3.6924e-15   5565.50 1 
  5537.71 3.8562e-15   5568.25 1 
  5540.44 3.4297e-15   5571.00 1 
  5543.18 3.6842e-15   5573.75 1 
  5545.91 3.7579e-15   5576.50 1 
  5548.65 3.7139e-15   5579.25 1 
  5551.38 3.8746e-15   5582.00 1 
  5554.12 4.1555e-15   5584.75 1 
  5556.85 4.0845e-15   5587.50 1 
  5559.59 3.4106e-15   5590.25 1 
  5562.32 3.8505e-15   5593.00 1 
  5565.06 3.6465e-15   5595.75 1 
  5567.79 3.9048e-15   5598.50 1 
  5570.53 3.8847e-15   5601.25 1 
  5573.26 3.8178e-15   5604.00 1 
  5576.00 3.8773e-15   5606.75 1 
  5578.73 3.8627e-15   5609.50 1 
  5581.47 3.8744e-15   5612.25 1 
  5584.20 3.9656e-15   5615.00 1 
  5586.94 3.9530e-15   5617.75 1 
  5589.67 3.6091e-15   5620.50 1 
  5592.41 3.3195e-15   5623.25 1 
  5595.14 3.6173e-15   5626.00 1 
  5597.88 3.9137e-15   5628.75 1 
  5600.61 3.7340e-15   5631.50 1 
  5603.35 3.6406e-15   5634.25 1 
  5606.08 3.9772e-15   5637.00 1 
  5608.82 3.8438e-15   5639.75 1 
  5611.55 3.8785e-15   5642.50 1 
  5614.29 3.7748e-15   5645.25 1 
  5617.02 3.8146e-15   5648.00 1 
  5619.76 3.9048e-15   5650.75 1 
  5622.49 3.6388e-15   5653.50 1 
  5625.23 3.7212e-15   5656.25 1 
  5627.96 4.0078e-15   5659.00 1 
  5630.70 3.8770e-15   5661.75 1 
  5633.43 3.6617e-15   5664.50 1 
  5636.17 3.8170e-15   5667.25 1 
  5638.90 3.7203e-15   5670.00 1 
  5641.64 3.7859e-15   5672.75 1 
  5644.37 3.6860e-15   5675.50 1 
  5647.11 3.7550e-15   5678.25 1 
  5649.84 3.5964e-15   5681.00 1 
  5652.58 3.7589e-15   5683.75 1 
  5655.31 3.7700e-15   5686.50 1 
  5658.05 3.8650e-15   5689.25 1 
  5660.78 3.7780e-15   5692.00 1 
  5663.52 3.7348e-15   5694.75 1 
  5666.25 3.7793e-15   5697.50 1 
  5668.99 3.8119e-15   5700.25 1 
  5671.72 3.7231e-15   5703.00 1 
  5674.46 3.8496e-15   5705.75 1 
  5677.19 3.8032e-15   5708.50 1 
  5679.93 4.0459e-15   5711.25 1 
  5682.66 3.8565e-15   5714.00 1 
  5685.40 3.6680e-15   5716.75 1 
  5688.13 3.8015e-15   5719.50 1 
  5690.86 3.8295e-15   5722.25 1 
  5693.60 4.0634e-15   5725.00 1 
  5696.33 3.9560e-15   5727.75 1 
  5699.07 3.7409e-15   5730.50 1 
  5701.80 3.8672e-15   5733.25 1 
  5704.54 3.9456e-15   5736.00 1 
  5707.27 3.6320e-15   5738.75 1 
  5710.01 3.3641e-15   5741.50 1 
  5712.74 3.8358e-15   5744.25 1 
  5715.48 3.7908e-15   5747.00 1 
  5718.21 3.8948e-15   5749.75 1 
  5720.95 3.6643e-15   5752.50 1 
  5723.68 3.5602e-15   5755.25 1 
  5726.42 3.5210e-15   5758.00 1 
  5729.15 3.7577e-15   5760.75 1 
  5731.89 3.6064e-15   5763.50 1 
  5734.62 3.8217e-15   5766.25 1 
  5737.36 3.6098e-15   5769.00 1 
  5740.09 3.9907e-15   5771.75 1 
  5742.83 3.6153e-15   5774.50 1 
  5745.56 3.6600e-15   5777.25 1 
  5748.30 3.6826e-15   5780.00 1 
  5751.03 3.6998e-15   5782.75 1 
  5753.77 3.3151e-15   5785.50 1 
  5756.50 3.6752e-15   5788.25 1 
  5759.24 3.8323e-15   5791.00 1 
  5761.97 3.6926e-15   5793.75 1 
  5764.71 3.7437e-15   5796.50 1 
  5767.44 3.7534e-15   5799.25 1 
  5770.18 3.6017e-15   5802.00 1 
  5772.91 3.5484e-15   5804.75 1 
  5775.65 3.5557e-15   5807.50 1 
  5778.38 3.6175e-15   5810.25 1 
  5781.12 3.4962e-15   5813.00 1 
  5783.85 3.9002e-15   5815.75 1 
  5786.59 3.7200e-15   5818.50 1 
  5789.32 3.7838e-15   5821.25 1 
  5792.06 4.0311e-15   5824.00 1 
  5794.79 3.8355e-15   5826.75 1 
  5797.53 3.5712e-15   5829.50 1 
  5800.26 3.5736e-15   5832.25 1 
  5803.00 3.4601e-15   5835.00 1 
  5805.73 3.6567e-15   5837.75 1 
  5808.47 3.4239e-15   5840.50 1 
  5811.20 3.3463e-15   5843.25 1 
  5813.94 3.8843e-15   5846.00 1 
  5816.67 3.7911e-15   5848.75 1 
  5819.41 3.6534e-15   5851.50 1 
  5822.14 3.9384e-15   5854.25 1 
  5824.88 4.0276e-15   5857.00 1 
  5827.61 4.1951e-15   5859.75 1 
  5830.35 3.7523e-15   5862.50 1 
  5833.08 3.6772e-15   5865.25 1 
  5835.82 3.7353e-15   5868.00 1 
  5838.55 3.9542e-15   5870.75 1 
  5841.29 3.7342e-15   5873.50 1 
  5844.02 4.1371e-15   5876.25 1 
  5846.76 3.7375e-15   5879.00 1 
  5849.49 3.7676e-15   5881.75 1 
  5852.22 4.0455e-15   5884.50 1 
  5854.96 3.6379e-15   5887.25 1 
  5857.69 3.5784e-15   5890.00 1 
  5860.43 3.6040e-15   5892.75 1 
  5863.16 3.3165e-15   5895.50 1 
  5865.90 3.5073e-15   5898.25 1 
  5868.63 3.9900e-15   5901.00 1 
  5871.37 3.8928e-15   5903.75 1 
  5874.10 4.8224e-15   5906.50 1 
  5876.84 4.8283e-15   5909.25 1 
  5879.57 4.3462e-15   5912.00 1 
  5882.31 3.8229e-15   5914.75 1 
  5885.04 3.7126e-15   5917.50 1 
  5887.78 3.4380e-15   5920.25 1 
  5890.51 3.6453e-15   5923.00 1 
  5893.25 3.3673e-15   5925.75 1 
  5895.98 3.3202e-15   5928.50 1 
  5898.72 3.3258e-15   5931.25 1 
  5901.45 3.3305e-15   5934.00 1 
  5904.19 3.4913e-15   5936.75 1 
  5906.92 3.5114e-15   5939.50 1 
  5909.66 3.4723e-15   5942.25 1 
  5912.39 3.8259e-15   5945.00 1 
  5915.13 3.9469e-15   5947.75 1 
  5917.86 3.7102e-15   5950.50 1 
  5920.60 3.4397e-15   5953.25 1 
  5923.33 3.3464e-15   5956.00 1 
  5926.07 3.5508e-15   5958.75 1 
  5928.80 3.4668e-15   5961.50 1 
  5931.54 3.7292e-15   5964.25 1 
  5934.27 3.5202e-15   5967.00 1 
  5937.01 3.4395e-15   5969.75 1 
  5939.74 3.7024e-15   5972.50 1 
  5942.48 3.3465e-15   5975.25 1 
  5945.21 3.2361e-15   5978.00 1 
  5947.95 3.4323e-15   5980.75 1 
  5950.68 3.4930e-15   5983.50 1 
  5953.42 3.6065e-15   5986.25 1 
  5956.15 3.5400e-15   5989.00 1 
  5958.89 3.5772e-15   5991.75 1 
  5961.62 3.7474e-15   5994.50 1 
  5964.36 3.8574e-15   5997.25 1 
  5967.09 3.7157e-15   6000.00 1 
  5969.83 3.7317e-15   6002.75 1 
  5972.56 3.4243e-15   6005.50 1 
  5975.30 3.3605e-15   6008.25 1 
  5978.03 3.3315e-15   6011.00 1 
  5980.77 3.3517e-15   6013.75 1 
  5983.50 3.4714e-15   6016.50 1 
  5986.24 3.4470e-15   6019.25 1 
  5988.97 3.5377e-15   6022.00 1 
  5991.71 3.4001e-15   6024.75 1 
  5994.44 3.3811e-15   6027.50 1 
  5997.18 3.3605e-15   6030.25 1 
  5999.91 3.4311e-15   6033.00 1 
  6002.65 3.5843e-15   6035.75 1 
  6005.38 3.3681e-15   6038.50 1 
  6008.12 3.2755e-15   6041.25 1 
  6010.85 3.5484e-15   6044.00 1 
  6013.59 3.4512e-15   6046.75 1 
  6016.32 3.4655e-15   6049.50 1 
  6019.05 3.2108e-15   6052.25 1 
  6021.79 3.2116e-15   6055.00 1 
  6024.52 3.2498e-15   6057.75 1 
  6027.26 3.3737e-15   6060.50 1 
  6029.99 3.6827e-15   6063.25 1 
  6032.73 3.5748e-15   6066.00 1 
  6035.46 3.4814e-15   6068.75 1 
  6038.20 3.3980e-15   6071.50 1 
  6040.93 3.3774e-15   6074.25 1 
  6043.67 3.2578e-15   6077.00 1 
  6046.40 3.4104e-15   6079.75 1 
  6049.14 3.4640e-15   6082.50 1 
  6051.87 3.6255e-15   6085.25 1 
  6054.61 3.6076e-15   6088.00 1 
  6057.34 3.4724e-15   6090.75 1 
  6060.08 3.7787e-15   6093.50 1 
  6062.81 3.5942e-15   6096.25 1 
  6065.55 3.3920e-15   6099.00 1 
  6068.28 3.6702e-15   6101.75 1 
  6071.02 3.5231e-15   6104.50 1 
  6073.75 3.3121e-15   6107.25 1 
  6076.49 3.5970e-15   6110.00 1 
  6079.22 3.4862e-15   6112.75 1 
  6081.96 3.3183e-15   6115.50 1 
  6084.69 3.2408e-15   6118.25 1 
  6087.43 3.5577e-15   6121.00 1 
  6090.16 3.7887e-15   6123.75 1 
  6092.90 3.3367e-15   6126.50 1 
  6095.63 3.3702e-15   6129.25 1 
  6098.37 3.3083e-15   6132.00 1 
  6101.10 3.3026e-15   6134.75 1 
  6103.84 3.4242e-15   6137.50 1 
  6106.57 3.6622e-15   6140.25 1 
  6109.31 3.7301e-15   6143.00 1 
  6112.04 3.5556e-15   6145.75 1 
  6114.78 3.6757e-15   6148.50 1 
  6117.51 3.5252e-15   6151.25 1 
  6120.25 3.5135e-15   6154.00 1 
  6122.98 3.5631e-15   6156.75 1 
  6125.72 3.0470e-15   6159.50 1 
  6128.45 3.5226e-15   6162.25 1 
  6131.19 3.2858e-15   6165.00 1 
  6133.92 3.7016e-15   6167.75 1 
  6136.66 3.5101e-15   6170.50 1 
  6139.39 2.9718e-15   6173.25 1 
  6142.13 3.1496e-15   6176.00 1 
  6144.86 3.8349e-15   6178.75 1 
  6147.60 3.2080e-15   6181.50 1 
  6150.33 3.3923e-15   6184.25 1 
  6153.07 3.3729e-15   6187.00 1 
  6155.80 3.3981e-15   6189.75 1 
  6158.54 3.1615e-15   6192.50 1 
  6161.27 3.5234e-15   6195.25 1 
  6164.01 3.2498e-15   6198.00 1 
  6166.74 3.4321e-15   6200.75 1 
  6169.48 3.1538e-15   6203.50 1 
  6172.21 3.2981e-15   6206.25 1 
  6174.95 3.4123e-15   6209.00 1 
  6177.68 3.4478e-15   6211.75 1 
  6180.42 3.1182e-15   6214.50 1 
  6183.15 3.1459e-15   6217.25 1 
  6185.88 3.4118e-15   6220.00 1 
  6188.62 3.5490e-15   6222.75 1 
  6191.35 3.2689e-15   6225.50 1 
  6194.09 3.3718e-15   6228.25 1 
  6196.82 3.4257e-15   6231.00 1 
  6199.56 3.6752e-15   6233.75 1 
  6202.29 3.6811e-15   6236.50 1 
  6205.03 3.2875e-15   6239.25 1 
  6207.76 3.1620e-15   6242.00 1 
  6210.50 3.3245e-15   6244.75 1 
  6213.23 3.2389e-15   6247.50 1 
  6215.97 3.2756e-15   6250.25 1 
  6218.70 3.3450e-15   6253.00 1 
  6221.44 3.4031e-15   6255.75 1 
  6224.17 3.1887e-15   6258.50 1 
  6226.91 3.4435e-15   6261.25 1 
  6229.64 3.2208e-15   6264.00 1 
  6232.38 3.1336e-15   6266.75 1 
  6235.11 3.2081e-15   6269.50 1 
  6237.85 3.4386e-15   6272.25 1 
  6240.58 3.3962e-15   6275.00 1 
  6243.32 3.3128e-15   6277.75 1 
  6246.05 3.0463e-15   6280.50 1 
  6248.79 3.5457e-15   6283.25 1 
  6251.52 3.4052e-15   6286.00 1 
  6254.26 3.2917e-15   6288.75 1 
  6256.99 3.0281e-15   6291.50 1 
  6259.73 3.0085e-15   6294.25 1 
  6262.46 2.9033e-15   6297.00 1 
  6265.20 3.3721e-15   6299.75 1 
  6267.93 3.3728e-15   6302.50 1 
  6270.67 3.4730e-15   6305.25 1 
  6273.40 3.1448e-15   6308.00 1 
  6276.14 3.7613e-15   6310.75 1 
  6278.87 3.3780e-15   6313.50 1 
  6281.61 3.3815e-15   6316.25 1 
  6284.34 3.0593e-15   6319.00 1 
  6287.08 3.3436e-15   6321.75 1 
  6289.81 3.5536e-15   6324.50 1 
  6292.55 3.6971e-15   6327.25 1 
  6295.28 3.6918e-15   6330.00 1 
  6298.02 4.0330e-15   6332.75 1 
  6300.75 4.2249e-15   6335.50 1 
  6303.49 4.1323e-15   6338.25 1 
  6306.22 3.9245e-15   6341.00 1 
  6308.96 3.6525e-15   6343.75 1 
  6311.69 3.4507e-15   6346.50 1 
  6314.43 3.5809e-15   6349.25 1 
  6317.16 3.4973e-15   6352.00 1 
  6319.90 3.2091e-15   6354.75 1 
  6322.63 3.2081e-15   6357.50 1 
  6325.37 3.4828e-15   6360.25 1 
  6328.10 3.2631e-15   6363.00 1 
  6330.84 3.4755e-15   6365.75 1 
  6333.57 3.3346e-15   6368.50 1 
  6336.31 3.4522e-15   6371.25 1 
  6339.04 2.9840e-15   6374.00 1 
  6341.78 3.2968e-15   6376.75 1 
  6344.51 3.1992e-15   6379.50 1 
  6347.24 3.2041e-15   6382.25 1 
  6349.98 3.2714e-15   6385.00 1 
  6352.71 3.4376e-15   6387.75 1 
  6355.45 3.1784e-15   6390.50 1 
  6358.18 2.9650e-15   6393.25 1 
  6360.92 3.3106e-15   6396.00 1 
  6363.65 3.5454e-15   6398.75 1 
  6366.39 3.4068e-15   6401.50 1 
  6369.12 3.5179e-15   6404.25 1 
  6371.86 3.2749e-15   6407.00 1 
  6374.59 3.3385e-15   6409.75 1 
  6377.33 3.0798e-15   6412.50 1 
  6380.06 2.9494e-15   6415.25 1 
  6382.80 3.2287e-15   6418.00 1 
  6385.53 3.0890e-15   6420.75 1 
  6388.27 3.5363e-15   6423.50 1 
  6391.00 3.1324e-15   6426.25 1 
  6393.74 3.0959e-15   6429.00 1 
  6396.47 3.0047e-15   6431.75 1 
  6399.21 3.0226e-15   6434.50 1 
  6401.94 3.4595e-15   6437.25 1 
  6404.68 3.2578e-15   6440.00 1 
  6407.41 3.2534e-15   6442.75 1 
  6410.15 2.9841e-15   6445.50 1 
  6412.88 3.3530e-15   6448.25 1 
  6415.62 3.2291e-15   6451.00 1 
  6418.35 3.3588e-15   6453.75 1 
  6421.09 3.2625e-15   6456.50 1 
  6423.82 3.2275e-15   6459.25 1 
  6426.56 3.1979e-15   6462.00 1 
  6429.29 3.3482e-15   6464.75 1 
  6432.03 3.1342e-15   6467.50 1 
  6434.76 3.2298e-15   6470.25 1 
  6437.50 3.0858e-15   6473.00 1 
  6440.23 3.2877e-15   6475.75 1 
  6442.97 3.2285e-15   6478.50 1 
  6445.70 3.4364e-15   6481.25 1 
  6448.44 3.3741e-15   6484.00 1 
  6451.17 3.2917e-15   6486.75 1 
  6453.91 3.3982e-15   6489.50 1 
  6456.64 3.2569e-15   6492.25 1 
  6459.38 3.2532e-15   6495.00 1 
  6462.11 3.3152e-15   6497.75 1 
  6464.85 3.0890e-15   6500.50 1 
  6467.58 3.0862e-15   6503.25 1 
  6470.32 3.1528e-15   6506.00 1 
  6473.05 3.0381e-15   6508.75 1 
  6475.79 3.3095e-15   6511.50 1 
  6478.52 3.2001e-15   6514.25 1 
  6481.26 3.1255e-15   6517.00 1 
  6483.99 3.0314e-15   6519.75 1 
  6486.73 3.2440e-15   6522.50 1 
  6489.46 3.1359e-15   6525.25 1 
  6492.20 3.3256e-15   6528.00 1 
  6494.93 3.2486e-15   6530.75 1 
  6497.67 2.9905e-15   6533.50 1 
  6500.40 2.9617e-15   6536.25 1 
  6503.14 2.9306e-15   6539.00 1 
  6505.87 2.8111e-15   6541.75 1 
  6508.61 3.0959e-15   6544.50 1 
  6511.34 3.3123e-15   6547.25 1 
  6514.07 3.4002e-15   6550.00 1 
  6516.81 3.3399e-15   6552.75 1 
  6519.54 3.1012e-15   6555.50 1 
  6522.28 3.0553e-15   6558.25 1 
  6525.01 2.9432e-15   6561.00 1 
  6527.75 3.1679e-15   6563.75 1 
  6530.48 3.2692e-15   6566.50 1 
  6533.22 3.2107e-15   6569.25 1 
  6535.95 3.2854e-15   6572.00 1 
  6538.69 3.3824e-15   6574.75 1 
  6541.42 3.6080e-15   6577.50 1 
  6544.16 3.9372e-15   6580.25 1 
  6546.89 4.2960e-15   6583.00 1 
  6549.63 4.4642e-15   6585.75 1 
  6552.36 4.6377e-15   6588.50 1 
  6555.10 5.1628e-15   6591.25 1 
  6557.83 6.0612e-15   6594.00 1 
  6560.57 6.5859e-15   6596.75 1 
  6563.30 6.9981e-15   6599.50 1 
  6566.04 6.2934e-15   6602.25 1 
  6568.77 5.2207e-15   6605.00 1 
  6571.51 4.3721e-15   6607.75 1 
  6574.24 4.0362e-15   6610.50 1 
  6576.98 3.9502e-15   6613.25 1 
  6579.71 4.9978e-15   6616.00 1 
  6582.45 6.3536e-15   6618.75 1 
  6585.18 6.6009e-15   6621.50 1 
  6587.92 5.7085e-15   6624.25 1 
  6590.65 4.0252e-15   6627.00 1 
  6593.39 3.3918e-15   6629.75 1 
  6596.12 2.9793e-15   6632.50 1 
  6598.86 3.1756e-15   6635.25 1 
  6601.59 3.2623e-15   6638.00 1 
  6604.33 2.9208e-15   6640.75 1 
  6607.06 3.3603e-15   6643.50 1 
  6609.80 3.3540e-15   6646.25 1 
  6612.53 2.9807e-15   6649.00 1 
  6615.27 3.1534e-15   6651.75 1 
  6618.00 3.2807e-15   6654.50 1 
  6620.74 2.9953e-15   6657.25 1 
  6623.47 3.2759e-15   6660.00 1 
  6626.21 3.2843e-15   6662.75 1 
  6628.94 3.0824e-15   6665.50 1 
  6631.68 2.7305e-15   6668.25 1 
  6634.41 3.1259e-15   6671.00 1 
  6637.15 2.7072e-15   6673.75 1 
  6639.88 2.8841e-15   6676.50 1 
  6642.62 3.4205e-15   6679.25 1 
  6645.35 3.1860e-15   6682.00 1 
  6648.09 2.9779e-15   6684.75 1 
  6650.82 3.5167e-15   6687.50 1 
  6653.56 3.6031e-15   6690.25 1 
  6656.29 3.1393e-15   6693.00 1 
  6659.03 2.9606e-15   6695.75 1 
  6661.76 2.9573e-15   6698.50 1 
  6664.50 3.0854e-15   6701.25 1 
  6667.23 2.7833e-15   6704.00 1 
  6669.97 2.8197e-15   6706.75 1 
  6672.70 3.0853e-15   6709.50 1 
  6675.43 3.2756e-15   6712.25 1 
  6678.17 3.1441e-15   6715.00 1 
  6680.90 3.4831e-15   6717.75 1 
  6683.64 3.2827e-15   6720.50 1 
  6686.37 3.4084e-15   6723.25 1 
  6689.11 3.1983e-15   6726.00 1 
  6691.84 3.2914e-15   6728.75 1 
  6694.58 3.2368e-15   6731.50 1 
  6697.31 3.2145e-15   6734.25 1 
  6700.05 3.1394e-15   6737.00 1 
  6702.78 3.0609e-15   6739.75 1 
  6705.52 3.1666e-15   6742.50 1 
  6708.25 3.5172e-15   6745.25 1 
  6710.99 4.3804e-15   6748.00 1 
  6713.72 6.0604e-15   6750.75 1 
  6716.46 7.2723e-15   6753.50 1 
  6719.19 6.7983e-15   6756.25 1 
  6721.93 5.1757e-15   6759.00 1 
  6724.66 4.4974e-15   6761.75 1 
  6727.40 4.8526e-15   6764.50 1 
  6730.13 5.9633e-15   6767.25 1 
  6732.87 5.8297e-15   6770.00 1 
  6735.60 4.4260e-15   6772.75 1 
  6738.34 3.5449e-15   6775.50 1 
  6741.07 3.1179e-15   6778.25 1 
  6743.81 3.0589e-15   6781.00 1 
  6746.54 3.0525e-15   6783.75 1 
  6749.28 3.2178e-15   6786.50 1 
  6752.01 3.2367e-15   6789.25 1 
  6754.75 2.9441e-15   6792.00 1 
  6757.48 2.9584e-15   6794.75 1 
  6760.22 2.9767e-15   6797.50 1 
  6762.95 2.8934e-15   6800.25 1 
  6765.69 2.6060e-15   6803.00 1 
  6768.42 3.0477e-15   6805.75 1 
  6771.16 2.7812e-15   6808.50 1 
  6773.89 3.0561e-15   6811.25 1 
  6776.63 3.1035e-15   6814.00 1 
  6779.36 3.2547e-15   6816.75 1 
  6782.10 3.1116e-15   6819.50 1 
  6784.83 3.1390e-15   6822.25 1 
  6787.57 3.1206e-15   6825.00 1 
  6790.30 2.7958e-15   6827.75 1 
  6801.61 3.0096e-15   6839.12 0 
  6817.28 3.0376e-15   6854.88 0 
  6833.00 3.0448e-15   6870.68 0 
  6848.75 2.9213e-15   6886.52 0 
  6864.54 2.9282e-15   6902.40 0 
  6880.36 2.9623e-15   6918.31 0 
  6896.23 2.9693e-15   6934.26 0 
  6912.12 2.9694e-15   6950.24 0 
  6928.06 2.9356e-15   6966.26 0 
  6944.03 2.9972e-15   6982.33 0 
  6960.04 2.9427e-15   6998.42 0 
  6976.08 3.0322e-15   7014.55 0 
  6992.16 3.0185e-15   7030.72 0 
  7008.28 2.9431e-15   7046.93 0 
  7024.44 2.8896e-15   7063.18 0 
  7040.63 2.9844e-15   7079.46 0 
  7056.86 3.0611e-15   7095.78 0 
  7073.13 2.8504e-15   7112.14 0 
  7089.43 2.8902e-15   7128.53 0 
  7105.78 2.8573e-15   7144.96 0 
  7122.16 2.8247e-15   7161.43 0 
  7138.57 2.7290e-15   7177.94 0 
  7155.03 2.7354e-15   7194.49 0 
  7171.52 2.6918e-15   7211.08 0 
  7188.06 2.6673e-15   7227.70 0 
  7204.62 2.7108e-15   7244.36 0 
  7221.24 2.8062e-15   7261.06 0 
  7237.88 2.8258e-15   7277.80 0 
  7254.56 2.8587e-15   7294.57 0 
  7271.29 2.7618e-15   7311.39 0 
  7288.05 2.7811e-15   7328.25 0 
  7304.85 2.8724e-15   7345.14 0 
  7321.69 2.8528e-15   7362.07 0 
  7338.57 2.8398e-15   7379.04 0 
  7355.49 2.8795e-15   7396.05 0 
  7372.44 2.8206e-15   7413.10 0 
  7389.44 2.8732e-15   7430.19 0 
  7406.47 2.8602e-15   7447.32 0 
  7423.54 2.7824e-15   7464.49 0 
  7440.66 2.8870e-15   7481.70 0 
  7457.81 2.8871e-15   7498.94 0 
  7475.00 2.8940e-15   7516.23 0 
  7492.24 2.8742e-15   7533.56 0 
  7509.51 2.8876e-15   7550.92 0 
  7526.82 2.9212e-15   7568.33 0 
  7544.17 2.9147e-15   7585.78 0 
  7561.56 2.8683e-15   7603.26 0 
  7578.99 2.8031e-15   7620.79 0 
  7596.46 2.7776e-15   7638.36 0 
  7613.98 2.7460e-15   7655.97 0 
  7631.53 2.7461e-15   7673.61 0 
  7649.12 2.7526e-15   7691.30 0 
  7666.75 2.6410e-15   7709.04 0 
  7684.43 2.6903e-15   7726.81 0 
  7702.14 2.6474e-15   7744.62 0 
  7719.90 2.6173e-15   7762.47 0 
  7737.69 2.6539e-15   7780.37 0 
  7755.53 2.5171e-15   7798.30 0 
  7773.41 2.6359e-15   7816.28 0 
  7791.33 2.6300e-15   7834.30 0 
  7809.29 2.6241e-15   7852.36 0 
  7827.29 2.6792e-15   7870.46 0 
  7845.34 2.6305e-15   7888.60 0 
  7863.42 2.6489e-15   7906.79 0 
  7881.55 2.6187e-15   7925.01 0 
  7899.72 2.6370e-15   7943.28 0 
  7917.93 2.5535e-15   7961.59 0 
  7936.18 2.5419e-15   7979.95 0 
  7954.48 2.4728e-15   7998.34 0 
  7972.81 2.5423e-15   8016.78 0 
  7991.19 2.5897e-15   8035.26 0 
  8009.61 2.5367e-15   8053.78 0 
  8028.08 2.6140e-15   8072.35 0 
  8046.58 2.6566e-15   8090.96 0 
  8065.13 2.6446e-15   8109.61 0 
  8083.72 2.5491e-15   8128.31 0 
  8102.36 2.4855e-15   8147.04 0 
  8121.04 2.5849e-15   8165.82 0 
  8139.76 2.5437e-15   8184.65 0 
  8158.52 2.5205e-15   8203.52 0 
  8177.33 2.4976e-15   8222.43 0 
  8196.18 2.4297e-15   8241.38 0 
  8215.07 2.5620e-15   8260.38 0 
  8234.01 2.4581e-15   8279.42 0 
  8252.99 2.5564e-15   8298.51 0 
  8272.02 2.5981e-15   8317.64 0 
  8291.09 2.4870e-15   8336.81 0 
  8310.20 2.4929e-15   8356.03 0 
  8329.36 2.4196e-15   8375.29 0 
  8348.56 2.4309e-15   8394.60 0 
  8367.80 2.5049e-15   8413.95 0 
  8387.09 2.4312e-15   8433.35 0 
  8406.43 2.4370e-15   8452.79 0 
  8425.81 2.4767e-15   8472.27 0 
  8445.23 2.2957e-15   8491.80 0 
  8464.70 2.4040e-15   8511.38 0 
  8484.21 2.4489e-15   8531.00 0 
  8503.77 2.3496e-15   8550.67 0 
  8523.37 2.2910e-15   8570.38 0 
  8543.02 2.3391e-15   8590.14 0 
  8562.71 2.3828e-15   8609.94 0 
  8582.46 2.3994e-15   8629.79 0 
  8602.24 2.3288e-15   8649.68 0 
  8622.07 2.3236e-15   8669.62 0 
  8641.94 2.3834e-15   8689.60 0 
  8661.87 2.3026e-15   8709.64 0 
  8681.83 2.2297e-15   8729.71 0 
  8701.85 2.2976e-15   8749.84 0 
  8721.91 2.3191e-15   8770.01 0 
  8742.01 2.3732e-15   8790.23 0 
  8762.16 2.2458e-15   8810.49 0 
  8782.37 2.2824e-15   8830.80 0 
  8802.61 2.3250e-15   8851.16 0 
  8822.90 2.3793e-15   8871.56 0 
  8843.24 2.3469e-15   8892.01 0 
  8863.63 2.3095e-15   8912.51 0 
  8884.06 2.1956e-15   8933.05 0 
  8904.54 2.2729e-15   8953.65 0 
  8925.07 2.2835e-15   8974.29 0 
  8945.64 2.3155e-15   8994.98 0 
  8966.26 2.2319e-15   9015.71 0 
  8986.93 2.2218e-15   9036.50 0 
  9007.65 2.1564e-15   9057.33 0 
  9028.41 2.1221e-15   9078.20 0 
  9049.23 2.3648e-15   9099.13 0 
  9070.09 2.2326e-15   9120.11 0 
  9090.99 2.1620e-15   9141.13 0 
  9111.95 2.2745e-15   9162.20 0 
  9132.96 2.3276e-15   9183.33 0 
  9154.01 2.2077e-15   9204.50 0 
  9175.11 2.2180e-15   9225.71 0 
  9196.27 2.2182e-15   9246.98 0 
  9217.46 2.1629e-15   9268.30 0 
  9238.71 1.9955e-15   9289.66 0 
  9260.01 2.1782e-15   9311.08 0 
  9281.36 2.2445e-15   9332.54 0 
  9302.75 2.1191e-15   9354.06 0 
  9324.19 2.2090e-15   9375.62 0 
  9345.69 2.2040e-15   9397.23 0 
  9367.24 2.1739e-15   9418.90 0 
  9388.83 2.1942e-15   9440.61 0 
  9410.47 2.1543e-15   9462.37 0 
  9432.17 2.1945e-15   9484.18 0 
  9453.91 2.1696e-15   9506.05 0 
  9475.71 2.1898e-15   9527.96 0 
  9497.55 2.1849e-15   9549.93 0 
  9519.44 2.1452e-15   9571.94 0 
  9541.39 2.0441e-15   9594.01 0 
  9563.38 2.1210e-15   9616.12 0 
  9585.43 2.1556e-15   9638.29 0 
  9607.52 2.1360e-15   9660.51 0 
  9629.67 2.1361e-15   9682.78 0 
  9651.87 2.1167e-15   9705.10 0 
  9674.12 2.1120e-15   9727.47 0 
  9696.42 2.1268e-15   9749.90 0 
  9718.77 2.1026e-15   9772.37 0 
  9741.18 2.0835e-15   9794.90 0 
  9763.63 2.0741e-15   9817.48 0 
  9786.14 2.0552e-15   9840.11 0 
  9808.70 2.0792e-15   9862.79 0 
  9831.31 2.0650e-15   9885.53 0 
  9853.98 2.0652e-15   9908.32 0 
  9876.69 2.0511e-15   9931.16 0 
  9899.46 2.0418e-15   9954.05 0 
  9922.28 2.0373e-15   9977.00 0 
  9945.15 2.0374e-15  10000.00 0 
  9968.08 2.0329e-15  10023.05 0 
  9991.05 2.0191e-15  10046.15 0 
 10014.08 1.9915e-15  10069.31 0 
 10083.50 1.9556e-15  10139.12 0 
 10130.04 1.9877e-15  10185.91 0 
 10176.81 1.9653e-15  10232.94 0 
 10223.78 1.9611e-15  10280.17 0 
 10270.97 1.9569e-15  10327.61 0 
 10294.64 1.9435e-15  10351.42 0 
 10510.21 1.8703e-15  10568.18 0 
 10705.61 1.7828e-15  10764.65 0 
 10904.64 1.6947e-15  10964.78 0 
 11107.37 1.6334e-15  11168.63 0 
 11287.85 1.5816e-15  11350.10 0 
 11497.72 1.5527e-15  11561.13 0 
 11711.47 1.5000e-15  11776.06 0 
 11901.77 1.4424e-15  11967.41 0 
 12095.16 1.4031e-15  12161.86 0 
 12291.69 1.3680e-15  12359.47 0 
 12491.41 1.3246e-15  12560.30 0 
 12694.38 1.2856e-15  12764.39 0 
 12900.64 1.2477e-15  12971.79 0 
 13110.26 1.2193e-15  13182.56 0 
 13292.64 1.1806e-15  13365.95 0 
 13508.63 1.1537e-15  13583.13 0 
 13696.56 1.1249e-15  13772.09 0 
 13887.10 1.0867e-15  13963.68 0 
 14112.74 1.0449e-15  14190.57 0 
 14309.07 1.0212e-15  14387.99 0 
 14508.13 1.0165e-15  14588.14 0 
 14709.96 9.8423e-16  14791.09 0 
 14914.60 9.8423e-16  14996.85 0 
 15087.31 9.7970e-16  15170.51 0 
 15297.18 9.8423e-16  15381.54 0 
 15509.98 9.7296e-16  15595.52 0 
 15689.58 9.5081e-16  15776.11 0 
 15907.85 9.1853e-16  15995.58 0 
 16092.06 9.1642e-16  16180.80 0 
 16315.92 9.0802e-16  16405.90 0 
 16504.84 8.8939e-16  16595.86 0 
 16695.96 8.7719e-16  16788.04 0 
 16889.29 8.5525e-16  16982.44 0 
 17084.87 8.3578e-16  17179.09 0 
 17282.69 7.9817e-16  17378.00 0 
 17482.81 7.7642e-16  17579.23 0 
 17685.26 7.4661e-16  17782.79 0 
 17890.05 7.1961e-16  17988.71 0 
 18097.21 6.8564e-16  18197.02 0 
 18306.75 6.6695e-16  18407.71 0 
 18518.74 6.4579e-16  18620.87 0 
 18690.10 6.1531e-16  18793.18 0 
 18906.50 5.9992e-16  19010.77 0 
 19081.45 5.8762e-16  19186.69 0 
 19302.41 5.6636e-16  19408.86 0 
 19481.00 5.4212e-16  19588.44 0 
 19706.59 5.2734e-16  19815.27 0 
 19888.94 5.1062e-16  19998.62 0 
 20119.25 5.0014e-16  20230.20 0 
 20305.39 4.8205e-16  20417.38 0 
 20493.28 4.7435e-16  20606.30 0 
 20682.89 4.6142e-16  20796.96 0 
 20922.39 4.4884e-16  21037.78 0 
 21116.00 4.3964e-16  21232.45 0 
 21311.37 4.2864e-16  21428.90 0 
 21508.57 4.1888e-16  21627.19 0 
 21707.59 4.0373e-16  21827.31 0 
 21908.44 3.9636e-16  22029.26 0 
 22111.16 3.8468e-16  22233.11 0 
 22315.74 3.7419e-16  22438.81 0 
 22522.23 3.6483e-16  22646.44 0 
 22678.34 3.5407e-16  22803.41 0 
 22888.19 3.1996e-16  23014.42 0 
 23099.98 3.1703e-16  23227.38 0 
 23313.71 2.7932e-16  23442.28 0 
 23475.32 2.6369e-16  23604.79 0 
 23692.52 2.6674e-16  23823.19 0 
 23911.76 2.4552e-16  24043.63 0 
 24077.49 2.3828e-16  24210.28 0 
 24300.29 2.3556e-16  24434.31 0 
 24525.15 2.1983e-16  24660.40 0 
 24695.14 2.1682e-16  24831.33 0 
 24923.65 1.8711e-16  25061.10 0 
 25096.40 1.8497e-16  25234.80 0 
 25328.62 1.8497e-16  25468.31 0 
 25504.18 1.8327e-16  25644.84 0 
 25680.98 1.8454e-16  25822.61 0 
 25918.59 1.8076e-16  26061.53 0 
 26098.26 1.7951e-16  26242.20 0 
 26279.15 1.7462e-16  26424.08 0 
 26522.32 1.7302e-16  26668.59 0 
 26706.15 1.6908e-16  26853.44 0 
 26891.29 1.6676e-16  27039.59 0 
 27077.68 1.6409e-16  27227.01 0 
 27328.23 1.6036e-16  27478.95 0 
 27517.65 1.5780e-16  27669.41 0 
 27708.41 1.5420e-16  27861.22 0 
 27900.46 1.5209e-16  28054.33 0 
 28093.88 1.4897e-16  28248.81 0 
 28288.60 1.4625e-16  28444.61 0 
 28484.67 1.4325e-16  28641.77 0 
 28682.14 1.3999e-16  28840.32 0 
 28880.94 1.3775e-16  29040.21 0 
 29081.15 1.3524e-16  29241.53 0 
 29282.71 1.3246e-16  29444.21 0 
 29485.71 1.2975e-16  29648.32 0 
 29690.08 1.2738e-16  29853.82 0 
 29895.90 1.2477e-16  30060.77 0 
 30103.11 1.2249e-16  30269.13 0 
 30311.80 1.1998e-16  30478.96 0 
 30521.89 1.1833e-16  30690.22 0 
 30733.44 1.1671e-16  30902.94 0 
 30875.33 1.1458e-16  31045.60 0 
 31089.33 1.1274e-16  31260.79 0 
 31304.85 1.1094e-16  31477.49 0 
 31521.83 1.0917e-16  31695.67 0 
 31667.31 1.0742e-16  31841.96 0 
 31886.84 1.0595e-16  32062.70 0 
 32107.85 1.0474e-16  32284.93 0 
 32330.43 1.0378e-16  32508.74 0 
 32479.65 1.0425e-16  32658.78 0 
 32704.81 1.0792e-16  32885.18 0 
 32931.49 1.2081e-16  33113.11 0 
 33083.49 1.1915e-16  33265.94 0 
 33312.83 1.0259e-16  33496.55 0 
 33466.58 9.5520e-17  33651.15 0 
 33698.59 9.1642e-17  33884.43 0 
 33932.15 8.8939e-17  34119.29 0 
 34088.77 8.6715e-17  34276.77 0 
 34325.08 8.4937e-17  34514.38 0 
 34483.51 8.3194e-17  34673.68 0 
 34722.56 8.1488e-17  34914.05 0 
 34882.82 7.9817e-17  35075.20 0 
 35124.59 7.8360e-17  35318.30 0 
 35286.75 7.6753e-17  35481.36 0 
 35531.33 7.5352e-17  35727.28 0 
 35695.32 7.3806e-17  35892.18 0 
 35860.11 7.2459e-17  36057.88 0 
 36108.66 7.1137e-17  36307.80 0 
 36275.32 6.9838e-17  36475.38 0 
 36526.79 6.8406e-17  36728.23 0 
 36695.38 6.7157e-17  36897.75 0 
 36864.74 6.5780e-17  37068.05 0 
 37120.30 6.4431e-17  37325.02 0 
 37291.63 6.3401e-17  37497.29 0 
 37463.79 6.1958e-17  37670.40 0 
 37723.46 6.1108e-17  37931.50 0 
 37897.57 5.9992e-17  38106.57 0 
 38072.52 5.8897e-17  38282.49 0 
 38336.41 5.7955e-17  38547.83 0 
 38513.35 5.7029e-17  38725.75 0 
 38691.15 5.5859e-17  38904.53 0 
 38869.72 5.4840e-17  39084.09 0 
 39139.14 5.3963e-17  39354.99 0 
 39319.82 5.2978e-17  39536.67 0 
 39501.30 5.2011e-17  39719.15 0 
 39683.62 5.1062e-17  39902.48 0 
 39866.82 5.0014e-17  40086.69 0 
 40143.15 4.9328e-17  40364.54 0 
 40328.42 4.8539e-17  40550.84 0 
 40514.60 4.7544e-17  40738.04 0 
 40701.60 4.6892e-17  40926.07 0 
 40889.45 4.6248e-17  41114.96 0 
 41078.22 4.5509e-17  41304.77 0 
 41267.81 4.4781e-17  41495.41 0 
 41458.28 4.4065e-17  41686.93 0 
 41745.69 4.3361e-17  41975.91 0 
 41938.36 4.2667e-17  42169.65 0 
 42131.92 4.1985e-17  42364.28 0 
 42326.43 4.1504e-17  42559.86 0 
 42521.79 4.0841e-17  42756.29 0 
 42718.04 4.0280e-17  42953.63 0 
 42915.25 3.8823e-17  43151.93 0 
 43113.33 3.7505e-17  43351.10 0 
 43312.31 3.7419e-17  43551.18 0 
 43512.22 3.6066e-17  43752.19 0 
 43713.10 3.5326e-17  43954.18 0 
 43914.85 3.4841e-17  44157.04 0 
 44117.54 3.3736e-17  44360.85 0 
 44321.21 3.3427e-17  44565.64 0 
 44525.77 3.2892e-17  44771.33 0 
 44731.28 3.2070e-17  44977.97 0 
 44937.79 3.1996e-17  45185.62 0 
 45145.19 3.1412e-17  45394.17 0 
 45249.26 3.0768e-17  45498.80 0 
 45458.10 3.0626e-17  45708.80 0 
 45667.96 3.0276e-17  45919.82 0 
 45878.74 2.9519e-17  46131.76 0 
 46090.49 2.9519e-17  46344.68 0 
 46303.27 2.9114e-17  46558.63 0 
 46516.98 2.8780e-17  46773.52 0 
 46731.68 2.8582e-17  46989.40 0 
 46947.37 2.8255e-17  47206.28 0 
 47055.64 2.7867e-17  47315.15 0 
 47272.82 2.7867e-17  47533.53 0 
 47491.01 2.7422e-17  47752.92 0 
 47710.25 2.7170e-17  47973.37 0 
 47930.45 2.6921e-17  48194.79 0 
 48151.67 2.6552e-17  48417.23 0 
 48262.67 2.6552e-17  48528.84 0 
 48485.47 2.6188e-17  48752.87 0 
 48709.26 2.5888e-17  48977.89 0 
 48934.07 2.5650e-17  49203.95 0 
 49046.87 2.5415e-17  49317.36 0 
 49273.30 2.5182e-17  49545.04 0 
 49500.71 2.4951e-17  49773.71 0 
 49729.18 2.4841e-17  50003.44 0 
 49843.81 2.4685e-17  50118.70 0 
 50073.92 2.4773e-17  50350.08 0 
 50305.03 2.4859e-17  50582.46 0 
 50537.21 2.4829e-17  50815.93 0 
 50653.71 2.4786e-17  50933.06 0 
 50770.52 2.4856e-17  51050.52 0 
 50887.55 2.4983e-17  51168.20 0 
 51004.85 2.4938e-17  51286.14 0 
 51122.42 2.4950e-17  51404.36 0 
 51240.26 2.4961e-17  51522.85 0 
 51358.38 2.4972e-17  51641.62 0 
 51476.82 2.5041e-17  51760.71 0 
 51595.47 2.5109e-17  51880.02 0 
 51714.40 2.5177e-17  51999.61 0 
 51833.61 2.5245e-17  52119.47 0 
 51953.09 2.5197e-17  52239.61 0 
 52072.85 2.5264e-17  52360.03 0 
 52192.88 2.5273e-17  52480.72 0 
 52313.24 2.5282e-17  52601.75 0 
 52433.83 2.5348e-17  52723.00 0 
 52554.69 2.5415e-17  52844.53 0 
 52675.83 2.5599e-17  52966.34 0 
 52797.26 2.5606e-17  53088.43 0 
 52918.96 2.5613e-17  53210.80 0 
 53041.00 2.5620e-17  53333.52 0 
 53163.26 2.5686e-17  53456.46 0 
 53285.80 2.5751e-17  53579.68 0 
 53408.63 2.5876e-17  53703.18 0 
 53531.75 2.5881e-17  53826.97 0 
 53655.14 2.6006e-17  53951.05 0 
 53778.82 2.6071e-17  54075.41 0 
 53902.84 2.6136e-17  54200.11 0 
 54027.09 2.6261e-17  54325.05 0 
 54151.63 2.6325e-17  54450.27 0 
 54276.45 2.6329e-17  54575.79 0 
 54401.56 2.6454e-17  54701.59 0 
 54526.96 2.6579e-17  54827.68 0 
 54652.65 2.6644e-17  54954.06 0 
 54778.69 2.6708e-17  55080.79 0 
 54904.96 2.6833e-17  55207.76 0 
 55031.52 2.6959e-17  55335.02 0 
 55158.37 2.7085e-17  55462.57 0 
 55285.51 2.7274e-17  55590.41 0 
 55412.95 2.7465e-17  55718.55 0 
 55540.74 2.7466e-17  55847.05 0 
 55668.76 2.7657e-17  55975.78 0 
 55797.09 2.7848e-17  56104.81 0 
 55925.70 2.7977e-17  56234.13 0 
 56054.62 2.8171e-17  56363.76 0 
 56183.83 2.8300e-17  56493.68 0 
 56313.33 2.8495e-17  56623.90 0 
 56443.20 2.8692e-17  56754.48 0 
 56573.31 2.8956e-17  56885.31 0 
 56703.71 2.9154e-17  57016.43 0 
 56834.42 2.9354e-17  57147.86 0 
 56965.43 2.9555e-17  57279.59 0 
 57096.73 2.9895e-17  57411.62 0 
 57228.41 3.0168e-17  57544.02 0 
 57360.33 3.0514e-17  57676.67 0 
 57492.55 3.0793e-17  57809.62 0 
 57625.07 3.1145e-17  57942.87 0 
 57757.90 3.1501e-17  58076.43 0 
 57891.04 3.1935e-17  58210.30 0 
 58024.48 3.2374e-17  58344.48 0 
 58158.29 3.2819e-17  58479.04 0 
 58292.35 3.3269e-17  58613.83 0 
 58426.72 3.3803e-17  58748.94 0 
 58561.40 3.4425e-17  58884.36 0 
 58696.38 3.5058e-17  59020.09 0 
 58831.68 3.5702e-17  59156.14 0 
 58967.30 3.6525e-17  59292.50 0 
 59104.54 2.9342e-17  59430.50 3 
 59405.38 3.8753e-17  59733.00 3 
 59706.12 4.2998e-17  60035.40 3 
 60006.86 4.5265e-17  60337.80 3 
 60307.61 4.2772e-17  60640.20 3 
 60608.35 4.5564e-17  60942.60 3 
 60909.18 4.8228e-17  61245.10 3 
 61209.93 6.6382e-17  61547.50 3 
 61510.67 9.8006e-17  61849.90 3 
 61811.41 1.2970e-16  62152.30 3 
 62112.15 1.4616e-16  62454.70 3 
 62413.00 1.2709e-16  62757.20 3 
 62713.74 1.1242e-16  63059.60 3 
 63014.48 9.1192e-17  63362.00 3 
 63315.22 7.1767e-17  63664.40 3 
 63615.95 6.6972e-17  63966.80 3 
 63916.80 5.6196e-17  64269.30 3 
 64217.54 5.3654e-17  64571.70 3 
 64518.28 4.8595e-17  64874.10 3 
 64819.02 4.7701e-17  65176.50 3 
 65119.77 4.6424e-17  65478.90 3 
 65420.60 4.3245e-17  65781.40 3 
 65721.34 3.6632e-17  66083.80 3 
 66022.08 4.7337e-17  66386.20 3 
 66322.83 4.5670e-17  66688.60 3 
 66623.57 4.3138e-17  66991.00 3 
 66924.41 4.5732e-17  67293.50 3 
 67225.15 3.1513e-17  67595.90 3 
 67525.90 4.3512e-17  67898.30 3 
 67826.63 4.3031e-17  68200.70 3 
 68127.38 3.9532e-17  68503.10 3 
 68428.22 4.5363e-17  68805.60 3 
 68728.96 4.7035e-17  69108.00 3 
 69029.70 4.1525e-17  69410.40 3 
 69330.45 4.2552e-17  69712.80 3 
 69631.19 5.1455e-17  70015.20 3 
 69932.03 6.3739e-17  70317.70 3 
 70232.77 4.5313e-17  70620.10 3 
 70533.51 4.3380e-17  70922.50 3 
 70834.25 5.1828e-17  71224.90 3 
 71134.99 4.8079e-17  71527.30 3 
 71435.83 5.5543e-17  71829.80 3 
 71736.58 4.7863e-17  72132.20 3 
 72037.32 5.3934e-17  72434.60 3 
 72338.06 5.9864e-17  72737.00 3 
 72638.80 5.7714e-17  73039.40 3 
 72939.64 5.0516e-17  73341.90 3 
 73240.38 6.7389e-17  73644.30 3 
 73541.12 7.0797e-17  73946.70 3 
 73841.86 7.4555e-17  74249.10 3 
 74142.60 8.2521e-17  74551.50 3 
 74443.44 9.6558e-17  74854.00 3 
 74744.18 9.6466e-17  75156.40 3 
 75044.92 8.7330e-17  75458.80 3 
 75345.66 7.8550e-17  75761.20 3 
 75947.15 1.2361e-16  76366.00 3 
 76548.73 1.1249e-16  76970.90 3 
 77150.21 1.0177e-16  77575.70 3 
 77751.70 1.0083e-16  78180.50 3 
 78353.28 9.7237e-17  78785.40 3 
 78954.77 8.5787e-17  79390.20 3 
 79556.35 7.3403e-17  79995.10 3 
 80157.83 5.6536e-17  80599.90 3 
 80759.32 5.1249e-17  81204.70 3 
 81360.89 4.8883e-17  81809.59 3 
 81962.38 4.9209e-17  82414.40 3 
 82563.86 4.5671e-17  83019.20 3 
 83165.44 4.8249e-17  83624.09 3 
 83766.92 5.2715e-17  84228.90 3 
 84368.40 4.9649e-17  84833.70 3 
 84969.99 5.2422e-17  85438.60 3 
 85571.47 6.0547e-17  86043.40 3 
 86173.06 5.6104e-17  86648.30 3 
 86774.54 5.1861e-17  87253.10 3 
 87376.03 4.0062e-17  87857.91 3 
 87977.61 3.2729e-17  88462.80 3 
 88579.09 2.7668e-17  89067.60 3 
 89180.58 2.6220e-17  89672.41 3 
 89782.15 3.2261e-17  90277.30 3 
 90383.64 2.5356e-17  90882.10 3 
 90985.12 1.6499e-17  91486.90 3 
 91586.70 1.6788e-17  92091.80 3 
 92188.18 1.5960e-17  92696.60 3 
 92789.76 1.7356e-17  93301.50 3 
 93391.24 1.8314e-17  93906.30 3 
 93992.73 1.6489e-17  94511.10 3 
 94594.30 1.6329e-17  95115.99 3 
 95195.79 1.5620e-17  95720.80 3 
 95797.28 1.5931e-17  96325.60 3 
 96398.86 1.6558e-17  96930.50 3 
 97000.34 2.1728e-17  97535.30 3 
 97601.82 1.6641e-17  98140.09 3 
 98203.41 1.4921e-17  98745.00 3 
 98804.90 1.5337e-17  99349.80 3 
 99406.48 1.5575e-17  99954.70 3 
100007.96 1.4944e-17 100559.50 3 
100609.44 1.5368e-17 101164.30 3 
101211.02 1.5513e-17 101769.20 3 
101812.50 1.5547e-17 102374.00 3 
102413.99 1.6661e-17 102978.80 3 
103015.56 1.5914e-17 103583.70 3 
103617.05 1.5857e-17 104188.50 3 
104218.53 1.9297e-17 104793.30 3 
104820.11 3.0750e-17 105398.20 3 
105421.60 2.8530e-17 106003.00 3 
106023.19 1.9744e-17 106607.91 3 
106624.66 1.9262e-17 107212.70 3 
107226.15 1.8570e-17 107817.50 3 
107827.74 1.9099e-17 108422.41 3 
108429.22 1.8946e-17 109027.20 3 
109030.70 2.2376e-17 109632.00 3 
109632.28 2.4129e-17 110236.90 3 
110233.76 2.8018e-17 110841.70 3 
110835.25 2.9347e-17 111446.51 3 
111436.82 4.3665e-17 112051.40 3 
112038.31 6.0994e-17 112656.20 3 
112639.89 6.4099e-17 113261.10 3 
113241.37 5.0504e-17 113865.90 3 
113842.86 3.8259e-17 114470.70 3 
114444.44 3.2236e-17 115075.60 3 
115045.92 2.7900e-17 115680.40 3 
115647.41 2.5930e-17 116285.20 3 
116248.98 2.4125e-17 116890.09 3 
116850.47 2.2133e-17 117494.90 3 
117451.95 2.2279e-17 118099.70 3 
118053.53 2.3314e-17 118704.59 3 
118655.02 2.3629e-17 119309.40 3 
119256.60 2.4786e-17 119914.30 3 
119858.08 2.3137e-17 120519.10 3 
120459.56 2.2663e-17 121123.90 3 
121061.15 2.1479e-17 121728.80 3 
121662.63 2.1887e-17 122333.60 3 
122264.12 2.1373e-17 122938.41 3 
122865.69 2.1816e-17 123543.30 3 
123467.18 2.3395e-17 124148.10 3 
124068.67 2.3695e-17 124752.91 3 
124670.24 2.4795e-17 125357.80 3 
125271.73 2.5623e-17 125962.60 3 
125873.31 2.7218e-17 126567.50 3 
126474.79 2.9651e-17 127172.30 3 
127076.28 3.1850e-17 127777.10 3 
127677.86 3.9144e-17 128382.00 3 
128279.34 4.6150e-17 128986.80 3 
128880.82 2.9855e-17 129591.60 3 
129482.41 2.0284e-17 130196.51 3 
130083.88 1.9749e-17 130801.30 3 
130685.36 1.7557e-17 131406.09 3 
131286.95 1.7549e-17 132011.00 3 
131888.43 1.6657e-17 132615.80 3 
132489.91 1.8304e-17 133220.59 3 
133091.50 1.9878e-17 133825.50 3 
133692.98 1.9158e-17 134430.30 3 
134294.57 2.0418e-17 135035.20 3 
134896.05 2.1590e-17 135640.00 3 
135497.53 2.0383e-17 136244.80 3 
136099.12 1.9775e-17 136849.70 3 
136700.60 1.7110e-17 137454.50 3 
137302.08 1.7746e-17 138059.30 3 
137903.66 1.8532e-17 138664.20 3 
138505.14 1.6076e-17 139269.00 3 
139106.62 1.6949e-17 139873.80 3 
139708.21 1.4968e-17 140478.70 3 
140309.69 1.7171e-17 141083.50 3 
140911.28 1.7226e-17 141688.41 3 
141512.76 2.2522e-17 142293.20 3 
142114.24 1.7799e-17 142898.00 3 
142715.83 1.7534e-17 143502.91 3 
143317.31 1.4970e-17 144107.70 3 
143918.79 1.6212e-17 144712.50 3 
144974.56 1.8595e-17 145774.09 3 
145816.73 1.8143e-17 146620.91 3 
146658.88 1.7987e-17 147467.70 3 
147501.03 1.6332e-17 148314.50 3 
148343.09 1.4838e-17 149161.20 3 
149185.24 1.4272e-17 150008.00 3 
150027.40 1.8641e-17 150854.80 3 
150869.45 1.8179e-17 151701.50 3 
151711.61 1.8531e-17 152548.30 3 
152553.76 1.8801e-17 153395.09 3 
153395.82 1.6992e-17 154241.80 3 
154237.97 1.9016e-17 155088.59 3 
155080.14 4.2753e-17 155935.41 3 
155922.20 5.6916e-17 156782.11 3 
156764.35 2.9921e-17 157628.91 3 
157606.50 1.9567e-17 158475.70 3 
158448.55 2.0504e-17 159322.39 3 
159290.71 2.2423e-17 160169.20 3 
160132.87 2.1991e-17 161016.00 3 
160975.02 1.8645e-17 161862.80 3 
161817.08 1.9977e-17 162709.50 3 
162659.25 2.1896e-17 163556.31 3 
163501.38 2.3866e-17 164403.09 3 
164343.46 2.6521e-17 165249.81 3 
165185.60 2.5333e-17 166096.59 3 
166027.75 2.3945e-17 166943.39 3 
166869.82 2.4370e-17 167790.11 3 
167711.96 2.3249e-17 168636.89 3 
168554.13 2.3461e-17 169483.70 3 
169396.17 2.3149e-17 170330.39 3 
170238.34 2.5341e-17 171177.20 3 
171080.49 2.5347e-17 172024.00 3 
171922.53 2.5434e-17 172870.69 3 
172764.70 2.4503e-17 173717.50 3 
173606.86 2.4696e-17 174564.30 3 
174449.01 2.2496e-17 175411.09 3 
175291.07 2.3340e-17 176257.80 3 
176133.23 2.4748e-17 177104.61 3 
176975.37 2.5196e-17 177951.39 3 
177817.45 2.4109e-17 178798.11 3 
178659.60 2.3463e-17 179644.91 3 
179501.75 2.3354e-17 180491.70 3 
180343.81 2.1198e-17 181338.41 3 
181185.95 2.2083e-17 182185.19 3 
182028.11 2.2962e-17 183032.00 3 
182870.17 2.2907e-17 183878.70 3 
183712.33 2.2408e-17 184725.50 3 
184554.48 2.2086e-17 185572.30 3 
185396.52 2.1816e-17 186418.98 3 
186238.69 3.2381e-17 187265.80 3 
187080.86 5.3465e-17 188112.61 3 
187923.01 4.1590e-17 188959.41 3 
188765.05 2.6439e-17 189806.09 3 
189607.22 2.3150e-17 190652.91 3 
190449.36 2.3092e-17 191499.69 3 
191291.43 2.1317e-17 192346.41 3 
192133.59 2.2575e-17 193193.20 3 
192975.74 2.0715e-17 194040.00 3 
193817.80 2.1216e-17 194886.70 3 
194659.97 2.0846e-17 195733.52 3 
195502.10 2.2198e-17 196580.30 3 
196344.16 2.1994e-17 197427.00 3 
197186.31 2.1630e-17 198273.80 3 
198028.47 2.0001e-17 199120.59 3 
198870.54 2.1564e-17 199967.31 3 
199712.68 2.2609e-17 200814.09 3 
200554.85 2.3126e-17 201660.91 3 
201397.00 2.3434e-17 202507.70 3 
202239.04 2.1625e-17 203354.39 3 
203081.21 2.1646e-17 204201.20 3 
204765.42 2.0665e-17 205894.70 3 
206449.73 2.2755e-17 207588.30 3 
208133.95 2.2294e-17 209281.81 3 
209818.15 2.1667e-17 210975.30 3 
211502.45 2.2848e-17 212668.89 3 
213186.67 2.2483e-17 214362.39 3 
214870.99 2.2567e-17 216056.00 3 
216555.20 2.2774e-17 217749.50 3 
218239.41 2.2442e-17 219443.00 3 
219923.73 2.2458e-17 221136.61 3 
221607.94 2.1895e-17 222830.11 3 
223292.14 2.2861e-17 224523.59 3 
224976.44 2.3692e-17 226217.19 3 
226660.67 2.2476e-17 227910.70 3 
228344.97 2.3195e-17 229604.30 3 
230029.19 2.3209e-17 231297.80 3 
231713.40 2.2774e-17 232991.30 3 
233397.72 2.2609e-17 234684.91 3 
235081.93 2.3350e-17 236378.41 3 
236766.14 2.3380e-17 238071.91 3 
238450.43 2.3542e-17 239765.48 3 
240134.66 2.4506e-17 241459.00 3 
241818.96 2.3852e-17 243152.59 3 
243503.17 2.3973e-17 244846.09 3 
245187.39 2.4133e-17 246539.59 3 
246871.71 2.3781e-17 248233.20 3 
248555.92 2.4071e-17 249926.70 3 
250240.13 2.4233e-17 251620.20 3 
251924.45 2.4598e-17 253313.81 3 
253608.66 2.4712e-17 255007.31 3 
255292.95 2.4767e-17 256700.89 3 
256977.16 2.4352e-17 258394.39 3 
258661.37 2.3938e-17 260087.89 3 
260345.69 2.5020e-17 261781.50 3 
262029.91 2.4370e-17 263475.00 3 
263714.12 2.5180e-17 265168.50 3 
265398.42 2.4816e-17 266862.09 3 
267082.63 2.4576e-17 268555.59 3 
268766.94 2.4641e-17 270249.19 3 
270451.15 2.4856e-17 271942.69 3 
272135.39 2.5230e-17 273636.22 3 
273819.70 2.4887e-17 275329.81 3 
275503.88 2.5202e-17 277023.28 3 
277188.09 2.4837e-17 278716.78 3 
278872.42 2.4542e-17 280410.41 3 
280556.64 2.5002e-17 282103.91 3 
282240.94 2.4946e-17 283797.50 3 
283925.15 2.5472e-17 285491.00 3 
285609.36 2.5555e-17 287184.50 3 
287293.67 2.5832e-17 288878.09 3 
288977.88 2.5662e-17 290571.59 3 
290662.09 2.6319e-17 292265.09 3 
292346.40 2.6458e-17 293958.69 3 
294030.61 2.6242e-17 295652.19 3 
295714.91 2.6593e-17 297345.78 3 
297399.16 2.6144e-17 299039.31 3 
299083.37 2.6086e-17 300732.81 3 
300767.67 2.6061e-17 302426.41 3 
302451.88 2.6157e-17 304119.91 3 
304136.10 2.6231e-17 305813.41 3 
305820.40 2.6559e-17 307507.00 3 
307504.61 2.6458e-17 309200.50 3 
309188.92 2.6632e-17 310894.09 3 
310873.13 2.7048e-17 312587.59 3 
312557.34 2.6891e-17 314281.09 3 
314241.64 2.7867e-17 315974.69 3 
315925.89 2.7575e-17 317668.22 3 
317610.10 2.7263e-17 319361.72 3 
319294.40 2.6919e-17 321055.31 3 
320978.58 2.8749e-17 322748.78 3 
322662.92 2.8201e-17 324442.41 3 
324347.13 2.7696e-17 326135.91 3 
326031.34 2.7677e-17 327829.41 3 
327715.65 2.8228e-17 329523.00 3 
329399.86 2.8444e-17 331216.50 3 
331084.07 2.9951e-17 332910.00 3 
332768.41 3.5822e-17 334603.62 3 
334452.62 5.2237e-17 336297.12 3 
336136.89 3.5367e-17 337990.69 3 
337821.10 3.0794e-17 339684.19 3 
339505.35 3.1346e-17 341377.72 3 
341189.62 2.8584e-17 343071.28 3 
342873.83 2.9340e-17 344764.78 3 
344558.04 3.0028e-17 346458.28 3 
346242.38 3.6561e-17 348151.91 3 
347926.56 4.2239e-17 349845.38 3 
