# An Atlas of Galaxy Spectral Energy Distributions from the Ultraviolet to the Mid-Infrared
# Brown et al. (2014)
# http://dx.doi.org/10.5072/03/529D3551F0117
# 
# Column 1 : Restframe Wavelength (Angstrom)
# Column 2 : Flux per unit wavelength (ergs/s/cm^2/Angstrom)
# Column 3 : Observed wavelength (Angstrom)
# Column 4 : Source (0 = model, 1 = Optical Spectrum, 2 = Akari, 3 = Spitzer IRS)
# 
   100.11 5.4928e-21    100.46 0 
   101.98 6.6343e-21    102.33 0 
   104.11 7.3248e-21    104.47 0 
   106.05 8.3521e-21    106.41 0 
   108.02 9.6782e-21    108.39 0 
   110.03 1.3360e-20    110.41 0 
   113.89 1.6436e-20    114.29 0 
   117.90 1.9178e-20    118.30 0 
   120.92 5.8586e-20    121.34 0 
   124.88 6.6957e-20    125.31 0 
   126.91 6.9951e-20    127.35 0 
   128.08 7.2410e-20    128.53 0 
   131.07 7.6700e-20    131.52 0 
   131.98 8.7055e-20    132.43 0 
   134.12 8.9701e-20    134.59 0 
   136.93 1.0563e-19    137.40 0 
   140.12 1.1112e-19    140.60 0 
   143.05 2.3110e-19    143.55 0 
   147.06 4.2736e-19    147.57 0 
   150.83 4.4750e-19    151.36 0 
   155.06 4.7402e-19    155.60 0 
   159.04 5.0326e-19    159.59 0 
   161.99 5.2335e-19    162.55 0 
   166.15 5.5564e-19    166.72 0 
   170.02 5.8049e-19    170.61 0 
   173.18 6.0366e-19    173.78 0 
   176.81 6.2921e-19    177.42 0 
   180.09 6.4833e-19    180.72 0 
   182.18 6.6038e-19    182.81 0 
   185.99 6.8675e-19    186.64 0 
   191.20 7.1746e-19    191.87 0 
   193.86 7.4096e-19    194.54 0 
   197.92 7.6524e-19    198.61 0 
   202.07 7.9213e-19    202.77 0 
   204.88 8.1058e-19    205.59 0 
   210.13 8.1058e-19    210.86 0 
   216.02 8.7659e-19    216.77 0 
   220.04 9.0531e-19    220.80 0 
   223.10 9.1368e-19    223.87 0 
   227.25 9.4362e-19    228.03 0 
   229.88 1.4054e-18    230.67 0 
   234.15 2.2740e-18    234.96 0 
   240.16 3.0047e-18    240.99 0 
   245.75 2.7977e-18    246.60 0 
   252.06 2.9430e-18    252.93 0 
   256.74 2.2951e-18    257.63 0 
   259.72 2.8106e-18    260.62 0 
   263.94 2.9634e-18    264.85 0 
   268.84 2.9363e-18    269.77 0 
   273.84 2.8893e-18    274.79 0 
   278.93 2.8301e-18    279.90 0 
   284.12 2.8171e-18    285.10 0 
   290.07 2.6595e-18    291.07 0 
   296.14 2.6290e-18    297.17 0 
   300.95 2.4536e-18    302.00 0 
   307.96 2.4992e-18    309.03 0 
   318.05 2.5398e-18    319.15 0 
   327.72 2.4706e-18    328.85 0 
   337.67 2.3812e-18    338.84 0 
   347.93 2.2845e-18    349.14 0 
   356.86 2.2532e-18    358.10 0 
   366.01 2.2636e-18    367.28 0 
   375.40 2.1918e-18    376.70 0 
   385.03 2.0314e-18    386.37 0 
   394.91 2.0739e-18    396.28 0 
   405.04 2.0644e-18    406.44 0 
   414.47 1.9989e-18    415.91 0 
   422.18 1.9222e-18    423.64 0 
   430.03 1.8569e-18    431.52 0 
   441.06 1.8399e-18    442.59 0 
   451.33 1.7939e-18    452.90 0 
   459.72 1.7211e-18    461.32 0 
   470.43 1.6858e-18    472.06 0 
   480.28 1.6896e-18    481.95 0 
   490.34 1.6210e-18    492.04 0 
   499.46 1.6665e-18    501.19 0 
   506.40 2.1767e-18    508.16 0 
   512.27 6.2058e-18    514.04 0 
   520.59 6.3650e-18    522.40 0 
   530.27 6.5433e-18    532.11 0 
   540.13 6.1206e-18    542.00 0 
   550.17 8.5664e-18    552.08 0 
   560.40 1.0158e-17    562.34 0 
   569.51 1.1371e-17    571.48 0 
   580.09 1.0661e-17    582.10 0 
   589.52 1.3056e-17    591.56 0 
   600.48 1.3329e-17    602.56 0 
   610.24 1.5660e-17    612.35 0 
   620.15 1.7815e-17    622.30 0 
   630.23 1.9090e-17    632.41 0 
   640.47 1.9178e-17    642.69 0 
   649.38 2.1667e-17    651.63 0 
   658.41 2.2898e-17    660.69 0 
   664.50 2.4255e-17    666.81 0 
   675.30 2.4479e-17    677.64 0 
   684.70 2.4032e-17    687.07 0 
   694.22 3.0605e-17    696.63 0 
   705.50 2.8827e-17    707.95 0 
   715.32 3.4657e-17    717.79 0 
   725.27 3.5958e-17    727.78 0 
   735.36 3.7222e-17    737.90 0 
   745.59 4.1572e-17    748.17 0 
   754.22 4.3934e-17    756.83 0 
   764.71 4.6004e-17    767.36 0 
   775.35 5.0095e-17    778.04 0 
   784.33 5.3308e-17    787.05 0 
   795.24 5.5692e-17    797.99 0 
   804.45 5.8049e-17    807.24 0 
   815.64 5.9951e-17    818.46 0 
   825.08 6.5132e-17    827.94 0 
   834.64 5.4550e-17    837.53 0 
   844.30 6.8359e-17    847.23 0 
   854.08 7.0436e-17    857.04 0 
   865.96 7.5474e-17    868.96 0 
   875.99 8.0315e-17    879.02 0 
   884.09 8.6456e-17    887.16 0 
   894.33 9.0739e-17    897.43 0 
   904.69 9.1158e-17    907.82 0 
   915.16 1.3329e-16    918.33 0 
   925.76 8.6257e-16    928.97 0 
   934.32 1.8915e-15    937.56 0 
   945.14 3.6374e-15    948.42 0 
   956.09 5.1027e-15    959.40 0 
   964.93 5.8586e-15    968.28 0 
   976.11 1.0181e-15    979.49 0 
   985.14 5.2095e-15    988.55 0 
   994.26 5.3308e-15    997.70 0 
  1005.77 7.4096e-15   1009.25 0 
  1015.07 6.9151e-15   1018.59 0 
  1024.47 2.8431e-15   1028.02 0 
  1033.95 4.8506e-15   1037.53 0 
  1045.92 9.0323e-15   1049.54 0 
  1055.60 8.8267e-15   1059.25 0 
  1065.36 7.0761e-15   1069.05 0 
  1075.22 8.2755e-15   1078.95 0 
  1085.17 6.6038e-15   1088.93 0 
  1095.21 8.4878e-15   1099.01 0 
  1105.35 8.1058e-15   1109.18 0 
  1115.57 7.7946e-15   1119.44 0 
  1125.89 7.0113e-15   1129.80 0 
  1133.70 8.6257e-15   1137.63 0 
  1144.19 7.7946e-15   1148.15 0 
  1154.78 8.1997e-15   1158.78 0 
  1165.46 8.4100e-15   1169.50 0 
  1176.24 5.9675e-15   1180.32 0 
  1184.40 7.9946e-15   1188.50 0 
  1195.36 5.5564e-15   1199.50 0 
  1203.64 4.0625e-15   1207.81 0 
  1214.78 2.4877e-15   1218.99 0 
  1226.02 5.1736e-15   1230.27 0 
  1234.52 7.7410e-15   1238.80 0 
  1245.94 8.4878e-15   1250.26 0 
  1254.58 8.1245e-15   1258.93 0 
  1266.19 6.9951e-15   1270.57 0 
  1274.96 8.8470e-15   1279.38 0 
  1283.80 9.1790e-15   1288.25 0 
  1295.68 7.4096e-15   1300.17 0 
  1304.66 7.2576e-15   1309.18 0 
  1313.70 8.8267e-15   1318.26 0 
  1325.86 8.4294e-15   1330.45 0 
  1335.05 7.5127e-15   1339.68 0 
  1344.31 8.7256e-15   1348.96 0 
  1353.62 8.4100e-15   1358.31 0 
  1366.15 7.5648e-15   1370.88 0 
  1375.62 7.8668e-15   1380.38 0 
  1385.15 7.9031e-15   1389.95 0 
  1394.75 6.8992e-15   1399.59 0 
  1404.42 7.0924e-15   1409.29 0 
  1414.16 7.2576e-15   1419.06 0 
  1423.96 7.3586e-15   1428.89 0 
  1433.83 7.2744e-15   1438.80 0 
  1440.45 7.6172e-15   1445.44 0 
  1447.10 7.6877e-15   1452.11 0 
  1453.78 7.4610e-15   1458.81 0 
  1463.85 6.9151e-15   1468.93 0 
  1474.00 6.8517e-15   1479.11 0 
  1484.22 6.9151e-15   1489.36 0 
  1494.51 6.9790e-15   1499.69 0 
  1504.87 6.6038e-15   1510.08 0 
  1511.81 5.9401e-15   1517.05 0 
  1515.30 6.2921e-15   1520.55 0 
  1525.80 6.0925e-15   1531.09 0 
  1536.38 5.3308e-15   1541.70 0 
  1543.47 5.7385e-15   1548.82 0 
  1554.17 5.4175e-15   1559.55 0 
  1564.94 5.5055e-15   1570.36 0 
  1575.79 5.8049e-15   1581.25 0 
  1586.71 6.0089e-15   1592.21 0 
  1594.03 6.1066e-15   1599.56 0 
  1605.08 5.9401e-15   1610.65 0 
  1616.21 5.9128e-15   1621.81 0 
  1623.67 5.6208e-15   1629.30 0 
  1634.92 5.8992e-15   1640.59 0 
  1646.26 5.9401e-15   1651.96 0 
  1653.86 5.5182e-15   1659.59 0 
  1665.32 5.9401e-15   1671.09 0 
  1673.01 5.3555e-15   1678.80 0 
  1676.86 5.8992e-15   1682.67 0 
  1684.60 6.0785e-15   1690.44 0 
  1696.28 5.7385e-15   1702.16 0 
  1704.11 5.4928e-15   1710.02 0 
  1715.92 5.2095e-15   1721.87 0 
  1723.84 5.1499e-15   1729.82 0 
  1735.79 5.4175e-15   1741.81 0 
  1743.80 5.2698e-15   1749.85 0 
  1755.89 5.5437e-15   1761.98 0 
  1764.00 5.1144e-15   1770.11 0 
  1776.22 5.1975e-15   1782.38 0 
  1784.42 5.2577e-15   1790.61 0 
  1796.79 5.5055e-15   1803.02 0 
  1805.09 5.4550e-15   1811.34 0 
  1813.42 5.0559e-15   1819.70 0 
  1825.99 5.1262e-15   1832.31 0 
  1834.42 4.9408e-15   1840.77 0 
  1842.88 4.5687e-15   1849.27 0 
  1855.66 4.5477e-15   1862.09 0 
  1864.22 4.6323e-15   1870.68 0 
  1877.15 4.9522e-15   1883.65 0 
  1885.81 4.5582e-15   1892.34 0 
  1894.51 4.3531e-15   1901.08 0 
  1903.26 4.5898e-15   1909.85 0 
  1916.45 4.4136e-15   1923.09 0 
  1925.30 4.3132e-15   1931.97 0 
  1934.18 4.4545e-15   1940.89 0 
  1943.11 4.5687e-15   1949.84 0 
  1956.58 4.2638e-15   1963.36 0 
  1965.61 4.5793e-15   1972.42 0 
  1974.68 4.6967e-15   1981.53 0 
  1983.80 4.4340e-15   1990.67 0 
  1992.96 4.3032e-15   1999.86 0 
  2006.77 4.4035e-15   2013.72 0 
  2016.03 4.2638e-15   2023.02 0 
  2025.34 4.4340e-15   2032.36 0 
  2034.69 4.1860e-15   2041.74 0 
  2044.08 4.2835e-15   2051.16 0 
  2053.51 4.0532e-15   2060.63 0 
  2062.99 4.1001e-15   2070.14 0 
  2072.52 4.3431e-15   2079.70 0 
  2077.29 4.1096e-15   2084.49 0 
  2086.88 4.2344e-15   2094.11 0 
  2096.51 4.0160e-15   2103.78 0 
  2106.19 4.0625e-15   2113.49 0 
  2115.91 4.0719e-15   2123.24 0 
  2125.68 4.1096e-15   2133.04 0 
  2135.49 3.8708e-15   2142.89 0 
  2145.35 3.8976e-15   2152.78 0 
  2155.25 4.0068e-15   2162.72 0 
  2165.20 3.8976e-15   2172.70 0 
  2175.19 3.8530e-15   2182.73 0 
  2185.23 3.7653e-15   2192.81 0 
  2195.32 3.8976e-15   2202.93 0 
  2205.45 3.7914e-15   2213.09 0 
  2215.63 3.6542e-15   2223.31 0 
  2225.86 3.5383e-15   2233.57 0 
  2236.13 3.6880e-15   2243.88 0 
  2246.45 3.5546e-15   2254.24 0 
  2256.82 3.4419e-15   2264.64 0 
  2267.24 3.4898e-15   2275.10 0 
  2272.47 3.5465e-15   2280.34 0 
  2282.96 3.5793e-15   2290.87 0 
  2293.49 3.4026e-15   2301.44 0 
  2304.08 3.3877e-15   2312.07 0 
  2314.72 3.2658e-15   2322.74 0 
  2325.40 2.7170e-15   2333.46 0 
  2336.13 3.1059e-15   2344.23 0 
  2346.92 3.0358e-15   2355.05 0 
  2352.33 3.1574e-15   2360.48 0 
  2363.19 2.9883e-15   2371.37 0 
  2374.09 3.0235e-15   2382.32 0 
  2385.05 2.8748e-15   2393.32 0 
  2396.06 2.9971e-15   2404.36 0 
  2407.12 2.8894e-15   2415.46 0 
  2412.67 2.9164e-15   2421.03 0 
  2423.81 2.9988e-15   2432.20 0 
  2434.99 2.8844e-15   2443.43 0 
  2446.23 2.9864e-15   2454.71 0 
  2457.52 2.9326e-15   2466.04 0 
  2463.19 2.9127e-15   2471.72 0 
  2474.56 2.8275e-15   2483.13 0 
  2485.98 2.8940e-15   2494.60 0 
  2497.46 2.6890e-15   2506.11 0 
  2503.21 2.9218e-15   2511.89 0 
  2514.77 2.7211e-15   2523.48 0 
  2520.56 2.8041e-15   2529.30 0 
  2526.38 2.7030e-15   2535.13 0 
  2532.20 2.6971e-15   2540.97 0 
  2543.89 2.6424e-15   2552.70 0 
  2555.63 2.7359e-15   2564.48 0 
  2567.43 2.6990e-15   2576.32 0 
  2573.34 2.7878e-15   2582.26 0 
  2585.22 2.7629e-15   2594.18 0 
  2597.15 2.7319e-15   2606.15 0 
  2603.14 2.6578e-15   2612.16 0 
  2615.16 2.6340e-15   2624.22 0 
  2627.23 2.6713e-15   2636.33 0 
  2633.28 2.6778e-15   2642.41 0 
  2645.44 2.7918e-15   2654.61 0 
  2657.65 2.7797e-15   2666.86 0 
  2663.78 2.6366e-15   2673.01 0 
  2676.07 2.6925e-15   2685.34 0 
  2682.24 2.6681e-15   2691.54 0 
  2694.62 2.5901e-15   2703.96 0 
  2707.06 2.6087e-15   2716.44 0 
  2713.30 2.5321e-15   2722.70 0 
  2725.82 2.5269e-15   2735.27 0 
  2732.11 2.5920e-15   2741.57 0 
  2744.72 2.3975e-15   2754.23 0 
  2757.39 2.3981e-15   2766.94 0 
  2763.74 2.4317e-15   2773.32 0 
  2776.50 2.4948e-15   2786.12 0 
  2782.90 2.4439e-15   2792.54 0 
  2795.75 2.1439e-15   2805.43 0 
  2802.19 2.2452e-15   2811.90 0 
  2815.13 2.4511e-15   2824.88 0 
  2828.12 2.4574e-15   2837.92 0 
  2834.64 2.3743e-15   2844.46 0 
  2847.72 2.3369e-15   2857.59 0 
  2854.29 2.3158e-15   2864.18 0 
  2867.46 2.3813e-15   2877.40 0 
  2874.07 2.3490e-15   2884.03 0 
  2887.34 2.3496e-15   2897.34 0 
  2894.00 2.3177e-15   2904.02 0 
  2907.35 2.3832e-15   2917.43 0 
  2927.51 2.3246e-15   2937.65 0 
  2947.80 2.2830e-15   2958.01 0 
  2968.23 2.2735e-15   2978.52 0 
  2988.81 2.2484e-15   2999.16 0 
  3009.52 2.2390e-15   3019.95 0 
  3030.38 2.2194e-15   3040.89 0 
  3051.39 2.1898e-15   3061.96 0 
  3072.54 2.1657e-15   3083.19 0 
  3086.72 2.1464e-15   3097.42 0 
  3108.12 2.1179e-15   3118.89 0 
  3129.66 2.0849e-15   3140.51 0 
  3151.36 2.0715e-15   3162.28 0 
  3173.20 2.0439e-15   3184.20 0 
  3187.85 1.9797e-15   3198.90 0 
  3209.95 1.9897e-15   3221.07 0 
  3232.20 1.9452e-15   3243.40 0 
  3247.12 1.9548e-15   3258.37 0 
  3269.62 1.9512e-15   3280.95 0 
  3292.29 1.9297e-15   3303.70 0 
  3307.48 1.9126e-15   3318.94 0 
  3322.75 1.9264e-15   3334.26 0 
  3330.41 1.9267e-15   3341.95 0 
  3338.09 1.8702e-15   3349.66 0 
  3345.78 1.8705e-15   3357.38 0 
  3353.50 1.8579e-15   3365.12 0 
  3361.23 1.8454e-15   3372.87 0 
  3368.98 1.8203e-15   3380.65 0 
  3376.74 1.7710e-15   3388.44 0 
  3384.52 1.8125e-15   3396.25 0 
  3392.33 1.8550e-15   3404.08 0 
  3400.15 1.8985e-15   3411.93 0 
  3407.99 1.7967e-15   3419.79 0 
  3415.84 1.8178e-15   3427.68 0 
  3423.72 1.8562e-15   3435.58 0 
  3431.61 1.8607e-15   3443.50 0 
  3439.52 1.8440e-15   3451.44 0 
  3447.45 1.7735e-15   3459.39 0 
  3455.40 1.7534e-15   3467.37 0 
  3463.36 1.7138e-15   3475.36 0 
  3471.35 1.7540e-15   3483.37 0 
  3479.35 1.7143e-15   3491.40 0 
  3487.37 1.7345e-15   3499.45 0 
  3495.41 1.7468e-15   3507.52 0 
  3503.46 1.7270e-15   3515.60 0 
  3511.54 1.7036e-15   3523.71 0 
  3519.64 1.7078e-15   3531.83 0 
  3527.75 1.7002e-15   3539.97 0 
  3535.88 1.7321e-15   3548.13 0 
  3544.03 1.7525e-15   3556.31 0 
  3552.20 1.7487e-15   3564.51 0 
  3560.39 1.7410e-15   3572.73 0 
  3568.60 1.6977e-15   3580.96 0 
  3576.83 1.6253e-15   3589.22 0 
  3585.07 1.6069e-15   3597.49 0 
  3593.33 1.6109e-15   3605.79 0 
  3601.62 1.6640e-15   3614.10 0 
  3609.92 1.6414e-15   3622.43 0 
  3618.24 1.6530e-15   3630.78 0 
  3626.59 1.6996e-15   3639.15 0 
  3634.94 1.6689e-15   3647.54 0 
  3643.32 1.6885e-15   3655.95 0 
  3651.72 1.6503e-15   3664.37 0 
  3660.14 1.6929e-15   3672.82 0 
  3668.58 1.6700e-15   3681.29 0 
  3677.03 1.6664e-15   3689.78 0 
  3685.51 1.6250e-15   3698.28 0 
  3694.01 1.6328e-15   3706.81 0 
  3702.52 1.6711e-15   3715.35 0 
  3711.06 1.5998e-15   3723.92 0 
  3719.61 1.7789e-15   3732.50 0 
  3728.19 1.5784e-15   3741.11 0 
  3736.78 1.4498e-15   3749.73 0 
  3745.40 2.0577e-15   3758.37 0 
  3754.03 1.3045e-15   3767.04 0 
  3762.68 2.0822e-15   3775.72 0 
  3771.36 1.5581e-15   3784.43 0 
  3780.05 1.9349e-15   3793.15 0 
  3786.88 2.5787e-15   3800.00 1 
  3789.62 2.2618e-15   3802.75 1 
  3792.36 1.4781e-15   3805.50 1 
  3795.10 1.8573e-15   3808.25 1 
  3797.84 2.4163e-15   3811.00 1 
  3800.58 2.7001e-15   3813.75 1 
  3803.32 2.2190e-15   3816.50 1 
  3806.06 2.0072e-15   3819.25 1 
  3808.80 1.8634e-15   3822.00 1 
  3811.54 2.0899e-15   3824.75 1 
  3814.28 1.5673e-15   3827.50 1 
  3817.02 2.2368e-15   3830.25 1 
  3819.76 1.7442e-15   3833.00 1 
  3822.51 1.5229e-15   3835.75 1 
  3825.25 2.0076e-15   3838.50 1 
  3827.99 1.6932e-15   3841.25 1 
  3830.73 2.1487e-15   3844.00 1 
  3833.47 1.9943e-15   3846.75 1 
  3836.21 2.4795e-15   3849.50 1 
  3838.95 1.5789e-15   3852.25 1 
  3841.69 2.1372e-15   3855.00 1 
  3844.43 1.8778e-15   3857.75 1 
  3847.17 2.5958e-15   3860.50 1 
  3849.91 2.1250e-15   3863.25 1 
  3852.65 2.3553e-15   3866.00 1 
  3855.39 2.1525e-15   3868.75 1 
  3858.13 2.2910e-15   3871.50 1 
  3860.87 2.5258e-15   3874.25 1 
  3863.61 3.9190e-15   3877.00 1 
  3866.35 6.9333e-15   3879.75 1 
  3869.09 6.7628e-15   3882.50 1 
  3871.83 5.9941e-15   3885.25 1 
  3874.57 3.4637e-15   3888.00 1 
  3877.32 2.1070e-15   3890.75 1 
  3880.06 2.1975e-15   3893.50 1 
  3882.80 2.1527e-15   3896.25 1 
  3885.54 2.8543e-15   3899.00 1 
  3888.28 3.4846e-15   3901.75 1 
  3891.02 3.0875e-15   3904.50 1 
  3893.76 2.7441e-15   3907.25 1 
  3896.50 2.6133e-15   3910.00 1 
  3899.24 2.1181e-15   3912.75 1 
  3901.98 1.9088e-15   3915.50 1 
  3904.72 2.2917e-15   3918.25 1 
  3907.46 2.0247e-15   3921.00 1 
  3910.20 1.9789e-15   3923.75 1 
  3912.94 2.5056e-15   3926.50 1 
  3915.68 2.1700e-15   3929.25 1 
  3918.42 2.2384e-15   3932.00 1 
  3921.16 2.1138e-15   3934.75 1 
  3923.90 1.7226e-15   3937.50 1 
  3926.64 2.2719e-15   3940.25 1 
  3929.38 2.1275e-15   3943.00 1 
  3932.13 1.8844e-15   3945.75 1 
  3934.87 2.2206e-15   3948.50 1 
  3937.61 2.0905e-15   3951.25 1 
  3940.35 2.2894e-15   3954.00 1 
  3943.09 2.4324e-15   3956.75 1 
  3945.83 2.1623e-15   3959.50 1 
  3948.57 1.9134e-15   3962.25 1 
  3951.31 1.8977e-15   3965.00 1 
  3954.05 1.9149e-15   3967.75 1 
  3956.79 2.1352e-15   3970.50 1 
  3959.53 2.5289e-15   3973.25 1 
  3962.27 2.4925e-15   3976.00 1 
  3965.01 3.1213e-15   3978.75 1 
  3967.75 4.2492e-15   3981.50 1 
  3970.49 3.8048e-15   3984.25 1 
  3973.23 2.8299e-15   3987.00 1 
  3975.97 2.2586e-15   3989.75 1 
  3978.71 2.4499e-15   3992.50 1 
  3981.45 2.3567e-15   3995.25 1 
  3984.19 2.2804e-15   3998.00 1 
  3986.94 2.0113e-15   4000.75 1 
  3989.68 1.7029e-15   4003.50 1 
  3992.42 1.9666e-15   4006.25 1 
  3995.16 2.2330e-15   4009.00 1 
  3997.90 1.9823e-15   4011.75 1 
  4000.64 1.9173e-15   4014.50 1 
  4003.38 2.2340e-15   4017.25 1 
  4006.12 2.1562e-15   4020.00 1 
  4008.86 2.2078e-15   4022.75 1 
  4011.60 1.6405e-15   4025.50 1 
  4014.34 2.0541e-15   4028.25 1 
  4017.08 1.6964e-15   4031.00 1 
  4019.82 2.0431e-15   4033.75 1 
  4022.56 2.4273e-15   4036.50 1 
  4025.30 2.6788e-15   4039.25 1 
  4028.04 2.7799e-15   4042.00 1 
  4030.78 2.0422e-15   4044.75 1 
  4033.52 2.3486e-15   4047.50 1 
  4036.26 2.2393e-15   4050.25 1 
  4039.00 1.9577e-15   4053.00 1 
  4041.75 2.2033e-15   4055.75 1 
  4044.49 1.8941e-15   4058.50 1 
  4047.23 1.9814e-15   4061.25 1 
  4049.97 1.7550e-15   4064.00 1 
  4052.71 1.9569e-15   4066.75 1 
  4055.45 2.1727e-15   4069.50 1 
  4058.19 2.0858e-15   4072.25 1 
  4060.93 1.8356e-15   4075.00 1 
  4063.67 2.4150e-15   4077.75 1 
  4066.41 2.2208e-15   4080.50 1 
  4069.15 2.1019e-15   4083.25 1 
  4071.89 1.9935e-15   4086.00 1 
  4074.63 1.5425e-15   4088.75 1 
  4077.37 2.4182e-15   4091.50 1 
  4080.11 2.0679e-15   4094.25 1 
  4082.85 1.6627e-15   4097.00 1 
  4085.59 2.0800e-15   4099.75 1 
  4088.33 2.5767e-15   4102.50 1 
  4091.07 1.9042e-15   4105.25 1 
  4093.81 2.0501e-15   4108.00 1 
  4096.56 3.3966e-15   4110.75 1 
  4099.30 4.3037e-15   4113.50 1 
  4102.04 4.0610e-15   4116.25 1 
  4104.78 3.6010e-15   4119.00 1 
  4107.52 2.1206e-15   4121.75 1 
  4110.26 1.7486e-15   4124.50 1 
  4113.00 1.8140e-15   4127.25 1 
  4115.74 1.9676e-15   4130.00 1 
  4118.48 1.8228e-15   4132.75 1 
  4121.22 1.8924e-15   4135.50 1 
  4123.96 2.2628e-15   4138.25 1 
  4126.70 1.6512e-15   4141.00 1 
  4129.44 2.0938e-15   4143.75 1 
  4132.18 1.7616e-15   4146.50 1 
  4134.92 2.2466e-15   4149.25 1 
  4137.66 1.7352e-15   4152.00 1 
  4140.40 2.1199e-15   4154.75 1 
  4143.14 1.9262e-15   4157.50 1 
  4145.88 1.9875e-15   4160.25 1 
  4148.63 2.6951e-15   4163.00 1 
  4151.37 1.8375e-15   4165.75 1 
  4154.11 1.7524e-15   4168.50 1 
  4156.85 2.0417e-15   4171.25 1 
  4159.59 1.6887e-15   4174.00 1 
  4162.33 1.7803e-15   4176.75 1 
  4165.07 1.8222e-15   4179.50 1 
  4167.81 1.9448e-15   4182.25 1 
  4170.55 1.5088e-15   4185.00 1 
  4173.29 2.0534e-15   4187.75 1 
  4176.03 1.4712e-15   4190.50 1 
  4178.77 1.7375e-15   4193.25 1 
  4181.51 1.8891e-15   4196.00 1 
  4184.25 2.0899e-15   4198.75 1 
  4186.99 1.8039e-15   4201.50 1 
  4189.73 2.3888e-15   4204.25 1 
  4192.47 2.0177e-15   4207.00 1 
  4195.21 1.5347e-15   4209.75 1 
  4197.95 1.5472e-15   4212.50 1 
  4200.69 2.0641e-15   4215.25 1 
  4203.44 1.8558e-15   4218.00 1 
  4206.18 1.7539e-15   4220.75 1 
  4208.92 2.0346e-15   4223.50 1 
  4211.66 1.7830e-15   4226.25 1 
  4214.40 1.9809e-15   4229.00 1 
  4217.14 1.9645e-15   4231.75 1 
  4219.88 2.4486e-15   4234.50 1 
  4222.62 1.9958e-15   4237.25 1 
  4225.36 2.1296e-15   4240.00 1 
  4228.10 2.0945e-15   4242.75 1 
  4230.84 1.8021e-15   4245.50 1 
  4233.58 1.5562e-15   4248.25 1 
  4236.32 2.1411e-15   4251.00 1 
  4239.06 2.3553e-15   4253.75 1 
  4241.80 2.0101e-15   4256.50 1 
  4244.54 2.1886e-15   4259.25 1 
  4247.28 2.0274e-15   4262.00 1 
  4250.02 1.7489e-15   4264.75 1 
  4252.76 1.6838e-15   4267.50 1 
  4255.50 1.6533e-15   4270.25 1 
  4258.25 1.8740e-15   4273.00 1 
  4260.99 1.8695e-15   4275.75 1 
  4263.73 1.5326e-15   4278.50 1 
  4266.47 1.8452e-15   4281.25 1 
  4269.21 1.7463e-15   4284.00 1 
  4271.95 1.8180e-15   4286.75 1 
  4274.69 1.9794e-15   4289.50 1 
  4277.43 2.0422e-15   4292.25 1 
  4280.17 1.8649e-15   4295.00 1 
  4282.91 1.5867e-15   4297.75 1 
  4285.65 1.8498e-15   4300.50 1 
  4288.39 1.7648e-15   4303.25 1 
  4291.13 1.7225e-15   4306.00 1 
  4293.87 2.0203e-15   4308.75 1 
  4296.61 1.8484e-15   4311.50 1 
  4299.35 1.4967e-15   4314.25 1 
  4302.09 1.8483e-15   4317.00 1 
  4304.83 1.7775e-15   4319.75 1 
  4307.57 1.6705e-15   4322.50 1 
  4310.31 1.9998e-15   4325.25 1 
  4313.06 1.8416e-15   4328.00 1 
  4315.80 1.6135e-15   4330.75 1 
  4318.54 1.6605e-15   4333.50 1 
  4321.28 1.8181e-15   4336.25 1 
  4324.02 1.7067e-15   4339.00 1 
  4326.76 1.7372e-15   4341.75 1 
  4329.50 2.0752e-15   4344.50 1 
  4332.24 2.3142e-15   4347.25 1 
  4334.98 3.4961e-15   4350.00 1 
  4337.72 5.9737e-15   4352.75 1 
  4340.46 6.8626e-15   4355.50 1 
  4343.20 4.9642e-15   4358.25 1 
  4345.94 3.0269e-15   4361.00 1 
  4348.68 1.6850e-15   4363.75 1 
  4351.42 1.7422e-15   4366.50 1 
  4354.16 1.9198e-15   4369.25 1 
  4356.90 2.4680e-15   4372.00 1 
  4359.64 2.7591e-15   4374.75 1 
  4362.38 2.8656e-15   4377.50 1 
  4365.12 2.8010e-15   4380.25 1 
  4367.87 2.4492e-15   4383.00 1 
  4370.61 1.7681e-15   4385.75 1 
  4373.35 1.5938e-15   4388.50 1 
  4376.09 1.9501e-15   4391.25 1 
  4378.83 1.8450e-15   4394.00 1 
  4381.57 1.5017e-15   4396.75 1 
  4384.31 1.7368e-15   4399.50 1 
  4387.05 1.8437e-15   4402.25 1 
  4389.79 1.9815e-15   4405.00 1 
  4392.53 1.4636e-15   4407.75 1 
  4395.27 1.9126e-15   4410.50 1 
  4398.01 1.8785e-15   4413.25 1 
  4400.75 1.8346e-15   4416.00 1 
  4403.49 2.1107e-15   4418.75 1 
  4406.23 1.5898e-15   4421.50 1 
  4408.97 1.7916e-15   4424.25 1 
  4411.71 1.5530e-15   4427.00 1 
  4414.45 1.5126e-15   4429.75 1 
  4417.19 1.6755e-15   4432.50 1 
  4419.93 2.0053e-15   4435.25 1 
  4422.68 1.5357e-15   4438.00 1 
  4425.42 1.9811e-15   4440.75 1 
  4428.16 1.9421e-15   4443.50 1 
  4430.90 1.9257e-15   4446.25 1 
  4433.64 1.8511e-15   4449.00 1 
  4436.38 1.9181e-15   4451.75 1 
  4439.12 1.6384e-15   4454.50 1 
  4441.86 2.0384e-15   4457.25 1 
  4444.60 1.6322e-15   4460.00 1 
  4447.34 2.0482e-15   4462.75 1 
  4450.08 1.8311e-15   4465.50 1 
  4452.82 1.6254e-15   4468.25 1 
  4455.56 1.9187e-15   4471.00 1 
  4458.30 1.7903e-15   4473.75 1 
  4461.04 1.4374e-15   4476.50 1 
  4463.78 2.1267e-15   4479.25 1 
  4466.52 1.8366e-15   4482.00 1 
  4469.26 2.1095e-15   4484.75 1 
  4472.00 2.4453e-15   4487.50 1 
  4474.75 2.0471e-15   4490.25 1 
  4477.49 1.8760e-15   4493.00 1 
  4480.23 1.6457e-15   4495.75 1 
  4482.97 1.5984e-15   4498.50 1 
  4485.71 1.7740e-15   4501.25 1 
  4488.45 1.6101e-15   4504.00 1 
  4491.19 1.7289e-15   4506.75 1 
  4493.93 1.5820e-15   4509.50 1 
  4496.67 1.5807e-15   4512.25 1 
  4499.41 1.6486e-15   4515.00 1 
  4502.15 1.4529e-15   4517.75 1 
  4504.89 1.6916e-15   4520.50 1 
  4507.63 1.6900e-15   4523.25 1 
  4510.37 1.8583e-15   4526.00 1 
  4513.11 1.7163e-15   4528.75 1 
  4515.85 1.8592e-15   4531.50 1 
  4518.59 1.8934e-15   4534.25 1 
  4521.33 1.5976e-15   4537.00 1 
  4524.07 1.4523e-15   4539.75 1 
  4526.81 1.7725e-15   4542.50 1 
  4529.56 1.7325e-15   4545.25 1 
  4532.30 1.8250e-15   4548.00 1 
  4535.04 1.4555e-15   4550.75 1 
  4537.78 1.6292e-15   4553.50 1 
  4540.52 1.8724e-15   4556.25 1 
  4543.26 1.6424e-15   4559.00 1 
  4546.00 1.6092e-15   4561.75 1 
  4548.74 1.8342e-15   4564.50 1 
  4551.48 1.7029e-15   4567.25 1 
  4554.22 1.6820e-15   4570.00 1 
  4556.96 1.6656e-15   4572.75 1 
  4559.70 1.7902e-15   4575.50 1 
  4562.44 1.7917e-15   4578.25 1 
  4565.18 1.7104e-15   4581.00 1 
  4567.92 1.6716e-15   4583.75 1 
  4570.66 1.6221e-15   4586.50 1 
  4573.40 1.4505e-15   4589.25 1 
  4576.14 1.5666e-15   4592.00 1 
  4578.88 1.5326e-15   4594.75 1 
  4581.62 1.6711e-15   4597.50 1 
  4584.37 1.8276e-15   4600.25 1 
  4587.11 1.6311e-15   4603.00 1 
  4589.85 1.4477e-15   4605.75 1 
  4592.59 1.3689e-15   4608.50 1 
  4595.33 1.7484e-15   4611.25 1 
  4598.07 1.8498e-15   4614.00 1 
  4600.81 1.5702e-15   4616.75 1 
  4603.55 1.7254e-15   4619.50 1 
  4606.29 1.7211e-15   4622.25 1 
  4609.03 1.5353e-15   4625.00 1 
  4611.77 1.6910e-15   4627.75 1 
  4614.51 1.7425e-15   4630.50 1 
  4617.25 1.6106e-15   4633.25 1 
  4619.99 1.8252e-15   4636.00 1 
  4622.73 1.6639e-15   4638.75 1 
  4625.47 1.7084e-15   4641.50 1 
  4628.21 1.6834e-15   4644.25 1 
  4630.95 1.5796e-15   4647.00 1 
  4633.69 1.6209e-15   4649.75 1 
  4636.43 1.5844e-15   4652.50 1 
  4639.18 1.7557e-15   4655.25 1 
  4641.92 1.4826e-15   4658.00 1 
  4644.66 1.3300e-15   4660.75 1 
  4647.40 1.4878e-15   4663.50 1 
  4650.14 1.6666e-15   4666.25 1 
  4652.88 1.7688e-15   4669.00 1 
  4655.62 1.7036e-15   4671.75 1 
  4658.36 1.6803e-15   4674.50 1 
  4661.10 1.5634e-15   4677.25 1 
  4663.84 1.6567e-15   4680.00 1 
  4666.58 1.6946e-15   4682.75 1 
  4669.32 1.4471e-15   4685.50 1 
  4672.06 1.3038e-15   4688.25 1 
  4674.80 1.5903e-15   4691.00 1 
  4677.54 1.6769e-15   4693.75 1 
  4680.28 1.5432e-15   4696.50 1 
  4683.02 1.8511e-15   4699.25 1 
  4685.76 1.8970e-15   4702.00 1 
  4688.50 1.7939e-15   4704.75 1 
  4691.24 1.7005e-15   4707.50 1 
  4693.99 1.6190e-15   4710.25 1 
  4696.73 1.6842e-15   4713.00 1 
  4699.47 1.9165e-15   4715.75 1 
  4702.21 1.7983e-15   4718.50 1 
  4704.95 1.8332e-15   4721.25 1 
  4707.69 1.7526e-15   4724.00 1 
  4710.43 1.7627e-15   4726.75 1 
  4713.17 1.6332e-15   4729.50 1 
  4715.91 1.9201e-15   4732.25 1 
  4718.65 1.6292e-15   4735.00 1 
  4721.39 1.5087e-15   4737.75 1 
  4724.13 1.4482e-15   4740.50 1 
  4726.87 1.5507e-15   4743.25 1 
  4729.61 1.8470e-15   4746.00 1 
  4732.35 1.5795e-15   4748.75 1 
  4735.09 1.4552e-15   4751.50 1 
  4737.83 1.6764e-15   4754.25 1 
  4740.57 1.2848e-15   4757.00 1 
  4743.31 1.4428e-15   4759.75 1 
  4746.05 1.9119e-15   4762.50 1 
  4748.80 1.7349e-15   4765.25 1 
  4751.54 1.4505e-15   4768.00 1 
  4754.28 1.6610e-15   4770.75 1 
  4757.02 1.4196e-15   4773.50 1 
  4759.76 1.3190e-15   4776.25 1 
  4762.50 1.6216e-15   4779.00 1 
  4765.24 1.6596e-15   4781.75 1 
  4767.98 1.6699e-15   4784.50 1 
  4770.72 1.6098e-15   4787.25 1 
  4773.46 1.7474e-15   4790.00 1 
  4776.20 1.5848e-15   4792.75 1 
  4778.94 1.7261e-15   4795.50 1 
  4781.68 1.4071e-15   4798.25 1 
  4784.42 1.5704e-15   4801.00 1 
  4787.16 1.5618e-15   4803.75 1 
  4789.90 1.5017e-15   4806.50 1 
  4792.64 1.2309e-15   4809.25 1 
  4795.38 1.4828e-15   4812.00 1 
  4798.12 1.7069e-15   4814.75 1 
  4800.87 1.3202e-15   4817.50 1 
  4803.61 1.4694e-15   4820.25 1 
  4806.35 1.6612e-15   4823.00 1 
  4809.09 1.5183e-15   4825.75 1 
  4811.83 1.3309e-15   4828.50 1 
  4814.57 1.5861e-15   4831.25 1 
  4817.31 1.8766e-15   4834.00 1 
  4820.05 1.3587e-15   4836.75 1 
  4822.79 1.7305e-15   4839.50 1 
  4825.53 1.2897e-15   4842.25 1 
  4828.27 1.7262e-15   4845.00 1 
  4831.01 1.6363e-15   4847.75 1 
  4833.75 1.4672e-15   4850.50 1 
  4836.49 1.8145e-15   4853.25 1 
  4839.23 1.5461e-15   4856.00 1 
  4841.97 1.5599e-15   4858.75 1 
  4844.71 1.4426e-15   4861.50 1 
  4847.45 1.7600e-15   4864.25 1 
  4850.19 1.5596e-15   4867.00 1 
  4852.93 2.4930e-15   4869.75 1 
  4855.68 4.9658e-15   4872.50 1 
  4858.42 1.0814e-14   4875.25 1 
  4861.16 1.3568e-14   4878.00 1 
  4863.90 1.0486e-14   4880.75 1 
  4866.64 5.1612e-15   4883.50 1 
  4869.38 2.2934e-15   4886.25 1 
  4872.12 1.6245e-15   4889.00 1 
  4874.86 1.3917e-15   4891.75 1 
  4877.60 1.4758e-15   4894.50 1 
  4880.34 1.6231e-15   4897.25 1 
  4883.08 1.3913e-15   4900.00 1 
  4885.82 1.3781e-15   4902.75 1 
  4888.56 1.4630e-15   4905.50 1 
  4891.30 1.6570e-15   4908.25 1 
  4894.04 1.6173e-15   4911.00 1 
  4896.78 1.3985e-15   4913.75 1 
  4899.52 1.3703e-15   4916.50 1 
  4902.26 1.5615e-15   4919.25 1 
  4905.00 1.8198e-15   4922.00 1 
  4907.74 1.3516e-15   4924.75 1 
  4910.49 1.5237e-15   4927.50 1 
  4913.23 1.8185e-15   4930.25 1 
  4915.97 1.7133e-15   4933.00 1 
  4918.71 1.4809e-15   4935.75 1 
  4921.45 1.6423e-15   4938.50 1 
  4924.19 1.5441e-15   4941.25 1 
  4926.93 1.7604e-15   4944.00 1 
  4929.67 1.8487e-15   4946.75 1 
  4932.41 1.3950e-15   4949.50 1 
  4935.15 1.5112e-15   4952.25 1 
  4937.89 1.4604e-15   4955.00 1 
  4940.63 1.8234e-15   4957.75 1 
  4943.37 1.4347e-15   4960.50 1 
  4946.11 1.3324e-15   4963.25 1 
  4948.85 2.1099e-15   4966.00 1 
  4951.59 4.3736e-15   4968.75 1 
  4954.33 1.2433e-14   4971.50 1 
  4957.07 2.2280e-14   4974.25 1 
  4959.81 2.4063e-14   4977.00 1 
  4962.55 1.4908e-14   4979.75 1 
  4965.30 8.6045e-15   4982.50 1 
  4968.04 2.5871e-15   4985.25 1 
  4970.78 1.5421e-15   4988.00 1 
  4973.52 1.6323e-15   4990.75 1 
  4976.26 1.6168e-15   4993.50 1 
  4979.00 1.6060e-15   4996.25 1 
  4981.74 1.4668e-15   4999.00 1 
  4984.48 1.5453e-15   5001.75 1 
  4987.22 1.8112e-15   5004.50 1 
  4989.96 1.6059e-15   5007.25 1 
  4992.70 1.6981e-15   5010.00 1 
  4995.44 2.4392e-15   5012.75 1 
  4998.18 5.2992e-15   5015.50 1 
  5000.92 1.8963e-14   5018.25 1 
  5003.66 5.1029e-14   5021.00 1 
  5006.40 7.2016e-14   5023.75 1 
  5009.14 5.9015e-14   5026.50 1 
  5011.88 2.6277e-14   5029.25 1 
  5014.62 8.2248e-15   5032.00 1 
  5017.36 3.3803e-15   5034.75 1 
  5020.11 2.0850e-15   5037.50 1 
  5022.85 1.8148e-15   5040.25 1 
  5025.59 1.3677e-15   5043.00 1 
  5028.33 1.5271e-15   5045.75 1 
  5031.07 1.4609e-15   5048.50 1 
  5033.81 1.3581e-15   5051.25 1 
  5036.55 1.6047e-15   5054.00 1 
  5039.29 1.5382e-15   5056.75 1 
  5042.03 1.6438e-15   5059.50 1 
  5044.77 1.5080e-15   5062.25 1 
  5047.51 1.6657e-15   5065.00 1 
  5050.25 1.7809e-15   5067.75 1 
  5052.99 1.9211e-15   5070.50 1 
  5055.73 1.5450e-15   5073.25 1 
  5058.47 1.3692e-15   5076.00 1 
  5061.21 1.5057e-15   5078.75 1 
  5063.95 1.2429e-15   5081.50 1 
  5066.69 1.5697e-15   5084.25 1 
  5069.43 1.4685e-15   5087.00 1 
  5072.17 1.2174e-15   5089.75 1 
  5074.92 1.7591e-15   5092.50 1 
  5077.66 1.5297e-15   5095.25 1 
  5080.40 1.2847e-15   5098.00 1 
  5083.14 1.6078e-15   5100.75 1 
  5085.88 1.4850e-15   5103.50 1 
  5088.62 1.5925e-15   5106.25 1 
  5091.36 1.1781e-15   5109.00 1 
  5094.10 1.5133e-15   5111.75 1 
  5096.84 1.6932e-15   5114.50 1 
  5099.58 1.2772e-15   5117.25 1 
  5102.32 1.3673e-15   5120.00 1 
  5105.06 1.0825e-15   5122.75 1 
  5107.80 1.5232e-15   5125.50 1 
  5110.54 1.1664e-15   5128.25 1 
  5113.28 1.2304e-15   5131.00 1 
  5116.02 1.4430e-15   5133.75 1 
  5118.76 1.3587e-15   5136.50 1 
  5121.50 1.4019e-15   5139.25 1 
  5124.24 1.4320e-15   5142.00 1 
  5126.98 1.2742e-15   5144.75 1 
  5129.73 1.2371e-15   5147.50 1 
  5132.47 1.0964e-15   5150.25 1 
  5135.21 1.3081e-15   5153.00 1 
  5137.95 1.3298e-15   5155.75 1 
  5140.69 1.4465e-15   5158.50 1 
  5143.43 1.3388e-15   5161.25 1 
  5146.17 1.1636e-15   5164.00 1 
  5148.91 1.3000e-15   5166.75 1 
  5151.65 1.2489e-15   5169.50 1 
  5154.39 1.5043e-15   5172.25 1 
  5157.13 1.4355e-15   5175.00 1 
  5159.87 1.1657e-15   5177.75 1 
  5162.61 1.4250e-15   5180.50 1 
  5165.35 1.1441e-15   5183.25 1 
  5168.09 1.4499e-15   5186.00 1 
  5170.83 1.3496e-15   5188.75 1 
  5173.57 1.2836e-15   5191.50 1 
  5176.31 1.2837e-15   5194.25 1 
  5179.05 1.3230e-15   5197.00 1 
  5181.80 1.7377e-15   5199.75 1 
  5184.54 1.4543e-15   5202.50 1 
  5187.28 1.2528e-15   5205.25 1 
  5190.02 1.4035e-15   5208.00 1 
  5192.76 1.2419e-15   5210.75 1 
  5195.50 1.5096e-15   5213.50 1 
  5198.24 1.6012e-15   5216.25 1 
  5200.98 1.3729e-15   5219.00 1 
  5203.72 1.2243e-15   5221.75 1 
  5206.46 1.3282e-15   5224.50 1 
  5209.20 1.3508e-15   5227.25 1 
  5211.94 1.3158e-15   5230.00 1 
  5214.68 1.4826e-15   5232.75 1 
  5217.42 1.4937e-15   5235.50 1 
  5220.16 1.5193e-15   5238.25 1 
  5222.90 1.2316e-15   5241.00 1 
  5225.64 1.4046e-15   5243.75 1 
  5228.38 1.1923e-15   5246.50 1 
  5231.12 1.2101e-15   5249.25 1 
  5233.86 1.1219e-15   5252.00 1 
  5236.61 1.1714e-15   5254.75 1 
  5239.35 1.5029e-15   5257.50 1 
  5242.09 1.4356e-15   5260.25 1 
  5244.83 1.2477e-15   5263.00 1 
  5247.57 1.2812e-15   5265.75 1 
  5250.31 1.4581e-15   5268.50 1 
  5253.05 1.3345e-15   5271.25 1 
  5255.79 1.4128e-15   5274.00 1 
  5258.53 1.5906e-15   5276.75 1 
  5261.27 1.3242e-15   5279.50 1 
  5264.01 1.4160e-15   5282.25 1 
  5266.75 1.4152e-15   5285.00 1 
  5269.49 1.3887e-15   5287.75 1 
  5272.23 1.5667e-15   5290.50 1 
  5274.97 1.5359e-15   5293.25 1 
  5277.71 1.2967e-15   5296.00 1 
  5280.45 1.4109e-15   5298.75 1 
  5283.19 1.2024e-15   5301.50 1 
  5285.93 1.4339e-15   5304.25 1 
  5288.67 1.2674e-15   5307.00 1 
  5291.42 1.2102e-15   5309.75 1 
  5294.16 1.2587e-15   5312.50 1 
  5296.90 1.2688e-15   5315.25 1 
  5299.64 1.4262e-15   5318.00 1 
  5302.38 1.6242e-15   5320.75 1 
  5305.12 1.1560e-15   5323.50 1 
  5307.86 1.3393e-15   5326.25 1 
  5310.60 1.3367e-15   5329.00 1 
  5313.34 1.3805e-15   5331.75 1 
  5316.08 1.4588e-15   5334.50 1 
  5318.82 1.3414e-15   5337.25 1 
  5321.56 1.4337e-15   5340.00 1 
  5324.30 1.1405e-15   5342.75 1 
  5327.04 1.2540e-15   5345.50 1 
  5329.78 1.6681e-15   5348.25 1 
  5332.52 1.6176e-15   5351.00 1 
  5335.26 1.4576e-15   5353.75 1 
  5338.00 1.3781e-15   5356.50 1 
  5340.74 1.3519e-15   5359.25 1 
  5343.48 1.1176e-15   5362.00 1 
  5346.23 1.2057e-15   5364.75 1 
  5348.97 1.3102e-15   5367.50 1 
  5351.71 1.3301e-15   5370.25 1 
  5354.45 1.1697e-15   5373.00 1 
  5357.19 1.2082e-15   5375.75 1 
  5359.93 1.2418e-15   5378.50 1 
  5362.67 1.1424e-15   5381.25 1 
  5365.41 1.1969e-15   5384.00 1 
  5368.15 1.2921e-15   5386.75 1 
  5370.89 1.2801e-15   5389.50 1 
  5373.63 1.2655e-15   5392.25 1 
  5376.37 1.2866e-15   5395.00 1 
  5379.11 1.1923e-15   5397.75 1 
  5381.85 1.4478e-15   5400.50 1 
  5384.59 1.3117e-15   5403.25 1 
  5387.33 1.1751e-15   5406.00 1 
  5390.07 1.2348e-15   5408.75 1 
  5392.81 1.5407e-15   5411.50 1 
  5395.55 1.5259e-15   5414.25 1 
  5398.29 1.3148e-15   5417.00 1 
  5401.04 1.3978e-15   5419.75 1 
  5403.78 1.1846e-15   5422.50 1 
  5406.52 1.2425e-15   5425.25 1 
  5409.26 1.1086e-15   5428.00 1 
  5412.00 1.1988e-15   5430.75 1 
  5414.74 1.3429e-15   5433.50 1 
  5417.48 1.2791e-15   5436.25 1 
  5420.22 1.2964e-15   5439.00 1 
  5422.96 1.2634e-15   5441.75 1 
  5425.70 1.1542e-15   5444.50 1 
  5428.44 1.2954e-15   5447.25 1 
  5431.18 1.1972e-15   5450.00 1 
  5433.92 1.3719e-15   5452.75 1 
  5436.66 1.5181e-15   5455.50 1 
  5439.40 1.4983e-15   5458.25 1 
  5442.14 1.4439e-15   5461.00 1 
  5444.88 1.2767e-15   5463.75 1 
  5447.62 1.1448e-15   5466.50 1 
  5450.36 1.1806e-15   5469.25 1 
  5453.10 1.2608e-15   5472.00 1 
  5455.85 1.2752e-15   5474.75 1 
  5458.59 1.5329e-15   5477.50 1 
  5461.33 1.1208e-15   5480.25 1 
  5464.07 1.1646e-15   5483.00 1 
  5466.81 1.1803e-15   5485.75 1 
  5469.55 1.1493e-15   5488.50 1 
  5472.29 1.1455e-15   5491.25 1 
  5475.03 1.2127e-15   5494.00 1 
  5477.77 1.2560e-15   5496.75 1 
  5480.51 1.2272e-15   5499.50 1 
  5483.25 1.0430e-15   5502.25 1 
  5485.99 1.3699e-15   5505.00 1 
  5488.73 1.0633e-15   5507.75 1 
  5491.47 1.1775e-15   5510.50 1 
  5494.21 1.2323e-15   5513.25 1 
  5496.95 1.4691e-15   5516.00 1 
  5499.69 1.5186e-15   5518.75 1 
  5502.43 1.3296e-15   5521.50 1 
  5505.17 1.4760e-15   5524.25 1 
  5507.92 1.1871e-15   5527.00 1 
  5510.66 1.0591e-15   5529.75 1 
  5513.40 1.0284e-15   5532.50 1 
  5516.14 1.1484e-15   5535.25 1 
  5518.88 1.1646e-15   5538.00 1 
  5521.62 1.1663e-15   5540.75 1 
  5524.36 1.3638e-15   5543.50 1 
  5527.10 1.2678e-15   5546.25 1 
  5529.84 1.2347e-15   5549.00 1 
  5532.58 1.2421e-15   5551.75 1 
  5535.32 1.2831e-15   5554.50 1 
  5538.06 1.1446e-15   5557.25 1 
  5540.80 1.2103e-15   5560.00 1 
  5543.54 1.0927e-15   5562.75 1 
  5546.28 1.2526e-15   5565.50 1 
  5549.02 1.0815e-15   5568.25 1 
  5551.76 1.6028e-15   5571.00 1 
  5554.50 1.1184e-15   5573.75 1 
  5557.24 1.2374e-15   5576.50 1 
  5559.98 1.5437e-15   5579.25 1 
  5562.73 1.2421e-15   5582.00 1 
  5565.47 1.2680e-15   5584.75 1 
  5568.21 1.0251e-15   5587.50 1 
  5570.95 1.0351e-15   5590.25 1 
  5573.69 1.3357e-15   5593.00 1 
  5576.43 1.0482e-15   5595.75 1 
  5579.17 1.3351e-15   5598.50 1 
  5581.91 1.1321e-15   5601.25 1 
  5584.65 1.2994e-15   5604.00 1 
  5587.39 1.2901e-15   5606.75 1 
  5590.13 1.3391e-15   5609.50 1 
  5592.87 1.1895e-15   5612.25 1 
  5595.61 1.1948e-15   5615.00 1 
  5598.35 1.0646e-15   5617.75 1 
  5601.09 1.1190e-15   5620.50 1 
  5603.83 1.1126e-15   5623.25 1 
  5606.57 1.2533e-15   5626.00 1 
  5609.31 1.2598e-15   5628.75 1 
  5612.05 9.2291e-16   5631.50 1 
  5614.79 9.7469e-16   5634.25 1 
  5617.54 9.9365e-16   5637.00 1 
  5620.28 1.1429e-15   5639.75 1 
  5623.02 1.2266e-15   5642.50 1 
  5625.76 1.0960e-15   5645.25 1 
  5628.50 1.1703e-15   5648.00 1 
  5631.24 1.2965e-15   5650.75 1 
  5633.98 1.2896e-15   5653.50 1 
  5636.72 1.3636e-15   5656.25 1 
  5639.46 1.1775e-15   5659.00 1 
  5642.20 1.0744e-15   5661.75 1 
  5644.94 1.1857e-15   5664.50 1 
  5647.68 1.1605e-15   5667.25 1 
  5650.42 1.1642e-15   5670.00 1 
  5653.16 1.2466e-15   5672.75 1 
  5655.90 1.3429e-15   5675.50 1 
  5658.64 1.2979e-15   5678.25 1 
  5661.38 1.1202e-15   5681.00 1 
  5664.12 1.1697e-15   5683.75 1 
  5666.86 1.1742e-15   5686.50 1 
  5669.60 1.2233e-15   5689.25 1 
  5672.35 1.2263e-15   5692.00 1 
  5675.09 1.1376e-15   5694.75 1 
  5677.83 9.8821e-16   5697.50 1 
  5680.57 1.2409e-15   5700.25 1 
  5683.31 1.2831e-15   5703.00 1 
  5686.05 1.3089e-15   5705.75 1 
  5688.79 1.3176e-15   5708.50 1 
  5691.53 1.2701e-15   5711.25 1 
  5694.27 1.1517e-15   5714.00 1 
  5697.01 1.0942e-15   5716.75 1 
  5699.75 1.1133e-15   5719.50 1 
  5702.49 1.2243e-15   5722.25 1 
  5705.23 1.1359e-15   5725.00 1 
  5707.97 1.1605e-15   5727.75 1 
  5710.71 1.0320e-15   5730.50 1 
  5713.45 1.0750e-15   5733.25 1 
  5716.19 1.1676e-15   5736.00 1 
  5718.93 1.0784e-15   5738.75 1 
  5721.67 1.0276e-15   5741.50 1 
  5724.41 1.1706e-15   5744.25 1 
  5727.16 1.1823e-15   5747.00 1 
  5729.90 1.3367e-15   5749.75 1 
  5732.64 1.2014e-15   5752.50 1 
  5735.38 1.4350e-15   5755.25 1 
  5738.12 1.2956e-15   5758.00 1 
  5740.86 1.1896e-15   5760.75 1 
  5743.60 1.3045e-15   5763.50 1 
  5746.34 1.3939e-15   5766.25 1 
  5749.08 1.1708e-15   5769.00 1 
  5751.82 1.0934e-15   5771.75 1 
  5754.56 1.2666e-15   5774.50 1 
  5757.30 1.1782e-15   5777.25 1 
  5760.04 1.0959e-15   5780.00 1 
  5762.78 1.1939e-15   5782.75 1 
  5765.52 1.1226e-15   5785.50 1 
  5768.26 1.1552e-15   5788.25 1 
  5771.00 1.0908e-15   5791.00 1 
  5773.74 9.9022e-16   5793.75 1 
  5776.48 1.0653e-15   5796.50 1 
  5779.22 1.0978e-15   5799.25 1 
  5781.97 1.2627e-15   5802.00 1 
  5784.71 1.1642e-15   5804.75 1 
  5787.45 1.1387e-15   5807.50 1 
  5790.19 1.2749e-15   5810.25 1 
  5792.93 1.2620e-15   5813.00 1 
  5795.67 1.2741e-15   5815.75 1 
  5798.41 1.0211e-15   5818.50 1 
  5801.15 1.0966e-15   5821.25 1 
  5803.89 1.2084e-15   5824.00 1 
  5806.63 1.1897e-15   5826.75 1 
  5809.37 9.5401e-16   5829.50 1 
  5812.11 1.0163e-15   5832.25 1 
  5814.85 1.2318e-15   5835.00 1 
  5817.59 1.1452e-15   5837.75 1 
  5820.33 9.6228e-16   5840.50 1 
  5823.07 1.0237e-15   5843.25 1 
  5825.81 1.1651e-15   5846.00 1 
  5828.55 1.0422e-15   5848.75 1 
  5831.29 1.2068e-15   5851.50 1 
  5834.04 1.1893e-15   5854.25 1 
  5836.78 1.2151e-15   5857.00 1 
  5839.52 1.6978e-15   5859.75 1 
  5842.26 1.3624e-15   5862.50 1 
  5845.00 1.5474e-15   5865.25 1 
  5847.74 1.2847e-15   5868.00 1 
  5850.48 1.1928e-15   5870.75 1 
  5853.22 1.0835e-15   5873.50 1 
  5855.96 1.0519e-15   5876.25 1 
  5858.70 1.2542e-15   5879.00 1 
  5861.44 1.0058e-15   5881.75 1 
  5864.18 1.5886e-15   5884.50 1 
  5866.92 1.4471e-15   5887.25 1 
  5869.66 8.1527e-16   5890.00 1 
  5872.40 2.0149e-15   5892.75 1 
  5875.14 2.1902e-15   5895.50 1 
  5877.88 1.8950e-15   5898.25 1 
  5880.62 1.4639e-15   5901.00 1 
  5883.36 1.5552e-15   5903.75 1 
  5886.10 9.9513e-16   5906.50 1 
  5888.85 1.2425e-15   5909.25 1 
  5891.59 7.5658e-16   5912.00 1 
  5894.33 9.9715e-16   5914.75 1 
  5897.07 1.2187e-15   5917.50 1 
  5899.81 9.8710e-16   5920.25 1 
  5902.55 9.9602e-16   5923.00 1 
  5905.29 1.0834e-15   5925.75 1 
  5908.03 1.2687e-15   5928.50 1 
  5910.77 9.4146e-16   5931.25 1 
  5913.51 7.7871e-16   5934.00 1 
  5916.25 1.0349e-15   5936.75 1 
  5918.99 9.4460e-16   5939.50 1 
  5921.73 6.6811e-16   5942.25 1 
  5924.47 1.2063e-15   5945.00 1 
  5927.21 1.4025e-15   5947.75 1 
  5929.95 1.2750e-15   5950.50 1 
  5932.69 1.0705e-15   5953.25 1 
  5935.43 1.1513e-15   5956.00 1 
  5938.17 1.0835e-15   5958.75 1 
  5940.91 1.3617e-15   5961.50 1 
  5943.66 1.0322e-15   5964.25 1 
  5946.40 9.6868e-16   5967.00 1 
  5949.14 1.0504e-15   5969.75 1 
  5951.88 1.0208e-15   5972.50 1 
  5954.62 1.0983e-15   5975.25 1 
  5957.36 8.5750e-16   5978.00 1 
  5960.10 1.0364e-15   5980.75 1 
  5962.84 1.4115e-15   5983.50 1 
  5965.58 1.1996e-15   5986.25 1 
  5968.32 1.0805e-15   5989.00 1 
  5971.06 1.1419e-15   5991.75 1 
  5973.80 1.2832e-15   5994.50 1 
  5976.54 1.2937e-15   5997.25 1 
  5979.28 8.5010e-16   6000.00 1 
  5982.02 8.5256e-16   6002.75 1 
  5984.76 7.5771e-16   6005.50 1 
  5987.50 1.2928e-15   6008.25 1 
  5990.24 1.3150e-15   6011.00 1 
  5992.98 1.1230e-15   6013.75 1 
  5995.72 1.0180e-15   6016.50 1 
  5998.47 9.4425e-16   6019.25 1 
  6001.21 1.0018e-15   6022.00 1 
  6003.95 1.1307e-15   6024.75 1 
  6006.69 9.8193e-16   6027.50 1 
  6009.43 9.1581e-16   6030.25 1 
  6012.17 1.2749e-15   6033.00 1 
  6014.91 9.8201e-16   6035.75 1 
  6017.65 8.8111e-16   6038.50 1 
  6020.39 9.6415e-16   6041.25 1 
  6023.13 1.0736e-15   6044.00 1 
  6025.87 1.2229e-15   6046.75 1 
  6028.61 1.0407e-15   6049.50 1 
  6031.35 9.1364e-16   6052.25 1 
  6034.09 1.2055e-15   6055.00 1 
  6036.83 1.1955e-15   6057.75 1 
  6039.57 1.2186e-15   6060.50 1 
  6042.31 1.1346e-15   6063.25 1 
  6045.05 9.9667e-16   6066.00 1 
  6047.79 1.1868e-15   6068.75 1 
  6050.53 1.1702e-15   6071.50 1 
  6053.28 1.1549e-15   6074.25 1 
  6056.02 1.1357e-15   6077.00 1 
  6058.76 1.0829e-15   6079.75 1 
  6061.50 1.0223e-15   6082.50 1 
  6064.24 9.1264e-16   6085.25 1 
  6066.98 1.0936e-15   6088.00 1 
  6069.72 9.5426e-16   6090.75 1 
  6072.46 9.7787e-16   6093.50 1 
  6075.20 1.0862e-15   6096.25 1 
  6077.94 1.0834e-15   6099.00 1 
  6080.68 1.2165e-15   6101.75 1 
  6083.42 1.0590e-15   6104.50 1 
  6086.16 1.1043e-15   6107.25 1 
  6088.90 9.6068e-16   6110.00 1 
  6091.64 1.0525e-15   6112.75 1 
  6094.38 8.8577e-16   6115.50 1 
  6097.12 9.5562e-16   6118.25 1 
  6099.86 1.1295e-15   6121.00 1 
  6102.60 1.1836e-15   6123.75 1 
  6105.34 1.0299e-15   6126.50 1 
  6108.09 9.8663e-16   6129.25 1 
  6110.83 1.0892e-15   6132.00 1 
  6113.57 1.1082e-15   6134.75 1 
  6116.31 1.1204e-15   6137.50 1 
  6119.05 1.1369e-15   6140.25 1 
  6121.79 1.1049e-15   6143.00 1 
  6124.53 1.2404e-15   6145.75 1 
  6127.27 9.5557e-16   6148.50 1 
  6130.01 1.0552e-15   6151.25 1 
  6132.75 1.0544e-15   6154.00 1 
  6135.49 1.0372e-15   6156.75 1 
  6138.23 9.2874e-16   6159.50 1 
  6140.97 8.4741e-16   6162.25 1 
  6143.71 7.5987e-16   6165.00 1 
  6146.45 9.5106e-16   6167.75 1 
  6149.19 1.0108e-15   6170.50 1 
  6151.93 1.1494e-15   6173.25 1 
  6154.67 1.1095e-15   6176.00 1 
  6157.41 1.0462e-15   6178.75 1 
  6160.16 1.0494e-15   6181.50 1 
  6162.90 1.0857e-15   6184.25 1 
  6165.64 1.0703e-15   6187.00 1 
  6168.38 9.0312e-16   6189.75 1 
  6171.12 1.0184e-15   6192.50 1 
  6173.86 1.1225e-15   6195.25 1 
  6176.60 1.3045e-15   6198.00 1 
  6179.34 1.0182e-15   6200.75 1 
  6182.08 7.0645e-16   6203.50 1 
  6184.82 1.3200e-15   6206.25 1 
  6187.56 1.0915e-15   6209.00 1 
  6190.30 9.4724e-16   6211.75 1 
  6193.04 9.9430e-16   6214.50 1 
  6195.78 9.2083e-16   6217.25 1 
  6198.52 7.9441e-16   6220.00 1 
  6201.26 1.1276e-15   6222.75 1 
  6204.00 1.0014e-15   6225.50 1 
  6206.74 1.2283e-15   6228.25 1 
  6209.48 8.8601e-16   6231.00 1 
  6212.22 1.0507e-15   6233.75 1 
  6214.97 1.1333e-15   6236.50 1 
  6217.71 7.2697e-16   6239.25 1 
  6220.45 1.0306e-15   6242.00 1 
  6223.19 1.0107e-15   6244.75 1 
  6225.93 9.8476e-16   6247.50 1 
  6228.67 7.7946e-16   6250.25 1 
  6231.41 8.4971e-16   6253.00 1 
  6234.15 9.3461e-16   6255.75 1 
  6236.89 6.5029e-16   6258.50 1 
  6239.63 1.0823e-15   6261.25 1 
  6242.37 1.0199e-15   6264.00 1 
  6245.11 7.3578e-16   6266.75 1 
  6247.85 1.0707e-15   6269.50 1 
  6250.59 9.3903e-16   6272.25 1 
  6253.33 7.6484e-16   6275.00 1 
  6256.07 8.5812e-16   6277.75 1 
  6258.81 7.2390e-16   6280.50 1 
  6261.55 9.1515e-16   6283.25 1 
  6264.29 9.2994e-16   6286.00 1 
  6267.03 9.2619e-16   6288.75 1 
  6269.78 8.5625e-16   6291.50 1 
  6272.52 8.3572e-16   6294.25 1 
  6275.26 1.1499e-15   6297.00 1 
  6278.00 9.7138e-16   6299.75 1 
  6280.74 6.5516e-16   6302.50 1 
  6283.48 7.7983e-16   6305.25 1 
  6286.22 5.8226e-16   6308.00 1 
  6288.96 7.4233e-16   6310.75 1 
  6291.70 7.1801e-16   6313.50 1 
  6294.44 1.1487e-15   6316.25 1 
  6297.18 1.1913e-15   6319.00 1 
  6299.92 1.1663e-15   6321.75 1 
  6302.66 1.2536e-15   6324.50 1 
  6305.40 1.0579e-15   6327.25 1 
  6308.14 1.0994e-15   6330.00 1 
  6310.88 1.0845e-15   6332.75 1 
  6313.62 1.1943e-15   6335.50 1 
  6316.36 1.1609e-15   6338.25 1 
  6319.10 9.6721e-16   6341.00 1 
  6321.84 8.2533e-16   6343.75 1 
  6324.59 1.1567e-15   6346.50 1 
  6327.33 9.3597e-16   6349.25 1 
  6330.07 1.0800e-15   6352.00 1 
  6332.81 9.8931e-16   6354.75 1 
  6335.55 1.0423e-15   6357.50 1 
  6338.29 8.9830e-16   6360.25 1 
  6341.03 8.2789e-16   6363.00 1 
  6343.77 9.2202e-16   6365.75 1 
  6346.51 9.7413e-16   6368.50 1 
  6349.25 8.0894e-16   6371.25 1 
  6351.99 8.8388e-16   6374.00 1 
  6354.73 8.6606e-16   6376.75 1 
  6357.47 1.0265e-15   6379.50 1 
  6360.21 8.5469e-16   6382.25 1 
  6362.95 1.0918e-15   6385.00 1 
  6365.69 9.9551e-16   6387.75 1 
  6368.43 8.4086e-16   6390.50 1 
  6371.17 8.2138e-16   6393.25 1 
  6373.91 8.7018e-16   6396.00 1 
  6376.65 1.0682e-15   6398.75 1 
  6379.40 7.1681e-16   6401.50 1 
  6382.14 9.9289e-16   6404.25 1 
  6384.88 7.9955e-16   6407.00 1 
  6387.62 9.6215e-16   6409.75 1 
  6390.36 1.1893e-15   6412.50 1 
  6393.10 8.3604e-16   6415.25 1 
  6395.84 8.5571e-16   6418.00 1 
  6398.58 8.6512e-16   6420.75 1 
  6401.32 1.2378e-15   6423.50 1 
  6404.06 9.4862e-16   6426.25 1 
  6406.80 8.8892e-16   6429.00 1 
  6409.54 9.0366e-16   6431.75 1 
  6412.28 7.9654e-16   6434.50 1 
  6415.02 1.0483e-15   6437.25 1 
  6417.76 1.0048e-15   6440.00 1 
  6420.50 9.6379e-16   6442.75 1 
  6423.24 9.7134e-16   6445.50 1 
  6425.98 1.0662e-15   6448.25 1 
  6428.72 8.3332e-16   6451.00 1 
  6431.46 1.1400e-15   6453.75 1 
  6434.21 7.8998e-16   6456.50 1 
  6436.95 7.5205e-16   6459.25 1 
  6439.69 9.3868e-16   6462.00 1 
  6442.43 8.1202e-16   6464.75 1 
  6445.17 8.2450e-16   6467.50 1 
  6447.91 8.0158e-16   6470.25 1 
  6450.65 6.6623e-16   6473.00 1 
  6453.39 7.2158e-16   6475.75 1 
  6456.13 9.8948e-16   6478.50 1 
  6458.87 1.0815e-15   6481.25 1 
  6461.61 1.1739e-15   6484.00 1 
  6464.35 1.2412e-15   6486.75 1 
  6467.09 9.5353e-16   6489.50 1 
  6469.83 8.9273e-16   6492.25 1 
  6472.57 1.0775e-15   6495.00 1 
  6475.31 7.3384e-16   6497.75 1 
  6478.05 1.1291e-15   6500.50 1 
  6480.79 6.6952e-16   6503.25 1 
  6483.53 7.1270e-16   6506.00 1 
  6486.28 8.7699e-16   6508.75 1 
  6489.02 9.5620e-16   6511.50 1 
  6491.76 9.4319e-16   6514.25 1 
  6494.50 1.2279e-15   6517.00 1 
  6497.24 9.7805e-16   6519.75 1 
  6499.98 9.0618e-16   6522.50 1 
  6502.72 8.1191e-16   6525.25 1 
  6505.46 9.5392e-16   6528.00 1 
  6508.20 7.4151e-16   6530.75 1 
  6510.94 9.7767e-16   6533.50 1 
  6513.68 9.4416e-16   6536.25 1 
  6516.42 1.0517e-15   6539.00 1 
  6519.16 8.7787e-16   6541.75 1 
  6521.90 8.6448e-16   6544.50 1 
  6524.64 4.8904e-16   6547.25 1 
  6527.38 1.0462e-15   6550.00 1 
  6530.12 9.3057e-16   6552.75 1 
  6532.86 1.0746e-15   6555.50 1 
  6535.60 8.3404e-16   6558.25 1 
  6538.34 9.5912e-16   6561.00 1 
  6541.09 9.5080e-16   6563.75 1 
  6543.83 8.3682e-16   6566.50 1 
  6546.57 1.1040e-15   6569.25 1 
  6549.31 1.4350e-15   6572.00 1 
  6552.05 2.1135e-15   6574.75 1 
  6554.79 4.9141e-15   6577.50 1 
  6557.53 1.4910e-14   6580.25 1 
  6560.27 3.0293e-14   6583.00 1 
  6563.01 3.5434e-14   6585.75 1 
  6565.75 2.5080e-14   6588.50 1 
  6568.49 9.6371e-15   6591.25 1 
  6571.23 2.7623e-15   6594.00 1 
  6573.97 1.5458e-15   6596.75 1 
  6576.71 1.4049e-15   6599.50 1 
  6579.45 1.4057e-15   6602.25 1 
  6582.19 1.3973e-15   6605.00 1 
  6584.93 1.2870e-15   6607.75 1 
  6587.67 1.0198e-15   6610.50 1 
  6590.41 1.0225e-15   6613.25 1 
  6593.15 8.3461e-16   6616.00 1 
  6595.90 9.5698e-16   6618.75 1 
  6598.64 9.2017e-16   6621.50 1 
  6601.38 8.0350e-16   6624.25 1 
  6604.12 7.9850e-16   6627.00 1 
  6606.86 1.1224e-15   6629.75 1 
  6609.60 8.4318e-16   6632.50 1 
  6612.34 7.4507e-16   6635.25 1 
  6615.08 7.3393e-16   6638.00 1 
  6617.82 8.0390e-16   6640.75 1 
  6620.56 1.0705e-15   6643.50 1 
  6623.30 1.0170e-15   6646.25 1 
  6626.04 8.6620e-16   6649.00 1 
  6628.78 9.3965e-16   6651.75 1 
  6631.52 9.6490e-16   6654.50 1 
  6634.26 8.1399e-16   6657.25 1 
  6637.00 1.0235e-15   6660.00 1 
  6639.74 9.8538e-16   6662.75 1 
  6642.48 7.0268e-16   6665.50 1 
  6645.22 7.4678e-16   6668.25 1 
  6647.96 1.1211e-15   6671.00 1 
  6650.71 8.3743e-16   6673.75 1 
  6653.45 5.7192e-16   6676.50 1 
  6656.19 5.2937e-16   6679.25 1 
  6658.93 7.4322e-16   6682.00 1 
  6661.67 6.6709e-16   6684.75 1 
  6664.41 7.2024e-16   6687.50 1 
  6667.15 7.9636e-16   6690.25 1 
  6669.89 5.8609e-16   6693.00 1 
  6672.63 9.3275e-16   6695.75 1 
  6675.37 1.1165e-15   6698.50 1 
  6678.11 1.2178e-15   6701.25 1 
  6680.85 9.7583e-16   6704.00 1 
  6683.59 1.0168e-15   6706.75 1 
  6686.33 9.4915e-16   6709.50 1 
  6689.07 7.9543e-16   6712.25 1 
  6691.81 7.8759e-16   6715.00 1 
  6694.55 7.8699e-16   6717.75 1 
  6697.29 7.1033e-16   6720.50 1 
  6700.03 7.5460e-16   6723.25 1 
  6702.77 9.2938e-16   6726.00 1 
  6705.52 8.9215e-16   6728.75 1 
  6708.26 9.5512e-16   6731.50 1 
  6711.00 1.4015e-15   6734.25 1 
  6713.74 1.7619e-15   6737.00 1 
  6716.48 1.6735e-15   6739.75 1 
  6719.22 1.5151e-15   6742.50 1 
  6721.96 1.2627e-15   6745.25 1 
  6724.70 9.4964e-16   6748.00 1 
  6727.44 1.2785e-15   6750.75 1 
  6730.18 1.5780e-15   6753.50 1 
  6732.92 1.2889e-15   6756.25 1 
  6735.66 1.0220e-15   6759.00 1 
  6738.40 8.0720e-16   6761.75 1 
  6741.14 1.0587e-15   6764.50 1 
  6743.88 8.0277e-16   6767.25 1 
  6746.62 6.4205e-16   6770.00 1 
  6749.36 8.4301e-16   6772.75 1 
  6752.10 7.2196e-16   6775.50 1 
  6754.84 7.2952e-16   6778.25 1 
  6757.58 9.5588e-16   6781.00 1 
  6760.33 9.0726e-16   6783.75 1 
  6763.07 1.0432e-15   6786.50 1 
  6765.81 9.9868e-16   6789.25 1 
  6768.55 1.2341e-15   6792.00 1 
  6771.29 7.9785e-16   6794.75 1 
  6774.03 8.2993e-16   6797.50 1 
  6776.77 8.9348e-16   6800.25 1 
  6779.51 8.9216e-16   6803.00 1 
  6782.25 9.6903e-16   6805.75 1 
  6784.99 6.0265e-16   6808.50 1 
  6787.73 8.2681e-16   6811.25 1 
  6790.47 7.8160e-16   6814.00 1 
  6793.21 7.8980e-16   6816.75 1 
  6795.95 7.5862e-16   6819.50 1 
  6798.69 7.8431e-16   6822.25 1 
  6801.43 8.9284e-16   6825.00 1 
  6804.17 8.7844e-16   6827.75 1 
  6815.50 8.5894e-16   6839.12 0 
  6831.21 8.6685e-16   6854.88 0 
  6846.96 8.3353e-16   6870.68 0 
  6862.74 8.3927e-16   6886.52 0 
  6878.56 8.2772e-16   6902.40 0 
  6894.42 8.2767e-16   6918.31 0 
  6910.32 8.2383e-16   6934.26 0 
  6926.24 8.2379e-16   6950.24 0 
  6942.21 8.3329e-16   6966.26 0 
  6958.22 8.2182e-16   6982.33 0 
  6974.25 8.3898e-16   6998.42 0 
  6990.33 8.3317e-16   7014.55 0 
  7006.44 8.0670e-16   7030.72 0 
  7022.60 7.9011e-16   7046.93 0 
  7038.79 8.2161e-16   7063.18 0 
  7055.01 8.3492e-16   7079.46 0 
  7071.28 7.8636e-16   7095.78 0 
  7087.58 8.1396e-16   7112.14 0 
  7103.91 7.8810e-16   7128.53 0 
  7120.29 7.7904e-16   7144.96 0 
  7136.71 7.5951e-16   7161.43 0 
  7153.16 7.7360e-16   7177.94 0 
  7169.65 7.6823e-16   7194.49 0 
  7186.18 7.4554e-16   7211.08 0 
  7202.74 7.4037e-16   7227.70 0 
  7219.34 7.7166e-16   7244.36 0 
  7235.99 7.6807e-16   7261.06 0 
  7252.67 7.4883e-16   7277.80 0 
  7269.39 7.4535e-16   7294.57 0 
  7286.15 7.4359e-16   7311.39 0 
  7302.94 7.6792e-16   7328.25 0 
  7319.77 7.5560e-16   7345.14 0 
  7336.65 7.6431e-16   7362.07 0 
  7353.56 7.6603e-16   7379.04 0 
  7370.51 7.4683e-16   7396.05 0 
  7387.50 7.6772e-16   7413.10 0 
  7404.54 7.6415e-16   7430.19 0 
  7421.60 7.3647e-16   7447.32 0 
  7438.71 7.4840e-16   7464.49 0 
  7455.86 7.5181e-16   7481.70 0 
  7473.05 7.5698e-16   7498.94 0 
  7490.27 7.4313e-16   7516.23 0 
  7507.54 7.4996e-16   7533.56 0 
  7524.85 7.5861e-16   7550.92 0 
  7542.19 7.5508e-16   7568.33 0 
  7559.58 7.4297e-16   7585.78 0 
  7577.01 7.3273e-16   7603.26 0 
  7594.47 7.2598e-16   7620.79 0 
  7611.98 7.1269e-16   7638.36 0 
  7629.53 7.1594e-16   7655.97 0 
  7647.12 7.1097e-16   7673.61 0 
  7664.74 7.0118e-16   7691.30 0 
  7682.42 6.8993e-16   7709.04 0 
  7700.13 6.8989e-16   7726.81 0 
  7717.87 6.9145e-16   7744.62 0 
  7735.67 6.8349e-16   7762.47 0 
  7753.50 6.7563e-16   7780.37 0 
  7771.37 6.8499e-16   7798.30 0 
  7789.29 6.7245e-16   7816.28 0 
  7807.25 6.6933e-16   7834.30 0 
  7825.24 6.8963e-16   7852.36 0 
  7843.28 6.6925e-16   7870.46 0 
  7861.36 6.8009e-16   7888.60 0 
  7879.48 6.7537e-16   7906.79 0 
  7897.65 6.8001e-16   7925.01 0 
  7915.86 6.6144e-16   7943.28 0 
  7934.10 6.5384e-16   7961.59 0 
  7952.39 6.2726e-16   7979.95 0 
  7970.73 6.4628e-16   7998.34 0 
  7989.10 6.4922e-16   8016.78 0 
  8007.51 6.3734e-16   8035.26 0 
  8025.97 6.5818e-16   8053.78 0 
  8044.48 6.6271e-16   8072.35 0 
  8063.02 6.5508e-16   8090.96 0 
  8081.61 6.3573e-16   8109.61 0 
  8100.24 6.1129e-16   8128.31 0 
  8118.91 6.4301e-16   8147.04 0 
  8137.63 6.4298e-16   8165.82 0 
  8156.39 6.1968e-16   8184.65 0 
  8175.19 6.2394e-16   8203.52 0 
  8194.03 6.1111e-16   8222.43 0 
  8212.92 6.3110e-16   8241.38 0 
  8231.86 6.1245e-16   8260.38 0 
  8250.83 6.2093e-16   8279.42 0 
  8269.85 6.3976e-16   8298.51 0 
  8288.92 6.1234e-16   8317.64 0 
  8308.02 6.1372e-16   8336.81 0 
  8327.18 6.0945e-16   8356.03 0 
  8346.37 6.0244e-16   8375.29 0 
  8365.61 6.1079e-16   8394.60 0 
  8384.90 5.9411e-16   8413.95 0 
  8404.23 6.0512e-16   8433.35 0 
  8423.60 5.9540e-16   8452.79 0 
  8443.02 5.7251e-16   8472.27 0 
  8462.48 6.0223e-16   8491.80 0 
  8481.99 5.9667e-16   8511.38 0 
  8501.54 5.9801e-16   8531.00 0 
  8521.14 5.8436e-16   8550.67 0 
  8540.79 5.9109e-16   8570.38 0 
  8560.47 5.6837e-16   8590.14 0 
  8580.21 5.9375e-16   8609.94 0 
  8599.99 5.6569e-16   8629.79 0 
  8619.81 5.6826e-16   8649.68 0 
  8639.68 5.8820e-16   8669.62 0 
  8659.60 5.6040e-16   8689.60 0 
  8679.56 5.3024e-16   8709.64 0 
  8699.57 5.4883e-16   8729.71 0 
  8719.62 5.7599e-16   8749.84 0 
  8739.73 5.7199e-16   8770.01 0 
  8759.87 5.0858e-16   8790.23 0 
  8780.06 5.6537e-16   8810.49 0 
  8800.31 5.6664e-16   8830.80 0 
  8820.59 5.7449e-16   8851.16 0 
  8840.93 5.7049e-16   8871.56 0 
  8861.30 5.4353e-16   8892.01 0 
  8881.74 5.2505e-16   8912.51 0 
  8902.21 5.4597e-16   8933.05 0 
  8922.73 5.5099e-16   8953.65 0 
  8943.30 5.5477e-16   8974.29 0 
  8963.92 5.3099e-16   8994.98 0 
  8984.58 5.3096e-16   9015.71 0 
  9005.29 5.4832e-16   9036.50 0 
  9026.05 4.3853e-16   9057.33 0 
  9046.86 5.6231e-16   9078.20 0 
  9067.72 5.6227e-16   9099.13 0 
  9088.62 5.0690e-16   9120.11 0 
  9109.57 5.2106e-16   9141.13 0 
  9130.57 5.4810e-16   9162.20 0 
  9151.62 5.2461e-16   9183.33 0 
  9172.71 5.2943e-16   9204.50 0 
  9193.86 5.1615e-16   9225.71 0 
  9215.05 5.1850e-16   9246.98 0 
  9236.30 4.6636e-16   9268.30 0 
  9257.58 5.0314e-16   9289.66 0 
  9278.93 5.3538e-16   9311.08 0 
  9300.32 5.1125e-16   9332.54 0 
  9321.76 5.2312e-16   9354.06 0 
  9343.24 5.2189e-16   9375.62 0 
  9364.79 5.1469e-16   9397.23 0 
  9386.37 5.1703e-16   9418.90 0 
  9408.01 5.0756e-16   9440.61 0 
  9429.70 5.1577e-16   9462.37 0 
  9451.44 5.0984e-16   9484.18 0 
  9473.22 5.1452e-16   9506.05 0 
  9495.06 5.1212e-16   9527.96 0 
  9516.95 5.0043e-16   9549.93 0 
  9538.89 4.9126e-16   9571.94 0 
  9560.88 4.5844e-16   9594.01 0 
  9582.92 5.0148e-16   9616.12 0 
  9605.01 4.9685e-16   9638.29 0 
  9627.15 4.9681e-16   9660.51 0 
  9649.35 4.9336e-16   9682.78 0 
  9671.59 4.9106e-16   9705.10 0 
  9693.88 4.9329e-16   9727.47 0 
  9716.23 4.8761e-16   9749.90 0 
  9738.63 4.8311e-16   9772.37 0 
  9761.08 4.8085e-16   9794.90 0 
  9783.58 4.7532e-16   9817.48 0 
  9806.13 4.7968e-16   9840.11 0 
  9828.74 4.7635e-16   9862.79 0 
  9851.39 4.7522e-16   9885.53 0 
  9874.11 4.7191e-16   9908.32 0 
  9896.87 4.6971e-16   9931.16 0 
  9919.68 4.6860e-16   9954.05 0 
  9942.55 4.6749e-16   9977.00 0 
  9965.47 4.6638e-16  10000.00 0 
  9988.44 4.6313e-16  10023.05 0 
 10034.54 4.5045e-16  10069.31 0 
 10080.87 4.3912e-16  10115.80 0 
 10127.39 4.5240e-16  10162.49 0 
 10174.14 4.4715e-16  10209.39 0 
 10221.11 4.4606e-16  10256.52 0 
 10268.28 4.4395e-16  10303.86 0 
 10291.95 4.4086e-16  10327.61 0 
 10507.45 4.2073e-16  10543.86 0 
 10702.81 3.9884e-16  10739.90 0 
 10901.79 3.7307e-16  10939.56 0 
 11104.47 3.6124e-16  11142.94 0 
 11310.91 3.4817e-16  11350.10 0 
 11494.70 3.4025e-16  11534.53 0 
 11708.41 3.2794e-16  11748.98 0 
 11898.66 3.1318e-16  11939.88 0 
 12091.99 3.0395e-16  12133.89 0 
 12288.47 2.9498e-16  12331.05 0 
 12488.14 2.8497e-16  12531.41 0 
 12691.06 2.7529e-16  12735.03 0 
 12897.27 2.6595e-16  12941.96 0 
 13106.83 2.5930e-16  13152.25 0 
 13289.17 2.4934e-16  13335.21 0 
 13505.10 2.4255e-16  13551.89 0 
 13692.97 2.3539e-16  13740.42 0 
 13915.47 2.2688e-16  13963.68 0 
 14109.05 2.1717e-16  14157.94 0 
 14305.33 2.1174e-16  14354.90 0 
 14504.34 2.0931e-16  14554.59 0 
 14706.11 2.0267e-16  14757.07 0 
 14910.70 2.0174e-16  14962.36 0 
 15083.34 1.9943e-16  15135.61 0 
 15293.17 1.9943e-16  15346.17 0 
 15505.93 1.9715e-16  15559.65 0 
 15685.48 1.9134e-16  15739.83 0 
 15903.69 1.8315e-16  15958.79 0 
 16087.85 1.8315e-16  16143.59 0 
 16311.65 1.8188e-16  16368.17 0 
 16500.52 1.7693e-16  16557.70 0 
 16691.59 1.7490e-16  16749.43 0 
 16884.87 1.7014e-16  16943.38 0 
 17080.40 1.6665e-16  17139.58 0 
 17317.99 1.5878e-16  17378.00 0 
 17518.53 1.5445e-16  17579.23 0 
 17680.64 1.4818e-16  17741.90 0 
 17885.37 1.4217e-16  17947.34 0 
 18092.46 1.3452e-16  18155.15 0 
 18301.96 1.3086e-16  18365.38 0 
 18513.90 1.2641e-16  18578.05 0 
 18685.19 1.1989e-16  18749.94 0 
 18901.56 1.1690e-16  18967.05 0 
 19120.44 1.1476e-16  19186.69 0 
 19297.36 1.1087e-16  19364.23 0 
 19520.80 1.0612e-16  19588.44 0 
 19701.43 1.0299e-16  19769.70 0 
 19883.74 9.9953e-17  19952.63 0 
 20113.96 9.7903e-17  20183.66 0 
 20300.08 9.4362e-17  20370.42 0 
 20487.93 9.2853e-17  20558.92 0 
 20677.48 9.0323e-17  20749.13 0 
 20916.92 8.8064e-17  20989.40 0 
 21110.47 8.6257e-17  21183.62 0 
 21305.79 8.4294e-17  21379.62 0 
 21502.94 8.2186e-17  21577.45 0 
 21701.89 7.9031e-17  21777.09 0 
 21902.71 7.7767e-17  21978.60 0 
 22105.38 7.5474e-17  22181.97 0 
 22309.90 7.3248e-17  22387.21 0 
 22516.34 7.1416e-17  22594.36 0 
 22724.67 6.9470e-17  22803.41 0 
 22882.20 6.2632e-17  22961.49 0 
 23093.91 6.2201e-17  23173.93 0 
 23307.61 5.4802e-17  23388.37 0 
 23523.28 5.1499e-17  23604.79 0 
 23686.33 5.2095e-17  23768.40 0 
 23905.50 4.7731e-17  23988.34 0 
 24126.68 4.6110e-17  24210.28 0 
 24293.93 4.5582e-17  24378.11 0 
 24518.71 4.2247e-17  24603.66 0 
 24688.68 4.1572e-17  24774.22 0 
 24917.10 3.6542e-17  25003.44 0 
 25089.84 3.6207e-17  25176.77 0 
 25322.00 3.6041e-17  25409.74 0 
 25497.51 3.5383e-17  25585.86 0 
 25674.24 3.5465e-17  25763.20 0 
 25911.81 3.4498e-17  26001.59 0 
 26091.44 3.4261e-17  26181.84 0 
 26272.28 3.3250e-17  26363.31 0 
 26515.39 3.2945e-17  26607.26 0 
 26699.17 3.2048e-17  26791.68 0 
 26884.25 3.1608e-17  26977.41 0 
 27070.59 3.1103e-17  27164.39 0 
 27321.09 3.0325e-17  27415.75 0 
 27510.45 2.9771e-17  27605.78 0 
 27701.13 2.9027e-17  27797.12 0 
 27893.16 2.8628e-17  27989.81 0 
 28086.50 2.7977e-17  28183.82 0 
 28281.20 2.7466e-17  28379.20 0 
 28477.22 2.6903e-17  28575.90 0 
 28674.63 2.6170e-17  28773.99 0 
 28873.38 2.5810e-17  28973.43 0 
 29073.54 2.5339e-17  29174.28 0 
 29275.05 2.4763e-17  29376.49 0 
 29478.00 2.4199e-17  29580.14 0 
 29682.31 2.3812e-17  29785.16 0 
 29888.08 2.3270e-17  29991.64 0 
 30095.24 2.2845e-17  30199.52 0 
 30303.83 2.2274e-17  30408.84 0 
 30513.91 2.1968e-17  30619.64 0 
 30725.41 2.1667e-17  30831.87 0 
 30867.25 2.1271e-17  30974.21 0 
 31081.20 2.0883e-17  31188.89 0 
 31296.66 2.0549e-17  31405.10 0 
 31513.58 2.0174e-17  31622.78 0 
 31732.01 1.9806e-17  31841.96 0 
 31878.50 1.9489e-17  31988.96 0 
 32099.46 1.9178e-17  32210.68 0 
 32321.98 1.8828e-17  32433.97 0 
 32471.16 1.8527e-17  32583.67 0 
 32696.22 1.8188e-17  32809.52 0 
 32922.88 1.7815e-17  33036.96 0 
 33074.83 1.7611e-17  33189.44 0 
 33304.12 1.7250e-17  33419.52 0 
 33534.95 1.6935e-17  33651.15 0 
 33689.73 1.6588e-17  33806.47 0 
 33923.28 1.6285e-17  34040.82 0 
 34079.85 1.5951e-17  34197.94 0 
 34316.10 1.5696e-17  34435.01 0 
 34474.49 1.5410e-17  34593.94 0 
 34713.44 1.5094e-17  34833.72 0 
 34873.69 1.4818e-17  34994.53 0 
 35115.41 1.4548e-17  35237.08 0 
 35277.48 1.4249e-17  35399.71 0 
 35522.03 1.3989e-17  35645.12 0 
 35685.98 1.3734e-17  35809.64 0 
 35933.37 1.3483e-17  36057.88 0 
 36099.22 1.3237e-17  36224.30 0 
 36265.83 1.2996e-17  36391.49 0 
 36517.24 1.2729e-17  36643.77 0 
 36685.78 1.2497e-17  36812.89 0 
 36940.05 1.2212e-17  37068.05 0 
 37110.59 1.1989e-17  37239.18 0 
 37281.87 1.1771e-17  37411.05 0 
 37540.32 1.1476e-17  37670.40 0 
 37713.59 1.1371e-17  37844.27 0 
 37887.65 1.1163e-17  38018.93 0 
 38062.52 1.0960e-17  38194.41 0 
 38326.38 1.0784e-17  38459.18 0 
 38503.27 1.0612e-17  38636.69 0 
 38681.03 1.0418e-17  38815.06 0 
 38859.56 1.0228e-17  38994.21 0 
 39128.90 1.0041e-17  39264.48 0 
 39309.54 9.9037e-18  39445.75 0 
 39490.97 9.7005e-18  39627.81 0 
 39673.24 9.5454e-18  39810.71 0 
 39856.39 9.3497e-18  39994.50 0 
 40132.65 9.2002e-18  40271.71 0 
 40317.88 9.0739e-18  40457.58 0 
 40504.01 8.9083e-18  40644.35 0 
 40690.95 8.8063e-18  40831.95 0 
 40878.76 8.6655e-18  41020.40 0 
 41067.43 8.5467e-18  41209.73 0 
 41257.02 8.4294e-18  41399.98 0 
 41542.98 8.2946e-18  41686.93 0 
 41734.77 8.1620e-18  41879.38 0 
 41927.39 8.0686e-18  42072.67 0 
 42120.91 7.9579e-18  42266.86 0 
 42315.31 7.8668e-18  42461.93 0 
 42510.67 7.7588e-18  42657.96 0 
 42706.87 7.6700e-18  42854.85 0 
 42903.98 7.3756e-18  43052.64 0 
 43102.05 7.1252e-18  43251.40 0 
 43300.99 7.1416e-18  43451.02 0 
 43500.84 6.8992e-18  43651.57 0 
 43701.66 6.7577e-18  43853.09 0 
 43903.37 6.6803e-18  44055.49 0 
 44106.00 6.4535e-18  44258.83 0 
 44309.57 6.4239e-18  44463.10 0 
 44514.13 6.3357e-18  44668.37 0 
 44719.58 6.1773e-18  44874.54 0 
 44925.98 6.2058e-18  45081.65 0 
 45133.39 6.1066e-18  45289.77 0 
 45341.70 5.9813e-18  45498.80 0 
 45550.97 5.9951e-18  45708.80 0 
 45655.97 5.9538e-18  45814.16 0 
 45866.74 5.8183e-18  46025.67 0 
 46078.44 5.8586e-18  46238.10 0 
 46291.11 5.7782e-18  46451.51 0 
 46504.81 5.7253e-18  46665.95 0 
 46719.46 5.7253e-18  46881.34 0 
 46935.09 5.6859e-18  47097.72 0 
 47151.77 5.6337e-18  47315.15 0 
 47260.45 5.6597e-18  47424.21 0 
 47478.58 5.6078e-18  47643.10 0 
 47697.72 5.5821e-18  47862.99 0 
 47917.92 5.5564e-18  48083.95 0 
 48139.08 5.4928e-18  48305.88 0 
 48250.04 5.5309e-18  48417.23 0 
 48472.74 5.4928e-18  48640.70 0 
 48696.52 5.4425e-18  48865.25 0 
 48921.27 5.4425e-18  49090.79 0 
 49147.07 5.4050e-18  49317.36 0 
 49260.36 5.3926e-18  49431.04 0 
 49487.77 5.3678e-18  49659.24 0 
 49716.18 5.3802e-18  49888.45 0 
 49945.64 5.3450e-18  50118.70 0 
 50060.82 5.3348e-18  50234.29 0 
 50291.88 5.3021e-18  50466.14 0 
 50524.00 5.2453e-18  50699.06 0 
 50757.19 5.2248e-18  50933.06 0 
 50874.24 5.2146e-18  51050.52 0 
 50991.51 5.1923e-18  51168.20 0 
 51109.05 5.1701e-18  51286.14 0 
 51226.86 5.1598e-18  51404.36 0 
 51344.94 5.1377e-18  51522.85 0 
 51463.30 5.1274e-18  51641.62 0 
 51581.98 5.1288e-18  51760.71 0 
 51700.88 5.1302e-18  51880.02 0 
 51820.05 5.1198e-18  51999.61 0 
 51939.50 5.0976e-18  52119.47 0 
 52059.22 5.0872e-18  52239.61 0 
 52179.23 5.0767e-18  52360.03 0 
 52299.50 5.0662e-18  52480.72 0 
 52420.11 5.0557e-18  52601.75 0 
 52540.95 5.0567e-18  52723.00 0 
 52662.06 5.0578e-18  52844.53 0 
 52783.45 5.0471e-18  52966.34 0 
 52905.12 5.0249e-18  53088.43 0 
 53027.07 5.0027e-18  53210.80 0 
 53149.36 4.9920e-18  53333.52 0 
 53271.87 4.9928e-18  53456.46 0 
 53394.66 4.9935e-18  53579.68 0 
 53517.74 4.9828e-18  53703.18 0 
 53641.11 4.9719e-18  53826.97 0 
 53764.75 4.9725e-18  53951.05 0 
 53888.68 4.9616e-18  54075.41 0 
 54012.96 4.9621e-18  54200.11 0 
 54137.46 4.9626e-18  54325.05 0 
 54262.25 4.9402e-18  54450.27 0 
 54387.33 4.9405e-18  54575.79 0 
 54512.70 4.9408e-18  54701.59 0 
 54638.35 4.9297e-18  54827.68 0 
 54764.30 4.9185e-18  54954.06 0 
 54890.60 4.9187e-18  55080.79 0 
 55017.12 4.9188e-18  55207.76 0 
 55143.94 4.9075e-18  55335.02 0 
 55271.05 4.9188e-18  55462.57 0 
 55398.45 4.9187e-18  55590.41 0 
 55526.15 4.8960e-18  55718.55 0 
 55654.21 4.9071e-18  55847.05 0 
 55782.49 4.9069e-18  55975.78 0 
 55911.08 4.8953e-18  56104.81 0 
 56039.95 4.8950e-18  56234.13 0 
 56169.13 4.8946e-18  56363.76 0 
 56298.61 4.8942e-18  56493.68 0 
 56428.38 4.8824e-18  56623.90 0 
 56558.51 4.8931e-18  56754.48 0 
 56688.88 4.8925e-18  56885.31 0 
 56819.55 4.8806e-18  57016.43 0 
 56950.53 4.8799e-18  57147.86 0 
 57081.80 4.8791e-18  57279.59 0 
 57213.38 4.8895e-18  57411.62 0 
 57345.32 4.8886e-18  57544.02 0 
 57477.51 4.8877e-18  57676.67 0 
 57610.00 4.8866e-18  57809.62 0 
 57742.79 4.8856e-18  57942.87 0 
 57875.89 4.8844e-18  58076.43 0 
 58009.30 4.8833e-18  58210.30 0 
 58143.02 4.8820e-18  58344.48 0 
 58277.10 4.8807e-18  58479.04 0 
 58411.44 4.8793e-18  58613.83 0 
 58546.08 4.8891e-18  58748.94 0 
 58681.03 4.8764e-18  58884.36 0 
 58816.30 4.8861e-18  59020.09 0 
 58951.87 4.8845e-18  59156.14 0 
 59225.28 4.3769e-18  59430.50 3 
 59526.74 5.7032e-18  59733.00 3 
 59828.09 6.0082e-18  60035.40 3 
 60129.45 3.0783e-18  60337.80 3 
 60430.81 5.0630e-18  60640.20 3 
 60732.16 5.3073e-18  60942.60 3 
 61033.62 7.2874e-18  61245.10 3 
 61334.97 5.2596e-18  61547.50 3 
 61636.33 3.1837e-18  61849.90 3 
 61937.69 5.1577e-18  62152.30 3 
 62239.04 2.9199e-18  62454.70 3 
 62540.50 1.4960e-18  62757.20 3 
 62841.85 4.1702e-18  63059.60 3 
 63143.21 2.9201e-18  63362.00 3 
 63444.56 2.0157e-18  63664.40 3 
 63745.92 1.3138e-18  63966.80 3 
 64047.38 3.5735e-18  64269.30 3 
 64348.73 8.9742e-18  64571.70 3 
 64650.09 4.5536e-18  64874.10 3 
 64951.44 4.0539e-18  65176.50 3 
 65252.80 6.5100e-18  65478.90 3 
 65554.25 4.2253e-18  65781.40 3 
 65855.61 3.7277e-18  66083.80 3 
 66156.96 1.9296e-19  66386.20 3 
 66458.32 4.8419e-18  66688.60 3 
 66759.68 2.9304e-18  66991.00 3 
 67061.13 4.2991e-18  67293.50 3 
 67362.49 3.4033e-18  67595.90 3 
 67663.85 5.0003e-18  67898.30 3 
 67965.20 4.8777e-18  68200.70 3 
 68266.56 5.6114e-18  68503.10 3 
 68568.01 2.2261e-18  68805.60 3 
 68869.37 6.6010e-18  69108.00 3 
 69170.72 6.4932e-18  69410.40 3 
 69472.08 3.1935e-18  69712.80 3 
 69773.44 8.5995e-18  70015.20 3 
 70074.89 9.9323e-18  70317.70 3 
 70376.25 7.4115e-18  70620.10 3 
 70677.60 2.7836e-18  70922.50 3 
 70978.96 6.9449e-18  71224.90 3 
 71280.31 4.0427e-18  71527.30 3 
 71581.77 4.5444e-18  71829.80 3 
 71883.13 8.1605e-18  72132.20 3 
 72184.48 6.9753e-18  72434.60 3 
 72485.84 7.1413e-18  72737.00 3 
 72787.19 5.7558e-18  73039.40 3 
 73088.65 2.8570e-18  73341.90 3 
 73390.00 3.3376e-18  73644.30 3 
 73691.36 6.1653e-18  73946.70 3 
 73992.72 3.8950e-18  74249.10 3 
 74294.07 1.0394e-17  74551.50 3 
 74595.53 1.3161e-17  74854.00 3 
 74896.88 7.6192e-18  75156.40 3 
 75198.23 5.2966e-18  75458.80 3 
 75499.59 4.1432e-18  75761.20 3 
 76102.31 6.5881e-18  76366.00 3 
 76705.12 7.1770e-18  76970.90 3 
 77307.82 5.5263e-18  77575.70 3 
 77910.54 5.2026e-18  78180.50 3 
 78513.35 8.4307e-18  78785.40 3 
 79116.07 7.2667e-18  79390.20 3 
 79718.88 7.5369e-18  79995.10 3 
 80321.58 6.4892e-18  80599.90 3 
 80924.30 5.7711e-18  81204.70 3 
 81527.10 5.8268e-18  81809.59 3 
 82129.82 6.6090e-18  82414.40 3 
 82732.53 6.7070e-18  83019.20 3 
 83335.34 6.0848e-18  83624.09 3 
 83938.05 6.5457e-18  84228.90 3 
 84540.76 7.5162e-18  84833.70 3 
 85143.58 7.3727e-18  85438.60 3 
 85746.29 7.1135e-18  86043.40 3 
 86349.11 7.5566e-18  86648.30 3 
 86951.81 6.1078e-18  87253.10 3 
 87554.53 5.7328e-18  87857.91 3 
 88157.34 6.8229e-18  88462.80 3 
 88760.05 7.0713e-18  89067.60 3 
 89362.76 6.6854e-18  89672.41 3 
 89965.57 8.5675e-18  90277.30 3 
 90568.28 7.9721e-18  90882.10 3 
 91170.99 6.9889e-18  91486.90 3 
 91773.80 7.4059e-18  92091.80 3 
 92376.52 8.2321e-18  92696.60 3 
 92979.33 8.1606e-18  93301.50 3 
 93582.04 7.6012e-18  93906.30 3 
 94184.75 8.0075e-18  94511.10 3 
 94787.55 7.1170e-18  95115.99 3 
 95390.27 7.5843e-18  95720.80 3 
 95992.99 8.3862e-18  96325.60 3 
 96595.80 9.1805e-18  96930.50 3 
 97198.50 7.8315e-18  97535.30 3 
 97801.21 7.9812e-18  98140.09 3 
 98404.03 8.3697e-18  98745.00 3 
 99006.75 8.0619e-18  99349.80 3 
 99609.56 8.1501e-18  99954.70 3 
100212.26 8.8482e-18 100559.50 3 
100814.98 8.8733e-18 101164.30 3 
101417.79 8.8327e-18 101769.20 3 
102020.50 8.6967e-18 102374.00 3 
102623.22 8.6092e-18 102978.80 3 
103226.02 9.2166e-18 103583.70 3 
103828.73 8.3685e-18 104188.50 3 
104431.44 1.8101e-17 104793.30 3 
105034.25 4.3069e-17 105398.20 3 
105636.97 3.1251e-17 106003.00 3 
106239.79 7.4024e-18 106607.91 3 
106842.49 8.8146e-18 107212.70 3 
107445.20 9.4188e-18 107817.50 3 
108048.02 1.0373e-17 108422.41 3 
108650.73 9.7833e-18 109027.20 3 
109253.44 9.2436e-18 109632.00 3 
109856.25 1.1347e-17 110236.90 3 
110458.96 1.0665e-17 110841.70 3 
111061.68 1.0151e-17 111446.51 3 
111664.48 1.1118e-17 112051.40 3 
112267.20 1.2133e-17 112656.20 3 
112870.01 1.1552e-17 113261.10 3 
113472.72 1.1462e-17 113865.90 3 
114075.43 1.1174e-17 114470.70 3 
114678.24 1.1614e-17 115075.60 3 
115280.95 1.1573e-17 115680.40 3 
115883.67 1.1850e-17 116285.20 3 
116486.47 1.3091e-17 116890.09 3 
117089.18 1.2298e-17 117494.90 3 
117691.89 1.2314e-17 118099.70 3 
118294.70 1.2409e-17 118704.59 3 
118897.42 1.3843e-17 119309.40 3 
119500.24 1.3254e-17 119914.30 3 
120102.94 1.3274e-17 120519.10 3 
120705.65 1.3624e-17 121123.90 3 
121308.47 1.3302e-17 121728.80 3 
121911.18 1.4438e-17 122333.60 3 
122513.90 1.4167e-17 122938.41 3 
123116.70 1.4291e-17 123543.30 3 
123719.41 1.5221e-17 124148.10 3 
124322.13 1.5153e-17 124752.91 3 
124924.93 1.4490e-17 125357.80 3 
125527.65 1.5281e-17 125962.60 3 
126130.46 1.4895e-17 126567.50 3 
126733.17 1.5339e-17 127172.30 3 
127335.88 1.6692e-17 127777.10 3 
127938.69 1.7887e-17 128382.00 3 
128541.40 1.7437e-17 128986.80 3 
129144.12 1.6743e-17 129591.60 3 
129746.93 1.6769e-17 130196.51 3 
130349.64 1.6532e-17 130801.30 3 
130952.34 1.7081e-17 131406.09 3 
131555.16 1.7296e-17 132011.00 3 
132157.87 1.7330e-17 132615.80 3 
132760.58 1.7553e-17 133220.59 3 
133363.40 1.7501e-17 133825.50 3 
133966.10 1.7517e-17 134430.30 3 
134568.92 1.7962e-17 135035.20 3 
135171.63 1.8296e-17 135640.00 3 
135774.34 1.8328e-17 136244.80 3 
136377.16 1.8386e-17 136849.70 3 
136979.86 1.7883e-17 137454.50 3 
137582.57 1.8317e-17 138059.30 3 
138185.39 1.8453e-17 138664.20 3 
138788.10 1.8348e-17 139269.00 3 
139390.81 1.9762e-17 139873.80 3 
139993.63 1.8798e-17 140478.70 3 
140596.33 1.8471e-17 141083.50 3 
141199.15 1.8307e-17 141688.41 3 
141801.86 1.8269e-17 142293.20 3 
142404.57 1.7694e-17 142898.00 3 
143007.39 1.7038e-17 143502.91 3 
143610.09 1.5571e-17 144107.70 3 
144212.80 1.5263e-17 144712.50 3 
145270.73 1.7936e-17 145774.09 3 
146114.62 1.9908e-17 146620.91 3 
146958.49 1.8326e-17 147467.70 3 
147802.36 1.8488e-17 148314.50 3 
148646.14 1.7418e-17 149161.20 3 
149490.02 1.7218e-17 150008.00 3 
150333.89 1.5788e-17 150854.80 3 
151177.67 2.0836e-17 151701.50 3 
152021.54 1.6796e-17 152548.30 3 
152865.42 1.6346e-17 153395.09 3 
153709.19 1.8280e-17 154241.80 3 
154553.07 1.9992e-17 155088.59 3 
155396.96 2.8898e-17 155935.41 3 
156240.74 2.7097e-17 156782.11 3 
157084.61 1.6156e-17 157628.91 3 
157928.48 1.6851e-17 158475.70 3 
158772.24 1.5917e-17 159322.39 3 
159616.13 1.5233e-17 160169.20 3 
160460.01 1.5642e-17 161016.00 3 
161303.88 1.7626e-17 161862.80 3 
162147.66 1.9273e-17 162709.50 3 
162991.55 1.7550e-17 163556.31 3 
163835.40 1.7463e-17 164403.09 3 
164679.20 1.7298e-17 165249.81 3 
165523.06 1.6051e-17 166096.59 3 
166366.93 1.6194e-17 166943.39 3 
167210.72 1.7766e-17 167790.11 3 
168054.58 1.6413e-17 168636.89 3 
168898.47 1.6446e-17 169483.70 3 
169742.23 1.5326e-17 170330.39 3 
170586.12 1.6057e-17 171177.20 3 
171430.00 1.7849e-17 172024.00 3 
172273.76 1.7140e-17 172870.69 3 
173117.65 1.6599e-17 173717.50 3 
173961.52 1.5196e-17 174564.30 3 
174805.39 1.6585e-17 175411.09 3 
175649.17 1.7077e-17 176257.80 3 
176493.06 1.7139e-17 177104.61 3 
177336.92 1.6110e-17 177951.39 3 
178180.71 1.6657e-17 178798.11 3 
179024.59 1.7614e-17 179644.91 3 
179868.46 1.6852e-17 180491.70 3 
180712.24 1.7027e-17 181338.41 3 
181556.10 1.6587e-17 182185.19 3 
182399.98 1.8298e-17 183032.00 3 
183243.76 1.9145e-17 183878.70 3 
184087.64 1.9866e-17 184725.50 3 
184931.51 1.8323e-17 185572.30 3 
185775.27 1.9367e-17 186418.98 3 
186619.16 2.5915e-17 187265.80 3 
187463.05 2.3747e-17 188112.61 3 
188306.92 1.9984e-17 188959.41 3 
189150.69 1.9852e-17 189806.09 3 
189994.58 1.8552e-17 190652.91 3 
190838.43 1.8699e-17 191499.69 3 
191682.23 1.7583e-17 192346.41 3 
192526.10 1.9557e-17 193193.20 3 
193369.97 1.8240e-17 194040.00 3 
194213.75 1.7448e-17 194886.70 3 
195057.64 1.7044e-17 195733.52 3 
195901.50 1.6577e-17 196580.30 3 
196745.28 1.7151e-17 197427.00 3 
197589.15 1.7433e-17 198273.80 3 
198433.02 1.8358e-17 199120.59 3 
199276.82 1.8290e-17 199967.31 3 
200120.68 1.6634e-17 200814.09 3 
200964.56 1.8243e-17 201660.91 3 
201808.44 1.7339e-17 202507.70 3 
202652.20 1.7813e-17 203354.39 3 
203496.09 1.6728e-17 204201.20 3 
205183.74 1.8589e-17 205894.70 3 
206871.49 1.7891e-17 207588.30 3 
208559.16 1.6708e-17 209281.81 3 
210246.79 1.7096e-17 210975.30 3 
211934.54 1.7814e-17 212668.89 3 
213622.19 1.6917e-17 214362.39 3 
215309.95 1.6641e-17 216056.00 3 
216997.60 1.7233e-17 217749.50 3 
218685.26 1.7542e-17 219443.00 3 
220373.02 1.7990e-17 221136.61 3 
222060.67 1.7581e-17 222830.11 3 
223748.31 1.7771e-17 224523.59 3 
225436.05 1.7799e-17 226217.19 3 
227123.72 1.7134e-17 227910.70 3 
228811.47 1.6335e-17 229604.30 3 
230499.12 1.5576e-17 231297.80 3 
232186.77 1.6341e-17 232991.30 3 
233874.53 1.7327e-17 234684.91 3 
235562.18 1.6412e-17 236378.41 3 
237249.84 1.7080e-17 238071.91 3 
238937.57 1.6665e-17 239765.48 3 
240625.23 1.6710e-17 241459.00 3 
242312.98 1.6862e-17 243152.59 3 
244000.63 1.5793e-17 244846.09 3 
245688.28 1.7022e-17 246539.59 3 
247376.05 1.7125e-17 248233.20 3 
249063.70 1.7141e-17 249926.70 3 
250751.35 1.6949e-17 251620.20 3 
252439.11 1.6929e-17 253313.81 3 
254126.76 1.7214e-17 255007.31 3 
255814.49 1.6859e-17 256700.89 3 
257502.15 1.6974e-17 258394.39 3 
259189.80 1.7334e-17 260087.89 3 
260877.56 1.6733e-17 261781.50 3 
262565.21 1.7113e-17 263475.00 3 
264252.86 1.6656e-17 265168.50 3 
265940.61 1.6577e-17 266862.09 3 
267628.26 1.6680e-17 268555.59 3 
269316.01 1.6484e-17 270249.19 3 
271003.66 1.6706e-17 271942.69 3 
272691.34 1.6980e-17 273636.22 3 
274379.09 1.6852e-17 275329.81 3 
276066.71 1.6859e-17 277023.28 3 
277754.36 1.6869e-17 278716.78 3 
279442.14 1.6718e-17 280410.41 3 
281129.79 1.6388e-17 282103.91 3 
282817.54 1.6307e-17 283797.50 3 
284505.19 1.6807e-17 285491.00 3 
286192.84 1.6346e-17 287184.50 3 
287880.59 1.6190e-17 288878.09 3 
289568.24 1.6711e-17 290571.59 3 
291255.89 1.6127e-17 292265.09 3 
292943.64 1.6009e-17 293958.69 3 
294631.29 1.5637e-17 295652.19 3 
296319.04 1.5684e-17 297345.78 3 
298006.72 1.6396e-17 299039.31 3 
299694.37 1.6234e-17 300732.81 3 
301382.12 1.6002e-17 302426.41 3 
303069.77 1.5891e-17 304119.91 3 
304757.42 1.5919e-17 305813.41 3 
306445.17 1.6911e-17 307507.00 3 
308132.82 1.6697e-17 309200.50 3 
309820.57 1.6541e-17 310894.09 3 
311508.22 1.6730e-17 312587.59 3 
313195.87 1.6481e-17 314281.09 3 
314883.62 1.6307e-17 315974.69 3 
316571.30 1.6120e-17 317668.22 3 
318258.95 1.6460e-17 319361.72 3 
319946.70 1.5800e-17 321055.31 3 
321634.32 1.5624e-17 322748.78 3 
323322.10 1.5727e-17 324442.41 3 
325009.75 1.5798e-17 326135.91 3 
326697.40 1.6492e-17 327829.41 3 
328385.15 1.7014e-17 329523.00 3 
330072.80 1.6386e-17 331216.50 3 
331760.45 1.7037e-17 332910.00 3 
333448.23 1.8756e-17 334603.62 3 
335135.88 1.8495e-17 336297.12 3 
336823.59 1.8774e-17 337990.69 3 
338511.25 1.7435e-17 339684.19 3 
340198.93 1.7299e-17 341377.72 3 
341886.64 1.6744e-17 343071.28 3 
343574.30 1.7263e-17 344764.78 3 
345261.95 1.7075e-17 346458.28 3 
346949.73 1.9042e-17 348151.91 3 
348637.35 1.9552e-17 349845.38 3 
