2.010690909920390901e+00 1.418201157345925223e-01 2.308938155768036182e+00 6.367752466851980646e-03 4.026549028282953913e+00 5.702560889773527174e-03 5.691569767335083796e+00 1.195394283775505842e-02 5.924882283818486250e+00 3.572808053811779572e-02 7.216232619533914594e+00 1.854661636587294493e-01 6.007989539853479943e-01 0.000000000000000000e+00
2.402253717388548093e+00 1.420647380215387112e-01 2.565260343071339211e+00 6.410344511583055543e-03 6.237867433727197763e+00 6.329415908026158298e-03 9.959865109304418596e+00 1.379041914687562792e-02 1.102448278085336852e+01 3.826767218162942241e-02 1.162926710848239154e+01 1.883027134456082552e-01 6.101763836999158919e-01 0.000000000000000000e+00
1.419938614978665292e+01 1.530255013009043930e-01 2.249462901185986041e+01 1.977950800382251989e-02 4.882642368823599099e+01 6.610243755031214308e-02 8.704297211494325381e+01 2.037296696885713687e-01 1.051448122706223671e+02 3.186047409491588045e-01 1.252584799348628621e+02 5.966195191398665498e-01 6.023358429473935072e-01 0.000000000000000000e+00
2.930020811969935135e+00 1.424053280442497404e-01 7.076881060335420415e+00 7.697921479437507854e-03 2.111966474327643084e+01 1.690789581620271917e-02 4.232467242647440031e+01 5.735783711706731597e-02 5.203014222238493858e+01 1.059524079313508976e-01 5.999065811576048191e+01 2.831748120319694251e-01 5.927233063153281023e-01 0.000000000000000000e+00
1.307592589874361444e+00 1.413982770401923106e-01 1.611366550373057871e+00 6.268378182007093222e-03 3.469281502986410803e+00 5.583093491468330352e-03 6.463108018594595272e+00 1.221846408406922387e-02 7.662738064410833161e+00 3.644746732622587693e-02 8.904868501057420005e+00 1.864365873028316634e-01 6.087309776424867369e-01 0.000000000000000000e+00
1.025235526727558266e+01 1.485850820589297572e-01 1.765507165203332818e+01 1.470725173998244269e-02 4.098377674848666175e+01 4.828285142377353178e-02 7.684306578174346214e+01 1.615415193550316375e-01 9.751038719572868274e+01 2.793580555576849478e-01 1.171582060942678964e+02 5.461421022140590109e-01 5.763388625811232124e-01 0.000000000000000000e+00
1.546068193874679642e+00 1.415389783943343249e-01 1.362299480949449748e+00 6.238845659046314725e-03 4.068593046538326874e+00 5.712150096883350341e-03 7.271818724330584516e+00 1.252758353545128586e-02 8.230128657091274391e+00 3.671495562225503967e-02 9.231436682439877472e+00 1.866426890203764233e-01 6.072963292626849530e-01 0.000000000000000000e+00
1.737736630507238811e+00 1.416539365650218429e-01 4.962205220233888880e+00 6.967697139537642852e-03 1.550079531507316588e+01 1.161262131210233362e-02 2.953835666678774530e+01 3.388723820224125161e-02 3.454102680447187623e+01 6.680264324299303724e-02 3.919978355484068544e+01 2.280561841566351444e-01 6.048688873166150337e-01 0.000000000000000000e+00
1.515272356225811912e+00 1.415214582962655288e-01 6.219648575810333702e-01 6.169312638553981973e-03 1.217112683365854542e+00 5.258673172576844475e-03 1.828797660829618588e+00 1.107698024262751720e-02 2.083184328633289617e+00 3.467344168072475363e-02 1.769441173518590871e+00 1.833127820130306673e-01 5.973355835899425426e-01 0.000000000000000000e+00
1.165829275631314665e+00 1.413178288018509809e-01 1.653026646327194538e+00 6.273650596629966325e-03 4.342083684356756734e+00 5.776987766198751935e-03 7.149507081698702748e+00 1.247877810024016973e-02 7.606141067732458794e+00 3.642166982803356212e-02 8.008432021772387444e+00 1.859041589987313892e-01 6.103951262725855198e-01 0.000000000000000000e+00
1.850342716272088905e+00 1.417208581097672004e-01 3.740548678224785650e+00 6.647738417263918120e-03 9.938681518458054143e+00 7.925652556150120792e-03 1.846718647076300002e+01 2.016849250058206158e-02 2.289200412613368840e+01 4.921147910077271204e-02 2.748447857039185038e+01 2.065202799606238038e-01 5.896368344699449704e-01 0.000000000000000000e+00
5.906830386164770630e+01 2.582862464367918776e-01 6.552117256963782665e+01 1.163625068041183180e-01 1.181461472404985358e+02 3.573287472631220263e-01 2.040126572941955203e+02 1.059410382976239795e+00 2.513589304033175154e+02 1.632609724784296334e+00 2.923224024073534792e+02 2.369293907437124869e+00 5.862111762392596681e-01 0.000000000000000000e+00
4.935549920344160846e+00 1.438310376222207976e-01 7.672261176224267842e+00 7.943850479060723946e-03 1.711653333167815205e+01 1.297360465593535087e-02 3.065714125154976699e+01 3.561469004021972778e-02 3.732317531665579935e+01 7.200731482067634914e-02 4.370774989675048516e+01 2.381749703658679884e-01 5.965059405786095059e-01 0.000000000000000000e+00
1.403190632821250672e+00 1.414551509180318190e-01 1.338442471038253068e+01 1.120408203784343908e-02 5.364614904228500336e+01 7.857922555209320703e-02 1.406932600888089837e+02 5.112758871080557155e-01 2.023561046375582180e+02 1.073137666902838960e+00 2.583812678776902771e+02 1.896190636330332469e+00 5.798111102550020934e-01 0.000000000000000000e+00
1.883333995473606803e+00 1.417419325349053294e-01 2.504491791565808700e+00 6.399945372964298967e-03 5.010822689010762332e+00 5.951395904228518399e-03 8.553502567435593562e+00 1.308467877926896422e-02 1.009593163259488868e+01 3.770837514706656957e-02 1.201114274191327702e+01 1.885938391548179494e-01 6.153071480978136165e-01 0.000000000000000000e+00
3.934784365549524932e+00 1.430951262181640593e-01 4.999664533121436882e+00 6.978685655916480948e-03 1.043126731205293112e+01 8.189747760762923837e-03 1.930831170900816218e+01 2.099550918010369485e-02 2.338767764122219006e+01 4.982153378432484930e-02 2.795069732467169743e+01 2.072454552282090579e-01 5.956599339931503145e-01 0.000000000000000000e+00
7.502351819730225913e+00 1.459493766626384637e-01 1.130210030534535370e+01 9.826623410626745755e-03 2.592446764665454140e+01 2.268807125262761737e-02 4.865235415720101741e+01 7.199644457947500242e-02 6.007967119718860260e+01 1.291106926362189100e-01 7.150650112595015173e+01 3.230054311520036969e-01 5.957238563713436186e-01 0.000000000000000000e+00
1.507095755667462900e+00 1.415167023628650378e-01 2.028943134123688097e+00 6.324976253009116645e-03 4.129845602435712415e+00 5.726384545970361097e-03 6.712700263825340130e+00 1.231025879587291025e-02 7.410112589697929408e+00 3.633340420389675335e-02 8.526363281084153201e+00 1.862085460929840119e-01 5.929286433873699469e-01 0.000000000000000000e+00
3.496557904144955042e+00 1.427872288581946980e-01 2.986414765064044374e+01 2.975278462329353571e-02 1.197740850950325608e+02 3.670556293573829509e-01 3.231821042175339471e+02 2.634697412134084704e+00 4.555439162656446115e+02 5.256246103899128386e+00 5.893035101042647739e+02 8.965798825264039706e+00 5.944517313484647403e-01 0.000000000000000000e+00
4.158120514961975545e+00 1.432555843428714171e-01 7.828464434083475254e+00 8.011230672280277715e-03 1.876029761218897463e+01 1.449219685243830630e-02 3.591011575133440203e+01 4.456134458828516637e-02 4.436818503269190472e+01 8.691888237556522068e-02 5.303174989830488073e+01 2.623215948883834692e-01 6.024430449590449932e-01 0.000000000000000000e+00
2.020516826504864749e+00 1.418242050054370762e-01 3.719096499078284879e+00 6.642763045833206467e-03 8.846988837978109643e+00 7.383584095815199852e-03 1.675859665541219812e+01 1.859717391294974168e-02 2.034868526565325908e+01 4.627337670068958075e-02 2.370402301507026976e+01 2.010373729718121227e-01 5.997375215588554020e-01 0.000000000000000000e+00
9.880936398577206958e+00 1.482049559246151893e-01 2.416479491213485531e+01 2.180176908463043323e-02 7.528929378582556353e+01 1.489253799184066251e-01 1.838906981230636006e+02 8.634910315591850516e-01 2.569617296201498107e+02 1.704225822308965688e+00 3.226012562729323463e+02 2.839959034369795798e+00 5.985300054508209122e-01 0.000000000000000000e+00
1.131018408740577019e+00 1.412967193752392159e-01 2.238209026648460664e+00 6.356557867549647231e-03 6.041825676535776957e+00 6.263948300685089760e-03 1.075544151403002680e+01 1.423366476729288031e-02 1.209378047001867529e+01 3.896462579879072380e-02 1.333926233271892059e+01 1.896630631228661268e-01 6.098227970856804347e-01 0.000000000000000000e+00
1.158691231846044722e+00 1.413125377523616055e-01 2.863180532467339390e+00 6.463974149276049790e-03 9.237374075061739020e+00 7.570596178881597652e-03 1.776614401767237794e+01 1.950603802254976746e-02 2.155275465854959194e+01 4.762396134240497181e-02 2.468776755385108856e+01 2.023958289516147868e-01 5.879602379605801676e-01 0.000000000000000000e+00
2.143852457571233217e+00 1.419023404135609234e-01 3.596649440794728037e+00 6.614961616710193261e-03 9.668633996558028798e+00 7.786015964565611708e-03 1.894966115316070088e+01 2.063855736369357013e-02 2.323076519605357859e+01 4.962689263672011991e-02 2.776658498280210097e+01 2.069593781554070477e-01 5.904514744210336286e-01 0.000000000000000000e+00
1.741798460771498247e+00 1.416565522532458599e-01 5.472066610440950996e+00 7.123292747500747750e-03 1.723520490583433684e+01 1.307864618877231828e-02 3.570222561512126447e+01 4.418122863052042354e-02 4.357703100671648144e+01 8.512022204297195471e-02 5.261417080099570143e+01 2.611472111297190590e-01 6.009834094946064909e-01 0.000000000000000000e+00
1.016578541925113655e+01 1.484964055622050305e-01 1.560412492400632267e+01 1.291113481490116684e-02 3.234126907753248048e+01 3.220754165497190930e-02 5.523563721091007039e+01 8.935149211962047089e-02 6.777539543444088110e+01 1.542807741051315518e-01 7.925423888482214352e+01 3.535331164144366878e-01 5.739132401795863370e-01 0.000000000000000000e+00
1.836337325295737122e+00 1.417127458185784561e-01 2.382961259872557136e+00 6.379720941195033551e-03 4.444432270776563776e+00 5.802254673972421888e-03 6.666269724064526336e+00 1.229300949505142578e-02 7.735123146803895011e+00 3.648068775153143206e-02 8.429008608894482890e+00 1.861503673816663207e-01 5.778355719845518212e-01 0.000000000000000000e+00
1.535608996448185382e+00 1.415316409301123068e-01 4.373240414142223642e+00 6.804077044034393708e-03 1.421478526911781337e+01 1.062266322174167284e-02 2.968035935572311956e+01 3.410316852627330586e-02 3.758326311839997658e+01 7.251399751712578334e-02 4.379798597892310141e+01 2.383869879078407417e-01 5.831612258741039057e-01 0.000000000000000000e+00
1.377099852351326259e+00 1.414406757519219293e-01 2.044582707972527391e+00 6.327263628085067100e-03 4.300898988368563991e+00 5.767030603233596134e-03 6.841791071372087529e+00 1.235921414409462890e-02 7.948681266680821977e+00 3.657975923306706900e-02 8.817663551216579521e+00 1.863836364488754838e-01 5.784636276260821663e-01 0.000000000000000000e+00
3.335835518174347758e+00 1.426781269271204244e-01 5.216898560133991225e+00 7.043779400934872120e-03 1.146685319662489100e+01 8.784551704248791046e-03 2.181632342301789151e+01 2.367198759048495457e-02 2.732032607805012603e+01 5.509915905193646379e-02 3.259588818986346581e+01 2.150730079196984390e-01 5.915402061622345720e-01 0.000000000000000000e+00
3.672551834646604618e+00 1.429099258378852266e-01 3.842862308863462140e+00 6.671634241217367332e-03 6.950249655247662695e+00 6.583502764025147592e-03 1.066608507880927803e+01 1.418232497224757027e-02 1.153652118065786780e+01 3.859429471286782848e-02 1.225553266900459803e+01 1.887844582503857005e-01 5.986729331997717729e-01 0.000000000000000000e+00
7.794459752834801414e+00 1.462122058057701568e-01 1.175331836319376499e+01 1.010671844899464072e-02 2.479342502791244840e+01 2.122349363660555252e-02 4.624996056610039830e+01 6.620301203136433332e-02 5.668509916514853586e+01 1.189500588020279692e-01 6.721255216656494724e+01 3.073764539453187061e-01 6.060944221521493702e-01 0.000000000000000000e+00
1.226121782771413748e+01 1.507481818204826907e-01 2.186516632177967168e+01 1.905366008685765306e-02 5.070621170967503843e+01 7.083042789595167532e-02 1.028439213420300007e+02 2.793562359008827101e-01 1.311130292966481932e+02 4.739126217151365394e-01 1.612148024274159468e+02 8.602920973200079979e-01 6.114564895341709772e-01 0.000000000000000000e+00
1.485259523602590948e+00 1.415029681222746138e-01 1.493535408610175308e+00 6.254091553667899539e-03 3.020143620915674010e+00 5.498144926870703400e-03 4.554574954082132976e+00 1.161822786528547008e-02 4.890144861110546692e+00 3.537137505012993149e-02 5.075032413822310851e+00 1.844440229338943360e-01 5.939429282425903178e-01 0.000000000000000000e+00
1.615178398321358344e+00 1.415803348355541558e-01 2.883208676665319103e+00 6.467707313228505256e-03 5.747939047666060119e+00 6.169474823102816252e-03 8.963457498644840982e+00 1.328022002969206014e-02 1.042727323744516355e+01 3.790298299351314154e-02 1.156783494630503739e+01 1.882576261035422138e-01 5.944390629671523207e-01 0.000000000000000000e+00
1.576343043252192766e+00 1.415571853963488169e-01 1.078531725018571485e+01 9.518297913423030138e-03 4.096031226566469030e+01 4.823414852530053670e-02 1.017807954402726125e+02 2.738762035384887938e-01 1.411440600217984240e+02 5.429325702509792961e-01 1.818041141397106344e+02 1.040380230535808304e+00 6.042244289694638226e-01 0.000000000000000000e+00
5.402985440041566001e+00 1.441917481834628367e-01 1.392785068968655082e+01 1.159923885986191561e-02 4.204410546184372066e+01 5.051226296722131914e-02 9.133425173720196710e+01 2.230337934652840415e-01 1.174751786369211288e+02 3.881445920103743785e-01 1.472495662793521092e+02 7.502046672562258101e-01 6.062578668880871380e-01 0.000000000000000000e+00
1.681332717649162145e+00 1.416197211256008115e-01 2.234256992541324038e+00 6.355962412509553149e-03 4.301034990081009646e+00 5.767063151065860566e-03 6.510913796579012036e+00 1.223580584908690386e-02 6.900296866472690915e+00 3.611325701541209104e-02 7.508047580511964192e+00 1.856244367605998091e-01 5.851090528318871886e-01 0.000000000000000000e+00
1.964073717078303360e+00 1.417915601935590686e-01 2.844570496335444787e+00 6.460512801021465155e-03 5.765687671651243740e+00 6.175037894977289735e-03 9.164927556490376048e+00 1.337949747530044024e-02 1.039166914187957680e+01 3.788170254241553930e-02 1.170843415566106849e+01 1.883609736967119808e-01 5.811459212982954536e-01 0.000000000000000000e+00
6.002143918020009572e+00 1.446710421598040863e-01 1.619673467336697570e+01 1.340854306678886110e-02 5.491432460714771935e+01 8.205521502342201512e-02 1.389930193116769033e+02 4.993208819893503181e-01 1.924461433736190656e+02 9.745899374788195013e-01 2.503321738538302839e+02 1.792445856364069945e+00 6.031393932171453809e-01 0.000000000000000000e+00
3.112688482933990031e+00 1.425277999548359709e-01 4.526290984739858025e+00 6.844900067447089696e-03 9.001818856191544427e+00 7.456857165540950634e-03 1.561388674836402757e+01 1.762601605246313582e-02 1.890686596907572437e+01 4.475135065787960720e-02 2.168960565694793630e+01 1.984063923634682147e-01 6.016801574683339204e-01 0.000000000000000000e+00
1.618203097555978243e+00 1.415827302467680959e-01 4.116322638601634054e+00 6.738196721031349326e-03 1.257468306853296092e+01 9.480118577530267585e-03 2.647887032370676863e+01 2.948338193743099342e-02 3.357411829564019712e+01 6.508424237157965642e-02 4.011954469461288397e+01 2.300389845717312753e-01 5.786785775786320585e-01 0.000000000000000000e+00
4.305290993009240452e+01 2.091639280462024297e-01 6.041050913368257369e+01 1.000461115766696218e-01 1.312965006933429493e+02 4.396888056627690777e-01 2.608985634613659386e+02 1.722801929952426869e+00 3.332877443446673169e+02 2.836178840971235182e+00 4.206006230698925492e+02 4.677571278968934543e+00 5.928516098380089971e-01 0.000000000000000000e+00
1.319805477201818400e+00 1.414064725222923813e-01 1.827545133351385465e+00 6.296629613343355039e-03 3.302227923794567754e+00 5.550290927969226892e-03 4.972973999177639826e+00 1.173425640345654095e-02 5.862697844385152735e+00 3.570494843267970481e-02 5.468722322699111515e+00 1.846155560472476920e-01 5.951616939936659190e-01 0.000000000000000000e+00
7.625085154085125794e+01 3.252523716856434710e-01 8.184006790346745674e+01 1.772053076294581586e-01 1.209418414207988661e+02 3.741143947721555230e-01 1.940038467919914069e+02 9.594281200766990869e-01 2.278015843852346336e+02 1.348666356122097953e+00 2.779435381219361716e+02 2.161833547341157402e+00 6.126152306461671859e-01 0.000000000000000000e+00
4.712183303364196441e+00 1.436619940960376096e-01 6.449610924725724281e+00 7.457900519455920064e-03 1.461555616781135924e+01 1.092237542116707323e-02 2.378248049605865333e+01 2.598987071531897244e-02 2.575546667253075483e+01 5.290645482722190068e-02 2.811740246738139248e+01 2.075100176165635413e-01 6.098961431023006696e-01 0.000000000000000000e+00
2.641879299788084889e+00 1.422178238967906905e-01 3.876956100043715825e+00 6.679696992818116505e-03 9.785118258204159147e+00 7.845787299207925697e-03 1.592998625987874384e+01 1.788762563227890012e-02 1.688614426112144429e+01 4.279308121478325039e-02 1.843380151024160440e+01 1.945828382122785360e-01 6.163369936186788856e-01 0.000000000000000000e+00
3.382364489316618972e+01 1.866796487796806292e-01 4.188862236301546460e+01 5.185559366313216567e-02 7.067637552536837120e+01 1.319681938160884027e-01 1.195560874224797772e+02 3.729278834601093551e-01 1.419756531582367245e+02 5.488810624805045002e-01 1.780767105933294943e+02 1.006205168592519517e+00 5.910615124086318062e-01 0.000000000000000000e+00
1.171722023970344750e+00 1.413219378275725469e-01 5.503736477645269076e+00 7.133389688862431903e-03 2.051807749883720788e+01 1.626552388903267435e-02 5.136670881095233909e+01 7.888963218318577331e-02 7.212544557028034831e+01 1.698188452052218356e-01 9.222586353048852459e+01 4.113618584824239588e-01 5.941374281538294166e-01 0.000000000000000000e+00
2.063128090452187813e+00 1.418523517972009040e-01 3.011550209363499597e+00 6.492360534803249400e-03 6.681816419661862128e+00 6.484811548690703163e-03 1.200582662523138211e+01 1.499385438268499918e-02 1.409344480671476774e+01 4.042223100454692825e-02 1.611955452048055903e+01 1.921871147027510718e-01 5.977895128388852619e-01 0.000000000000000000e+00
1.263708804507629901e+00 1.413740834017217507e-01 1.674970801872802895e+00 6.276480256466528650e-03 3.405282490753189784e+00 5.570395316983961335e-03 5.080937892824934465e+00 1.176566673315488157e-02 5.532157932764418362e+00 3.558588543082339545e-02 5.387943244342089599e+00 1.845792400965772795e-01 5.846690352480683472e-01 0.000000000000000000e+00
3.794282093940883893e+00 1.429955019687753348e-01 4.832466269925614455e+00 6.930144664567843525e-03 1.018444687479982314e+01 8.055895690696686026e-03 1.781277097122001152e+01 1.954925511892347326e-02 2.101226984882035964e+01 4.700883271456880730e-02 2.329251140102052986e+01 2.004832999385514347e-01 6.142036017455430041e-01 0.000000000000000000e+00
1.203407961744479726e+00 1.413396751365152415e-01 6.389356651211283378e+00 7.435913198772832119e-03 2.580292760975423860e+01 2.252754615024818788e-02 6.854555334739897887e+01 1.310586595781789154e-01 9.754893725010565220e+01 2.795491056037910371e-01 1.257737838137891089e+02 5.999441632320564599e-01 5.899481281161305102e-01 0.000000000000000000e+00
1.514418117906472183e+00 1.415206779535531367e-01 1.826040024813700535e+00 6.296426759720839123e-03 5.433281836977561063e+00 6.073053620060646189e-03 1.009821981733092855e+01 1.386535602700947681e-02 1.211636429730898890e+01 3.898033612336733456e-02 1.346775397295432875e+01 1.897720228833564560e-01 5.794917151975049752e-01 0.000000000000000000e+00
3.630765052721649067e+00 1.428811677728782648e-01 5.610415604005550172e+00 7.167739451121652415e-03 1.228342378848110172e+01 9.291242478059697635e-03 2.242211379471228838e+01 2.436563500334953600e-02 2.589961343534891824e+01 5.310369619667042879e-02 3.049835433677488084e+01 2.114060753914590585e-01 6.110824986903222733e-01 0.000000000000000000e+00
5.450020557825729917e+00 1.442292380574300981e-01 1.274644948959014457e+01 1.075903390705894129e-02 3.889802027683043661e+01 4.406125988848344499e-02 9.489339847660147598e+01 2.397431856591610011e-01 1.288959392271315210e+02 4.593367268391975178e-01 1.628214839538299543e+02 8.735821944494414071e-01 6.018866292566213971e-01 0.000000000000000000e+00
1.000461724475828262e+01 1.483322509945526890e-01 2.037132583373729844e+01 1.741002267447365817e-02 5.747807780439433856e+01 8.932788442818867525e-02 1.321055765257755468e+02 4.523730238186655095e-01 1.423302621810293545e+02 5.514268959170881557e-01 2.119537611188133610e+02 1.342334280963527471e+00 5.891120890773879903e-01 0.000000000000000000e+00
9.442595324010030211e+00 1.477697854492653062e-01 1.313027284692600638e+01 1.102432449740255345e-02 2.580319958431601179e+01 2.252790202601442221e-02 4.269305038140436181e+01 5.815517189645677543e-02 4.924273903482055914e+01 9.868857644616772784e-02 5.779357437959983201e+01 2.763283545750195302e-01 5.840325405654058777e-01 0.000000000000000000e+00
1.867693778936034832e+01 1.590080655230125817e-01 3.446641121840865907e+01 3.735834562141056303e-02 9.655581189890969540e+01 2.408609929987697018e-01 2.180302854254280760e+02 1.207858122876781515e+00 2.444578670654244377e+02 1.546554672768879257e+00 3.532577622029391478e+02 3.363193225617391757e+00 5.970570223022417800e-01 0.000000000000000000e+00
1.777070131634823635e+00 1.416764369398966494e-01 1.965578647311867488e+00 6.315835233088486558e-03 4.106196858940808880e+00 5.720817116970785925e-03 6.135285195133531211e+00 1.210235620365780751e-02 6.591519987471384567e+00 3.598604103065464882e-02 7.986136125724861756e+00 1.858934022217358650e-01 5.788549672228247012e-01 0.000000000000000000e+00
1.343686680862949512e+00 1.414211527587475314e-01 8.586518625210822764e-01 6.188562562564892990e-03 1.830134636338093479e+00 5.321882032898003767e-03 3.059983779451199037e+00 1.127550872676849614e-02 3.789692314730288114e+00 3.505053459301690072e-02 4.827409263360807223e+00 1.843388637509159322e-01 6.080450432448110121e-01 0.000000000000000000e+00
5.749221585203862617e+00 1.444671969128701328e-01 1.009071863713707451e+01 9.125052652177200949e-03 2.068361050396998380e+01 1.644048257179989148e-02 3.751584737328484920e+01 4.757174794491393632e-02 4.504904466617065140e+01 8.849129098943736560e-02 5.545186354170137832e+01 2.692959606169817999e-01 6.143397997516764075e-01 0.000000000000000000e+00
2.105668609043811479e+00 1.418776762175305295e-01 2.295418058675552153e+00 6.365546551199079139e-03 4.117631708367896159e+00 5.723552787576064935e-03 6.497899011212858511e+00 1.223094717920141135e-02 7.482871303954500064e+00 3.636601036488201766e-02 8.786938020477817801e+00 1.863663098911139682e-01 6.110170490527635501e-01 0.000000000000000000e+00
4.629287985158937246e+00 1.435999573119702000e-01 1.282337364852168449e+01 1.081160492141521740e-02 4.312368439700930622e+01 5.283988673374875183e-02 1.108961220452791849e+02 3.226969918710463903e-01 1.540109872890002691e+02 6.388320234340764125e-01 1.982393746440831706e+02 1.199343887451824742e+00 6.070898999914167149e-01 0.000000000000000000e+00
8.361139127108456748e+00 1.467319812933140788e-01 1.713807640977431745e+01 1.423476650706144778e-02 5.329961453478251343e+01 7.764340181321394141e-02 1.127903277711948249e+02 3.333637236653389513e-01 1.445748502255100902e+02 5.676934134926715503e-01 1.743169824278815554e+02 9.724376521283253361e-01 6.025066355539472340e-01 0.000000000000000000e+00
6.577304083645994126e+01 2.826603557503230002e-01 7.038285281813021754e+01 1.330961410945228074e-01 1.179222044118472752e+02 3.560011688294704713e-01 2.002762558543164459e+02 1.021500120648532572e+00 2.388283702908053954e+02 1.478120754251061486e+00 2.785741240039184845e+02 2.170719325967202629e+00 5.948071721728560579e-01 0.000000000000000000e+00
1.723311587436146430e+00 1.416451529672799470e-01 1.480578176272786539e+00 6.252553173263218113e-03 2.447001953183375988e+00 5.404423428098305282e-03 3.474441369059255713e+00 1.135935336495254126e-02 3.610005904163952728e+00 3.500389653284391445e-02 4.027532374790273373e+00 1.840265426516982661e-01 5.958290376947719125e-01 0.000000000000000000e+00
2.853268816697887011e+00 1.423547591951868918e-01 4.072146871290909687e+00 6.727104916641061041e-03 8.173604375848308123e+00 7.078960935020895372e-03 1.352959885656217587e+01 1.602595695326082884e-02 1.494945023364244996e+01 4.110780147659123807e-02 1.709805077249322380e+01 1.931650261184501838e-01 5.950915499453173219e-01 0.000000000000000000e+00
1.973325132098293722e+01 1.605669939784694911e-01 2.616890011759904056e+01 2.441253027714963136e-02 5.523515204170432469e+01 8.294737732222222382e-02 1.115508720072254221e+02 3.263640139668458340e-01 1.445093383845237156e+02 5.672153337912289039e-01 1.765572298423855386e+02 9.924741470151020595e-01 6.131615052009620204e-01 0.000000000000000000e+00
1.159357035205553110e+00 1.413134663153071402e-01 1.250401650216687877e+01 1.059519958192105434e-02 5.086367709691657524e+01 7.123458901113649544e-02 1.390452822907936365e+02 4.996862925564526936e-01 1.975794899407636933e+02 1.025024461186980984e+00 2.578570839301452793e+02 1.889340119567097354e+00 6.082125295799789555e-01 0.000000000000000000e+00
3.977267358613137294e+00 1.431241193343400775e-01 6.198291706355383290e+00 7.367317439537306688e-03 1.280034897355992030e+01 9.629344565092401442e-03 2.358518517421418181e+01 2.574857317940550117e-02 2.906270319608433539e+01 5.768450182547952415e-02 3.475778329044553772e+01 2.190830867015523820e-01 6.072915365813600364e-01 0.000000000000000000e+00
5.662200021961602658e+00 1.443969542535690764e-01 7.515173362784021371e+00 7.877137424898747464e-03 1.395135932182598104e+01 1.043012086097979546e-02 2.210768571940815619e+01 2.400317683573142263e-02 2.489349904801960989e+01 5.175133729821498885e-02 2.787048192087385701e+01 2.071226252611901852e-01 5.984801099883427788e-01 0.000000000000000000e+00
1.657050570311873194e+00 1.416058237127144903e-01 2.755249662404050337e+00 6.444048339267481260e-03 7.405974152324988680e+00 6.759298623731556377e-03 1.372065053414255686e+01 1.616373429572637993e-02 1.589281001256283510e+01 4.190475201993196230e-02 1.767589515352612395e+01 1.937675696970078409e-01 6.162988577530048584e-01 0.000000000000000000e+00
4.771769775556784055e+00 1.437079614305443453e-01 8.867122799459146165e+00 8.490886878078243369e-03 2.027197373028963412e+01 1.600788812686263982e-02 3.733904586864669284e+01 4.723373197150088770e-02 4.599400637248596979e+01 9.071216588733255204e-02 5.412666045473927312e+01 2.654387299927895572e-01 5.973395613790390968e-01 0.000000000000000000e+00
1.972826004055137972e+00 1.417952018399816494e-01 2.981440142510848101e+00 6.486500662061232304e-03 6.071575072071952128e+00 6.273834615859708551e-03 9.931874602654350070e+00 1.377558276553409768e-02 1.165964454818910312e+01 3.867505142526037054e-02 1.296505857575934684e+01 1.893533945450459610e-01 5.982596714917181036e-01 0.000000000000000000e+00
1.302420607966370270e+00 1.413972783456895199e-01 7.688681588255699140e-01 6.180925451937099163e-03 1.945058309820972609e+00 5.335828421331357749e-03 2.822940531529955166e+00 1.123139747531428159e-02 3.034124266118590096e+00 3.486594418855927524e-02 3.388311622905818776e+00 1.837975584196433476e-01 5.989773028172282743e-01 0.000000000000000000e+00
1.318463721652198606e+00 1.414048099361861488e-01 3.448300544123200417e+00 6.582250587895095879e-03 1.219764726501884766e+01 9.236483928396908155e-03 2.629729140457428471e+01 2.923676805714468460e-02 3.305437508996914886e+01 6.417978436557737754e-02 3.973600876289462036e+01 2.292090384684754290e-01 6.003816985437968601e-01 0.000000000000000000e+00
2.125469925173331553e+00 1.418907545110839330e-01 2.051696014095599985e+00 6.328231257788314267e-03 5.330560739597856923e+00 6.042674843226606210e-03 7.767204105155523841e+00 1.273320049491812565e-02 8.240646438863530321e+00 3.672015684576142996e-02 8.708472690136714434e+00 1.863181961960530542e-01 5.787274746957606908e-01 0.000000000000000000e+00
8.488969204537879065e+00 1.468509108186057677e-01 1.295326589833482167e+01 1.090108139298097759e-02 2.494397225781862915e+01 2.141472434452827006e-02 4.148059514698282157e+01 5.555613028191015018e-02 4.816642611394897244e+01 9.598775385951921479e-02 5.606159426241107724e+01 2.711035667997667153e-01 5.857522735277898018e-01 0.000000000000000000e+00
1.533444306645485700e+00 1.415316090751706224e-01 3.426898593438318041e+00 6.577629171666032719e-03 9.901562040246963292e+00 7.906232757662621027e-03 1.870320455705267193e+01 2.039691140192576718e-02 2.299918631899193500e+01 4.934232045582138959e-02 2.718321498807116754e+01 2.060593012540330449e-01 5.774764609911056112e-01 0.000000000000000000e+00
1.153090870156254510e+01 1.499376994726294432e-01 1.750986936962390672e+01 1.457317283608831719e-02 4.093722079424310323e+01 4.818624037502945712e-02 7.808946472112955917e+01 1.664178301674161253e-01 9.707165081607828938e+01 2.771920965428027461e-01 1.178840935310478955e+02 5.505337375171590608e-01 5.925234422399849876e-01 0.000000000000000000e+00
1.568883869907758744e+00 1.415532554050118186e-01 4.240020819626937332e+00 6.769429913934720856e-03 1.293716506894353557e+01 9.721131466442534813e-03 2.484094592758531661e+01 2.731805695209712712e-02 2.930906275195171062e+01 5.806219470959830126e-02 3.342399500636101806e+01 2.165826705206686797e-01 6.023333674685054095e-01 0.000000000000000000e+00
3.925063781592175616e+00 1.430886525310520185e-01 5.350751008691362109e+00 7.085036853355848943e-03 1.027765537628768300e+01 8.106046960549602096e-03 1.753985541748739152e+01 1.929745821556549945e-02 2.079728876894497347e+01 4.676811110627713403e-02 2.389593081679457498e+01 2.012985657929172723e-01 6.080443998251205961e-01 0.000000000000000000e+00
4.669489324063737001e+01 2.192080903478414722e-01 5.910307611765410485e+01 9.608160009377404720e-02 1.140028926870047599e+02 3.331711226262777936e-01 1.911801723184149751e+02 9.321271280708042228e-01 2.212621887608762563e+02 1.274765637300588894e+00 2.630588551007626847e+02 1.957971642710515825e+00 5.797596681911807437e-01 0.000000000000000000e+00
1.349551117633049691e+00 1.414227580763600112e-01 1.684540486938000514e+00 6.277734665975727782e-03 3.551930465139832460e+00 5.599798878765325713e-03 5.029589844047255731e+00 1.175061639387881690e-02 5.361863744654251640e+00 3.552709418116997697e-02 4.938845788835071637e+00 1.843847900698269426e-01 5.985584023076306881e-01 0.000000000000000000e+00
6.145565287335943871e+00 1.447878388248935166e-01 1.148693438233980579e+01 9.940122017708802327e-03 3.166451151244330475e+01 3.110652888603566979e-02 6.211404716281865745e+01 1.097990916114794796e-01 7.376421784996259134e+01 1.759175821308470444e-01 8.543591009078686227e+01 3.800432070056627420e-01 5.994539260282518711e-01 0.000000000000000000e+00
1.310570709088303865e+01 1.517165567117197689e-01 1.588613867083775943e+01 1.314557587658337842e-02 2.852827756817161742e+01 2.630272171061790940e-02 5.084848920181070042e+01 7.754508932051716597e-02 6.476030366960993945e+01 1.440671894650995266e-01 7.803762700960051291e+01 3.485410596620209800e-01 5.897016426334378281e-01 0.000000000000000000e+00
2.828420748784973515e+00 1.423389532582369221e-01 4.535364760285898633e+00 6.847415010095851164e-03 9.205266900441500866e+00 7.554894583667678791e-03 1.364148282010885360e+01 1.610630681446953774e-02 1.607577818812567472e+01 4.206507667811592438e-02 1.729480330186945025e+01 1.933706393228793730e-01 5.754527711297905412e-01 0.000000000000000000e+00
1.730997074245453682e+00 1.416491074341981182e-01 3.061080593176120246e+00 6.502074765938035267e-03 8.652462338387573837e+00 7.293272564650036746e-03 1.513832936768281101e+01 1.724174265609007897e-02 1.763427268215318122e+01 4.349394100017854592e-02 1.990297405598910530e+01 1.962409507583955659e-01 5.850008611958901206e-01 0.000000000000000000e+00
7.182868078916155241e+01 3.066054610938176439e-01 7.846363142890585607e+01 1.635241376368229693e-01 1.174231842704994619e+02 3.530516251896927971e-01 1.862209387241952072e+02 8.851432013015717581e-01 2.157173208879893309e+02 1.213779191006764790e+00 2.661944229015340397e+02 1.999997841537200172e+00 6.139164709379256735e-01 0.000000000000000000e+00
1.258270442683866897e+00 1.413712322425565993e-01 1.014512621482573484e+00 6.202818417416175976e-03 1.872796190045851183e+00 5.326996208687494010e-03 3.188074194803633521e+00 1.130050315745922962e-02 3.165272097649271199e+00 3.489589263253879692e-02 3.499575181923632705e+00 1.838358288892203984e-01 6.046651903739708178e-01 0.000000000000000000e+00
1.571763889049610396e+00 1.415539039435716739e-01 2.734058727424869328e+00 6.440199008544915393e-03 4.939817622582962642e+00 5.931763039834878071e-03 8.489416601900229509e+00 1.305491515795322889e-02 9.807249382234710211e+00 3.754287639094990026e-02 1.165599916508994482e+01 1.883239304269981040e-01 5.974597326715858081e-01 0.000000000000000000e+00
1.222431138251338867e+00 1.413508157663808384e-01 5.285299328208387104e-01 6.162519961918498830e-03 1.235104265055936512e+00 5.260234089833646515e-03 1.791614656293483820e+00 1.107207529695683305e-02 1.810369864032763454e+00 3.462683457264011111e-02 1.579605779944164512e+00 1.832644476061537631e-01 6.040099486476444568e-01 0.000000000000000000e+00
1.981638180036719321e+00 1.418021937548194222e-01 2.929387766858936537e+00 6.476456919363487476e-03 5.809896203954731497e+00 6.189004192788696151e-03 8.930137212520888212e+00 1.326413603140047873e-02 9.944043064358659478e+00 3.762087761290290600e-02 1.088150135311254374e+01 1.877524479321978357e-01 5.987355804966505435e-01 0.000000000000000000e+00
1.166970598213842303e+00 1.413176681880158325e-01 2.418110163134384205e+00 6.385484730104557839e-03 7.872153883808817199e+00 6.949896113257951306e-03 1.582427642231304787e+01 1.779964097414479460e-02 1.918298047696501030e+01 4.503467971459610558e-02 2.249494515054031041e+01 1.994315133362407066e-01 5.912376005719626182e-01 0.000000000000000000e+00
1.238408865390827840e+00 1.413598970340362304e-01 8.524880534184379188e-01 6.187991390371858427e-03 1.653073109803837815e+00 5.301675628968751698e-03 2.529611760395503506e+00 1.118057785396824044e-02 2.724790252419891257e+00 3.479814117512769478e-02 2.933270536558546748e+00 1.836483911711594696e-01 6.136012896615927747e-01 0.000000000000000000e+00
1.714361699771634884e+00 1.416400103994931436e-01 1.311837598581855557e+00 6.233291464683874891e-03 2.420264845332798842e+00 5.400479582196647359e-03 3.704243018557397793e+00 1.140954348195408023e-02 4.136482031912458446e+00 3.514499160962851476e-02 4.470178210005321340e+00 1.841965095327994240e-01 6.157072440668860391e-01 0.000000000000000000e+00
5.706306706158471798e+00 1.444324032503706279e-01 7.814270961338559474e+00 8.005066662887473997e-03 1.352266041156761922e+01 1.012409576946056260e-02 2.205760357658418158e+01 2.394609114394207622e-02 2.463287910415548154e+01 5.140925786117244572e-02 2.820075595961097648e+01 2.076405201968650749e-01 6.495001111163323237e-01 0.000000000000000000e+00
7.528030042622844142e+00 1.459724956900775028e-01 1.150442310897223841e+01 9.950893085223440002e-03 2.446249791212863656e+01 2.080716731315247064e-02 4.742703542870907540e+01 6.900552702116501125e-02 5.837816442113717130e+01 1.239462123265904492e-01 6.895025819746972218e+01 3.135884120836289202e-01 6.495991421572830937e-01 0.000000000000000000e+00
1.238748298282323690e+00 1.413602130978020566e-01 1.615558659663189234e+00 6.268965407706638023e-03 3.155256765533877683e+00 5.522687050606316962e-03 5.597892765834302509e+00 1.192385058895744851e-02 6.333536072074399392e+00 3.588346137327128038e-02 7.791187864192524515e+00 1.857831892325003675e-01 6.255119855356827685e-01 0.000000000000000000e+00
4.958318840632113478e+00 1.438494665429735364e-01 9.042393332729089295e+00 8.577017014536170159e-03 2.165362833869008341e+01 1.749326176924766857e-02 4.385041440513513322e+01 6.070418516776922291e-02 5.331600286243410380e+01 1.094344885526776084e-01 6.543409735326569887e+01 3.011766898813412197e-01 6.390899330068202655e-01 0.000000000000000000e+00
1.213877704967798010e+00 1.413453289032118310e-01 8.818840891138259863e+00 8.467329290197804156e-03 3.431344342367652445e+01 3.554704012354384379e-02 9.438963224689939580e+01 2.373393477844785993e-01 1.348998834037968493e+02 4.993779868661012977e-01 1.739434782755059530e+02 9.691216824596857737e-01 6.522413303576171106e-01 0.000000000000000000e+00
1.972777484451842422e+00 1.417951567516277656e-01 2.351167375874263499e+00 6.374501552455424588e-03 4.329379000519400833e+00 5.773965385320226074e-03 8.127899221953938991e+00 1.289067276737443021e-02 9.013845364989258258e+00 3.711109684479525772e-02 1.046728289916118904e+01 1.874613393055535870e-01 6.514538246872649818e-01 0.000000000000000000e+00
1.965478512952566037e+00 1.417923290338826692e-01 1.965026245445843811e+00 6.315759527490341120e-03 3.940823490409927299e+00 5.683118240872058434e-03 6.794897345674659306e+00 1.234140939139392532e-02 7.741947605721258618e+00 3.648375407461858927e-02 8.892096948173223936e+00 1.864289307911519977e-01 6.388365667837416773e-01 0.000000000000000000e+00
2.122350689892567388e+01 1.628590360057626807e-01 2.680988558260860799e+01 2.528991324124815407e-02 4.480713504202011421e+01 5.658589251424898936e-02 7.738792924524605610e+01 1.636636061466851533e-01 8.766139100973396125e+01 2.330331344799643767e-01 1.010391592346116170e+02 4.554558464429699915e-01 6.436265760585981877e-01 0.000000000000000000e+00
8.080178168368286507e+00 1.464703863661850902e-01 1.127299104984182421e+01 9.808904743863944634e-03 2.304974609850500400e+01 1.909100209600020359e-02 4.039365473405474205e+01 5.328918631170381087e-02 4.544624380302065703e+01 8.941954266961084363e-02 5.087306012184023274e+01 2.563439957290755133e-01 6.359325122976735578e-01 0.000000000000000000e+00
1.587665288456043600e+00 1.415632201802183576e-01 3.043295289814743843e+00 6.498522643611182210e-03 7.838110890377440576e+00 6.935615892531353521e-03 1.389241794023204157e+01 1.628900512379330423e-02 1.505661458451177204e+01 4.119603397037004122e-02 1.637526021752844585e+01 1.924388507187085318e-01 6.420091419537217181e-01 0.000000000000000000e+00
5.313218102415386390e+00 1.441208611802680672e-01 6.617207011974644892e+00 7.520139985602580790e-03 1.192115087323380429e+01 9.062376108172455827e-03 1.904858854906784416e+01 2.073647240282801979e-02 2.209172934964855273e+01 4.825196174589226755e-02 2.553350417522644022e+01 2.036016024662455071e-01 6.132557643082883203e-01 0.000000000000000000e+00
1.439486272633401232e+00 1.414752251048924381e-01 2.573678706702979380e+00 6.411727922380281407e-03 7.534407066243439921e+00 6.810748182799589850e-03 1.592383080823649166e+01 1.788245804389493668e-02 1.889809942277954491e+01 4.474240742155351919e-02 2.083846821314643805e+01 1.973556716110337061e-01 6.300507555675805005e-01 0.000000000000000000e+00
6.725814438338100665e+00 1.452741900361008143e-01 9.353410152831999724e+00 8.733904374187004965e-03 2.740906777333120559e+01 2.470748399266860240e-02 5.979978934826713299e+01 1.026555129115718640e-01 8.493847108210405850e+01 2.210812482870589679e-01 1.113323891956627136e+02 5.118681605792343436e-01 6.337233883096291542e-01 0.000000000000000000e+00
3.540679255641062451e+00 1.428191305322881743e-01 4.908701484412606675e+00 6.952075840462358831e-03 9.266711381318865293e+00 7.584863126671491720e-03 1.627840178273347505e+01 1.818164912053003845e-02 1.903978973806259845e+01 4.488727813674686651e-02 2.041535554639247252e+01 1.968441309997607802e-01 6.397083395808134121e-01 0.000000000000000000e+00
4.604647495090916465e+01 2.173691683933244856e-01 7.390923516523410797e+01 1.459731833684327906e-01 1.433727118430122403e+02 5.229376552690099267e-01 2.649939196270805724e+02 1.776804520841258839e+00 3.044765865762349790e+02 2.374670930736894281e+00 3.773423174065653711e+02 3.807218007203060139e+00 6.482078235857766657e-01 0.000000000000000000e+00
2.413823513472134863e+00 1.420705936792353297e-01 2.756915207496072107e+00 6.444348253026139020e-03 5.028565013475708945e+00 5.956304368090473839e-03 7.727327252509073929e+00 1.271631496724393885e-02 8.712435893201869064e+00 3.695511348449501826e-02 1.043812309590690646e+01 1.874416846392452929e-01 6.404211930024010790e-01 0.000000000000000000e+00
1.151364265236413775e+00 1.413097467380727001e-01 1.660515361179471849e+00 6.274647767793603385e-03 4.100675040466312815e+00 5.719572354559675047e-03 7.449661048486447612e+00 1.259997580499816819e-02 7.896697536384023053e+00 3.655559918494665633e-02 8.603187764005971516e+00 1.862539232629626951e-01 6.508226175485201104e-01 0.000000000000000000e+00
7.230991034809815865e+00 1.457101664284952691e-01 9.160082637976035613e+00 8.635904785555202287e-03 1.630077985244731664e+01 1.227013701237912417e-02 2.929320867644322846e+01 3.351713988173379150e-02 3.485194322548110080e+01 6.736523610276966278e-02 4.004476542534392536e+01 2.298778953442100204e-01 6.556346063570490657e-01 0.000000000000000000e+00
9.952676510169441215e+00 1.482782680692138755e-01 1.747723252774490987e+01 1.454328620973983563e-02 3.410988275711316220e+01 3.519332571497669343e-02 5.712705895379299648e+01 9.473835773320764264e-02 6.830238365401432077e+01 1.561128061593229366e-01 8.044260436781176793e+01 3.584797711395912856e-01 6.177786699885747801e-01 0.000000000000000000e+00
1.665086876070331234e+00 1.416085995773186945e-01 2.875176621110639985e+00 6.466208435404081044e-03 5.667464416800480187e+00 6.144277712376073133e-03 1.053034141182588002e+01 1.410496975932900611e-02 1.245444938678333457e+01 3.921312541588724970e-02 1.420677165082123139e+01 1.904073567772934517e-01 6.403836679543790655e-01 0.000000000000000000e+00
1.377893577545803661e+00 1.414411294722633661e-01 2.029809446684867069e+00 6.325099834989295414e-03 3.598804644569444822e+00 5.609509233720729772e-03 6.142424420056761036e+00 1.210473200603163178e-02 6.857759155127085116e+00 3.609541161338426091e-02 8.939523486291641063e+00 1.864600814597536238e-01 6.489321648822719002e-01 0.000000000000000000e+00
8.889223141255058636e+00 1.472306125451282310e-01 1.800863442807121473e+01 1.503831596948880522e-02 4.762423818345208559e+01 6.317128312361212916e-02 1.041487936689779019e+02 2.861595259276142333e-01 1.255806002387914617e+02 4.379987555431738011e-01 1.482722936199996013e+02 7.579334529353034533e-01 6.515161543107190756e-01 0.000000000000000000e+00
3.041232334020161687e+01 1.794474464159460103e-01 3.533645180171586730e+01 3.891526318184630739e-02 5.336022965147430597e+01 7.780672510897214400e-02 8.955808013349131613e+01 2.149323686021441526e-01 9.690995364357742403e+01 2.763957441235542767e-01 1.184801533178753203e+02 5.541566635431930399e-01 6.299121794367883442e-01 0.000000000000000000e+00
1.671050134021544897e+00 1.416142407026406980e-01 1.554603703865323094e+00 6.261452731583747391e-03 3.103471896470171298e+00 5.513184561793581240e-03 5.590031089061310077e+00 1.192131443085590707e-02 6.877351827217351499e+00 3.610312067849794776e-02 7.870632810794076839e+00 1.858270974106652207e-01 6.187436993378814254e-01 0.000000000000000000e+00
2.156976159856082020e+01 1.634074736245280102e-01 3.186377666026440636e+01 3.292727513063586908e-02 7.235311317934235831e+01 1.380088188996096976e-01 1.588538518069339318e+02 6.479832021553730836e-01 2.042070003085575252e+02 1.092087367648521878e+00 2.606539304742407239e+02 1.926070208054961874e+00 6.375882459622621568e-01 0.000000000000000000e+00
7.528942604912938208e+00 1.459733805498975023e-01 1.292880418245539076e+01 1.088415869347294888e-02 2.644735104298650086e+01 2.338668299608526874e-02 4.666947072092220594e+01 6.719386611634745043e-02 5.489011602328747585e+01 1.138098434062178865e-01 6.521330643541253380e+01 3.004156549839223089e-01 6.209905850692005735e-01 0.000000000000000000e+00
2.466747882119259661e+00 1.421049726329499940e-01 3.188550280938317272e+00 6.527636567934758105e-03 5.748443949553871946e+00 6.169631883510193898e-03 9.316708774560618522e+00 1.345553769485931597e-02 9.981391935905008950e+00 3.764227125135261726e-02 1.167335565200858305e+01 1.883366754740863069e-01 6.417894405528334900e-01 0.000000000000000000e+00
3.268958916372640910e+00 1.426328303267886954e-01 5.471345685930462999e+00 7.123065545984342412e-03 1.182127899761221279e+01 9.000398571247311338e-03 2.284459941235634162e+01 2.486000614987934204e-02 2.781731210048422653e+01 5.582142632785586089e-02 3.420288835725057197e+01 2.180314629317007258e-01 6.255734802447756593e-01 0.000000000000000000e+00
1.317799143031032960e+00 1.414039160828857722e-01 2.608385292549233458e+00 6.417823809823030266e-03 7.222205954628632796e+00 6.687117979962531496e-03 1.357664582295081601e+01 1.605988041288852752e-02 1.501622611048914813e+01 4.116238693310460273e-02 1.620834779680624393e+01 1.922745079023347459e-01 6.331417617510219920e-01 0.000000000000000000e+00
1.175360743094154170e+00 1.413232246547619642e-01 2.632271220938724898e+00 6.421981542183635878e-03 7.336952791709498101e+00 6.731953317597990163e-03 1.392875601716720446e+01 1.631574332899679569e-02 1.581521653345604506e+01 4.183796413970694572e-02 1.727251702709985537e+01 1.933470159084229034e-01 6.417061972180324592e-01 0.000000000000000000e+00
5.784568165814385310e+01 2.540848850663227632e-01 6.242899307004154252e+01 1.063343095532640475e-01 9.863506831207627101e+01 2.510632823711553829e-01 1.727136402395262280e+02 7.634098997043279322e-01 1.997425356097942313e+02 1.046669730540295440e+00 2.322411407727142034e+02 1.571095608579931469e+00 6.444119310498896969e-01 0.000000000000000000e+00
1.500831434546560761e+00 1.415120187596717871e-01 1.756134512285376870e+00 6.287061421321345905e-03 3.229550861204139256e+00 5.536526110206047360e-03 5.713870155090025271e+00 1.196099988520669087e-02 6.733558019064776801e+00 3.604402442124199357e-02 7.187172236063468667e+00 1.854535808724421253e-01 6.478566276753423558e-01 0.000000000000000000e+00
2.238515738644959896e+00 1.419609800654946241e-01 1.334268406579202448e+01 1.117431861754240689e-02 5.246040912072032114e+01 7.540199457191908150e-02 1.504085836511067384e+02 5.823585351156912449e-01 2.177837593796639055e+02 1.236327421616282063e+00 3.022394027388102131e+02 2.518399837688175325e+00 6.567208860672542059e-01 0.000000000000000000e+00
1.136124304127503493e+01 1.497541711738157866e-01 1.800262452222514398e+01 1.503263395799609922e-02 3.773310484498407646e+01 4.179832595162195907e-02 7.183839760006934227e+01 1.427435494889956746e-01 8.658240291898353291e+01 2.282531682196854705e-01 1.015866234619040682e+02 4.583203963925763791e-01 6.524532573574846062e-01 0.000000000000000000e+00
1.622524152234151984e+01 1.556103860418236173e-01 2.317903466883799268e+01 2.059140983092322408e-02 4.165197487447085223e+01 4.968124782549145774e-02 7.327627038927272451e+01 1.480162262153797426e-01 8.697785628544885128e+01 2.299979757719334550e-01 1.027018328385322405e+02 4.642094717029769391e-01 6.355542248525969384e-01 0.000000000000000000e+00
8.435556073353886575e+00 1.468018385969206141e-01 1.307969367082524315e+01 1.098892716004678909e-02 2.626917228104886348e+01 2.314712191649058795e-02 4.713549379255020710e+01 6.830477925140417128e-02 5.709876529142307078e+01 1.201576334104017679e-01 6.768924841939488601e+01 3.090671304085578774e-01 6.234800809668996635e-01 0.000000000000000000e+00
1.264983726603905545e+01 1.511905375804675766e-01 1.813154798343770580e+01 1.515479427402566942e-02 3.582354219340257373e+01 3.823543271421665779e-02 6.530674163688100009e+01 1.200942341572243527e-01 7.853465097091755354e+01 1.944347957170062258e-01 9.177365444070434819e+01 4.092066023717838008e-01 6.325678728746375601e-01 0.000000000000000000e+00
2.592765580844539564e+00 1.421844289454157750e-01 5.220923414316312794e+00 7.044984603859308706e-03 1.553246977475564172e+01 1.163803450279680268e-02 3.920102311840760478e+01 5.086922959769563796e-02 5.349435192774851089e+01 1.099244482845343346e-01 7.065961597731170230e+01 3.198477559803076797e-01 6.443417534562649873e-01 0.000000000000000000e+00
1.367375310540649203e+00 1.414349501451681312e-01 3.409053345513780808e+00 6.573710899981519834e-03 6.502740805454307882e+00 6.420897715294074035e-03 1.098728343417479003e+01 1.436862814316575317e-02 1.246519668009595350e+01 3.922047954016148058e-02 1.471368257769682053e+01 1.908631070963961174e-01 6.262990887632284842e-01 0.000000000000000000e+00
1.562642703117198995e+00 1.415485784594472107e-01 5.348965336940599613e+00 7.084494422568361587e-03 2.060393508592832390e+01 1.635605012705471095e-02 5.867097250427927690e+01 9.926788383641585445e-02 8.551339065370355286e+01 2.235743223657723211e-01 1.182634719053433088e+02 5.528336809716032363e-01 6.505070487406452440e-01 0.000000000000000000e+00
3.393708753950423151e+00 1.427180991121061726e-01 4.098010503773840796e+00 6.733604968062557004e-03 7.692396899829417656e+00 6.875077551290892548e-03 1.309880194213211269e+01 1.572237837620845194e-02 1.567762534022822685e+01 4.171933049238820551e-02 1.732469495582756025e+01 1.934013292707658649e-01 6.276730404686436948e-01 0.000000000000000000e+00
3.763175581505099121e+00 1.429735080357338595e-01 5.812683229365821269e+00 7.234443431293612926e-03 1.125162340001128669e+01 8.656448887079901469e-03 2.049955884189013489e+01 2.222766936635880985e-02 2.321367199210020971e+01 4.960570527209336167e-02 2.799256347776644205e+01 2.073131078251970183e-01 6.483787330661949788e-01 0.000000000000000000e+00
1.000319373528813038e+01 1.483308287905883149e-01 1.715217229095776474e+01 1.424749136524402181e-02 4.140517014088326420e+01 4.916208493533929386e-02 8.636274230078376490e+01 2.007541909531711799e-01 1.075657524012833619e+02 3.316582175835658952e-01 1.294992128202750905e+02 6.243563222665954315e-01 6.315753215224089168e-01 0.000000000000000000e+00
1.484393520296283908e+00 1.415028704420646932e-01 3.514459878196695808e+00 6.596689563380426710e-03 9.147619963509384888e+00 7.526932880957969835e-03 1.668292957552419153e+01 1.853073322920867003e-02 1.898631500165626562e+01 4.483189702051477293e-02 2.083996917982606334e+01 1.973574765456671543e-01 6.246515202750047013e-01 0.000000000000000000e+00
8.740443824786806815e+00 1.470890649735513422e-01 1.297061714671615995e+01 1.091306586181771399e-02 2.615736374676018627e+01 2.299754600127281931e-02 5.016512446660539126e+01 7.579276895497438771e-02 6.061738205430722815e+01 1.307732513482211811e-01 7.193816551276984228e+01 3.246268803821404370e-01 6.401365796390170448e-01 0.000000000000000000e+00
3.881583376676898123e+00 1.430559448343797224e-01 1.007529048913423431e+01 9.116589365144952065e-03 2.903626852308433470e+01 2.704740737391510622e-02 6.164000262239770933e+01 1.083140372978591143e-01 7.702782262524553403e+01 1.884627508447422051e-01 9.311849052400577875e+01 4.156526445538302195e-01 6.275789892702949846e-01 0.000000000000000000e+00
1.908593667711278696e+00 1.417557253989180643e-01 6.607728080136253013e+00 7.516526713274483684e-03 2.341365835336316792e+01 1.952347483153139482e-02 5.521429379678315286e+01 8.929171883137466958e-02 7.292748103197220644e+01 1.727859321325417585e-01 9.120213666814555609e+01 4.064931853254892258e-01 6.223628094651429965e-01 0.000000000000000000e+00
4.546373145153527418e+00 1.435395729389770947e-01 5.940515526794832191e+00 7.277672250661974471e-03 9.525349027334685914e+00 7.713425206488752628e-03 1.467491003917006154e+01 1.687824956040985189e-02 1.592990230590181078e+01 4.193739018485127118e-02 1.761516917378435565e+01 1.937045148857041432e-01 6.370567327906697663e-01 0.000000000000000000e+00
6.900393842988504112e+00 1.454239574404598556e-01 8.337626920880042647e+00 8.239582529650979828e-03 1.557591580317551383e+01 1.167306992077781803e-02 2.507009698203944836e+01 2.761294635402012851e-02 2.802085365331424782e+01 5.612061045743258619e-02 3.128938386475693179e+01 2.127617255104155281e-01 6.194255158065455902e-01 0.000000000000000000e+00
1.897377808136721189e+00 1.417501558780953630e-01 3.034257522701263365e+00 6.496800911056397482e-03 6.438562080890961603e+00 6.398435656953874173e-03 1.192448116072580788e+01 1.494208962829388261e-02 1.373533743265199369e+01 4.014669876340168364e-02 1.580560649729649825e+01 1.918827124689901631e-01 6.466158003692417111e-01 0.000000000000000000e+00
7.379402820038402311e+00 1.458406940483165104e-01 1.146054979531059814e+01 9.923823018807046217e-03 2.262223450807706371e+01 1.859143215597515789e-02 3.993145477858963943e+01 5.234298059089807081e-02 4.781864857782360190e+01 9.512732312999469531e-02 5.640041846473252463e+01 2.721122401544663894e-01 6.154393512438578462e-01 0.000000000000000000e+00
1.201895241700436934e+00 1.413392299468077817e-01 1.590261275232483618e+00 6.265823725598012456e-03 3.375899933435409839e+00 5.564638236796018780e-03 6.540502140475386028e+00 1.224660871031271574e-02 7.929950107932320691e+00 3.657140152764715157e-02 9.282026412441597429e+00 1.866738897932385122e-01 6.523123938411878875e-01 0.000000000000000000e+00
3.875308242367619727e+00 1.430523343732427455e-01 5.366217256820048576e+00 7.089897666964412905e-03 1.143892710821073599e+01 8.767753186156924602e-03 2.059727616941667350e+01 2.233173507463878313e-02 2.334543843353975490e+01 4.976941566112995374e-02 2.773640751660347092e+01 2.069110008898688013e-01 6.347786232322119027e-01 0.000000000000000000e+00
6.515421903806257298e+00 1.450965645019331451e-01 1.965050409779736640e+01 1.665686474601828573e-02 6.742423819244332606e+01 1.206527620363721104e-01 1.792134050686707383e+02 8.208500057008994988e-01 2.483156533361423897e+02 1.594366544242603823e+00 3.265704433364452370e+02 2.905050423325603148e+00 6.475858359900146244e-01 0.000000000000000000e+00
1.154899186742484485e+00 1.413122039360832360e-01 1.043647289677553491e+00 6.205531566901101824e-03 1.865316539615879288e+00 5.326049081639067269e-03 3.287572074654814269e+00 1.132050087550182105e-02 3.395885523429315711e+00 3.495096086904186244e-02 3.877780291626251596e+00 1.839693511839902151e-01 6.484120232429706476e-01 0.000000000000000000e+00
6.230135692421993276e+00 1.448586823337418283e-01 1.246913894740987949e+01 1.057185849444215904e-02 3.125032665827295375e+01 3.044384946673914238e-02 6.302303835165821511e+01 1.126782750494000618e-01 7.802049248152924577e+01 1.923845865117686238e-01 9.144984875258943191e+01 4.076649002740285188e-01 6.282306844660652256e-01 0.000000000000000000e+00
1.265986353376259999e+01 1.512016956408986645e-01 2.125537136133262806e+01 1.836911092692150582e-02 4.782696575630438929e+01 6.366057214871673198e-02 9.737737811439284030e+01 2.517797967904535361e-01 1.229447705103482065e+02 4.214257656264313034e-01 1.510844065899826774e+02 7.794644995970658741e-01 6.374284805650873853e-01 0.000000000000000000e+00
1.799326571747330350e+00 1.416911441134472427e-01 5.337307353273657462e+00 7.080910946158369690e-03 1.605810913312321730e+01 1.206734567006745654e-02 3.431362426282949230e+01 4.169646191513718542e-02 4.229078096694522770e+01 8.226400285075489982e-02 4.998742395219532142e+01 2.539577876668135947e-01 6.214812596169190240e-01 0.000000000000000000e+00
5.673511066763367694e+00 1.444062341019689000e-01 7.553968666116245956e+00 7.893567822237013490e-03 1.444174687135650359e+01 1.079135001155683178e-02 2.779191255646706082e+01 3.131611250498581717e-02 3.432767234892858710e+01 6.641962089927594404e-02 4.188604689279343773e+01 2.339636219223653613e-01 6.559681221439785936e-01 0.000000000000000000e+00
1.325076756489071883e+01 1.518887528978308532e-01 1.776152548309036661e+01 1.480634178201195757e-02 3.094255421047177279e+01 2.995711180844940619e-02 5.170658019130895156e+01 7.977864239766192800e-02 5.879860777753415846e+01 1.252089737003422854e-01 6.741902675291770208e+01 3.081083365439703514e-01 6.455816907961251516e-01 0.000000000000000000e+00
5.255320297872838609e+00 1.440778996160215486e-01 8.310895178205919720e+00 8.227354818530903738e-03 2.078874126950583801e+01 1.655229382828268120e-02 4.132944665048412247e+01 5.523763857093497848e-02 4.924386363015021573e+01 9.869144168102239600e-02 5.669744850269427161e+01 2.730039824719787123e-01 6.471454308731539040e-01 0.000000000000000000e+00
2.897405331770507075e+01 1.765724548768846103e-01 4.273131766971947343e+01 5.367571674467674914e-02 9.502151229774031549e+01 2.334713302755095643e-01 2.057886678853353146e+02 1.077674986919248346e+00 2.640951247515911291e+02 1.797678204911826505e+00 3.335325722136162199e+02 3.021140096299110400e+00 6.447436695253758732e-01 0.000000000000000000e+00
1.586736788425238132e+01 1.551385661648990999e-01 2.891842254678678614e+01 2.832105430861195372e-02 7.185909752686295349e+01 1.362145402029975028e-01 1.517294107876098508e+02 5.923866711648025918e-01 1.838554893863929180e+02 8.931347324732945570e-01 2.372201903123997226e+02 1.630385890824521233e+00 6.393592411712250012e-01 0.000000000000000000e+00
3.047810877740440016e+00 1.424826929299513045e-01 3.624303228928698051e+00 6.621181664651955290e-03 6.527657553425608050e+00 6.429758086089829537e-03 1.089399119347809908e+01 1.431391547250160379e-02 1.241611062275430477e+01 3.918646663830997051e-02 1.409985869645680268e+01 1.903140583966464461e-01 6.409235342062538088e-01 0.000000000000000000e+00
1.193888121361896371e+00 1.413341560576623634e-01 5.619529945426543271e+00 7.170637326997736719e-03 1.981934104912938821e+01 1.554210350964433177e-02 5.140390015673674640e+01 7.898662121112949575e-02 7.133924846343853687e+01 1.669405309535191839e-01 9.467011371225231642e+01 4.232030042314749996e-01 6.378740819860004851e-01 0.000000000000000000e+00
1.860456739603801424e+01 1.589057506637265860e-01 3.191811981220701000e+01 3.301637384032865552e-02 6.228997549150761159e+01 1.038650695358406956e-01 1.065675790240464238e+02 2.989956721769158055e-01 1.271808789586970505e+02 4.482287314808042766e-01 1.506381082658239166e+02 7.760170567980239076e-01 6.188765724075753205e-01 0.000000000000000000e+00
2.921278384000379091e+00 1.424000015728576762e-01 6.473846417281544419e+00 7.466898007653609975e-03 1.917068414773707730e+01 1.489235087359723833e-02 4.528963472287066594e+01 6.396762936880875938e-02 5.880914465398299740e+01 1.252407695520085795e-01 7.356350657170725071e+01 3.308151093654795871e-01 6.494743543584138301e-01 0.000000000000000000e+00
1.614846452282448386e+00 1.415800154163367186e-01 2.786372612240982871e+00 6.449669772055611171e-03 5.266318101027048115e+00 6.023869885935588184e-03 9.429234761181314539e+00 1.351260617070415386e-02 1.137488299466908437e+01 3.848992124539676180e-02 1.345841181167791056e+01 1.897638465103309302e-01 6.524346098224840240e-01 0.000000000000000000e+00
2.174985357285930565e+00 1.419208631600429871e-01 2.236994388223309205e+00 6.356379843898137677e-03 3.945929027164763347e+00 5.684264433652201458e-03 6.214853795922492985e+00 1.213012221713752163e-02 6.900308988462644955e+00 3.611326177395052239e-02 7.732107077715478560e+00 1.857500970019451414e-01 6.275818564648847353e-01 0.000000000000000000e+00
1.218479723266260528e+00 1.413483747095331811e-01 8.546097847778562073e-01 6.188234968463060537e-03 2.600017831693564929e+00 5.427864396010636736e-03 4.531096230447261952e+00 1.161203909254865906e-02 5.132701961111097333e+00 3.545015870378320777e-02 5.479165575762304563e+00 1.846190723916697196e-01 6.164264721013759107e-01 0.000000000000000000e+00
1.120272978410586617e+01 1.495835634016741966e-01 1.755847625190506633e+01 1.461806814437848281e-02 4.072847991775598331e+01 4.775443069665129270e-02 8.478849414486222713e+01 1.939572058359808060e-01 1.054568825381798547e+02 3.202706948379401841e-01 1.270718953303509409e+02 6.083688587840798689e-01 6.515766190650740253e-01 0.000000000000000000e+00
3.981056114358237252e+00 1.431276450812808132e-01 4.646936368923556770e+00 6.877975429667992739e-03 7.786754526036912871e+00 6.914199007442608375e-03 1.276513819537367667e+01 1.549374647850485474e-02 1.415851112096120978e+01 4.047350554368001757e-02 1.623524930699963775e+01 1.923009315972322164e-01 6.547434868249764062e-01 0.000000000000000000e+00
5.690579995125155222e+01 2.509050375811154865e-01 5.869540499861948035e+01 9.486295518771996338e-02 9.379407898439485791e+01 2.276443956849766581e-01 1.651212688285231138e+02 6.989898697630145818e-01 1.919589168064239573e+02 9.698706639498732018e-01 2.233479979067659258e+02 1.468280250935599884e+00 6.529201790134844252e-01 0.000000000000000000e+00
1.330939464610097378e+00 1.414131653912566455e-01 2.856704399000201455e+00 6.462677953283440906e-03 8.373354009115336893e+00 7.166964189058983373e-03 1.943159414171816124e+01 2.111970537396079886e-02 2.553269678809749621e+01 5.260443064777526462e-02 3.230776560797834662e+01 2.145552436084744996e-01 6.344266200223616092e-01 0.000000000000000000e+00
3.044487738749142913e+00 1.424809432665019859e-01 5.630350204210030185e+00 7.174212511345352469e-03 1.409579705286730622e+01 1.053523011109597229e-02 2.806504342835041754e+01 3.170821695615062830e-02 3.339224418046948273e+01 6.476589984571363978e-02 4.003259707719195859e+01 2.298515582790301992e-01 6.265413557937302702e-01 0.000000000000000000e+00
1.445966941049799281e+00 1.414809502986957845e-01 9.614991202359547406e-01 6.197790424674410985e-03 1.875713402288454068e+00 5.327320745653672460e-03 3.307121901664647812e+00 1.132440975098788181e-02 3.601062356056454750e+00 3.500196549650824718e-02 3.803839164136068263e+00 1.839446006884727647e-01 6.497245848853632211e-01 0.000000000000000000e+00
1.178054252579208239e+01 1.502118629771530545e-01 3.463459953932648006e+01 3.765652383505981721e-02 1.186951465572662983e+02 3.605942555295094665e-01 3.097431545909195734e+02 2.421526706641523141e+00 4.312042697764436525e+02 4.714860235981928049e+00 5.658143110756523129e+02 8.283456415177674614e+00 6.141439575336160583e-01 0.000000000000000000e+00
1.583595632274714893e+00 1.415613474443709607e-01 1.967247152577922931e+00 6.316060288051288628e-03 3.954652108168219549e+00 5.686277911037417379e-03 6.359089033894888665e+00 1.218105866048606843e-02 7.186919721644951409e+00 3.623549681866385791e-02 7.084954153292302159e+00 1.853990824368253187e-01 6.386485868887956663e-01 0.000000000000000000e+00
3.103984424110533435e+00 1.425218371962737873e-01 5.420821060722027518e+00 7.107075726716999102e-03 9.697347580630646391e+00 7.800699278500856405e-03 1.760644480291143310e+01 1.935863478364346565e-02 2.116200296194911701e+01 4.717785935238635181e-02 2.500794356171152444e+01 2.028474866956676004e-01 6.568784435589571924e-01 0.000000000000000000e+00
2.390075886307804875e+00 1.420557147797550379e-01 2.368229604262488852e+00 6.377294987381459078e-03 4.118586651584748459e+00 5.723776928256017055e-03 6.838030095793878438e+00 1.235776407614576008e-02 8.001189929684542790e+00 3.660493677960472564e-02 9.900727144204665819e+00 1.870765657408633431e-01 6.549059694015970656e-01 0.000000000000000000e+00
2.913928492193664344e+00 1.423958485653193107e-01 4.582037428449527994e+00 6.860124378926465288e-03 1.094369034314907729e+01 8.477363676114058749e-03 1.944368208748109694e+01 2.113185413410048272e-02 2.238629783310316057e+01 4.860168350040435653e-02 2.464517181368946197e+01 2.023360166830418527e-01 6.380923081646132644e-01 0.000000000000000000e+00
6.838834986905884428e+00 1.453708936165931387e-01 9.345247288973455468e+00 8.729685055011498010e-03 1.628958697481386153e+01 1.226067743380685263e-02 2.701701713821433160e+01 3.022404048961424214e-02 2.996604750783190596e+01 5.908498754726116547e-02 3.450154711922413497e+01 2.185964398628440497e-01 6.269477755718970702e-01 0.000000000000000000e+00
1.869752123984028813e+01 1.590388279534636629e-01 2.755259342897139518e+01 2.633225626496886115e-02 6.071660401762454740e+01 9.898434189752491896e-02 1.308571516922775402e+02 4.441172353705502007e-01 1.699181195590913660e+02 7.688322121052767466e-01 2.134131465339220313e+02 1.358102219642618014e+00 6.438211400853059985e-01 0.000000000000000000e+00
1.576902523715032700e+00 1.415577152733668853e-01 1.376654792079743839e+00 6.240520101521690628e-03 3.207043617025824744e+00 5.532318714759762272e-03 5.487073756174361883e+00 1.188862965737500117e-02 5.861039908487248873e+00 3.570428526883822479e-02 6.237724977874511190e+00 1.849703772518376810e-01 6.471408784512144852e-01 0.000000000000000000e+00
1.198886034393125355e+00 1.413370422664118886e-01 1.821487333789673979e+00 6.295764094276409296e-03 4.926281259725074690e+00 5.928134204794138946e-03 8.262288394889015564e+00 1.295096848719091108e-02 9.599329149909856085e+00 3.742701062724523853e-02 1.097445528259443570e+01 1.878187258595837295e-01 6.196901744289173841e-01 0.000000000000000000e+00
1.712703069283725288e+00 1.416391810217901559e-01 3.167602820748621983e+00 6.523343985379224420e-03 7.268932227823625247e+00 6.705308082719990681e-03 1.390333137994866064e+01 1.629705111358413158e-02 1.687351193407866390e+01 4.278144614962389042e-02 1.972424020501005870e+01 1.960342375824169758e-01 6.407019236618543001e-01 0.000000000000000000e+00
1.601092715186167581e+00 1.415715038239973578e-01 1.598153340347588269e+00 6.266739994692029601e-03 3.725151406190429171e+00 5.635980429539781851e-03 6.337431485676311205e+00 1.217326389733744928e-02 7.031673441742428921e+00 3.616860910514151095e-02 6.373426679096767522e+00 1.850382958928142862e-01 6.523894365590898747e-01 0.000000000000000000e+00
2.404482973626867359e+00 1.420660096772092817e-01 4.421933023094864801e+00 6.816959124652331031e-03 1.257700277035896974e+01 9.481629607996691286e-03 2.589697464484225264e+01 2.869879217619277986e-02 3.240678620175246749e+01 6.307216540168232577e-02 3.870294080041961848e+01 2.270065636013673949e-01 6.210423941164806561e-01 0.000000000000000000e+00
1.443882958229850466e+00 1.414794926032661437e-01 2.468650986121692981e+00 6.393851145041479569e-03 7.969178449275996279e+00 6.990948372181245325e-03 1.757183745822123910e+01 1.932687268335173472e-02 2.273889659927736773e+01 4.902561839694714180e-02 2.651392027910895166e+01 2.050462376956123656e-01 6.392063573226125506e-01 0.000000000000000000e+00
1.022855484475755716e+01 1.485602276204153471e-01 2.869489868162799695e+01 2.798921038200253772e-02 9.696308461620205321e+01 2.428423994370932371e-01 2.572150972288956723e+02 1.674947240460964215e+00 3.653299011198902804e+02 3.398187496000367069e+00 4.807276326872649861e+02 6.042713909580251119e+00 6.351569365602485195e-01 0.000000000000000000e+00
1.259816492942453348e+00 1.413725803589795382e-01 2.555670502868656158e+00 6.408659938712008008e-03 7.723717185717569045e+00 6.888059524098145286e-03 1.589711018550980270e+01 1.786001226887945839e-02 1.949615013939236974e+01 4.536077382977307670e-02 2.169010099960560112e+01 1.984070326881684498e-01 6.329657693291337317e-01 0.000000000000000000e+00
2.721341205571103483e+00 1.422675802748458174e-01 5.605371599575848407e+00 7.166121640629098503e-03 1.451969103466823441e+01 1.084994209118707136e-02 3.001631041147310341e+01 3.461749968435615110e-02 3.629228211429942519e+01 7.003401437896633608e-02 4.263181909531979130e+01 2.356682047652745859e-01 6.466105362757388342e-01 0.000000000000000000e+00
1.285745753043381345e+00 1.413858242741441451e-01 1.523672645541080062e+00 6.257604246004566488e-03 2.600808135707975310e+00 5.427992654879718569e-03 4.884418233995030612e+00 1.170903991628008747e-02 6.039438026655292724e+00 3.577048489035710571e-02 7.638129866939696200e+00 1.856953809848762571e-01 6.516929982052865888e-01 0.000000000000000000e+00
2.579291187722905665e+00 1.421775286717455455e-01 3.941481227891450168e+00 6.695153217812993898e-03 8.605455088316643852e+00 7.271679199034084863e-03 1.640964401608142964e+01 1.829402484477973476e-02 1.955439266584602365e+01 4.542197003717036996e-02 2.135819227002653520e+01 1.979928048297145693e-01 6.505611885507998071e-01 0.000000000000000000e+00
2.729327057497257680e+00 1.422746506514269982e-01 4.695276818710899747e+00 6.891405644910619452e-03 9.087236519581422201e+00 7.497781468571070203e-03 1.514713454241861257e+01 1.724868971904904708e-02 1.724907765124494929e+01 4.312936531844544646e-02 1.972673517891551143e+01 1.960370102703062611e-01 6.229749486033229200e-01 0.000000000000000000e+00
1.122706122234506587e+01 1.496087159024808433e-01 1.845894806223987317e+01 1.546882659037655469e-02 4.387006234061162502e+01 5.448314520947970113e-02 9.781560608166671500e+01 2.539356012414501484e-01 1.258849712630948829e+02 4.399344995724014939e-01 1.572258216109750038e+02 8.278522479770743514e-01 6.484971595753361573e-01 0.000000000000000000e+00
3.076580017303518133e+01 1.801679593115307898e-01 3.530034161869200204e+01 3.884984234891079163e-02 5.283813959400892912e+01 7.640644042435719430e-02 8.754750678154063337e+01 2.059517887617546561e-01 9.657973167353790700e+01 2.747734839899184101e-01 1.169636661479720061e+02 5.449720492648232328e-01 6.285918887110171216e-01 0.000000000000000000e+00
9.863056325246553513e+00 1.481885290430282331e-01 1.607987363299569950e+01 1.330908270042922316e-02 3.576386910210413816e+01 3.812708736918616476e-02 7.188801167241355472e+01 1.429238259423367963e-01 8.656156742968364881e+01 2.281613858731625366e-01 1.039413391154982378e+02 4.708206256527114886e-01 6.505827646761097593e-01 0.000000000000000000e+00
1.189224374790577299e+00 1.413314832650670594e-01 6.212244980149121965e+00 7.372327161516450088e-03 2.366703248957190908e+01 1.982863152310957583e-02 6.732316081926209961e+01 1.268586381577467836e-01 9.497495095692937639e+01 2.669694260465148017e-01 1.307298595272932573e+02 6.325743985033073224e-01 6.174534478542024196e-01 0.000000000000000000e+00
1.575349208898118025e+00 1.415561448733720362e-01 3.358031184684866943e+00 6.562818032174872786e-03 1.015698495528568479e+01 8.041212510321207874e-03 2.228529930391341196e+01 2.420723241632127820e-02 2.734601521566453641e+01 5.513636691945292267e-02 3.159988440833538448e+01 2.133053455640364360e-01 6.380184580854788567e-01 0.000000000000000000e+00
3.519779686590611245e+00 1.428033624811015645e-01 5.319092373955427000e+00 7.075193433313936402e-03 1.208715367672285979e+01 9.166383114754865502e-03 2.311738622349237460e+01 2.518434829929218702e-02 2.804601900303110185e+01 5.615783446359978032e-02 3.357329257512689935e+01 2.168586314669971593e-01 6.271139954480291490e-01 0.000000000000000000e+00
1.212545649474457576e+01 1.505961206353712278e-01 1.518096629709735446e+01 1.256668735933484660e-02 3.220418183230645326e+01 3.198273495148092060e-02 6.763457102356925077e+01 1.279216697135915903e-01 8.716584650517532395e+01 2.308304014239501989e-01 1.095097909816692265e+02 5.014933361726675587e-01 6.382338378254925892e-01 0.000000000000000000e+00
1.570852967177376325e+00 1.415538097404160089e-01 2.615433112328156007e+00 6.418994485190409466e-03 4.990766421905817651e+00 5.945834394876377792e-03 8.839889086908602422e+00 1.322043678490427039e-02 1.091832337568048139e+01 3.820152170215224130e-02 1.203238848308816777e+01 1.886112101696708621e-01 6.315565951241153275e-01 0.000000000000000000e+00
6.804357887346633049e+00 1.453413439932862150e-01 9.707335612079187825e+00 8.918261179411907449e-03 1.779150492343045542e+01 1.358075094610990997e-02 3.099532623253558938e+01 3.614899332342080135e-02 3.663498383423713278e+01 7.068427649274733326e-02 4.294670189905576763e+01 2.363954228350229891e-01 6.397291396219415560e-01 0.000000000000000000e+00
5.848594638727587558e+00 1.445463006364926528e-01 8.443028166729030559e+00 8.288555137771417072e-03 1.868560174207537017e+01 1.442014753990005296e-02 3.768050966381643718e+01 4.788749526716609001e-02 4.607981425591223967e+01 9.091565472603549414e-02 5.599417243845375225e+01 2.709022030823358684e-01 6.477039980368781702e-01 0.000000000000000000e+00
3.969372910357557682e+00 1.431193062826662810e-01 6.719826666930352133e+00 7.558878995545707281e-03 1.490963733361303767e+01 1.114724279017756045e-02 2.975757537473552716e+01 3.422082439516599406e-02 3.698579436845935930e+01 7.135578262850222897e-02 4.523032049756718465e+01 2.418202378625764759e-01 6.261540146949258201e-01 0.000000000000000000e+00
1.252752045250107527e+00 1.413681257741826458e-01 1.987449861311548549e+00 6.318876131173323252e-03 3.967246675860185867e+00 5.689094467268569766e-03 7.353055993444644223e+00 1.256058140330273271e-02 8.757642550461723019e+00 3.697768916134185069e-02 1.063136497920537948e+01 1.875753078635999938e-01 6.529236007673300257e-01 0.000000000000000000e+00
1.285300863764899937e+00 1.413858933052015154e-01 1.853986925270110442e+00 6.300228903244080823e-03 3.336409864505476719e+00 5.556947277778364995e-03 5.679244897613789256e+00 1.194991991149742770e-02 6.648492967423939248e+00 3.600903759433530388e-02 7.070108758954392947e+00 1.853917821432816415e-01 6.187134128484257367e-01 0.000000000000000000e+00
1.332083289325485698e+00 1.414142329119010555e-01 3.078088306481606029e+00 6.505418887715979509e-03 8.130641165731443465e+00 7.060258978422154739e-03 1.648097335537605801e+01 1.835563853512080235e-02 2.021091928730132636e+01 4.612327759658440413e-02 2.459322934873830135e+01 2.022615648289092238e-01 6.531841252212791105e-01 0.000000000000000000e+00
3.443978026785099011e+00 1.427518666122833957e-01 4.696968034517779778e+00 6.891870148612166437e-03 1.050050787017650578e+01 8.227862164051540431e-03 1.971890479227540993e+01 2.141224221785525614e-02 2.303141040604918643e+01 4.938138550690184675e-02 2.608348634914419151e+01 2.044064827398289763e-01 6.441639803129488584e-01 0.000000000000000000e+00
2.057951752716538962e+00 1.418489376584645967e-01 3.789565824767021418e+00 6.659060864815617188e-03 9.579114314548750286e+00 7.740493283662082738e-03 1.845029196506654046e+01 2.015224602963112260e-02 2.200388503871492674e+01 4.814880846066305758e-02 2.556047659677753003e+01 2.036394371996047559e-01 6.267424928153324526e-01 0.000000000000000000e+00
2.137087801270009635e+00 1.418960716986402693e-01 3.553365907620273489e+00 6.605234693474938690e-03 8.877955542422139246e+00 7.398143750383890695e-03 1.730693010983806346e+01 1.908554858297958901e-02 2.088380108340692232e+01 4.686442786950163059e-02 2.345297194891649539e+01 2.006975964169135651e-01 6.449430430024734040e-01 0.000000000000000000e+00
1.766298231179236344e+00 1.416711924930003919e-01 4.090364990354005137e+00 6.731732080232996282e-03 1.269019068098955216e+01 9.556152055940890858e-03 3.102561550767065768e+01 3.619702062526793107e-02 4.134251758155839696e+01 8.021093065015973134e-02 5.385520703612770177e+01 2.646628491579784970e-01 6.551865557412079877e-01 0.000000000000000000e+00
1.185994764356297360e+00 1.413285324327522297e-01 4.904572671668650408e+00 6.950845163886791057e-03 1.884614826119952369e+01 1.457513400212962981e-02 5.177838938737825458e+01 7.996726001003598427e-02 7.292619990209142600e+01 1.727811601046074230e-01 9.601487915288836916e+01 4.298417237218528086e-01 6.529456199706271669e-01 0.000000000000000000e+00
2.362316823859004344e+01 1.667833378625031282e-01 3.264287708970559976e+01 3.421824043911664281e-02 7.051180773312604799e+01 1.313829272924073033e-01 1.501145217998811461e+02 5.801378376174661788e-01 1.919086775175198056e+02 9.693847076895260040e-01 2.427823496397739120e+02 1.698083332821705538e+00 6.530426725313631664e-01 0.000000000000000000e+00
1.264104026114372026e+01 1.511806103950672497e-01 2.112307836744989231e+01 1.822319513649089950e-02 4.692366054557051314e+01 6.149655481031572613e-02 9.515932726922335405e+01 2.410167665953369120e-01 1.191872181634408463e+02 3.984006189167227374e-01 1.452321145781477298e+02 7.351094614439556141e-01 6.483123740291569792e-01 0.000000000000000000e+00
1.742585026155454031e+01 1.572377196023781454e-01 2.399516421261165178e+01 2.159002922878640665e-02 4.314626583364615442e+01 5.288915888741808902e-02 7.089498536172033027e+01 1.393405048776143185e-01 8.120905743425656453e+01 2.053141729732794185e-01 9.342161382956261662e+01 4.171175619750688845e-01 6.294348447690567561e-01 0.000000000000000000e+00
1.280711928887071638e+00 1.413846897138201497e-01 1.333607575433717773e+00 6.235697873252078402e-03 2.694109040732258542e+00 5.442840210884627473e-03 5.253649536279471732e+00 1.181702256206492579e-02 6.779885495868433587e+00 3.606299533610567154e-02 7.781968260565794715e+00 1.857777686488729929e-01 6.551204806747064069e-01 0.000000000000000000e+00
1.807814678397959085e+01 1.581503180689643462e-01 2.758824074632102707e+01 2.638302309964790648e-02 5.028450174786942739e+01 6.975437968302436453e-02 8.651884755149924899e+01 2.014352421951395022e-01 1.020285580428068783e+02 3.022330772546950040e-01 1.202809829621643161e+02 5.652125199893697216e-01 6.352786887530872395e-01 0.000000000000000000e+00
3.050821418395083029e+00 1.424856149133820471e-01 3.818320539397963564e+00 6.665779809421087596e-03 7.395729113503433538e+00 6.755178930066840087e-03 1.315035594396767848e+01 1.575841683604796081e-02 1.559267079637320563e+01 4.164673098289362052e-02 1.798583905005261485e+01 1.940980245313818631e-01 6.508411210714779571e-01 0.000000000000000000e+00
2.619599150407477239e+01 1.713099083012972756e-01 3.690486026490101068e+01 4.181751839303886331e-02 7.794117440732854618e+01 1.591555367381453368e-01 1.684978518485523011e+02 7.272837230118012197e-01 2.150188979822778492e+02 1.206205845018982314e+00 2.694402492190861835e+02 2.044016243138810474e+00 6.560786287179600773e-01 0.000000000000000000e+00
4.732117498421870572e+00 1.436782457750369335e-01 5.696170967702412824e+00 7.195801750594325343e-03 1.008083198587260298e+01 8.000638943236711847e-03 1.703523951934261760e+01 1.884168465485272503e-02 1.875673861173386570e+01 4.459883815107644478e-02 2.086707839050340851e+01 1.973897354237245938e-01 6.462137176357010127e-01 0.000000000000000000e+00
3.100196990701247213e+00 1.425185440054655972e-01 4.056617315808803248e+00 6.723363794661545330e-03 8.101099829037815780e+00 7.047501758517728948e-03 1.608515688513022468e+01 1.801793747495508691e-02 2.034943597085054279e+01 4.627418995532160684e-02 2.509732938853477435e+01 2.029755768808768068e-01 6.515664511986716256e-01 0.000000000000000000e+00
6.389255632466110058e+00 1.449899424137461312e-01 8.842809082165235424e+00 8.479002655859964668e-03 1.900577027849494627e+01 1.473049505294111647e-02 3.836326267807386614e+01 4.921228514095857959e-02 4.757139246389370157e+01 9.451846946823763695e-02 5.770389338686545955e+01 2.760526764570664371e-01 6.544361968340171032e-01 0.000000000000000000e+00
1.919029463538462155e+00 1.417638521115276440e-01 2.911242259072839733e+00 6.473052634073844618e-03 5.310483971783327206e+00 6.036723965246452994e-03 8.739998551969257790e+00 1.317267256882770875e-02 1.011515784859755662e+01 3.771920872889974324e-02 1.168020698954204839e+01 1.883415013435521812e-01 6.172954505941627978e-01 0.000000000000000000e+00
4.601065401758978268e+00 1.435792656887032448e-01 2.149630010912513711e+01 1.863744050753639650e-02 8.101484087827282110e+01 1.714525472341077716e-01 2.121187746728681134e+02 1.144057054397330964e+00 2.926090939873187722e+02 2.196642180993831239e+00 3.879769971499563326e+02 4.012517172367498830e+00 6.205352145343507875e-01 0.000000000000000000e+00
3.468440549940974282e+00 1.427678642477876181e-01 5.252025437681242082e+00 7.054552337523817447e-03 9.206010805525714602e+00 7.555260140089274656e-03 1.570201843814721521e+01 1.769851516093722682e-02 1.774272048334482221e+01 4.359821560565907417e-02 1.993191047353142409e+01 1.962740006282703009e-01 6.530645273388109295e-01 0.000000000000000000e+00
5.775551396260998338e+00 1.444888845752510809e-01 9.563309098388314666e+00 8.842435468997589948e-03 2.171923178345525329e+01 1.756615300063710250e-02 4.283466026692465789e+01 5.846318764588453315e-02 5.210862518803040189e+01 1.061629818351305377e-01 6.130264675361301840e+01 2.873791178276877134e-01 6.534366256089636504e-01 0.000000000000000000e+00
6.227367302363264301e+00 1.448566309562130949e-01 9.570132404806942716e+00 8.845976972906391053e-03 1.913014535311241460e+01 1.485236691904814020e-02 3.664084086996420098e+01 4.591540610417882418e-02 4.572565020547418868e+01 9.007663348859280827e-02 5.585594124013805128e+01 2.704904784059080081e-01 6.421477775877448835e-01 0.000000000000000000e+00
3.648149094042869578e+00 1.428936646689836221e-01 5.160875309144641321e+00 7.026778918006396611e-03 9.472767450349133256e+00 7.687012552450026709e-03 1.697528305777165158e+01 1.878823263921129694e-02 2.045153881703254584e+01 4.638579173259048394e-02 2.409150832880124327e+01 2.015666944592635901e-01 6.491414787345357595e-01 0.000000000000000000e+00
4.173452072818820469e+00 1.432647803978073509e-01 6.976403148564284784e+00 7.658126949403448562e-03 1.460782984610959367e+01 1.091652549382909551e-02 2.919082753688793019e+01 3.336357331680921828e-02 3.667394105361008627e+01 7.075843858773007977e-02 4.559954916748514364e+01 2.427218325235864227e-01 6.391845877589332758e-01 0.000000000000000000e+00
1.145656412954504688e+01 1.498576887531498369e-01 2.477844648694848217e+01 2.257983529785495200e-02 7.280983915006589768e+01 1.396786770353851681e-01 1.627182584599064796e+02 6.792011917064977311e-01 2.097454181431566838e+02 1.149814291895368656e+00 2.689583527343654623e+02 2.037444907824825790e+00 6.158560860811694848e-01 0.000000000000000000e+00
1.825193344859311173e+00 1.417069321471917942e-01 1.557919967635398084e+00 6.261828860822820676e-03 2.924436211833876698e+00 5.481346551072942275e-03 5.238084420081733583e+00 1.181228680044786247e-02 5.913527166422056780e+00 3.572376594911991221e-02 7.450537933478379671e+00 1.855925946027330575e-01 6.473944006156047148e-01 0.000000000000000000e+00
1.484111917236273559e+00 1.415028223561708987e-01 1.140892428829850092e+00 6.215170919594423075e-03 3.262430265471144342e+00 5.542773595046383665e-03 6.188184313399866632e+00 1.212067738250102722e-02 6.931642554541502577e+00 3.612586286397607288e-02 7.878324156286158342e+00 1.858304968910779731e-01 6.477340822159745048e-01 0.000000000000000000e+00
1.692852853055586193e+00 1.416256407004017337e-01 3.350429879057898575e+00 6.561251405343092140e-03 1.056025971510948658e+01 8.260897835356445160e-03 2.213990529769883864e+01 2.404007550352983344e-02 2.619746416508503373e+01 5.351308048910565635e-02 2.983488745384474683e+01 2.102911637943332690e-01 6.480368371118028215e-01 0.000000000000000000e+00
1.710213625310732510e+00 1.416374637706264705e-01 1.816444936081584860e+00 6.295087253601252403e-03 3.721488514197175412e+00 5.635232932811790919e-03 6.769091320698802150e+00 1.233149551019049536e-02 8.026798605323113733e+00 3.661709586323456250e-02 8.977340819240291481e+00 1.864814621198275235e-01 6.486637894949784933e-01 0.000000000000000000e+00
3.284299060912869717e+00 1.426433733111412416e-01 6.222905454302583905e+00 7.376113115481141257e-03 1.391816492313304643e+01 1.040614293207836431e-02 2.716703131976594676e+01 3.043320477094185739e-02 3.298946114466337320e+01 6.406809777102014103e-02 4.110418920622971939e+01 2.322069084532188132e-01 6.190141847871546421e-01 0.000000000000000000e+00
1.159621833942026781e+00 1.413138148538212180e-01 2.053206764244528415e+00 6.328437190929829363e-03 6.017537014541281870e+00 6.256049531622300507e-03 1.293673326039586513e+01 1.561075914882775577e-02 1.561418847501253104e+01 4.166496173086572941e-02 1.834525233594758831e+01 1.944856309803093264e-01 6.526201740562960207e-01 0.000000000000000000e+00
2.377383371832998638e+00 1.420482195232392331e-01 4.963286279421216030e+00 6.968012102348788289e-03 1.362531640786845344e+01 1.019655229783848586e-02 2.305808901148530410e+01 2.511343801080455004e-02 2.529798409085562483e+01 5.228891360208096084e-02 2.674919819677762334e+01 2.053997808453599250e-01 6.215484317451807073e-01 0.000000000000000000e+00
2.971166012920190003e+00 1.424323903018852033e-01 3.779208001973452635e+00 6.656698942656554333e-03 6.265202279261417040e+00 6.338760715868248068e-03 1.042916015546989605e+01 1.404810147704336869e-02 1.219338383637471779e+01 3.903253290805966391e-02 1.377895998139066158e+01 1.900365863871822381e-01 6.558446726658340165e-01 0.000000000000000000e+00
1.364476634393787968e+00 1.414330131798994528e-01 2.323631605340687578e+00 6.370102254786225854e-03 6.528219477834574569e+00 6.429955369528971010e-03 1.298436433122326861e+01 1.564335830048108750e-02 1.467823602297981544e+01 4.088639595403437133e-02 1.611709106417787751e+01 1.921848061390515616e-01 6.433649303159592048e-01 0.000000000000000000e+00
1.566897972474804446e+00 1.415522549388304741e-01 2.047432979101547978e+00 6.327669522003244625e-03 4.744228482467892860e+00 5.879155175758665058e-03 8.145509444156497025e+00 1.289838764733510813e-02 8.864848824657968862e+00 3.703344907503350325e-02 9.227658855151917194e+00 1.866403390025619669e-01 6.224838720276277826e-01 0.000000000000000000e+00
1.251872054118904121e+00 1.413678981487883346e-01 1.875008377502587864e+00 6.303102232134428530e-03 4.327538845450690452e+00 5.773520994070397913e-03 6.836396578262439405e+00 1.235713422697452303e-02 7.624991387990013969e+00 3.643000008836755343e-02 7.443342676809844072e+00 1.855898201011328963e-01 6.217115291497008478e-01 0.000000000000000000e+00
1.135136779357197367e+00 1.413010627562980848e-01 1.727873850347893203e+00 6.283348286480770761e-03 4.876821719168801472e+00 5.914681612413590084e-03 8.508049240276827518e+00 1.306365601403398913e-02 9.103262374162319759e+00 3.715802351667283482e-02 1.061134400253466126e+01 1.875621738525835303e-01 6.205129618896543242e-01 0.000000000000000000e+00
1.133660088699277813e+00 1.412999260920069777e-01 1.991504036513717546e+00 6.319526888728308617e-03 5.704542674382340195e+00 6.155869595760065857e-03 1.090488606524684911e+01 1.432035191372626332e-02 1.281053954625905078e+01 3.946437302059765256e-02 1.359643232654822498e+01 1.898810965789974048e-01 6.374210688892980592e-01 0.000000000000000000e+00
4.841813586750234322e+00 1.437610707278526856e-01 6.530238217505360154e+00 7.487727845855215308e-03 1.230206032667614124e+01 9.303265290742650240e-03 2.215002002212890986e+01 2.405171790737025903e-02 2.614394934833761397e+01 5.343960528241722963e-02 3.048983670933218804e+01 2.113919186727179211e-01 6.317012418923202421e-01 0.000000000000000000e+00
1.363815216916994366e+00 1.414323964316996640e-01 7.847989819373482057e-01 6.182288422393550018e-03 1.588298541324797419e+00 5.294694691153122544e-03 2.067089695939346328e+00 1.110941232360647922e-02 2.100832053456317183e+00 3.467652456958606605e-02 2.292013177476801555e+00 1.834550072400651377e-01 6.311806092341225582e-01 0.000000000000000000e+00
1.222117645626112914e+00 1.413507277599869716e-01 1.361206229067482898e+00 6.238687719369364129e-03 2.858923422777651879e+00 5.470115498301199135e-03 4.443581315034540680e+00 1.158896187919830102e-02 4.288608622159935990e+00 3.518874574882659145e-02 4.454711239315772175e+00 1.841888291050671200e-01 6.247034510861777523e-01 0.000000000000000000e+00
1.578446278446855144e+00 1.415590063717620528e-01 1.839091127160250805e+00 6.298193799873986164e-03 4.212950067667918574e+00 5.745941919893076712e-03 6.969727000657485405e+00 1.240837044440961864e-02 7.547628122296879738e+00 3.639514844600062055e-02 7.702119236199356678e+00 1.857312486272527929e-01 6.281223247237939233e-01 0.000000000000000000e+00
1.405971475003727988e+00 1.414555489057062188e-01 1.989598244199021648e+00 6.319220657782385377e-03 4.921964725663617202e+00 5.926961396668337621e-03 8.670721657140354921e+00 1.313980953669262493e-02 9.202793039893238713e+00 3.721091876968275064e-02 1.015516512103718227e+01 1.872483927158602457e-01 6.326698073429335434e-01 0.000000000000000000e+00
1.777735207501260017e+00 1.416771698858097228e-01 1.960970852809063469e+00 6.315170233515261106e-03 3.522897456450631459e+00 5.593876994458471530e-03 5.919368379890014076e+00 1.202894964695598937e-02 6.563614632770717883e+00 3.597475905756563480e-02 7.720909014982180629e+00 1.857437237851790046e-01 6.444689896629791637e-01 0.000000000000000000e+00
1.339258616035747806e+00 1.414163861933688537e-01 5.985675479087394280e+00 7.293156785130540734e-03 2.591973167301464898e+01 2.268181112387037540e-02 7.891552556771200955e+01 1.696923028406636946e-01 1.172683692478999262e+02 3.869151677081982266e-01 1.598083153670574461e+02 8.487630779775927614e-01 6.678603258882560567e-01 0.000000000000000000e+00
4.668833126491914065e+00 1.436290335936253326e-01 5.965132499575588554e+00 7.286137823427606304e-03 1.067305769339898625e+01 8.323840783323425974e-03 1.866099874340520159e+01 2.035580888603947744e-02 2.138360885535559319e+01 4.742980170040465154e-02 2.427657165626055757e+01 2.018222097466535747e-01 6.579230196951773024e-01 0.000000000000000000e+00
6.070295270609462079e+01 2.640223134283045114e-01 6.303101031075475902e+01 1.082491232975849177e-01 9.154661299710589617e+01 2.171702841065110967e-01 1.629316442448652538e+02 6.809465542397921123e-01 1.917203130601638179e+02 9.675641702663142496e-01 2.285784676631108994e+02 1.528272492967262863e+00 6.846692553092352806e-01 0.000000000000000000e+00
1.049165723963681174e+01 1.488322447242542701e-01 3.236349136394510850e+01 3.375178516636106324e-02 1.154335304277484653e+02 3.414154186867953689e-01 3.171489316516673966e+02 2.537881104052705616e+00 4.603126988573224025e+02 5.365787842302292887e+00 6.050737283129711841e+02 9.439389823360391674e+00 6.595381877153891903e-01 0.000000000000000000e+00
2.060679473777951465e+00 1.418509558957555816e-01 2.967551068837406714e+00 6.483812754324324613e-03 5.599407407172910744e+00 6.123370633333738260e-03 1.010457269046358952e+01 1.386878202661791758e-02 1.148394820798293026e+01 3.856030488349173474e-02 1.233096711326362360e+01 1.888442529830685335e-01 6.723162274979439523e-01 0.000000000000000000e+00
2.660695942935404545e+01 1.720643798230940824e-01 3.083473353949612772e+01 3.126863817659649575e-02 4.680075031180160039e+01 6.120513133954724738e-02 8.070772550331219009e+01 1.769142592634402045e-01 9.106205378064126421e+01 2.484805993176769090e-01 1.027635549155052246e+02 4.645369858238843630e-01 6.858384961071433139e-01 0.000000000000000000e+00
1.349077040720739085e+00 1.414228266322576921e-01 3.461860133059810885e+00 6.585152679976627454e-03 9.554963052515052624e+00 7.728305032141094891e-03 2.245159663251459747e+01 2.439977419708992679e-02 2.717614836639187814e+01 5.489233664919600242e-02 3.006179865889437863e+01 2.106691256981200744e-01 6.952698443751630375e-01 0.000000000000000000e+00
9.246563464447360658e+00 1.475770138417206445e-01 1.214481340913111929e+01 1.035797130634275552e-02 2.435842185225983769e+01 2.067722744683564429e-02 4.795265532313209889e+01 7.027907281209484769e-02 5.367046897914776338e+01 1.104085467464081954e-01 5.950291564120649213e+01 2.816343758984617973e-01 6.966232544208068589e-01 0.000000000000000000e+00
